customer_id,cltv
1617b1357756262bfa56ab541c47bc16,13440.0
ec5b2ba62e574342386871631fafd3fc,7160.0
c6e2731c5b391845f6800c97401a43a9,6735.0
f48d464a0baaea338cb25f816991ab1f,6729.0
3fd6777bbce08a352fddd04e4a7cc8f6,6499.0
05455dfa7cd02f13d132aa7a6a9729c6,5934.6
df55c14d1476a9a3467f131269c2477f,4799.0
24bbf5fd2f2e1b359ee7de94defc4a15,4690.0
e0a2412720e9ea4f26c1ac985f6a7358,4599.9
3d979689f636322c62418b6346b1c6d2,4590.0
cc803a2c412833101651d3f90ca7de24,4400.0
1afc82cd60e303ef09b4ef9837c9505c,4399.87
35a413c7ca3c69756cb75867d6311c0d,4099.99
e9b0d0eb3015ef1c9ce6cf5b9dcbee9f,4059.0
c6695e3b1e48680db36b487419fb0398,3999.9
926b6a6fb8b6081e00b335edaf578d35,3999.0
3be2c536886b2ea4668eced3a80dd0bb,3980.0
31e83c01fce824d0ff786fcd48dad009,3930.0
eb7a157e8da9c488cd4ddc48711f1097,3899.0
19b32919fa1198aefc0773ee2e46e693,3700.0
66657bf1753d82d0a76f2c4719ab8b85,3699.99
addc91fdf9c2b3045497b57fc710e820,3690.0
7d03bf20fa96e80468bbf678eebbcb3f,3597.0
39d6658037b1b5a07d0a24d423f0bd19,3549.0
e7c905bf4bb13543e8df947af4f3d9e9,3399.99
0b16ce67087d02bf833c807e82b1992b,3300.0
a7ea318cbe9df2ec79ab37cd7ca2135d,3198.0
46bb3c0b1a65c8399d0363cefbcc4f37,3124.0
26dcb450c4b5b390e79e6d5d0f2c6535,3109.99
7e7d2271d6f55b03b0bd4615c5f2de6e,3105.0
a95f4bbcf95262b073e4afa481b59ff8,3099.9
71901689c5f3e5adc27b1dd16b33f0b8,3099.75
803cd9b04f9cd252c6a83a2ecdbc22c3,3099.0
3c7c62e8d38fb18a33a45db8021f2d69,3089.0
10a86619816f9d2afce3f45b04aabc71,2999.99
0a209a88c2e3dc2981c79ad85c558059,2999.99
c03dfaf5db49d8583edbb5627f92058d,2999.9
3a4e4932f3e6976dd966f1d3c044d49e,2999.89
fd78e5e3abdc375368456fe738694c00,2999.89
d7c94e22bfd332eb29b0f5badc3ce103,2999.89
4312e816d88fa8bdb6246878f61cdad5,2999.89
8dd4c93bfbebe2a77657d46ef959a7ac,2999.89
101c8d91278c4de9001566d27033f673,2999.0
c26acf0451e0f8ec1f5218731b9a51cf,2990.0
9d4ba8752b5b737f45da0544b669552a,2951.0
6152fbfc8a92ee25fd821740bd33b089,2920.0
f7622098214b4634b7fe7eee269b5426,2919.4
a244afc7a1ec53f1aad296d1cd6e91ba,2899.0
a5c69c3bf293d341b6a56a4b7307c529,2899.0
f41666558f4e35056a445c27c2ac3d8b,2874.0
1ff773612ab8934db89fd5afa8afe506,2849.9
9f9717a71bd8f6e5600b4faad20c20fb,2799.65
1be0dd2f660a5a04ee20d608075f1b83,2799.0
97dd9c6923b3237b650f1f4f3f2145ad,2749.65
fced842c7dad61e8ce47b49229659718,2749.0
8e2c57611e09e143ec4ab76e38033bef,2740.0
08dc68ad9ab343289844fa36f6963b8f,2700.0
5f87c05477db2d22c63b718299c9c03e,2700.0
a8f345f82667eb421151dc7626147636,2699.0
55fd5d10a5036383fe19af015d2e5a80,2699.0
3f083b9f62e687be8d84684c7d54c8db,2690.0
19365ad6a18ccf1baf6eb71c30651096,2690.0
e5df9583ddbe3f4f3857d9b667dfa609,2689.0
2e0339ff984d6f41f11dfdbc7c93dcda,2680.0
8401401a8752eb431189e021b8009e37,2649.99
695476b5848d64ba0875324c88390206,2649.99
3690e975641f01bd07ad635f03dbb894,2649.0
b1c28f9b72d07054b64d09e487b5021c,2649.0
b177ef267a4377b77e0620d1a7f08dce,2649.0
0c5292f5e3690805390efddf53935915,2600.0
349509b216bd5ec11c5fae929fd13595,2589.0
e9859fbdff7d26c36c228cf60796e844,2589.0
1fb8ff22dad231d26fc7ecde2e2dc27a,2550.0
53e644c7c57416bdaf0409e656ee8b0a,2547.0
7e95832184f874c220b8ebffa750837d,2520.0
1ca6f90a61cf75c002a0d690261a0e4c,2499.99
35698a7b9ae42369b9f45a53000f85f3,2498.0
03a6f3a3935165f5d26f4797ba6039bb,2492.5
279ca766397588e704abddd56d2dc131,2470.5
9537f2addba8448428a3fd1a1add0656,2470.5
9c5d7103954595e173781530b10d02e4,2433.6
68f692d1f39843a16d9319a7306b6b10,2428.0
b76816b61d8043a98db57875437da6b5,2400.0
cdecc5d1f7fc375b1138e8b5f496fd69,2400.0
cb3724d7cb7db46b65cfd1e7c16c0df5,2399.8
233d97d412c7f4bb8d857ec922c0317f,2399.0
30ab7e538292e6130a456c371778d595,2399.0
177ba55869da8001fcca079af0b85832,2399.0
b9da524b08224eaff1bf76ef4d4299ac,2370.0
548692bdcbd6e3683ff306ac9d8418d6,2350.0
2b7ae7a532ff538ce88f6bfdd2cb564c,2350.0
f2c743697f9b2ff2902df23a16582d80,2338.08
f08306b95370e8d5f0d97b71229284b6,2338.08
3696afd6fae4a1f36fcbc3db8f3d6640,2338.08
e683dddabd8f5c3ad3708a3364e932f8,2300.0
f767e7437c3aa2c044523c0a6712380b,2300.0
6f18119032437dd6fa1c7df272d2d9e6,2299.99
d791834a0555c0062e98d735083f4373,2299.95
24301c6ce48874a51221d4e5584a7885,2299.95
9125dbd39c45287dfab9207f3cb15075,2299.95
9cf0a858f5f153406bc333860eb23e22,2299.0
df358a91acde222cf3330baac5cecfe7,2288.0
b18d47c9116d2a106291aea1abfd3f04,2258.0
6b66c3c14df21f07ea7f57fc8af6517f,2258.0
174156b68563868e1ed48408117d6df4,2249.0
d1447849bd806efd6282988355588728,2221.0
2af96708b3cb29cb4e21040fc9432988,2218.0
8cb5d5e180e4dbdffdc4af261b618790,2200.0
72e0997496700af1df41815ffced78e6,2200.0
c3ab6358d2556844d38ed5dbab0b41ce,2199.99
06e107f212576eccb2e2adc7781c9705,2199.99
722af1f4b57a5d7df147069ad64c8361,2199.0
10066d6eb46dff8e73177532e722e60a,2199.0
b7984401569369a9695e7d3f5c66c4d1,2199.0
1674724f5fe22d2cf3420bb5f2511c9a,2198.0
88bfbe93f1c2d378de7fb22d588f9661,2179.0
244c28a20f4b7a3ea164364d7a3432af,2170.0
64db2343d52d9c28c5b8a94d08352a3a,2160.0
2e9ae3e10bcfcc16fe0eedc2ac5f9f6a,2160.0
f4db56f354c71370b4d5dbd25c78b248,2159.98
13c520253ccaf41623e063d5e81c4d82,2150.0
92a24fa199710ba33bab157e838a86e7,2139.99
448fa305155e5a7e114440aa71143832,2130.0
75ca64dc8e37ef74840b9c5975c29fb7,2120.39
038040c89822d9d8f9899972c5673ef1,2110.0
7b6ceb73c7d700281dd1a2fc3d616128,2110.0
c9fca216d2d1ece33dbddf9fa36eaa9a,2110.0
24348bd43207b8fa492c929ab6cb1fb9,2110.0
73236a0796f53d60d4530e30df0cef8d,2110.0
462bfc136787eae6609ca5890feb3e02,2110.0
6d7c040dec6d2f6da6a63929bdec436d,2110.0
10e925f935d8bfe0a9edf39378996fd7,2110.0
dd43426ee4923b0a1c0dcd48cc1ee36e,2110.0
e69714d6b494f7279512327ebcc01889,2109.9
6361b9f3b85d41860bfa28292e052bde,2096.94
f1539aca62cfda94501933977e2d651d,2090.0
68d91c479bafcd184deee1cce5582243,2090.0
c04734728558c8ad7e4b1db771fde5e3,2078.5
c3ffeaa392284be251124a112629c41c,2070.0
f1ae10afb8ffce973dc435056dd3634c,2070.0
4f6b63ab9179d2cae7d2b9be48c33271,2062.99
2b5734a6ed90ad9c1ae03b178a28d7e7,2029.0
1ad8bdb3f2f3403ef79ad8d80dc8d425,2029.0
e000c51c02fb75809f4f2864f87fcb12,2029.0
be1b70680b9f9694d8c70f41fa3dc92b,2000.0
681e1722bde7781f6fba4cb385af0ba5,1999.99
98532992427099604afabf482a6e476c,1999.99
50bb775cd30a21ae108d4866abb6d9df,1999.99
c900b2707ddd00c2ba5fcde30c52ee8c,1999.99
bac7b04d729fa677b66ba672c6d4508e,1999.99
b34d6bae5e0a3076568c8f04faad2c26,1999.99
95388d69f3c29e5f8a570f9b9b3a104f,1999.99
f00870f85b77deccee72bf3ee280785f,1999.99
881ce84e31c104592c93a2e730cf69a7,1999.99
d48e06972235c6510cc66cebc10ab77e,1999.99
fc01be5a07da7c0f32af1ffeaf716e81,1999.99
f9e3d57a81a5390d5c19d3d6796ab7f1,1999.99
91263ec82ca46a8d1ef6d2f0e07cbc46,1999.99
7dcff1457b8b742e76bd5eec155d2ba9,1999.98
591056a6022efa0e68acb35c04aa2c2e,1999.9
90f95d8ee6174e4409aeeee472735afb,1999.9
730ec2ba3a8c9b4ce02b938be8b61ac1,1999.9
a43a550af53ee1ce07bdc3ece23eb7a9,1999.9
c9aaa3f209648a958d0235415a9045f0,1999.9
cd1822306d5e43d356c576efdc0eadf1,1999.0
04889e0130acf2e7b2de087d02994ce3,1999.0
a023e60d1438c4241673afd111cd1cf3,1999.0
e95fd5cca40cc862687dda4846f9ac00,1999.0
c6e4affe776c84f449dfe5de63939208,1999.0
d854800a320bbb07b484f76894e4638f,1999.0
b83ef9a2dc0cb8e6ab7c8db9d3ebce24,1999.0
b7a4690ba0bc91f249bb7fd25b3be748,1999.0
3af6cebe5d3701bd4f3b5fc04e34acc0,1999.0
cfc025a164a95cd7206415925d71021b,1999.0
f800529518f024fb68b8a716cddbbfe4,1999.0
5382e619221117fc8021550996a4e417,1999.0
b2a89e46355af5dfd2f26b450d97a014,1997.0
f54d024dc9788318f1b4e2ef9c80829b,1997.0
b30e4f64673460bd0dc5c76eb312267a,1997.0
e215081c5233958b3ac345346676f7ab,1997.0
a1a52dda6ac52aee936ad06712027b83,1995.0
e07f0f4cab25170d8b2d28cf80a38370,1990.0
7befa76e61226aa04ca6b28a5f00d640,1989.0
adbc189e955a3bf544172851c2160b1e,1989.0
44b701cb9a97bd1780bba0d1233d8d12,1989.0
d5c70e33b26d11965027895a8e8cb748,1989.0
a983c02db2326fbb498f173d0d9fe068,1989.0
466dcf5fcdc7c7a8a4bfebc7ce59b281,1988.0
48cb41a28af5b64c305fe8c1f1adec3a,1980.0
99ef3b28b2ab64bf0a00c2a5c9bafadd,1980.0
6db251bad58edca6d53d44638936741a,1977.0
bd5d39761aa56689a265d95d8d32b8be,1974.0
fdf0fe7cd1365ffdcbbc3b95273a20a5,1970.0
185830935eb09d19b034abbab645177c,1964.0
27ab33d6c14857fd5dcca0c26a063d3b,1949.9
1d088dea8732788ec35dd4ee6dd76112,1934.0
e9bca2aac8f400109e997596326d9227,1917.8
77d697d535b401291fd2a9efe2c9544b,1914.58
7b7f18d5f94e3c25bd66ec35e87383f0,1914.58
cfd6f06e347f3a8389a5fc487a6a3c7e,1899.12
aea2cf4df1922144129a0e8c2353a8cd,1899.12
0288ac534f6ba035350df2527703ed47,1899.05
cb2c06446ac914ce396dd4ef8561a4f5,1899.0
019200fa574c9eda0fbc82c71fcc8fbe,1899.0
c60a729ffd1915e57d9ac6ef86553af9,1899.0
1d38e09bf3ba5793913255c5a736c6e6,1899.0
dfabe2a9f4e2fc9e248eda9e0d80a369,1899.0
fcc823f0ae4f596e54cd461c145dfd5d,1899.0
f21be09ed30fde5bcd335c7f3637f128,1899.0
068830daf2867cadbfc655e6a413388e,1895.0
6a37a9c7d62108c3bbd5397b3b0ccd57,1890.0
3dd8ceff216c5048e53be249aa622709,1890.0
da0e3c0c74aa558e9db33c5e59dd4570,1890.0
afa337470e2e86d962cd960ac3bcacb9,1890.0
652179d9b584aea5a6de577d7e707513,1890.0
38fc30b75b381342c67d25e2f11ccec0,1890.0
9da31b8e8f438421c5a3f43b0b7a7e3f,1890.0
638be9d39246650868db07d10456527c,1890.0
c0101b91cb49da980a14e5eb006ab394,1890.0
f15f4f73e287b4b7888e4eebc800a771,1890.0
393df32d466d4952412196461ac05d52,1890.0
4d175c61c1054192238fbd35a5e4dcfe,1890.0
3b34eb193a790f18c1952eca8a964987,1890.0
78f9a490b37c9cd175cd731e24e9b598,1880.0
fb7c663bd0931abefc7a84181a9e7f24,1880.0
e7d6802668de6e74d0d6c56565bf2a24,1879.9
fc60ab8252b98a6e60c51672d7853c7e,1878.33
1217bf0350d846210fecc72bfa663ce1,1859.97
9f34131462cd5edccdc9d4db9f7d2bbc,1859.97
e91409937a0fd26a57310548858d1762,1854.0
f19f11ddfa4f4d61154a277408a98d0c,1850.0
787f1bad1d98254d7d9c7a08dace9559,1850.0
7dacda3efc762f10146d7d824846c015,1850.0
c4323ed2364aa7cc92db81c5fea0007a,1849.9
86be5e5905f155c3f5df8928ee78cf54,1849.0
ddffe99936ec5bf99f1ea9ad22fde3eb,1820.0
b0609e4e1e28ba6d9744ab92d21c05a6,1815.91
d7c6f5abd3a5d2d8104fcfcd7d532537,1800.0
349f53f02e5fd1cf1a2a9c7faf422363,1800.0
5c51fe11e0c3a016201653955c6090ee,1800.0
c622c9f760ecd07e8910f01da1a8efa8,1799.0
8251d516855b284bc530f8582a1371d8,1799.0
1e12754604af85397680cb28482f73a6,1799.0
30c8445ed3d74b38901bdc6dd9d90e9e,1799.0
ee517d3a38e003aabc2dc2b08a0bc6fb,1799.0
789866f98a4d051812a2ad7e9c2443c0,1799.0
853dca88fd662dc5711018f1f7932a59,1798.0
7cec2ad3ecf1b10ce543161225a13a97,1798.0
b44a611059f1fdd8ddcdaea0b3f2483e,1797.0
c69a08ef1c07bde2bbcab44dce1bd0b6,1797.0
727ab4449f530b9af13f40fa8e528bff,1795.0
78eaf64bbec5be698446f147a94ff08c,1790.0
2353f5b23c907409f668b09d1d2fb9e9,1790.0
0ef4273145d74465c180b6a9fbb9799b,1788.0
cfebfc0e3c40c12fa6153e1e76d2685c,1788.0
7085964d18945061bea7d21f3a4f3c1e,1788.0
2612bdea8da13840fcf41e580f3aecc5,1780.0
7a58ad4933a353bfe3152b324b6af16b,1780.0
1a5967d84c2fb8d6c22c6eff14643058,1775.9
674a31639c206a92e7077f033dcd56b7,1775.78
798c892185a68de46c66da84b8c3031d,1775.0
0dc8607bd2a9e3ba0f6f779a34fd8f1b,1769.0
2d54c241a27d5c40c9adf389868e0995,1767.8
d057951b2e010930970d111b015bc37d,1760.0
4bec6258afa662db2ba5c04e01df955f,1750.0
502e8addaeba926b9c154da9f3bbbecf,1750.0
d88f8c26c57542970a3db88923164c9c,1749.99
dd265b228bcddbbb6142d6e9298da605,1740.0
7b4af48119080837db56a8c7d53ecc08,1740.0
800631fef0a782c3a8efe7d8071df64a,1737.0
016025d2b068f90498479376f9bfcca1,1736.0
0928c1a893356a97b2191a1e812c9914,1736.0
c1474a24d28e0702ff76d03b5fd3bbe6,1735.54
6141c2f0b2588d5a833cb947ca6c1a9b,1727.0
3afe43b81b0d102b2ca5138ab53f418a,1718.0
3b6fe3d556f810c109eb9987775e8aec,1704.97
97697c5f77b484cb0cec9eaa81c679d5,1700.0
17a124500c28c0202b563d221b84062b,1700.0
7372fb39ddd5b2bcfb9466a66fa69dd3,1700.0
b86c6a1eec592676b0ab050e49a54c20,1699.99
f7979c0a310f63a72ea83fd0f2c1de82,1699.99
ff1b3169e72d6d5f7ec72eb1d232e2ce,1699.99
399c706d8c2c93239ebf9f0287aad6c1,1699.99
faac83b2c331891dd609c7b3626aed85,1699.99
7606fb21cf20a7b04dcafb032d1e9ecd,1699.99
9cb739dc712ebd193e4eb94f3aeb8d20,1699.0
a9f4551ff7d2289c309aa713c0d26cf3,1699.0
d27699950318f5683014e2d58dd75cc1,1699.0
10342b679b1e6bca244ffe405d8b3034,1699.0
d5dfe91af956d7349cbb8ef18653c6de,1698.99
136531654012e2483205dc3be3076c58,1698.0
5b826d45bac1f4475b031f62e649668c,1697.0
2569d6c5ed547bf0feaf37e32677fdaa,1695.0
e1da85c44ec16ca1c253fec643d257ab,1690.0
b127f98da96cebf7699050a73d8826d9,1689.0
25dcca1d4dd5e5ae818c2eb083b3d177,1688.0
ddebb2c1ef54d5d045ebfa082cf869da,1688.0
05748049eafd0da8f0a37ce5cda4dce2,1688.0
3069ea492e72b967405163189ad0c29b,1679.6
72dc419d76a248bf7709fccefbf4731d,1672.0
e464bacc73c48134f460e289a5f0baf9,1670.0
9f494ea8a1d67d1e6e22813311751679,1670.0
f3f7e581618408da1e8d5ebe236082b3,1669.87
0e7728da0deb73f150ac54bb55a2356e,1663.0
a56e946b1a51b5f351a804c5a3fb0a8e,1660.0
a010fb2d681cc3221824b1d1d127e59c,1658.83
b45ea9acbd0aea9a6cf36bfefb9675b6,1654.44
d7dfcfd41adf9bb80e3f2838b3be52b3,1653.88
b8413f7f4483d2539434ada199471a33,1653.0
aaaa1ef4f90f3cf6cd099870ea77e99a,1650.8
5c9d09439a7815d2c59d2242d90b296c,1650.0
ae32169ba42b71cae81b26a243c88254,1650.0
b0f06b1979dedd3f28f8f0d5e4ad08fb,1650.0
7c3c95a24ec40f62f817a4b46fa1130c,1649.99
4ee7fc32553f4f1cda85112b9a2719e3,1649.99
4f24e59afa7758f83c982b1186a14ccc,1649.89
91d5a00f873221953fecf0445846876e,1648.0
0b873e99a8f0f2b3432d1678dc3fd2a0,1648.0
d72181923840c8895462ab0fd7937918,1640.7
7df3b87f2d42e48d389aee0e1922111b,1635.0
ecb76cdf1d50c4f7e5395c07f1edf46a,1625.0
415c13b4489f9e0714a91d93d347f924,1623.9
abc0fa957347a7c2e0e03ca51ba0d413,1618.2
54438b94370217a9ec2bc0a5d8ad8871,1610.0
90753daa6413261a983655426ca2ca9c,1610.0
983ae657212d91e757e6413c83d2c3ae,1609.9
c98bc4064c2da2e8f87a2476bc07a5b0,1608.99
4c8f87ae1692e8e9cb90458557bcf4cb,1599.99
4442ce3a2d4bb4bc6c5752a8dfb37806,1599.99
812620275ae6895f00773306dfc75769,1599.99
17b48c3c14659979aca9d9bb5e057dee,1599.99
ed7c9514731cc85c9cd18dbf8115e8b0,1599.99
b95975b682b09a1890557a1ab4021873,1599.99
d1f24011654af00df1a8326c6cb8aac1,1599.99
a2593be583c3bec897ec5664bb6e4770,1599.99
ec5637e1b926c79b5472bd41d67882f8,1599.99
a58973d74af74554a3396964dc19c1ae,1599.99
3c12c66685930cfd507eb4201111b516,1599.99
94167b0d4256412ff0bd9e2184e32f32,1599.0
ba160084e4df378993113c061b5fdb9c,1599.0
76221599b5047cd29f7df811370e22d6,1599.0
e9590b1476593f300b06fa2216af4c35,1599.0
7adfc76578b9a1d88f2b3f7b45d00e7f,1599.0
89c46cb52627885f021d66d9af2b46fb,1599.0
ab85c1abaa5e143a652cb4f298fa5776,1599.0
b40a20f4014af9d16d3239b690c5a626,1599.0
9d5b4e1c9cea65d80c0d229f2f51f8a0,1599.0
c9607e9e58a2fa52ddfc9049b12e6cb2,1599.0
2219bb6754bfa36cf2b30d3de337ec81,1599.0
eeb4e8c7ec332a97a5f407a634f69cdb,1599.0
e6c386cfd321a1708aa60ff6b8f46449,1599.0
e3e4e76e7ffd5eb15e29a7a18c5560d2,1597.35
9b9681cfb00f0a6f1723cd1d4f0be965,1597.35
0fca9e1dfa39a880a6f0ec6ecbc774ad,1596.0
90f0014eb4ff7a436c6505ac7dfe2a27,1596.0
73de624c5fa35f4c6207d7fbd1f87c3d,1595.0
c4c271a679216c43812602c08b2104cd,1591.2
9a0554df88040ba929121aa2f66bff47,1590.0
448e41e75cc937589f669fdb39577f53,1589.96
9ac5cdcba84c5425f84b159685728624,1589.0
135e503efe2b8d5fdf89541557c5aa37,1585.83
74be082247cd677a147d83ee670e9d53,1570.0
37eb443380c8aba9174ef0dbe858fbe4,1569.8
ad21255ff9650ff11d50513eff3eed15,1561.0
0bc92ea0f454d4bce3665b5716cfa58d,1561.0
6d22de51ac143b9d3c0f64d53788ea12,1561.0
800967a7a5167197fb9b1d50a2ef8075,1561.0
0c792d32a3251b4f69dae8646dfbedbc,1559.92
f6a8aa90561b6aadf46587268654ff4f,1558.0
b97669f12cafebbe9441bf4af0a8fe2a,1554.0
7074bf81824d0b653d0f13bc3b846c18,1549.99
e54e09bbe2be2674c611aa7a6456a8e7,1549.99
daee6b701a5a602c82bc88c89b25e03b,1549.99
4fc9e35cc1c1237488346652e2487231,1549.0
14d2e011f94561a55aa3a97e0deff19e,1540.0
8a71eb0a0092b48c6cf685f059bf0940,1534.9
9a2dd61cc19001c3ace30736bb37b2cb,1520.88
67ada02dc1c10400e1bd19e1d84541ff,1520.0
42c0b09d094220a110c0e0e941f76f06,1520.0
cb87122c4871e202777cf243fbea2d12,1519.46
8d14023e66eb2ea7ce18fd20e4985b00,1514.3
73a6fd83d86ec00cea2c16a45be6a8a5,1514.0
606f7c772e826808d23dd8c1cb343fb3,1510.0
a8416fc432d7c6de9f5ac20b3b713e4d,1502.93
ee71738b499b48c62028729cc9fcb5da,1501.5
d24e7b7be23c2ba1000d85d181c968cc,1500.0
c7eb06383ae604616cb4c9d36fe6745e,1500.0
89644ae442e654506e57ed7604a7ec73,1500.0
ca90771e164c2fb0236f757caa80e13a,1499.99
227a79ef99a0af837f323596c76bcac2,1499.99
42ceed495d827c53515fdd269934ed96,1499.99
d0e4ede0ade3adc750a7caa060dfb000,1499.9
144957a2e04105304fc865b8c59e13a4,1499.8
774a93f58af283167817a7a186680553,1499.65
3f0b493fe107e4453cc7c9e7a8f57f29,1499.65
e0e7ee625cb2646f1049f7602dde6d37,1499.65
134339079e12e3d40c72a5c3025c021f,1499.0
cb2daf3eedb65b061c0db7e981660829,1499.0
a2ea4194defe74e061e09d5edae0f67f,1499.0
dcb1185961f747a1b343ad31c2baadfe,1499.0
8e6d1663d54c1c7aac1cb0bae73df8b4,1490.0
61a7c7e572b59b43e4949306cc785b67,1490.0
0938950f35a397c0373882168b080808,1489.0
61691ca23f39f8e8e2d01afdc2f00e41,1480.0
bea0b054bee4fb73d7696824ab10084c,1479.98
c330f7967c92a086239c675991cb6aa6,1476.3
75e945badd2a39af63ee8c8b05af8fb3,1467.8
e52b71f689001defd2ddf659c41e7324,1460.99
72892c89f327bcf5bdbf99b6be13eb5a,1460.0
b275c7d392742ce887821e789281f91e,1459.0
37589709e8da3fb3e3835c7c7b942de7,1458.99
ec56b6bee3c781e39de8d735fa29f1c7,1458.0
6d810c063cf4f8b61034a89103ae9cba,1458.0
f19beee41a937253515eac4b47aaa81b,1455.0
df2af8efbfb8b719e19e7e08d0017759,1450.0
729b15bf469f3b62d400f30ad18e7395,1450.0
5482e393d424f7c7a91385e62ff29fdd,1449.8
1dbc055ccab23ed894267767e268e8a1,1449.5
08efe453abf9faae610fb606c1d7bbdc,1449.0
15a4891890d4d0a7262782ca51ed93a6,1449.0
1979a929d283342dbba6654a2e2fc4a6,1449.0
86bf8cd37ddc4f324fa6d2c1607f443a,1449.0
bf17225a188dcade4977ee362920d1b7,1440.0
a5252e81424e5fb2c7ddf01256cf94e0,1437.0
bf5b4a36dd34728d4ef30e6085f22ab3,1437.0
3faee0bb2909b67bc79d9f5650f728c2,1437.0
0732c0881c70ebcda536a4b14e9db106,1437.0
72a4878a79935a45e5acec3b541af15a,1437.0
d1ea8164411774eb6b46718f894eaace,1437.0
281fb8b9868caf9889214e5a8d56e271,1437.0
7afdb6b1737919a448daeb749ee49758,1437.0
f6c39f83de772dd502809cee2fee4c41,1437.0
547a0b4f2de7e4276e3cf1c92f15dcd6,1437.0
51478fa6f626871ba9023c80585e4952,1437.0
e6db53dc3619628a8e024f3e1f4abc86,1437.0
fe5113a38e3575c04f5a3413100d4e48,1437.0
687f63c64f1b99fbd97d3d1e940c781a,1437.0
7ac99a97fd540a8add7900eec14ecc2b,1429.9
7e779aeb9722a44ac85680883c9ee20f,1420.0
c3e330dca0531fa7992cd8aa1628f979,1420.0
f716918648ce7de63976aa640b0c885f,1400.0
4433a42a21cf55f9f413f4063c244dd4,1400.0
1e43e8b919aefb09fc5004e3b46a14ef,1400.0
318168026c8d63d150f69ebd54c3d887,1399.99
2f602347f836fb37d192a2bc4798a471,1399.99
1ecb47d23dc8203cd101549966ee942b,1399.99
4d878374bb178e7ea50dfeb9e269c7f5,1399.99
b829375aba0fe46daa0cae92cfadfa95,1399.99
3f4c1215f72bf4746c1cb05b436e64f1,1399.9
978fa5a467a746e14b62c2cbab1a261a,1399.9
c48f80d49ae289dd9a54abcec2ba76bd,1399.9
14f1aa9f09ea57b04d0cedf0febb33c4,1399.9
8584b76166e1999bbcb0347b7e8aa5ff,1399.9
bc3d576cf17f2ee6476cb6f8d34ffb54,1399.5
68ae86b97d6adb244de7a0ee88a7585b,1399.0
e1e09210e58d30df8e147c5a53eeaaf0,1399.0
4a438a83f19e019e648366017858bad5,1399.0
a9dc96b027d1252bbac0a9b72d837fc6,1399.0
956db7328e406f8d4ff14c4763d8956c,1399.0
d5f904394797111628341b09859b9033,1399.0
3d8d6040155a88249b41c00fde1e7629,1399.0
849f4c3ce60179d983c950271c580b7f,1399.0
403c76bf4d3111f8c5518ef8ae0349b6,1399.0
e36e321d6221a2d35b686a0ae10b4323,1395.0
f6417110d62f24e1b4cf5a09b62ae4be,1390.55
4aaf2e132ff894de3976a232d80ad20a,1390.0
9e73bdfbdae3df7c758e2c049c16265a,1390.0
7e316274286ef7d20ccf81dc106594fb,1390.0
250dfa98c84cdde19347af0428388a8c,1390.0
ffc0c21bf66cb129c62d8f89ed19c26c,1389.99
b4d23b30963fc02dd0e8f2ce917b2ecc,1389.9
39fa7824ffb1f851a35059b1329d3d6d,1389.9
4f0da4955b04c7b24168eecf63581092,1384.0
7edfd764e07775e2990a885b60f84141,1380.0
d332b2c8f76002bd5b5f7a0aa166fc25,1380.0
088d20d5878711d537176871a6e850e4,1380.0
d8724f5c495f80e4e4cf56b8be67668d,1380.0
603564505956f89291ccd8427a206a2a,1380.0
4a60b2ce1ee8c7b828e4bbcca5b86b41,1379.0
797472460f0cedec7cf30016d1304f63,1377.5
5ef96fa144b65e2a90bde1f64b2fd5b8,1377.5
f0b595a446e1c9dcfe68e3cd35d7d380,1377.5
7af79c8f9ecbb3aa777e5688430cc480,1377.5
ba441b699aeb3bb9afd7ec9c732ec617,1375.65
214c9a1e18b8592e8a56bfcf31514b9b,1375.0
73522d9ec5b4e4b71550fc64f77cfa27,1375.0
e2fbfd87f1077e0bdd44a5adca62c65f,1375.0
e4bee874d6368c127e7ca2a6fd7545ff,1369.9
3d4bc7f585bc0534e4a0c00c086721b2,1367.7
8c20d9bfbc96c5d39025d77a3ba83d7f,1361.89
6f241d5bbb142b6f764387c8c270645a,1360.02
728b0d27ba5108af500fed741b7be449,1360.0
ac5fce3f511bfbc2099eeed240a1194d,1360.0
f428a58d33c31b091c8ddd33ba2362f5,1359.9
a315cd43cd43a1eb3c0f4d21d65f6628,1359.9
09e3aaa17d44116c17b6627e5e9630d7,1359.9
010be179fab38706ae5cf77170b038e3,1359.9
6c9248ca8a88d31092ae006ff63b12a4,1359.0
dc7cfdba05837cc07d53bf3e8ed07da5,1359.0
41a940125f7b30d8219a2672baba478c,1358.24
9d542a8821d0d62a8e1a21d61781b90b,1350.0
7a40171d9866d44cdeb70537d2727fc6,1350.0
94ac84bc898f972e862ef42c86ee39ea,1350.0
84e3f5e3a5b64618391c80a3df331d2a,1350.0
0edc831063e713610ad25d10ffb74848,1350.0
2131f859f33715756b10efb97d873a85,1350.0
897c8801e3fd285ce1196daed5ae2de7,1349.99
fa4de7819dda8ca15bf86e413ba6473f,1349.99
ed189d4d749b9877a2aa93d9d32f339b,1349.99
cc9e69978aa877c0442093a193254a67,1349.0
360049d2896a80d7e24f60c1deb01ebb,1349.0
284e326e8a71e55bdb0b210ddfabaa27,1349.0
4227cf6df4208d3ff1ce0aaa14e265a9,1340.0
efa2729fe65e29fa63ac050b9f9fe3df,1340.0
3a486addcf71802e8445e303ab0a09e3,1340.0
96247f13c0086e9d96b945227b7f8f25,1340.0
cc4fef4299b231a913af5205feed5e36,1340.0
d64c957183fc8d75e536e89468feccda,1340.0
079e85f42f5af80c74240b97b7a4dee1,1340.0
31c45b49a140bc7c8a9bed80e74e8660,1340.0
344ee65ac116bd585ab8ee04a18597e5,1340.0
219206b4c12d07b51871ff11895c2351,1335.0
60c3b5e9a49680687f57dec245ff4878,1332.5
809bd95c2a1c148967634227e843316b,1332.5
159132ab31eb3c8a1061ed18967f720b,1330.0
7c551622beecf95bfb83f5dfb921191f,1330.0
935b0e35c27eff20b89b6dfe7753d31f,1326.5
92f640eaa92da7fa7edc6ea1cdd54814,1326.0
693d7169ea4da2b4cb918c2c9b7e290d,1325.9
3689abfed7e332a5cf585915310c0056,1323.0
e84f200509c18b8bbcd78d607138feb3,1322.64
a291b9db0ab85d73c7f687f11ea290ad,1320.0
b76637cd3591c558ba3f6be59f0dd883,1319.9
2a1f6d64684615ad73ce7d05586115ed,1319.4
b366cf48c2ccad341f8e7aff1658f511,1316.0
09c5713746fdfa37f1ca6a92242da406,1314.99
a46a646a753f6ff3ddca8e7532a6889b,1312.0
c5caf3ba9c0bec1cb22624b0759839fb,1309.99
15c9f479d7e7aba1663ab215517f9310,1309.0
41b3c5c585822fbdee3b0b136b9696c4,1308.0
448cc8ddc13987be1c7826486e187eb4,1300.52
be55f2be3c967a6b77b75158d8d6260d,1300.0
ec690140f77f5ff4c884704c976e3489,1300.0
7f02a8230a3ff5c0888ea3a2c8ae618c,1300.0
bccacce2d37971951fd3e82965330b87,1300.0
ac12022931d88a2a8688a62d0f583f51,1300.0
79c153310ee3cfd3c2a760c9798b179a,1300.0
e8f78b7883f7712e1d0fb7a2f59fc38a,1300.0
23fafaadc0b11501176401ba0003c22d,1300.0
c36218bce6a33d4814601c7744386d9e,1300.0
6482c915ec997dacbb610e3e6cf6c6bd,1300.0
dd977fc3619f271f431181f90e305a1f,1300.0
7ca107237a9bd4f07595806d73b75edd,1300.0
8d4fbbdcabdfc2f9b1f52cd523ea5865,1300.0
1d34ed25963d5aae4cf3d7f3a4cda173,1299.99
1b8251534223367e329cc7605f5d4a49,1299.99
881a405c751425d875c534cc9b9633c9,1299.99
df25809d2708a27863310205e3e224a9,1299.99
67ff232fabe29e1081733ba663d07e53,1299.99
fd646e095aeb71e4fe6669efdf04fd53,1299.99
819de25ead97f171c5aca3e76048c843,1299.9
1f468c5a64641a32137d557ade625dbf,1299.9
c2b15e2fdaf53bfb90b245f2ad21d94d,1299.9
36da15e62a3ecf96427337aba9139f2e,1299.9
46f6a5bae4ef97e9769697f718523353,1299.9
3c984113b6e566d2dd37ded86c65eb0a,1299.9
0c3060b6e196ea68986b130a86c8ea08,1299.9
22f7df0fe6413ce90a307df4709e8931,1299.9
c3947473905e62657d38b7459a6a45b2,1299.9
1ed4be846471fc0c529d51f2f8274c0a,1299.9
f959b7bc834045511217e6410985963f,1299.9
19ac278967f42fe0240c4823824594aa,1299.9
f3fd434cefcc530bec7e71f31a914b60,1299.9
4632a65b0ff3f7df3e6d9b9bbe11380c,1299.65
fb3c17a0741fbb9e328d54374a56f2cc,1299.65
ba2ad8b23fe2a0a45cdb33ae2cc42b98,1299.65
070571ebd72c8abf80e793aa0faa32f8,1299.65
18216abe719d24c5faf04c82abdf5e31,1299.65
00c634fb2feeb4e2767a916c2375c9b8,1299.65
38e3937c97e049632e77de6d05648412,1299.65
939b209dd2a56cc6fed22e0a40b805fe,1299.65
d99a2c8000e14e11c6cf41a2352a9e91,1299.65
4543b7479c6d4c5d2a40900b26791211,1299.0
f4af9116429bdaa90732a4ad05f1db2c,1299.0
a47703d55341244bf9e82521834ad64a,1299.0
738b086814c6fcc74b8cc583f8516ee3,1299.0
c75bac65cdd6e3bafdd4398e63a3b0c0,1299.0
d8acb46c718975948423dbf1b603b959,1299.0
3c3c45651f50bb4b13a4de268cad02b0,1299.0
da90cf906fefe43638ea19d590ad987c,1299.0
e5640b8b65bb7e42d7452ef9f82aba5e,1299.0
ac56247052dbfac8b7453c1a558aa83f,1299.0
fd07281333f163bbc2a3f2b71d6cc549,1298.99
bb5fc199a7fb4028471dc5325587f0aa,1298.9
bfc72b25d90e16298aa5735c248d08f8,1297.25
91f92cfee46b79581b05aa974dd57ce5,1296.0
1dda9292985a1cff6f564e142b6a430d,1295.0
cfcd303b7ba5238f33ca2162b958f4ab,1290.0
6e8de979438f491f476434cd1fc85325,1288.72
98b57da4f6372460e9bd54e2e4491e0b,1287.0
9f03c12d78d5dfec18b888fc6bc7ecb7,1283.64
291077961cb657f8fcee35954f5ee92d,1280.0
cc105d22219939a0d681e14ce6e38791,1277.5
06d478ba352a27a5167f3de441af9f59,1275.0
83379feb9c6a054d1019e9a079775a3d,1269.1
ee293069056334e9b2076d69f4dfc367,1269.0
9b678f5f6f471e1282c0524ebbefa782,1267.2
09e01f974b9533109a46281624e39808,1265.89
e012356cb110daaecd8c1a2bb66d27f6,1260.0
48c10ba322728565bb90db02e2ed0707,1260.0
fb30a7e74e10e5c8f5e3bb22cc03430d,1260.0
92dd835c0a01f474014b0a888b5bef93,1260.0
08c8ccac72cca999d16588dbf7369104,1260.0
8d2acca6ee811590f42edb3d305d1228,1260.0
66d376416dfbdcb87ddc1f2384d343ba,1259.0
33add7528833f57795e0549ea17dd0b3,1250.0
e22692ddc6613e893c0e025a2dd60c52,1250.0
62e7aea1aa0f2c22f4935878ab350527,1250.0
ef1c89da7452383e32640044013e8382,1250.0
be2e45cc0094d2ca20f16e31924f389f,1250.0
575208314408a44ef88dc470406e361c,1250.0
e90c7c2a0170c97fee91e5e52c53631e,1250.0
788e845925ff64c9df5d8ba40e28cf50,1249.49
68e79cc3fee7ad5c306be406d94afec7,1244.0
27445a8aa8d9efc8dca27a651b61533b,1240.0
c4652b51edab50d87139ea73e4cdfc2e,1240.0
c4184e264c25f060e2022b22c098ab18,1240.0
f0d62fcceaafaea74a143d7fce54f1f4,1240.0
42db1aa24e501b47e6dfca5bb3bb0dad,1240.0
544718803ece964e5c1d0b3b3cd751fc,1240.0
bca5625f843661186a352a2c160843ee,1239.98
90e3eeece77d494de02de58bc257b248,1235.99
faf4094628be1cb2e660fc9bedc2d72c,1234.0
750f14ea5e0f226e42bd9d77d4af541d,1230.0
fb51887c8244b5ca1d8f1f9e1b3bf4e7,1228.5
f8c4a8218238f0c3c87d39cb27c00593,1224.99
2359a7ebdae8381103e9f7524e70fd48,1221.03
dcdc259ec5bacca962c1ea9ba705b4b1,1209.0
80f16375ce928674fe11f2e5130208e1,1200.0
3a1b9fe3e0d0d7541f37438799c97571,1200.0
286cd699eec7a6faf30e808b715f1180,1200.0
be33968269bf8c51037b65cdf4edff1b,1200.0
2421c7be6e7456c06f434ff26cb4223a,1200.0
176db5144496b2af02a70eff67f81d11,1200.0
f33ce5c93bb775dce8f1ee9e1055e65e,1200.0
abf6ab643b15647ff39d48cb4bfb1019,1200.0
223a807962e222b758aeee5610103f47,1200.0
0049e8442c2a3e4a8d1ff5a9549abd53,1200.0
811e55e5f48c8f37832963ff509ce85b,1200.0
f0685eff82fe533447ab1a84c25704c1,1200.0
d1c1552729f4a36ad3f2e9f2103681e1,1200.0
ac7c0515474bc3f9cf19474ee4d228eb,1200.0
1f32801ff0c8f0aeaa8a6af5ca6ce862,1200.0
7194be434cc4eb4eb1a7a44bb4e9e24d,1200.0
79e3be07b961e4d6df3d52de6a560c47,1200.0
72680b3da61c269ad2e5d342356fec77,1200.0
8e6e4cf2ce41cda407074b416f893269,1200.0
b51ecad2f840841fc7f24a4aca209f01,1200.0
f3c52e9863e8cfcb77e896e4a75be1b3,1200.0
36f58303deca083523374389d472bfec,1200.0
e85b1dcef5f92e0647dc214b455b83c8,1200.0
80cf55a439bbb373aea40a08515fb39b,1200.0
711fff4266b53bae9de25be1473dc0bc,1200.0
9a3f52e1bec201f8966f6d0a8faddbb4,1199.99
d50dcc264b92c899c1a4f0f1c99cb67c,1199.99
041318f3b224ed1865ecbd61cbd4c77b,1199.99
7cd5e2de48001275a79e17e6348c6a1a,1199.99
cc38c1b9a700590f58594bbedea9912a,1199.95
841b2848b570367c3e7f73ff6ce67bb3,1199.95
197b14f985f4eddc23ec1ca34aace99b,1199.9
acdbb4999d5d103ee914b62dd18922a2,1199.9
966fdef8074099e48e060b6b79067397,1199.9
5b570df1f1def219b8c7f269b3eb3c23,1199.9
5dadf9303f4c0c38d65b444aaf92b86e,1199.9
b07e3d2770a8635837a1a1542b0d54f5,1199.9
d0c8dedcb2e16a6245f6a9f836385068,1199.9
932eaecbf57142d67adbc8f4508ae87c,1199.9
daf556572d5a32abdf0ef68f7a9c3d10,1199.9
158eb98729448d3b4e5d3373d57df47a,1199.9
1a46899c81a1f73c1338cffd1164751d,1199.9
1f5f4155d20763029c7b0504404748bb,1199.9
d858c8a1bd7dca425c880be55b01a581,1199.9
67f60f620492b627d9ce232d5c6ec467,1199.9
ab7d2d05dbd77bf056e2cf426e3fd52f,1199.9
c99c4573f69475e34c281d72617283ed,1199.9
e89521c12ed7a8a782acfd80881f3b3e,1199.9
d91c1a0faf55f367e43be832269cfe62,1199.9
2cb9cd4d83c7018f46ff002953f95901,1199.9
87ac54f29caef172849cce57d5128967,1199.9
afcccdc6ee50bf89131f9efb8ab99ece,1199.9
2f58942ce22a94bab8236b05f48b2ab9,1199.9
fe1bccd55c91b596c92bcc1401408594,1199.9
22245e5e8a9b0a5f9ea62d9aefc4e5fe,1199.7
a261571e982fcbdd11ed1e4814f709df,1199.65
4a06381959b6670756de02e07b83815f,1199.0
25c1ced83d16f627bd5862b7f9bc6caf,1199.0
2212ba48de3178b1e25a24eee16e3c27,1199.0
4fb36b6cb7d46f7c211711c19e6c8cdc,1199.0
e30ee9cb305181ee6c6e995c68f37583,1199.0
b9025d9e21715cc1eac81b2e40ee94d9,1199.0
5986b333ca0d44534a156a52a8e33a83,1199.0
e6ae48a024a916639572dd4f405662f1,1199.0
277046fb06e3f5185b0f4a816b811286,1199.0
dcef2fe349300ac52c962eb0f0fbc453,1199.0
63abd60f51ca1ed442bbb0610f59ed3c,1199.0
d3fa2b41958a719ae19f1b4daeed98cb,1199.0
63bd88b83df0481864b79579cd2d7f6b,1199.0
a3cbf4257c79c31a551ab11948b2a774,1199.0
fc33ae751a438446b4abb5962e5252d0,1199.0
19f1813fb62eb7c453af714dc1211d73,1199.0
b115c9e03fe6ed4c0b0ad50733f1ae98,1198.0
b77a36877fb9b74ab4dec5f4e939419a,1198.0
3a1e5902bb274b86dd980f371e207651,1198.0
dfb6e825e171551578e57036f73f2190,1197.9
ccab16a93f386fab2c64bdaf71cbe1e2,1197.9
5dda90aebacf065a80afd8b35cf60dc3,1195.0
19faaa8953bbd5166298b6f2a3f84298,1190.65
35cc79f94883e64adef77f344e09b7ec,1190.0
968229662999151cbdbaa3ee0460b448,1190.0
dfc2e5ba198bff36ab53800fd43e0644,1190.0
74caf64e68fcb4dcf49a9e3b1766922f,1190.0
4e2e3f18675718bb133c6de3369677c6,1189.9
373facce3e17d33fec7df11c961c6ff1,1189.9
6a4ed1cc3af287bcc9fe6abfbbceb84d,1189.0
db6f9af19cfaa6064936f4b3e1097223,1189.0
b2948d9d07f52967e94d91d7ad999c91,1186.0
a2463c771cdc164e80078fd3d5e12ee0,1186.0
71583bf590a19d9a0c2073d705b73c7d,1183.99
08f75c833b2e83e9627a628cac46f69e,1180.95
77ea2ec98e943bee47f47e77050b9855,1180.0
05d18f7033aeb69e03888511124a473e,1180.0
b314ce6682d125675e0981115f658d98,1175.8
a6b4224286518410d6a29b2b05d821b1,1175.0
2815da103e2929fd06a7b2129153fedc,1169.44
0781659176c3bdef80a6e2fe1fbd24a0,1169.0
d036f891452cf38a560fadbd4021580f,1168.0
3ffc83bdd8f4ecb0752fe9c3204b5c1e,1168.0
8582c9ab7a8379bdbb1836bda59b5f4a,1165.97
dad721ade2b490dbcc54e62212129467,1164.9
88324c93ce11436ae046563bf0da285c,1161.0
e488ec82faeb287d7d9fc85bd9960c22,1160.0
96888e542a835f6dea8d3039af2e4a2e,1160.0
14cc76078935118a32fb1f6c01c55488,1159.0
71655ca61ab778759a241a1188d03d37,1158.25
6ddb8747bdcad87a91ea5ce5c0c79a42,1156.99
ccc7253294c7fddf43348badad1f59ff,1155.0
ccaeb075651015b6fd4240ded98360e2,1150.0
8aead9173f1c996b7c2c82b7e484fdaf,1150.0
9a926a6d7f4cfc314e04fd9b4eed0672,1150.0
0977e0b93fd518fc88b277900af29e65,1150.0
34fc1866586bd50cfde68e61ba2fed0d,1149.9
8bea0b231b8b08343ee31038e855d620,1149.65
95507e03074813ed6495792938c27b0c,1149.65
b527077fcf783cd4a721674ffb07931f,1149.65
ec1ca447b2357dc984f111bb42d901c9,1149.65
3eb90dc317dd8c2f0bcb17210a723364,1149.65
dc6484673b2e9c0dd56bee4d78717900,1149.65
792a25de8cf6773efd37ddced5f8dbc9,1149.65
98ef9188ce9357bd77f60150a935c7fb,1149.0
7aa5985858f6df9299d202265b71028c,1149.0
5265029daa29cc08d86b9f96cd99d03f,1148.0
b37663c257f9cb8f2dc90fe804a6ef2a,1146.0
89129b4134df3289d76b155160d6e441,1141.0
a496c62d3354a4274732d5ad5046c75d,1140.9
6e339a46f22ae325fd96275ddde00906,1140.9
72e4611b4b2a30b1f1b1ae1ffc56431b,1139.9
356925b87c2dcdeb8a091850d14691b7,1139.0
0d861a5e4dd6a9079d89e1330848f0ab,1138.3
2bb90453c5b070eeacd965903f376375,1129.99
86940f0108edf822ebc008ea857d193b,1129.99
628f1237180b751c1a995cda15e51b76,1129.34
702e844f1c2e77ce0d9cb9211c7c19e4,1128.0
387f1a0d6f1e26985d57745d0f7d6e71,1125.9
5ce188ad5db48e889d087639680c7ef4,1122.0
d487e70a5c882c55d82496f3b583eaab,1119.9
20117e36945a163031abca6cc3cfff84,1117.8
c455144b0c6e78f2574b7a92f22342cf,1116.0
b02cff4a051c13296319151593eb5218,1109.0
a6a8a1dfe5402a3ae5ad002b665d9c4d,1107.98
7859b226e8b99e2263fae3c8fef443b2,1107.36
000598caf2ef4117407665ac33275130,1107.0
3a7f59bfd23506b1997a224724044691,1106.99
6f53ae8e5a0b164d618ea4b0d2ffce33,1106.99
17575cf5c2a523e21115d818fd467253,1106.99
8d1715b8466bb61876e49d198b87a421,1106.99
f5592494798503e1d31c80b43b00a62e,1106.99
b7021bcc80efc910e6a0748389a5eeb9,1106.99
659518c00554d21bca93139f0c8fc565,1106.99
94ae6e074c702c4c67321c0edbca3ca6,1106.99
04ccf04b81dec817ff694f6af34a2a59,1106.99
c9dbab4b73e48bd978bb5a5114ee6e3c,1105.0
1bb460027f7333d51cc602eb692f1b8d,1104.44
9f0b591bc0110c16bb95fdcb47878544,1102.63
1f843b666464a2b8e2f0c82b1f4ef82b,1102.39
c99b0b8a41674337a4165c53ceb7139b,1100.0
13a6bcc8613c796033664f81fec6fc70,1100.0
66b84aaef46998841f07082b24004842,1100.0
9020b6ec57368057e07cb365b54b9c90,1100.0
47014bb0e74e35a5b83df78c45f41c32,1100.0
c85ab216eceb57e7059d16f16744b513,1100.0
b0962c45b3881a52d605fe965ca9a776,1100.0
82b56e1af615d6fe0b24b8f706f172f9,1100.0
3ce6bb309d1def44d728e2f1b9cd4c6e,1100.0
6f7c8b3369dd1f736a77264ecd928a47,1100.0
a5501dd3eaffc14bb37c90c70a2099af,1099.99
59f02919719082978e302f9c366d2052,1099.99
989d0306f46bfd75ab52c21c9d307679,1099.99
1bb679bae07f42ad12c2f81e473ce344,1099.99
44f725846b0b0102b803444ea5bc6a9c,1099.99
82cf91e8833da7baa4c152c5a4faa8f8,1099.98
8b6af4aa3d7e95622bb718a5fdc72019,1099.9
9790a478a1806bc28829cc6767407bc9,1099.9
78fc46047c4a639e81ff65f0396e02fe,1099.7
0b27c03a0e52a22dac95ab11d810cbd8,1099.0
cf0304dde7ffc7558549d28bfd192416,1099.0
f90b39e93ec323e6a09e112e03fb186c,1099.0
25afd4d88507d0c37245f8f2031c9c7d,1099.0
38c07e7e9ae35da412133b052d05edaa,1099.0
7a20e17b2f3665e25b0bc87a9226c9ec,1099.0
5127c3d8efbc48f0c9c5e97a686e5cd9,1099.0
8372eb499d7f5baf1f41b42cd6597074,1099.0
51a8d592336a414fea21f12534b0f797,1099.0
9fc24442b2e31121b7c8907d33253b97,1099.0
195bfa760d994681f4db21fc8ed21af5,1099.0
5d5577005dbf8ce00f7edb417650f2b6,1099.0
018150959151a39894d01128bc358aed,1099.0
0ad97367914ab84e094499c86ff0057f,1099.0
f886bab03373ae225f6a7d25e7ec14a9,1099.0
aee140539d699da4a18bbea33883c861,1099.0
e04d99995856fdb1172314dbce6e0fc8,1099.0
a86f4da27da046cfe243ffb26f3ccfa4,1099.0
e620a9a4cdf12ab1e817c17496e9c5d7,1099.0
a7d2a3c4d297b45634f361190c8ec7f8,1099.0
e2f063c52fa92b54f186c62b90699c10,1098.9
fb7df68b487c7340f5a4e9c5d4ae3e73,1098.0
66ff5782ffd6ce3e04be03a839ef91d8,1098.0
c007979976672f82a106285c9426d7c0,1098.0
64a7d42cdb49cee6490de85c12d56403,1098.0
8af2301e41464849b91db80025501c6c,1097.99
d852e1c144401bfd00aec76495541736,1097.99
189c34e996a949f104c0976d2a9a8400,1097.8
20604bcc9703b6f0c4101a04e249ebd5,1095.65
b86bfce0c7648e0d53fb1fef4929421c,1094.04
30bb84b541c96af98ba7d90b9ebf35d0,1093.0
c3c417054f5656e9470874ae63265424,1090.0
a5b544d912be67044581a3890e6698d5,1090.0
464ad1fa19f2a649e39193e5c98b8300,1089.0
005196c65bab2861e397cc85bc7664bf,1089.0
92de9528e4b8f2568745e095beb94aeb,1086.76
b768841e6f8f26ab8bcfe8878a648684,1085.99
c2da460f1f7e4a5023452f6bfa2ae656,1084.9
dd3f1762eb601f41c5e289fa08dbc6bf,1079.94
6a352323e9ea3442a66aa0e556579967,1079.9
3284abe5e684f230d6c239ed831f3cdf,1079.9
ef48ea66fb39a13e1310b36b676e29e7,1078.0
2f8d6af8cb3875d6964eb4b5eff3a718,1074.38
c0b65b623d3f8fc03f70b3ef5e732a30,1069.36
23f1d9792d6032bbdb97d6ae3988d21f,1069.0
cc6047333b8307011b59de309487b678,1069.0
c9c813b7dbdf3fddd1e25b8581a58f19,1060.0
f0264d4b14def982146a5487929d32da,1058.0
2f1d78af6de0800385a0cc5cf4b7a794,1058.0
d7c999073dcd1bce8c712cbbee9e30b2,1058.0
4754486e1645ad01f55a464712ab4965,1056.0
c0b26f372775acfd5f2d1a8e256fb9d6,1055.9
fb00fcec2e41b08e44dac5629abfed29,1055.9
222e4c4d91c814cafc5badfe6a02c574,1055.4
33ab326883f37b126492b8a58a1dd3f3,1054.0
7f4319889f2bef6ef22da78e35befb6b,1054.0
87a873789449499186421086a43f7bbf,1054.0
8653c76ecb6f3c713fc5fa756a7292ae,1054.0
617ccd5f507624d9e0a0ba40f21d0895,1054.0
4d916e585f3bb295dbc15dafaeaae8ed,1054.0
04c87355ded588f31f753951fd7e4af0,1054.0
b6335bb5ffac3a44fd1f325a4dab8998,1054.0
ef9e714771b71928467a30d3492973db,1054.0
683fb9798e710428ce7304acbd9bbcaf,1054.0
afef4367f50fc1faacdf6c82bd46c6e8,1054.0
e7a12cebe1325bf8786c1f714616d282,1054.0
9832e2c595ca4b625d442384566f45fb,1054.0
e84d9c0fb40fccf1b0e326e840f6a8ec,1050.61
515a833ce56a4c3153f102787c272e4e,1050.0
ed3a94d132e06f96fa99c1f1640496db,1050.0
694fe0bdcd5d601ee81dba97d4ec8cba,1050.0
c46151503cf77d0f69c750452f534870,1050.0
ed583a2a1eaf0dedc33af816153e8b8c,1050.0
8a4eb74e28aa9a4a177fd01da6254463,1050.0
9913942a9bd26b840c4d19db0cbf6b89,1050.0
6d0e9627b2c860cd1687fc903c29c6bd,1050.0
a86efb07b29b0ab31a5c6047c600edab,1050.0
1107a610c5e1caae0ff024795cdefb73,1050.0
3c7c40c039e3547fdb7a3797272ab922,1049.7
10aa4c249898134fd7c8ba29afbb2962,1049.7
30956f750c3184a07f887007009d003d,1049.0
cbc7af079d4caea005e49f188d9a0403,1049.0
49670b995497cbfd82777f623ec7f825,1048.0
b9b78d5b4aef308f92fbe5332cd81386,1048.0
7deaed5d5dd5d3fa73d31d370ea7b0e8,1047.0
5be5d703076bbbf577ade3fdddf51e20,1046.38
f69cf4381400f65b36639b8e1c11092a,1045.0
48c4bc0a9a1ef619c41c102912dbf1a0,1045.0
cbb28c8357c170dabf764f9be265e1f1,1045.0
ec0984f9b037098d69b0c09fd64d0b02,1041.0
7186038cf7f3f1ef5ca7a48750c00256,1039.97
fe6ec736bd1defa29719325e666a12ae,1039.48
dfd9186730d5ae892dc2348afb9a2fdd,1038.0
46e0d12aabd5f68050e1fde28849e8df,1038.0
067ddd62f5d7b69af563df60ee698b5a,1037.85
8da2925151cb49aad7fbfa4798167f10,1036.0
3dfbc814df98bf7f36e299170f1af8f1,1035.09
760f259329e5def2ecf277a223dd1e76,1029.99
330ada1157ac9512d0a23430c6b771a9,1029.76
4fa7e70250c6a3a651de8b0151353b5a,1029.0
a7ab31829dc9a10f37e82b1e1afd26b6,1020.0
dbe9495069f4ddb6875dfc83462d616f,1020.0
9e478f18132211e1d6cf2637d12cc559,1020.0
6ad78e330d6e0f3dfc471115f17371ea,1020.0
6f380a063844e524a27141a72f58c361,1019.49
548f6f80c5fc00a45fde0a80b87b7955,1019.0
f601160e3ed582278f9956eea7fb67f7,1017.0
af3b1412013a9f8a5dd51d610427f847,1015.0
90af4933b09c472f006bde067530f672,1014.6
d6b34ea6f3d03379c79d63ca7bde2f74,1014.0
fb827db7d93060684875e22f58033041,1013.4
8a2b13049075e1680d412c3af9618dee,1011.86
099fee4e83ce1bfcd2315002b7a2cf47,1009.9
9afcc5f0c10a8de1cce71389f667068c,1009.0
915e5fac40ec41440f8709a2a62944f4,1009.0
c5b419242f62a7d1197531f4e4537154,1009.0
aa84f57b9e3aa99a1a4be15f47504bda,1009.0
be6d65c35659cadb437dbe7b85f45ec8,1009.0
74f0cc1d27884a102efa142ba1f540b3,1007.0
1a8a24b6904f80d445faf68aaa56ce35,1005.63
4c45abaf37f93be768571ba788af0c15,1005.55
4d719448b1cc626699bc3bbbdbbc0bb7,1004.99
0334f4a8d10b77fa20ecb172b9f3a50d,1004.99
30aa6e2e5bce6448ef6c3a0bfca52806,1004.99
391ea9f08646bb9c99de7a3b24eb8641,1004.99
1199615452acb7d59d0155b46a60a190,1004.99
578b6038884e899b536adcf02180f083,1004.99
c35eaee4d0e0f61721f7d1667ec13652,1004.99
02385ca219b24812b4c7c65818e3b06a,1004.99
344e198d67bfd80dc6c1eee85b59af74,1001.0
7eab8473e5d7b37dbd609773b0cca38c,1000.0
e7556bb00ab4ae30b6cab3df2f2172b6,1000.0
85a9a58276e288c04e889c93a5e282ff,1000.0
0a03d3b2becf1e6ede584a394d562c45,999.99
d7f4f0aedcd8d6c306d8b54253e63259,999.99
2253f352d1652c2309a1f1287bc3e740,999.99
8e29c6e9c795eda30cf7f47244720132,999.99
9b43a6ecfe9d923d12a54d057128a5fe,999.99
0834d7fee4edc0f82156d04a45272531,999.99
3c522e772d77dc602311f4a40f14f770,999.99
169ae88b021c724b621d240fcbd251b1,999.99
b90476f60c15ab27c1b5d23728fed65f,999.99
6a85222aa87619e9aef296bb6166970a,999.99
bc8ef8258985e764e76406f4c66bb9d6,999.99
9b4efdeeaf152f77d42e2fa8f23309bc,999.99
425b47dea2a00770e103fca1c9b755bd,999.98
43f00561c2493b127004fd24ce4661ad,999.9
1febac15f771b57bdc7420f8b19176a6,999.9
fad4a49dfa0544a0b77c6e95431950b5,999.9
5bae4968446165fdd4dd2d6889769ce6,999.9
d3470f77b269e104971e5838d57261bf,999.9
914f42ccf18ace2f564032913dce6bed,999.9
996e73b2a3dac4d73d1a45c1623f98b4,999.9
07276d89be039ef3505f4c6f781bda37,999.9
f2a1d75b74d9ec748af88e894cd87597,999.9
5d36976ccb4dfefc743eede038a851b5,999.87
4b3cff69c9076b5c9f0b5e16b5328360,999.8
9fe70de337ed5372dc24eb96f05f8689,999.8
213949158139ccc95073842f0ff7c2a3,999.0
0d15109f485330cb77c3721039e60cdd,999.0
13b24d45013751e69cb8764ac554a4d6,999.0
cee6c6b0f6ac0f9f8c0830152453c3e2,999.0
ac29d8de6a1e6a0d2505419db9f8dba7,999.0
423fa86d97e74eacb7789a4e1c1a8325,999.0
96e8f4d19162a5c81e5b7779e6e69947,999.0
54dec9fabb23500ae9c39aa042629cad,999.0
d3125b74c9df178912c5f59dc77410fd,999.0
13e0a2bb02a7e89185cb36c53db4473a,999.0
866aaa9d6c61762ad4240425b10fc25f,999.0
4d8a3c18eaa2150d9a6069cb71191a1b,999.0
aa75863809ddc7b14204b1040b6f79e8,999.0
6f2327b7feb466dcf1657ffa5e376ed0,999.0
d2d62b6dfae4b69aff1be960edc53768,999.0
41b40faae6aeea7a8b6884948863386e,998.9
250952be8a7484ea9352534be9f2b587,998.9
5bcc4255cbb4d6777a392fb88d24294b,998.9
131740d1fa70fbc1e265ac7fe700e34c,998.9
29588af43a7f8d1ac968a59f8a504036,998.0
3e756b26fc9e8cda22e66cc2f1bd567b,998.0
0fc1d6c8001a162c73ba027f79373b1c,998.0
40a5cfa343927fccfa6ab8d7d2a10b1c,998.0
3c0c28d9a92d94fbbb14beab19df2b40,998.0
b854502abd65c2e5671d647a47e53ce7,998.0
bb5fc5de2c32b73753d3663397e7a056,998.0
a70cdc7161618ecbfff0bc3de4e09f0b,998.0
ef8d59a019f2f85c6ccb715d0da3947c,997.8
5358667640552c9500b4735e5f3a04a2,996.0
067f4b11580519064d68007ffc9e080a,995.0
d1c029acee3fa9a337e01a3f8e720c84,991.9
4d13db4c9b64c9a153c4cf554ae146f5,990.0
dac963d58128e2aeb233fb786c9d96d8,990.0
0fb9e15bc538d4a7fbe146abfc767a15,990.0
6bdf92e9fc8278f946ab67d15ebfe4ff,990.0
b6ead1303ba468d8d5d31a465edd6670,990.0
3d52b62a0e6c8a3e9b649b070bbe291b,990.0
fe83404b9bad08962daf680561f42aa9,990.0
59b6f50384a62d257a93ff1b41235166,990.0
3a4f1f119930e2189a86a6d228f02736,990.0
501e72b0ab6bb25a06e35822a912a065,990.0
7ca7b6bb5ab0b1ac2529e5c489cf3592,990.0
9753c2c195f620cc509d22e390197c02,990.0
6bba511e5eff14df06ee63e3fd5d0ffe,990.0
26a47d0a1776a1260ce6e1c54c5c1b7c,989.99
6967af003c642a30a79242f2756a73d5,989.0
c009189a0fce48a8844dd35feca6025e,989.0
4b2ef9e978a3fb2cf7ea6ca5f7792dd9,989.0
018d3918d60c2e821b654b8eb4cfde55,989.0
ad12353ac8bc97c62829dbd1a0baa24e,989.0
88b39890f0163934fb46680f5c6073ec,989.0
8aed06f4d390a477d19b1c263fb77fab,989.0
161f3380ccb34f88074059e8cc916863,989.0
6889c34115335ccadf584370c38907cd,989.0
fe8b3a40ab3d9ea1b2e38aa24a324207,988.44
d4d03fd95aa1755db8fda2fef2bd6f83,987.0
9de78fd4789fc08ad15c6aff15ce3d48,987.0
c6f8c11c9f6efe1a3d4f9e5e65d1e01a,987.0
55b27dfa87fa879dd6c7c02b905575f9,987.0
3d8d9151bf2d88584bbcef2e37bac787,987.0
e6b13652c0cbdc2f26822654e1f74573,987.0
3118aefef04e5e97d0e339cd75d6d775,987.0
b1d6ca91dc683ded001b2459ff45b745,987.0
60e9587295a33c24d123983494bc8718,987.0
87084f6cae9abc94b7fe9ada355137af,987.0
ee5e86adac545e66e1e4e3e2616d1600,987.0
ce8154e2083db0e68b12d0a13d6770fc,984.95
10de381f8a8d23fff822753305f71cae,982.35
5257f21744aca789f334058a11c2fb42,982.0
d6f50e407023b87c16dabd4972b26ff9,980.9
0590c3c795016c3e5eea083a2e1f21b7,980.9
7c17b9b121e044da69d1d40e004c3d23,980.0
46b8d6f92df858df6185ee301ede80ef,980.0
f3721694bcec86501e4a19cf459d3b28,980.0
ea52ee6d81654c6e71ccb379095539d0,979.8
479867a42c16c68bf10119d36056d485,979.6
4eed76c1aafeceac4250e202ca9b1a5a,979.0
ccef9579d4093da59f1a24bed9091fd5,979.0
db3a94ab9a8dfb3572f57e6f0e017363,979.0
c0cc59cb5d494116de580acf7e6c46ac,979.0
f04ba55a4b4264ecad954d2d6f7fe279,979.0
404e9aa29dd2f4f68be287245f0e1e50,979.0
0b6c7af97ae369ddab1fec6d5d29afc3,978.0
3af442112f104fadd55d6861a864b21f,977.98
8541665e9f73b628748b234cf6bb46bd,977.5
c4a111edfb69bcf3c00710ccfd23575c,975.0
c12c796652c71de90173ccac158ae68f,975.0
bcea0e501f387ea1941aff7b357c316d,970.0
764fb80689629a0092fa11ada23a0c4e,970.0
614f4db4fc76b38bf6691690a5c87dcf,969.99
a6aa9543426b2f37964954cfc9ee474f,969.99
d3e82ccec3cb5f956a38d96c057ceaae,969.0
6929b26c338c69f8a70e85340a3fb433,969.0
4bf0d6956d9db8ab89d0ad604226278c,969.0
ea58ba76f07c7e170630ae1ef2c7b66a,969.0
be523244d4c82364537fea5641c2149f,969.0
11370ea4b3f9179755b40b090ff69cc2,968.8
7cca0ce64c6ab88bade8f65037eac121,968.0
30f840412466fa26e5c035e1ad1fdec3,968.0
34eb10c1e6dec97a944f03fb54575c26,966.9
9fb3be93481a3c4b105ad2a02ace1a45,966.0
42d2d2023056a7b8a7cab5c68fad2fd8,966.0
80b7b8a1805fa231354410ca34138c7c,964.85
cd281c1a7d26cd29a3ed4b029fce7270,961.6
4396492d7da56955ab6c0fc9c9fceaab,960.0
0179f2f4c32e0b0c2a4cb0d57e7d5a26,960.0
7a4e42927347804cbbc5b584d003bef6,959.99
fe16ef90ab6e14515a95ba2255d7e918,959.99
7120f37eddaf23118bf763914cf31fa6,959.0
ba9624c6778d41f67dc8e228df61247e,958.99
7199038790946ae4e75b8efc080f9dd2,958.99
daf15f1b940cc6a72ba558f093dc00dd,958.8
7e395b4bf53aea8c56b1213f1b801411,958.0
368cde2b50c8d9b3f6eb285f544de77c,955.0
b0cc40c22e5ab8d8ea653c4412384eed,955.0
f0289c6986fdfbe99462623ab490d8c2,955.0
b941917841af028a5d97758e40ac21ac,954.0
e21631cf89068c1a6701da5937caceef,950.0
792176f239bc0c4e2f26a7703fcd27ed,950.0
acc7d23ec27f4666d82e72a78fe6cae8,950.0
322576b292677639114c4420ba8f30b1,950.0
0351f415e46d182dbb19fe7c7717d52f,950.0
c8b2f0378ceb06c867200b203223d13e,950.0
85f0e92957e9fb9c5f72ba5378f492a0,949.99
3464e3efe1897bd8e3e83d512b77bd23,949.99
1fc56719b52f82c03caddc5faf531fbb,949.99
2ec09b0312464955bea7d384332ba8bc,949.99
d96619b47e477e6bcc377bb89f2ddaee,949.99
576d71ddb21b21763cfedce73b902180,949.99
79cd1f04940ab24d2c19981dd840479a,949.9
cf715977596afedab14869cb8d11d9e1,949.9
626dd88d2e464c154a8c0fa15f2e6636,949.9
176aa9873d5619a5ef475139130337d1,949.9
3043e244f2c35c95554a613c30a7a332,949.9
0c09a5955ceae2f951a26b5f0f562c84,949.9
09d08b0705e879f4d8bcd0792308e83d,949.9
e598ec14c5f4f343a13e75b56c1af120,949.9
0b70631e89b09a3dc8acc7d20d595b18,949.9
d70f1b062700147c365624d85570779f,949.9
d5efb94fdd7fe8e0ba70c7580088acae,949.0
dc22192b47c4e49aa885def47e184afc,949.0
e4dbb700c76f5706dd58f9b9ef613aed,948.9
be3b6d48ba2efdd20e81ccdf12e2e59e,948.19
c600a87c893e7afd5ad653f2340e4e75,948.0
121d975fd057bd1856669b183a42aec3,945.0
e5b962ced77fc6700e93d437f45f4916,945.0
613578dd20ddb4ec94a6aaeb3ad67dce,940.5
64c67484fd19b32ee4c9d8f944b49a5d,940.5
572b683cea71aeb651b0429d41d15009,940.5
61d049f3ebaf63f74e7c8c5289f19845,940.0
356d58cb9c6869d1d646195d7b2033b3,940.0
1d5127e3f9779d044a034868329d653a,939.0
4c0cc747ec797ce30ecdd9efc0e0ca1b,938.9
953cb8ea9d82d1e95468dede9e0fba5d,938.0
0c58662653c40d0aec41ff36c511c0e1,935.94
f12d12275ee0e3b03bad2fa39ca732e3,935.0
39b1241d7cd3540455201a5a0bc79936,935.0
5650f596bc1b629003a76592b7a6b62f,935.0
e68eea004762425de1b42e922bb1a29c,934.94
31be8c287cde2933aefd80ec4b107011,934.0
5a47f2e6f5067f6464af63ccab15f589,933.98
c200faabd3213f7bb7622f3e9a27571c,931.04
6ad49c06783cc69b736c128ca0b4ad49,930.0
253d88df078c198b41a10a3fbd4c4667,929.0
ab10abbdb62d2535d3a3e14cb201ff7e,928.86
bc8d0eaead98c6ac8afc8ef41f1f483e,926.0
ae68a047db8668d643d62fd6c90b7202,922.7
f677eaaee0e3de1cc2e76bd22676811f,920.0
beb0b22200844ff94eb65a9438f1a32e,919.99
710009a78999597c4533adc7dfa8b4ed,919.9
e1f76c1aaa186dae7a044dcbc8a14e7a,919.6
c86e76efe8eec728f724cda7411de62f,918.0
f0331bc1c4f9bb06fcbb14170f225284,916.0
30fc4a8a18b770f84c381b09eccd9b8d,915.0
7becbba5a47b3e5b4c9d09bd956f4d4f,914.65
fac351d77b3663c1c9f35cd6c2c23fbd,914.65
b8a0ae0eb9ed76529f4d262fe3bc3310,914.65
37f46c48ce060bb1a77065a5d8672ba3,914.65
14f59a556c171e1fa252927f21308bbb,914.0
bace683427e40bae08e7af13660e1436,910.0
492cce5bb321af16f1c89feae21a0f3f,907.9
1be3aceab3595d6f6b923858d5b44edd,907.82
baaedcb1496831c75d4bc7cf080ffc3c,900.0
4a16dfed3e9e577413c82835fe057767,900.0
6391b6b3125ec6fbe82bf0e2d616337f,900.0
6b7952531c69a1aa023c64d547ed6af6,900.0
a55beda9aafbcf83393646d566a06b86,900.0
44e85a306786ad90e32ab7468e25a9b4,899.99
e13b0fd350de97656a7df959c705ea64,899.99
4e1407992163f99771bf7b645a948473,899.99
8f437c018d57b705d06574998fc4f348,899.99
4579d869bafb50f24c4bc5cf3ad6b17b,899.99
889a8a0aaae4f2c4730948cb1ec0d638,899.99
1a0fba6c64f792517a1f8d8c88b8bbab,899.99
1aab1a510808c79a43bac12447ce6ad3,899.99
f52f8462f36520f8a5339f87053fc049,899.99
399cc941c7a8a325c3c3bd68f9aeeee9,899.95
da06926e9e4d41c662c606df13c08f33,899.94
23349d7815ebab38482edcc7067d7f33,899.9
00205ad9ba1ef4340cef86583294cf82,899.9
c33c19eea4404b369fca569a72a7b35f,899.9
8c15169cec84935673c0356c2f151da4,899.9
f6aea23d42015e5827c45f6126bcbf76,899.9
7789b53ff846cecf5f43faaa3fb104b3,899.9
6726c2dc9955a5617dd2144d32eb986f,899.8
ad9e8236c07bc00edfcd2f7805ceb771,899.8
f273dd8c96c0c0ae03dd3cba3014f4cb,899.8
a566b9ac72621f15bf0438dc1bdd95a3,899.64
3acc27e263c06640d5504a78eb14b9f4,899.5
1a963bd5c5e5549042046bdf3e098358,899.5
0d554604c3b40dee69eca5c62176f905,899.4
438fcfe9666d1e6d343db1a978811313,899.1
82500d3c1556dca1dec4cd8ff1650285,899.04
abb2c6c3156823bffa1f8100bc9d5b34,899.0
0bb4158d2611514ebcf615f2565d34fb,899.0
867b09e163b60ee7c3b74c047ec826ca,899.0
bebdd0fa741d459ddb69cf8862bb641c,899.0
0f5cbabecf09e4453086b1db91138cb8,899.0
8a651f62fa340c6bb5309fac465d7ef6,899.0
ca03eab600d87d8723f523aa00aa0d64,899.0
8d0cf47c73dcbe1d145091add47ba6c9,899.0
8ca35f5234651033a22356a2ff82b826,899.0
f20dcd0331eea6744a767d5c9798b9df,899.0
43e75acd76726d795aa44ccbcc95c764,899.0
ac4d5f4e8cecad39a4410adf430bfde1,899.0
b1e23a1a09fe2eb966159a77c524a828,899.0
1cd1bf3921c35dd04851354a26e28a5b,899.0
743b67cc7a7606ddba1a6fd675355fed,899.0
bf5fcc59ce732658031a1e686d56c807,899.0
daa76c410e512d241e0571c40204ef2e,899.0
470335e39578ea51733e254558a26e62,899.0
5d2798ebf98673c2c2f53e27481ac195,899.0
dd4cd9e1add310e5a0d8aa4f7fa15da4,899.0
32e4bd735156597b566450319760c72e,899.0
620f2482e95e1b24c3c228e940f84384,899.0
38a49a19c6dfe1e2581b373855fc3d8b,899.0
d023c6e72db6feaa3fe07734d7fdd17d,899.0
44e530a27be6cdcc7b0514491f0ddb67,899.0
7fca8e6871e82155b2a7e5a6326a9fb8,899.0
ca2290d0eee25f5bb4982b92ebbedc02,899.0
3612d49439bc99659b9e3aba3e715c79,899.0
bc6123686b421b9084028c34499824c4,899.0
97c149fcb8426cae07a0f1eeed3c089d,899.0
3df5a0e4022e6f8bec5a7fdb71705d5f,899.0
de1ae3b94bc07ae5bcc61beadc70b8aa,899.0
3a7841008ec6759d4e33345a3e146606,899.0
a5e8da982c56df849ca92684e6e4d9e5,899.0
9e7843064b6d598a3835a6c25da3a412,899.0
2125848757091180062121a8f622c44e,899.0
5e5564ba592b4a8ef0130a0f78356a16,899.0
10727469edb56e3e75ad79165deaac4a,899.0
0d1e03686af173cf4faca7f25bcd822c,899.0
2761d1130c32fd116c9d5254f89ceb74,899.0
b47024b93a109910a33dc796ea7593f9,899.0
858b146159ac030801e72d01ceecfb45,899.0
7dc7f423358e3ece6ab8c863d1da0100,899.0
7b5f76e0a8bfb6184268579e3b4f5811,899.0
763ed70263f940a60f283728bd708e3f,899.0
638de3b114af081c426f92e9c7e23c28,899.0
3bf875459d8b5849e5cf337d53a01cee,899.0
762bf1c1701f2aa392bc47c82ef8ba2c,899.0
f39fd913fb31275a65b0ef5f23988613,899.0
055b068aeaf56652d6467aa6b8d3fd86,899.0
815d430c8c4c1fd1980edd447ac4f8b6,899.0
9a19918870ea368b679af4ccead1a682,899.0
06b4c8a36a20658dcab2a977dc3fa248,899.0
43b2288200b50dd759ccc3e4c3b24d2c,898.9
6e61720c966581034cb3b2be8178a409,898.0
72db940a0e6afc75e82dceb2075e079d,898.0
0505fd0a593f5eb5078c380b6761e43b,898.0
6b3dbb998a3d51850455a9c3e2623d25,898.0
149fb5e07107f6ad6ff9fd318bbf846a,898.0
9b4daa1db65ef1623983286611eb63e1,898.0
202751ac38938e0f517c43d3f0f83458,898.0
a5e1ac55465102e83e7ab0fa7e6b777a,897.0
8d4537e0c82f0e447a03e88a7113db2c,897.0
0ffc0c85f45a4f828918ccc403f4ba87,897.0
3615bada99d458b1fb522c5436065843,897.0
11c48762b75875d8949294883c00d14c,897.0
11e3ca02fb7ecf2f3d8cb15ec85e2fd7,895.65
60d3853e031617a4500f0d196b429bf9,895.0
0cfd6c91e5bb5b7ec6be6d7e793d20e1,895.0
d7fc82cbeafea77bd0a8fbbf6296e387,895.0
944b72539d7e1f7f7fc6e46639ef1fe3,895.0
d9442164acf4b03109425633efaa0cfc,895.0
595754ee1af34ada07cf34e8013149d6,895.0
49eb2dde34c23bd4b6c4c6a137826ac2,890.7
e23b113ed856cbee0875a148b8890bcf,890.0
5b06b28c398ba7340ae864aa8e9a3c00,890.0
387ac5f7b3d7573ff2fff3d753958d0d,890.0
4ce34b1541d53e6b1b023e4317ae0d3d,890.0
8df919a9f385879d22ddd9fda7215af9,890.0
362bebb0ae1bae65c56e89f183346627,890.0
81fb8e4ce78197361d444035a8d369c8,890.0
74920bc93e60ed7786b3be5f8312b995,890.0
97acc79130760aef0e4167209d229e9c,890.0
e9cd11c2b7040919ac9104a9fd2d1f07,890.0
cb6b298a2a15ea89e712248ae05dbab4,890.0
3e6ed5c2c1fc1db541037c7d9577d675,889.99
fc0882280024acdc05099f791169a939,889.99
30a950c5bfeb5af9fa8ecb7bbb0f38f6,889.9
d96854681f5a094868432bda99cf4f52,889.9
3deb61ef083aebd5e7467245f6d2ab41,889.2
06703b3d47c703a3e163cd1769c2c53e,889.0
1c3abaa67b20a69745c59b28f18688c5,889.0
19feb037e21679bbaa42334e93b3b9cc,889.0
a2bedbeca6072d658c7a3a0fd0c5b845,889.0
6f7e45d5976fd45505722178307f5ed4,889.0
c5eca7583f81d2c723b797c2e710f0e0,889.0
8497dc2eeac7315dea29803992fb1b2c,888.9
a0fbe83fc1a635675b2b6691f6d8e366,887.0
7d2ce17487f8378b620234f629e9f5d5,887.0
b775111784ea2c3a1f3fd11125a07add,887.0
bbeb9a9216de3ae93d15fda78e903501,887.0
ca3530e7983aef2c60f0a48394c81b65,887.0
4469f1534888f1ea21c3be93e3bb6645,887.0
88918d2067e3641cb1512fc6167e5d8e,887.0
65f9fcdfff4dad68c4d46b256227f406,887.0
240e00a1e0cd667e88c7939db917ac31,887.0
0601c37516aacb054d8ed951625d5fcc,887.0
e165d4c6a0d945a813e8a3bf42faa500,885.0
cccd5136fc9518bcbf7eea735c6c2ae1,884.0
8affd513e559520718cd89b902a8dab9,883.64
5da732e8664d395791fe3de618724d13,883.57
ce90096f130e38392654bacf265b1f58,881.64
7cab83679b4b4b94a7783cddb27224f2,880.0
ffd294eea523f67ee8c743d3a904ee20,880.0
ab203421bf2878cd5d1361864472bd40,880.0
52fc6db9513213f1568a0445e1df6d02,879.99
08f8f3723352b52033c98eff219a73ce,879.99
e296f6ea21a8f1a35626704cc0e62087,879.8
05eb10f9b30c4ef1f4e16f679d0507b5,879.77
727fe0579c184302356067cde9cd9185,879.77
a1db13809daa40c7510f1f1a768177e6,879.77
9c59f6c0745b8a50558adc3cac648018,879.33
14fff6742eb1a4347df2c4db8916fb8e,879.0
a890bc05dda2a95551879eda1ce862e9,879.0
4b78ae369ba9e647f8a4bd95a8cf9ae2,879.0
b727708ffce3a65ab875d65f42c59b0a,878.0
ec5f70e09e3caaafd4a6c972b422effb,878.0
5ccd6241cc65f50dbbc212f2ca39d71f,878.0
16bd290303092475ef758981282d5b9a,874.0
bc5d41700c3a57b743db4fb88939dd9c,873.99
685fb109df0c1232f10d52cc1ffb93ac,871.62
834159b7ec167f3ad1ace27a60a545fb,870.0
759f00eb3511fb1da3b79fbee3a3f1cb,869.99
72497daddd289ecfc6ea0c12c61d3c26,869.97
539fde993d645fdcb0a1998f7d14f7e2,869.95
78a6f7a1d011eca1b849325f3a4c220a,869.9
e6ab08e113b7a2bc8dd8caadf346b789,869.7
56d47d8dcdfe6ce00898e16b2df1476d,869.0
8bc0f5c8bc1b96927f26ed75e287572e,869.0
98153d5b1cde47994c69ad02de498d26,869.0
b19e123e70a2fd33a077217a1b4db0d5,867.77
8c3fb712bb2e85992047b1f11ea332e1,867.77
9608550726f0135e52d3d72c08783afa,867.3
152e0f1f108e8820600a9572e1cc8107,867.0
9cfe17d7f310c898ff790dc592d005e1,865.9
ed0096b07e87f8f4144ec8298961241d,865.89
43fa65283ae3c282181353611356b240,865.0
4ccacb86ae95c3d9da2f5ff35bafa155,864.9
17f711e732032bed29a7f3e782c870e6,864.72
347571ef4eb58a43834a327e2e318ff8,862.91
ca6e57539d37dce0eb0918a00d8ce7b3,860.0
ed0e1816a16e9dc9276b3b6afc83daab,860.0
284fa48d66075452dc62cb99191c19ea,859.99
4f1aa01aae297b7aeef876fecdedd3db,859.96
845a16cb8ee112013cd21ff53c8cad34,859.9
c48c461650e7da0a671e1c902001534f,859.9
bccfe06250055c135abf6de08a1b64f4,859.9
368f207cdc8f5c93a2b2a5d4cce96ba8,859.66
323a81cf20fb536503c017cfd5c2d54f,859.0
207735d42a0b6ca67f5049af8c1640cd,859.0
babed1605e2a7a9f20d4038f6d527ed5,859.0
4c8e4c469add9342e1b2f8b20140625e,859.0
c7f0689bb795288d7a8b5f7461de4250,858.9
986be13e0019c9cafc514e4773ffbec0,858.9
35b3b2f7a035f2b0d30f4ca7e358fa39,858.9
77dc7a088265a3d7b01dfd9c1ff38e8e,858.9
6997c3deb214030818b1fd735ebe2581,858.9
f38dd3e88ed9b5289eb7cb9271a7b240,858.9
d526e3825a9a2db7b54ec64abf1c57ec,858.9
57cb02ea9844cd71e3d9a53c30f88a6a,858.0
a51e51061b16caaab0897c3fecc69433,858.0
9f44ff9e2950fc39c241aa6d30587200,858.0
bbdbb5e8f166a1ccfa9d1725e5d13476,858.0
5fc34cc05aae2598fc6100012d44056c,857.77
2f51c2a7bfe1412f583bf0eea4375a80,857.77
c7148da8b575be2e41e23cb3e34edf5b,855.6
a189e91674fa4a8cc4dbff954d0a4246,855.0
14c1bf6fe65bb17158b3cf732d2f1030,855.0
d0c879710eef9c59675858a82f196f39,855.0
6ad73d2df1e18571f3ec002dc69e21b7,855.0
652809adfb5055cf87dd32aca5a8b760,850.0
c7a68b2b2775db26644d8f4e28c03604,850.0
571bc28cad276e1be2a13b7ecb386a44,850.0
192c6d78c5af56baf060b9b2792bdbb5,850.0
9b1d5f24edbeae5ce310d1fe6a15fd8d,850.0
31c7066c1bc227759ca1c08d1ded204d,850.0
38a63fe852918021685a1f656a4d5049,849.99
11eb7497f0981fd5b7cb235f4118c034,849.99
859e8d002890e6169d70be9afa8cb71b,849.99
e5f657faf489a605ece3d14855b8f2c4,849.99
c1a9560dea03ac1635ca71908c7da659,849.99
5ffbac5f715d934689592f398af9130a,849.99
51bc3a624e87dcb0265641071f4b988e,849.99
e24a84b778dca41f3760946e3ececa16,849.99
1d84ab68816537ec824426841b34e696,849.99
714b234caa9995c089fcd8c7d7a77490,849.99
9a152225eeff3dced495ddfc1ee07f25,849.99
ec27117a3767d7d75b29286390bb9519,849.98
5f2944c022285e2b6c109cc0696069d6,849.9
100e7030e29e676a2266d7b3996ac4f9,849.9
a3ffcd48df3a7d67aa1c42de727bb41c,849.9
4d82e79f5404e8c3f059ab099fbe5dda,849.6
6058d310d497d1af90c0f2058955efdc,849.5
8a9003f36ee92e9312ee45a1280a0b7c,849.5
c0d62b7f7cbf132ac5b63980cae215e1,849.5
abd9af16c6b85f81ac7d5eee4ecadb5a,849.0
e8e084e344a5e508c8f00dc497780db9,849.0
914da1312815b7c40998d118f56fd88f,849.0
f034ceb6936919a215962d7a61080943,849.0
53e8ccb24280ca4f6faa80b23d081f40,849.0
49a9eb7b8125be605d376b5441083180,849.0
852e01f33c5afc35bbe4c898867ca34d,849.0
54c180ed3cd9d2ec3de1a48606750abb,849.0
b5c1c56fe1ec3cec6893b98d90a339bd,849.0
3170c81f321ad235d12542dbe02f7dae,849.0
c989620b1ead42384a4e2c8ea666ba5c,849.0
457aa2d8f32998f155e8d037e5833c89,849.0
d789c00ea59fa11aa39ed8ca4567656d,849.0
54e99842666d00fabd0928f8510739b9,849.0
d7a30a15621f7476b06e0104ffef1cfa,849.0
d4af02c83608285f0bd9ff891130c980,849.0
774e66e7cd6a8969c433dc0961ebce0e,849.0
9764b79755f07ae9677fc4e7a6e89507,849.0
cc1269b1ae384f3a4534a4433ebdc619,849.0
c793cef016cf6426573a2b698ecfa174,849.0
212654a74f50461c222367b79cea5e3c,849.0
9dc9565c601aab5b9b033fbc51ca5b7f,848.9
887e5e5d30248d62f0917e9b76b03917,848.9
84603bd89cf069b7b3c08401409858e7,848.9
e0e0469747218021e8f9b9a240ebb93e,848.9
36a8a446b9a461c4ad8763d0e314efd1,848.0
dca8bb831886a1d43676820eddda6729,845.0
96fd44add323bdcc82ebbd23b4752ac0,845.0
71de53405a26e7fdc3ebecb310220f70,845.0
5215f8b7b9bab10fd167836e7a7c8964,845.0
72556734b42bbe174271149ac8ce85e6,845.0
1a87b8517b7d31373b50396eb15cb445,844.0
c7b91f61168f8405335fbc6371c11962,843.0
638737b0a93bc3480cce7a10b5ef5d7b,841.5
3f2036cf3539c9c355fd991251a13f60,841.5
023cf83ac35d703a6f3c1b31bcf844d5,840.0
4b24f5ef0c134fe4d56bb392b3397dcd,840.0
ffa6c1b1855a12e84bae4eb85a60fc2a,839.99
5fe4c97f6eb784c0e89656abddca6865,839.99
13e1bfd20542fb44fba2f5c239eb02b3,839.99
aece34f7c1fd0c6130f0d8298c1b93bf,839.99
f23c4b530f6d7d421de1e38d3e0cc327,839.99
69572b6a8713a15e9f1fa80b1620daf4,839.99
6ca6a0afbb8df6facef50d4b7e5ee63c,839.8
58c6845f76a94d9d8413b051ae4c9d46,839.4
0b749bca20d46dd7bcdd5a94fe54117e,839.0
8264a0ee73746048f00a1e83dd5fc934,839.0
33e655dd86058bc865f1f3d9fa5912aa,839.0
e24a819cd44b719cbd0f3b76003425eb,838.0
b4822e42a92e0d848ea0a71ff7e0b379,837.8
45d8641400d049a751a1d954a4cff0a2,836.99
f53bc3b088919787f72a0d8492ed679c,836.99
3cf1e152f5f67aaca5dd7c13e375713d,835.6
d375691b753ce7bc99190bc08b813003,834.56
ec03908b046dc095ebb255624980a662,834.56
a972623b3481cbfd95fa776b0067e554,834.0
921fdc244d0ab2156a464cb5035518b5,832.41
2c23489c329798c266c3ffcd50dbdcf8,831.8
5e6c17c1aac5a1acf6e38746eeebc11d,831.6
34c1f8fa2e7d48d5f334b5f56702cde4,831.0
df2d5ce0cccedc3f1794852cc8d2b452,830.51
9d5d0ae23628bd7835869290caebde9e,830.0
33582725a4904e1e970d0caafb0dd3c2,830.0
44afa84249846c6f84c4cef6b933f9e4,829.99
f33a2230f69e1e9b41921c41a56a964d,829.99
0a89509ed51bf4b266a89f0dde0fa883,829.0
bfff9bd5326ab677cf86986235912397,829.0
d4a9ae0280546de3e139880622aecfdb,829.0
b45ccf2d0ce0106a433bae91a7a42d56,829.0
dfdababa38004b4e6620ddee41475c0a,829.0
968e561e3d26d0ab0eba0978942f2806,829.0
974339e61a3c390681f9059d52938bfe,829.0
26af186afd6fa5b945eb9b0b3a0379c2,829.0
6a5c936a909849dc0470967e01a7177e,827.99
df0b266e9bce9cf438ee15203a72338a,827.89
e8d6d155e9cb014bd1c2db488b6746e1,827.4
d5f2b3f597c7ccafbb5cac0bcc3d6024,826.0
ebb851f5d35f63b33ec866a0d598427d,824.99
63b964e79dee32a3587651701a2b8dbf,824.0
7d58157ef9ab184d29d36f009c7ad786,820.05
af53cb36eff709464404f2d00c290c41,820.0
2e03d2a2b5ffc88134384bd40c74d63e,820.0
3843923b2d53588c593c6f4afe05976b,820.0
0c65732c3188ecbb459118b999d18813,820.0
cbfbf63b5569b8c8f5c22d37ebd777fe,819.99
96914fdd5f6874118ee6539bd4a0634e,819.9
7641ac3c572f616590deecf0c16013ae,819.9
2aabe8a2ff4e13dab250d5d8c130c8ba,819.9
c696badf7da001e76836a99e6f109b82,819.89
4c2c2a4401219b69cecc92106c149bd4,819.8
dae3e3027c9aefced5c69fdb46dfd231,819.0
9bc3d80a9c929e0de1aba110d5f7bbab,819.0
412144cf41fbb4eea53503a743dbb638,819.0
d55a6be68a1b62c4c3e11fc42bf098c9,818.9
912f70eeb92c8bdb884de7561ea5c6c5,818.0
092b4a3968d596ad4eeb10b217b87cde,817.0
47f220b95a6c2d2c582794485465a9cf,816.9
4caf6ed7e671e66c4ffe42501df7cf5e,816.9
6cc3e8cd4f55ed114d0a4625ac8e61c8,816.0
bee372538e9a8298215a97ea9bc0f520,816.0
25c8e1fcd0c55a56b32d5f24db4c46b5,815.7
5e6bf6d2a87450515182284aec55dc3a,812.99
761ec5e1717228608974cf6ccb30c7aa,812.99
922f8983e459278daa15437950d93666,810.0
3935e0525a5b33ca987c4b6b54d7ab8b,810.0
ff0a2318d1ff10cbcb9376022927255a,810.0
9a3feacf0ab6c455903766201558c15f,810.0
fef307b2eb12e7d5fb8aada30eae84f3,810.0
9ed5e522dd9dd85b4af4a077526d8117,810.0
793250d75e4cbcc12182cbfa4d7a6c0a,810.0
f5e5fe72f9d970fc90546f2054e92c85,809.91
2af532c873aa98204e14929109f0c7fd,809.9
81bbeb9f0e1860ad7e9343b8bc5e40ea,809.9
c2676f47437c3ea66442e39a07605d77,809.7
1994904e979ef7c6ed7ccc3fed8e3c56,809.4
e181c405b2194c93d04a3660b222a8ca,809.1
8085a9af46f619bc25966f151a362b0d,809.1
2a6f4afc6cfdd2096f8b3002dfb30db1,809.1
3743de9608dba0325a5534fff7c367d6,809.1
2b468844813abceb44b6cd3cc7dc6b81,809.0
a67c083c721ef266221c844ae8956daf,809.0
4d1480f88a3426764e5caed4195d8a54,809.0
0e8332eff7b8fa0210bf0350bd2fd5d3,809.0
5147a6bf08c43e10cf8631cdcd0825b6,809.0
e9464eb5ddf959cd6eafd176ca44eda7,809.0
21525a3321369961ad550114e0fe022d,807.3
12aeb676925aec00b8045ed2f8e13a3d,806.97
a6ce93bc0e8cb0642ef2c8105456fe91,802.14
b905240579340303440e92a1b8b93d16,800.0
9d9ed8461ab0d39ca9950f78958114f1,799.99
3d34ebc358aac6406eb02d4d46aaa4ed,799.99
807ab8a87b6d20224250b92f71a09f77,799.99
8820a10be480ab58c6cccaaeb887c15b,799.99
b4d65a5315229c8b228ed56e5eaf3af6,799.99
2877d92a0925bf30fe19e44ef779e533,799.99
201f130e96c1e81beaabb40ad0a62191,799.99
e903fd2602504c71d968c91949519179,799.99
ee9b9518c67cadb4b0a8790b57f209bc,799.99
76c6d181a76f258f93118b3898bafed2,799.99
d9543151e0caf50bc548bc9e1bac9f60,799.99
52f9c62f6fb5fc5aade1a9825c9548cf,799.99
3726bec3de946155c502820226221f4d,799.99
b5fba334815d79889c50d4a72a63bbc8,799.98
7ce1fc9e99a49468fd3ba1df06317ff3,799.96
6c0a32063bce9f24338b38d689988b98,799.95
b12bae899f1c75498d7c096e41acaeb2,799.95
67a187c3731c057a5671428353e653d1,799.95
dfe6428349699e108327e82801ff912e,799.9
2e42d02be69c165df14baad9a1222f1f,799.9
d661aa00fde51b12e4e50770e8bc1011,799.9
d65071b010c9ea4b8d7ece51fe7318b1,799.9
3186724acb14eb58267a37290a0a962f,799.9
2370fd2f366b76f9fa59768ed7dbcc25,799.9
162b229af6f23334ecdc569ee3a84640,799.9
27804bad8cee21a69133c3f2535c792a,799.9
1531106e1c467cea04c233e54a383098,799.9
0b47ec0351108af80246d8f74b65d63a,799.9
bd503113c9696cd633021943b3d161b1,799.9
68e503ebee5eda0752c5786383d3969c,799.9
95948f00bd07df9a0c9b940d7a2ffaa9,799.9
e50d75982d1fb2793e4f64c3dad738e7,799.9
65bb566a171a30602dd73dc55f8fbfae,799.9
a5f8960eef588aeaa9d1af800ef40607,799.9
c1d8293d24b7d25f4013a6f416e02850,799.9
065b47f0ea2d91cf34ff11a1cae7eb8a,799.9
a713fa2e20a364e681de7583a9271e07,799.6
d2f8dcc4ff705b76455d7833458e682d,799.6
73635479fad73f30aaa47cff4accb763,799.6
0d3ef975f64f9faa709568c6b48b5f97,799.6
fd7a35830279a45d98f45d653a932f31,799.0
f37806b39c94c4f2955426d5de77b4fe,799.0
b7db6432ef2cad09b9f6983eff19a04a,799.0
5d96879c568aab2c05eed074e1765a83,799.0
7847f7fb1b9778b3a4d74621f9ea123a,799.0
6b812afcc3453ae8a74ad4fe434ef393,799.0
df94163aaf41dc29d2051c88b9b6aa17,799.0
0557113584448ab15ad38c6dd52a6102,799.0
399c61a267a438e9b87d0e3eb7d322c7,799.0
d0de9107620b75a740ddfd310ab01c5c,799.0
e7c1ebf211a1f26de5a2a2f01672344f,799.0
b71abc1975c1da212faaa913da950924,799.0
610de329a6563928830c83fea3e8f21c,799.0
cadcc766f52c62f7f08bbfb5712bc3ec,799.0
419c5e5573bd1e16aa33dce68889fcc3,799.0
20e99db8db1906af30940982aa3f9836,799.0
88973adbb8d9a870b3d12137c4fe6c8b,799.0
ac221e82c9c26898be3e04caf10ba338,799.0
0eb44e1c1af5c72ed712162d28dc13f1,799.0
80ae4efaefbd76dc1756c55accb67119,799.0
392b39f0a805298df22f55b3670c6187,799.0
d65ebc2c999988c9cc3064c01b4fb4de,799.0
bebde5fc8d5a6179870f03aa35822ed8,799.0
c8901f16e562e287157e0d6a502103ed,799.0
d8c691db81a5838b59f3bd3ae93e5291,799.0
957107d840ebeccf895990113ae28779,799.0
73af977f0da1536e5bcc118b0bdf4544,799.0
0734aa7c0af8bbb557d1a11e8b07be9d,799.0
868c2c47163497b50be2e28d3ea04787,799.0
183d6ae59de08a9f3a67e15c9eb6a00f,799.0
bbadb481c7afa7f5d4e726e788aed89b,799.0
bdc2adf18b17bb2f8305082d8a7df775,799.0
dac61d4a2d58258d6d176306621ced20,798.9
4b5417e69f8175a0c37bbbbe9d0e1bb8,798.9
153de0dfaa218eb8a6ffcc4bd5cd0f65,798.9
bc2c3f39dc37bab49bdb42ea49d0b538,798.9
f7efbfdd624903afdc318beca96f519f,798.0
b59e5cd1348f825f57941afe947635dd,798.0
f3fc8d82cce28672798c9eb59ee15250,798.0
ede6d420b95b2d4145c3e0de07483597,798.0
5f78e0062e08a91ecc6a7cd787bd29ba,798.0
20704243c0427b370d6def78ecfca2da,798.0
50e215d0a467bdcbe63fe427bcff8698,798.0
ec512aec44574fceef73903803b3b382,798.0
7bfb0045f94740e851adc19d59cd53b3,798.0
cc1b10d7aa89d1e6b6ed4e336129ac27,798.0
73cc73b9f0e5aeaa6cb029d0ca83bcba,798.0
3376235680921bde7c149c5793c6124f,798.0
91c2fed5f0ceb55402114cf7a8dea479,798.0
58411c0028a9921d0e283e69ac0e3076,797.8
367fd22f1e994de87cf447d29c167a1f,797.6
dd1239e9f1ec85658411937ae783f6c7,797.0
c3dea957b88c4d7d4449a0461b5c0209,797.0
50b8c8be62013d9544bb456ade24e2dd,797.0
0e0be5d9e1789c55463f4366acde4d2e,796.0
86254a9e6537ee8ae084ea9a5b5a1b6e,796.0
ac4e47076dd4ea31cfd3782f763461a6,796.0
a9749e560068580b0f1feeb9bbd843c3,796.0
25ed0dc24f7c50b87f638e5b368d06ca,796.0
315d30072434c1feda91ba8676b54a25,796.0
0706bd15777b939c99aa344ccb34fbb1,795.95
62f5440f6d93653b45c159042e238876,795.95
4911d0b5eafb98f3062baef57f9ebf83,795.0
d103375981626bdaa9778b0897ee405d,795.0
8a68185b204d777b24f90101c7f8fded,795.0
7bbf16684383c0313593bb7e620bd4bc,795.0
987453d06d3ab59975fa08222c80c5f5,795.0
fe679f0292f2cd782061136e45b47500,795.0
9837d1472cd03e9141e2880406c56850,795.0
fca768505d33bd3a5565d51851b3d5ad,795.0
c760888b039d175b2989803228fbbe68,795.0
cc89bb0f40fb83134cddad77849dd82d,795.0
69f32d82d34e7b1a4d7ea2d963a81838,795.0
84fc75b23cddbf2ef3c0484369a143a7,795.0
f55e41abb0f73a6211c59ff1af4cc189,795.0
0ec94dc37e4e44d1b7a9eddf4a8a3da9,794.98
ffbab84622e367ac800d8e9874fc48ad,794.98
6aca43b6fe52b0e9ed48efcaef471851,793.42
afe3983bfb0b6424e85881a5cc4e1d74,792.0
9d49beb924f367539805cfc5edf5330f,791.95
421d65b7d24e669c0d728b6ad9c0742c,791.7
da76f9977b3186c7e1a7c10ec515c835,790.9
2a6179cf815c302b5b94a2bab0af39d4,790.0
399cb3db1d7a4c442e4833b5f57a4429,790.0
7198566fbc1f1c289ebf20ae2ade636b,790.0
25706538864f0f70a77b2caee74b85c7,790.0
02d1b5b8831241174c6ef13efd35abbd,790.0
3affba856e05494582eba561ff675db0,790.0
504b88cffa09fa0ce24ec30a55577e51,790.0
6260e99309fefdfaef12d0ef8fe82e77,790.0
88249ff04a01057d1b13027553b56207,790.0
8d1249ba97d78cc22cf3be6853307f38,790.0
6ed3ba51865085a8de8bb730cefc8a32,790.0
9d4314f6de130876aef05baaa020f0cd,790.0
2635b90e29bd6245ddc5051be501cdbb,790.0
ad11c35161c90b71b70d5f598fecdd09,790.0
5a0ce17620554f641a8113fc965194c5,789.99
c46b3d824160b42c84227cf65f9caf25,789.99
b576ef11e3b12196c16e412f8ab8e65c,789.99
716ec70b79099dd7fe34755d31c54c3d,789.9
26666e8b9d1f89876ea83c70e529812c,789.89
ba72c004d59d5ff2938572234ded865c,789.0
7958e417392cc47d4c91b93ee0aeaa39,789.0
d8623801d61ed78b96506a12868d09f7,789.0
f1e77cf0c4452e2cf36f4d481a48024e,789.0
8247b5583327ab8be19f96e1fb82f77b,788.42
c4406d76fa8017368e37f9b5cf078cde,787.96
642617f021b0ee34f6df1962377c4b0c,787.9
a302033b7db39c0d3521b729a3a64522,784.7
ddaf99fadc527b65ba3440a404754758,783.6
af632360b0419c8b796d680b15acafb9,783.14
19302a30c6a6f3b071b5ba9ee49c9f1d,782.25
9a4c2301f22f861dfc57e361eaf98b99,780.0
1f18b71a69fbba019ef55947129c7f84,780.0
03a2a04722a38803d8c29c7339998d54,780.0
f31c345639891fdc347c83b03e2ca2b7,780.0
4dc417fbc348bf334bb2d066ab22efa1,780.0
aac7996cd5a3e93ba06ebbc0ead5a3df,780.0
87bbde35e6649328410a77cc82036709,780.0
6eac56572e999fbdb8f2dfef5403438f,780.0
fd7272ee66a9a2d9dd0f622d17a1c665,779.99
c7aef0278d3d09b9f80219ae272cc0cd,779.98
7b2ff9be0c86252de722d6287c6d9668,779.9
caf184e2b12a29d43ca80073ca4a5cdf,779.9
cc277f38f00523ab10cdacc109bad31f,779.89
2879df7ed1e90a3f0bad2a69eaa904ba,779.89
c5c273dc7587ce40423e6c791c339e79,779.8
14945bc802d49b0f9f68f2ea8fd060c4,779.2
ad8253ef7c6f22fc841eb44387c73450,779.0
4bf502b7bd3cf867e9421534ebd7f446,779.0
467292e9b683d78fd3c115882633effa,779.0
b63fa2c5e73bc1c4f1340748442f0722,779.0
5a31a9de95459eb5b6930f540a1b368c,779.0
0f337ceffd2233ad8575fd02fab410b6,778.0
6bd5a6c074fd0ded0d12ecb0d5ea4da2,778.0
cc0375db490f28340c99213435819839,776.0
eaaf5c1a77ed8abe964046535ec9f4de,776.0
69e7113f19863b835b93d61d5cef84fe,775.0
45d34e3117437b0eea2c3f283622b12a,775.0
5d554dd7036310dc829b9dc51a453873,775.0
3efd90addf25f86498def3d8aed02174,774.9
1db2b65fe180603deddda6476084b52f,773.75
82fca30ab6707639ce97436fbcf1b15e,773.5
f4c13379ddd0ed4f4fc1c0b49c2c5e51,773.5
7a0587a22e604b216a8ef5c8ce07d7fe,772.2
553116a8650fecf9e64790c28a2aa2ae,770.0
a5f95b21855ece6f75ed48e39bdba34c,770.0
d7d1465f1de475b3d507ab913951fb3c,770.0
3e64ceeab7ec34164cc937c1b444c97d,769.9
0a9ab8de2d01f20b459dbee0a345081d,769.9
62714f21d60b7e900caf24d23ac1a308,769.9
7cfab6c12495b3bf806ee0fd3565008f,768.0
9050371aaf6e57515b2583acd99c9bb6,767.3
16f1aa8717863e1ca3f2b26a20dc577f,766.32
cf02ebc7b145e83626254f5d0d1c6042,765.0
907fcbad2850a96e6977ba9919b1e9bf,765.0
9716fb9e3002825717c2fd41b423be17,765.0
af24747ac0b08ec8552954a3b7e00d14,765.0
256275249fa68a977dc44e1d73b94e4d,765.0
e175dcb4b025365a33467693abf7b4ca,765.0
adb32467ecc74b53576d9d13a5a55891,765.0
4fb7cbd1728fe3e7909ca36668074cdd,765.0
cd600417f3ba94952c8c4114a4f91264,763.5
07105ab4f77bd53b0128579b64df5cc2,762.0
1e66da1469bc3ff123127f2f299c3d69,760.0
94a76fda52e426706a1cb197d6db0d2e,760.0
80fca6556f3be9f3dfe121d9466c5acf,760.0
8600e7ab4bb1f46a5e24854bcc988b9c,760.0
840555fd2d5434672ef2b896204fd449,760.0
1c23fa37a6dcae855a1ee2960ca1c957,760.0
9cd1932f6366005d7fc2819e4b524941,760.0
d506a6e68d7d209947cc3fb558a3a09c,760.0
950dec801b6408c5679e84c382863481,760.0
b73408007744313349b9291bc0aaac82,760.0
2003c2365837ed9b6c7e6ec2780797b3,760.0
99d058afb52d7ad1474103d28382bc83,760.0
6deb02bb604b2fe695b7d2e741aa23f3,759.99
80b5a39f1962bdc67b8ac0a96936a7b6,759.99
ad70f138775d968ee261c7dfec755835,759.99
053145877b75927544b098ed35dde2e7,759.96
62a8b4a0d10a8fa0f5c34059b7758859,759.9
1e2322453e139f015d7a024b4eb6dbaf,759.9
2ee50c8acce81885e23eb2b2f8e09f0c,759.9
d498c7b6c3a02dd3be0236f38769af04,759.9
d689f03169d9172418de3b1251d2580e,759.9
708bb18caa653e13e585dfb1b01ad4a0,759.9
aa806755bf5b7c312a0243ef100e547c,759.9
b91429d5af5d399493d72675dd0f157f,759.8
bfea4a98ad57e429a31dab20bfe4375f,759.6
044e10a1e867fefd7f02a3da2ca475b4,759.05
82f0b75bb50fcb30711e5277e36b3983,759.0
50d6d003c4d24eebd586a3de7464b3ed,759.0
36ab8aaa5cc1c5972e45deec833beff6,759.0
e34249c18eac0c768a80717775f43700,759.0
f7ecb130fa478f9f5bee1b9a55293db4,759.0
a87a24ee764f092e8e4d331359d2e3da,758.73
fb33f8dc7bae67cedd3ac477a5675073,758.36
ea3a22583524fd4920f5e3caf9d50968,758.0
9032c3b04eb2b425e8fd7ca5fa908de7,757.6
0566ea068bbe90dca2a0204179e22f37,756.88
e914087f4bedebda8f0dc92e4d095d16,755.99
4aa40fd3991ea64e9dead06fe15f021c,755.99
4a4f1dbbfa271ffdb1582b3c504b6385,755.6
10408208bd283f97071e63a15e1277fe,755.6
18496a6fa6f46c453fe2e56cec440d0d,754.0
e7c0ba41633ed69bf435337a8efc0c7e,750.5
d49fccf7ac42a194ce342be56b2b10b0,750.0
7bb5a75d4a412872fa774b56e05d0c38,750.0
7c5c0527d882250ef1a6621240a2a2e9,750.0
e8a80ff08b448d3a676cff98d320096b,750.0
9d368365fbede6ab0cdb8751784cabde,750.0
e2e73f564ad5b8cf837e18b273016983,750.0
46a325fd27360b26342c0b0d8a279804,750.0
5260f456ae402e7bd7b16055e9a4214d,750.0
8219dbbbff05552e56dabd762e39de3a,750.0
424ca0007f462e65164136500127e8f3,750.0
10774c3bd46abb71735156fc85b987c4,750.0
47ef4aa19856c707b7ecf4e1d6983ba9,750.0
e1fdfa0695ef19dbfa1018d021dec182,750.0
738b7def1e6b597884bedefb76252fee,750.0
39de0d11bb661ebb0dfa0067edd5292c,750.0
a840a8a473510b964b751ccbc85d5988,750.0
bb465a223e03add1dea0f9b32822f59c,750.0
f778f02c91c3d2b58136d23ff663cc23,750.0
4a4da2516f325e16bf8f117f71c49679,750.0
341babf15f52e484fe4767376cdce1f6,750.0
6bae2a5db6ca78c2225e213a63d4af9b,750.0
1b985d3713dd6d3170040e3d0aaf8cc9,750.0
9f283eed9d5038951b3c3a1be1cb8cd0,750.0
19ba1ad275a13a70eb4d745c95647a78,750.0
263aacc6b77047d6465c97f0603cfc01,750.0
817f8876b6620f0d7d57d36409e93230,750.0
3a1500cbb61e14b125c201baaae5afa7,750.0
e61ea22e533a289c47e88ab43d594bb8,750.0
239e340d23f21f1c9886eeb7c3d16c27,749.99
67791ff8866a89d326226f73fa8eec51,749.99
e24770ef3ac259f30c13dc46a7963b47,749.97
62f766c82849282806bf2f62ca86432e,749.94
89cb8fae9cb1735dc8a51c2b6ef5c80b,749.9
7ef733cf0f7bb156665c627f1f5b4a5b,749.9
449baad385972ba0072cbf4dbfc18e34,749.9
87289025b9dd8bb0640e26b99f49d114,749.9
9b7aa0e1f05724c044ec8e57d7dd912a,749.9
150942330b6c45bba3d57bc1561229be,749.9
612b779c8394301bc22771a63e4e7a0a,749.9
6d8531102041466e74095eb791fa3033,749.9
f95b3c9f2f18db3d9e17cfdc0808d89d,749.9
8c4372d96ed5d53f6c4042b1a6e5fc08,749.8
f22449ebc3dcc171a096c27de4c3a901,749.7
f79c9ce96b5c0d7c708917616a0ba2fe,749.55
6a22bc47f4e4d19f68ea3691bc6a49fe,749.5
78d601a14d29913633ba202e053d69b4,749.0
bbbb6bbcabbb1712d83b6d996869b412,749.0
112a0336c86d903ae81179c5894232c2,749.0
7bdbb95d68b7d4edfe5fb9173398fdb0,749.0
3ee8387189b991320938bf060efcd3e8,749.0
8bdc70f24d1f362c1f43a1e1936c62f2,749.0
65d9213dfa004c17dc126503e106e4a3,749.0
e2f929dd884e4dd08357b8588fa4d0e8,748.0
35b0436d8811d628c6cc361c0cacd2f9,748.0
0c03226afa90f20094fccdafcc422e62,747.0
ac90d04814ce655c507c4d043e27a891,747.0
0e37bb448c582d68bb726f589606454e,747.0
92aea0fdf748979ef3e99a3a328abf59,746.0
789e56ada05b9e9529d5c04adfa90a55,746.0
cbab06c5976a687774aa85c1a6cc2f05,745.0
facdebe2c7dd497ca57b102f97cf8dd3,745.0
a521c025a3c9cafce21c0156d1555715,745.0
1dabbf0fce6d1d0256d0c7e0d779663c,744.0
2e3e670b12f449cee5a3acadd79487e9,741.82
759e55aef569d8052456f43b65cb9bda,740.99
74f779df828db21f3ca61c212fe732b6,740.0
c798c01690d37463672ac6710f7d6148,740.0
cd1001c4e8046e5652d0554ef9615a25,740.0
303f96887b473d72e34c2d0e492fa43b,739.98
7ec9ea9d385e8c923d17aa2871c020dd,739.9
1c91bcd4142213a9d1926d24ed87c255,739.9
9e882b4b26586dc892b3c5bf461c3228,739.9
0c74ae4dc7cfc64d2850f5c612bf9411,739.9
946f35bd37b2438f7f2d68da8ed3b963,739.9
7b7c592ede6606e96e5b9f0d5123192e,739.9
05775243ed704519f900b91f95b9593a,739.9
b51ef096647800ac676566855c6a4a24,739.9
ca2138bd02478a64b51c063c4bb7fd8c,739.9
374d1a370cc4fc67244345f046bbdff6,739.9
6519f59a7687a4661f7c8a7e24f28f94,739.8
47b596278938b9bdd07332f6b9e76810,739.8
a55b27e45a3868d10b0f57ca643c25dc,739.0
250d070dccc06bf15a6e4e2f2b1b5870,739.0
81375382bb64d7f7ba43b0bad8c033bd,738.9
2e9120a1e2fc231f7d7f935e1ea43739,738.9
859b522550a8432a7d964344843e7753,738.0
dd502b57abd7ac93f33959fd9cc88348,738.0
5d40512265ba0d0674b70be65b892a1f,737.99
4324a4ed08aae12544d0dbcfdd6f9c4a,737.99
dec8952e97ef6124259c56914fb3569c,736.0
1e223c28a57021767dda5694299786b6,736.0
8bad98b4cfc0bec348b202ea08123680,735.8
800e3b05cc40f396118128d96927b805,735.0
3cdeef44eb1b45d1eafd4b86dd787c1d,735.0
09719affdbfaddf5d3d29417c39089dc,735.0
ae8652a7f987b32a0161f4c72b22ffbc,735.0
3776a22e0579b156f6c7664e0a9b640d,735.0
9b474f065e302d1dbfb227075c1513c8,735.0
ad68c4246c1d9103b42ec8aaa5e85483,733.95
55eb63ec4c4a5e4146da6ff2ab13f62c,733.3
1de5807441f95aea250436dfeded7acf,733.0
aadba4edfc93de05c1142e39db3eedbc,731.86
a095450e0630a3f9776ba4196dac1da1,730.0
c903f7a5a846c6117e671107d202286c,730.0
ce5c2647d9125a115851c01b5b356426,730.0
2bbbd7df0586aaf94b0505b6f20fe05f,730.0
ce9167d363251ec55e167d15816ea22e,730.0
194e5864217a3571944250937dec0a41,730.0
0c7bb23d01c5c4c485b8967dbacb97b1,730.0
f0f671d4034e98cdf20f0c452d6db02b,730.0
7d875beb796e3f0fb726c3854dbd3037,730.0
2277d479ba033b5878e10616e0cda399,730.0
e10682de4ad385d0a8419b29f2c6d486,730.0
607cac3b738f3e37909b517901df2e85,730.0
3e35e35a82de3fc574900adca713dff2,730.0
a1b016bef8693b86fbc40d6773f8f29e,729.99
4adb8dd7b93358374417474ea8a37492,729.9
96a3ccc2b8a86795e0dd98dd58e80d82,729.08
6605f055f23f5ea379920ccf7b35255f,729.0
898d5e5238863a03c7e476003490f40c,729.0
4a28af4dc07ca764e043a6e74dc4e997,729.0
5643be948bb322722835f79635077474,729.0
0793d48afb00826267d39338071213d1,729.0
a7d13418ff9eec5defb8034d9eb8771c,729.0
2f1515c4a7880fb7c4233a9c1a868918,729.0
3f0a59c87129e3089fc4099028aac4aa,728.9
d7a2212037163cab1dbbc8901aec73f1,728.0
74d12506558a6bbbde586458f73d328e,728.0
fa4418ffe30b31c317748e51ff5171b8,728.0
7ad723676801aa4af929c35a4adfccc6,728.0
77a6136f49bac0c337eb24e043f624b4,728.0
eeac13acd9226d9a1868dd7968248978,728.0
45a35262f49c7b1c8e9adc44537713a0,726.36
d1a2056f6e6e1584ba56d6e6f0285e56,726.35
03418d9b571e1f02f974011713dd2c38,725.0
95f3b1905c7702b401a038234fdb722c,725.0
ff78b46a7600e28f95a8f1d690761213,725.0
81fabe977218400e510cb1790a2d2635,725.0
e5492201e8dd8b9bdc7e8df7a85c6514,725.0
df658f2a78db737ea87e376b8e4c00af,724.5
b2288e8bd8bf77628963aa8a0a7790c9,724.0
59877a6f1e3fcf62456198ec8659be56,724.0
2568c831124db9538722e8f9dc29aecd,724.0
614d3b628cf514be479410ed80dc1518,724.0
de832e8dbb1f588a47013e53feaa67cc,723.74
4b678fafb0a9ac6fa3ce2670f4cc2a3a,722.5
ddbd5d378c4a0981ba1ef29fb8e40b8f,721.5
defdee1ccbcae0df479d0152602383a4,721.35
89ce5d185f524e19ab34c90e6739aa7a,720.99
e8cf372c9434cdafa7390cf016302d74,720.22
733fce0f4c919aa6c6f408b6298e1225,720.0
2715d7fd8d3dcf331ee4814a00a51a54,719.99
0176ec1982f9f3aa628de3a506191769,719.99
9bd86e62b19dfcec051d4ca9c5d10ee6,719.98
427193866d6c04a3fb307afdc2731b6e,719.96
fe58bbe7df40b2146ac3b2c65852ee03,719.9
9a3f62a5bf3676fc5f7197d68d626515,719.88
68b3d6ac0b851622aa7e60f808a8c38f,719.88
d26850649dd913b91764020587e48f43,719.8
5d6ba9a28eb4cd87b8c65cc995850296,719.7
ed8c52327eecff596e141636d5b556d2,719.4
6c1595b2f1b1609773c6f8b81031c1e8,719.0
ed9315449fb7309a249c80b1da794775,719.0
1b00e2a1acd75bcfb3e96544e789c048,719.0
86f6803290c35323ff33bc485ccbc83f,719.0
0f3bd0bd44140c8d4d481fd7c47c1c2f,719.0
aec1172260219ca0dff7c01693a99456,719.0
8cbccdc86fcba81b6a46ff57e594e428,718.9
28888e758f4debf9d8d79a8f00222f04,718.0
65087f2ecd86296752c17be69496a9d1,718.0
9fb00a5e93d15b7cd3b848b9e904e4b4,718.0
598f596354c501bd195445519f87b85a,717.71
be1c4e52bb71e0c54b11a26b8e8d59f2,715.08
52f9bb76c4fbdf5ba4dc9bcfbcaeec51,715.0
f33b127cad2e1ad3d33db4df72ebd159,714.3
a01d15466cc19da855ba754cafae38ae,714.0
0b65a4d0707c6168a14491999220a2bc,713.97
d7a7b1c5ebddaa7525ccd4d9c5ed537b,713.7
9e1d60f744e20177e6c2b1062af5c97c,713.6
c5c43d14a781c58ed1fdac7c9652f18f,712.9
110200ea348b1c2a93d9278d1ea168ef,712.5
4a1937b48a2a0944416d7a287886b9c2,712.5
148078d68b6cdee7fb155cfd58d29bfa,712.5
ae5a0cc27a6c62814813be49a79a70bf,712.5
170b45af48b6abcfa4e0bede1e10a78a,712.3
53c996d70be78077dd4c97f771d9f32f,712.3
609b9fb8cad4fe0c7b376f77c8ab76ad,712.0
5a788e14ce834cd141d015eff188781d,709.9
90f85ef7f6b7f07be42e73c4b8f298b9,709.9
42b35a52a2ac0962b846d5c532f81e3a,708.0
a022d09d6218dea5a35a53d834e62912,708.0
bd9dab220a858d41057ab2a01737851e,705.14
ee9ad961a9e77d12ff4536208539ce17,705.14
d0c3324f488ecab081d2b40e9cc7ff52,702.0
ecddacb5d88a37903a95579250b5a40e,702.0
f4d64a735d1f90f13a057ca7f7b5ff87,702.0
94dd8366ec790734b50b0d346e5a1cb6,701.94
35a68e6e1ebd3fa29294c6a7b198db42,701.4
4c0be602a250af7593855a59896dffd4,700.0
4f7bafbdad9cf619d3edfed649ff0f26,700.0
8828c9fbfb4cd0052136708d8c7c1ff9,700.0
963366b61f65e7468506fec284494bf1,700.0
cc24ed2ed67ceb1f6d4878edeea3aae8,700.0
c8b16e3c1d5395eef799659d1fcac373,700.0
8875cb0dbd8a850814b5d444b6c40499,700.0
26c2211e11c75c75f952f78f65f52195,700.0
ee831abdb6ebaba4181ac3e0fa26334b,699.99
57ce584c0a8742956ee423f2f0b488b4,699.99
6524f70f5b0da431f3e25f1f39f4f14e,699.99
578ce4a565c881e151e21d957f1ee3c5,699.99
36a80398a8d7c60932411d45ca20c4b6,699.99
6915b266c843d2173c26493656177e5d,699.99
75356ef942799219979533e3b50950de,699.99
d7537b3c5b91b42e9ae5db7a5373b50d,699.99
bf49078cb518b0cb971b18b177c54969,699.99
e34f1deeea3369207caab9fd7a49cee8,699.99
c928d6a6268dddc2478c1efab167900d,699.99
1dc79b18a1a94a88df9b995e724a514f,699.99
1a5f1ecec258984cc83d3dde079bfffc,699.99
969ffc0f7cc1175aa94fc82763b2172e,699.99
9f8c81385c543f01610b9a061dcb900e,699.99
3d67ed4465f06c12893998418e08fac8,699.99
9c55979e022c8dc16611eed6a1c61a97,699.99
91e2b884d3b5174b3c9910dee03bc0e0,699.99
8605595118f211032dd982e966359be9,699.99
753f641683edcc68123ea7591628d6cb,699.99
0d93527d9551032ab52843b5011b1073,699.99
b0fecb21589d0fa068b1d753aa8f024f,699.99
217138d46fa46dde7370d830285713b9,699.99
37fccd2d756c8564ce539cef92358880,699.99
342dc8988d373818c60d8a3ca1c5c730,699.99
93413f9b6489af98265d01b11753f5f5,699.99
d110f0e027c5b384b2883816bc05b39f,699.99
9d1a96b181bc6f175146b254a2335e29,699.99
c14447520507724f6599a91cc98d9be8,699.98
af1df4e9c98a572fd68ad795377d8834,699.96
85c67e22ad636abe63a496aa08b83e62,699.9
21e3291def7e45a14942cfed084ac9f5,699.9
2ad234fffe8a656d1585f96cba385dbc,699.9
65ca4c923eed057ae8b71dd363de6a9e,699.9
bf84db1217d83f8ac1838d375b7784f3,699.9
8c699d5d2606b7cbfe0e3a8bbf1a3fec,699.9
33a366be73843c5da3d68f3d3427afd6,699.9
976b96fa83a29c78baa2ad3226e2dcc7,699.9
a53aad9dffb6d554e7f8356c2017baa4,699.9
511bf1f58434360b2aa7420dd0a2929a,699.9
378e7272edded57dcae0954307e1fc3b,699.9
83af78feee85c5d2545ebd143de193f4,699.6
b2c3de242c970c6ab08788a5527d0170,699.5
9fd3cddab06fae6ecf593a31a3842263,699.42
43712210f3bda54791af9affec7b10bb,699.4
4bd62c9ef8238366a55babd065151b46,699.4
c220ab170a166e41e97034894f1ff1e0,699.4
b708e2ca2868effbb373e0a91ab58e97,699.4
2bab5b74d0058d54987dbecb72c8c58c,699.4
bf396d21b4ba3214fd7d7a9c10669615,699.17
70a9efc5396b189e1992166fbe612bde,699.0
8f719c97057011cf41342446c0a61999,699.0
da2ccdc414de2205d98e7772a2fc37c1,699.0
1582c109fe600f17495e417900294900,699.0
73bcc45a89640ee54f87e2a4b9fb5821,699.0
9a9c7c7779a50a08dea119e930e06fe3,699.0
04f6954a5161ce3f16f1ad61a4344bab,699.0
7a2af63d84fdaa8d3cd5034e5ea09d7a,699.0
47e2de6eab3618c1d08f51f6d3af4826,699.0
a7c508e22412d308615545b56178e03e,699.0
557f70dad14918337f244683541f5f4a,699.0
ad989815eab33d5113ab5bee7f13d72b,699.0
b23f056c8604016df9fefaa92128ab42,699.0
75f2aa057dcfd5d621262193e3db1d34,699.0
f1c7e813ce5fd823912fc5daf6724511,699.0
8f061069ee6bdea1be38ac7fb3de2d1c,699.0
b6c48c94d827458468ca05e8cb59fd31,699.0
5c1a9561b992127f29940b8a24a98cc4,699.0
b63ecdc5a25203eecd9401f58c289738,699.0
3c8eb6e4a5a9d6182673cca04d2d27dd,699.0
0d15ea6b8e1e301c1d2a67efd409514e,699.0
c1e431000b601bb3652ed7f5be537ee3,699.0
b9b331b5ed770e7b3ecf0009268983a4,699.0
71a350f57570c6963201ebe7e38b9e6c,699.0
9823ecf9206d39e817a4769bb2058db5,699.0
e8d796c25778bdcfe7e82a408b7d50da,699.0
8a32dae8c7971078dd401865dba395fc,699.0
26fc7e710ec9bba533f8967e60f2cc5d,699.0
6576f2b9e987bdbdae321940fdbcc296,699.0
a1ebc0ecb085dc9bca51a620eeb15acf,699.0
aa3cdc56190e8af89caac31d0c2cdcf1,699.0
71e408286d30b2a62113cabe4dba3e94,699.0
de059415c6f437f5d8b6d4f212e5402c,699.0
11c1d39751742fcd7e92255db994dfb5,699.0
ac4e6e678ad7b6c5e3f90ecb4f8b9569,699.0
d7d34c489950e92bcf11fa758dbf6d1a,699.0
3ace417f46e2feb1f83c8e8ee4186547,699.0
16833ba7e54ba221e63cac5d9c78509a,699.0
f4649f301f987ad66440033b88f4e927,699.0
7f2357cfd99c900565e6ffd6d2708d9d,699.0
e417c8315d721358f514b9cbce0b665b,699.0
7ff36184698a2547a7308a1941c255bf,698.9
1d1675fc8bb113d2244bf8778d7074e5,698.9
3d4cc88762643224a458e411e90c7aa7,698.9
447e4628e73ca8c7d2ec808ea4e366f6,698.0
50951904082363f9436bfc5e535194a8,697.9
0d084e109d08dc18e40858b407ce7c6b,695.9
964d7ea329d9be7d6001f7ba6e4c3304,695.72
c9f60908f2a9d84ff48f4650386eca94,695.0
843a771c6235fdb0a3003a61633ff6ce,694.65
2d7829de3fec217b93e903b0d7de423a,694.15
f9b4364d72fa2633b5eaaf6626e19cd9,694.0
4470f5bf4d0a7555c361002dd3f7142c,693.0
605b4650a0933260a775e682717e2be2,692.0
a820146409b46b535505aff7d58f3ffc,692.0
25aa953a41b1d732851dfba730552158,691.96
2c668eeb3d8ed0e8ee4f2953cfe7eaf8,690.0
bb0001b26ea0988099384552709f91ce,690.0
74e7094ded3e3349ba44c02b78901d64,690.0
5953f7cdc8dc637411b0dcab7458cdb9,690.0
d4bb4211b01632ddd742d89807c73c82,690.0
d9e9b54e6283adbb56b08b7ff2859ce6,690.0
914fa7179e73f1d63eb0633c566217d7,690.0
cdd2486e5676308021ce6f4b2e0ec701,690.0
35e14d7c373d7060ed667dcf1b35f211,690.0
76f918396bc39bf619c74a1342f31368,690.0
deb46841ea2d28c7b0d1893ae6af547d,690.0
97ab733376d9693af39f976a97e4b7b2,690.0
48c139b76aea64c5a5f88b4f3bf57ca8,690.0
7233254ad0fc9fd33b98c5ae2c3f1e39,690.0
4c99e4d80794cc4520af0b07913b4d6e,689.99
474267d71ac1627b776027ca72c2d64e,689.99
0adb885db398cb59b0bf5f19f8766205,689.99
519a8af813fe88578029697625439e8b,689.99
caff9af2062e591e7017127bb205d7a8,689.99
7270ed3a5ab7b98df3afafeda2efb935,689.99
14a2912b7f370c345cebcda474774f55,689.99
c2bb55de66da47e9468a9c3922baee16,689.99
a64ab1908efa55042b07c945440c98a4,689.9
49b099ab9bd4ef041b24a864b39167d5,689.9
6902852b43c16da6525f663dfacb9124,689.9
8c6f09183a718cad684898dcaddc583e,689.9
8685c9c67e2d5eae365bea2f7855a1e8,689.9
799ce5c7f8435dfa3b4a7cb61670a5d3,689.89
96fd06edf4a19ef74e5316052553b842,689.89
8e44b2cb028b4cc7c7baeffbe18dc0b1,689.89
864ac617f28e226558e823780f171c9f,689.89
803f32fb17f4584b3e67dc7cda49ddec,689.89
f9e8bac3b69529d543bf179ce64ca6d7,689.89
ed88480ce4b4e55c28bcde629cd237a9,689.89
2f32cc670061125271017f98f73addde,689.89
2c03e5b9680aeca26ed87d369d4e097b,689.89
48bb7e6e937e1b868e8c1f0868ebe2ba,689.89
c9f36cd5a864394f34c09abd36cb8939,689.89
da83bf9a94ce8ee7a0dd931bf6029a85,689.89
9ab2076d57685d708c6df2b209407b7a,689.89
01b783aa8c0944d07d43b8e2039867e5,689.89
34f3948e492c28ed80ffb26eb73c25cb,689.89
1125e0be19e2bab707206860511dd65f,689.89
17e6e6e330608c3bc663d232ed923cb9,689.89
43eabd043baaab5f73193fae5eae4af9,689.89
747a712e7fb2cbf2f0c031edd555f6ec,689.89
4c1314fc282ec22da807d1a7a87f41d8,689.7
5902a1f2ea205de385670535ffd5e0a6,689.7
b9c20ab23c96e9531dfd3e7020def950,689.0
f4089d4af6a57725128cafde4c098188,689.0
febbd4e6ae909a20c180224056434c39,689.0
56b18e2166679b8a959d72dd06da27f9,689.0
36dcd1ca06a31b26bf8f9f56576412cb,689.0
fc87f30e7ef49bae010c715813850bac,689.0
5e34825621e2f665d50b4cee28e37023,689.0
94d7782cb0c66411c4500df77bb6e3f1,689.0
8c9f9f3fa188674e6d52e4ee94fb0c07,689.0
f8575353f39a6549e55ad3c274e0936a,689.0
0c1e0458ba5d882b1b85cf1b80528ef3,689.0
a80975f072a5d075a4ae83000d63ea49,689.0
6b74b5483a6f18c2538a9c848e50b4cd,689.0
6c75ed88adc5d6bec97bddf220e6d638,689.0
511ccb3aafea18b48241f081b07dbba3,689.0
7c62c3b955e3225ca51cd0242bdd9b0e,689.0
6dbdbfdd71adf32f87ec9667c1bd4753,689.0
4c3c19f9f7027a391f0432e24fb1d7cc,689.0
4d4542d32f3637ffee13ca9ccb63d9de,688.0
2ef4a56579ebc92bab401657923e7d4c,688.0
0c24eb9748620ef4c1a57fbcb77f5ff6,688.0
a1746e37af49aa5afd6b195baed286eb,688.0
179f2ea0a40973b56845f358338ea64d,688.0
0228874050786ca37c963d514a71684d,687.0
2b5292c3f78b4219cddd978e6d92701a,687.0
2fd0d615269828403248761ae8497bb1,687.0
0a3fc5d5da7f44df671fd0c914381077,687.0
3a9c4e44b0cfe2c46d1aaa0a035aa6fb,686.73
3b5b6699a87f8039d1e602b8e04cffde,686.21
bd7bf31df8713e97cef95685aa9963f7,686.21
d6646ea91d8cd9fc7e6882a7068779d4,685.4
2dcab4404892ffbd359bab47cb5898d8,683.38
20a92c393edb6c08801eef97295257f7,682.98
9d2b760186a269cef1fbac0a2e6e56f7,682.98
f94c9d68a66760b7e46248dec580e423,682.98
e3e47ad0e26636dadc729691ce8b5e86,682.98
dc971e038785f1115cdac2d3f59a33dc,682.98
7d9e8aae68d6fc3e862582fd6fe3082e,681.2
3f64f68ca314162409d03c369cc1fa8e,680.0
52bac838b259b33abe6275393223a628,680.0
8e3b1e818d6a515b76ab1d9aaac8d195,680.0
a9d133270bd0d94dcc2a570cc3c79efc,680.0
5fb671249003c434b2f6221315c7bbef,680.0
fb10366b5cffb865f427f5a5960fe220,680.0
8d73e655c88b5d3fdd1f25b2aec2cf1b,680.0
e435b927985a4a54692728ca2470bba5,679.99
6bf3594f41ebbdba3f221d91713ae2cb,679.99
c9eb51d4c73a71b76a9b1131ce6e5828,679.99
2c8be64d4c648b0bbf8412c53761ae27,679.96
787eeca41f37a89f86028b987f028aa9,679.9
69cb766f106988cd621b3b6c67221826,679.76
d961544083cc8837794f0fe258f812e0,679.7
cbd695d33e330f53d0d480b280111aeb,679.6
5f302af18bb0da175bc7b0eff5307451,679.12
4ab32cae3ab517dfd9db1103b658575d,679.0
3e0d49ed5998234cb45d06c5ed7bcdf7,679.0
a725b21d848e46f074496c1c791c8fda,679.0
7f4e3f3ac0c2f3a9d1adb1fd104f0700,679.0
5e2d7f57c86912d4f1274f15c7bd2c27,679.0
26470d2cf0c109dcb7cc046d48779846,679.0
f2a3aa652e2951d22062c8a5e200ec05,679.0
4e5570ae69c1badaab290766540ed0af,679.0
c0072e03c956b815b7ec125329939574,679.0
8d3d362741da05c706eb55001bdfa1b9,679.0
62df31b53c3ec1fe05062ef34e35f2f4,679.0
24e42f89b0744189b63a6fe0d2223b6b,678.9
59c56e683b39c2ca0c21348d5e5eac99,678.0
48c83ab1910a8d95f8702dde180d658b,677.94
5252324112d4cf5d30f45b5abc43c38a,677.6
05c59c1adfa648942fe0966db6296ff1,676.99
750020e5e910f6d66518e66a64b70d4e,676.97
2efa0620f7979c153d5d492696d4172f,676.0
a7c105e27ad87e9c6c3f324645800bf5,676.0
3150ca8ce62833540570bafda45a6b11,675.99
1786e58621cc129f08180b184b105fcf,675.99
517309570c755ca7336c759ad78c6919,674.9
f13d38f83b34037f745ec79cc915a8f1,674.7
3cecfffcfcdbac8b85cf74dfc8a60166,672.41
39d7c7a5e9c2172c16234017faf854ba,672.22
21a498fded382f294edbde28ccb9c002,670.0
2a381888bc87c4fde2eda8bedb291234,670.0
a131489364a9e1b312f4d73c52299dcc,670.0
b47973c8ea3acd5c549120a28d31f62c,670.0
c073fb80229f3b3e39938291f56896a2,670.0
4d9fd3fdeb58a1d0d4604d36b71aa96f,670.0
678e74c9b366ce75f5c373f8c1562fe8,670.0
31ef214ca2b1a59ca5819bcbf64b6349,670.0
f9067bdf09476acf12c7ea4935a5af52,669.99
37407068652762ec1079dfc51d332e87,669.99
af7bc908db6f201c0b53506cefd57658,669.99
2ef4772e08a92ee1d12f3295ac099d11,669.99
986666beea9f9971afa44b4bcf1df7cc,669.99
f052ff7c7ad9e747e09bef53b42399b4,669.99
2754481372b222e0d551bbbdf15e0036,669.99
9380c4d3c24f6c62c443c8da0f2f0ecf,669.9
e92123d0ebc71e37e389e112544064bd,669.9
4869717be7887d39ef6cbf9a130629ef,669.8
0cd004313277890ddd43f33d5b81a266,669.65
9885ce55720b7a76b140a5ed53480d74,669.65
471f625b14c432a5c0944bc2cba5aef9,669.0
8a861c441f42b3297875a0eb3bf98b5f,669.0
52e0af9a017d2ae5c1f107b1e38ffc5f,669.0
87098d76b83db407855da8e9d303f041,669.0
87b0f9495e8483a396c8722f9e5dd2ee,669.0
c276069b9038f794b40e0367b28a64fb,669.0
9708a89477034ec963ec539e031e57b8,669.0
065114e77027f9dbf435b4fa97af1c93,669.0
be31a641ed367efc38a695f91b2ca9b5,669.0
c9877fb57fac51fb8569a813c5707499,669.0
4574799ec02305ad487c70b99ee872de,669.0
0f067484e64242cf92f86c358300fc97,669.0
8ccd46cc8be33674f7a7877cba04c34e,669.0
5ba3ac0869df00141763fbdb83c9c14f,668.9
26d81167c70403d2026325910c1dffbd,668.0
67b0294ba64d7074b39bab09cb5a289f,668.0
903041972f5a3a9b12369017eefaef26,668.0
c57634d5990d5d8952865f55f994cc4d,668.0
0b17547070772a7ce777870c5aefd09a,668.0
a41df828b54b6e134acc61e8da86d2d2,668.0
3ee82f4a953ea7f018f21457044917f3,667.0
766457f4a2aa4915f43e4a4dbe1b3609,667.0
ee7d24ac69ed563a8e722414bfc1cb8c,667.0
4099418e7cdb9ce6b7fb765b203bbd4b,667.0
94a0145915f0bda7507fe35db2b2698e,666.89
092c59785bad44d0412797caf8867e5c,666.0
ab46103abc25cb3dd1a256b455dd9eaa,665.56
4f568de074677b8b87aed460e1b9fe93,665.54
dbf7ba2bfcacf5f3a8af6426e761f6ec,665.0
f5dcce7b8103b1e9756f13555318045a,664.9
e00efa08727aeec3f33c4c59e8cd6633,664.4
14c1e4101ca2dc7dbf876d9c9e6b11a6,664.0
a3f879655651f95e2875ded95d2fa772,662.99
fe02528abe9cf5b73ededc4a240acc9d,662.73
c3539d3d4dfb2fe3b6de4bb8f277e989,661.92
1caf1a66f78b479e81a45eae0dc3743e,661.0
3eb2f427052bb599312cd03531c90469,660.45
355b5f09816035f6001cbeda7beb04ed,659.99
fdd0876705d2f479feeb936cd9cad782,659.99
990c368dbfdee68ed134dca15b5e9dbd,659.99
bab736fca197c16d48f8720536c8024d,659.99
8721213de91e5eb5867eb97de23ec440,659.99
d2f262e4f938b4fe0b5015fa24a2d7a2,659.99
e18f2227fd449c21965688ebfc50b0d9,659.97
7d2e9de299e7087ef52d931eae2f2345,659.9
af813d7cecebcc076139351b95e7d289,659.8
552d0e5a44018a46a380e34ab1ddb6ba,659.8
3801c293e240318c5ad66216d15ffc58,659.8
5dda11942d4f77bee3a46d71e442aec4,659.8
929f17c31bd7186f4a6ca3d7d8d0535e,659.7
f844205b357197a0a7a2f6937527d33b,659.7
50474ea7574ee03f95852dcba23a5639,659.7
03d5f6b6cca6439920d309c658fbb5df,659.49
7513c4bb10a41cf4fae9d29535e31fa7,659.0
43d906d27e14ab387350f31222f9a3a4,659.0
2b953f703e91cf2c79c5f8af51f1336a,659.0
70aaa31389167ce3fe1ce664f51841f9,659.0
4f43800c561a29217ce7b1812270a79a,659.0
9b29afbe5be6f07ceca7ecd44ae83a4f,659.0
2fcfc9d4b333b0b81e5d3ce23d6d0ba6,659.0
08e6bea8018626bc5edb8c3eee3c8b85,659.0
77e0e2987754751f359ba128d6cfa606,659.0
4237454cf3f961d5c656344ffa9165fc,659.0
988c1b699bf81d3fabc3cf8aaf8cf156,659.0
bb0c8fe6fc83eae94e358e1b9d9e6caa,658.9
3366fb066ed37d6ed3d2156d0cf1af20,658.9
50aaed44e9c8129beddba50bf99c232a,658.9
74bfc507b3ac32b750e60fffd04a02cc,658.9
b2d844119e557e4a04d7acff5870e62e,657.8
c4db8eb6adbd7eec0e1c0028d7d1438a,656.43
3e7a71c05142242bac01cc51841abb3b,656.43
b44a5b9979f7323c0db890a4f33020c3,655.96
3535d2552102ae23095147d0409f0d20,655.0
6eb70f7edb8c444d79b48b399f61ead6,655.0
3be03375f9b164cfe53ed22dd5c071d6,655.0
f16be7d4ba4fce354eb82fe49b543426,655.0
ee5adb8171e8b33a1d5f5ed2cc21456e,655.0
4b923bacae1c1ef7a16e931b3972e7f1,655.0
b0bb9bbd58b0d9380fcfda42355e4089,654.99
c7f2cac5bd5e577cc6b72a253ee7d5b7,654.9
a05d492275cc70b7edef237403ef8fed,653.4
a8369395689cc966efea14864a417708,653.4
bf325052e878a2d9fa615ccb6c53e3b6,652.0
57987b4d11a5d931e9e97fa417e24e12,651.55
72e7b1a8c79c9f535652bd2515b77781,650.0
d90359b63914d35b6058e423f964db77,650.0
b821c0ef4b3b00f7a2879f391aedb4fa,650.0
251a9c289f548b851f2764ea57f0ea59,650.0
7161f151fe8646a5fdaac9198eac0d87,650.0
dbba692279feffca33cacac80a04a0ec,650.0
35b6033213b51c89ca1e4e35de9a45e0,650.0
319481c968caf99d5daa782270571d51,650.0
c8d216b178057e7b76dad138f9bb2aae,650.0
63b3eb851faae3c3c19d106082e2810e,650.0
a271788c6bad8633d39fac1fb388f677,650.0
7f8aa5f321fc28ae90ee6a38cd6e3150,650.0
a517a2e827c9bfc8594fbc0d6fe62052,650.0
fc5795f8f743ecd3ccc0f4d89a50438a,650.0
993d0439436ad1ef23ad62dc6f66cfe2,650.0
3123f2ece46a6a1aefbb82dbea259cd2,650.0
44ce310a65512faeb94d2a990bded67a,650.0
5e65b0c78a0bb8cfda4aaad93bb78d1e,650.0
c7ed15337e261a758c2812b1b41261dc,650.0
cda60b855f79e10246781d30a9fd7be7,650.0
38f0e43b7e69e8aaad522666b7cc38c9,650.0
a42fce0a9fe2e8ba2f7b2b0dbaa4b626,650.0
5f2811da00ecd6108cb95640aabf2fe4,649.99
85bb769857d427c1ff461c9ae828c71b,649.99
4b3b94241a1988685ede1e51288b985d,649.99
597edd65d504b2f95dcfb29735c50c00,649.99
d2f186ceb055fd3674aa324ef1e43fcc,649.99
7562a7e41076f314587489fc5b6ce3b3,649.9
89639b2f91a92639d907b9127c6023c7,649.9
a4d344d6eb50f346c8944aee3f04d27d,649.9
173eb0a63edb9a9d7bb1e87322d3cb32,649.9
40751c6f0779cbe4f55f46594eddfed2,649.9
e89806410bcb033c5cb314490d6c5b99,649.9
faff79d949e663bb74f43c75aa0b41b1,649.9
c1d2d2ee31e141c205646299371af1e1,649.9
13e424a5e34d53d87217feabf8c22d36,649.9
c62ddf589cbda286e9a674861ad04739,649.9
f5b409952043a95b38876ab5a04f6855,649.9
a84e0599bc69dd52b14e2fb4a1f3ff9a,649.9
98b806dec7744f1d6ab3c2f5def9d1de,649.9
220d4cb3fd1fbe497f2b013f0378bd2b,649.9
5e67f305818c42335d4a735777e05cb7,649.9
8d49f48fdd5db39e5be43546d69a848d,649.75
0764fd70cf180925814aac76754a1a65,649.65
7ea778a6a19290dee846148b45c64f6b,649.51
1993a85ab0559032b87d850e75d80d0e,649.5
31d3512e7bed81e370160150fa1b0235,649.49
0e842b1aae47b4579c8495a93fe0aae6,649.17
b03bfe9da81252f5e3b39196ba3518c0,649.17
88dc22aad9cf20898eb3780977173dc5,649.17
b68970b1f72d8c9bab15252cd1f69094,649.0
6677de4eafbe968dcf5088ccc239aa33,649.0
3357c500902564ccc79722702ccc4428,649.0
5b97e727263e5eda186851ba3abf010e,649.0
51f2243a8dd72cbaa606deaa06b984b8,649.0
77d767cce2733fe1025b6e0740242db2,649.0
ecb5d4d5b75256e28606e9d4487420bf,649.0
4397fbbf97a324dc3b0616f4b67ce757,649.0
898fdee698be4f9ed803045ad200f749,649.0
20aac2061bcd04913c310d5488bebde0,649.0
b4bc012958162251fd2f4cffb0ae54dd,649.0
bbc0dad2f1ef65b2fe8b9312701a0773,649.0
5951a1097ccd1351906878cc59d9f28f,649.0
11529689a3fdf79b53cf853daf570b16,649.0
9dcd979236ca7ee761d401e452d75665,649.0
ca1c0133a7c25fd0c6b9cd7feaaf7afd,649.0
5f0f9d089923434ed36bfd4e2bf8a213,649.0
764aae7da5503356d7ee0f4a4769080c,649.0
239914266a7bdd738ce6b85a413e9e48,649.0
e937151346d1bec664f5b80cd798bdd2,649.0
1c147c7a4229fc41feca9e5f688b5871,648.0
c849ace72771155d3ce3a8aabbabfff9,648.0
badcb16575af12e8b9dffb5ff5ac652f,647.91
dc9dfd801d2cd37a2908dda88330bb4e,647.91
1a0760621f55a295a7603016d0b559af,647.0
3e56ca02c967da58ac214fbc94d78df3,647.0
49303575e3cd5eb125afb49fb9e8da47,647.0
7681b6f030e2fd99e790f9778da57c12,646.2
d765c83816a7d5134cea8751e2a0a09e,645.99
6c26f84cf2c64b34aabb545b1ce5442b,645.0
12910acd03efae7d09d8ac5984b1858c,645.0
103d5d5fbfef3c9347a68786a840be96,643.92
2baf69aa9f7c51867a17a6bb88fb194e,643.91
aba2b5ee08c838ca0d89220cba929d11,643.4
fe5e35510062d441ad985125ca9fecf7,642.3
06c2c1e92714f3fe285f962909a59c15,642.0
1f2cf3515947f2028f8ba89c02499760,642.0
cc691ea8c232416f0347dbf33005bf72,640.99
57ebc02940f639cc1de89b58602b64a4,640.0
71c41989b581f59300b8dc475aa48c0b,640.0
f31301c07f3e466ca7eefb37e929cb20,640.0
f066138977b82fde31c0fa4c67c6600f,640.0
446178189afff5d8bc533ad62ccde8e4,640.0
9f01f4bbdd9ec6f633d823f620431444,639.99
c7d5c3347080c1ba85f7c9887d8e3440,639.99
7705c11b3c78e3b558c28aed7b8d8600,639.99
610c70a5e997a8222166a556a089d2c6,639.96
c4ebc72b14f3ffdea1626db488208713,639.92
cc6960815e33428cd2babc69fc7412bb,639.9
315f4de9cae96fc9ba58d50b778e7e58,639.9
940b73d9af5cce19e400b7bc0fa9c48d,639.9
8e513dc76bfa7aab62352652794c038e,639.0
c92eca4ed1885e676c5cfa2cce1c48ba,639.0
22114b7e1101d29dc4b9071a9b6b5bd0,639.0
8a250edc40ebc5c3940ebc940f16a7eb,639.0
b1b03b43235bd970e00bc221e8169386,639.0
b5da4b7204f9f98370ad8fd878ce0e9c,639.0
b88a511344b8b49a02bca030ace61ef6,639.0
2e58b6a18a0469e1ec937027d9441aa0,639.0
0031abfb953b66e998f67b09e7b11375,637.9
d1756a94888f6544a8f726df44233c07,637.3
f1d21698569ab0dc563fcebb25491855,637.3
a8c3f6a95f2ca292f8897f33ade0720f,637.0
9f1fb56dd0c151e25ddad3f0de615e47,636.0
85ed641fe825f188f1a67b317b5f540c,636.0
639c4f09f533b9236ee3193f39f0e9ee,636.0
01e0d4fb731e6ee47df3f3f179cc0a0b,636.0
07eaf59cf37435b71d43ff7153438708,636.0
d6ea00d4a2dca6a01c708931b325a9e5,635.9
7fd3a4989d98e2d60a403f6ae5f6e2ac,635.9
a828c4f615a8dd8518659d867b3012bd,635.38
c0d9fb23c6f5fffba534ade8685da9d4,634.4
4b258bea231a4efbde41c6d3437e9a50,634.4
0b921366e6cdd4a5fa81782d1e9e2de4,634.4
202388e0554955ed38ae8ca31aa41613,634.4
69ad55d4bfffc89d50f84aa4e3648d5e,634.4
8bceb21c15bad608c6606d297ee46d8c,634.4
5fdc1a32e70642cae75d546be2b309bf,633.14
45b5b5e9424ca746ad6a3161de453e00,633.0
0d7b6a46b67046fa56193773a361e7ac,631.98
1650f02439361534616a9513ef19c6f7,630.0
a9b523c9e67b3f3b12eab77b21122aa6,630.0
424bb0b58d2a1f8f1a185d44a8116aae,630.0
cd740c73ba83284665026227eaa0f25c,630.0
cf6e3740f099572bb867b5fac9b3d375,629.99
18ccbe022721b0157f324467bf2c2e19,629.99
f863f99cff7c8ec08708df2fb890dd6f,629.99
25936c2bf3471a32f522df4e5949e725,629.99
f3ad67b1581156529c0f795da0622ddf,629.94
5e97b06dbf5f662871b9ccbcbad51b62,629.9
dcb8f21123cad1d422278ea28a1a8a20,629.9
053716fea805d6b29d6f8b6113fefe4d,629.9
46fc16f07712c5cdcdd55911a3297e16,629.9
c57b4ec1791188f1d3b38bc85b208a3c,629.9
b70315bd0a585fa18bb1b6a7ce8fac3b,629.9
cb31a825fe443be3c532d58371f1bc45,629.9
6ee6a13ac4b3e616824015be6ddc5977,629.9
62817d108deb252360c3ba76fe55875d,629.9
828c30ae3a51aea1d168e88e6e735bf7,629.9
203c2e51dfe673bb285c3fb84d605ce0,629.9
426e0c1dd50e4b9219aee32f0842a258,629.8
134192a1bcebeca7ca2e7311d9695690,629.0
a978f04f78a5f1835cf5e5df77e213f7,629.0
2f2dcb995d3cd4769e53f5db2bf8fb47,629.0
aa6d96d0e25354fab970635297f96f7c,629.0
c2c4da97389cc67625777ddca20faa00,629.0
9d5391410feb280def84a27423d53148,629.0
2fe41af4567a61030ca34a12594e0316,629.0
2daf47b7d5ceff5e066337e11b4ea243,629.0
e012ec724eb09748bfe4dc58facabfff,629.0
4d2b1b5c45ab369b6313b7fc803935f8,629.0
9ea532ae1a81a461327f049050c64f14,629.0
8f0fe181279a14f699d672200fe13d92,629.0
a5a35afed426d86362ea299f14eacb73,629.0
3eb07d46f0f08e9bc8e8322694b46dbd,629.0
cfd66b47b20e40dc4aef3c309508604e,629.0
3619684d733b95a9860ca496206a6ab0,629.0
ef358fa041f1f7f202083690ddef54cc,629.0
ef180d6c922a044b0938d594606eb778,629.0
145d10d2c740be50c50d82f083a813b1,629.0
f9a34042f2fd0e486488220e3c4cc16d,629.0
c91fef07272ec4a56e1250dd6f5f6fdf,628.9
8c92f7eeb893a210a2bb0b220f5d1746,628.0
910b8c007be2f33b0149a841b3d2aec0,627.8
01095519ab759274152540845a1d2004,627.71
8f5ead3c699b48e6e15fbc1c6a630e5a,626.7
68993c7d7d8944a5c4862691d936ae64,626.0
1e44951cea9cac0d305ae89e6b2247ee,626.0
743c0a31efdac563c043641dcdb8173b,626.0
2d48c2c84b9087df5df0815193fa1ed6,626.0
efef3994424e23ccbe4a144fd734e9af,626.0
cfa6a711c7353c4ab1c6bd01b5e15cf7,626.0
f44b3055bdec3b3f0dad474eb14f83c7,625.99
6715bbc64ad26fd7b362df3fb6d78566,625.6
1d917604cae5efcfe88ac9a27f8455d8,625.0
4146dd1b456444cd54142b5a7c4b9405,625.0
c2d5fb9a087c1037c2d97f1494722beb,624.75
40eb5f82c09d34902b3f2425898b93cf,624.7
5346a41559468a834967541242a1278e,624.19
f4f32a1d492eb00e6139fdf985548136,623.99
9bba9922e5c4a943364dd5884bfba750,623.94
01f619b964e6c75d7a6e529951848001,623.7
3bac688ff89c697ddfc8fccb1206efee,623.0
a1a93deddcf69a6a55df0275e2be062e,623.0
679ffd2f67c23646db9095fa12b8052b,623.0
e616986f8823df65855f3461faab8d25,621.91
30e74714b11f5396bc7c316578129f4f,620.1
3511ee1e32ffd8cef320d91f1904a7db,620.1
51c6634a751f310a82dd49551c475c82,620.1
2ae5164e3ffd4418ba0b70fa40265391,620.0
657257c1377038d391004bf7aca86b79,619.99
8c13e5ab23851a6fdf5000a1db2378db,619.98
cb271fe0d01f7c35a84435e3661ebf0f,619.9
3f06ef7f5b8c9a1dd71b3d55a7e7b420,619.9
a7d55a3890b6930701664ffe5cf43967,619.8
11e80318a196fa414669dccb5bb03655,619.65
4724ab68cedd37b02cd6ef4489dab3a4,619.64
1d7fa8ee1885a4ed8a0d46b6e276ec3a,619.0
5cb73fa93068a8f68e002d5403339812,619.0
d9108760f04dff71ffbd0b1373a1b9a5,619.0
96eabda898a7f9126f253a6cd3d01c4b,619.0
b64106d2d4647c03dc63123823b8da83,619.0
5b0f1f2e7f6ef6ad3bc7f679e7029b4c,619.0
0d9ee625108522d1dccc18f89d57ade6,619.0
73395b6c08f8e6f156a7c9327a32ad7f,619.0
ed7bb266e71b90678e745117c592d9e7,619.0
8b93c3f8505c72808c12c3a6157a3396,619.0
2b780e5c520679289485e7d0029203f9,619.0
8d5de156173d208b9016b71852a670c3,619.0
ff162456f8b57af09e181c4e1dfbfb38,618.9
c90d97d09db6da7464152a77ba914c91,618.0
4b83fd2609057103e8d7604ab567c5e6,618.0
ac21bf9bfae1fe0cd4577cfab4dd8f3f,618.0
fc12eb2e05763798854a387f484fe194,618.0
e9b93d0696cd45658587aa9fcb8dd359,616.8
5e9871527b49b68aaaf049bf6cfec670,616.0
ed932200919870aa773c6d26cc4184b8,615.52
a1e05611bf75b7ea6a72a3651aa1e947,615.0
2b00846182b41fda871e547a527e5a53,614.99
997f151339e5077fe22d22b321308d2f,614.9
2a53f3199fcee03f03574df11017c720,612.91
7ee62e783784426e8c7076646ea9f3d9,611.0
4eeb60f8e7ba516b503ea5ed5b1f8642,610.0
45cad50122c68fe993f875925eeb8854,610.0
5ce973fbda84cc196075524439c99bb2,610.0
14b6f4189d383785662ff6bf3a9c32e3,610.0
48ee0e49317e2b8e361ad068eec444ea,610.0
09d7f60a8fdfeef225e4e5dcd447047d,610.0
c5cb631ed666b1d427ba3c4cfc761c3c,610.0
a596a519d885d2cd292e329de18406f6,610.0
c19d85677e04a12cc4b93e9e78f97cc3,610.0
238e546530bf8c718e5c61c7256e2731,610.0
eeb4ba6ab8504b3d2356b69f1c11cb06,610.0
681e334b8995206f1fc8ab3275d90592,610.0
b477e8a0ac8816bbc624da32841cb8b3,610.0
27436e9495d5df1bcb0b2240182960d6,610.0
3a3a436acc53f2d7e4a55d1aa078926e,610.0
b461a1a4f01c9aabbb19369c96cbd03b,610.0
849c7583b188ee9dddcefb4ea0834fb8,610.0
3dd397d7407cf9ab3713d1432a3759b6,610.0
105a4e6147720f5766f32cd1015c6e01,610.0
541bac139eab89dceeb61d79bf7bd1e3,610.0
65d6969618e4c080e59ec2e1d4dad62a,610.0
cf82926706d6fb674a9ec6b60677b2f6,610.0
1d49ad11416fc3571d6d1da8b344d9d1,610.0
b02da23939473035247493e441118d56,610.0
141bbb502c7a5c26699480a17149f10f,610.0
6e1f23d2506e1b305b1a730a046329a0,610.0
333304fcee5c64925d0ed399210d5770,610.0
1e1746d4456c3743892253a404e04439,610.0
4306191b03c176021796f003c6d66c11,610.0
f102a893dd9c1529f6f5e6b9aa9bebaf,610.0
f211421de204488bd0f9beaeba60f04f,610.0
b1af08103e1e17838522e5b9fbe2ed11,609.5
1ee0491f514e97b4cb72e860f1cd7f3e,609.0
c9a80971444e9a7b61d645c6ff00d42a,609.0
d4cd2afe9a47a2d31ca0ec9495ff7dcd,609.0
af0bb59abb273cac5d8691b464dfff12,609.0
80c4dc46956f0f6a5ed3e574353e0f71,607.95
64c186d30231c7d4c0c20760bdcb092d,607.95
154b550a221177b362f085100e0ea1a4,606.39
0b5ba46cf03cfbe33cb831c793b78614,601.8
f134e43f36bf18609624f3e587b3b328,600.74
ae6a7336a0d9c66679da191b5bd246a6,600.0
39684b5ab3bb61a36e8b8df9ddbc8fdc,600.0
842ad511dc462bfad1c2201546d542d6,600.0
3922d6a8ed0273142c88d1d9fa62f3ad,600.0
4d23f457e4048ca6b97665749240d1f8,600.0
a99b2128d3db96e838381fe6042cdee6,600.0
fa5f6226717c8c528fa82574b1ce9836,600.0
15e8b23dbf6e9303bd7e59332049dd53,600.0
e7e0c4caaf311b0d3850db36bbf6d404,600.0
0e64243e3c9e75223f747566587f40dd,600.0
74bd86ec34be047727c52fdc45c9447b,600.0
df646960391593c3f41cd448d84800c7,599.99
4d1bb9a4d16191ced3d0d1c473ccbc97,599.99
7e8d9b9fed93abc019690c1858753e88,599.99
b21f8a9bf3489e80f6a40bfc93da853c,599.99
e14ec92a8ec13dc650f6da92178142a8,599.99
91a4a3a7af74c7acb81ea2d385e92849,599.99
4ad01985d5063053b72dbd0191762f81,599.99
3697b69352f809fff563b921d4b3ab38,599.99
4d71cfb094a509ab008017d24063ddb5,599.99
6ce9be1e2024d2907bb96906d3cad9d2,599.99
d4ad196d33104e1e10a2c3da4323b03b,599.99
fa3e66a76d31a28e713552fbda8af62b,599.99
ee219ef2bc1886c1847f43a3e201fb0b,599.99
efeaaceb545eb5c537d6bb21f0fe5264,599.99
548897a3b85ab2ec1b82964b88ecf23f,599.99
33ac5a0d983f8f8905499a9f926086f5,599.99
ae2636b5230540a5c04969749d4c0b86,599.99
d59ea05d6a56927cc0d442088170ec50,599.99
c6a15026437250fd96680f784d665e01,599.99
075a4b7fe334714470b69980cdd8ec4d,599.99
2131cece6dfa0c4b1088bb21d296bb41,599.99
251edc5a4d2b38f123ae7c16b6dff017,599.99
9fe84c7ab94da8e3d39926676b4bd6b6,599.99
08029b648bf207edf7c24f3673382bf2,599.99
f26362ce1101bac7aa6cef6293e0939e,599.99
4b332b74286fa94d1c32bd87b9d49c92,599.99
b7f33df2257f0341d8bdf7274e20ac95,599.99
f5219627819a30474a6ef14e1598e7f4,599.99
0a4fa9d3cf031a8a4cdf08879cdd74c5,599.98
19ad73c877b2ba253c68f626007cab97,599.98
9f9dd42dbc71b9e08cba4e61ea7c28b2,599.98
fea04944f4e1fe567fc5151c02529203,599.98
a644fc187f3195dc7a9d70db929a3d9d,599.98
98d51e185f51731dfe310ad4f4c16af9,599.98
bf57e3659efaa70a4a20f40a78618259,599.97
f85cc0ce9a08512570a38e27d2322a32,599.96
dd67415902397e79f31a781053707370,599.96
0192827582be43c2180aee98a48933fa,599.95
ff58662c328f81d3ee549c9caa942f39,599.94
1bc2adaa2667350db67c3a87d7a3b9be,599.9
dc4d362a1e75e43898ca175bafe1a7e2,599.9
1c8086967bc889b42c2e51c644cd9958,599.9
39daea6250bbdfeccb17472c1592ff9d,599.9
d76d31867325831b69004537e58f7e2f,599.9
14cfb847ede5c34c45673456203da884,599.9
e3d4e30df73d90da75406706416c0c33,599.9
96293c4b062e3cc55e86f6e843e9fa02,599.9
d46aea7d994240c85603f747ae3375e2,599.9
f0701f9bcb661ec085785e64c8cfda3d,599.9
6317b5bfbd32f5cbf2995601a5b0673d,599.9
12884df92231ffd06d822698027ce61a,599.9
c94992fc1a60f5ae59f7fad6ad92d84e,599.9
842feec1839c2cde7d7671ce510d5e0b,599.9
b9d69df919644f01ce52266b0b9280b4,599.9
938d6edb57b6ba2e71a1fad51d1d242d,599.9
616617689934126938904b188e5ac4f2,599.9
2824a4e97e1ab2ca38bf9d6a530e22fb,599.9
2bdd0a7c4c3c8942e2ce472523c71eb5,599.9
48769b9c90de6b97531d328801b39dfc,599.9
5427db81b6127984b9d282e9e6ef2603,599.9
4a6799c4adf050033f0e5d578141a407,599.9
16098d97a1d12a6152a14e9d930beb8f,599.9
69b39aaba0e39657681ceadb18c433a4,599.9
c4ed2755f23f173426fcc47decf4ebdc,599.9
ef7e64330764ee3f5cdaff632d5f514b,599.9
5073c3e8b8a6a25283d8b0072c0c3ca8,599.9
f98b1cd40f447698ca15964728343a7c,599.9
59b7743e6f1ffb4c84050f7d6b295331,599.9
c5c064df6a4c428df004ad4759092dcb,599.9
841cf7b045782b0ef207f4d8305ea6fc,599.9
48d6a6909a9bd0b2128ea79630e52d13,599.88
2af7da42a03f0b164992f335a100ab18,599.8
0e2bc55ac731bfc3a774302c26a156f8,599.8
551afa83d8b12420ec6ab48726cdbc26,599.8
f2dfb1d4117a30ad0d7cec2c7f5941f2,599.8
9f546895f9d0841df86f8681992083b9,599.8
29b3c5eb60190b6d391162f4de1f8a77,599.8
8779b7dd61306e3fb566468b116c1289,599.8
8bbd68396f2112f979111bfdd363e286,599.8
44a03629944ecb00a4bd905084845f56,599.76
43467feeda727a70fbb9a44eaa75bbae,599.7
ad364862328f1b3bf6c9cedbd9f4ab80,599.7
02d8426ded4654ed60b46ddd6d1a4f8c,599.7
a8e4d528c09b1b6701121e1965defd35,599.65
8c2f13c6e90063bd06a0f8279a3cc39e,599.65
9668028f2497288e1655e5d073490c6a,599.65
daa2305279978c8d98ad9b317c9a9965,599.65
a77a9a2473d3fb4e562bdd4aeba44229,599.65
733c209ccd9653f70557611cae3c33e4,599.65
d6733c80dfffc912d8b351b82faf8879,599.65
1dbb9f7a4861e11d0bd9c1a69c6c9c93,599.65
23079f31a6675ff1d6ff98333d5aecf2,599.65
a558bfe4300d0404d6493b278ac18ca2,599.65
89a45d9c97956e4055d7963a8cd6d81d,599.65
95936ba8a9ea372f3b9b0aea6aa2165f,599.65
746e70218aa146b8a9b9fb2fc5101860,599.65
420faf91b61e0c56a0688c976aa951c2,599.65
08a0ac1decaff11abb24f276429ee4bf,599.65
a25a9f6b1abff8459a524c6ba88a92c0,599.65
eddafa563c1d1e0d331c37d9927bcfad,599.64
6b79d5d9914b88e0e05a19e76dfe926b,599.6
b193c9dd2e7eedcc74ebb140416b32a6,599.52
3b5c800065fd3c35d15b2906c706c6f5,599.5
da6cb7eef925e188185746de0a8d64a9,599.39
4ab8e8bc6bf0760c297e13dcab1e034e,599.34
399ea879d045ade57e0a91c195b73aba,599.0
115847c3660c596c1bc526c4fd0c5b7c,599.0
7e9dd7f39416a450cea8e6457e20738b,599.0
7f285c3bd75a14487c379f22ea7b41c0,599.0
024dad8e71332c433bc9a494565b9c49,599.0
bbbb2dfdc184d84aac9ce9c6700530ee,599.0
f1cc6f2b2d1fe79fc891d57a5b05e44a,599.0
e1e93afb20eba9f6e5a8aad973d0e457,599.0
be10e7b8bc2d78cea9bdc7421f2fd811,599.0
f1a079060149465974f9fafa727d47e7,599.0
6d70d16ff8b3a0131e209b2bba542930,599.0
e277b8e4745cacd511e18bd6d7686227,599.0
a6a6191fdbe183b3891aed7908ca4640,599.0
d3b5797dee5797b65dd4082c01788374,599.0
672341d53a98728f79fb5b46a0fe859e,599.0
7c7165957bda66e88708766f34c334f3,599.0
80fd5c24c23e4e64a13561bbd1b62ea5,599.0
8829227f8fbaab27bc41e5f7b8c519f6,599.0
36d29f1c80a81a79fbf6185b00b5ce3c,599.0
ec2c3728634c6ae1276ce8f32f410849,599.0
537b2215fad860dff368ec7bcf1dce65,599.0
23e090daa2ea17dcb009709652faeed6,599.0
b6e18008af6aeb4a5ce5574c15ca2b48,599.0
f411a040a2fa31babc72e93f3a947e07,599.0
3c8863310a791b2426da5c04de18e70c,599.0
eee939388ce26a89882d667d7f2a0ce4,599.0
9ec7033b5e74a016be27ba7e31905e7b,599.0
72ad3b059873841f4e0cc95d7eb93de2,599.0
d7a4e554d11cb0d1f2695ec77f8fefb8,599.0
03493176f2a79c72181b9f75f539c55b,599.0
140af66cbd576a364271a81f3d67ddc3,599.0
6ec162d7f7fafad0e98a7a8527f9a0fc,599.0
37328df0ebcfea7a5217b32e1ae23776,599.0
bbd062940c94f28fcdc0bbcd93aefe1c,599.0
fe0c61ec97b7adfd4a0809302dcbd384,599.0
b8017253e04ad564578e712a0e03bb69,599.0
1f73a986d985bf8c6ace5bd5a3e0b1e8,599.0
a2a5fc7e8fc7e880cd68a9768b8caa22,599.0
a396376e9147cf6dedca4eea41c5eafe,599.0
2316d5b658d4d37ff1b93eb9a9374158,599.0
7fe98b2b2fa5e20a973f275bd5121c2a,599.0
3453cda7c1f2565886229607f31e7ce1,599.0
df151768000c436bd5dbef2f753606a5,599.0
31cb01969dec191ae2ee186df385669d,599.0
627b92adad5c3e29a2c4518bfcf13fec,599.0
57458ec5d4b1bcb40817a87cd407898f,599.0
a95ad7bcbf76f95fcb884dfdfa84ae68,599.0
9fc8fc3c12de47e3fa73de21a6e86f4e,599.0
7b78acd8d2e5233b6ea898fd997942af,599.0
fbbd3e227d94fedc7c8c51a381bb8e54,599.0
38803fa65ceeb31eb375eb4a021a643f,599.0
0ed54de90ee8d3e1921c857d6a8d0cd3,599.0
74b4b073e2a0af2e70dcc84f7fff397a,599.0
e8ef033012a92abd4fa76e7db69b124e,599.0
d5520f9b1f40475cb91eeef4956e3b13,599.0
acad8cb48b2abf7b314130560a9906fa,599.0
124877b1d6450dd175fd252d4fb2c8b7,599.0
66fcc26a7306112192f93dce340df792,599.0
2e28b2a4b665efc5157224222743d141,599.0
e8d32260f2ebace5f1b80c9b213601ff,599.0
105517ff3d84727c408c34e9b07afb93,599.0
ed71d2c3a3ac53a772b0e8e9db89cc20,599.0
263f578b432f4c4a154e9c7002bc6c06,599.0
022f2413b018b7e5837a20b045c3d119,599.0
46b1f2eb370aa6d44b1c39e748eb0510,599.0
a039d274b51a190d03680d06479c7c1f,599.0
10091d0f711745db12815a7935577e26,599.0
d56372b0f0e8e6cf6c5f248a6d976d23,599.0
4e5ca9b956b369f83366360cf7dbd9b6,599.0
7c43cc8f6953deea674d34207a646886,599.0
abe891a02257382ca0f14e237c098c5e,599.0
365686a7c86e75148a456893fc8c2708,599.0
90faa860db14d01d4ba25f1373e4c781,599.0
442d66f0d96f656096dd70f1b0391e40,599.0
a4952f2f27f9fd084ec13468dcdf677b,599.0
b171f4d6134c0cc013a5c892e658e43f,599.0
61febd8ff905215bbdd5d259d519fbd0,599.0
9a91fb951e7fd3f4adf713cff82acf3d,599.0
e335e7e1fffa9b705d3453abb49890a7,599.0
a91aaf744244d91f36c917061c2568b0,599.0
f9ca6744a8128659fb5bac2385f03571,599.0
3df8e3229e923e35a2216ec28ced8def,599.0
dde98f2e220592ae6068bb273ec5c11b,599.0
a0e9c9c5a19366c5eec698ac38498a1e,599.0
85809839d024384e5326a41a2b1ae4cf,599.0
6d46ccea7662ef27c31a9d2ba97d18b1,599.0
74021944e729b36dee1da1a08e81065b,599.0
44d89c65f6578eb86f1db3cefdbdf9e6,599.0
d0a5cc1c6a1375f5ff65ec2ad6fac14a,599.0
0ac3c36bd11a0622bf9656990f1bbf24,599.0
c689ee4a546a41ccfc8b40c7752bef45,598.99
c751d63693a6688b868dcd60fd83705b,598.99
18c5119621cc70720226b725ffe2e03d,598.99
b0fdd38d459d6c7fc8118dd3ed73d096,598.99
c95fb14e3aa81b3d3115661e7659f72f,598.99
f73eae10382b7e2d8bd624402eeba301,598.99
8bc508aa204c3d1ebc8eb08aee69ae37,598.99
3252549124d33abd339f98591f95d9ff,598.98
607076db4abb025fe26f77819db19a6b,598.97
9f889b9d8259f664571ce0080a5f54bf,598.9
128899de758f142b0ee99a055e863476,598.9
07f531d80eec53e83d52e270ea6538ea,598.9
ba796e3142fdd4d6d4ed3b32b4838adb,598.8
2ca4b915b2b5180d7fb15f433032c6a3,598.5
f7aab1004ed655882ef7d1478446011c,598.4
e17f5383fc9cf03c6daadbca547bab26,598.4
b6c215e230f1bbf076885ce3404df801,598.4
3137742bf8a6ba694c23bab756b52683,598.4
01e2dee0a2e7464a701d0c480225501c,598.0
2e1bab943be16f7ecac46e1648222eab,598.0
ba7cb70dd18aadd6f7f72c60d08df953,598.0
15729f5e079831849be8cfaa304eb899,598.0
33eb32111055ee9894f0ac5cedc0a02f,598.0
c11fbc580671361648bce57643122d12,598.0
d89ac9eab8ca8626df80419d549d8427,598.0
b10420d1fe67d729669d0f2562333884,598.0
4d39fc23e896737713182a2e26d04f6f,598.0
2940ece501baa1342d450993f3f20a94,598.0
76a146f8bb1d0643b3f0e58b71a241d4,598.0
fc17baf4dcd77a8e52ccf15b42f82c2e,598.0
c9b7848f3a59efb83e4b34507faa7c63,597.9
374328bf8679040ee5e84ee3b8b6f33a,597.9
52bfa05d8b00de2d68a7039015f6577a,597.9
238781836799d4b316414fa5eeb7747e,597.9
9b29e84de608f8ddd59de9f1f500fdb9,597.9
743dd95aefb65359afe92a764748251a,597.9
d8fd572ce0ee17f76fae769f2511170e,597.9
cf143d2640cfdce2f9573ed4631b2cc1,597.9
3e7b9a988faf27e240aa1432f42618fd,597.89
586af8a2b104ecb53497149f1fb0cc51,597.89
e43b292cfcb72251dc4d75a8509db504,597.69
cf94c4b546f0a5d72297e3b559080483,597.0
cd014939a34b3661bfc51ed62a4ce149,597.0
436d91c82b20b186194ee218a52782bc,597.0
0cf598c859665ba5b58f27857d26f5e8,597.0
ad396c3affc7d4d16f45dd6d39137080,597.0
4fff50831fb0de5d5461901048e2df79,596.65
08b0db04ac8d73532750572156241d88,595.99
ceead79d927539feb1a27e3ec80cac36,595.99
f1aed94e73d48532524dfdbe76c0cd81,595.0
0f4fdd519d9533f65a7190ae9a25628f,595.0
d641ce9966d5491d374687ac80b189e8,594.99
8d1906125bb1f738d1f8a1d146ac3334,594.9
64986afd0f3863810521731e53f92463,594.9
a07364aa3e87081fae32f62a85067e52,594.21
3bb8e9113017288a6f496a7780c0f16e,594.21
de7e11286b6aa5ad93fc02addbb32387,594.0
f71306b04e49155a6c1511e4b01b6b23,594.0
258e7fc07b15e9471951747d685ac3be,594.0
faddb58d5de890cd191da5bb72c54a27,594.0
856423159bb2e932fecbc5917bce21be,593.36
66cdaaa835a514eaafde24585709de8b,592.8
f038ed08b8c69afe5c0ca28ef6c5325f,592.0
dda2128bdf8203aac0d2b4d142956a2a,592.0
9016eebc5e82203ee2a3f014ec00c808,591.07
48cf8890c6baa95976ac76bf4be30cfe,590.82
fd7b80fb8a13217f3c89c10c2ed03cf2,590.82
2236cfc9eb37bfbaf04e45dff2f8b4aa,590.82
3440a5e520b9434c54cadba964374034,590.0
999b34c71c1cd291021fc96f67a1e3cf,590.0
51727f845a31b568a4a127475d6b5cc3,590.0
cfd87c1d660bf2efc5ce870c62ca3f78,590.0
f07f0809fb48849ea645fcadc72e4ab2,590.0
14f78603f7b2d6fb21d975186229cc2a,590.0
39c3f481e938b5d378f444f0bbda5a36,590.0
edf0b9f3196ff6f4702be2d540f684d4,590.0
5956f873b7fb56109115a33ff50a1c23,590.0
9ab762624f5a915c317327e3ea094fd7,590.0
f4861f19d48c455b9d1ba9a57609121f,590.0
3b7cbe850f69093ae053c3e6a009e727,590.0
880f803b30720595342da61f84e0b3ce,590.0
c8890cf7bf6ca9d0bb40a2d4ec4a8ace,589.99
e6546445d69085e73903bd5d839b24d5,589.99
03e17eb5a208cef3b62b88f7956495b6,589.99
17ca39ca2f5b7aa070abca19f330c5e2,589.99
073a7ec0949bf6ffd2bb83c37d21bc7e,589.99
6b5e281c1563241783deb3a2636daa28,589.96
e2521351e6aa5ab0d7ed5cd7f7880014,589.9
551a7e7fcf65c22ba1253ea5cbce639e,589.9
cfadd3d58880578db780b915fffaa051,589.9
48f239e15744ed5e7ffbafc6bb6e882b,589.9
2d88e5d523368eaa7df260c1fba930b0,589.0
cdeae9bb83dc9049458f53e9d69251ec,589.0
bdc8a19ad9ffdc542bd7ab318a3317fb,589.0
dd1c72ced80394a61dbef422c1c45b6e,589.0
e3702794d8a26f52191ff4badd7f40c4,589.0
604117cb8b10acf6a4558e7ac8a17d7b,589.0
164ef3880a5273a9deca07fd4080ccdd,589.0
25a4bcfa932944bb97757fc28eb68d48,589.0
1ec32e0d50ac82caa37d03c65308cc50,589.0
543e5400e118a2e723535d7877b2067e,589.0
f154c3425ff09d9bd9cf677f7f658bd8,589.0
2b1b46ed74054a19c6b1751c0284c1cf,589.0
71baa4c4fbcdc5458ab21cff0b283fb5,589.0
6cbe1ff80b5214661ddeacf43be6f574,589.0
eecede4a74ca88d0adbec423685e4b15,589.0
f8fd2c4852d04dafce46ff9d0e194e41,589.0
6fe9cc55e706b2c7813490f7b6a3996d,589.0
9254fb742024e9e5a4db49460d6d6443,589.0
51d02d48f4f915363693c6d40f674d11,589.0
8420c67c3e79c468234b1d79a15c4d6d,589.0
6d51e47d2de21f745835c676f497423f,589.0
636fa509660dfc8277a18ef0e7c4a68a,589.0
05c204bec3c3b5819ddb8eb7441048a8,589.0
69b38855459d81b0595cade99bc1706e,588.5
d3d640e9dd196770cd7e5c848e8a8152,588.0
a87cd99f802b427e5d8ad0f568f71744,587.7
a5224bdc7685fd39cd7a23404415493d,586.56
adc023c7dd5c234ef7e6c817a678c3ef,586.56
c75ba8c2044f28734bcac5cf12f37713,586.4
fce8eb224fb44bca516d50d140e88ca0,586.0
5d1caf9872c76c10e211e5b25d061ab1,586.0
784901d3f22212ba0ea67576d2c41ffd,586.0
1e59e315349bf9f24c7837da34c658e8,586.0
08795c52e7b0525cd0b5bf92a66da58d,585.8
890c32556be4937da98d2f7a73452c6a,585.65
e2459d3d54b43b69025c937805fda247,585.0
d5dbbec5196cc5d81fff118925e2bc5d,585.0
4e6013979e8f7efcbbdeda79d0acb346,585.0
6c185ed34983b0d80f77402efb2453bc,585.0
ddb3210d529059762180da43418dca11,585.0
d1ec48f722227f712bd7c376e194dcc2,584.95
6f0417a5db860fa53ef4542989cc35f0,584.9
467bcdf6e97d661f3947ad9308dcb0cc,584.9
e19ec9633dd14e28d7a23a4fcad2a945,584.9
9c9383c705961b79ab63c2626c0ee484,584.4
95ea5897e2fc6140471671f079a3e6d0,584.0
c0768240269a7174471a124b38b93046,583.0
d9fbc5310983b8d38e97846ce8dc46a5,582.5
5a62643ba68cfaeb566ad926e3b18eb6,582.0
1434c23ad06a9986f1b2d77ac7a96b7f,580.27
41bc36cdf2c5f07894056a60617db329,580.27
4b3a0c07244aff9a03ae48d687d3a4b3,580.27
4eb34c6abfced86e2424dc23945875b5,580.27
82cd99c582f341b782090be9291913dd,580.27
d27615a51a5038316cd58427648a46a2,580.27
24711ace3546b459eb7b1adea4b90eb2,580.27
1d4e6a21d80dc3eaccec225fb5e78a6d,580.27
51e1fc8a17cbfb73d2374b9606c77c3f,580.27
5868eb63b97a6fa6b79d9eeecceb08e9,580.27
7727e2cc9ec428ad3173cc812ce1781b,580.27
c79c9d707adfc4088887617a50b6a2fe,580.27
0cb3c058486712c7b9b00675fc04b402,580.27
bc6f07984bf35abc4f6acbc2e6f248d3,580.27
04eafb40a16989307464f27f1fed8907,580.0
62c278822580d321ae9a7853e184eb5f,579.99
3d8c9876444659b0209d7d461257d652,579.99
5e1de778ea1bea7c3d6f4c899226b7fa,579.99
08724baa3d9128d270080acf34f2a5fd,579.99
24eb7fecd26f437d627bb3e13260e6b6,579.99
214c4711883185dafca61404d4e9db7d,579.99
ee78e2394f33a3bf7e81e1ba6192863e,579.99
6a6235b58e3f03afd459bde7580a5ca0,579.99
18badabf25972a66874bea0871fb9dd6,579.99
97cf93f1a7996669346c33146a8c5acd,579.99
03fe220603b22a09e5114a70616b9c66,579.98
c6227a9291e7e9a4fe69b48356d4b38d,579.9
edb5b9d723092a06959de10d7040f40a,579.9
e0ae8a3a141d851bc25a2034dd966792,579.9
1085b087e5c5cb7874f3b685eed5fc58,579.9
53e9e25ac4476a44af787bfebcbb08d5,579.9
de4c2b462c44197b26b6e596865da44c,579.9
4db746ed7f8462dca43f7fd0269b8c2c,579.9
62700f8d4a9563f7bf60faf623e866b8,579.8
0d1912e9daa6b43f89d5ef6810d6e3f7,579.8
d8f2b7c4dca5dbd34d5e86fbb6f905c8,579.8
45d178d60bbc8e23ec50779bff10bc7a,579.75
a31f9bc462063fa6918a81775c76ce7e,579.7
b5b7b0bb1d3963a4b731c4cfc4fa716d,579.0
b7b4d19acefd69c62d58215923216f2a,579.0
971c855da055149bf4a129ed983de936,579.0
405ba2f314130555564c47a8e72c5488,579.0
b6e12b51dee3f72d5843abc004bc833b,579.0
45b2e2f0f6fc93eecf7802eb6be9a91a,579.0
7a64c18ffb58f65aecd1d238aac34344,579.0
b522cbb477037ce502d6887bd6684a29,579.0
e45faa95f70de28f25dcf2ce74f64339,579.0
624d6818e6c15b72bff858f9ba8be4e9,579.0
33d629185fb29367c3549bed6893f545,579.0
63d3bc89cf22616c68960d0d11258a5a,579.0
ca7f53448a3e7c9fe86f2aff9932a39b,579.0
f63ca288648d57833c6d2b92d228b426,579.0
e256b0342ce0ecbd0e23ab2948c7ffbc,579.0
55a365cf4d82f1b6e044a0da88b681a1,579.0
d123e124664159a19da41685ea47a13a,579.0
8630914c34f45ca88a7589cddb8e0ae2,579.0
b84999d47cecf126835a23650ee4ecb8,579.0
ba092dd1f1d597c938f27492a0912d03,579.0
cf7614159a1d334ae8f56edc46ca3e6b,579.0
6f0609828423e495e8fb4f448e70ea40,579.0
ca8e595c4c2e4a55fa75a41d5bf08382,578.91
7ec218a8de458e6acd25155e4a63f68a,578.9
911035bc0dcc0c5ee9580cbe3e59ed06,578.0
ae0709e51a6229f894ccafc894ea4cfe,578.0
9b49896c37e6556e1fab54d5bf0f817c,578.0
109e66e45ee2cc88bf20be70b381c924,578.0
7e31cd32eb35df97b975d4a33e21a349,578.0
7a4beb2915cebb15e4404c1d764ff1ff,577.99
33db03ccbfce5ccb029160ad2c1de78f,576.56
6b4bbd473972925850acf5c7ff0a3b9e,576.21
d89d01207332ba4362dad5ba73b8c00c,575.99
feb7f40c64907e499efe3f92867ca5b1,575.99
9f361e84f8bbbb7cb127f06f1f64cae2,575.9
df0cfe25bfb9db0e491a9791fafe70ec,575.5
8eed04f8cc4675d5a3ab5ffc7b9c3d44,574.2
288cab403c2e768a363a897b1095f5a0,574.0
9dbda069f00bfa90c6a45c0ed7d2597e,573.0
11f20336bf8c6e71de9a6bd7171bd491,572.9
cf8988f6601f583a955185731958229d,572.9
a6285be7dd7e1b07774569d472e942f6,572.9
c95b27f706ec07cd720330a9116df8b9,572.8
c9dc6fff8500f3735822d5356bcb0e1b,572.64
3328aef5f5f9e3ab64e01691eedaebaf,572.0
c767ed260a0d5e6ed16542c0cbed4dcf,572.0
8399720f623af70e646594b6364ebd7b,572.0
40110a7659c9a62bfe5a90e96ad2849e,572.0
19dba184dcdce803364d6166413650ee,572.0
42908fc1c4277d15bfdd21890a9abe10,572.0
84f4d00f0e0abcb7c517b950857b4728,572.0
671c1bf5104a25f2236a59f5bc24bc32,572.0
16391e75a1bbcb93785c6e816834227a,572.0
48b7d24cfc153c45d3d60290ef492ba1,572.0
35651299baaef5a25ed8ec1021d12a12,572.0
68981df11ddfcf3fe0aa515ec1fd6436,572.0
3000841b86e1fbe9493b523245d5c68d,572.0
c94ec1165bd4556cfedff58b1e56c4ce,572.0
da8692c491948c8f9de006cfe9d2ad67,572.0
cb6ee48440ab278231e74bc2a55835b8,572.0
eba2b167e764f26251de139177a73708,572.0
ba0fefcb2638aa7ac95763634110c854,572.0
75d15ae1dea3e7bfb4f9da6a616f3e8c,572.0
cc7e69d6f8d94ebb02c2ccdb08d4de34,572.0
e6a8ddc665d485959f163c554026e76e,571.96
afcee5bb1a45142643809bebbba97662,571.2
724c05aa6b2b6d25f0efcac808efbc03,571.2
25444fc37980f07edb5b68ee7de4468b,570.9
4c8e99eccf20fa3de5ce6e85e1a3e825,570.9
696519087c698748e61374ff4f3f2624,570.0
e3312db97d85d35a74e17ac783bff72a,570.0
d7621cfe31786dccb998434745ea3a2a,570.0
2b6d1919922116d56f250fe6316bb9dc,570.0
f1442ab94c95e9913594b849c1e217fe,570.0
0f1136795aeced1e4e1eda78813a535d,570.0
c5f540feddbbe5117756831cc109b1de,570.0
e07ed8d755fb3e982429fee3841ac478,570.0
3a8c5027496b3d2bcc95372e18440c41,570.0
9151b134d8f0f1b7b46d3c9003ad599f,570.0
1af930e1051134b38027592f0890b19c,569.99
470a30ad75f233e919b2d8c75fa6d574,569.97
87bc71f87d3fc89b153c47b651b7cf8f,569.95
56535b8fdcf51ee5d387b24cfc71e5aa,569.9
ffa8a2de48bb3fb30f0452c34d3b978d,569.9
d09d7d280cc60fca783c876f460d43a8,569.9
df8ba36985499adbec368f3486626d25,569.9
7dec45cedb15e19cfb82319ec276ac19,569.9
72084a1e3062cb9ca0a1996696556069,569.82
2945f7826483e9c7360613af4d7e6426,569.7
53cde9f80e712a986103679352129e29,569.7
f13bb2fb4cdf0a6655b9aaf846a73f13,569.7
66a2895f55f89a9a33063dc8e781314e,569.0
02181664d4e1d58da55ec4e8e1185eda,569.0
ee9668b5b97d317732f5bb7a6fd28293,569.0
0a40d14cc5b7e11effd9b7a72ddbb24a,569.0
eb8db7e18d24b66f2d3681195c85b2b9,569.0
3406ba91b8af6a841c0b7d48ceb5f752,569.0
cb7e8cd5140cc150773cdc7f06bb737c,569.0
e49d1a4205d4d9743f4199900f411c71,569.0
6d91da53c1c48b756d84ef4eb54550ab,569.0
7681fbcd3ede0e49dd00c993245ffb3d,569.0
ff3af478e651b3aac09c80417d0327ca,569.0
003bc8d06ebed9d146eb9f100d0a89ae,569.0
72753285b680041dea010790612a9751,569.0
836507d096fb2a93e1ecd7fcc252998e,569.0
59a214c68e2eed23ea72b5cb766f8abe,569.0
5c8f393ae866c2a2d2e775dbc2409a59,569.0
8da7d8627305e140749fd5d239d0e05e,568.9
cf146e26a3aa8927a9e19a1819645b85,568.9
24dbee633a293442e2316432ee44e73c,568.45
19d2fe3e9e67da50d9f93720a2b768e6,568.0
fcc5083a07953b321f80e039e3c4c2a1,568.0
7f21001fb8e182928c5d52bb6e9fd3c7,568.0
980928c534a28c442a6865b079068f7c,567.35
ed696b15376f0d883ef70d6386cb908a,567.04
f73b6df60b63caa14659aa88829dc12a,567.0
2f32a98fe19fbf324593daea7c67fc39,566.88
17b84775b092425883616b88bc1bbba2,566.88
d2fac3a405031b2adb1739b20cae646a,565.7
ca9478e9327dff66bcc1d47da7d287ed,565.0
7948f576eb56be65ffc4a0d4e40387b9,565.0
a89d0a244eb36392521d02b1d5e173fc,564.99
03b243d7ac6a467982044dd9dddb4d68,564.9
8a385c960f811c8dc9dec7b70211c4cc,564.7
cd7d6a1bf49894528c2506b3ed5c9d13,564.6
4abc77ac123a4bcdbe6907171470a2ab,564.0
b0adfd770ceda84fe1bb05e724cccea1,563.56
a67a246af6ba598a14cc86df3c0354ee,563.0
7ff015ac9abfa71209cd992bc6d054ac,561.9
8c026df875ce27008c74eb034ce7020d,560.0
4d77bdf492f3c64a182a33b91618abae,560.0
0445283ab2d69419d518a3b1d82092c7,560.0
8338b4460e3b0a968cafd391715d6ae4,559.99
41c3397f98f68a96ed458e8db47782e5,559.99
8c28706c8f9e0cc8ceea7d7e116960e9,559.99
4ce8e60d4a40ea780f8db855b13eb589,559.99
ae1e1ba7da8c6aae741a7787b5935bbb,559.99
2fd14b072ea7ff170527396ceca430d0,559.96
fbccb4c4114a6cc6255e53ff1970cfd2,559.9
a38092b184898290f619db835d1d9c20,559.9
0c0c378a0c0fbd00be4ea9cae4dd36ad,559.9
16be3ab0d37467d1f96d6fc30613ee57,559.9
beb1179c24f5eb219e9906c440fc59ff,559.9
a3b29d3c0cd575d9c202f0b211437a21,559.9
17f9863585a471e9ffe77c4d4f26ecea,559.87
0a2925db137872f11303a21dfde59d99,559.8
8e2e0eb8e828fd0fa012dbae8d10d6f0,559.8
e21675448953cc2578dbcb8dab0b0c57,559.8
0d05af7e5a21aa81bdc60f6cb6ae91cf,559.8
1fb69e1024c1877f914b04128cdef209,559.6
48f2c3b771af969350d566b444d3cf5e,559.6
db0072e38b76f443b261b1bedc0b1f99,559.0
9225e82d7b09bfc606f1849de9300050,559.0
6441d665c5a1058502eb8ad0a2e2282b,559.0
b000b36b33814dba6443ca09f8662bf6,559.0
82ccacbefc4bf6143a989f42785134b4,559.0
ab5a1016ed934dc4b18977cea536f65a,559.0
b572730d592483d2965f067b623e648c,559.0
3c39516a1b33d6d890f3d1094267e54e,559.0
b0aea781ac94147b3daee7b765801f32,559.0
d70e1d82169a6e535f36694a6f1aa3f8,559.0
56033dc0fa885647a8cc84db067729ea,559.0
b47df8baa34b9880117394560bcb04be,559.0
d68ab9785a01b8a15f0879dbecc535e2,559.0
fd1e9f0b9121a3c03c0d46907debc26a,559.0
c4e54a5eac971c57497df50e7a7a3c00,559.0
351c6921a37b4f9a5cf6ee6d910f8a0c,559.0
44e0d6b64a6d16bb9db15927427084b6,559.0
18102f03bde3429fd5d13eed91aac70e,559.0
2dcdbc3e17977ce359451db205757e9f,559.0
6822b63b51497118744724b12cfef448,559.0
f3367c9aca21c8339000542eef955545,559.0
202959f85e9ce675cdd5867d0babb876,559.0
a0283634d75ba3de47f555d16310dd30,559.0
1ac9a0736234e09e7cd9a9937993de11,559.0
efe0a27eb62f96985e74e196a386be40,559.0
393810522bb0c8b9f4d64845cba11e7c,559.0
43ee577ee14b2c4137d7a3d2945947a9,559.0
5edb0664a3b86763a254e4ebde592f21,558.99
fd453c63f0f4d5bcc17d43c076dba510,558.9
c24b4d591a1c544d8f3c2d065e2fa2ee,558.9
364c88d6a442daf3e57a36f32478c7ca,558.5
b362e334c001399cbda74951968b9c9d,558.0
b9a2c2d0d3511ae357c7604258784a37,557.9
a03432ab233435f6c640fd5cc7ef3072,557.8
ccbce7bcb13ee88adcf78890cae0ea42,557.0
6e2ebb56f67a1ddbcdab734d89a0b3e6,557.0
b64ea29d329feb666e14bcc1d10e59da,557.0
cec0e48517c07c754928dc9098a9d4c1,556.0
c2f181778a12039532d79460d4ba59e2,555.0
f084c9358e93908e58e42c0e3f7fed69,554.9
020c87503e1eeb262f17c9e7c0b556b5,554.9
e5864c2ed237c10842e95f1d8fe0cde6,554.7
6888824f6a0a78173ad41847d2dac2f0,553.8
11a5f3092fc00cabdee343a56943d40b,553.8
84da725dbe39aa4d9c3005e868b26b0c,553.78
c1f4934a2867529428088c9305287625,552.8
8fbc83a81b0932d879c867a675080329,552.5
e22f05c379d76f1d5fc3e6fcfe574b5a,551.6
e589a8bbf2391c4a76e74041c646dec8,550.99
21cfe8ae0bbbc0853ed7b1532f3dd7ea,550.99
58141056219410baed43847ba2cb0928,550.9
af2fe4a8ee5dd8b18572cd2af86b6775,550.9
547d7962c21b9a177226c430300019ab,550.9
9f3b1b02cab2d6e609b3991f5cf2c203,550.1
07a034ecd1c160818de9be09a9d24bea,550.0
df1f8cd492dca10f9819016400f5cf9a,550.0
f2861e3de3138b106780d63e73262b89,550.0
343e3b5832f35efd7d16f8f14c122ec4,550.0
17226a88d569de01674b6790dd3d6fbc,550.0
d058d9531ed27a9c3be60792c94f0092,550.0
19e0b32ab46adbf4c0a65588e5e05b4a,550.0
da455231ebafab9b01c0c28d3d637a97,550.0
719f6e6129a784bbc01b1267fe488547,550.0
f2dcf5cfd4494eb8a92205e95ac2b3ff,550.0
03440934dd266ec0b356eed6e0191612,550.0
052de1fe665ac4765f9f00a663057442,550.0
8b7b669f96ccc3bcdf29ab0bcf3bf311,550.0
4772675e2dcf52a460be40d34c3d6d28,550.0
ebe7a67ec7942e3ab5f579305b245b7c,550.0
3b874b39bd08789334887fe3a96619af,550.0
19fd0868f95ae82311ca792f5f62a0cc,550.0
dcacf0ed77cacee2a236ed1c834f4fcc,550.0
9c4532dd54ac03bf8a6a3ce7a0680e2f,550.0
6485601afefb5eef82349ac6e6faea66,550.0
25d0a19994db670da25c2a23de8466f0,550.0
a359c4f0182f023d07b15adc33efcf57,550.0
d31ee6d417c46d2469150acbc7c533bb,550.0
d4587cf99c5521ba43b6acf080a396b4,550.0
8ee18a8c822e4287befa0590bcd202a6,550.0
92630c29ae3735ed24891feef3e66906,550.0
c35d4f3d6cc754d4744cfad8b51c7fbe,550.0
1cfbebf382876a6c3600d143776e8dff,550.0
8e1769459d9b9a9989799f6c79a4a663,550.0
3ef1961b4655f27d115bbd65b7ae17a5,550.0
d235b32c477cc6bcc8d968e1443b826a,550.0
7087346b1fd0a0ab1ee23d86b692b132,550.0
d09df551a351f70e922ad58090aad0a8,549.99
55a1df4cbac7aa59f3bcdb5264128349,549.99
99dc935b447df77a17d721fbede39ef4,549.99
ee806087f060d54b2aa4d466709a37a8,549.99
708e884443a55b66dbff16493d952441,549.99
095e4cb7d09e2b8c8d1d3e7cdf8923fd,549.99
a5cd42f5d1eecbf955de47ff1245b5d6,549.99
139ad5935441608eb667751ae74b26d0,549.9
51795c9dc161dc05ef36dc8460dfa7e7,549.9
a79df1f329aed9365b676532f1597740,549.9
4f7c54cbd5a0788f5ce5dd42cd145cac,549.9
1101f065d72d5db705dee21a12d5b950,549.9
45b9b49e3c8a0a8f557fc0363bd5dbb7,549.9
0a4ab446b538fb896f729d901199c83d,549.9
2a8da2a879305eff063b850d75415039,549.9
0bed3cc69787fd4be8e3dcd07c3bb611,549.9
b2049c6a53b1cc617c7e57eb9731f62e,549.9
95eac8c15a91cd486f94f12debfe6b16,549.9
8a71b1384d72c9f217bc6754e243714f,549.9
1f4a796fffd3658cd8c1880dd0e80aaf,549.9
7c1500b28e5c6b0826b0d870fbc5cb72,549.9
c1d18d1cc766c7f36c4c42d7fc32a609,549.9
39832b7591488af7a514a950832038be,549.9
ca19df90399889a1c179f9534a4fdaf4,549.9
ab7cdde52066bfd89ad0d6219b6a5a0c,549.9
9d708fd1bd16da6d21996210605031a2,549.9
f7cea60ff8a33edf45e544aff5bab047,549.9
a34a14a30f048a27d535106ad4342106,549.9
b854c2a4e09bb1ebeacc74b225f4ec0e,549.5
f61cbaa6f1e966dc68180d028dfc6340,549.1
2ece3b8e01f438305036fcf527809f4f,549.1
7caae07d3441f77333b6e47ce323d251,549.0
38ba0df31d76fa64c9c3561904d2c3c9,549.0
12d274b678306cdeadad69c63c2f4d2f,549.0
70a7d9a713b9e36b8f59cf061e4060d0,549.0
64a7f1076e9d17d6f5208d3ce76a7eb8,549.0
a30db10ca47b76fbca6c8fcdc785b01e,549.0
714f3ff34cd22b97f37d42bdef4bbc88,549.0
347d4275f796c983a8a4088b06572f98,549.0
e6790f36525b65120d28aee0fab34f97,549.0
5bb40f4d5a4371842ecc05e3b4475dc1,549.0
ae1dc7e4bcf38cb45707bbb5d7e17242,549.0
b541cb60861c5582c160394b419b0365,549.0
eb8ae179d7fc6dd795e9a3ca6be928fc,549.0
7aa5f0e2de31e0209ba5a43addba9a5f,549.0
ce547f55d4451c52c0619fbc6e73608f,549.0
e768022fa47ad4364d367e4d29030cea,549.0
482e951bbe038b32d7f36484f2ddc53b,549.0
6daa3acba8bd2c5608f4a8bf485416f8,549.0
af172a1f0e9f76b6ae7b00ae07d1d035,548.9
0fa5c9cb31322dbe498b9e2fb4ee05e2,548.8
21de634855f444443723e6c8b224ae69,548.7
1072ac5dc4911bd53dd08f11d024ce2a,548.35
4f3f9a69495d193e02589bb1ca6a3421,548.06
89d9677d2a9750f861ab0e6ef48bf912,548.0
4118b74a807396d8c976e9cf09b632e4,548.0
4a751dfba6004c315eaf88abf0ff249c,548.0
030c88df740faf58e3bbf38fe25c1743,547.99
7775deebb59b9257b62fd7f3117efa10,547.99
c47f0ed7fbd21fc9be2cfca83f0dd490,547.99
a8fcbd21f54cac36c246be8c6415e4bc,547.9
2b4f66c5ead58995d8097a8f3bef9833,545.98
2247fcbb5b0868e23a64ec1bdd6564ec,545.69
da5982cf1739b87bf01693678d31cdb3,545.0
d1ab1355d889d31e0140106dead20579,545.0
1aeb1588530c8d12fbea98e9c6b102d3,544.99
f1648e7bf1ba2d3af6dc6bf4e009b3fa,544.9
b8c061f3ddf2be33218c39b02f99c812,544.0
fee181bf648906d1c57f84f216976286,544.0
a6452bb0e152682d913a9503da689131,544.0
af0e505d980484f4c3e56e8b818127a8,541.8
a215ee5514ab937a137a58f476f4ec71,541.0
1aac2b5adf8aec2c00fe67d06aa8ebc2,540.0
d3f76c1e8931fc6ee2d5668ad9fa7c36,540.0
f792e419335df11d82c32efcfb09c51b,540.0
f21af0b30cca19e2f168e1cc62a12623,540.0
e8fb532bc326a9335708fc2d9f906ac8,540.0
05509f014a28f5b61343cbbd74b2a486,540.0
d9e84848db3cf9bd9355887825249f9c,540.0
7ee00ee969c57da7ce91d3c4009be0ab,540.0
871f061b7cf76e14d610d2b1408f925e,540.0
75f17f6f2c43a63ba8fc901bb00ba301,540.0
7ab2b5c19e7ff01f62bbf41381ce8bf8,540.0
7a235e5d8bde93d40c5231c8308ba511,539.99
6f5d085fa90e41ad46b2f5623426febe,539.99
c2be581f7df5d377ec3f21a40cb4f85f,539.99
18756b8f42ca01e278e8a6986d58cf15,539.98
f8bd74b797d44f6df5e6cbd4a881b02f,539.97
903544156dc24c5aa969e4896aaef5b8,539.97
62805c7202ebae4415d403475af64b12,539.94
4c8a94c60cf3e590dd5123e0aa95f5c1,539.92
5a55d3e6c1dba9bf959f949dd7b91095,539.9
02060b47874e560f104dad93ae22e6f1,539.9
c48d4e4180ccba3ea9e4acd586387e00,539.9
8f17c01ad40d7124489dfebd8f459eeb,539.9
c845abb0677b86ddd8f3a9f48d6f09fa,539.9
e0823accb8c5a10158bdb45081c58d68,539.9
6789ff94f33ec35c9ce0eccb2513fa52,539.9
0dc132dd6a84ba32be100a29704baa6b,539.9
d2cf1eae9394fb594641b0cbdcf2e337,539.9
55bb09068c9313d8ebc7a9fcac595e42,539.89
5e63d746b7b0811e6e09d7259661ca25,539.88
da0d4d9bc4bb9a14e826417ca7659005,539.82
4be3b1cf113336d33a890541de5f892b,539.8
3ec0ec31a0c1db0eb91cad58547e3e14,539.8
0d2ff29c36a65d389738620aa2f4e145,539.8
b3927569e0d789c9d5239fbdbaaed7ad,539.8
b995dc022350b92b96dc3d1678368e41,539.8
8aa26613f99b460c27155238fd55ec7e,539.7
ba1249c05a651c21b3e6a99caaad9525,539.7
a98e0b3366f5ae4760cd3764c5b518f9,539.7
009ac0aeacb7e5c368452976385b7903,539.7
86042c8472794b41d03cfe051f3bd9de,539.0
020d4e12b05970e098dff43d6589d7e2,539.0
4b6663161ebbc88f81e39c014aed00ac,539.0
b339abac3ae25f5b2b4f46d64ae42464,539.0
91b9c73efce9cbe8c08f5211c1458761,539.0
55acee103cfe584bc279a010f6c6dab4,539.0
7ac830df7375159599fce33ddfdca903,539.0
ed5d7675567b8104d529f663900be8ee,539.0
98d21222aa76797e79febacd95783d78,539.0
5d3a8bfe360fccb31768010c5a8910b8,539.0
9d4a655962c8a0878a1a58c3ecf7cd3c,539.0
7fc561f7c9d3ae25888cce9daed1d9c9,539.0
b79086625b8f919121046ffa84abfe7f,539.0
1598b6d820a0d38b815e6643f972d02f,539.0
167db18e4fbd9ba3dec2aa5a7b79969b,538.9
fe9e048ae4267835d2658aca15096833,538.9
064e2cb3bff15053eb0e4afc471e7f2c,538.0
ad2a892cb75797930dd37af669701f85,538.0
5e56ace5aadb8b0f475e5ffe48d228ee,538.0
599daa6dccc8cd36595216dd3240b109,538.0
6964f3f60ad8c5ff9e3ff42d8747fbe3,538.0
447552d077cd8c71a9cbca5e22a27d33,538.0
6258086c622f3a3d544d6ee76c0724c0,538.0
0e573a1ab586da9a67c1589a2c95a4b4,537.99
a1d3be9164de0c24121b9188a1e4e1ca,537.76
f0b6776029f46b0dcfa9aa46565a1013,537.0
8d99c2b0f22b32e0c272f62ee2161791,536.49
603e50de0ef4f37f6a079735ca71fb05,536.0
1ad3986272341934a66dc1ba2f26c752,535.9
93374fd993a5d1fdd8ced26018a7625f,535.9
a0c07443440c1810d9fa7dbb31cf8a96,535.9
7b514dbab8ef621b561b03831b31f9e6,535.9
16c2b0a5ce42533979d3f8150e1298c5,535.9
0599ec2b8c99941483dfb9ae2e8e3b5b,535.9
3e28146b1969573495023a593a711bb1,535.9
ce642ed845cd30776fbec8f959915f4b,535.9
d15b4822b0f37b8463bfebc5c82608ef,535.9
4f3bfa2a13f306977a996e625a72c698,535.9
d5bf661a3e396b8c710e6878a34eface,535.9
ce44006c34eee6e18fca84d926452692,535.9
9a4900710ff76d73cb3a0d152e73adf0,535.9
d76fd8ce78bd4ae0507c3e9d32c07f5b,535.9
cad3d3fc70d214ca82f4b5d6dfb279f2,535.7
444f829ae8a3aba7097ee7e14902987b,535.26
cf56bdf905c1e3b759e4c0fd0ec64037,535.0
1aa6c46fb9459ec74668eee530e59939,535.0
1cd94d9438e7e24ac46fe5c1b90b38d7,535.0
1b304cdb65a252be98ec533eac75bbf2,535.0
5c351d3b7eb465775ce1405dbe49cb23,534.8
3114d3d76bf813b06638b17da57a21cd,533.7
c1fbbf8f9118712100b9c5695924b523,533.0
67103ece896ea12c89ef860d152ea9a8,532.99
f67d6771a9719cab1c7e5630e488ffd0,532.0
f14ce63206ed46c639e48863c0789820,531.9
b480ab3ee3f6e17d076f192578b9fab0,530.0
e90517fa5530cf8a1818e915c53d6659,530.0
e5080a949c5c6925aa8b54b3f72bd8ba,530.0
7611c3b8e884af2035406accca147b09,530.0
3f0c330a3f0a8a77a3faf9faae9e795f,530.0
8880908f690e294c94cb70c761f854cd,530.0
078770bdd7ae21c5766a84d4cc70d135,530.0
0e9cf72e31c1e9a33112db12a2e5c436,530.0
214270a60aed81931980eaed78e631f4,529.99
cb2dab511d7694847187ce7efa1343c6,529.99
d5fce16631bd2ca01664a112560b505f,529.99
2441083db7fffe0d6cff5a89a55fcd76,529.9
6b4f0a05f4853abf220b4b251f54c903,529.9
877d7a34bab3806f610260f879a97d6d,529.9
cf50af49e1f2f2757e157b3ff3506bcb,529.9
d29bf63857a4ba09729fdea095e6da9a,529.9
b9a06c236a0668f4320a9c72534e7812,529.9
fca23aa596e040551b4db9d6f46fde88,529.9
5291ca075766f28a7e3caf211c8b69bc,529.9
932c1d1714159ec293a693272c3a1335,529.9
ec197c15f97c64139e0c62e7a358ff87,529.9
cd84c5397d4088ed306e9f4791624ba5,529.9
a1128c70aedf47e5c381b6127f8aeed5,529.9
4a1bdb795a09dc4baecc328caa3e46e8,529.9
f73ba2f6504b138cbbdbdb94ca2d28b2,529.9
9a5877f8f6e46206edde862c4e29839e,529.9
5a3342f212d4ac404bd2f450632d1cf4,529.9
b2905c0dbb32dce94c26396668a744ee,529.9
a510a0fa7b3c19307ea7eb8832e5829e,529.9
10665575b485ee952164ddaf090e9f41,529.9
b34c2bf47009c527fe2eee5362333591,529.9
ad036c529b82e8fb8dadd3d80aea5b7b,529.89
cf0b077259962737e33cc1ac00e82769,529.65
81a0150b8f472d0e5e82a7da198b93bc,529.6
23cda6d7597dc4d07879d7632b2dc458,529.0
0e8f3042296ebd7f20095ce2fe09945f,529.0
fd9762feae4acdbfd1d89012de982916,529.0
9d63ff3e9226b807a98142a1b6b5a899,529.0
679eab96828b70b85627bd192a717de7,529.0
630ae1af96136635d7757c7eeeb743f4,529.0
1191179e28fa9807cd21f14b5bbb22e2,529.0
fa35c2eb47d2ac9cd12506c23024faf1,529.0
e71484466cc8ae37af628b0035621ada,529.0
c1d73d8388eab6321d6346ec5571cad4,528.9
a676aa5921495b8f01146bbc9502fb5b,528.85
bb5bc982bc0056028d8a86831da1611e,528.71
96b747e34fa89b37565693617f5e5a00,528.0
d44661372e501386cce8554861971115,528.0
39fd4cc03757a754e9b64b20a8aef217,527.99
33769b3c776634c84e4db64526bb4b4a,527.99
d88ce61774a12cc1525c4679797dc2be,527.9
2475746f4e558c18ec6865adb7dab746,527.9
28282b019e106fd3e57718c143d0bef9,527.9
70abade22b2c1d02b2d43e5a185d8883,527.9
e6ce0210d5c09eaa9eab5a68f5916f35,527.9
3b6ab7020a5ceb2b318ac3db42eebabe,527.9
93c015faf4f5b94d536b82655d7de06e,527.9
caf4f7415f1dcefc703eea9c86b42951,527.9
376b286a6479ddacb9374ba88f19178b,527.9
4f3ada4edfb7f58e81325c5e59f1eab0,527.9
48056f086b5be2b2a1c6d64bcb1821ec,527.9
c3adf50520dd57bd31716b9334328671,527.9
455d0df20ea3cac0d66ed7609a01b80f,527.9
4c5fca77428fad7b13c10da02622db4c,527.9
df36c3d696e5167eaf8dad13008e5f3c,527.9
d87b280bf2fbaf934442f9e05dfbfc94,527.9
8ff83690a72dc5589bc39742798a128b,527.9
ca1f3487e758f630ec135b5e82d8ec36,527.9
a2e7ca2b5d23adf8d5b5b3c6d37ec9ef,527.9
5b5aabbf6b9bbac09d76cd3b2f186584,526.5
f7bf8eab7027399a5a9ffe05d16fa21b,526.0
f83083fcbc51d12f8279b5713c2d4b4d,526.0
a3cd105dab87c69d5efc7a94381706dd,525.99
d7998849586905d996da5ca20ec6c199,525.98
d4fcb254f2c6ebf50c17180b99d046af,525.0
26de99152866cb5cb5439d586bb0e20a,525.0
54171e00b716beeb65658203ce2bac47,525.0
dd4fd143772aebd20cbc60b790d9db40,525.0
956346db615f7adb9ea991c5e4648c55,525.0
e664e4068445047f27a0acaebf62f08d,525.0
c09ec34dc25bd644243e3e72f4065ec2,525.0
f9e5de2b9cdd6adc08fcf8a858a0c1a1,525.0
e9a600a9582d96365e2d57f4e2f6533a,525.0
6e37091e698b4eededd017fa87a1ce5b,524.98
4551d3400f68fda36d0062727b26c04b,524.9
6b33a31c21e3e38abf7f7745689d6ab3,524.9
0bd601a41ab5cd6262b57cbb2bcf0f2e,524.9
8c3c65fe9b99f72cf45b51959a335c0e,524.9
8877ad2e63b8bc49e95b1c18133c4f8d,524.9
8212e78cced469979b64d5ae33585470,524.9
edf066c026b6d8fd9afb633fbd4ae0e5,524.9
b9d460d12c9b6c5c3a0d73541e11e5f5,524.9
b67c0101a12bba7b737685cae2832604,524.9
efe0bc8c596413f5f6193bffdf474f51,524.9
781db10a11a21cbfc43467e1104341d3,524.9
375d01fe401c4c2f0bd0b34830e7deec,524.0
32b52863b83b6444493084e1c20a985a,523.6
466fc410d15081af6868cdf2fa2322ce,523.0
f1602bb9e01d34a9beb5693c32f23016,522.5
d2e258817e38dd6847a2dead3bbafc05,522.5
cbafcae6785f52f8deac0cfdf3e3fe01,522.5
58b840c5c97a5749ba962d1e7a857d60,522.5
99ce553a3ac79b26416f2adca143760e,522.5
4282ae54c83a5c20bc9b0c199964be41,521.9
825bf2767c99830cd3e9585c213f6680,521.81
8c7e3a1391467f1e46bade4b8cb8484d,521.7
05d1db7c45febbfa36a7a412f087fda6,520.9
9dbc8c27740a5962891aad8ae9ac64f5,520.2
a6c74361455bcc767fd48b27143c01cd,520.0
0aa02a8c623a27ee600a55779391bdea,520.0
dc8b649209fbd7a09679b48463cbddec,520.0
f4e1e1a718f0175a94e3afc20da813d7,520.0
ada1842eb284e3cfe2de8e97bd056ea1,520.0
44edfdeb25a4a533df2761f27356f204,520.0
3f931d76579122411d593b5b919da7d0,520.0
5af548de5ac9e4c548c8ace80d97833d,519.99
136a28c6b13f394abf5eda9cfb6ea934,519.99
6932a8346062af34cc8e71cdbdc30c9c,519.99
0787afe87fbc7be9114a66325d1a5481,519.98
d21310e8bc2d28d055ffb06efb09ecf0,519.96
87330790856db4f08442e7691ccc283f,519.9
02c88401b4de00301504d6113cdb6cb7,519.9
50f685a3459979901d080e6d5efa0bc4,519.9
bcd9f9f62adf6abf013f578204bf83a8,519.9
24318dd4b5ca7e9cc21eb9d20496c4ef,519.9
f9307a868d628f108b5f304e4a6a4e12,519.9
9e1cf20c1585106f749e4e257194a11a,519.88
23fd1057f419241e5e9307e2ce4b0b28,519.85
a160f351f9742dcf1732bb802b7fcd65,519.84
1e0237f70c24e0232e8b7e0e12953a36,519.82
077df306cf5b17588bc5bf9a56e0c088,519.82
f36d397e361b66b7220f849320541fd8,519.8
3059fc651e9f8e3a5701575e62f1ed1e,519.8
ceefb0b07a8b7a9f0272d3e2d4861506,519.8
5b43ef89a22571e7993b5179c5ab40a9,519.6
06323ee39c5605bd9e243f9aacdcbae7,519.6
c2d4ece79b2ae91bb5c600af6b6672a8,519.0
245032fa7a475c343d0674fca40ea069,519.0
a6d7640f52f30dc6dbc120c31cfbebe9,519.0
2487a1f2ca00d0bbdd2b768b7407d75b,519.0
014cb897286d70935bfa3c8eac776b76,519.0
cb75f1b57449ab6f2efb6da4648d906e,519.0
c594f7c8db922470d3aeffb1c1819571,519.0
89fcf5e5b0b9a32db1cadbcc8c3eec9a,519.0
3cc7b823d18f8bdca5d453014573202d,519.0
f1b74f95f4688eaabb23a8b1bd55b8e3,519.0
fde12dc0d32b4cd457919846c5b8e4b4,518.7
6fbbff0437542ad30708a68cb5868d2f,518.18
db13963cff92288e8c6f6d454b394196,518.0
f10e5fbd994c96fe6abc21c3303c9a40,518.0
02af4338e00cfed3af1a15854865879c,518.0
8610df3f298a416963e7a02438d11e61,518.0
3f947876eeaf431cc48e9751af9c6ed8,517.99
fa5e5ede73e8f02fe888b6f3bd44a714,517.8
508c7b4fb7d3851500f0e72e8fac153f,517.65
bcfc81d3c0edfa7fda838c8d108c96a9,516.9
e72e967bc245b1b81bf29450b7e47e60,516.9
fd3d2c6a4c99d1e1f60663ec38d9f681,516.9
6ae9cb4e2e02cb4f01f7a3c6edff58aa,516.9
b6d0aa0a236de4891b11f88498c05f26,516.9
4657291c8b3021ee2ab479a0a79622d1,516.59
66803c74df107dfbfc7492cd887c7401,516.59
13d44a48280d6bd29ffbbf23c3680afc,516.59
93abd65e3064ef2fbaeef2759ad93c0b,516.59
178d1d635e061e8ad879f9ed0bdeba01,516.49
c98a7b0279f19defb3869b3ec67bd1a8,516.0
3dcdb1dae15ceab787ba3a49aacb8e32,515.0
2186cc784d9f14d554281e29f7a66362,515.0
b094f9d22537cb4892ecff5504dd8172,514.99
03a43f85610c32719e8526e1be97f6da,514.99
64dd91632c353e908b5ec176a50089ef,514.99
bc648a06d0b0e1a59ce255f42c4949cd,514.99
2450926e09ca55f960204a2789ed4943,514.99
2d7d7ef5272cb7c9ec3f7aa57a2b2dec,514.9
92cefd7ba82a01c6d48661c32586f454,514.9
b105262a556713266917a2f00d6d5705,514.9
1698d043cea87957997792254a01fd62,514.9
ad44127de955ed1bf705d59c99a27163,514.65
37f1edfd21ebaf9902cfaf468d72d4a1,514.0
2a16ecfaa8192a53f40b1531dee2409c,514.0
8c4946e7875097b10d6f021732685fa2,513.99
34dc1959beee5ccbddabcbe79132f8b3,513.9
20790af71322c268ea0a6cb7527ad8d6,513.9
7d256faf9786f86ad032ffdc9554ea2d,513.89
0092ebfee8043dae610fab832e61acff,513.45
00c2781c163b9f057924ed8c45c724d4,513.25
c1b20d05e97c613b0983d4532371c13d,513.0
8719d8f872644dfe3017aaa7be69b86f,512.0
8b3a35cf9a44a81b1856b082b3b7b40d,511.8
74c8a024a6cee2c76e1c680e2dd69812,510.99
247aa795039e1d9bf232095b1887f807,510.99
97d60c4bdc2028096d7750589b412ae2,510.0
6fc625da2b7ec57da6deb70a50cf50bc,510.0
6ec45d1ef19d3a0128276cfbbafdd4f1,510.0
3bbe55ec205026d44f2a0ce1059f6e5a,510.0
1b9926221e65a2fb5b82b1dc60fa866a,510.0
e7c7f5bccd9e0656edb0d14537773b8a,510.0
4c27e133e1de3148cb84c92249d51316,510.0
ab2ea0f54206e58856bd5b50647a5cbf,510.0
5da179829d2103e0bd3f9fb2add6cb93,510.0
4af6352f741b51d01b375b32579004cd,510.0
7f1a08e2635252e5e256726471ef63ad,510.0
4469fb1aee7f65683bcbcf6b569f020c,510.0
509efbe31adf8f6409b0fdb484d79208,510.0
83d55f159d479719eae036a2093ef4be,510.0
3403d734bd655535fa240066328de632,510.0
55ca353ee53173476849d5e2325d42f5,510.0
56901e02ef29bd6331e8893dc08c87b0,509.99
47a1c33a06c9e5aaeb9ac3923d79b742,509.99
ea674b857582bdf75d6a2cf08df648cc,509.7
696bb5fa97564f4cbb50bf3c9bed95b8,509.7
d7ffeb324db6174f478b9e3a95fc1007,509.0
5793f678892bf48b7d7065fd9e0c7d7f,509.0
759a37244e0c5d737342df44b0fa0fce,509.0
5bdb6841f00ab95bfbe2e2bb7eb66ddd,509.0
16fea2cb1931a45f2a7c8d178afb1c83,509.0
3ece126104ef8d177500f2766874db55,509.0
4bd2a8ab135a7efb34b245717953ea6f,509.0
9834e79f181280824b88ef3f8076cfb0,509.0
6b21a323b942df56524b937b5b063953,508.72
bb57526f1e8fe74f92c4c7e4ced09303,508.0
b57a5ecb737d245afaf5bbcdd8e0375e,506.0
053fd2ab2e3ceca5d4aef650327d1689,505.5
985b35e7309802e954547d2f6fdfe9e9,505.44
956cc3292d13bea359eaf6683f410bf6,504.9
1eb163392449193337cc2c26ef4271cd,504.8
f690c800cd56736b12bc37cf53580167,504.72
631fcc3fa1ad2d9b5af6b889b547d3ab,504.0
5f816233eb2322dd00015934ff84693c,504.0
652401990964326fac92dbdf8ebd673a,504.0
8985819d4414a7471d5be1dac2f08233,504.0
41c8303028d145b20dfddccc9fb09262,504.0
4a44c8f258b8780e1da133c1f1c39854,503.84
189c79f9536b271219661d456ac92076,503.34
d2d34922fed7b3a54130c786b7cb0ecd,503.34
c7d919ef7a82d071ba104aa44c17f548,503.34
827527fc23866f028badc583e4778cf5,503.34
c41864640b04c08f3c49bd4b17cb2208,503.34
a121f1051e6eb2ab15dcf6b5a2be447e,503.34
11ad10d9633e704794cda59de17627f1,503.34
94ae1db4210886b1959b7a4852d08670,503.34
25766e8a0df0553dc9010f3eca6dfacd,503.34
7e19027e795226f7daa9b9e38e2e6ece,503.34
6476f290769184b3ee9d2666d7178073,503.34
81726f29e5d81a08428ffbce39728692,503.34
f17604f3f89e57c7ed3df37759b9c8ff,503.34
b767290b393d66a2425ccec273e0718f,503.34
2f3dc6fda9c82bef02f23f9387ef137e,502.0
a72282d3fc20f2e29b2659372f3aa616,501.9
1abf283d0aba52db4f323567c763714b,501.78
4befc2f11b265e8aad849eafc3c82e43,500.0
3af72ade715e12875a9d23d275ac773d,500.0
ab8cd40514830fe7877cb2020eec6254,500.0
a01d949bbd7511dae0779da819c1d8ef,500.0
74bd52912746ddd767b12f2e812fa40f,500.0
1a6c590aa0cb8a6970615c9f0a070453,500.0
3436830523f11956f158565d582de289,500.0
57bf63f1aab0e77102a9b23e53bc4446,500.0
7fc0e7dcd8f29cc5285c7f4981c8fae7,500.0
47cfdf70fd5de9dbac30a0a436e7fa77,500.0
7132d6cd03bc196b7d4ee72c6ac9bac7,500.0
1b4970ad8aaf073fd9164c55384584a5,500.0
a3d2aebb19110db6d233642344452394,500.0
bbed564e83eb94355dc3537879b54f40,500.0
54bbc8932c68f4dd6736c2a5ef035513,500.0
d10a74a9c88b7a38b6c61c09e2f63415,500.0
e42c98dea7e9fb9aa5bf66882fb2722a,500.0
72d108717e547684828b22adc8f3607d,500.0
ec7e316263fb2dca379a1282f03adf58,500.0
6b05c8f3a25a71005d5eb9b51766c333,500.0
c5ffad17b37657c86889372393f65a94,500.0
d30de15de3c5be7025a72d3f114b62ac,500.0
8d40166f2db2f946bd75da94411e65c3,500.0
9379746d16b07564085e98f254ed562c,500.0
0096dd625383caa8afe2c028018bf4ce,499.99
873d4758d873a2b0ac64c037870a27c5,499.99
7d03c43800d4b16a114104fa658685c6,499.99
67f7f5c57abd3964c11e644ea6ce12e5,499.99
3f8ad8c7cf1b77d45a23ee2f646eb06b,499.99
0e0d18a70d896c2a08f19fd48891dc48,499.99
d8eaea841567412b155813300cfa7083,499.99
3bed1ed2de380c0df26c6566a00693a9,499.99
6feec19ac422bb1f5fcb89ee26922aaa,499.99
806f7c1753a3be75c708138b58666ea3,499.99
ef3d1f95b166480f4d728f02c1949647,499.99
e57ae57f9ffcf35c400a61fc36e752b7,499.99
4155dca7ea6e8ffbcacbf0e4d1680826,499.99
8e941206a8be5ff6eff0de04fa1629e5,499.99
0a11e66468367c652e30429655d26fc5,499.99
a1565d85ce76a84d838e6ecc4f71119b,499.99
238b72da54e53e4b44ffd8ac27ffe9b7,499.99
d24a42b429025967e6db9734a049d995,499.99
1543d33006419c3806d6e4d2a1b7560c,499.99
e7a585d75baacb6b90108f280475324d,499.99
994c8f911235968e88a5249a81909121,499.99
2ab6da3352a583231f68a16897fff0c6,499.99
779d2c4b51f1e1d7633a0971d70e979e,499.99
86ae4eeeebc064f8fe03f829735ed7ca,499.99
9df54e366988cfc2cebe295b76ca03e1,499.99
b6debdaf65d20e037db74e2d1c66e22b,499.99
d962db498655c9a4b77db1b993f157d4,499.99
ca6187373928f3f6a481bbfa1626b72a,499.99
753f15432f1c08ae572776869f9b5423,499.99
0a4c9f486aaecf0f40738a4306c1d552,499.99
7017fa825bd6001972c6e406b05e6cb6,499.99
6cf9369731b3d671fa5e5cb0d6d58f72,499.99
23ee2e391c931ab46fbe5b0586b3c080,499.99
a71ca7819482e010ceeaf3c942577f94,499.99
b419379d557fd4ee484ba77e2603d523,499.99
ac9ae3c7de93573e219a1f10d7e71fca,499.99
419845f531b2ca7b8151ed574bfe68ba,499.99
fa46e5bd37e3aac658183fc6c27ef653,499.99
fc8d128a358eb85b316708c1a0fe0cd7,499.99
77d9b095e49c4e2e9dc30044047e4295,499.99
49d24dd7ab7122987868221504720732,499.99
3cf2fbdc84deff5c5921e29c63678c8b,499.99
cf3772ed0c2c62f2411ec6bafa1be74c,499.99
355e76c739f0764ef68efe0ad8ef6150,499.99
a43be428f03e58fe060cbc93599c1881,499.99
baf6ad0e2d1f7703ffa952b94ace7f81,499.99
11e7a370c4d19f21d7ae57faf77099fc,499.99
67de52b6a10455591df311f48614aa58,499.99
96a02af8f6191a0e35f18c123b760285,499.99
90b53c4322089e4d917669f55cd544f2,499.99
898f1c592071ac298eba3751bb0100ca,499.99
55c9044401ffab0c717f24405e2e042f,499.98
2054e51b51d3fb89f5a3cc798fa4b2d7,499.9
12c8deb5814ff0ace27b26eb91dbea59,499.9
44f04a8bab3d0c656a642c2eed0dca5b,499.9
a39b1f21681a5f51ef0a0eb687254356,499.9
a8b55141d82d0f3be057b4afaaa97625,499.9
4bd6c398949ff38fa1265810f43f51e7,499.9
b174fb91c364d103fdbe5b9ccd95a991,499.9
52ea3af8cfa23076f574fe22f73e47ee,499.9
2d0402de72b302a2627bfbf8a1e7ea93,499.9
13239c06137b25abc7ddeb164b5f4b2a,499.9
4930451de9b3bf498e8ed2aa06c9421c,499.9
42127ee3afa767a0312e66668ab40eeb,499.9
0c63c9530d251ecd4dcb350537e9ed6f,499.9
7d8f985a0701cade02a5bae6f2d6e00e,499.9
1cdfd76e4dd6e176d18ac6365c083ee1,499.9
1f85f3a63d7486a6a223798bec7e9900,499.9
bf36e212151102fe45397327fd25c235,499.9
f3ad464626c78b317c7069d4c960fee7,499.9
5160a7d2b93c50245ae21cbc016e4e1a,499.9
35a7bbd619604e6a5796498ff353983d,499.9
8092c7b207c7dada91fc057f59fadeed,499.9
0e46bd5beb3defb22a0fb42dacf5a37d,499.9
7b25145539f38697d2da83bce9cb8725,499.9
d0f1feb68180c9a4e966a461523271b9,499.9
7e75773058e5fc678964b5d4dbd9d2c9,499.9
26274565e2cd51d9125dbc6569713355,499.9
2e20f2c736dfd3f5fddfed7758bfd1cf,499.9
e8a2219b2fd553c95a488a4e041e3bb6,499.9
7dc8706230ce123ade4d311a407eee19,499.9
66b4ae7302e46815fcd2f46e6d811392,499.9
30a923e7d770c689424796ae6bfef721,499.9
d701d4f8da8a0d17c1fbf6e134d07c4f,499.9
69a79fd7c17487aa334541535b78ce31,499.9
b08b053b47ee7b62f57a3171ab3b3fe7,499.9
986eba2f0d54f5b350b50ffe122ec2eb,499.9
01e44a7a40e6456dfdcab17b65106fe4,499.9
78f43255e0efc9e6652558f1e59af136,499.9
a629686911e06a8876b4b570375c1710,499.9
f9cfb1926f6ce39e0101e813f48b4df6,499.9
61eb73b3aa56811b865abef59f7ef640,499.9
fb4e76a4206ae6bc621b7ca61fffa185,499.9
0a9c8e9d3d60525baec492c633d55282,499.9
cb3caf08929ebfa13fdcffec28f3cd6f,499.89
4bc99d31c09e4ee38bff3e44ec51a326,499.8
d013170b78d80c0195abeb230ec2d8c1,499.8
bc69b9f9b96bfaa21e02b229c1479ea3,499.8
51cc1e38d0489d588d7a687da73b2458,499.8
e0e201b85ad5717fb99edb6d9194795c,499.8
de1133f37c60eddaa55a82b7e361efad,499.8
20ef4d959f4aa0a75828646ea2dce34c,499.8
4b5024c158d2e12d3868baa977c6f181,499.7
560ab40a3d1ab0a2d570aa941266cf58,499.65
bef299a2a64318827d1d0fc04512b405,499.6
5352d7b0e81c3b107191e70df710c5c5,499.5
1eda56b47988d592fec945da9ee88c56,499.5
c891f94087a1bcda077d185cb4edfff5,499.49
71b2bd715574fc1ec384f8ded6573e12,499.49
c6a909123dbae964a98b72e526d1e7e3,499.25
023fafd700dff9fcc64d28e2defe98b9,499.02
90fc1fd439771609e89a232b462fd956,499.0
7ac8e8b779cbb5c4d85744765dfc6168,499.0
662a0db56bf6bd998dd59dccc268571c,499.0
4a5a3ac487d4f2e8bbe182573395a3ec,499.0
8fea62092a2a7d718fc9db1740bae34a,499.0
ff1aa5b5c7890d273cc15e9ab91393d2,499.0
e2dc5ed3eaae2eae1e1681e43e8968d8,499.0
a361e2434dabd79b7882cff0c9b7f418,499.0
285760c6e34d73059a74585e3385c2d5,499.0
d602a0c12e9023bd9f13bed51e8d4caa,499.0
bf6eadd476364dfccd9590d4e14309a6,499.0
709cc21d90b1c1afba62d1bec7d2761b,499.0
c7e92b25149aedfc40b8f3c297e44f47,499.0
243292e3a15c617b5ea3ac0cb388c9a4,499.0
fe007b524829f7a174ea059a23bd0a32,499.0
bc724341ab9ec337b8aeb519104b93b4,499.0
b875c88c5bd948b4cbb747e90e9c412f,499.0
7f26acabc0de284841a6faaf0c1c0d6e,499.0
9f9e0ccba7c167dfe7736dcc9a703f8b,499.0
8e9bad01be77e446634b85d8b7261ef9,499.0
c32e37aa05c6b07e8b63defaa08a010d,499.0
a3cafc130415c67d4e17c9809e55c12f,499.0
3efca0204e57fb8a63a96188d66f3891,499.0
2c89b60dcd1fee99b089f5ccbe1ee294,499.0
c77dedc3c3a28926c79150de11a1d2f0,499.0
b28927af041ac988a6e3f7bb60d9bc11,499.0
30e4344ec0ec69a326ec3526aa56ef55,499.0
fc829ce32ebe10b650baafe867523dce,499.0
78dade93bc51c691586fc4880c994b75,499.0
45a1e42954c59f20f1107ddb8c3f1de1,499.0
aab60551b0c17b5dd31690b0d1bf3911,499.0
1bb9fea5f63e1de6453a843c7d19998b,499.0
26c9b7152117d1360ba0453bc796dc2e,499.0
757e1b315db5be21a081d9ce240ee72a,499.0
31ec530ca6c36d8cd17146241c119887,498.99
2bfdfc487c9342cc6ceac940adb36c11,498.9
933c5933d4324bed8e5a71e0d29aa42a,498.9
41021cf729eff1a1ef1f51f09fa39bea,498.8
e0567d3bebd1a849f6b13f9efec17d88,498.8
3ac6190e2e6af7f7d665fc803bcadb4b,498.8
9a93ed7b2224760d24130290941c2556,498.0
313480f1bd1a0f065a2f5772713b6091,498.0
f47d0aa693dc40ef978d9ad2b2af422a,498.0
bafb31305e910acb4e6750ae4c40f547,498.0
6f71921817fd1f04aa328382f160d42e,498.0
ebfded4f6875004a5b269c5683a64ab3,498.0
b61ca4c728c064d4f7551b52fed09a21,498.0
e6136cd145718878e3cee93987ecbfda,498.0
04f3a7b250e3be964f01bf22bccdc602,498.0
dab78ef6a96537debc922fc35be7aeda,498.0
0894c4cd09f3242122ce353289132c7e,498.0
71dd1c2bbcb2590101080d3921cfc540,498.0
7c2e9dc6dc40a13459ac05fcfddf0639,498.0
23b34c21b83b7055f1079316b6e41feb,497.99
2110656d0356c5d1d3c7f1c7bce0e319,497.7
9ae4bf2bb990fa503baa7e1feaf6f60e,497.1
b9de7d4d29e2f39cf47acb6cd6e2a7f2,497.0
37ba17a9768cccc0eefcb06a5319755b,497.0
75baf74d97b2339e14e57681073a42ef,496.9
02e86093158ca5dc555cd7674b753274,495.95
fbd2a08da7b03d6aa249b3b68ce13170,495.9
845b824eb080c574067dc1f73e58e09e,495.6
33a4d61b0f6957f323a1eb332b0af535,495.0
57244724368844b9ccf59f216d2bb822,495.0
95e70e201e5f27dacc75e726e86f85a4,495.0
2196eeeb23fbe18de0dabd506180a95c,495.0
64e1c7bcb9dc43fff8d80a10ef119e0f,495.0
73d9b153e7d371a64270388b832f3ae4,495.0
bde79a75c980c8714c8affb0f0d8b165,495.0
662ddf0130a11a237c514379f34c3e25,495.0
ac6f5fe1ba2cbe43820cf92b12fa598e,495.0
33c39ed7b6362b7ea09ca4acc6f293e7,495.0
b791f3a14af336adefada909e64691b1,494.99
88127edc390afb814360a003695dd0fe,494.99
f7c1fc6ee1c33862103af46259da9c1e,494.99
14e7179a159cd1022234f28516fd823c,494.99
496092c6b78a42e0cd502fe42d698381,494.9
e727269b32ac05dda1a8ac1a8144b288,494.0
573b8654cb5e34f524e337bc94ce387c,494.0
3bca6195513d7192d71d05f86496d6d5,494.0
a7569195a2701fd7c2586bb39855966a,493.9
6105669038af83b587aa02fbb037389d,493.24
4d842ab53e4a51551f795bcc1a742dc1,493.24
f48846a6588c8bd78f09e4255b9b5379,493.0
8fdcae8f8a678afc8f8303c84428d22d,493.0
34532438b4bd25e285a454257543b521,493.0
cccbf26e7e7e5fa2fb575a7bc98f1638,492.95
2f08bf21468eccdf69598582d4b89fb5,492.75
5f19c4244489d622370b549055182a73,492.04
066a5866635b2ff28b793b05fa7a42cb,492.04
e2b55ff6dc402ddbeeb756f42f9bb725,492.04
b555736176fc35687ca2606ff18789be,492.04
3cf0ae0b8daef388a5106a0f9999fe97,492.04
e10cc38ada4c34acd6ad1bb67df93953,492.02
e530729e68308aef71086aff5c18a3d2,492.0
76f2067f49c7969f0f3186d23c13d6e1,492.0
72fbfb632e6357d45a3a96a755cfd9b2,492.0
0df0d96998ff63a976f5ef546accdc84,492.0
f7a491b924e343625fdf0e87ed85b235,491.99
f6707ad9321dba0eba6285da8c77b7e4,491.99
113bdfd53b6c5dbc25dd4aab954b9efe,491.8
6885b48deaa9eb87fc9bed8f40f9e70b,491.0
53b750baea96bc81ee0579b3823f14bb,490.9
9c5e88e3fe00bcd6bd2093125838f703,490.0
7c30c73dff64648fbc10d968e6a134ff,490.0
784858ab2fe13a7dbbb230885e0a6ad4,490.0
b806115ed21f16a50c4f3a28947aeadb,490.0
69479f98f213588f640333ac526c8dbc,489.99
be07e18b74c064de0313f6377d064e02,489.99
8de1e48bcdf39b47ab42e9b32b9772d5,489.99
1f919de718cca46a16d7485dac73b9b8,489.99
afa09f08d68def77389c41a8685c22b6,489.98
cd7d7b4d8d652f2a44de11261fb5f749,489.9
5331673b53ab96917e46619ea1d443f0,489.9
c164256600c1202e37fa3dfb460ae837,489.9
3db596facb2a04fe0a166da9b0dd148f,489.9
4d44a73097bff381fc95fe6d86a96160,489.9
bdc00c07c6a1107c61ae7e8a75d3071c,489.9
ace4afd0542aa350c02e981fef5b7e85,489.9
ae79842e6e74fffdd282a258b22a757b,489.9
1dad9e4bede5567523c2b61690408173,489.9
6a3d189d7d294b5cbce75f2fc1cb5f37,489.9
b240cbf2b50a10ee1f80b42c56b99069,489.9
b16623490956836285bed777c5e5c16f,489.8
817f696c8f9583b519938c73e72310cf,489.5
f5b6ff880297253e328cb15463571be5,489.06
3b074f1344638ce0b5d88cd3ff364376,489.06
dc7481c01fba1947d83f67e13b422cc4,489.0
4c641eb5ac1a5a0becc4610f1084125d,489.0
803375c9f4f0d6ff92d41fdf97842f9e,489.0
8a067839d9b32272550844562ec03d14,489.0
15f640f1f2a963a27f1dffbdb1360e9c,489.0
5208bc819705e0534b2fed7c71f2a27a,489.0
aa009a607c97e3f5ffd49ef9388ff1ca,489.0
eb4e0055f25e3f034c9fe8da064abb3d,489.0
3ecdd7c90e5fd549474281af8f9e0bbc,489.0
24feb498714b7f47e6ade5a43ed8010b,489.0
4fa95709fb3d5e842297bb9929b000ed,489.0
9820c89554ca090925273be4b3cdc9eb,489.0
361416d575772f5f3a27a919f1c796ee,489.0
d0b3bccd5ab7d4920b0a8318ce9d997b,489.0
3e5628dded3c93882cfea6197ea01306,489.0
287e3d0a0a8910d94375eb917fce9743,489.0
cae464394f85fa945b401cac6aaba58a,489.0
81375b1d0de1916253f403aafdc810a7,489.0
a7a934605f3dac72b390478c3b14c0b4,489.0
a791256150a6975326b329cad239f6f7,488.99
5a6b469e735b05a0c8fb23c6ba5165eb,488.99
1fa70ec76b78a75a9d0127b26d5095b6,488.0
9e3f184b082b011c167766085ca8015c,488.0
1938eb8b42615427aeb761316ba56d7f,487.99
3a505956060a57454bb85ec3b62faa9b,487.9
9837d06922d62b0361bcd2773ad8dd62,487.9
6fdbdfbbdd322dd299234a3adb67f4b2,487.0
f85e9ec0719b16dc4dd0edd438793553,487.0
7f9dc3862d274f80c1c4797924627a7a,487.0
27fcfc8d27c86e1f52daa7d17fc24ce4,486.0
f2d7ef7f86d1ad58863453789ac79985,485.9
bce3bc82cb047d24c50593f9e70240c6,485.9
36e3882c806ea8ab9c2b1981cb46c255,485.9
b750aedcc3389221ea73e964bdca62b3,485.9
e019c5cece8b3842ed7335d88bdab190,485.9
8bc0984a1c087377e468ef59faaf37d7,485.0
9a257eee27282e867628ed2c04b03cf7,485.0
d1cb85293dd282c54e5336b1c4323a1a,485.0
2d2572843074b4bc41daa7285f538439,484.21
f18def4b8952c0f643f7323f2ece8567,484.0
a54c000c261e820c31699fe7bd16046f,483.82
a96197eaa080b70dce66bc848e60653d,483.82
c220924fc6a7d4b71451a0c45598311b,482.9
bff5381b97603b77d34b06e7b95695fb,482.9
4103444b93e4b7ed7adaf935ae18302b,482.0
da2060eb547f7d8c1753879cbf5c4a02,481.5
a2b083a1276679c5188e29feb7d4fbe0,481.0
77219b957c07413209c707ba9795b3f1,480.65
881cde96227ba4ff44f52daa470b497a,480.65
26495cdb066f046945177209f10b67fb,480.65
e3f72b6047e29c84edfede3befff3820,480.0
efbac5d10fdb11e07b78409fd8fddb45,480.0
3b3382efc93f5864321ada697caf1fc3,480.0
18af14116834f457513ba68d3c208eda,480.0
f9f966080fcd27a49a13c4d29016a309,480.0
f495468ea3520f4c1ed6bef24cf3135a,480.0
c26043ec7bc6e5a9582ab17280474c0b,480.0
efd0675fcbdaf56e198a09ad3829ecf8,480.0
6065fad852344e668bc2352e47d3db07,480.0
b1ed30407bcc491702594654edf43c48,480.0
0c493327ccf5fa774963c070600fbbb2,480.0
0f02b6019136f15670d57be81d826d5e,479.99
e40d465acc4a4fb5b7c5cdd4b903b622,479.99
86d9162e0baa8145683f025c9164de46,479.99
4c685d2c689e0df1c31d74028b5efebe,479.99
28906e836da1302f6be9abbb3738cb92,479.99
7db1a1c96774d32cbe8d8a8cc2686211,479.99
b89a58934cf731c598d3a824962e5bc6,479.98
f21c47b4ccdf7c5544d0b3f8d7ca90e9,479.98
9e24614d3c9138935bdd12b9b0504a7a,479.97
94f050fb387af0b4c3a6780278db299e,479.96
5dd43f00d95ca055b4027421fca85b83,479.96
b7c889215de76857c7967c1011125d2d,479.94
496b6a69dc3a20cc0ea64bea9e1328c9,479.94
45d23d652ab776714f444ad2daf99995,479.91
4ffb0b02816de65a0d11a97beda76f86,479.9
6d8b84bc65ad63bb703b96c994e3f18d,479.9
7711a3e3bfaa43b4a7031ea7915c496b,479.9
6869e1cfb26372f96014ea73e3cf0476,479.9
39416978729e589e3483e49937aab4e3,479.9
ae25265cf319f68008560dda699284a1,479.9
a585914d5afa8549da97dde83873d91c,479.9
fba9034f567d175bd9588ca03f0a4bbf,479.9
45919ce8424f0a7c9d630e5c18f66524,479.88
d722f8014bdb3c165931ad14c62e02d3,479.82
fd9825470961bad627c5071791c7ca12,479.8
9a603a2b22060e5a6a1120fba32492e3,479.8
b7f41c76036b7a3f1124ad8134998b94,479.8
9f60e945011f3dfd9ce6d82a939cf93f,479.77
640f09e17a30fc5ef879ffb54d1bfcd3,479.75
795dd2084a93274d000e07aa68dee14e,479.6
30e7b476534296021a9f7e0c289c6a86,479.4
679f84ceb2ee4ca5bca0c3ea34647746,479.2
b4f485d5afa99fd25e4b31e4e1dfd52a,479.04
1fb653faa25a3b5aad140fd39b886bdc,479.0
230a6236a85c6bc9056d03b13e40346f,479.0
5a643f32f961a09e6046bad513aa588b,479.0
f27a9b348d5a0701b3794397a49aa9fb,479.0
60da99f6b9c64ff876a9eb5352eb0f3c,479.0
a1c4fffd5de4478c21989bd29f9a4aa4,479.0
336fbae7f609704cbff29abfa3c5cf87,479.0
c40f7f00e91eb8a0da1e58484380a796,479.0
d13c70829c24bb06b81c0de37d9cf8b6,479.0
2896fdb188d66ea9a9118e5c7cb62ec3,479.0
db6339614f8d2a7d0838aa71b0c1b78a,479.0
d376e2ae74c8c6d28c55da7adfb520fe,478.7
c725f6acf0e78328b3532826dccf5038,478.3
d64bb31d55a652ecb27a58846124dcfe,478.04
e1eb3c7b3b41539a48dcdd3b4367457e,478.04
51e10aa40395951c6350f93ea1aa20f8,478.04
6db8779686d293a60dabd0756a524431,478.0
f5b2d5976af2fcf04734a36064cddceb,478.0
8fbbbfec010bde32cd194f99deed1d71,478.0
20e464a07327b8acb79e2603ba845569,478.0
d8cf9aaa20e7204f0606dbeeca4f88ad,478.0
c4357c0fbb69c53822f3690047baa057,478.0
a64008bce82dfa89bc3206a3f5d927a2,478.0
baa22cca29768548ef9cea07cf105737,477.99
0d0590bc20e9fd71eb9d0eb72ea7329a,477.8
de1c64a7f4179d4216ee09d181aa2e6a,477.62
f1745c3717ce7b1e8ac4009eeca57e51,477.0
d43036b76d556d450d0ffe9ba9368ee8,476.5
8f0e341772a248cb96e5267c4386e35c,475.9
6049d21011689c1e6dc8978c25a3d4b4,475.6
eee169f64c12a6d94718c77899c8c593,475.0
7cb12564a9542047740d530211e07bd4,475.0
df7b73935d01c5ae82743d422fd02fd9,474.9
107148803b5e770ccca1b67d6f3a2d9c,474.89
1ff8095d765fc507ef43fc869e18e07b,474.0
4c48165dc00ccdb7a8952402521ee550,473.49
5a7beedd2aa09902d76977734156ad91,473.24
d2fb78d5116de6f334f7d6584b316869,473.0
31f52a0666897583ffda8c05eed54aba,473.0
0a056fbf5454d67770ff0787b3235200,473.0
487ed3b1b98379e4aa9ce58cf75c51be,472.0
225743267e630cdf226d130d80c4aa5e,471.84
8d00bb042dfdfc4c8121bcd01fbc78bc,471.8
c9cc1e6be29a7fd597665aeb9bbef455,471.8
0348ea4d0b778a75707cb99aef17ac25,471.8
69d1ab2fd89df4745d920bbb77e5d50f,471.8
01980baf1c23e7437caf43ce20455d0d,470.0
ee63ead077f35287196d7dd30bbcb05c,470.0
5614d75ab87c9cdd15aaa56ac850d034,470.0
6de6ec78a173f0c103d6f090751fee55,469.99
a72e35b6d5f7bf2c3ab65d04d9b4f61b,469.99
bb0edd59cf79a1b2d152639d6ef210a8,469.99
971fc118b16e18e76c8ed6d0b1d8a67c,469.9
850ee3a4be9bcdf32b8f812000b0607c,469.9
ec9f90219ae301b43e928199c1dcfc5b,469.9
af3ca90e850b7552dc08d42a09b8144a,469.9
baa10af7b2ce404a0a78f7b63aa6d4d8,469.9
161e0409100c9e6de6bfd16b211b33ca,469.8
892144cc9ef691306799ef5ede788461,469.8
bb0b2233b45074b8a5abdc679417bef3,469.7
741ecbacde649cad82e6c1666e9dc0cb,469.01
a2e7428415373109ec4643182ba16c69,469.0
2379f7158f4c66905a9dac92c4472a2d,469.0
15f3c00aa7fd210c009843955a9ca7cd,469.0
776e3127741b8d940d12afa4449e50a6,469.0
6460086b02eadee2bb54c83af13698b0,469.0
e5157f2094589ba65c3fa6510add2755,469.0
63780f9d765244d69b1059b12aec2317,469.0
5db727761e58376d96e73fe4f9d03cb6,469.0
7852374b87ec17bf7fb1fb0aee3b9a43,469.0
80d1b0a1bf64b3976917a886a2dd62dd,469.0
b10b4a8b2d231b223ec1fb80b0fe3cb0,469.0
b8c0da58ebf21a0ab35a3df2033adbcf,469.0
d9a4bdd52fc01c93c7807c89e0c67f3b,469.0
fb6966f6b07c089be66da41fcadd4b9d,468.0
0a2fb338be75030ed18b1c9073863abb,468.0
6deeb4ffef6cf320ef5a642302f04104,467.4
e11c730c457430e605b6c782f3c9f4f2,467.0
cccb9ee6b6e94ed342a4f81f577c2657,467.0
21f5fa238d74db2e4dfc38d2e6d4bf94,467.0
cb91916ede5670fdd34d3acd31ac21b3,467.0
1a2c6d2c691d8bccbfddfd90c575c6e6,467.0
3918845c74432dcada4d2f437df6db3c,467.0
bc673b29705cd8b01f9238a1dd8fdf3c,467.0
1457db4694dabd9ee0aaa7a8def2b152,467.0
3dd2f8a8b58ffd06e8bff60f30b84f91,467.0
d9b7dbf7ffaea743958f87ca360d710c,467.0
1b1304cace9aadc95b98b913a3f4047a,467.0
6d13dcf9140e8203f98049ac8c1989d5,467.0
1633655b3bf301a3f8b9e7d1d5d1a620,467.0
5dae3234ff8f2891c3ce08f65f791d1e,467.0
1ea574a394e7eddb9ef7ea5b56455181,467.0
bcee620f132246866385b6d2dd091d89,467.0
24cb3cfbb2834d6ec16baeef3933d55b,467.0
c59c7b7a32a7c7eb90cc00a60bc1dcaa,467.0
0d1b3897d00258d347dcd93a43924123,466.8
a60b063f8b715db294b889eae5acb4b6,466.0
aa00aa7ee7693323b5bf11d16cb5787f,466.0
5589f11e2d235ab3e5c279d8fdfe63ba,466.0
7caf8d2cc7be433b0cb29b6e2db1853e,466.0
e038ce5f1155ad7b6235f4df7ecc77c6,466.0
84f5d3a24b209b85ef5b5b91d0830892,466.0
6fd3619d8a965e95354f90d106e9c08c,466.0
e91d82bbb0f6fd7e6e30511456357ce1,465.98
2e64d9fef4e07d2526ad4c98534bff10,465.88
ac297eac8d48f3561ed2f5f84c439cfc,465.52
8f746bce396cf1dbdf7c8d7490860ed5,465.38
54625670736c5b35ce1fe87e01d3f662,465.0
17ab24e33d80fb0660f01a61de8a2fc0,465.0
57a27b2aa5a10e277163300509eb09c0,465.0
df78f7ad1361e743d3329b3eee8f5df7,465.0
146136e6e527bf71e6341397154c0777,465.0
174ab3e10eca3720a1690756f6b9a41e,465.0
200b152d4fcc6b4fba34c286b4c83a17,465.0
8627b27e02dbf7c31fbd7f80bcf86f77,465.0
4ba02b06cb8d9a5be5e34902fe02eb62,464.97
f5e160702969b16b3e1195b81bcf4899,464.7
08f68c9d6b891c565a87205b547d21a8,464.0
7994fb833e6c8f40ad229e30fba8ad46,463.0
66c8a452c03e793ab9eb44b12bdcb533,463.0
10b290f2147c60a34dfa71fe158fd343,462.8
de8f1f7eb09086394812a9389eb3ed71,462.0
c3ae39465419f9f2717e48728255a7b2,461.84
addd04ab13841b53ffabd423c800847a,460.8
4f624aa6b5f7d34e839b14a44982b485,460.7
81e968a75b2d12bccd71f79ed5490731,460.0
2224302c7f106ec29ae4a849b3d826af,460.0
e6a54ff64a0d3bfa1c9f6a906f6b246a,460.0
6545721ab602f8dd2ed740b17f7ea8a0,460.0
479b12d283470bd0a6e5e143e4e97ea4,460.0
36ab9cafcfa49d9e5a6fb2d2deb3eb3d,460.0
20ef87add57e8cc2760bec8fdff748fa,459.99
43204f0e1f4bf07cb995be5597dae27c,459.99
0029cdf064769cabdf3186b54d068c99,459.99
ccf3859f8793a274904181491334ef4c,459.99
32a3c332dcff5e891680b41ffb3be4ca,459.99
708fd6d10a6802bf7407c946fe20a5b8,459.99
e29a1778f74d431f75bbf30faecbd844,459.98
8ee5d92401e446faa01e61bf3d546b51,459.98
68ba8f23c3adf9c100fe5a28d4f3256e,459.98
61ec27a2b6b84f5cf31fef5553c1953b,459.9
0be04a8ef16bc25b5dc43d6077d9f87d,459.9
c333f1bb63dcb3a4c67408e7337e30c8,459.9
422b9136bcee509400f7e79feeb2df3c,459.9
16be0d120d1de7a01d72adc686caf229,459.9
e43c0e76c6388c58a6cf348e53f5b51b,459.9
3810ae52bde69bed0acd162b5c18aadb,459.9
74d2e177ebcab90583b1b652554a24fd,459.9
7a1df13f94accb7df88adc51682d29f4,459.9
d4c4c50c49e859cd5b59e7dd41c66520,459.9
c64e6cd99ad2fafbb731fb38d4f17ca6,459.84
a10538645504cbd88cd2a5e5c8f9135b,459.8
7ee0a73367a6b31aead3fb9cac8cb1fa,459.8
3538091afd540ab6e463b49ddca8ff86,459.8
0462be0a9892418817ec41fd7c39a57b,459.8
84670f973f394ff5609861af7d0157ae,459.8
22d8fcb665a280722d43864ce09ed3f2,459.08
f257e9cbaee084fabf915bb3eef2404c,459.0
a1b34e0298e44c75495c32a71bca8949,459.0
d71a0d0cf6bbacec526203263382501b,459.0
7c0861799b7fac02a5dcd248e969ceb5,459.0
73fe0e25b1561297e3e6f7159ef8c5b2,459.0
e448981d531c5708df0b2dd15692d246,459.0
b1b857f0298e3621b07763c03bc4676e,459.0
da415e0250d0996188ae352d6cb4bd00,459.0
db413ec55ca6ad5b093d08c564cf9a9a,459.0
3d79e35468914192eb3d1b15687d34a4,459.0
60455200cb4beb4dbd68d4a390f472a5,459.0
8c443a19635375ff36a6a176826a7062,459.0
bc54266131e8deb8c73bd11b883f0f86,459.0
6a25b32f0edab513097c8c8b0103c609,458.99
48db5996674ec9678ed781d29f8489fa,458.85
34b3369d418f5343cb411ef62cd8d40a,458.28
4c699449580d55e1580e2d7d1d216922,458.0
517e6cf696b0918c31f1ab6b2be74f6d,458.0
41b872cbf76c296cc0f694d75505e22a,458.0
3874a30e7d0c06664c168e83eb191ffd,458.0
40e924148a8a8aa206f1fc2c4e2d298d,458.0
f4f8f63280d609f794137beea04c78aa,458.0
8760984f53eafccf312ae7b0feb57400,458.0
72e2a34ebed45d039d4a0a28591b7b91,458.0
3c008d3dc45ecee73703f2846ef4cf33,457.99
448945bc713d98b6726e82eda6249b9e,457.75
485fb11de11ce68ca2c0ff4eae84d595,457.0
e60ef18ae2cc1f0e16b855a4ef2807be,456.8
b76530b7e66b27cd664ee26efcb0c7dd,456.0
3ac65bf8cf7bea336ad70d583da199cc,455.88
7f34b35a198ead098d27d13705f084e2,455.88
ccb7adfebae1f1cb085857059a10f21b,455.7
530d2038f10bff32ab518da55c93cb0a,455.4
39c97375f33b48f0e40142121854d6ec,455.0
29417cc37ad2d9b4fc93ecf4c6901197,455.0
d122755f5989b6f6702431c0fe0dc767,455.0
610c39e34a4a0f1215329b12d9a506ce,454.99
3b0174d2e75809f788c4798be65fb5ec,454.0
568582be60824f5a39353bf7aafcffae,454.0
e58f98729a032e4a32475e8592ce6bd2,454.0
c31d94d9defc6f3e1e0af713796acdab,454.0
e122fa5dc2e0a22f12e3fa48cfa64116,454.0
2356eca41ad970e57a898ab088d52b88,454.0
848ffdeb191369d63983e8391411cbc0,454.0
5165c38d7d20178e3fbc5cbef1961cf7,453.96
f90f26ae5ceccfc421ea191d8e72e054,453.89
481cca8db41199ffb234a2ab4caf7f82,453.8
006d300ffcb82917c9866dd5a507dbe6,453.7
4a38bf3ad3990d95c2c132f5bf530b95,452.98
0c3dd62fda9b8c9acd32576cdb189057,452.6
9bd92695f99895ea3782608dea8cbda7,452.0
4dec66cb2a457ca68a6b8e431d375a11,451.2
9de9dcccd336d99f63eb24c980e60c78,451.2
a92ad99d43dee1b6f6e8993c5164b04f,451.0
a8e0a1db9067553bedd48e45e9d20320,451.0
e8d469267909af4c76fa317649c3d860,450.25
5e3abd6568fe73ab6e644148e7312457,450.0
ac57edb936ba767e31cdfd3d727932d6,450.0
a544f53bd4ce0d11de2d68e3675ecfab,450.0
1c960186a40f56265429edb6f3f60407,450.0
92f45c696aa80b46ded933214002f0ed,450.0
490751997b36502ff05189bdefa093f2,450.0
1921bb5b1168e57bec4df798ff60f33d,450.0
6608a051ed8bb2a7d20e11032af0ae5a,450.0
b42a2f223241f042b0105d8656a450c5,450.0
1b8ede5a4791e27daf584a5ec611f7d7,450.0
bf78650e4243bf6f6a0acd9c977f7eb1,450.0
25713e9975537f7d2be3aa73911d73fd,450.0
9692d638b1138bdf10953365282b594d,450.0
fb389b7d0cd2c402928c0ae831dc27ba,450.0
361d24f75b1d71033b7020fd90824cbe,450.0
9b8b192da9442a84ba0a1503a3363146,450.0
8229f2587547772e502374973b00ae95,450.0
7baaa37a1c452f1969c629351d44da7a,450.0
69a3dbdc444fd4620ea62358f213491b,450.0
0aca8fd65c9414894ca4c072b496bc3f,450.0
b598067288f42e1d97eeea14bd3cd988,450.0
c162bf3f0e129a637a3a63caaf4d17fc,450.0
826c677b00d964c53329e5ea1b5bddab,450.0
75ac4603b7eef3b8782502ebcdcbb7b3,450.0
be9ab6439b46e597d921dad9db0d23d1,449.99
84afdd359b5f71559512a1316f1fac16,449.99
0c2c4e24715435524ad8df79a4ff9c39,449.99
7af73a8a96ff524df046d8b5ed974024,449.99
0687adb7abd672624e9c4ba569cf0ac2,449.99
48fe0a56997c0eaac6fa6f50fc9d8020,449.99
fb01511a81dd51acff26ddbe5c376174,449.99
9ce6825a023449b914519be4cfc795bc,449.99
d78f6069da55a04e77ac324ab187c2aa,449.99
90f8f6153b9c0f38829716d2320b2680,449.99
a2b856c4ff916756f0d23bf50e68ccd2,449.99
30fd14d9842e9fb42872f7c73b77e589,449.99
f967c25871b87b8bd465b80856cd4bfd,449.99
992a21aa47aee416164fb221a5880370,449.99
6baa5d0b60503b34549d866964173e16,449.99
023f52d000d35a9fa8f4dad675c5e080,449.99
c1ac3bac89dec7b1d57b092c1f07adc3,449.9
1a3ca894c970199dcf200ad85dcaeec9,449.9
cd2323501d2be6e4536cb19e12c6a92b,449.9
373024739dee7c3429afb222a999bb55,449.9
db9f32899c9b8907a3ac4b4394f216a0,449.9
35e64b013fea6a32619974535e13fb20,449.9
a36a736c8e0286e11a01c4dc3f35dbc7,449.9
e9d3dd45dc2b3461b82f3f0ae79eb841,449.9
a75a97cfc2467469a68696f39f22b866,449.9
e843b9018513091955d4f3b15a236a9a,449.9
0504a5d74832ef83b263972cc39d7377,449.9
f3e70dbef3c069f99b47ef74148d6d58,449.9
074cc70e32d05dcf3c23aead0dba2320,449.9
d9586db48229578debeab901fc8be467,449.9
0e412c4ec24391b80003616b950bd7ed,449.9
e02193584f54356ced74568c39966cdd,449.9
12af1b4304576908180963085a624693,449.9
4aaee5e291f07b23b75b11f67bd9c776,449.9
2098460678d4ec096748c21bea80fd87,449.9
ff365cf639c0f524559a48b9b0c25327,449.9
d2981083143557099c192fc3f7935610,449.9
7d3fa362783fe9c69627a0144ae78ab1,449.9
86461f32d75c88adf526de69438d0a9f,449.9
38f63d5e41d4edd85614e2297502aec8,449.9
bf7829c59bdda3409fdb934815d53836,449.9
f3edf70749874d4dd444264b7db886bf,449.9
fac60d7c4df3896a5af5db6c91e03797,449.88
39d83180f85dee8f5a5ac4d58a8f4880,449.82
bfa1c30e404361ba4414a3c628341ba0,449.82
167942ac36320cf928d02b8db358c67a,449.82
e719dc400017e0177378ddef1c9c757f,449.8
0a59f8ef2c08c550b607e7a5b71c754e,449.8
fb7fd95769f1743dda7465e64f290d3b,449.8
9eb0519e897f87ed0debce219b38c5a0,449.8
38d52de4844d8632a80ebf998942116c,449.8
0b2bbe8811e7f1cb2b3e25c95d276116,449.8
cd865de179ad020a8cdaf0d6ec45c08f,449.7
44022acdfb3728a614114a1dd896c8f2,449.7
9c9e1c5073624a410f79bdb0c69ccb9f,449.7
dfca6da6e209a7dd53a4d43036e8288a,449.7
be25fc519149fff767b78b8c37742fe2,449.7
12c72c83c8598e9978e923c0b39d8077,449.7
bb6a81fae449a2e3e9e681597076c571,449.7
0c322573ba503cd7e758af29de300dc3,449.61
57faf08fbe5cabf31844e466b478108f,449.5
d01ba41facfbcb4ada62462ea4d68577,449.0
0dd483b51c6190c96232df15157970ad,449.0
27cd74c2fb9278dc9a872029a1edc6c1,449.0
a1716f0881bb11bd5a3106a1033023f7,449.0
dca3dc559819d879e32ebd56aa38466a,449.0
fda22da528e2ea3d3ab92fc76b64a014,449.0
f352c906cb7fc6cd2a5c6418dae23102,449.0
964a33cad7562c3cecdda9ce8edb33c3,449.0
4cad15d0f25fe2fee5f6b3dee45b8d4c,449.0
2df66b55320577bf0006ee3551cb84a5,449.0
c97b4ac6de671d4ac0268451487e1493,449.0
cb34f0aa5dcd750ae8febaaa4b335614,449.0
583f0880f0da846ee41ecaa197a19a8e,449.0
1a4dcc966b712214d7c0d25f13fa2deb,449.0
9a699ab13156ac394b4ac0411fd2756d,449.0
fa26a55a2ee9fa2fd44b421a6e41e153,449.0
0b9381d1a69372ad15c2ea03f69d3413,449.0
0a924ae136218f3bbed75d78458c8589,449.0
44be8fee47b1fc354dc6e84806bdea1a,449.0
fbb815b1596389418e2666320654b129,449.0
9849acf233e29a676126fe8d91c4cbff,449.0
aae1dec3df4a219450d7de738f0b28db,449.0
08a4362bdde5810480007ce9baad3d21,449.0
81b8504d897e4dabca7424e885648de3,449.0
d47c8bb51df6f716e196ecd6cd5d2c09,449.0
6b2a1131b5665f2625535c426047add0,449.0
740e06c12b353bf626bb94ed662eb0ae,449.0
f8632d63578cbb03bf05ac11ece8b238,449.0
69d3af0bc26ccffc1d256f41a27c469f,449.0
6a9cb951f5f44cb1c5f3f2a34dfe16e8,449.0
535fbb8e6f9ead96b1271ca6f2945712,449.0
f3e6696a1b0aa4c936fb635f29f91504,449.0
dddbc5dcade50db78e88c37648792c3e,449.0
673f9007d15b360bf5b259a7dd9057c7,449.0
7282e7e28bca4c8d52bee1bef2b4dcd4,449.0
c6a5b8db6885e67c4fbb7f21cae8ba16,448.89
c91bc4d79f36be73a8ebd4f8e543c925,448.7
1137d475838377849d917c784c1f21ad,448.47
0143daf7466a5e7886eb9d1738d293b6,448.0
ab7d67572040ac842951475610557d96,448.0
254f9f11445e826179175084812009bd,448.0
795b7ae8e06558aae3a68ce5c74ee36a,447.74
3d2110fea7787994f7ff93361842685e,447.0
3b06162facd818071784c995d0b4bb09,447.0
76cff9a9995b25f21d51697f49f87652,447.0
3304f410b0166209f4f630745838ff17,447.0
99077ffaf76f0a476865d067daae9670,447.0
eea812b0e14641c47ba205796bf8ff31,446.97
7f3754843f5f8f1f45cbca5b405b59eb,445.9
8f12282d2ff41fbd1c3c74588d55e24e,445.0
bc44c4c170767755c0321dc6aa1aa05b,445.0
2a1dfb647f32f4390e7b857c67458536,445.0
5fee696482bd8b0db6cb196b33e5addc,445.0
7899c2459089f84b8e6dbe990f660083,444.9
06bceece157515b2204f14ea11350353,444.38
2992f232ff17cb4cab17dc4cd2922251,444.0
00efae0d386ce3132b63e35b3aa79ec6,444.0
5336f0fe822d7535e4574f501006abff,443.9
cc3e81acaff70da9f1f6bf9fa1430550,443.0
162a9833296aee2dee6c7163ae9954ed,443.0
50103da61c9fee9d507ce240a118460a,443.0
9029f95c9bb20813a61da5bd62ada9fb,443.0
74b207275c96418c3b8cf697b75db94c,443.0
ca779f9ca67a4d4240dea192d6cdd454,443.0
25631315ece1d1541fbede2ef9b2b379,443.0
b7191cb7678f469dae052021a0291a4f,442.95
0aad2e31b3c119c26acb8a47768cd00a,441.89
687b0e4d0c667dc8d20a300c8b0635d1,441.82
bf7003b7f9e4c2ca6a2a169960ca51a9,441.82
8d442e7b48b54d59dcb3f44ea7bed72d,441.78
5207b0ef4cd1e2df50d660995a6ca90d,441.76
3058335b24b7794dbd8f36de15afc57e,441.28
089b4797064af9e8aa2cce7f5d444cc2,441.28
9a7bd0c9b1b573eb0137f2dbc6788544,441.0
f4984d9f9ce9b3201db4932ea329cb40,440.99
3cc5f97c46e349492f4de8bb7f9a6c82,440.55
683d3313f810ce49e73b4543593c1c88,440.0
f4667e52764fe8c934d545bd591d6946,440.0
feaaf94060f1f0d959576368072a8748,440.0
f41ab93e419520367c77c34a6d95c750,440.0
2bbb7f863b68ba0f0e2bc78ad1a6a902,440.0
d3b6830d18c7de943d1e707d1f061d40,440.0
21a60320207ccc9c5872c7b0d929e371,440.0
dc014c2e4c6478e34deec3e0031680ee,440.0
cbfa8d4b6563cb9f871f7f5412ebf9d9,440.0
28ddcf325dffd061e80200e467d361b2,440.0
aeb3d464f6b83eecd79d6fd58d6208fb,440.0
b3cab9a0086123e90c68f748662d9fbc,439.99
80aa2d8185eda2594527f4f2e59769e5,439.99
a44700641eaf4a03e3f047ade5417214,439.99
827cb9858a69567332c16a3975c79582,439.98
30475771653cbc88a01817e3af381214,439.98
396f0d7e58d965bbf8dc3d6c451b6ac9,439.96
737a5a1dac264edd6dd49009e8dfdc87,439.94
e5808327e7eec4417271ef55a0fc34cc,439.9
f96d1e884731f2c5327d02bf12c8d451,439.9
abb72e4749cf2489c481d8f95bced786,439.9
d5da921c053c5be5b56d704563f216d9,439.9
78a198d1efd0b8219f1be948094c5ff0,439.9
1fb84b8070e874d735f1b851cd98bdc6,439.9
4fa80c5dc3ee4b69457bf4ec5c091d2f,439.9
a84e3e2982cc260a829dcf2a30908936,439.89
e9a125ee59a4ee98285d3d69805f65ce,439.8
456a071d45cbb3cc872071729ec31dd3,439.8
752c350e23bfa33f3100814d91c498f0,439.8
cc36b7e33ac2c31ee7de9e6b77ad5ac4,439.8
97f2b3cc86184e77dfe877b711b47f31,439.8
c43d5d2a7d4df58b70792e618cdf7628,439.8
2c40b78414b1a68632e1b1ba2191543c,439.8
f15502451cc5bdea5784089fec299f8b,439.8
6624813688ccf41b6807e77a9f194c2b,439.8
e3a3fce886936b263838d1f984dad2d2,439.8
d2b6ca644c1dd4b427bae4e97f373553,439.8
6fd87c3e71f1826c38e560951b6f459c,439.8
671947694b39943052686bffca0fd9b4,439.76
20b927d23e84dfaa333eb4aea6615084,439.65
338fc8ba6c3d41250661f6381f171c4d,439.65
024f63965c192d99e1da51a1c3516239,439.65
c8b2ae2852e70c98109dc79300214954,439.65
016b15d60fe523cbfb8bda340e0cd769,439.65
2d910ad991e18b8a03bbcca79a35a3a8,439.6
460542533cc122abe1f9cc18f2dfa8fc,439.6
6dae75ae93459576d7a7a805aaa1283a,439.0
cd8b90a9db8517657462470dab90fde6,439.0
9e5762a5cd19d0417324f901120a2ea7,439.0
a68cdc54058fef9b59574466e8231423,439.0
cdc937e42ae5b5bc61c4e17d691b280f,439.0
12168c42925f55a232b6fb7e0bb32007,439.0
b55f02bb44519a8ac041fcc9c1f86d79,439.0
0437042370a13825737a6b3ec892166a,439.0
05010516b844e532c5dde4da1f0269cc,439.0
2513f7a88af6fbd34c95f87f544cf8ed,439.0
b48854953f26f7ef73fcad592b79e418,439.0
2cfefc9a6a972224d0e4a6a1363dfc18,439.0
5b7f75e63b3845cc1e306d5f667d69b7,439.0
2f21a50c8c1214f27c501848fce8eb64,439.0
b67cda5c14480b9958d2f1465fb3608c,439.0
e7be4b005fa54d1d294039b73a6f2ba2,439.0
d3216d63ecd7b466ae3f3eeaab37cdc7,439.0
6a84735b4b1a1380e3abe5b91017d69d,439.0
b069a3c6dd74a018f34884bbcd0cf0e2,439.0
87c30aea9a70444630a33baa379017a6,439.0
a315d6e7a55b81d0e0f794bb1e08b729,439.0
7067cd3714fdef2291044f93d6321188,439.0
af006f83373d2d370129421a634263db,439.0
6cd5d0756a78f12906fca5cbfb51d64e,439.0
0f6d10f50b232bff6c130f169b34318e,439.0
30ef3c7edfd9e0291574de45b6d59021,439.0
e557c28ccd3c3442c255d8f05d8b2b4b,439.0
1e513734991365b937e84ef80d4c7b5e,438.99
d1463df09d68e404ee13bdd4494ea9cc,438.9
918682ce20388377743df77dd23645ef,438.08
a7bf5e6fa311950360efc620e590fa74,438.0
b04d5cda4ed1c2a60d127893d557b222,438.0
49679f4c043355c2d9d574699fbeeead,438.0
4e15860db558ead969bfd0fef2ba9691,438.0
1cefecd08a908f264a214c2e07f2d3ec,438.0
0c920439841ba80f7c336fca333837fc,437.39
c5f44836bcc16b7942d09800e7f23f99,437.0
17077a0f55a7feffb67f37a253b7e6b4,437.0
7f02c20203014a47e92e9b60eee0d4e3,437.0
08f632ba547ce8a3f9d4efe3028a216e,437.0
f4dc86377b4afaceaed1e4c19ecee415,436.9
1774fe5310b8a384e345be76ff71591a,435.96
84557c10cc045489235069bee10f6f6e,435.55
5d1f4036c008db431004d390d7920638,435.19
64f0b080a4adfff11a2ccca4b0e25fb7,435.19
b74607651ddc8712d5e0e2c62dd82777,435.0
e0ce7391d9564824f77eca9c2c99f1bd,435.0
9615c624ecd7387b5ab8d1b86b918056,435.0
ab1a448195bfd64f02c4114a20292032,435.0
f37c2634dfc8ac0ce3475d3cfc665b43,434.99
d94dd892998e1f07d4a84e9475d6c05e,434.91
75e48e02a2a53e5f2c448187c3d3f3fd,434.16
fdceacbf1e29b39745ee431d0a864d0f,433.69
7dec82bd3f93ed6107cb7bc7e2242618,433.5
c731d7800196ad88a5cbbd3ca5624388,432.9
6762ef4cebf4a42904f6b163bdbbf351,432.49
2f0aebcd82ba332e4031d14fab704ed9,432.3
9fa6244400a4503b42cde3c30b3d268e,432.25
6cced5e0fc9f4d0689d8e4d9906552bd,432.0
ef79151153598571dff6765453790512,431.6
10e212c9f60b48ec641783c64c05b87b,431.12
fb74b7ef4e399a62e618da53d1bdc6a1,431.1
1e7ea825371e137f8b709a077b486f99,430.9
5e06c29dcd3fc5e706c53ce0b6be1941,430.3
6964708c7ac9eb36c31193d480ec96f3,430.0
8366f6a3bb6a89d07739536e2005cf24,430.0
438c7f59588a3d370200db20fb5c5a85,430.0
b58e6202acd5455dd3d4f38d2088f62e,430.0
3921e420e5646a7e636ac3c2b6334136,430.0
e4a5fb15ebc9bbe4e224fad7989b5e65,430.0
0a53041ab2e72cccb3329613978e2e2e,430.0
864afb5de2284946f98039d795cd65c6,430.0
5bbaf8d6878b9390faf46766c2efbdfd,430.0
0ff949bd20e11b2beacce8d14c1339b8,430.0
4b56381f0bcfe425d87d8be4f1b8c282,430.0
97b2b730a9199d685c6ad1edb3b2b2c2,430.0
ed31032d177b2192f391ea291d349b35,430.0
a9c278347917695b626f991446622e6b,430.0
4e39a18ced98f08c5e1d20c2c5d9f7aa,429.99
d1ea705f2fdd8f98eff86c2691652e60,429.99
e0cd116b437ed2501f7b271190b7948f,429.99
97463eb57cbb8ff9d9848116a89c1b58,429.98
bfd92be530e742fb7109e67b08b14104,429.98
77af83f190510a8bb222d2b2754a9ba8,429.98
9cf2c3fa2632cee748e1a59ca9d09b21,429.9
7d9a689797eeccd6d8e1da49e6c0ce0b,429.9
b785d2314d0f934135d9fd1725230f6b,429.9
bea786469988f01a94221fbda07470f4,429.9
73ca4cce5607ef3278d458d164d545e4,429.9
9c161856e68af8268e6dd8ec82344b3b,429.9
158b190d9d408492b1a819f746a2fe4b,429.9
bff87edaf15e6cfa480094a5717d9f0b,429.9
53cbe14b65401ddcdfe6a9430d52387e,429.9
5ebebd4710a81de7cca923de0740a6d0,429.9
fb34d8086ff2d4fedc7160b7346ad4a7,429.9
07baee9bca216c9d7038531952346682,429.9
c34beddc345e97b15bb556100207a176,429.9
a7ac775d0a436281feed636df6562969,429.9
2a5adfc3e22cebb1f7d0576bf404777e,429.9
6193fa614660cd7f70cb2f152e4c73a2,429.9
fe4869851c79359d114ba6ae40984e4f,429.9
c7aa9ea3f2ad4ed46d2563d83524025d,429.9
9d41ac70d57de4ce5e134246bfe7b237,429.9
72024934cd5851876fea593673f1fc38,429.9
748408d5f1ac7ed2b6fcc8a3aeea25cc,429.9
64071b76b477a3abfeee800af096db82,429.9
a1452c5a1fc5d7be2290097aee345178,429.9
c89efa354fe04de70beef217caee4cf8,429.9
4329270d33802c9f689343632c54d1c2,429.9
614fe1c6546241092e71ac4d9017cb0b,429.9
cb172aa9a2f58938f75029fa772af3a1,429.9
c5cdbbfb12f3ef65f0580b2899571775,429.9
8ec4b63dbcfae91e3f55e7a10bd54ea7,429.9
74f58926de33cc3b64b41ed2307f96eb,429.9
d8182d3b7072af3e484473ccf2b7a6ca,429.9
11f1058e94059e91e907631d99d977f0,429.9
ca8fb6422920b579e8d074784240c05f,429.9
34b06cf331da94f4737ed7aca9acd194,429.34
415390b79faebd1557378d29ac28fed7,429.0
0cbd081962a78ce40305137da0c39b13,429.0
a51ebdfce7cdd6930370083085f240c6,429.0
d354903c583c97da65dd4c601f681f0e,429.0
7526d70ce84a55e4f85d4b39e91e2ac7,429.0
8d2535251c6e51c0b8e527d8f3ab2532,429.0
c3fd6b5ceb88dc05412c8419f98c7779,429.0
c82ccb0a23ba718bcd188c4527597531,429.0
0a3c4740cee6181eb4673dd7fca3410d,429.0
efc682b906113fd3d8d7bec178aca886,429.0
11dcd28e3f52708f274d6cdff2a7364c,429.0
86d7e0b2821894373d67a03352affdcb,429.0
fdcca2167b501b67547f21062a009568,429.0
ac25eef5399014681463e939fae1dfd4,429.0
2566c2f24dfb920ba9a2516228c48fd0,428.9
480dc46515697aa029be23aca93a58a8,428.8
d1e0cbdd01f00d151ff8e890d9a8f612,428.4
2c690c890e30218c44b843a82ef614fc,428.0
96b26852f269357c7f9f7657a77d1a9c,428.0
494ad8c19f34aeb9220db18e7a03b63c,428.0
0b979f50eddf18236ac7b2174d4e9d00,428.0
638080b723966c4c61bb9169ead9c097,428.0
5ef9090e61d2f2d7732af105bc8a6e37,428.0
9dba33766e5d1426fba004cea912b1f6,428.0
1b848bc58de81ae1b800cf3a4571bedf,428.0
4c6e5d4c155d638646dee1e2f2fb3c38,428.0
bd51c278b0216610c52631720f4e87cc,428.0
6a995457b886564201d3e6016b9bbbbe,427.9
d8d4f9290cd063fc4aaa1446378584d0,427.9
3d883de9a4faf6957ea47bf4df0bbc12,427.9
f9c8bb7616dfb814330708bc943ace1d,427.9
5db5ed3c6bcc57e734b8c976c869bb8b,427.8
0551eb34013c485caeacfd2915dbec96,427.4
ccf83513ca9850bd456ddcf6ac3bc643,427.0
ebb969bbf53ce29792e48048edf27f90,427.0
430fee0b7c8355183a7118a7e413165c,427.0
36457bf11ff115bb8c485a44c4749c48,427.0
e0bdc76109fff228c2f4a5f09b47f3ea,426.99
1bf39be5be5d9dbf2a3ab9338e5d3f75,426.99
d19f6ab3248be287201d7985d4c63eda,426.8
6a57b4cb07a55977a176d4a30a882082,426.49
0dc788e30451d4766e5563f1686d9fc5,425.99
814ef258c4e3cf5d8687d5a6d13d5b13,425.99
0b4b8bc586fb783756c6319409b476c9,425.92
b34f8bf1893070905ec951cad8dc1865,425.71
1222ae0f15dc56dc392fa0bb0f033f6b,425.0
0c0cff01107d9555110f6a6f0df65dd6,425.0
c5ebaeed3b49cd93b3c294547784f484,425.0
66dff61ac82f40a1ad90762783e8a5ee,425.0
265486a0a94451b877236b8d77e5135c,425.0
ddedd0a8c9f0acc02d3bc02070d117f7,424.9
1ee5795389ba87c8130972562961ef79,424.9
3f5935e0fb468ea8a5efbcd9806651bc,424.8
a4f138dbdd2ad412bc7173fedc0e0bfd,424.8
e09feaba1b9e1b07fd0203fc3d1e23c9,424.5
4264cfb1465f313419a9c2dad9e511d8,424.2
4c6154c1c3cdbc33e61b72ec84a34574,424.2
f807cf5d02737d83f12479118e536f80,424.0
7afffca41e83ce5daed57b022ab5cd74,424.0
457207ed970fb24526a47a9a9a271a46,422.8
0f710c2b9e05df56428ec2b15027db12,422.01
0beba8a16f9047a73075e82b17892256,422.0
628050a7e00a84944c5f80747d9e05ab,422.0
f55e489fa5e3fa5cdab0588fb2cf9f0b,422.0
a513a3299be4497003e220b158d68735,422.0
11653da9bd935f545a6bb58b7dc41d99,422.0
6ed78cba5e474a9a429c802ff901218c,422.0
f301287eebe9e9f4b15d724cd7704fd2,422.0
45d4c985e099f810d4371fa4168c1a94,422.0
39ce40c5b233c8f232fd274a8bff6089,422.0
2364ed5a865ac9d255eac0cac6366ea0,422.0
26d638f7504d7e7fbd443c2dde9dc070,422.0
b92bbba260870836c5b8859a0691af35,422.0
a890c03e9d0445e3f23f331a4fa21a1c,422.0
296294963bbb1fd2276b79361c86b842,422.0
ef2e071d3b46a10875216b8b4feb9667,422.0
03f0e10539f9f25c2614e50a42464f36,422.0
b4431c0d23dfe71e608a3e723ad5c1a0,421.99
c8ea1731a4aac5a8785477d8b41998e1,420.07
7f9d3722b8dc9b6099feb324a5845ea7,420.0
af7cff7c0a295ee40511ec0fcbd27d18,420.0
0d411936b4da908edc171b0ab99589c5,420.0
cef4764b4390fa072851cb108ed91f35,420.0
479042bb5a72e8629f8e6dfcc512ba4f,420.0
8992c643e878271184337e74f6d8a3f5,420.0
585593d76e71aa8bcabac6773c2c3de7,420.0
475110b3cfbed77071437d7c45aae4bf,420.0
13d8a070e8d7e2c66a9d7a6ce85ab2d1,420.0
15bc7cbb1170241d34ff27230c88f023,420.0
82d5a2482ca8f3f29454d05e129a21bd,420.0
62e4c45005f78e9efce8f9b361151a04,420.0
5c0a1e095bb3f9c4d9e64b4a0d597923,420.0
682817ae077752556ee94c28ce0ce5a7,420.0
e66a1a0add343277389f32a6b9cf1a13,420.0
a5c7b19053987167d1b44ebe65e5dbe7,420.0
2cfe4a934e085d0311823648400e4cd2,420.0
31a50cd525a1d809fbc5b380d8ba037d,420.0
86b2f5f050ab62aca0e610712f13a54a,420.0
24f1fb7a5b78e540e78fe60aa25daa08,420.0
0750bb350b6dc48f9a8739754b75bf63,420.0
c06248fe42ae3ccfa4719e48ffce66ab,420.0
8d703a4c0190b5916ddf0a85a9a87552,420.0
b35dfa7dd3de3e852a60448604e9800e,419.99
bf16ebb1ed47bce228a5b9f57fd4ff82,419.99
dad59c22880eeb3d23628553ad9bdf3c,419.99
5b66bf489a54ed20f6f3945bc460a03e,419.99
4c7f4eb90b99e99875f73b829f63f892,419.98
f9008af45b5b5be6dcdc3076b7c938cc,419.98
4eb910ad4478ad5e5c6da32ef841b138,419.97
0af7fa6075b712e4e90ee3b1ca759872,419.96
7171389ea6661b64e8c33ee5ad962922,419.94
18e2280760d13e8c14bca9a5d6f22543,419.9
6ad4ec95ea482c3e3cbddb2295b3d604,419.9
6346d7fdaba4e9058e9c62d4424e391b,419.9
c84f25af45aa6bade8bcc46f991c97c7,419.9
e0bd132faf773c66a3577305ba55f8a9,419.9
bf05af44d2e0d83ff0e0e0613347519c,419.9
6cdb70bd1221c6913ebb68b580713161,419.9
84906f555c4fa2c9333684c4de459bfe,419.9
ddd97c5c66119bd2fe33f8709f77ab7b,419.9
38d35e17e122dfd358e624c1d85746a1,419.9
b70aeb2786fcd9d124d4a8e00368381b,419.9
068152a5d93881c84dc1edad287461de,419.9
9c71a88f010a258dcf8fc459e0de1b22,419.9
ced6cf19feb0014bb0c3d2b41efbafce,419.9
b506a01bec389f79735376c45e4425bf,419.9
8ff0c22a8f3486d0e7f9a900176f6fb5,419.9
a418173c5e8cb1f6e3f38d7485ae3f7c,419.9
6740279597f08a3c36dec8a17dc20aa4,419.9
9b3ed5485c93de1b23d2ad381283fd9d,419.9
e47491820a6834b23c543d50adb9c7bf,419.9
89cfc288cd2b6f9fa24562ff9c84abe0,419.9
5f4789ce7433bf591dfa88c492246561,419.9
a7693fba2ff9583c78751f2b66ecab9d,419.86
c745f811acf567d8a8ce7d13c02a5078,419.8
3b60219f8dffebcd12b4de51d4168152,419.8
5664c99c72a7e730f84d58a4124e1fe4,419.8
5da482ec6bdfb14e5eee98fb3e445280,419.8
158ced6ab5b04dcc374324d4390fce1e,419.8
6b90b6b48d55aa6fa6e3f9e9c3f04881,419.8
3a2063712a4f5ffea67032e2bc49ca64,419.8
92b0ce6b186446ff52ae03a32562ef3b,419.7
ea62ea3d096dc41f6ef76bbea7fcb40a,419.6
5e312b0d9bf5c91599eb42120e633b19,419.4
ae546948bceb228b6f6a1980f9c28aca,419.3
a83d9778528a50b4850c15eddb39ab57,419.0
a1ecadb957075c10c68440904378d9f5,419.0
9eebc6c212f2cef138724285cc863397,419.0
25c9e5b149518a28b6ce5cf64c5edf39,419.0
8ba270702525761a8e15b588882f92a2,419.0
4883322c6fd5bdaa2beb408d27427ea4,419.0
68d0607923d24c0b52ea252e3c77cd19,419.0
299e3323af91b6e7411a47b8919b2ce2,419.0
9784b266de1f40b40b32233bed70b3af,419.0
5587073a673239e340006c2ee9e215d2,419.0
fdf20c129602a9bceaabd909fdbaa421,419.0
092770113dc0bfba2c362dba9b7903cb,419.0
3c7b80343c2c11f71434110e462e3de1,419.0
f33b3d6c9af33c35f9a32f66285a6b7a,419.0
47905cedf9b5eff2ff7136a4db4ea33a,419.0
906e2003bcae032a29880793b1acb397,419.0
8ccbf5bd9bdf5acf36344a7eae45eb63,419.0
9b99b552aa8d374d12896e55dfa2b0b9,418.8
eecafc3ff695f031bfe354a9fff9d437,418.7
dbcefd1a7ba4bc8b7aff36b386e0cc72,418.0
a8307ca53981c0c34879e4c00c4d9daa,418.0
4a7c91686b03dd70aca918a3a3ffdebd,418.0
7caf9525fd9a661ecce17edbaad4caee,418.0
19e718e3c41cf34315c409d31a0a1bf8,418.0
e60df9449653a95af4549bbfcb18a6eb,418.0
8b52c0aea5d35a89b3174ccd1beeb78e,418.0
a8e35b18e55d2e557cd59b1a4b0cd4ad,418.0
3ab0007af7ec055fa75339b04fbb2dce,418.0
2f12998d5a7beeabde7287c051eec9f0,418.0
05ce0877a2e5b2962c27bb5ebe62caad,418.0
dce9263e5c0f7448aff75f3f347ec481,417.9
fcbd7b0353381303b9fc5b486f398838,417.0
ce0464d16964890124610cd20d584588,417.0
5ebb2807da8cd7913d493913c67e7e27,417.0
20f5a1cf347e797ab4f304906b1557b3,417.0
903f32aafd0c0b8f44467b505107d153,416.99
685cff88e4e6a56deae11154a25f4d94,416.5
db30a18da5bfe0905408bc1cd8904997,416.5
7facbda9c585cd9ba754839db71cebf1,416.5
f6d7beb5565be70662041ee72f57d9f9,416.0
2b428fc249f5af4989da81ac9af0e735,416.0
2f588632961f7b6289f4695ff36cd924,416.0
b288aefecb0f8fee71e37fca66d83a4c,416.0
214bfa16b119c00cf6883e976038c1a5,415.99
552fd364da2bb5d699a6079aa01270f7,415.99
832678f1591956cf1fe901debc164ef9,415.99
557680a586ced70b6898cbe01a35c87d,415.99
21ad7ae980e9af43f2b9c5908c5307e0,415.99
e963d9adbf9ceb6f1dab520661946e3e,415.99
a775583c19646a68288f58bdfb1b90c7,415.99
f7336014fe3c048b2057b456ca3808e1,415.99
b57cf80b3778ed268142cd5596d861f5,415.9
77d28992bf7402c72a47860078040901,415.9
d9f9a5318f33a6d8d57b288586182c18,415.88
89430c6977d04d2733f4dd588d27f43f,415.8
7c6835555806136bacab36fd7fd8bb70,415.7
397923ee893a17a79703c3d8cff22911,415.7
85c1fbdfde1ce1474f486c1cf18caf90,415.37
d7d6d2aa2c72b6e7815a44ca8278f7b9,415.37
3e21de36f45bda5fc08a8ddf5ff1ea3f,415.37
8f790c93c1b95000754e8e1b554b6c98,415.17
685e99880da8c8ff3f6d6078681c7b46,415.0
5697cbe94d562410848751c5866649f6,415.0
a08653fb77996ef39f8dca7e4c231fd1,415.0
d69adc38c89adba5d688a0986eb1b060,415.0
00b9f074bf913ebcb8e7b9d7f8398782,415.0
8fbc0368fd1c18442dd99d4a048ce827,415.0
93fe4181025d602ded002ff3a0c7d529,414.7
62f47d0e6762623abef35d72603bbc5b,414.7
d1a456126557b5109218a9e91035eb01,414.62
c71dd683effe547f08410a82bfd9b28d,414.62
51436e563c50b518d0ca230003396172,414.62
91f797f3971210009f7b9261a82b8939,414.62
6386b3c166607a58cb5cbf07bc80d650,414.62
8725cb0a76a612fb11b5412a07ae98f3,414.62
5e803527043cd38c7251bafae98f77ab,414.62
15fd5733c1312d72925697670522a4b1,414.62
4c95c6380e5b2adc0138b618e6e53bc4,414.0
9cd9ab13e36c85a8c647285faa325e8a,414.0
80a6a8b570864a52a54462d82b6fb51f,414.0
e7ba6d56b812cb7e8c4a285d95f4e476,414.0
9bedce134cd25ed7df6fd43a51c8d76d,414.0
feedd5ec61cfc3b216599c09345069ce,413.91
e616fde1bddf639eafbf05b1b944049f,413.6
b66c4427aabee52ef52dc915d25faba7,412.91
b687ecffe1517b78c300fac5785fa37e,412.0
68148e0a96b5c59c757ce5954e88ea70,412.0
38522087a15a1fff7a96ad4ac2d4b719,412.0
0af83a63def65b243f85cbb635e98b16,412.0
bb9dfced8ffe5e06c524a73848938b5e,412.0
98910418a06188d89fe89354cf41ccd7,412.0
969490358923f64400791dfecc39ad28,412.0
ef486f9c35f2768e544a03fee7eea271,412.0
83da8aec5d2e8b2847e6ca45bea5588f,412.0
e019d63b966a3bfe6a48c383e6a1a006,412.0
0fa431bca31c7763a260a9d9088dce15,412.0
a285aefea002b5e486072f0b243d2722,412.0
7ee3b6ba60d9136f98ec0875ffa33375,412.0
a169caa335df070f315a2434fc6f5587,412.0
51d72e4cc455add1330f24c87eb6553d,412.0
f69a1253f47a55c85890334adf6e9a21,412.0
01c79a7d3c3d25b655514206df838701,412.0
8c210744246eea8e570126608adbf67f,412.0
90e7af04b062293612daafa7b0ecce5c,411.9
965c92c8332f6580e2ddba1564f1445f,411.45
45f294770c10f58eec67ace0aac0cc5c,411.0
e43b95f764795eaeffe034fbce2b4070,411.0
4244b230226a6cc815ffa70c4394b06f,411.0
b6ee22d5dbe6ff4f160e31c63e97215a,411.0
b87e0079d0d0c17a5ce63aadb9eae6d9,411.0
0f93ba90e798d14d87e136f1b9e56f9f,410.0
ebf475d6d14d876da50f4887ee1fc239,410.0
0bd97783f923de852985314ab0ef2f53,410.0
707505827f1845cab9776c719afd1362,410.0
a8331c35b57d8fe09e8df1c06509de29,410.0
9d82abb78c84c72c1802757c2c3733b8,410.0
cc4c8a90ea21b5a928d7fbf4415f1c22,410.0
00b16eaf1e6b6bd4eeb54f97fc31f172,410.0
0ca32b1a389a605851fe2da8b0e2420f,410.0
2e42ade022b6fcc186be7e99cc17371a,410.0
9f5928c5e4f0bdc41995883f4c9ddd3d,410.0
c55e53a071e7aa2413545c5f720be9b5,410.0
ee065ee29b53ebdd9e1c8811ab03b564,410.0
96789cb4ceff0012efe52f4faf4a2d2e,410.0
f8145d9ea34724ad4d7cdc77231e689e,410.0
bea8e016003c0579ec3d2ff83a7dda42,410.0
fdcb55239eb5b9bd6f9d2ccc88b59fbd,410.0
62e31e8f94b7e3568fbb38530165052b,410.0
401dfc928a236545996d042beb1bff83,410.0
96587d39e8ccfc0936781b2fc06fe9ca,409.99
84b76e9f9c9791f2ca2756bf99e471b1,409.99
89dcdb71933e713bf99ebb5dcd092bd3,409.99
2f74309ff3d6e11c03b27e40287f791e,409.9
45742477c326bf68df61971f1b7792c3,409.9
882896d692d85d2479ca46626b4ae39f,409.87
c0ba81c65bd30a9c04cd3650c0dbed36,409.7
328f33266451e729a2d27dc43051d0c8,409.38
baa42a72ae81c595ba3e380a837b88b7,409.0
722c71c44e674b356f6bddfb8cb9f774,409.0
823ad0d5432f4992ce749eac3ed94b52,409.0
a32b503a5a6817541a8e09d6c70f9642,409.0
9c865956bfff7e6fe7b54a92e545eb14,408.99
7aa99a903d05793582d4b4b678f55300,408.0
f02301922d0f788f8472d47432736fe2,408.0
4f42120987cd3d3714c29f7050bd96a4,408.0
61fbe846d8c16df8f9253391e158900a,407.98
23fcd188754d0d9eab9487ac6ccc99d9,407.5
4bba0610967c84ba4b4c40c7f0eb0373,407.2
b96cbafa722cc5fe4a0032da66e97ca1,406.05
98dbd4d2aa22a4b4a06bf84781432636,405.99
fcafa6617e67c41f4c443543c44ffc35,405.9
19d5f0ff68bc32ac0acd36bb47fb8061,405.9
14b058d8b33ccd7b9812da8653b73003,405.89
3325076d2bbc0b97e626ed18613f0e3b,405.89
75e24b01d5409e9dad63427695e0ed0d,405.0
389efb68674e38efb4ce37a9b72ca36f,405.0
98303708a4554ac30dd99ed2fb6f9c0b,404.5
8531003935cdca531082191dd5f53eca,403.9
d7e4ce8d1926df9a37737109b521defb,403.75
0d161cbc6e76ebb664969c45a8ef1862,403.1
94787c7bde8d5f90645991d7d61a0b3f,402.9
c4a04aaad12f3208ae0b1a76ef3918ad,402.85
8342028fb42e8c6015bc69156c1281d6,402.35
7d68e1861e0a36c2876e702fec92adf0,401.7
f0b50609da2dc387b638762a458aaf84,401.34
ece32f7a106669d2eae9af403290a97b,400.15
606a373040ab8900cd368e44e6a7bb9b,400.0
a6ffb7e15b81c3c9e337b22414444274,400.0
740ebfe36e3ede0c31709ba18cb82f9d,400.0
ef6e817095133a36bba30af9a60bdb09,400.0
008f931f2de5414536a04cdd033bea60,400.0
6a1c413924ef359fa6e250b31387ff81,400.0
6887855de82e990aa40afea563f79b83,400.0
f75c03a969e3b33da25ec3b89a4b057e,399.99
11c70faf3288eebd047af567c657e428,399.99
fd5f007247569f77c57f685b8035241d,399.99
b8a0bddc4a62992acbf7ba801e980c98,399.99
5cf67e8b0f3046587f30daa2ae1c3e69,399.99
37269b67df41bccc2ec3c0cc117230b1,399.99
a33361b4c45890c7b762296a3eec1f9b,399.99
791e2999c57aaaf4919b414931385ea1,399.99
007e99fec9d53dfa4e5d8be9c2b36ca7,399.99
b686241f18790f3b6ac4f4981b5757bb,399.99
43bb6f9650ab2a7e6ef1c93168c4cfcf,399.99
49910d1030506fb74264ce1f9e534690,399.99
ee4a0cd3974fc0e7602d7dc09391b080,399.99
d5bc0475f8b2265e148b1e514ceaca97,399.99
bd82e5acdc4197ed672255f002b9cc45,399.99
a53d0a93c43728928e650fa9594d5f61,399.99
236c0490b8ca680df0093921b3d182f5,399.99
ad9ad1bbc3ec168f6d7e7e5637788fc3,399.99
a7f39661552152d1c00359ad2fb5fb48,399.99
95e2827041810ed3d3b2ebe4b78e4250,399.99
a99ec4e97b0e06139d5e40154fe73745,399.99
f0e410f972fff0c19ee79af9a33705eb,399.99
f68312987c796a4b29fa222afa28c4c1,399.99
67f09d85ed01fef44ba9733eb5d9df59,399.99
fa326e9c35ae7f61dd83e1e13a6b8353,399.99
8cc80e5696a1114a3b9220ba5db5e5be,399.99
308d634eb8b2e74f9b5bac996f0df5bc,399.99
a99a6be59d995fe8f602287ef8cccf7e,399.99
e8ae3b3d200846af695118ba15688352,399.99
70539f29125fcc6c74d55e2586e5e733,399.99
f1910223d0338fc32ac29b542ade28a6,399.99
c747a54b89b53e15bef33f5d55fe2a6d,399.99
5f767a0a4e820c2361c11dab364d3f98,399.99
1ef032b4ed8ab648ae7f436aa2c3216d,399.99
06a41c2a3c926fc7b680fbf3d3589a4d,399.99
dc1c0469d96faaa29225d6a91f47dba8,399.99
5d25688a3db6f9e598d2618320726a9e,399.99
400d32a746957150cd0cfba06292d6eb,399.99
b566df205f7a47c71d281f90e365b938,399.99
a73df1399fcfdd1ec926551d0be93d00,399.99
6269066e0832481ece633f6d7d408a84,399.99
4b0d09b8b6d18dab1596d8f5ce5bfbee,399.99
3dc8cf64aaa71f55d02fe4f0ebf4efce,399.99
86af402b2d13ee2e3d2c50ae1ced6df0,399.99
166478efeed4f9a861164b4ff5acfe8b,399.99
44c880d8fd29bf9ead60d49adfa11c25,399.99
8e2d143438d380d522c2a4ccc781c6ac,399.99
37e7c79dd2b11c3d0fdc8fd3b4981bf8,399.99
e9834259b7af39831ea294e02ea07a54,399.98
a879d50fdd72760d7cbc0b7a4fbd8a30,399.98
7dd98d09c536a360c394b8d8e908d9ae,399.98
edd42935e92c9d18e1243d2207f2ff7f,399.98
910e75746f7d748a58424e3c66dde8ab,399.98
66656623e2544c18fd829b45438f3404,399.98
ad5b13bf0d52d34619b22b66ef348361,399.95
c86d48649ada1cc512d6376da4feb479,399.95
2a765049d9cac17ae2fe993bf573016a,399.95
72eccad90deb72f23f77d392251a11c8,399.94
3fc6fa5ea095f77094429649a0b5ff87,399.94
f52c2f2418c113df3461029833291f0f,399.93
0918b14504ba2753bea2ea8ac64c77d6,399.93
3aa2c129bd23bcce61a0683c4460860b,399.92
907871442cdcc0bd1f7996b1bd19f501,399.9
ae83491ae685afa6ec6af5deba64d7a3,399.9
42439da7ffa1f3fbf13124a30d42dabd,399.9
9c04affb4fee322c0c9e5675f21d2349,399.9
ca1c2984224e3f04029a134d9a5d95c4,399.9
94f4d0765f25acb851c5c0a5452303fd,399.9
5b3cfd2d05b2759b123dd0d527cbc3f2,399.9
448f50c8bf267359741eba2a935b3f05,399.9
318e6461c1360f9bcd936bb5bc8acdca,399.9
fac0477e914deb8b872a8d4199f91383,399.9
5b30f5a19fb29264a538243d78caea18,399.9
ff542e3cf0ba09909e8cfa4ea58186e1,399.9
889d677f2cb18ab09f29222f50db131f,399.9
19f49de4b64f3bce50c45d5d57124bc6,399.9
220634de361280bbddac4dc3feb47d21,399.9
7912eb3afaedbf090b4dcf04d7457ff1,399.9
922881c74bf4747371821f55d4c1c5e5,399.9
5d3820cc56ad55f3fc4b58c32119e21a,399.9
d0304e4f4b20eabcc1d7e205d920307d,399.9
67bfe13c22b0ab60b3ba1a602aa55b71,399.9
3d17ae229f9e6faa5a5b9a03037acbb5,399.9
ae28eee1047abcb8771345d2de080c51,399.9
4aceaefa6ec7bde59742df9ae8dd479e,399.9
43fcb18424838d79a2627f6bc5f04de3,399.9
5a9dae6565b54b1a39d035684739bb91,399.9
a80a94cf8bd343cdd10d03d8b37ad719,399.9
b4901835738908705ce4aa9c22ef91c4,399.9
f3228497df62020d2bf9f20f74da7116,399.9
8f921c03841a893f7102c58d54d431a9,399.9
38b0f50e9a57a11d7a4af9a6fe006ea9,399.9
5a3f73cc3e52ab64478beb5ce8756f4b,399.9
9237654c3fe0c68824bb8c16c94956f9,399.9
45856349acbad3f1df3fc464e53586eb,399.9
5749ebe881f0b24c1e7a8a3590a074be,399.9
99321c3c5dfed7e71830be1e057958cf,399.9
003cb2c7ce25d8af8556fb456f903546,399.9
4d2219481428c1004c9275a686169e01,399.9
e0c162c722b9ee73b89b93199e774b43,399.9
c692d340d85920f6b1b012caf4e358e2,399.9
4d8995c3014a79fbf087f3cf6ee93704,399.9
dd252d7402382484a7d6147557b4e3df,399.9
0413010c14c0551c7377780fef01eaf5,399.9
96456ec75560f2ec10bad6ea8f497247,399.9
016890b20bac6cd8155fb02cd3ec3e44,399.9
bc0a84ea7543ac13807feccb5bfccf4b,399.9
6250c0be552393dae4324dff902a56a0,399.9
34bbac251335dc86473eb6b1842316fc,399.9
c1d5e6bc6c7bd0a017a08818dcde3295,399.9
f78b1ca3fee0550ee6405056128d4432,399.9
179404687da732e002e33a0ea0f27a57,399.9
b9d095a7a09c65f3d87e79d02da2afad,399.9
2b3d8be4fa506df40afbeba026df7e70,399.9
12ad7d6db89f14a0cf18d7307d71e0a8,399.9
8402fd73c4808d078a2a8b3b1bd721a8,399.9
a13572863e7d88559239ce69dec021b4,399.88
58f5f08f888dddeeb13e21d686545c6d,399.85
e4e5ff953eaae46ad6d35088e9db153f,399.8
3c69b83927e10699539e3747cc22976d,399.8
c8acfe4d2d880cc2c5f207b389b33aa7,399.8
cd6b75f7bf6ec7f8435a42d97e8b240e,399.8
a8cea6f9dd91c26982fe8af67d0cd84a,399.8
00da48d824214ffba48ab43f5b1d29a0,399.8
a558c27e289c8e4e99cb82e7665ff009,399.8
6c9d63dcc91fffd0889c697add8a03cd,399.8
8f13be0d19e31d3bc6ca0ca0ad839672,399.8
d2c78743698d2e9cd2fad65c21ffb46e,399.8
eb1db1addc49bbf82c8ce7668681cd07,399.8
4d132450980ea1d6d7d7ba282e4c7626,399.8
6b3ed42b480bc5831a094f35dc11b668,399.8
c3cea791b91b623017476ceaaf44a5eb,399.8
b4ed1c11c23a299162324b493730eb52,399.8
809ad95bb436a0ababaa111dcc8064f1,399.8
19da0f1845f527a9b4f2e98ad2fc6a0e,399.8
c7320b8fc56f8f25784540a86a6e3ca1,399.8
25bd150ede65776445aa57a87edeb980,399.79
b6ba2c8d887b9586b6f9dcd3d7ddfd56,399.78
f95a88c152cc3320d2e6ab9efb9cc90c,399.76
3428aeaf91a64e697144aee8178f8cb9,399.76
d9318914bd9ab813e68a255c4127fa11,399.7
c44591b0739eb5323ce32b31619a6396,399.68
a3671f3a8d8cb539be0134d5a2eb0c24,399.6
2cfe76e75e9de1fbc8182515c5453fd2,399.6
2ed1b5c01561bcf39cc2f1566a8ac9f1,399.6
453319763d53187bead0d2aa6575ef15,399.6
cbd55dff082c38949f4a03a3719c3422,399.6
a79a3128c32bbc4b1dddfd957d17b4ae,399.5
4f75899b8f7b903d7295eb12dcedb330,399.5
99c0630472d3966ff63c3eda902c1740,399.2
0a389ea18d794fc404c7bd3ae4b7cdfe,399.2
c5de7db594b246f428940ced283125bd,399.0
c68309db6c0ca65f8828973a86524c6a,399.0
622e8e95f8aaf172b44761f5f6b5ac2c,399.0
5ccd6e80fc5cdbdf4da5fe51a3d126d0,399.0
8ba0e2138c0a18cddd404efe025704d9,399.0
c3b225d6f5e918b9fe48254413e27ba8,399.0
85c01e2393b32c57d22f4db20020da31,399.0
8eff66e5b7c425dfbbe9a2cbf0f3883f,399.0
d572ff7880e03958639088a6bded9b09,399.0
79d0fe336622ba1795f8d172ece03758,399.0
6d75b739e1547399c38335db5a099405,399.0
7fe06ae17a9df0fb725a1a4e212dd6de,399.0
26b4fba1498f6b818ce6074cd08b586a,399.0
b0e88ad242cad980b051942a695fe171,399.0
49d7f0f85143c703b82ff332b33a4dbc,399.0
f6d3809fa11cfb64661d3e2a5ae87dea,399.0
f7b9908a78475b247396f5ba42dd409e,399.0
e76048064c31c156e15c4a07c48a3b1c,399.0
904805ce22729b9b724813c35df3973c,399.0
8488a16c79a62c2f70d4d93bf15ae67e,399.0
2e71aa109599d6697fb5a51d88a4600d,399.0
0f8a4cf0986a8a2c8a432fc6f54fbd2b,399.0
8f7b448c7e06e94cbc038d48d92e332d,399.0
9929e71f5293f941b8bdaf57b20e5d85,399.0
7197a7e7977ed02ce5e53c8a46818808,399.0
925ddf3482c150d9e469c4b47d52e1c2,399.0
37b845ee1198626c1545c4b81f591960,399.0
80982a05bcad06c7ff17a85f5684d05a,399.0
39d1512df4e550ecfc2be164e7524a32,399.0
8d08e007413e1b44d81c1af9f916dab4,399.0
6d33b4f1d814e8a483440d1821db68a1,399.0
64befe40ea8fa23ae79c102633305671,399.0
9289d8bcd95805bc1ac27c949a99da98,399.0
3b4d546d0e5f84a84c5cd3034c557b72,399.0
4a223eaeee96be7f334e992863178d50,399.0
d2a67e59deafdfa08a6b71a9c6c4f1f3,399.0
c62a8534491c4b91761a88a5d9deef93,399.0
2419117f0b2e8167c17c71d9a9ea444d,399.0
8cd60b7cabe05795e02382b0a522e2a9,399.0
cf650de26211073211c10d5b7236ad49,399.0
aaea8b0c58ccf12e787f33aefb1243e4,399.0
5bedc2a26d2aedfc0fae21122b985e0d,399.0
4e772a2d0ce96d497b60339ebad2c25c,399.0
7ee5f19c7369b67e6b814185b1051b53,399.0
a80e0913b605daeea15416afdcff05a7,399.0
5119b68a7f7dc6faac44effbf3153f12,399.0
52f7baf30ea546558b3216fdd25b36c8,399.0
b9374bfb8d4215e1fc67d31d2be24191,399.0
f30c0c7f51b2c606e9322117d57acba7,399.0
79f895a52c8f46cdff6fd6e8763963cb,399.0
336857dea01e0e67e04d8e9fa9b61508,399.0
30ec382d461aa51fc8557107836bc01d,399.0
a00cedaaa02a3875ce936ecf15c567b9,399.0
239d5f9ed5d987b8c323ac8e81641051,399.0
c43eafa976319b5043beee54b6b82749,399.0
10f1f9be58b2f03349c40a280166de70,399.0
4577619d76b693fe937e457ac8e482f6,399.0
0b50844de62819a161d73310474dcef9,399.0
8e1dcb9fdd757d18e53f82a75249abea,399.0
25b659cdb72b96f7848aba71af036fe6,399.0
0d75ef58179150916ba5ad00a97c6e91,399.0
6ade91e1b82b82f743dc593773f5a329,399.0
030132d171907b3b3c813909fb0cac90,399.0
da861fc4d39b9c8b932c6967c8000b4e,399.0
33a80b6e336aef84a793ecfb1b6361e3,399.0
a3e919f4567ef43cc1a6b171c5900f42,399.0
3d0ddc15f0b45855c923fe2881dd47ee,399.0
448c72f07cc0cc6295bbc4d4d7e2c14b,399.0
1bb5205b5301fb7f65cb391f83869615,399.0
e4dff965f4c79eab64e4865936e2dfdc,399.0
5a2a027db93ee7ca12f71003b0fd98b1,399.0
aa58e9d75d589687cbb79699e5118e5e,399.0
fee5ee349aebdbfffcd4957db14cda30,399.0
3714910fc491aa32f9625b7b06f7b41f,399.0
45537bfbebb450f1f4b50fee812ecec4,399.0
59d13303f9c4b0eee305ba2b914901d8,399.0
bb0fb987d35e39b8ad2cdaaebf190962,399.0
163a680a8f1fe1a8eef1b0c40276bf64,399.0
6cc8599cf241b69a70553bb37f460591,399.0
18bc2b648262411362f67867851b1d7e,399.0
a20811645f9c1838f984ff3de897e00c,399.0
63060fbe4f7830b0dde95d6f4198d2d8,399.0
38cc66405ea0e35b9a3acc1e89f98a17,399.0
35dcde0462f357347f74dace04d02400,399.0
c396c33a13de8470ca7f0fbff9ac4e9b,399.0
19500cbae8a09fc49b75153c4c965f9d,399.0
cb2caaaead400c97350c37a3fc536867,399.0
41098815d7b37701fd86f172aa473842,399.0
3b2888c34f60f3aa6d7cb2227f61ae79,399.0
092c9316ae71b2fe43e526043f351967,399.0
e4066f077a26a86907a4bcc57c432ce2,399.0
1ad7f1b0c7aa25ae1cb06b495a2cd867,399.0
fa7d373af2df6d171c0467802e38bbaf,399.0
313c60704f93b7516182eb87aedad7af,399.0
205f0ff8598ac037f52616b3edf13337,399.0
d0a3f59bd1527ccec9b075d58010caac,399.0
60082c41c9d6ccf9aa3711f6ae12c9f2,399.0
8ae206912a2afe2c2bc2f1cd3d31cc90,399.0
5a1e7189a48abe6237615c19e635f9d9,399.0
561d23a482adeb8967352285dbd852a0,399.0
9f07fee56d107e6f9f3eef24677103a3,399.0
ee553368eb5e7dc11f3d2c201ba81668,399.0
a5d3480355c9b7aaeed3ed6dabe749e9,399.0
f64d27fa18c097c17200f7076f0556ba,399.0
d65a1613b6b9aa8043a1ddbc69e337b3,399.0
643851ccb6d55c6d549393aac4aaa4b2,399.0
dc1242da4fdbf51c141e366ee416d458,399.0
343575636b298153652d05b98589fb56,399.0
6a933d575369fd2e59732c81a51ab189,399.0
dce6ce40ec25a2791ac7d3be81306724,399.0
ac1fff69bbed8bc328508d6f18dc265f,399.0
751a05b324683e65537d345c3933a9de,399.0
3b6c1300a15f16c2097081156eb8355d,399.0
f3f6dd88a16304070d3f73841a38c527,399.0
b0d9ad8fe3898d9c0d90dc8bdd509e5a,399.0
b6c167bad6415d0e6854e26609ac9200,399.0
894202b8ef01f4719a4691e79dd24c17,399.0
cd33017db30cfb1c69a3789662b5ceba,399.0
ed8be358abd6a8b37ba8cc9d485e7bbb,399.0
8e22a5ea91de638ad65f58b8473f1e1b,399.0
86696e59caa67ca5a14b885cb581ee21,399.0
151b1695d3bed9df99aeda2c19ea3e2e,399.0
24eeabb11772934e9b2dfc2c511fa34b,399.0
3a6fed0fa3bf8f59ff44a58c7c289a36,399.0
d531d01affc2c55769f6b9ed410d8d3c,399.0
dfd081b5b9924847379085046ea374e9,399.0
04c2efda112806f34862f8bf4066462a,399.0
41a66afef768a3038dd4477034099856,399.0
1cf37610a6c6757a56256e4321283db8,399.0
c8c8685c81910413f6244ab21a3a02de,399.0
84bff9902277d3155c02447484e34dbb,399.0
b1dec2ea6859708786a1c916fd69bb51,399.0
17366be29e9b9f1d0a010264d2cd704e,398.99
1d6e9c33f7ee14a1f4e320fc43a2515a,398.7
26d42563197b6dee87cd3c74a65cca39,398.6
9258ae1575d8c04e5f40fda2d1c9cf39,398.4
e727991c9f9c297620b5d8e6ff320f2e,398.05
da435fe071a456868a89dfb068881341,398.0
3737a929359d1e964541489e0c0e3841,398.0
37f58f1d7a8bb23f1343a3da94ac40e4,398.0
3258445d69ee63eac4af6749b70a0305,398.0
cd91f11fdee723232212c46ce64b4809,398.0
7a9ba3048545535bc0c1d412fa47f829,398.0
69025827c1e088ba732e7904f14a5c50,398.0
47fa58a5288e5ccfbc5e3c873cd9d5fa,398.0
95556cea2fc7ddfac08863e6294f60f6,398.0
f1a1772548b4c5024ef6bfad4a24d351,398.0
5059378df49d90c06ff62b87ce33205b,398.0
3f0ce4e8579d852bd56ab8bbe66f1870,398.0
4062747ee07fe2bcd812937bbfc4304f,398.0
60a14730b838cd406e7c100ff14c3449,398.0
d7cb9c6c0de35c874cbad4f5f5f96c8a,398.0
cbec6c6e7a388dcb6c91bf4919a1f66e,398.0
0074a15febc9459ab2f999ea0e22c8d6,398.0
a7fd924b11c1776e4992293e2b2694d3,397.9
2015241e524228a5d12b6653c3bfc94a,397.8
cdf22d44bff4f1fc02ef48a306038252,397.8
68d6a047603087e91e53b767332e917b,397.8
81f145ce1cdec04d38be7be6611f2f10,397.8
6d257eb6ad859a44e9f7815a121cc9e7,397.79
94bfddd766140150ff3a5f0e09df6d03,397.0
feae0a23516453acf26b416ec51be86c,397.0
7b63cba66b8e6d002e94d0990c1e2868,397.0
098dd85ba7d190a7ac3f80a3e6a12b93,397.0
c0ca3b0cd457d58573982009c592f913,396.9
d0201d40635bacac931a23211566d601,396.18
161f201db3babdac5fcbcaefb104811d,396.18
6af0b82f0af4a35310b46157a9b4e71c,396.0
7a3bd3b37285f0ab25983420cbd01f4e,396.0
c4a7dbc4efde20b832a4ccfb2832596d,396.0
bbd0d7058c24fb7d36bf6885d5b15866,396.0
4f4f005f13bc7a3845163497199c2b00,396.0
0a1bd304aedee91a65a9692e70d91998,396.0
dc21bd4b938e8ab08f5e6fa92de187e0,396.0
96cc1e89c75aad1dcc4493a2f5f5b23d,396.0
6bf24ac0cc80579b649a21ebb41ecd51,396.0
31d44ddd234e73ac286ccb7d7c07b0ad,396.0
de7120cd5e3d02e79031699729b785c0,395.9
36f9825c8553ba409fdc1d564b7adcf0,395.9
869619cca057d589916befa7d5c6a04e,395.9
091dbef0456b5c849a59e36748382ebb,395.7
4572ea73ca62919fcd086a04ddd22f1a,395.65
dcb6e7bc4e65d815025d0aa14349a4ca,395.65
5e8845ceb28e6e145e2ca71942e50785,395.65
c8d062f9057d8290889c432f8985c707,395.65
a5347c1cc1b3e01cce8d58574f6a7210,395.65
f47753854c975a0f97892fe1ede2e688,395.65
9b19611cde9d30a2bab502ee94b70643,395.65
91a74c6db81fb10a2615dd22619923cd,395.65
270fe2e2b99558686ef8e9ad5aa45487,395.6
9d492dbb767938d56a38926aa1bfa5ab,395.34
2f56514539e882df540e387ae35f2dd1,395.0
93d090a2fb752b4fa824e379d785738d,395.0
cd970e72a666ac583850eb53ebf620b8,395.0
c3e759f8a4477786ad2034d2a6d21b3c,395.0
864b6e5515568a915e535a341c973ec8,395.0
97a0e2c05d5882609289a1816e234ba0,395.0
5606c8ed3e243a47aa96c3206cd14b18,395.0
a211a18f2d33674538a33b6ad9e4c55d,395.0
0d254ca5e31c93f075a64202bb785bd9,395.0
532df3d52ba1086890516792526b1d0f,395.0
7a499c3eee84a0de2c53fecc255769d3,395.0
9797bed4994ab39ad940b6e7b0c67536,395.0
6b32ee41d353d2d019d479408e4a1128,395.0
417c7df70d52762bbbf1907911c901cc,395.0
59941adf97664d2158b52f86297f0659,395.0
78000f1c5d228437ce259657ba7e5972,395.0
bd574aa2df7e753d954064917212f352,395.0
b798ed6095f45336ec47d8709b987d43,395.0
05c9c8bee01dca6e97b35284f55a6a34,395.0
693a6fb212be2902e0a252ca094c61e2,395.0
a2207623637c05c6e3d75bc34256c3f8,394.99
3c285e92488bf716f1ffa7380ad177c3,394.99
cff355d1c3f578e5c0fcf31eef4a06a1,394.9
db923ab57ea2d9e73563d6a69825da4b,394.9
93ada7a24817edda9f4ab998fa823d16,394.9
2c43a6fffc3a68aad4428f6bdbfec1e3,394.9
d0003341f5d2c6f0ec7c2580e31a4fc5,394.8
832246fccea224e010c498bb6823bb5e,394.73
e68c03ed7224b85150876ad873fe7aed,394.65
943214f1e7136b47167d03ce8a21824e,394.65
8c3ce566744a14223843388d68d174b5,394.65
e6c67be032549956a7f9f38854a918f7,394.65
4ff41b1c00bade23c1ddcdabf5fe9009,394.65
58ffe52cbd8077e75af00321bd152ce2,394.65
4cdfed32e329c00040094d50c0d0b093,394.65
fb7681ad22514aecc8cc75fd507b63da,394.65
605cfbc286f538c03e9f4c8ab66814a0,394.0
0f87e42994dc08cb1050d9bb35fa7f37,393.99
2417eddcf87ccb8b24235761f8b09568,393.98
c0dc795a734bacb591f6e8112f7c98dc,393.98
24cf7b32fc941c030828ad85d84769f7,393.98
dcbfb65ae9125d8e25367087650ad49c,393.6
ae54e45e35489f5a8ff80637b1d40818,393.6
9af2372a1e49340278e7c1ef8d749f34,392.55
228ab556af13cc8f7b268b09008b87f3,392.0
d11d8aa3c8a3d6dafd592452eeb3a246,391.87
e147664edb88621979c53f930f56ebd8,391.87
d0da29bb6c19ff57126bbbd9ed63dead,391.82
d109b1553c5fe3f171e2f453ea2064ef,391.8
149854f060da7beac9253cd3f0fa8c8c,391.8
36cf561d6c23f010a6944f0908ee6bdc,391.8
12b8d1a4a80c1c56dd1662d05dc05ec4,391.8
1b866cf3a2f6c85e99d9b07c73951689,391.68
ec6bd30783896fce1908161c537f69e2,391.6
6339b2f11863be5abec4f39d9052017a,391.25
ad30e92f85cdcc70fe82d0b048915ead,391.25
237273539d368eeaee7e513ac0196f65,391.25
185c0ab94dcd0aaf2b9f6f0b1424527a,391.25
b1f6aad7ea584473474457e280189ce4,391.0
6a616d99ee01ab693de21c57e49ea368,390.99
85f0f9defc06d13591f7a594d0e71ece,390.19
8eeecbffca82741b05f4ac8684a09047,390.0
cefbe92afc1f162d27509c145d1614e0,390.0
10511fcfd228afa2040219b363eb9f05,390.0
d1167e026b86aff77a4599738bf972dd,390.0
2430ad4b1b6efb56cf3050b5d3cf5e54,390.0
c0c488d05c54c75903ac8598fa6a570f,390.0
0d322d00e59c4e1f3487753c793d89a8,390.0
990b1c66b713835e721b5895ce2ec43f,390.0
1d0af3592aa297b26f1a97942588a730,390.0
39d61eaa46637e677dd1eea3f732150f,390.0
9d2c0f3c2ae02ed2417fcc7f49fa747d,390.0
1c62440cda77a9850bf3e546d3518c7d,390.0
0a884d4b833450da796608869e509d8b,390.0
2c24d7d6e7ef2aac9dadd2152b12e072,390.0
400d5d5faea0c6f2ed476d635680373e,390.0
2f51a7d835dee9667b44d77285d61630,390.0
2519d1ee05255f59ce3859c02dca3d6a,390.0
fcb92cb7bc58b2094b53728ccceab668,390.0
b0427d63199cb18df25a51a0ade423e2,390.0
91f7ba105111f895086a17fe5417431c,390.0
e43a8c4a2cacc15e45d6a73beb2ee7e8,390.0
6e2243e81dfbcf77269277d8b90834ed,390.0
0338cedf9fd370fe655047aaa0725078,390.0
ae5ff20a1d69718fe7d1386408013ee3,390.0
01f57b226a3850a260e40698c2bd2fd6,390.0
170aa1c2c42c8d22996f6edb9567f3d3,390.0
18a43505c6a3ac1bab80c3ec5ff3dfba,389.99
cfdde87e6da2810b6f71c86ca4a6647d,389.99
d7f4c9c4b263f6f0d8cd144f3f4533ab,389.99
98657b7713c40b024ac68724ca606f32,389.98
2c32dba7a49f14ff6c477b91e8a7fb06,389.98
428b0360100fc4c328adc7773313cf2b,389.97
842f092867d93b2438c83bcac57d3a83,389.9
34d50c815414e1f5a73de0562cf52098,389.9
78b6384ae33ffa33ec94944d1722dac1,389.9
7741a2c7f0be3dda60452f7c55769146,389.9
47381fda88f3e74127cd0c1f528704a9,389.9
d88f20937a8d704e02baff7b2f681828,389.9
82528de399a6e9ae552a75d956decbe7,389.9
b511725689f49bbfdf34541b28780926,389.9
65e4681470e66fa92770a629a7ec0884,389.9
f9c5e7c93778d6fdb505bd69aae820b2,389.9
5fa362aece79c1e57c8501bb3fedcc6c,389.9
bdbe104fe420757c4bcddb0210c9cd58,389.9
c03824cdf2dbec0c161f58640c655398,389.9
a9c810513a4d94b6ad72f215cc9c36ae,389.9
7a5d50a89a0ad890e129b405db3805de,389.9
68cc585accf5d04953cb570e563ee5a6,389.9
a86b68dd9da561c8b4cf830e2f0f47a3,389.9
075e190ab1296f43d2984ddca2f8adec,389.9
49c54a23a4c399768899b44ab295e66b,389.9
c13a16b27894556b40c34b7e5770f679,389.9
71f815d8142eb59cebe2d023f1a18bb4,389.9
016a3b5b3185854fc7d9ac763c825494,389.9
b19151cf03d1ee88b38e392fac8acc62,389.9
ac379fd1645b77e80dd6d97e66a8a005,389.9
895952418c8f2be215990f18e2eba574,389.9
07774ce6b7092f1f8fb6ef7f1e1f3830,389.89
c7af50844dc871ad6300f7d58498df9b,389.89
7d321bd4e8ba1caf74c4c1aabd9ae524,389.87
a56444c78835591125f106e5e0e9f15f,389.82
c5a92db38654f2f74f3983d03661e8ad,389.8
36318088e4bc5369085a4550491f9d60,389.7
4498f5e3202243c58ae58247497599a5,389.7
e91b63eb6608fd87091fa7c7760089c8,389.7
75f8bfd4c8226d4a6aa6540765acfe36,389.7
ccd36c540240c744dd26146ce739e082,389.5
7002fe95ed18aaec48a31ac846ccefdd,389.42
8e72dff17f5a60442bfeb33745875e05,389.0
dc7bb0c31f0aa11b41f465aa1c627266,389.0
c51df6061e814d28cad2cd2c4f3c77a4,389.0
59d23acdbb3055458d86a0a379571d00,389.0
0c1afa15fb6abdf5203bfdc005ececed,389.0
fba57c8df4c46cb2fcf264c94fe2719b,389.0
8fd92068ccf4681ed8b1568fcfda910a,389.0
ba73861377213f078d8f92abaeb7dad2,389.0
0bd51eff36516c236f8eebce83579c43,389.0
4622dd3775c03fcbaa3d4050ab4b0343,389.0
63126b6a8d50c28cfce0eff948f892fe,389.0
e6981b02dc65b491362dffd03ac0f0e1,389.0
85a0cc8a137bc4c700f160c817467671,389.0
691207b664ec61cdc55704a1cfba86f0,389.0
0cfdcf557ac3190fe1a6d0cf88027b2f,389.0
b8bc981e72ff341c483d72babe5f4ade,389.0
aaf90b48c468223f8e602d937b2175de,389.0
0fbd856ba1d4961786fb54bd448eb7fe,389.0
6be5849e706666bb0b9ac0fc130efe0f,389.0
ff94ffbc7c413bbda6c825d3b7344065,389.0
94316b10a38127d6f2291d061879acee,389.0
5da19dfea5bce9cbf68a70a72903c3db,389.0
dce86563857a5b7113eb74dc94d07fce,389.0
dbd324a50ece1c09a1d090c01a10733b,389.0
79c50087220a5bc7f7d990c39aad78e7,389.0
5b5f9dc350d00efc166dd828b9950edd,389.0
0f80a5a2ed84b5faab4b319acd731049,389.0
3de54af5bcf3d0ec23cb153a187c9f3a,389.0
2bd3ae402537c443ec6aab0feb74cd65,389.0
d2ef50bf0fa3bb13424cf40e2ed30700,389.0
53c009899356b1d516fce2ccc4831a6c,389.0
973a00fde4f53076b6eb120482a4a76a,389.0
c6fea610acdcbd2e90dde86d3492bb4b,389.0
a35a1b563beadc6e07728160500da9eb,389.0
ca6f288f99561aedae10f44e948e7e61,389.0
50a6b9bf2be166cbccc5b039176833bb,389.0
52355108e4be826613b0d8dac622003c,389.0
5a1184a130531482314d389906afee6c,389.0
eb41671b11b12b928b92cbe7e3a974a2,389.0
5a8e30b97c66494c399c5c17ba6ba940,389.0
0f13ff76e67fcf442e4f706f353bdc7e,389.0
db55a81f2e96b91b662e38feab7f3f7c,389.0
601a4e63f008ad8a8f61e52726dc0753,389.0
be76e5e04de65d72a0adc9a3e721abbd,389.0
acd9e8ca124f434045dce23b783e7540,389.0
f8b6903b805687276fb7542e9416a3ba,389.0
170787bace0c599e49da09f21100cb1e,389.0
9e593469b6f1beac77c2da4d73bf1228,389.0
dcd807e8478e48fc1ea524e8d2fc1b79,389.0
fdc072ed206bbd175bbd2d21366b542a,389.0
0b4871c8b01354102ca66dbf3bb8fa62,389.0
6645b9283b1f5f504d00cce41870864f,389.0
ba3d3c02e06168e577af7ef349c9313d,389.0
e103e55c94fa14497f6d7505f13ebd0a,388.98
d2aa33ffd2008e91aa85688b63974b7c,388.9
0f3c6edd9f58c263db53fdb1783a249d,388.9
259f937f627731078e955050df3907f5,388.9
c58bac169ebd138ddf0f18ff9a786ef4,388.9
5f7c9cafb2507ad4331d213079528c08,388.9
e0351bcc6002fa51ad0dcdf775866672,388.9
d262e8fcc210139d0efa2bf2a24fc0ea,388.9
32b6e75467a383fecae5655d01dfd92a,388.9
e16470b87375801e2d9e881764b7305e,388.9
0561cee0e208939ff198184d3d7bd9fa,388.9
5f9d934496cdd0317bf9d307fa131859,388.9
bebf1952eebc5a2a07eadbe88a68ed6b,388.9
0a80c615ad59007c4745f7b74a9759c5,388.5
e3c7e245a96d7fa339fe6c16f8da4e90,388.5
39660be50b511acaa1d93b9ecca96ff9,388.35
ffaded93e5a1fce06363cfb6905676a1,388.16
7ca4f9778dde63c688c401072bcfe460,388.0
d4145384ff2ca356124f91a503681aa1,388.0
fb65e7429ceb4c0bce607da14ff61422,388.0
ec5b7c2e69bc8d387c31867ce2eaa513,388.0
9f49b356352888c2be3e705569c7e896,388.0
59b5b2d3fb1c8928920f6f3ff243e3c9,388.0
f481cadc657dd238cf73200b92292644,388.0
29509a171c5d01602fbd7afb4ecbfa06,388.0
923d0e3c2ccf0e2a6b23bbad552934dc,388.0
8a21af9ec38175daa9779d3d5d120334,388.0
c461d2d435013deaa0d401a088ff0e8f,388.0
4da516541565ce46839da7c8a6af3fa5,388.0
705f15a6697fdd1669e161b7a5295dca,388.0
3b56e7504b277a496c1d893d7e9ebac7,388.0
c26c3f3697726735dabd85bc09795511,388.0
b482b6eb1e1daa52fc0b17faea2cfb4d,388.0
fd7d197672b335172d5ac6d2f60eb9ac,388.0
24108abba4259b3a153a25fe19748ec1,388.0
d6c2883b7ee3424c694873e751691363,388.0
8bf717e4a59fe4116f0629910f545f9e,388.0
8355da240d5a01c570937c295b38b779,388.0
3ce54c43e38d4e8ba10df6973a306677,388.0
086f4c21c13b95fd8ccf0df6bc676e22,388.0
596838f01c8df34db964387ac5ab6333,388.0
e03bc17a8f8e5c30862df338264f7a33,388.0
810c7f3d2980da39feb31e235cc6875b,388.0
12dfe085c295adf158e7867456490963,388.0
42c21479a5bde717e8b7cc8a903248c7,388.0
e7d9c6487ba15bee967f0f1305c75c8b,388.0
f654b8a617f9ccc800833c01e1313434,388.0
e2de9994c35478f475fdadaaf092ca51,388.0
7725e9967372075f1a2d09e86831cb76,388.0
f4059c700b41dd616aa65a2ef7886f7d,388.0
0cf2bd9833f4939265bd7fdb91a3f520,388.0
441dbe5aa34c7b614be5ceb842001a02,388.0
adbb6cf458f5e432340801c4bb8c16ff,388.0
71cef3439e05c0e70e6f50f1e46dc958,388.0
b33f0975ea69aae6fac18326ac5bfb0b,388.0
f877a84a1e5e0e25bc4049870dd5fe72,388.0
a829a6f302fc834aa65e2af9f306c7ee,387.99
cb1464f824efabfa180464dce2bef689,387.9
e9f46905b2b48c595e07b24dd0089ae1,387.9
93e314b682a2da481b45a81ccdf91ef2,387.49
b0cef3a2a5a906f037086d9887793a27,387.4
d87d1c08c59e86ce55b5a78f368898d1,387.2
af589f330821cdeba520d83f6db139da,387.2
5a5665a088424b8a6393ef403bbef479,387.1
430ae219c180fc664c3981c91fd7f70e,387.1
ff590ff108857c7fab00afa99366dcec,387.0
d1d8f6f3210077720e90daf13b9e3481,387.0
cdaed65b6dc07f9e7ecaa575f4fb1b66,386.75
81f10b625ff76949f3d454776b55ce31,386.75
301d5da00e8c74d0d2c80e2a27089a5a,386.75
018c9981e6704cf8fff79db3332a12f7,386.75
3363e5de47c460289e4d759ec6d35b2a,386.75
81d28859d6c278c6511fb5dbc8f79672,386.75
3018fa3065977f4f8ee779c04a66d5e7,386.75
ffb92ebafe7c270f1b4f8805f9e77447,386.75
674366004ccd62e6960110afc9998ffb,386.4
19970def56bdc13635f5591fc47a3727,386.25
0f1c14d9a7aefb667c13c461122de629,386.0
cb69b6e3e313f40f75fdf15057d81e62,386.0
042b53f9e609289d8f6fcbd59b4acf63,385.98
1f1c0fc99d7fd3f7c17d0db0039fbc9c,385.98
cdd964d7aba86669bba2a25675fc22a9,385.9
2b11be9617fad2924dfc186b73220db0,385.9
1935e37c616650cc67f6770bd847a397,385.61
74a9b1c0c314e9638159fd8433942146,385.6
d89f7143ab114605b91349810656abb4,385.6
279d7e599187f21cbf7e392f51be0797,385.6
347502050ad2af3db43a5e9f3867c471,385.6
9f007da472be12e0c1b223a9320805f9,385.26
5a01248cc0f2dfc237fe63b35f27a918,385.0
ec00ab0303dffd44357edc479d825f63,385.0
a6b9a70db44eaa219a43483a0c4df5eb,385.0
00b4054d851ec464f6fb745fab627439,385.0
d3d5a2955341122b1b68164dcbbc948e,385.0
1a2b664eb54cde10af894071aff52d9b,385.0
f9f0cae6f72ac7bcdace53158b1712ef,385.0
1c6669022d784934e20b9378fb8fff57,385.0
06befe7433b2a159c7fe6d032bd9363d,385.0
4460221f20575ff95cc9c3997f5170a1,385.0
5a420a6410f82ab5d0679fd276cb32a0,385.0
9a07f29a0a2ecb8c56fcfe168b48e5d2,385.0
e0f4b0b83c7a96648a38e1f0820ce120,385.0
6e4240128fc3c9e110f429b72a92822f,385.0
876e9ff6d0ccd5f181ec4b604c737ad9,385.0
e452990d3c151c3cc679f556393acc95,385.0
be6c90c5799acd0fc1ca2d13d08507ed,385.0
2abd673eabe8cbc837887bad6ebcffa7,385.0
148d65cf58e13521241d8f9206ee1348,385.0
609c02856cbf8ed9584ff5745310612e,384.99
91bc4ec703dd6f90ae1da3258f10fe6a,384.93
6ef09d39e91a32898a1904257ed64b96,384.9
da3c8b92f86c39d0d93fec729bbb61f9,384.9
61e042bb7233b5c61b4b1fbfe824774d,384.9
52d99a5beb79f63e9eedc2fbcdaca721,384.9
40a91c7d480f3dfa350005175ab8cd86,384.9
c3e8db626762eb8fb15e22b7dcc79283,384.9
feef2d3e0adf31da426b071891551813,384.9
1850b26764c41f4bcbb60581eb918424,384.9
6490dd4caf44e930d8192751c2625634,384.9
79fb5aa7830e13fdf7101a22967c0721,384.9
c5af0a7b53ebe8aebb64d09a25639352,384.9
ae24e9df81fa7464e1090fdef14d72a3,384.9
e533aad62ae7a6f8dc0254352f3b6562,384.09
49de7e22a4f0bc177da828cd0866d59a,384.0
653d1bb20bc75577254028ece6cdf1ef,383.9
80b26789f069971fc4b1483f33f545c2,383.9
2a1df0e151085060e6623eb067acf959,383.9
011aa301cac8da4d01db88c3180a4058,383.7
4dbd34761bb1a1eb90ea2914481604b3,383.6
1b4390a2af254fa0c9e3f38bd33bc1c4,383.5
1660d6b9b286a97e609ccc038c160aac,383.5
cae507afa38570ca8b08ae0cbcadd5d5,383.5
2fb4bc911e1d0cac4789223573da742b,382.7
6b77526915f264bd79262889e3799564,382.0
a81ebb9b32f102298c0c89635b4b3154,382.0
40347ab50e70f84eb4281ced0126b3ee,381.99
676d6d9a4865e261e3df7dc505e3383b,381.74
89a762414f228621ebf73186df0aabed,381.66
c6f88ad594118bcdd76f6d43b597a595,381.66
8ec8f7e04ca4ce33fcf8fddd94bda3e0,381.49
80154943c28a0eab327467d6731a5b28,380.97
70ff28da691fcd6722d037a4eeee3bd6,380.9
4e157f7a1f67d7f847355a56eadf0512,380.64
e3f80f0f73a4b146a20671cbb8291ee6,380.46
b0b27c44f7e3d2c6e45d506cbd4a5627,380.0
a2bf84b5e73519375966d99f41a53166,380.0
10d802326ca8ea206bbdd8d8ff17c81b,380.0
35501ba94ff1f47d8ed65ad2670c9282,380.0
4f6ffb9b1a647de61af14aa4a7186945,380.0
a723d4abae1ddc39e9e25ab9526d8f49,380.0
ae933e624bc868f3e68628d1f5ceeebc,380.0
5b4489210a3c398e04cae27e1179bf3f,380.0
57f964df70a28c4770200f68dfd54532,380.0
67a5c4c74d60d14a792f89e8acf468bd,380.0
76c0c1cbc865dd70e1225ca35bd5f305,380.0
df834820fffe483c7df9ac495163ca36,380.0
504b1f32fab0729c552a28e3db5e0d4a,380.0
5ce0619a7329b660555979b32001ccfd,380.0
0be97ebc9313a86e02d3b7cdd7e5f1a6,380.0
7cde25498a31a63d00e82b29b929cc49,380.0
d6a517f605004a40b8a4c666e39456ca,380.0
1117174c546ffd2ad76d566a3ea131f2,380.0
ff20530ce012df37828978c25f3dacac,380.0
e7e7963971d6cf0b45ddb9c6fbe9fdc9,380.0
fdb50c069d85c482f1ecfde317595741,380.0
e22bab8950872ef60d229f7d6926b58c,380.0
943a02b9d5564146f21343b020bcb5de,380.0
97efa29b4cb6dc4b10acb8f9baa46cdb,380.0
c33344c245a3c183867511f96b701e40,380.0
0c2473e5a7533f687f8e6aa29efbdc7d,380.0
c8b49d3cef4ddd3164f67ae9794b3fea,380.0
8b16b8c513d302bd3d2f218644fed1a0,380.0
becd44b937217776c659d9465b22808d,380.0
d5eafcbbd616a345974ca2ad22611c11,380.0
b0cc6834f86d0440c119eb1fcd8413e1,380.0
63fb4d60175b0adc731e5a481eae9491,380.0
1d8d049d2320a51520300f4b41dae8f8,380.0
668bca75c9fde63d376e1042ff8e2fe8,380.0
bc265c24a5a745bff94d62fd5f5db043,380.0
4a1f4837b9cceab1e8831e832f487061,379.99
36a3394584b33ee1ba736b14a8a6c307,379.99
e4bc111ff6a3672e3fb0a57fe96fa29d,379.99
e66ea0ec1a9591adfde15771676af2a6,379.99
8c8415d8edb6384e13520e1a895e22f6,379.99
9cd4409a198043124fcfbb7e7961c474,379.99
68c0df96479bac8bc8aa0ceda8286a3b,379.99
84eede470cab0ab3fefa00d13993c8b7,379.99
d99d07b571f5e15e61469e5f77e3b027,379.99
56d1b6246b3fafa142b06a6c8eee3f82,379.99
e7dce3335777ad9f70242b444c1ce42d,379.99
56b6ff1140f9689464ba8e3bf8b9749e,379.99
209ea487b6fcccbc9d7629045a1ee055,379.99
0994f4004d043a6b92949b75744e0e52,379.99
ee13725bd807d030e78f60a8113d120e,379.99
f87b752f04715b171d9fae7d337ac078,379.99
850cbfa573438ea510bc828c7651b9b5,379.99
e177f911a1ecf3e1b3afec5cd8e52c57,379.99
a68b51c78cf1152a678a8c76f6fa10e2,379.99
b48a2d34f7c271d312a654f068e344a4,379.99
a3ddcbd81efac5f01565774a84581689,379.99
824422e62602d2ed7c09adc7c877fa70,379.99
2b68f1115ff018e29415711c8a9feef6,379.98
c5574d7bfd26dc4517a030d20c8a2711,379.98
7906950d6b536934cb5361581a9c9386,379.98
fea8050983c42f7907b0150e1a2751da,379.98
e4c44f8397c63555e4d0b11f4e7addc5,379.98
019dc2cd7ae165a706dd249829e0e1f1,379.96
4b770dd96eb1044d71a01036152f40ff,379.96
9a29bf9ecfdbd9acf4088d680a19fca1,379.95
06ebadeeb0acfedd1526d66bfb71b061,379.95
4adeaee8338a42ef0c002aece4261177,379.94
7dc0154535f86be3f1a41d736db8206c,379.94
f54d85c1e85a1f5d17c500a699b2ccc2,379.94
c9da69edb9b3c5e7b8074ac4ea9b2244,379.94
197ffb8ce85a690a24881fa5353411e6,379.9
234f9b7bd7eba28c42e8e8a09c98ea31,379.9
268472113a4975b638852af88b0253f3,379.9
1fce339685dd69089aa782acc947f328,379.9
a5f2d425e2eb223af541820f2621e0b7,379.9
bc2c417b8564e1c6bf942d4e93960a2e,379.9
020e0c200a053638412950ba455d5b37,379.9
96e3967a4dd44db7e946f46988281df4,379.9
0e1f0feb7a225bb2d8780b3ea5087297,379.9
64a002fb777f7726efb2dfdcdf3a9d1a,379.9
ee90025971e6786e93cda20b4ad8383b,379.9
bce59a361a8800fd7f430a5617ffe165,379.9
526ca0c61e632c67f44099eaf587b023,379.9
de7a087330a6bb7fe20d36390a5c2574,379.9
8752a4fb5c55922535507e67d4f431c6,379.9
f3e5d57c12abb230c4f16b6a0a23d7f7,379.9
f12e117de2a2175d17afd805f61bbbf0,379.9
53cc5d344077104b59d4f6836a90eb0b,379.9
146655d62b6549f9d98b3642a25816f5,379.9
288e976c94e837a29abe6b90418dcfef,379.9
43d9053de5513d2459433ffab5bd7599,379.9
cd44b9d8c8dbe3fef291203c1b8977ce,379.9
652dd9e1eab2777d504a091894b1d2fe,379.9
1bf452c4be30be03b7dbec73578f0d05,379.9
145a15dfeab6ebc89f63c22802b3db71,379.9
86e38a0e0d9692b4d867a678af61ffa5,379.9
aa33715540792a5eaadd962b59dc2b7b,379.9
314632660519234734d08119b95cf15b,379.9
e6b233097521bf30700128ee0c424a5f,379.9
8aa46663a5809f942f683501ce3606c7,379.9
0bcefb6bd3a890ffc5ef5f2573cee9a0,379.9
dcb2e23f71877ba3dee97c2ec27f1a81,379.9
067c9951289da2e2468121aa6e46ec91,379.9
fa10097e0f3f7df15ee8238d696d157e,379.9
f1a52bcd15f1aac3fdbb7dadce516d8f,379.9
4f246fcb3387b4ef2d7b9093bdd67c63,379.9
2c24375ffa9f92076ed3bec1a35e13b0,379.9
384a18cb907d54b358c068b1b07cae14,379.9
b9a91e72d167059b83f3a601e0437ce7,379.9
0b625a2816bc92763dff9538ee30414a,379.9
a7ac1b6c1a757603893d9cd450380da7,379.9
d659428755680b7c518a5409d40bf90e,379.9
6d691cf4def20658ce6319a4a9f35196,379.9
b7f840ef94a2311ac205dce9a1aac7bc,379.9
1062d9c6d405aeb42ec6fa9b937238a7,379.9
1575002669893d427c0469145358c92a,379.9
f6f0fc549a0af9b20798a1b8869f81de,379.9
857e85c32faf11787e893fcb5eeeea26,379.9
b8161d486fb5b343ce446bac70ee5496,379.89
736bd801b86c04f6b4444612b85aa752,379.88
912bee72812fad679d82c1178f108ae8,379.8
369ec282b14f6130ae496897bfcb231f,379.8
0c8d2c8d7de4b3bbb87eb8475d964252,379.8
935eec8cdbe14580cc3f02f7098b7f87,379.8
6ee2f17e3b6c33d6a9557f280edd2925,379.8
410bf44fa819e660e2fcaea12c35af43,379.8
810aa131ec726be20478b44bae2d8934,379.8
4ae394b706b618fbed089f08e9c75224,379.8
2800b82a7d904585f1f78639be21f877,379.8
802aab55da2088fc080fe78233f047b2,379.8
9009e9f0ac28d47bd18433d82aa028d6,379.78
2cd1a450888a4cc3d4b8c5ed6482fe47,379.78
471c58cd2e88e9d71cb55ea00452a587,379.75
4c669e5b6ae17e66d4551e3e625c7f1e,379.7
12560c8fc6ef4609768854c0dec45c80,379.6
d3ecf0664acdf35f6e78389ed3e223f0,379.4
30daf624a5052e782f593af96bab6f44,379.08
f66684cd226d7d5cbbc43491ac08390a,379.0
c09f8cdfa1c0e9d5ce962948b1a4f3be,379.0
091c9aeabdfac662c68dc9cbdc936300,379.0
7b87f3ec73e9b766c9b145790745ab7d,379.0
4b1e4c6aa9b00cc930f4ef5f7b622ba2,379.0
bb16eb9b2572c004cc5eabd905ff5c74,379.0
b2056bdda0e5c76218846f74f72eaa5c,379.0
0554a7ce361c9f2dd3474c57f5baa308,379.0
404fdcb6673196c53184a4e728b329a3,379.0
81904fe0847fa79d876547cd0c859156,379.0
a219b45ebd0c8d45aa950489e1ee1328,379.0
e899e0c8c1ff8d71c53bcf89ce519cfd,379.0
418df4354874776f10838d1b905a3f65,379.0
8dad82945d0eeea58e2e91b451171710,379.0
779eb714e5158a7dc7c2b4c82b5a5cd5,379.0
24b3827e65cf09e06d6510524822749c,379.0
a7efc7f9a3444cd0b3d780d5a060b2c6,379.0
3be5dec85bac9d3ba262af84eeceed60,379.0
c64bf0daac8cbcf5e6fd306729bd9dc5,379.0
0c872574e7c056c66a52c59cc9586883,379.0
e7d78126dbaaf94ed755304738b6b645,379.0
6909f4c42279489774489083cc9f314e,379.0
a904ff020577452eeffa659b4fdaf1f5,379.0
4c1ccc74e00993733742a3c786dc3c1f,379.0
9fad0cbea18c67d95c21db7c76670226,379.0
cc3bdf6a182c405c2503f77648fafc2a,379.0
e63d3cb3e05d2867f4e2dda6d0fbdd8c,379.0
fbf0f565facbd923b2ae193bbc532703,379.0
abf76aa21a6198821da8147c49803f47,379.0
e5898fa2179302b68bf36be7eaae193e,379.0
900f88c22ee76b9f34fe901ce2478915,379.0
3b948253b335dedfe40495c177e2addc,379.0
f0e3b37d5ca2fc5c28ba3f66c71a3aaf,379.0
8f1a8643c245e8b74e2e6535ca5c4e19,379.0
1e0cf6a24bb919d69e632aba60a69ead,379.0
6b75b04a00f135feb0e4605f4b62359d,379.0
fb7a67cc5d355f166b37799b82938c1a,379.0
989f677f902616c785e3681d2fe63b75,379.0
ace99095377fd73ab9b5e642fcdae97f,379.0
5a65eb00a924ba21a2a323650fe0a070,378.98
6f072676854cc4e79618094488c8c854,378.97
b42a4aede5b355ece8a2555471b962b2,378.9
bad1653658d184e1c4dabad107ab9cad,378.9
9bb41b35087bdd06d3fcf23b63f7dc86,378.8
6844960ebb21f9cec6a75994bb89033e,378.38
8ea09313c0ee536559d17faa08b62eb4,378.38
d1bbabb3e3423611877e48e9ee631bfe,378.0
245e4aadffccfee106ea93f35677a9af,378.0
aa4178995eb97c7a31f3133c5b244651,378.0
3465815678642fddd150c74f20f98f0e,378.0
21239b911af74450df7b0ce5b78b39d9,378.0
85f5996744b30a3b1556a17b3c51ce18,378.0
a2d83307160c4d1a516a94fc52ff4a46,378.0
59b1ec87fa0a8d2c630672eee38b8ce2,378.0
37cb538a289c48e58289faddeed638d5,378.0
919898139ad85605b36f05302f908a95,378.0
3318f25e21adfc925030d4e0d82833e8,378.0
2572738e77279aaac9c5c15620166859,377.9
e94d2f91c273a61a08d717e87a68753e,377.9
041c262f0425215f79dbd9ff70e9347f,377.9
439f42a3cd2931ef5f1bb20e54f2357d,377.0
ba7397e46515dbbd9aa50d5a80ef7a9e,377.0
2508e77547922a7911f976225b310043,376.99
502de0f9e9835ab231c2851acd163376,376.9
8b80508ca8fde5f321c72311ff936bb1,376.8
b0c22a057e308ffdd32ce03e1734aa62,376.2
672a1794441f53ac1295c2e82ec4ff70,376.2
bddfce786b61788648666c87e2b309c0,376.18
f4c527f30d0af8124485642436b910c1,376.0
b741c151088f770a5189db10c519e937,375.96
21026fe7ad0685000278df7ac7f6ca7b,375.9
5928ea9c80d9614d8a17a6e4f13de9ee,375.9
4471480a2199c933b05f842342a6c57a,375.34
b0ed56e6e42c321562aaf124ddb846b1,375.0
8e10fd41ca69eb3563b001ac880809b9,375.0
259d4795add79a2b1ea46f0210db8766,375.0
95c6a5a5a86b6f51425d48aaaf25a05b,375.0
aeaf1fb7be72ad24e2d1402992ca1712,375.0
329b7eb09d495661adbfb762e90eac15,374.98
912da6b0ecc828b92d429a4f36bcdabd,374.97
8189dee099d3a2b72eb21271c86bb794,374.9
43fe60e7ba431636df6e1c7414c2b17b,374.9
75db86952131820b90d0a7d574f23a3b,374.9
22a3b0e62211d8e0e28e374ce3cb6041,374.9
02822ed21b96d3da2f2b7acad6b0d9e0,374.9
16723834970d6241faf5d1899fff6459,374.5
bf52f0d94c28f425403dccf42a0ee662,374.41
b7afbfaacf57875386434a2830492f10,374.4
8655fe7b7fda80004fa4c9e0cd65cd57,374.0
7d96202874e65d22c7793fb158ed8495,373.98
f83edc56f1e9954573e8e33d640d9707,373.96
7a809137201538510f118a593895636b,373.96
e1942da860849abd3a3425a102a2e18c,373.9
1709a272f6e3e3df4d66a7ce04df27ef,373.8
2469cf22e7ce32bfe501b0e3860e2a10,373.8
8ef3ac951609d325e4819c0184b3b397,373.6
835f8192fdb741a6c0653eb73471852b,373.4
aebec5ede7a3044cb28bc1e1a36c082e,373.4
03952dd46963b39ab13db3f9ab54bfd0,373.4
48ce8cdeb8bb76e0593b9fcdce0b453e,373.0
e6cacbdfa154a7af5a5fa3363ca2209a,372.84
953f3e71ac48c5be1925cfdb3ff767bf,372.84
8a5bfb2a4133b557df91c46ab115fab0,372.84
f17ba9b74a4b4ee418c1077e6b363b3c,372.84
d0dcfb2170fef37e3e3804fd0f51f761,372.84
7c1ff053ffc866248a4a52626a541f05,372.84
a0c1bbd0f275db18373071736a2050d1,372.0
b20d152a5e664ad3eeb7c0095a72c053,372.0
4e6e53b40a34fb9bb8c73b2fb77e2952,371.7
ad999ae2c0841f2ab53e899193d1d752,371.62
ecabb42f176d5f366864bd4ed2fff95e,371.2
c4f5786620762dbd61ce2ee9a532a5ff,370.99
7c441e540648cd237ac925f7a2e7805e,370.75
efddfbc145b918ff26003947b617fe70,370.47
021d6c6614e8f9ad30985e8594bffe06,370.47
e00a6aff8899f38c128b081e5fc9b0b3,370.47
2ca80df8009eea2c3c8aac6655e7c2af,370.47
d7ff70ab374c804ebca0bd85bc528a92,370.47
9a2c29ec1dc69081f67b635a67e36231,370.47
9113d7df5ef31cbc1cea9dec01e132c1,370.47
ff34f9709f14bcc2edb11bcf86941751,370.47
4436b081dd2bda8791753838e7d085b7,370.47
e63a97bfe57b10b6d55aaf63c5da7f2a,370.47
8344d6a46470022a952cb0eaad98b5fd,370.47
c76b22e8e66ca9c990456b48dcd8f64a,370.47
bfc48761221b04268c51e10b30855efa,370.47
315cc3a08ccf817f0ef2437d5c57bace,370.47
156db31b57ccd5924af50ce7c0493aee,370.47
7b8ca743b2b04c1df44904c65563d578,370.2
49ec2c948fe1c1c0c8fd496ead6c115e,370.0
6427d03ab887d0eaa03271f68550c277,370.0
7fba8c8ef56a05b3b0668cc1cc3e0a8e,370.0
412f5c0b538eee4c424489926e281ed2,370.0
d8e8abfdd5595791e6839dd57db99559,370.0
24d46169d90daaa687cbf122c3243df8,370.0
1a690c199a6496cabdbf071e3983ce68,370.0
673c306944b76773b1ec7b6714ea754d,370.0
e849fcfd6396b2cf32fc9c7f38d1eed8,370.0
73cbcead38309070bf1ad4ad60c8f638,370.0
f01a6bfcc730456317e4081fe0c9940e,370.0
41dcb106f807e993532d446263290104,370.0
ecf43435b6c5746cb38e49229ea85559,370.0
4426e551bb8f71cd39ea13d731b82f0e,370.0
dae10c0f760f9a82914492c93da3de4e,370.0
c576a1a325ba3b60368566f78dd51aa1,370.0
c09557607b4707656905142f3e80c1be,370.0
def035a499140a603a98c86bb4fec328,370.0
0218c9f09de820db4903ff5ef7d27b86,370.0
c4f47317fc0d0ad7ed8924267314064f,370.0
9026aa2a4b854ef18f281eee09434801,370.0
b7fd83bf8017a1700dda8bcc37199759,370.0
2e003756577bc36a2bebcec7691376bd,370.0
80f5dbd6c402fa67462768a508de4168,370.0
5672aedd63b647c1efe483389f89ac2c,370.0
fefa91acc814aec83681c20fd5bb0b50,370.0
797cb7ef7b00f30747b3b1eb2c135125,370.0
b60c8a7001e92a90beaaf17b93347e31,369.99
0f30f95a3b35cec6eb5d7b1fb3d41ba3,369.99
cfc717c6474d14f341aff6a633d59df1,369.99
637b0c3ee412e09ba5e46702af44ebf1,369.99
1d3fbcfc317d07fa4acde8ecf56c3dad,369.99
c9b2464c27827cd5bf7b2e9865bea1d8,369.99
85154b9d364ca9eca7b46775811dac73,369.99
423f4e3813558c94cb405a508fc9467d,369.98
249aef511c0171483eb06077c8a98b65,369.98
7fef0997cc98db48b91fdcb9841e909c,369.95
012b69962ffef2be728865fe6a90359c,369.95
31dded38edbb8675e3ce378703219fd4,369.9
dd330df40b83abc9645d38fe5e56ac85,369.9
066a9e746ce5eead40d2afa9bccd3d7d,369.9
6e7b0f93dfebf606621b18ba1bbca33c,369.9
f6e6c22f0f45f1e57d6eb674bc6fdb3b,369.9
51485e00d58dd4f20f248c9b33d6b70f,369.9
247afa8ba3089c7b589a4acb3488aba6,369.9
fbac5b3de6c71bc5b7a9353350ec342a,369.9
e981a08085b8bbcbe96d89633f1c01f7,369.9
829712ebcb9948606c4a1665539a8b4f,369.9
a328e8121004e1f8b62703b8bd849b7d,369.9
43120eb3c2526e5eba344d7b8514c7a0,369.9
327d7f521d79dedd1ec483d0ba129414,369.9
2df21fcdbb1fcad8f6edb8c472475cc9,369.9
5f1d84b91a9d31c732191a8ee84d87ee,369.9
95352b0833aad8e54a296a597fc84dfc,369.9
ef95061d7fabce59a19b991b10e9bfc5,369.9
8f109845c8197564f9469ac655ca065e,369.9
0308c8188ffa174ae335cf15234bef98,369.9
f262d6f9c2776b354037bd7fcce1a70b,369.9
443848fbc6823a721e07a9749cf86875,369.9
014693f265c4f52b8c1aa9eb8cd197d5,369.9
e3e15018bc86fcb22b899d6c9306c1ff,369.9
aca1aabcf3fd1d0efb08cc866cc5da77,369.9
8551f78cfe666ca6479329b4637d3582,369.9
bc1cd5120f7f6894c5164a38d880739e,369.9
3ee66d65dd46cf1a5839e7198b9eda59,369.9
1298e3220772cd4ec57add9b5a818e5b,369.9
8dcf05d11f427a8a1e5216477f2b0460,369.9
7b840357a6fafc45003d6a5fa78ff3b3,369.9
8c6b10b3bd5812f54ca14f911a7aaa0c,369.9
27e5cdb720c2a01a7a595dc0e29f6b4d,369.9
e343ad14711724b0fd9b239b534cf4f5,369.9
7ba7a7ead798304838e37ed1872dea66,369.9
3ab417ebff3c831e7e9b12cc926a094a,369.9
e55227c80ca878dad86e6ab873b52f8d,369.9
de9e3c9d829ef18a5808b0077ed751ff,369.9
ea1bc3331c40786bfecc5b98eb2cfed6,369.9
452244dbda646faab3abb99c86d2b4c2,369.9
aeec91875fccf4f111dfb8ebddb601c8,369.9
e00d5aeac61cd0816aca4d448d2e212e,369.9
725ba0268900143556050bd3513a3369,369.9
d31aa14d83534a9e149ec355751fb7c5,369.9
b87639f5efd3e2316dca5dec5e2f88f4,369.9
0abafbbdbf470bb4d8b867ec525f25f3,369.9
79f25ca3e3ffdecc5ff884d8c2e61dc8,369.9
fe886eb588842ffebbe5af67cb142a9b,369.9
318e722d21f085a9d5cf18daac489836,369.89
040a6b33a803ef269d0bf0c285cb2390,369.89
7ac35423839341a44c95424351311093,369.8
79de7628f4e126069110cd01e0cafa0b,369.8
dd7eb6ecd787c07ef08423cf05c6e56b,369.8
94a4c7499ff88ad181b737c00b46baa2,369.8
1f182a50ea79d8162b40da2165960f64,369.8
5156283c24fef4abea13a6a6f4469a98,369.7
4a56f58eb3067bcbc9908f3edbd69658,369.58
743c5104f424516afb18f53533e4d11b,369.49
664feac03a82f2dd6e04fdc6d9664df1,369.49
2b355922378307d5b5aedfd19a2882a9,369.49
e63417634e8ed5d4a0ac4c2472659e07,369.49
995463cc3940449ac2e89e8f9df06d10,369.48
91a61266fcdfa17c60eab874c7f2ad15,369.0
a1b26ac54f5a3c6aa1a0e6c70222e491,369.0
65482c71c7e59c98916d30350824751a,369.0
60920c1afcd23c82477411c6d121225e,369.0
aa76c84a162fed7b8e5b935ce4ea7533,369.0
7a22c778c1f161c7afa6038a8008135f,369.0
628dc39381786ac5f638abd41f96f35e,369.0
ad9439bef45682118667887e90404479,369.0
e1399f4341a6626ef5072e449e2edac6,369.0
7e2df1cd02b3bf50358cbd49758f3307,369.0
f5afca14dfa9dc64251cf2b45c54c363,369.0
d28fd2aaf46d8a2b952fb36fe8aaced6,369.0
9327c23f869799b09aa3579c3dbe3516,369.0
1d0436d51f94ba63899c1c16aa7f51bc,369.0
263267862278a76cfe279454cc9c8886,369.0
23012255e10b4c5601ddf2b3de9bb3e0,369.0
bf4f419c2751b868c3d52a4d4bba20a7,369.0
c86d6f7e3ec3afde83e27950cdcefce4,369.0
1f13690f8784fa3cc097df70fc11827a,369.0
89d946eaf7ee40ff05ab5bf1e4c82bb7,369.0
185f6a4579e6c10122c789bc38ba3337,369.0
c0a599a259226219c1ea0d3b8821ca54,369.0
ffb2c4cb583610b7d2e39ef0cce0048a,369.0
f0bfb0e899e6c59163c3d76819d87128,369.0
b15ae4b21fc9d8d66abc3083f1f6465d,369.0
bc8243e47010a6d224a5fa1a044270da,369.0
22a7b639ea009c1e430eb43244204bda,369.0
4f4b3ffc64e12ab86fa70f6a4071ff5a,369.0
3ee0e8309e4c1f0baef48886dede4e75,369.0
d9919a807634bcd9e9e474117595f7d9,369.0
482e05dadfceda1d9ab8cd9c6b5279f1,369.0
b8e0eaf8dc01916ba959fcd6f786791e,369.0
c3ffeb9c3087a76ea3ba49071efcb175,369.0
eed8a1ec0be1729660683e943d605df5,369.0
c13fb77725debf9be5e88e59125fbb0f,369.0
11e9d0879e2a681f8c73e99d56c8c613,369.0
8649595b9d01b639788a38ecf1a1ce06,369.0
95a7881d2f0097b979044a33f69a513f,369.0
b440b8f4be0a7c4ad88b7b82e441ef5f,369.0
670de4316291fd064c67a6dc89b10ca4,369.0
2437896c0fd2db6eab2c59f5e47be2ee,369.0
71eaae96fb41c592ccc7473f6ea3e917,369.0
3303404d891a25079e25394503ae31f6,369.0
6e7bc0b4093e18eca545fb13d408a9ca,369.0
08ae5f06d0fd2ab8acb2fd7263ac0c9d,368.9
415318e16cc2f959d7c15cf63f127956,368.9
213083b940361e8f479171420a9a71eb,368.9
cc3c222a968a1019768eb395b034953e,368.9
496782146406bab80a5e892f3e27eb70,368.9
96593bfdf740ec98f80d3514e2c017f1,368.9
51bd8255edf8ca47a3a6b18bb24f92c5,368.9
b4f19e979072ee328598342b2db466cb,368.9
c440fc4fd60fd9083395f183aada6d4c,368.9
c3d67352aefac1d2bd3bb47b12571c29,368.8
6dfbd0fd8391e9ae18140ebf6304989b,368.0
e883746cca2af594a80cff75d60febe1,367.94
26e3f149ebb280f754d415146ab0ca52,367.9
1abebf6a7dfb10754a6ca0230df8aa02,367.9
b078a7c9a43c06c915270648b718d931,367.9
78c6ca3d7665d9763e3b7b13de57ddc5,367.9
b07f35a608f8d819007039505a159462,367.9
971f335f648423cc90e1110e518de75d,367.9
71101af8b27fc2fe7273bbbbf695d546,367.52
12a46f2f608edc0e101b843357ef9344,367.52
5d9c4fa98b6581a8b423c21a9b9c42da,367.0
89d28a697e06293780823541368c0025,367.0
676f55d05b1059070b493c5e9e741917,366.5
74fec52b25cd89db5c64b3ad5a7fc425,366.4
c3407c4d129552dba7791a32a5ec8e27,366.3
1eaf911d0367602f4f9087353b3af6fe,366.0
a6f038645d3eff61a237fd66e007bce5,366.0
2cfd59e81258af0f2df1cc80b3e7b5ad,365.99
96a29a72deccaf02a77bdc0930c21f33,365.93
a6863082cb6717d6dd66a547a62613d4,365.91
3e13d7562141418f00f431202390536c,365.8
478d1ae10b5cfa37f148adccee44970a,365.7
74dbd4c0c3f97452f1fa68bfe07b2485,365.56
a7c552b93d46c518aa55f41e46cae77a,365.0
534525d2977800ab718182e9731f540b,365.0
baaf1a11dbfaa1f27b2a6560f67f1eba,365.0
a2c8fc5cd7c3c6156ac720fe58ad4206,364.99
79229963a48b041b08e8ca01c9631817,364.98
dddb02c034b32280ebb8b9f74ca209ed,364.98
f93b631ae6e592bbe9dbd11ad77af237,364.98
b9327bc06bdba60b82aae640ae35c41e,364.98
ab923b33a7bb81c8348b97b5276ab0cf,364.9
fbd19defce4fbdfea33cc71a9a1b8a38,364.7
138674c802d7dcec4510a2f331a1db8f,364.0
80b39f9a692035c0d939375242786129,364.0
531007f593d969d28d20f8e3ac72db15,364.0
cfbc12247b1b918d42a5f0f1094a86b9,364.0
c6747b392110a7fba076c62c67425a35,364.0
38c0e22834675c9915d1658a60101390,364.0
4476f06eb0d6308ab0f681b6f07297c9,364.0
f68cfaf4a6855d3b1f631852dfd2b2e5,364.0
aaf8739dd1632d44d51e010a52695f05,364.0
247f48f9a68755362074467acee8a242,364.0
4ff06273ad2be01eeb93e0a2e4babc09,364.0
0d467715e924fa694838cd2fdf73658d,364.0
cac4524e1e6714ef3fdc324fc0f86cfb,364.0
08345c45f60f7377380fceade8679400,364.0
6370f296922c213b9d42cc710167c263,364.0
07b6b4fe5fefb948fc76b6d2bdba77d8,364.0
d3775d8d2c341f2d6d1e52ec4218b607,364.0
e2f2b94effb9d9eab0905a9b38b35f8e,364.0
3320ed85841fc485a835d35402ebc469,364.0
75321717fe3af2a3148090d18c699f9d,364.0
9f24e442cd91c1da583a59e4da9a7533,364.0
df7429c93b45154990b9a0d40ada45cb,364.0
60eff00208ce766f18aed247d50c4cba,364.0
e6738a8d4b16b51667800f867c24d444,364.0
42dd96f61bdf4275466cf845a61d184f,364.0
ccf774b91d3599a07386dbc88ef7dd4a,364.0
917f855fbbe10aa3b268b6f636c20156,364.0
0b9e99e458210e5c7417a8bd7166ad48,364.0
5174e3dad6d593069f1fa575d9310e6d,364.0
5f48af50fd9393286c1016a7e62bcc1d,364.0
7278b5baca0464a3bf8074b8b5cb6e6f,364.0
4e0978b1692b2e66e9537b7a2e595ed9,363.98
70e00a2e944e61bee44f9a2b16b3c35c,363.9
8314485880de9173d0fb899263dd2d36,363.56
76306af3efc88f9d066b361e6597ec0a,363.0
3f4e232392aebfd6eba1b4e785120bf4,363.0
1ee92569128ef615966b47ef4ba6c2f0,362.99
d14c86b99a98e85b5c256c081e3cea03,362.45
906240da12be29400c2914d820793e4f,362.45
bd6415726ba4ca2aeee0ab3ae08bd1cc,362.45
5b5625a89b6dfc6ba038616ed576b7da,362.02
4377320bd47b03d9a6fdc797da4a6cae,361.99
a6704229ee78d78d49f01d64cc546bbe,361.9
611018ac0e01d2dbf307450bd9ffd29b,360.93
eded77ccac4e612686688d987ea8f1b0,360.9
e1848973a1112ee837932651fd29470f,360.8
8c0029b3b74ed5349f7f4e43cba41b72,360.0
b39defc25f6136cf6c7ebac94e4ba2b8,360.0
4e925410d560e1beb3420e0dc2424526,360.0
61de05227162194a72ddd75c0b8ea706,360.0
53c554aead19ea0f3be4a75e0a2332bd,360.0
da61aea27c54e14b9063af7292f0e4bb,360.0
8edb93cca5a8d190789ab8aa6f415c9d,360.0
39256804b05cde32ac8f5ed003645f6b,360.0
756f996447639ab93df564474cd24124,360.0
b58ca9769b50b9d05020b15fcd34447f,360.0
bd7f3abe8cf23c1f80aff58fb4d12861,360.0
0c4aa71dee29939b7e8c95cf38265ab8,360.0
55e2db26414f3481723018e15279c9a9,360.0
6c1e92a209dbf868706caa831090941e,360.0
3fceae1db8d9a8ea20c73ebb3348932e,360.0
ac5d6be319154128b9a3bbce143401ef,360.0
e54901a3daa7ac6cf4ddc39ffe36f174,360.0
80bbbe390ca6d4bbd1d21f50093e2a34,360.0
a022ce2be66d62e89e6e534a29334da3,360.0
c9802360688432c3bdd2b2b29b3514d9,360.0
99c1966fdb2c3e60517a68e87ef4a1e0,360.0
53907316d49a89a9622e466cae140c5c,360.0
97c16231065a73051157a67b66fdf34f,360.0
37566e2c7b3fc323c530b838b0178401,360.0
3403049a0b038e1ea97ca2e93fd7fd7a,360.0
65b0103c55d4d7f822560f2635080a18,360.0
c01636cb2989108146b7c17f2ab9ad21,360.0
75c4bb4fe41386400f81e65c63159504,359.99
3b39dd485342227fd54dc310a7af6f81,359.99
a12365591fbc4f0ad1deaec3bef23605,359.99
5b313027017c6863751547885ba09d21,359.99
a2de903735be6a654fcee8084aaa57d2,359.99
8ac5f605232e1545d43d7a0dc18cb477,359.99
74fa527aca584a0843047d9ceb21d0e8,359.99
8eafffbc006c6986450ed2a5e6f519c5,359.98
d1a7a58bca769116d3a13b423bd6530e,359.98
08cbfb49c8d3d736ceb0dce51d5ba3df,359.98
8e92ae50666d4e5e87ca29cf4c6d54e4,359.98
16f5cf0023d5d11a905dabc8ffe04c02,359.98
b331b74b18dc79bcdf6532d51e1637c1,359.98
6d5173a8779c07d167c7479fd036717b,359.97
820b5dadc730944903ac204cc797a441,359.96
df6c931f10ffbf16ec1b2b1056d53f7f,359.91
d0e6cb83a3fc27f56be011b2941f54c6,359.9
4ee1d053f8bdff058f96e04332aaf39c,359.9
64cdffaf30a5eb5ac081ee4ebf582547,359.9
07a09de7be7dc41038159430e5e9cce6,359.9
c7e36e97f12db1f22a857dd5d6e50215,359.9
752597d371963a01b4f6999eab0aba7e,359.9
c8b62abdf38861f109dc76c431ae2267,359.9
a938c9d9100a63faa355d2286d204d7e,359.9
00d8b72b2807894a9e5c690179132819,359.9
9b9e283a902cd243f92a021fa9dad55d,359.9
874ae74954bc8564ba82f82ca77a4526,359.9
98bcfdbfc353e97ee082d8ba2f04b3aa,359.9
10393ebe49b1afbc4ae8a0d428d051dc,359.9
e99710ea43d809eeed53ce8abdfadd7c,359.9
cd0b95c681c4974d9b842417f91bd6c3,359.9
482868844067445d78b5e33ed6bb2983,359.9
b2b863015dad63b56e3b9dae12d52f71,359.9
c33fea2ee6ecfce97805a9206d0b72ef,359.9
dc0bd4e5d1e706773e212bd572996ec9,359.9
1ada5f3f39281689dab50b560ab83862,359.9
4c35c98b5a1affc77279a0d51c4e4975,359.9
0adc4805de3051fab8d98080c6cb2775,359.9
26461ffe192531fc2d31446b79c8bcb1,359.9
ec2a6b0471bbce78bbd6c19a9ab063b5,359.9
53ecf8a9f341c7f16827509a7b754753,359.9
8f0b5e2b29d170d022d575a3630b429d,359.9
f0084ae957a65d0147411c9dd76b0804,359.9
6e15807a5d74456cf5f90cf879bcd7f4,359.9
1622d70ef3cb92db3316803ecfc7671e,359.86
6dc2df445e3eff17ac265b74560f93cb,359.8
a2f887a154a4978b280e0430deed9d05,359.8
24b168407182b01edc578f21c2dfb981,359.8
3c4e2b2e5c5580ee9c48364f86c51263,359.8
e4c8227df878d2e203bc81fc1351342f,359.8
1606ed0d8cd1e54c9edaebc875deb012,359.8
dafe240fa4132e5da366caf9f6f9caaf,359.8
b1c4bde077e0f4f75f8ea179373ab393,359.8
ffde64401f7cb62d2e8696d9467c781d,359.8
043b1864088fd7fe08ec3c39c9a28f9b,359.8
d95a81ea868bdd86e57b8a551862f3a3,359.8
3c628393675b42c6b5ef89461f68ecef,359.8
75049e113d5db07507bd6ac4cc33f46a,359.8
df0d4b8e8a3e8db72951d7559f3bda46,359.8
fc7cef7a658fab6726b33a3c8bb3894b,359.8
017ffa5794b42a3527159bc0aff69a62,359.8
7ff0e2983908917cbd12217e27b6dfdb,359.8
e6ecc454173ea784b7b4e80c55c8f20d,359.7
50ccf61ea77c231ba7bf387ab5dbae8c,359.7
7a7c03568e29f4605e807a6d5344e72f,359.7
ebc3b08c677f9b7b302982773fae3dbf,359.65
a14f6f687855527fdcd29e0bef8390b7,359.6
2f66dd76c152cd335432a4f0a672d536,359.6
a38a9ffb610562b589318c8b263e0d5b,359.6
2980bff7375d754e10a2a4e73e9eda0e,359.6
bdaeccdb6aca7bd9cfd7a53ea93b41cc,359.6
575237c653bb998e8eb61f595297fb1b,359.6
13fd7ce9f08449dec2533119379a2527,359.5
c9b6ccc9f42e3ac60bb09a0f53a09973,359.4
44566495148f3f497992e83442761f82,359.4
fe25a8b8eb9ca365ba5b01f39f7d0d00,359.4
2ed8567c7952b9d78d2cda0a0679dd6f,359.4
887c7d62748394a839bccbedc3175ace,359.4
13b4a30f07976e07d146e1d615f0812d,359.4
8c9b0172c7793cf0798ce58ee3bfb94b,359.0
8a48d765503bb8a8053e646e1f08b3d6,359.0
88ef0e2bfc7ec1662601694e3c90b584,359.0
d664f8d675a8c76c5ab388c2dbe288ff,359.0
313825356d816b54b2c6b55d2e934b02,359.0
500f22fc596ab5a23d2e5ce64ee64859,359.0
0987ed023b037114d6e4e6744f2152bf,359.0
d53b4f45e70cf4ffa40c191672179c64,359.0
a31a8d00b52139bcfd70da02373c88ef,359.0
b1db5d94490687ac415441231056307d,359.0
6379411be2963d9a38b9741ada4a016f,359.0
5f70b88d3ca33ef00c753f350cdbc83d,359.0
62da25df6b23b7d0b851e21877179db4,359.0
c1a6465e411652c0b17eec94d6b3699a,359.0
fb558f79a0f989fd6058c737dae26e6e,359.0
36fd65d22406eeb8543456a17187e97f,359.0
88d26eaf6d13a645becb1e10db21666e,359.0
82e5f3c993ab34fe01c61b83e0bd7efc,359.0
ea846bd28376b61e0da78638d96c5931,359.0
1052e334b46dd1e9876946d6372a363e,359.0
f72799af1d2b8d7b0df5179db6c85128,359.0
e8819d4edc69f65b7873e7c4d458695c,359.0
a0c8900e3c9534021c33b400989cbcaf,359.0
900c31b5ddc6025ca1ba5b23c589956e,359.0
3fb82efec3774a589cc62a4912eca2f4,359.0
d21cba822a29720de6a03abd22ba057e,359.0
2719db22601e7614daebf04ad7bc104c,359.0
19eef015d1a30b6ef039a81c30ca3ef0,359.0
38003f9c1d0b6520183fbf6f25c4d6f6,359.0
185706f394240115d64c8e348e55304c,359.0
eaf14ef190b83a2e0cb7f72835d5c5c3,359.0
9b5f0ef5de7b703b77e1131e68263de9,359.0
7082edd9f78fb9d07560b4f9d65f7095,359.0
1d6de342db49ad620ae9d93fd3010cfa,359.0
24dd6be58b4717018fa8062703561b76,358.99
1edb8e8410d5979a74abb4c22590c994,358.99
c0a731ad99c2f4bf26d8c018ce90cca8,358.98
5840ca4dabfc4e4eac43cdc7123390c5,358.98
af34d61810503cb4dccfa3bb75ea0444,358.98
cd5099b0fc495ab22cd35f7a060e395b,358.98
7c6a9e2bdbb00e3007395f1ce3bda802,358.92
d5c0bbff8df7f8d50e94e5fab3272451,358.9
0db624494bc34733faf2f68bc0384e0d,358.9
6ee8c83b8e23eb974794dd012c4e59be,358.9
443e207b18b61cc623c28d357866ea5b,358.9
80a642de6806c151665d98e30889a5d1,358.8
2cb34326c980c574f12aa7ea197afdbe,358.8
b5bf62f40eab9d069c94486fc3c7479c,358.8
4d95310e7834918e1575b9e9e456bafd,358.8
a3e063a0fa6c25bbb150f73f9ac2ff91,358.34
969d28cddf017728e3c7319fc2b16288,358.34
d5b976444c9257b13cf100dd0933cff1,358.16
d4ca0e62bacadd1061d6198cee71847b,358.0
48a40b0cc080812a5e77d16d4e74abde,358.0
7243da195433b48139d52f8fa9f6a25b,358.0
4b833252f42e1ab9debe39b436f2222a,358.0
438cfe36b53de47ae14cc3e7185468bb,358.0
8a39ba1fb8abc94cc279453bce49038c,358.0
2e9688dfc26193a7c2bbb6717beaa13e,358.0
ed7851a33e02f8d182f119964879c111,358.0
a7ab0106cecc1a6a3a73465346876ea0,358.0
5e52ddc89386590ee44e041c06f9b341,358.0
baf4e2432cbc16712f26928d45e69c9c,358.0
81be06e75bf1452c084bed698f89af1e,358.0
0b298086e30348fd0f51d04485f4a876,358.0
0971e2b38bc165dd8bf1b9d24a054890,358.0
3f6035d88d2ee5171416f3d55bb1888e,358.0
46c8678b6afe29d90d3142f31ff01791,357.99
10850253accfd1ee47d065a7373498a3,357.97
40d877a4b785951fd15560e5e9d60625,357.82
d0219f095cf2adce221c9a7dafcc66f6,357.8
912f108a7026f25f99240a5c4c60e2c3,357.8
8514e0aeceab9ef5bc9c2e86392cd6e6,357.13
e89d9baac0b6b9fa7a520be393ff22d0,357.0
4d3efa9f79cbe7f9df1a06786b3415ce,357.0
151fd668ec7efbd0d623655a0567050d,357.0
4f8516b15cc479017fc06b893d7ecc70,357.0
9b2cf59573a725de29e6527c1e123a4b,356.97
649ccc91c147ec069e6df8ba5ca3ddfc,356.8
7100e029840cace5a1d56ccc75b83ccb,356.49
0641b3bc0019d74041048b05c3ca68af,356.19
8557eb2ca315c2368a3bc93748fe49c2,356.0
fae219e52f95e4351a37293dbe40c1fd,356.0
aef26d1adcb6ff2f6028399cc3da4a8c,356.0
f1be02745fc41b528c22e2ab3da6941d,356.0
0f08b80da14cc5ee19ccb36e9cfb2b15,355.99
e25c42203e27abf33139b1caa9ba1990,355.99
b34dffef04a2e8ecce637601e7733dfd,355.98
fe8ab673369a385622558606f2c0e4d2,355.94
86af5061988dda4f033b6fc18619f4e4,355.9
41d14dee386b72886a52f91141c811ed,355.9
04b7d26bde4f2d2fee0043ef81e664b1,355.9
9bd6c5fd5a674475ce62d2eba940d701,355.9
5894393ffe7a7ef175d8da5852e807a4,355.9
52dee0d644b6d10016569eae238ebc67,355.9
205a1b52104efa306fb9a38c0cffdace,355.9
3d2b9ce5685b7810c56c6b8babb0432e,355.79
4efe40b9fdc01c9a7056e25969589d5d,355.6
9d151c7612fd140ebcafd620491a17b3,355.0
b6615ef3680b677d2459723631d7cd3c,355.0
4516c8dd6c911bba5d1f66f5a6130b75,355.0
d15f971f3eadef2a876f65093efedc57,355.0
86025340edc60ca36327c4169f070f8e,354.9
909581047bbcefcdb301da7c5ce063f8,354.9
58a549319c3ffcfc868efa613016466a,354.8
5db50b538a063b7d3ebd5fbd6e6a756b,354.48
24019b02ac2d57c4bf8b1fb47d4d9682,354.0
72e37d94fa84af028c40dfad2ae4d62d,354.0
cc7f125c5af9a10f69d05186b36fdf3b,354.0
2fae54536dde6fcf04a52571421e5813,353.92
4ed048783cb2d8be6ef37fcf4ac60efe,353.8
4d00eb0b76f14e173b2a5cff5c839198,353.36
017af68734338e58b5925665038650ed,353.14
ecb88f4dc2cb334203374d9ff39cd818,352.9
71b06680c1a73b4477a3a43863284cb5,352.52
99582de391dc1de0e31cec0aab41f2fd,352.0
8ef6dd55cbf50f4b0aac10b13beb920f,352.0
ed728363e0c58db8567c81f26af370ce,351.98
59b42de1617fdda0b327375d35efd708,351.82
abbf2fa49ccfaa5f8dc7e309d3d7a767,351.82
1a4eed32aecb25c4c294408905613487,351.81
23090a6b2fc85e04dcd36563dcfa1af5,351.81
fa23ca3880fe6cadfe125c7d79c7b102,351.81
52c07106716729bffe2f72c475688380,351.8
1ecf434b5a01864957c940be8862e457,351.8
32b31fdf720f3ddb0ee2822ca255b7e4,351.6
12e7704344fbf19e9fad7fde7d56396e,351.0
7c5b076d0e0538b3a1d4899bd25f9545,350.97
0e240f6e253b7d7646700ce3b28fe413,350.9
7a209c7e4801e89a787510aef7bdea77,350.9
14369dc96e15545d2cdf0b8e5778f1ac,350.9
cbadf6f2dd0d4d66c099751b7ad40c9b,350.7
284328d2432c45733c636d66d183dfd4,350.7
0ad5196ae2834fffcb35daba2d3304ba,350.0
8e2e23cac1496c337274b16fb7d57886,350.0
c7c105ab9b22a47c552fe20be8c0ce23,350.0
2f79757f15b169bc81438a12838e7446,350.0
10dcfefeeb0f0dfe99880248167259f0,350.0
ef39d759940cb4a9c2659c802164e393,350.0
96b14b16558d19aa27f0392bac41fd43,350.0
0a73eee582826e3f9ff1c5e557716c0b,350.0
03dc0682e10e026f51cc524d590fc5e2,350.0
df52278178b30e303f9b729c40273000,350.0
4ec889f3d9cd212d69b57bf84fe19f61,350.0
de7878989aa51e87817dbe9988aac8ab,350.0
d5c3f175135abfeee7f63c1d64882156,350.0
376a23a2a549f521ceb336b0230b00eb,350.0
c0982cbfc1f224dc1db422f982f4376a,350.0
8f1722cb7903000460c088534d233aa8,350.0
1c0914076686517cb711e05022ff9d7f,350.0
393d64cafa977bd5aeeb4724bdf29d03,350.0
7249aeebb90123d9d960c6ae79bbd9cf,350.0
6c9a5923526346cbc0bd7bbd92269c01,350.0
d68a4ad2e0e1b831588c397095a3ac27,350.0
ffab297c5f9f51263faea43a6a7df53b,350.0
b5727de8bdb9c445c8479446733236a5,350.0
a5d4658c9339e6f25f8f2e7d9b5cbc24,350.0
0d82d1ebd453d1f27f89f3999edda575,350.0
84c5d4fbaf120aae381fad077416eaa0,350.0
82ee5f0ff614d167fada2e62648ef53c,349.99
98cf5a598b51e6d8e0e169bb54bc807e,349.99
b4b9a82533213cf286475d51c421640e,349.99
356e49e06716cab5d634234a371dba70,349.99
c97dac991f2fb49d7734dce67c3292c9,349.99
d54c37dd23cac89a76322e4b2a6ab3bf,349.99
9649301a6e7a51d13c4f0b9d7605c56d,349.99
2b3dc71b4cce6a5cb97f6ebf5d6ede5f,349.99
ac1923b4dc16e2bf7b92a045b1147ad8,349.99
f96128959baa7c240dbfe33c4a2646b8,349.99
3b44203a4997aa391633c2f491958858,349.99
ba1b4a0f287cf0364816c7376ac2b141,349.99
f308c7b824f58e99202f669fc551cf22,349.99
ed9da2d95422298564f9b69b0ca6224c,349.99
d3a6febf47e02bf9635d6b8e8443092e,349.99
5b1939524fc66b1be29160f5dea0055d,349.99
30d7816f8e28564779e017bebac41d39,349.99
2aeda3894a7d5796211eb201d0714ccd,349.99
963a1bdf3457fa0fc821708aa51e087f,349.99
a1fbe4dbc015f0f3c500435cd4a4a0f2,349.99
d392810b0b45525cc8e79ba4b2286e69,349.99
fbce2588012ce30bd9bf1b3ffb412cfa,349.99
45fd70ff9e07d189b82f07ee776b64d5,349.99
2ec79b62f02fa880d65a89a4bc12591b,349.99
8e3d0b8d1eadcbfdfcce1672e70c3ca8,349.99
94736ebf57b9caceb018f767340a8f59,349.99
9d048e6eac3f6f3d1ccdf8a0f05c1f46,349.99
9d69752d450ccf0ae458ea055dbad6e2,349.99
9a0688b0e8ed035cbd5fde3aedc0dbbe,349.99
f87a76e2c1f35f26284d68c4700f185b,349.99
115159a20c6d95890cbf83916b57b07c,349.99
2cabf91af90138abf23efb7a2611dbbe,349.99
ff70b0c5553479bb9130858713a7e05b,349.99
a87809b1cd952b677ea54942cb319e5c,349.99
29a0ad4e09da9eb0e041692da531026a,349.99
24dbe914ad144e6daac4d54f3ac38775,349.99
607ecb7e5c06442a5e85f7163b66bbf7,349.99
f15d561b107a884d554a55f2c1756ee2,349.99
cd5bba0660517b2afba428633d6905e6,349.99
46fe2c3e3a512f1d45f193379522a24e,349.99
bafd51862cb88bd42d499170c2ac35fd,349.99
0f8241184942ac488940fe4fdbb6ec84,349.99
2cc496cd354395bb7a0ecf7aa14f19c4,349.99
41f3adf60028703f8c72099280dc9927,349.99
353befc5812f0f140a6b2a8bc33ff309,349.99
25bb375746821b2a2eb9d7061755b4ef,349.99
73d09f34ade23726e0b2388af3b357e4,349.97
df2e5a56b9f2320c291ae84d0b2d6df2,349.97
5038412e993abfa85f57ec66af30e303,349.97
e3e8c3f235b2e617b9bcd71516e7aa98,349.97
0d93e3fecae11d6f2348610c93841603,349.97
d556f45dce3c770a756fdd5175b2a558,349.97
231033b8c1945ce24e11e3db60faf48e,349.97
b8458ef1e6b3b16e7cf526b9669b98c4,349.97
6d1ad1d9c18e0d87079cb0cd3d21b5d6,349.9
9bc88edc94cd920e6604a97e5857d189,349.9
9fc04c616b5152752cf00b3e8c520a94,349.9
135d3f1d080900a5bbea9a5a23c4385b,349.9
6743adcde6f609c0dbc985c111ffb9b0,349.9
c0428d1a23ef4e9dbbcf9fbd0bdad091,349.9
0d3740ed03979ba91a9cb4eb6300dd49,349.9
7848f5405001b3503e14d0ba653e8dad,349.9
52ec7c76aecc393c0db44c9bbcc4aa68,349.9
bb4bd9ae44df35a367e6adb8d37faf6f,349.9
90005f3ce609c467eb968c7f7798ddc2,349.9
9cd05016183fe6b9435f5b6d3c100b93,349.9
5a22e4dc8afde7131d997459f6f7f668,349.9
4f363a4496ccc9d1ded1452aa038b00b,349.9
fc7c9cb0e42e853f8151a86deeda915c,349.9
1db3a7b88cd7fd05902c3fcde318795d,349.9
e44d9a10a0978d6c21403879bf8076d0,349.9
d4ade6a3f29c6560e5bf9b229c76f0b4,349.9
8a863458d761a9b40faba0ea98094eb9,349.9
683ea4e05524b7d01d01a91b7bdb3ac0,349.9
d6e11aec241eb7b04bc1e36d43a53221,349.9
213904d01203d2e280dbacb35c3042ae,349.9
72db172e77409b4cc768552a16548206,349.9
9b276b965cf5220a0fcfa70a8da435e6,349.9
12adcfa1159b10e015efd87a682e579c,349.9
269253c44f10c64d69d01f4308dc66e7,349.9
2856e82490b25fc99efa97f9a3c0a1b6,349.9
9f9e2a9952c8085a7fc40cb3ffbcf784,349.9
f9f48b7a817c0e55838139e7f03bb8f3,349.9
c9341f47a1c2979e035e0dbe4e28320e,349.9
3272b3a88f6571ec59d75e7201a34255,349.9
332d9f65c4a4276b63f26a7ecea2efb8,349.9
31f7caf6048c2812f46119498a28d6d0,349.9
cfdff1156078f85a811d067a6d07e80d,349.9
b169b69e3ad77c2ea0e63ae4710b863b,349.9
8efdd327f600083b9ceda7eac01ed701,349.9
7dcd626576af9555424051dbdb01cb5a,349.9
ae243ce244bd96b2ab128159a9d77b3b,349.9
66066f1de2d64e810cbaf862570d95f0,349.9
719a37a84baad6dd9088e3c288533e1c,349.9
acd301df4b0537d9a236a416b2efc9c1,349.9
d859e804a8ba7158f12531184d18921e,349.9
709a792eb53d3045dc9dadb19fa403a5,349.9
0189d5af848e550cb6e4e03419e13e15,349.9
dc731b7b1ea79314929ca4e222ded652,349.9
cdcbf23a666201575b27f7d2eeb38950,349.9
00b366712a38454d2e62c9d2509d0623,349.9
14676dd9c40ad83f2a980ac36077cdb9,349.9
dee732c17e04331899e26cad25503562,349.9
4d93c28d0b1188730ffe67454f8dac23,349.9
8131d65cbd486a0cafe7247413a6409e,349.9
7638f8b6a8a21e1256bfd5ceedc91a17,349.9
65897a02756a5919541baf6e683f7282,349.9
a75ca30b933e47441e6edf4c990647e4,349.9
790edc01cc91b3933f4bdd8f0724deab,349.9
f6ac4d64f4c7a9950486003b8bebb2bc,349.9
a736734cb89d5f365d332246ce185a10,349.9
d1b7642a6ea8e5dd0f5c4e9f6e147bd4,349.9
eaec9bc36a311d793df761fba3ac1964,349.9
c5a0c4686d4c21f566230d515702d69f,349.9
143f5cdd375fa964c0659303ee354e69,349.9
3f7f23ed8d031eb101832774a9a4622e,349.9
6c99c2743ac8c7f04fc33d796f7b93a2,349.9
e4d617cbd4195b7885dc29d5ea5dccfb,349.9
e6f5f771cdbc5d09c994f16c9af6523d,349.9
9b9c07a0eaadb3eed67732a6fc954e4f,349.9
7345796de7fb5b3566b3564b2b10f9d9,349.9
bce98ac8bc5881286baf132ea18db46c,349.9
c292a3c039a318bd6b5ca59dde196f6b,349.9
07b62dc056654759aa80c3aaa630e7ab,349.9
421050860d28ef97f7a64fee1fd92471,349.9
c7f827df881d513428043f6c8153eb6b,349.9
68c31b12f27434b3b34df858064dd050,349.9
e5af401ed4e2cd001e38f5e998845560,349.9
9bb66aaab74a7cb0074d00fe363be1e5,349.9
6b8d7030c9c54921934afe7ec1cbe2e1,349.9
9ece655f10c367e6839d25c4a46ad673,349.9
824841f5112b77c04e832f5a46c2d733,349.9
23d432ad2fda40be9a59b060703503f8,349.9
74c8468d22b1fa822cdef5c8896ec455,349.9
568e5d6c0fe4a7913f4a40a09af904e6,349.9
1a38585b7f867f8bb2823aef378b9445,349.9
0d0f6b38e873757a949a9c3624b21a93,349.9
732fd821e30b8a31ff30c0650239eb99,349.9
bb3edf2993d2101d1004787b868e17c2,349.9
fb963759c7caf6842f075df5c837513f,349.9
ea83c43088d4df128d8702adec29abb6,349.9
bad622badcfb7d8bd521cba68dfd75ab,349.9
3696a85a2220475b954ef5bcd6a1f91f,349.9
8c226d629a25b1f978d0d9755a20194b,349.9
c2a549fd103dfd913790133e8b3ee74b,349.9
b70f1d9626c60f9f1dd1e0ecf94c7c13,349.9
85d31ca96deb27c59bbb2485f64d658f,349.9
43e4c6f57db5fdfeaf385fef9ccc2d46,349.9
0e067883aba51911dac5fe2248847c8b,349.9
2e3dfc9431fbb04b3644350481145208,349.9
f0244902c07b7c0799e468218579a925,349.9
8b117077bfcf3d5f2b425c8735d78a40,349.9
145ff990454414f00ef6c1ea1ba6f60b,349.9
db3020f67ef58435946426b4c21c2979,349.9
ba1bedb9aa95b7bb6afb499b3ea3b3e0,349.9
57398bde8b086b1b3512cc2974d83c01,349.9
d621fbec7b4a75ca6a753abd248e9250,349.9
0b9a169354c3525fe15c74baee76fcbc,349.9
0a7ddabd98798908cf291b4186d1fc1a,349.9
0012a5c13793cf51e253f096a7e740dd,349.9
606ac72d2b2b2a89114d972d2e66a2a4,349.9
bfab5a9ad7cb90be9265fafcd4ef39e8,349.9
6ded389f9e7f110ed1fad6b27606bd05,349.9
882c161de9c06e182c48af4fd3165aeb,349.9
29e396638f562046eb9b8f96b88fe73c,349.9
e1e49b430a59e70670e977664c8f2f8f,349.9
e3253d6b55a81d4afc3b3ccfa71d336c,349.9
929895edb644a1fbb7636ae6555fdf43,349.9
74739c82729e0172c2449caa51f42122,349.9
36c3e8a1f8e150fde4a148578d99a5e1,349.9
36bfbbbe0a074d32bec3c08cb9111384,349.9
10916bffd55a5932a7e23fe4ab4d4b8e,349.9
7758f8c9eb07e1ce83c75509cc984af2,349.9
dcf56a1334b83afcfbc1cfeb008f38a9,349.9
d3f8e795d5282ebf466fd3d59b17ede3,349.9
a39eb3668ac2b1229860e6f13e4a093e,349.9
b348a4d636051109fff4785b47603cff,349.9
cd3740a1d2841788a785e6f1f666f74d,349.9
dceaf9dcd20fc507f743eedd7e67ec7d,349.9
b008592aaf5565d7b24c16d319c278a7,349.9
07943182709bb6fa495764dddc7a9e6c,349.9
a7e7ac71f48352503ff2a018aa31002d,349.9
d4552c5a318ffd44b6589e11cc5aff8b,349.9
728360ac750d7ab3031c6c0e377eab22,349.9
5a2e0d2d29f0a826923a5c765382dde4,349.9
073ebb17283da3efb59b430f7efed1a8,349.9
ed35271185aa3ecf2e421970e47e473f,349.9
1e74b00cee8d685addcb531edfd5c745,349.9
c230346fff00a90adc3c9e76feb5ea46,349.9
0769ee4c9b031d7f0eff70f0c30a8845,349.9
36da3a8627190be6c28bff40b19acfae,349.9
d635bacbdfc8027ef348079e8d2a9ddc,349.9
82c8c10b98b1236e5bc65464c27799c1,349.9
8598a616116d5118a03195bc239aa7c2,349.9
b077fe3d194ba4d5eb532d678e3d7693,349.9
6efaf0b3597440cb86693d1fe9aad5fc,349.9
f3cbdf0bb95fae3bb4697ed194df25c1,349.9
5f0a81d48ee9e8197044530b42532849,349.9
bb91a87e6f70b1bc048ac871f664acec,349.9
f60f92f99f0e3a36785244a2dd2836d9,349.9
1e4e56c1993be4f3be455fae5eac5393,349.9
5bde57569eb8318a2306865d06de2bfb,349.9
ff5231b8a2bfe583c3ff95675d3f4c0e,349.9
c23d89873e1409800be59042623d71bb,349.9
9e7ba5e8f54ad8293a1da0e2e458b4b4,349.9
0303e5527d4342ac7939d2bfc0f9f9e2,349.9
753fd7e7395748807780a2c7dde2bc6a,349.9
41de90cec1dce38ebecc5879294e4041,349.9
b8ad176ac832668fad192c928fe5a40f,349.9
fe415a5a1222df38b1fb1f504b06901d,349.9
599826b8e94a0dad152807a142fab2c1,349.9
297dcf281305aabfee256d313076af2b,349.9
94e5dec6a70d4203e76e8dfbd35706ac,349.9
a0d7a9d56a9a9c596f5d507355c191f5,349.9
25d1a8eaa40b155630ad44faa4b38e40,349.9
de606951e7f41f79b9b145da7a1a0f4c,349.9
9cc508ab838e2303299fe5c9d97a2704,349.9
0b524da779a488d1550b3e717bfe03d5,349.9
b4102b1f4dd2766f109baaebb5a946e4,349.9
922955184e7e92d55ad006fbe9f14d74,349.9
4d7f34d701f198e39e1c0cd92c3ee12c,349.9
5c140943cd9f2d77b57ac1eaf00c6ccc,349.9
3fbd3e4c9da144d5d3c5a72a5b18cfcd,349.9
d03487effbe8d229d2a1570825e199d3,349.9
05210824bd5081b43f29e2ebe91dca02,349.9
f25d251bc15adec897e5564fd00cf39a,349.9
11d4a055ba1cbf1b63ad4d0bdd30934b,349.9
bf1e12f33a27ed17f638976df65d89f9,349.9
9a26a1c5188c5c8ca9c88f140e0a8697,349.9
6e8e5adb66c2b98f336bd6e9ea453b35,349.9
a4e7d860bac96da229b45c35cca01ac3,349.9
8c4f09a5ace23a2be2cd287d2e6608a3,349.9
b5e614c54cf92b1c2b42b22ff9f6e79a,349.9
cc3220c1a94e94ea654389fef37e18a4,349.9
12009d13a46cfa0b24a454a350401daa,349.9
acfc592ab4d260802cd7bbf993a36ba2,349.9
e1b6f3e6ab3c7616f2e5d2531e192747,349.9
21c254004435ca35b4aa8168bfb0fec4,349.9
12b9ed9bc1f4f6648dab5fe7324a3d58,349.9
3f6835f041140f84ab67567c59aa5e61,349.9
64a495213f59f3050ccd2ed250d88dde,349.9
6631d7b1ff0c8eea33d294ca4ec2a2c0,349.9
04c7fbbd983235a3d2525e9d134e705c,349.9
54c5c9dcdc6cca32b4fb425a215d39f5,349.9
9e73b20ba4eb379917978219be55ac56,349.9
a7de58749b09c1b70e10847d7f8a3986,349.9
bcd6177c66b0830d80c820029b484afa,349.8
1db1708a6143b3cf20f1dcb77d6aac75,349.8
687a8d0f9f48e958e28dab91da45a55c,349.8
bca26aa1960632e9fcb269e5eb8faabd,349.8
638450a5fcf36c86e90ca1c5b7ebd357,349.8
cb9ab1758a70183fb6920f7e0f9a2805,349.8
95f0df1f2f6ec93cecb00ba84f424420,349.8
584ca487fd08f3d048ec266f3842ffcc,349.65
38c97666e962d4fea7fd6a83e69f20cd,349.6
5238696a92fc34cd82338ca256d49ebd,349.58
19d04e5c06403cf04a62edc4f1ded818,349.5
74a0abd1f2dd67d34a3b98709c173e46,349.5
15c523e088107f017c3b74f5874a0f43,349.49
2edb1f5440fd7a15efecea507255273b,349.3
e94f6c1aa760a9ba006ae74a90538565,349.3
f4379b128c539e453d15ad03fe1f526a,349.0
7eddd9656c948fc49d7f70d9d0c15a03,349.0
db8957fc5d587cdfd7eb1a3292d4e2e9,349.0
41cced9cced599270c9537bd4de9801e,349.0
90434cadb303b58ea7d9ce9b0cf62e2e,349.0
7ed47aa10ea881d4e434bfbd93dc4443,349.0
15358fde2314a46dd5ef643d81a88874,349.0
629519b219081ad5adc3887edab662d8,349.0
302eafd08174f2bad74173da1a9ec209,349.0
44d1618af102390be343c3c8211bf42f,349.0
52bc04288c98dbdc884680df3110b4f4,349.0
99883bc0fdc4bd80b3f5b2526f7d66d4,349.0
57ff3f79dcde1202fed030360942eeef,349.0
d6279ba360fb5eff125b2c70a21af369,349.0
972056006e048e5851321a1269e1318c,349.0
4bbdd92fc1be04b9a0bb33f02d20a85e,349.0
e0b36a2b88ead76489b6a2d913c997c3,349.0
ea28df51bed45fdaa24c4fddfe7cbaa1,349.0
0bcc6ae89ebd572cfccf2dd35a46987a,349.0
d635279811f9acbc630d3558881c73fb,349.0
6ba1266d3aa58e84be534a233686105f,349.0
f2a59cf59c76081f590e1a48da832d84,349.0
fded9a7647d4567e3a2b27065a1839ed,349.0
ed98488aa6e937952b6717bc933f0d70,349.0
95d17bc328718beea3fff69d2812d169,349.0
337777c42930fdd4a72cad8616a3e36d,349.0
c6633b67487952b89d6c2c34f8b4bb50,349.0
37d9801675e66e0915c45e9c7c583ecd,349.0
6049a34e4b3cbda73b1bc05212cbd25a,349.0
d78589eeacbfd204322ded214caadbe0,349.0
00411811e3b661e746a6e1ce1f0878ab,349.0
5d0c7555246fa35873886d3d0ffb4ad0,349.0
c5c5fb51c489561637f31ed6d8903056,349.0
cd967398e8385d02aed76916a7a6ab9a,349.0
ea53ba261e9a844d7878bccd09b06114,349.0
c0e2c21e84f18fe6c06cd6bf960cb016,349.0
2e460574e3012e1d2383aa85bb954772,349.0
5d719b0d300663188169c6560e243f27,349.0
ca37e3d5cd0eac978ea74d8c46ad4ca4,349.0
ed11d279d89c44bca26fd1b29db725b5,349.0
c7c9ee8736dff5ec5d8cf9e5e88a5b03,349.0
4aaa88f206d4aab0d3bd810c30df3755,349.0
fe91e175a31617a8a51b8097e2c53dbe,349.0
0d69941467fde10cc9b9f114ef301c77,349.0
a0e31b843334656af95bcadd351dce5a,349.0
fc88f088d243fe889616273a5256d9a9,349.0
d13cfe708043e8c414e5f194e187774c,349.0
11c87670cbbc2ade8b669cf1734c8f11,349.0
8d4632ec0b24f42cfea3d3d6e735e4c9,349.0
b667e63ff91291e5b53c4690017a016b,349.0
7afaa65f4cd64d06fcebc3ece0a240be,349.0
c5662068849cf37ab0f8cb26cafd5c56,349.0
02edb3a95305c7b4e3d0e666744b1fb9,349.0
24d30bd6b3b091d24728c9ae06b02b05,349.0
5e227901f5fc992286696b82a67f82a9,349.0
f2fcceab5c13703768b77087d19d62ed,349.0
64c8b77d23ed628b5ba151fbd000eed9,349.0
0d59903fdd01cbd6f347f8f41da985aa,349.0
994d1cb2a69ad8faa51355e9f82d87e5,349.0
d5f406fffe58d33efe48566eba1b6537,349.0
f52443eed97ec3bde9d3abf42938f44c,349.0
1e4d728d3caa078c9be3fa119d15f3af,349.0
e864187b27681ed48c419ce4668ea1e0,349.0
e5a91a4de75365c5a020bf937b52dc77,348.99
b2b6830d17c40f00785266367991bc0d,348.9
b74dfd116a5b4a0eaf8b92641a5a139d,348.9
4495f22e32870c099614fef57458b2c8,348.9
aacae358a27a239fda5d05eb57a2a86c,348.9
bb62bffe600f9e09d2a97b8c261ed5b6,348.9
b8eff644a59838c6d4bb2db5b5e22d3f,348.9
1df1b69addf563c32f7b5cdbb9ea23bb,348.88
054e2d5e2e62f26e884cfd2e9bbeeab7,348.8
fcdf5b6f9af1bd5b18fe20379e88e995,348.8
f623abff52174c8134beb9aab562b99f,348.8
80d29fdf8b12b59215138e07bcd01310,348.8
da89c31c33c817601217ebdc26e42203,348.8
e2739b85af8403921b2b1bb2e99325df,348.8
b3aec992532cef9690d04176efc48842,348.8
85094306ed0284f476d0d3aff28b8f1e,348.8
40a3b852bc7f051670b0ad197fc59aca,348.8
da4d4e51ac3fda2a636979be0958d1d9,348.8
2e4df942ff90931c8ef43d27bec8b144,348.8
38feb76a2d5be48d28f3cb600f7ae220,348.8
4ff98e1450d990d4d45f572336d3004a,348.8
69b0628ae342374f7b9388c5d1dd9cfd,348.8
ef243d0cc0bce65fe28540b16691f9d6,348.8
6d82bfae3937c26e1e7d7f97dd1a7d10,348.8
0c5bc9b483fd56c74379ef5d96bfe494,348.8
97b1cb51e2cb2db7fee990c573939326,348.8
ca266cfd5f21fa533d2f62ece8ae9844,348.8
04324b8c52e5b8d8f6f4d6d344597ca7,348.8
168023e02ef320da0289c0c6ca9e82c0,348.8
4f6b571b7acbbb26229b0cda932528f6,348.8
3efd6634c0d7ebbdcadfb0f56b75ceef,348.8
641739b5e7243b3ea4c5cbf62bef17ff,348.79
8b6fb564288d7bee8cd7234845cfb0e6,348.79
b9736d05df2bbda10cacc254733cf9cd,348.2
903ac1be571f2dc655f9083ffc936ce6,348.0
495617a9899228fc0eb3f63b77744d9d,348.0
6acbfa50ffad024bc804a9c7cb1bec48,348.0
06922ee99355bf830408f263ba2c3e10,348.0
1ef2ac142610b528b3b67d6f21725fa0,348.0
ae4945beb3e981428eab8092d246360b,348.0
75f8500dddabe2f8ece6b93cfd75c4b0,348.0
56dfe923d7bf928d0e70a9f696e3fae7,348.0
24438521febd6fffbfe369c24f3fae11,348.0
4505f2b01f5c3e8145e328bacf257061,348.0
179f2661c0a69b7e5fde22f9c75a3237,348.0
1318fd61a82a479edaff00217376c052,348.0
41769ddd0d1199c4f5f9066d2c2e65fc,348.0
674b0ce80de37d32613f9337bc3a8f80,347.97
e68996d7ba9225ec61f16385285d3ae2,347.97
5518e8c318dc100b490ab78cfd249c71,347.9
4a17798a547f3b8f2083ccbf758fb53d,347.9
e715f0071c14494e92c198554a08bb2d,347.7
135d185d842a8b6731e8efd1e8bcb8f1,347.45
bc8a1d920fcb50b72672cab95f989206,347.42
a457aae7193e4218a13c99e0130bbcc6,346.99
87ca0254b5537c29d79dddbb8573304a,346.9
b3721a883e1de4df72f355ec21c8620d,346.32
144d6b2679193370edcdceae5c0a407b,346.01
a9ace71b0345a6f1a1a36e0baec156f2,345.99
4dbbfc58da1f30d49f397bddc200802d,345.62
e7f85c87d7dfa7ed0a1e43148b2005af,345.6
8d580fea29b9d93a4f404349ff07de56,345.5
1adf41d17328d220e50a354e6ca2be6a,345.5
d4e2dcbab1ad66726199ef6c1651ad6c,345.0
23a9e5fb434a3b654f4195d3e856d79a,345.0
8f1de240be482620d362ae4f2c6998e2,345.0
6e423a08bb6b36bd00e0384eeb62f1e1,345.0
8fb17055fd54b0e086d5320642721a88,345.0
bccbfbc9afd946c9f72b9a00bb91e2a4,345.0
8781dd7a3b1e8a293587b0c07e4e60ec,345.0
3247886bee20a89efc731f74149c0782,345.0
ac77fc096334bb131cc25f7c6471566e,345.0
94670ebf1a9317d2cd7d8e4eec4e9ff7,345.0
b7b255502cbde4a1c941961626e4431b,344.99
28d7d6495ae4ce3db7fa5edb5f74e781,344.99
6bc8bdbe0e04893baa7dc040bc8b15bc,344.91
7eb2555fddff9cb3ef0bc2ce2c64f945,344.9
e6118b3f931172e65d7768368620eeee,344.9
243710cf3eaa735289510feca045b51c,344.89
2351d4314775fcbef54ecdf9c93ad410,344.7
0c84917730287c0b7fd7fb02a8389a9c,344.0
8a8fcdb7168f194dab62e62e66bdaed3,344.0
4aef40631e110fb4b8b98da55666faf0,344.0
abc709e0756f508111c68314b00cec25,343.9
83353be61700ed54d5e9d1b3f0dbc4b8,343.4
67bf978c2017afdd83d5787655b02d94,343.4
2009e285643a9f9aaa39ab0b1a680882,343.4
28e8368c2fc3fe3745b999054ec07212,343.4
95392238094a3a79b527b5f760130af9,343.4
7256634bc293062e6fb1ca1d6fb68705,343.0
82a4ddbbc82235f63718e79c61795695,343.0
a1b148ebcc27c66a3a2d7508c94be5ea,343.0
60668013b65cb5ce1ac510221b9af243,342.9
fef79774a4f4ef014078bcb0b42d0cc5,342.78
20c93357daf05d1c3a092be59aea2c2b,342.2
b3e091c31147aa119a2679a245a4fd9f,342.12
42ca3cf7c637265888941245a3b1447c,342.0
e467d6ea09ebf67931a3981f7ef5db84,342.0
3d2f792b801f3154c6e2b57039f1d4af,341.79
2063c45d074e54ecc9e4d6efa05459a6,341.65
3588bfafc0f566f932f95f707e3a428a,341.6
376c9debfe03d0575c0126e4803feb8f,341.41
7955dc8ce73a68fe390f4e5c54e855ba,341.4
0e8be41ec287f1d9753fa200dd8741c4,341.0
144bb6dcbed94956a8473aad73f0987f,340.99
a2903717cca50b4ac3b41a2074f1020c,340.99
1b37cbcdf20cfad2295c2511eb543048,340.99
1a2dcd73a29c02da2571be39f7f77765,340.99
af78298eafb020d57a32bf087b80681f,340.71
6d27a9361e591da38c87a5e70253f3f2,340.63
cb975b6c947fd99585d739e36394c740,340.0
455258f2bf9d3777b0dfc5e91a703fe3,340.0
ff254b653da23dd3849befc8e10e56cf,340.0
b9a1378012c991c96abe8edcf0e234fb,340.0
83c25d4a789ac9054fa86a6e17284455,340.0
9f56f65891ef11f332bda66952a48874,340.0
71e8560996119b529ab63d5a963f1a89,340.0
df0f79495c6708eb945df0f91d5eada1,340.0
7a89b15bf8829df6c7177436d09aa9af,340.0
5081b7e78aaef36dc7407c9935fd6de1,340.0
054c3d6634ff610c71c882d6f157bb34,340.0
7f13d5d564ad95b4a74ba05c15432481,340.0
6c7151ab32254f20b2ced39493d176b7,340.0
a52ac5698f152302297a3445e62efc97,340.0
e61831eed6ce9ac253e452e3bc8a41a5,340.0
b11e250946825112922c4a12a013b858,340.0
6c3eb82bd1bc98eeb319254fdb38a2da,340.0
6f3981043130b73e335ccf2b30dbf116,340.0
64f3acb4202732a3c994fdf06a61edc7,340.0
9253a5b4505d318a6cee55fd80b3bcba,340.0
e8e423ea0dbda39de692120d8406f279,340.0
cf961b2fa8aab707b6ecc18fb472adff,340.0
5926018301827261608273eed79d5732,340.0
511bc36a7fa92687dc6fd1c5bc5e120f,340.0
fec94867036494021f5710ea97ddd84e,340.0
6b749659e420100652965c9690c82e91,340.0
19a8557e231a08f8ba5848eff79f1199,339.99
fdda9677d1f7de367fc655dbed4658e5,339.99
7c2abab8ee489e71b5c91a03f49baab3,339.99
5121084fdade95f1a14190925415cfe7,339.99
7fe86e88a0583036d8c739b0a3988834,339.99
2994945ab3a708f77ffd9fa49fdee96a,339.99
a8b040edb552166aa34f9c9ae2629073,339.99
e2be316bb7b3aaf38134a136ff326375,339.99
3a602d2d1aff75fbe3ae2e7d9c3928b9,339.99
b19da0df0271e8a3553e3670f86aeab5,339.99
7ebf961daa0f66146a0996ea3c3bd94f,339.99
cecece2ac5dd78d206efb4d9acafcb78,339.99
922c46a72c518d3188451f4970736540,339.99
3887ca56ecb04770a526eeb6898db6b9,339.99
fc8289e95b388efea5060cc8cfaef012,339.99
158db85090bd642aafcc397425ea1b83,339.99
5b5c91974946b908c9a238efa39710e3,339.99
dd606722b1d47306f006d765d17501ae,339.99
6ba66a8857593089687875fd781e8efb,339.99
e3955fa3e47f671daee67a0d145e119e,339.99
d0c548cc5664b5ad134df221fcd036cb,339.99
158a5c9744f7e8bd8d51ea561cce652e,339.99
60d4619c66ed6b0ec5655f4fa821b6f1,339.99
515c155f5703d4d4197c73bd27e986b1,339.99
d4e19535b2f75f549d799b3841795ce6,339.99
fb611ba8817096ba3bdc1d9807f5cdac,339.98
e19fb725a29dccd777bda66e5d680bc2,339.98
e6654f45929f2f4f59db8fee5b39b7f5,339.98
5c2ad7712ef84e3eeb0fdc51818edb62,339.98
707460e412768135516dc216222de9da,339.98
93e5f8d5d2e9f57e2c745e71861cd860,339.98
d17506f80de12a65411560016c3317a5,339.98
17d55ba276d78309f1993e6d205c7c74,339.96
7dfa275c9be7b674f7e11671486f00b3,339.95
d44e6e4e2f9ec6b853399edd23397163,339.9
6cec3bf613919f962b9f8492aa4d404e,339.9
b98baf7d84898f6974710d8199a6f338,339.9
cfd1690eb3ab3c9a53d711bed4ebf9dc,339.9
e7958b1dac84719b0e9250e063421045,339.9
b5c4e636b21367a011c2af4f758c8096,339.9
75e63d9dec3fd2f8113350b847aada4c,339.9
ea43222bd95135bcbbd7359921c793b1,339.9
cf5112cc5129776cc69c956dc265a5f7,339.9
9998c6bf5ef16b8498d0202e25a2c33c,339.9
3adc5005562ea42a51ce7923cbe094c6,339.9
738f964911f73b4c3582dd27a848c6c9,339.9
6ed21f859629b6586b9b7e8fe98653e6,339.9
3bf43af0c99f7dd6ed5a5c57980a8bd6,339.9
bd20b84718a1ccc794a08bbaf28d989b,339.9
e9d1d75a5c27ec57002c5f6af56192ed,339.9
241cc8ee1a6183e010f2ae29bf8a8dc0,339.9
b20e7f3206dd52a8cf8accc6f53d261b,339.9
b6467fac41936c4a861f613434ac379a,339.9
40109dddc7ee8fca0fe65c044e1faf02,339.9
3fca3da78bc98eb6566ce7daa59acfa3,339.9
4643c7e134268233625982a0556d1d11,339.9
e5e5488b77590813f1267ef08a895f86,339.9
9e0be48bbcdb02a9dff7f9545ef3b6fe,339.9
c2a6b573f9d894a18a37d09b680910b3,339.9
705ea3eb85deaed8f68356890e5e3c7d,339.9
d4e8465cf3a673f5c029f0dcc426011e,339.9
ff9bd2b16be115177afd3b10529d48a9,339.9
1e4750abc882c2b10806fbbf46a5ad6b,339.9
18f2f5c1d2fea458573243db3cf88810,339.9
8af2418e11b6af432782ee2f0f6f6a4f,339.9
a79d2f343996d352be1fc80d9b79dd3b,339.9
4962e73408e74b80e37b78b3a7a5126c,339.9
7b41c0d366156b9e46d88f8d8ee291ee,339.9
8911ea3cf270e1abec0da8488ace069e,339.9
ee777e76a5abe6097a2a44199b4732dd,339.9
04e461f11634773d5cd64af7db838660,339.9
9ac12e07662978499ada1939080a0ea0,339.9
fe7f6a778dff689575d3be054d1e3b57,339.9
c3cb9c415a6e5d99f82ade12a9bad4ef,339.9
57baed11398d49e7a919f70060d47244,339.9
8643eb5581484900c3b59ca579e7e5d4,339.9
dd2c12cc177b631cc2bcf253227b8a8c,339.9
d9172d48e1125063b3358551dadc0294,339.9
41aaa75fc64433be3fef12bacbc653dd,339.89
ed2a7f574615de8b297e0074f836eefd,339.89
e52d98453f1fe98cdd0f5911639b2f60,339.8
dd00eabc317d5ac9f5d989df09a03fae,339.8
1997e90b0b53f6767e0cc31d58c1db54,339.8
d854153b7476df74f10bda5c56d37413,339.8
545c79b40c22b0a53abea88e0948c862,339.8
c0d06b9010ee9c967e59e4132bab9f0d,339.8
687de4f25e5a81aa43144a67bd2d49f5,339.8
a53162939b980ef55cadd612aecdbed6,339.8
14c371217da5521396b475dd7a0ac8ce,339.8
6aef8b4eabee28b90344d0d4611df15d,339.8
01a56495d1c8bcf831311f5ad7f126a1,339.8
45210550b0f00e247f82f8ed5b08bf4d,339.8
a33e923cdc6186ba489ac4c2e0fa6d3b,339.8
8727f4771a4e25695244eaf3588dd8d0,339.8
8392aac1ac8a8a59e95b757b50387c0b,339.8
8ec1617ce630c731866f5a041b5d408c,339.74
10cf65f0400c1e1f03e07328b6882311,339.74
8c193b870f6af1254fdbf4bffed544a3,339.65
4afc1dcca5fe8926fc97d60a4497f8ab,339.6
637321037fb8b34323ce7fd8aab4a0f1,339.44
aa154dbe6fa58ff5b8dc04278934f841,339.2
d4b436a493460b0d94761264ecaa51f4,339.2
026adcb56c849c792db0ca91cf43a236,339.0
1c250ff1a16e800ae4304c81ff76167f,339.0
ceec04c1f9846950a467eee17ccdfb85,339.0
069ffa410e2379e3c5a0eaed21879b80,339.0
6d699e3ab0fd90fffb3d1379d937de77,339.0
27770084d4e5308bcaecc64498773c9a,339.0
b2bc30625c47b506516778f17725b728,339.0
04d7495f50a021d8db9893b0820a774b,339.0
352d9d94c26ab1aa2a06d5eabd10f020,339.0
df7eca384a2355c9094734f3db37c0b6,339.0
b9040f36e9b085f0df01982c939e429c,339.0
a3b7f155a78c8d463ba072cb1a11a3ed,339.0
6af03066082921bc62c125b085440b76,339.0
152d5eeccb9cbfd05ed8ab2395a14b66,339.0
49f01e29f5e9bdfaf9bba51914425131,339.0
125d8a2e48613251e4d7d9f9d302ad27,339.0
af46eef89eb37fb33875e6531cc2ecfb,339.0
772c0cc8054e2559cd15a12f7e4116bb,339.0
ade43932f24ae5f957351bd585c72b0e,339.0
b4d853918c551623466de85298b74aa0,339.0
39bebc8f7773085fe2d0e190058b444b,339.0
2b6e68e78e560c5b8dd02ca48f064a51,339.0
a2c8705843d7d617f4e68ee0f7fc7485,339.0
7d3206e9295c66978d6fa00bb9e85736,339.0
cc09120bb2e0a1e9473b4d9a2f2d7b3b,339.0
347c6e5b1c1661f05ddc3f89ca90cb1c,339.0
ae0385f6057d8cb0b9b9ff02285be0b1,339.0
62a69e5aaedfa52d2a85813b459cd0d3,339.0
38248f5e3248ffe52b20c510522b04f5,339.0
0dc7871245a2049358cfa65402287376,339.0
059095dc0717592b41cc47df0c7f1c6e,339.0
c7340080e394356141681bd4c9b8fe31,339.0
e63c9356c91bbacc75f86545e28b2dd8,339.0
1d585abcb406c002e59a9276c8124520,339.0
5c1547bae5d0f335ad4b7728b54be141,339.0
6fc67396e732c9c663c3866813581aac,339.0
84b667a6ecf4e5e69339b7a255032ab0,339.0
a8b8f3c610495ac2e75f9089d8b477e0,339.0
0c8d6bbc798f3be3f8a28272dc070fc7,339.0
8dfb803b02fce136d979fa2c108488bd,339.0
8fe2856f32ca388c5ba030f0fd59451a,339.0
551f65d9a0bd47db036ed3b52149c3f2,339.0
8c16347ea9dfd78c47af24c519212f4c,338.9
8a6d71ee4abd5374542ced36a5c53e40,338.9
2f7e0d9b02c05f440fea44dd6d81e8b4,338.9
a103cd66a980f336d30492d01e9c3d71,338.89
fad67e7a03b7988057f8a83c285f36de,338.8
f36730cd9d5977ff27850994555cc6e6,338.52
3cb66f1169b5dd1fc680f9a951641612,338.5
688a891aab93b8694da514be412d8195,338.0
d25b289dca5da7b5bc3781ddf068270c,338.0
81b305536a2f14bebe526bec02449c97,338.0
da7e8bf45b833573fe1076e763befd95,338.0
7b34893f52edb267bde212630697b87e,338.0
8ea81d1a4c2dfd4a7bfadda3a55a3f3e,338.0
072c5ee6f5062ed623be67fb0abd8fef,338.0
d85c42879d38fe0dbe78857952b04fc8,338.0
f4b50babb4b873117c5817cfb64a210f,338.0
41c26b1d292218ff7bb631e05cebcb31,338.0
daddb546b42f656e57ba8a3cf71a309f,338.0
5a43453cd838f7dceef8d280a1a2c0fa,338.0
3d31566bf663e7b5281ba60229c552bd,338.0
7b706262b29ae6d4b3523ec628254c6e,338.0
12ddb653ddf28191dc4b375dd183febf,337.69
43255747b350f79ef9efb92fc90098c6,337.69
9e149ead4e8efd723112fd08d4896958,337.69
d6385039bea77b65a318dba1b6c23534,337.49
dd1506d329d9b0135855082aae3c79ac,337.18
e17af9a9943121826e8b03d00d7e8839,337.0
20fb94e0cc0f98c6bedc0e73bea1b98c,336.98
f5f796c79843a81f47fecaa2758227e3,336.96
e68e6423401e85c138229b23d4bf4761,336.9
b7ee9b824b4a83b389379ac70585bf3b,336.49
dd6b2f437b15fbcc9cf035ee3032270a,336.0
5fb6fe8fac6572d421201d0db52a0d9f,336.0
2edc6f92f35d994f26752db0fd1f5727,336.0
5af6ac8bc746760092c8e0ddeed00f56,336.0
6cb94c8d3c096c20feafe2abf1ed78d3,336.0
15fb2f7d74eb50bf9a225a12250a54ae,336.0
04b2fcfc043e6bd290a83c62fc3b38e5,335.99
a64bea57ad4ce9c9ceb671ea65d37e8e,335.99
5b7019bae09a43543c829845d781be5e,335.99
dcdeaf0a071eea7ff02e0c03f30ada78,335.99
52068138897a9b301d7b1844e64912c3,335.99
aed2676c652ff5f31582ecfc4597538e,335.99
1d450b71f24b14fefe1d31b16fc1155f,335.98
8159eb36033866531b9147d8e73ec16c,335.9
9f330d42596f0b57e974509bac9c17da,335.9
8740408882489da8e994131167d53cca,335.9
88b11ee803a205f49a15ba7ed9be5577,335.9
91a62d192859b7c2361a6a3b3329b4d8,335.9
5d31ddffc029174e9dac6e1fdb4f75a7,335.84
f2c2929ca63895910ff61424f0bc86f6,335.44
7df9914b5cd074d81dcb343a7107765b,335.43
473c77cd60d911e3b6d30859b4acf7ec,335.4
e365beefd48250481d837448d9fee4eb,335.21
ad899b71c43c34a6b3127690595a6596,335.0
5a6464c1949c1fc4e9c61286e1ab8bfb,335.0
842a2f5aa4d0138b044de19a243ae283,335.0
b2f009e2540dd1f41f2cd6550330fc8e,335.0
43d8604045badbfc2adfcb39d4b20df4,335.0
79504a5baca12dda1230e34effa970d7,335.0
a942d13c8e40155ee446ae0909993bfc,335.0
6beaace76ade0b8630694d8c8ae72258,335.0
730769d8a5103f14d741ad1706e1c352,335.0
7573237856d19beef367370dd2285f37,334.99
d714b12da7a2ffa8434dfdcc7e878ae2,334.98
2833849b1e99e5864d2c66c43a597abb,334.9
8890d07ab4c442d0dc26624f6b4b9d08,334.9
ff6b4cd2177f2ccab82ff6ae151ad0e0,334.9
098893faefa0c7e41222c40a4fb97b94,334.9
f282c09c41cb14c6a88481deb1c0b25e,334.9
b638614e44a5882a50381d68c597ea96,334.9
0c7e5a2123d793a5b2059cca7f650dc8,334.9
cac3319aa24200c0830d634164c4a235,334.9
88d3d491f83fc0c910b74974067f2246,334.89
574b75eb445dc885dc65eee5460752f7,334.89
76777c242d016fa5ec12e8d4d450a59f,334.89
193067f31282f22e08758beef998c9b0,334.8
b5d131af7951f37c72c8439e2eb9bf0b,334.8
8a9e3fa1b04cb91e2a8565cc5927c4a7,334.0
9851deda7779662b5efe8b5242911c9f,334.0
313bc196737278f240ca37fdd878b844,334.0
d00ec1c4fbbdafc41f42d22e67099ca0,333.99
d751e3db6ffe142eb707f90f8b2f9b39,333.99
b179cce6e07c86838b8d77bd1963fb99,333.98
a648c69b66f223371753d5bf0fbfa4ad,333.96
f238159a310de7dc70ec186f22d204b0,333.88
d6b09d23b3031fa9b3785989f4a635b1,333.0
0b86a8c0b1664d2b4e10efbd1321f889,332.99
f043fe51e8327ba739f878036fbe154c,332.7
1add56abe5f6a81a005c64b8e1fb7f8c,332.64
8338cddb98bbda6167cbec66540a8942,332.57
ccf59ecf751698a240a60b115d0de917,332.24
1acd80f827bb4f30d15edf43b2e05dc1,332.0
6835fddffe88b1763b64bb4e27076180,332.0
9ec11b4d685baa761c23bfea31bbde6a,332.0
973a095ac6445800bef55d1c7f07494d,332.0
7823a69f433236a24447c81e334e0d02,332.0
97b5f2f6aafce8ce852721e5458caa49,332.0
8ca266edb4cc09bd40b655cc8ae4f7a3,331.9
4e91e8b56d8681a7002d2487ca151c92,331.9
7a016e0365d83ace51004c940f13aff3,331.8
2627062e62fbbad031ac86476ea46889,330.99
94595ccee21b11325952776b516a0345,330.99
4487a084654cdf96e3d715d55b48a04b,330.99
3051d9077213c59aa7c02b834b88c343,330.96
4d184b2d4fcbc123ce36c25707636477,330.32
36ef77f5fae835c731e0ef3a3c9a4625,330.0
c4625d593149bc87239dba55f73c14a5,330.0
6af259d5ba1813eb056037dc5700b11b,330.0
3dfb839c63ae6b7545b643714e1b6dc3,330.0
5560bd5a26a7c4750baa6474a4d0e92b,330.0
049b7e070804b9740ec5a225d750844d,330.0
e0213fab18b29329e69cbe1f365e99ab,330.0
f8e05a045de09e7855c9df3bb8815e0e,330.0
2e50a29eee07a2338f55c18cfd677431,330.0
1043bcaca53fd656062c81d6b9b5bd77,330.0
4e46d8da3f58d1c99839a534603f28b8,330.0
b544075a6d77dcd06337afdb49927000,330.0
5439cd634b1b5e988138fc3f9a791e5a,330.0
2dda54e25d0984e12705c84d4030e6e0,330.0
589dfc0372826753089617cbd63265e2,330.0
9eb0710fbd7867880ac311cdc0234dbc,330.0
bb6e58e6cad6ad02bcb618a15406c16d,330.0
adc6d63bf57021ef1e4c89ea22a34f77,330.0
971b400b6f1ce949ae63a649820da756,330.0
778edc2dbe93c13982704f527738e6c2,330.0
ac334569be5669338a82dbf924288282,330.0
6ea2b66604e1b20a26837742dff50729,330.0
ca10ae6ba71f8e1c38495eba3ae2f123,330.0
c014d2194de6f3cfb1f5c9d692f7e957,330.0
f0307c65ff008db4b9a8460f76132e1e,330.0
5ebbf6dc4e62d0fc7e8391a75203ffea,330.0
99b1bdda5abf7eb97c5f35afbadb1550,330.0
8014a34d9ec8a6f03af220e2bbdc522d,330.0
c9004dd2575225ba9a571106e0f575ae,330.0
14ef2be9e656abe8c28f416025221fb5,330.0
7c629fbcb45f2b7dddac145b8de1ef9e,330.0
f6a6da61725fe564836a8080f784b0b5,330.0
6a8f01843537891ff93700664ca11c7b,330.0
e601ca133e5e7ef8ed11669470d28472,330.0
7abf142cfed13b532d7f881a9e76e133,330.0
7a62bc0951485c056fcfb2bbfae5b12d,330.0
52fbd9fb0561eb0384eb3e5649d2a640,330.0
3357c4c3ecf82709236158cb2ac0ce9b,330.0
f6875989fac1fae11faf6e9437ee905f,330.0
05551733f29422ff885d0a28f4f04186,330.0
99b41af9f45019f3b62993c1532bfc2c,330.0
47cd4a12d6a89098ff96e0ca4bf8d82c,330.0
f58fc8280d4679f90ba28d39b64c61ca,330.0
33dc04a1e7c748a2722c3f87f5b23416,330.0
7ede505a783065ff4f578ce431c6f297,330.0
7de43a2da470251d7f51f26a3d42ca4d,330.0
168db0f4afd2d0ece0e925174228ee29,330.0
f449fd9a4efcb0cea3b97c27c05bae01,330.0
d134dfc169d8d1f9a7ea6c4857952143,330.0
4c857e8864a58b8a028f78637fc7f0ce,330.0
6531d4ad5d401bc0d4fcca146cff73b1,330.0
631562d92afe78f309d88ee259052af2,330.0
bc549205ad91d6f739d807701f180953,330.0
9772c01d2cb00abaca4ab9cd7df9a095,330.0
f9d7122bdd5b9a3ad155417469c69c34,330.0
b4f631cfec661a9c707a64ec7cb0c9ee,330.0
38a4682d6d079b67682fa6e895fbc980,330.0
e957d597f76d275f40a848397fb6c7c3,330.0
2d315bbcfcb641c8248712be4ac56c0d,330.0
2203d5bbba00c98e240e12eba2e9f4f6,330.0
fb35e193fd247832d71af457b52dd5a3,330.0
bef956fb396932cc6155862a051e4498,330.0
af3e2512698db57266bf9f5e5aba537d,330.0
e1384829a4a5610becdca3046dc6c232,330.0
e8a0a9ec09b65ef0c9e116631661ac7e,330.0
a9b867fb8cf559a909c421576f75f197,330.0
9bb8cbc25d672cd5e5d83275157b076b,330.0
91ec76836092bba85d11761078ed7bb5,330.0
48eb77d5891b5b6fd70571920161aeec,330.0
84d9b83baeed8f137f8036a5ffcde343,330.0
ab33ea80ecf78bac55c71b346ee35c74,330.0
47fc7efce86cec4a5076958ff5ea7df4,330.0
691251eb0e737cf83b90f44de6bc191e,330.0
66ba2748d049b1519d1961df10d3d46d,330.0
7263dfbe29e6b8692ff879e5a2121258,330.0
c4c2a087e4f8e488f03f6af334cf52e3,330.0
1f2c60e23c801c60338999c38d60edf9,330.0
ab7d332dd43e59effe9d3880a1952cc0,330.0
df356d484fd5d357a5db8a7cf0da84f5,330.0
c1f58b0f5ff7289cae44c813e981ee84,330.0
61796c6f77ebcb1897edf4a87ad5fa2a,330.0
80f1da109c3348abf3ad13821c6d962a,330.0
810923268bc2be268d447dd5c892a5ce,330.0
5272d8676880914db6e41921f373f59f,330.0
63e084b9953458d4d14bb6c256f831cb,330.0
667d8b46b73cf480f307edad1d8d5760,330.0
2f83411616db476517e697ce7f40dca4,330.0
1b606aeedafbe92f4c55f4fcad9dbcb4,330.0
9ddc63a77d0557bc59e02af0e546a644,330.0
ea3ef3d0dce264b94bedf3b93fcb1c44,330.0
6ed6d62704239c4b7d93196611b6a021,330.0
967d0d49637ff4b6f59a06a3cc24743b,330.0
33f851c0c106198bcd5a906f28aef4a1,330.0
d88285115e8517ca1f366dd4608a5dcc,330.0
4aad0658e81c7e6766ea82c9b30016b3,330.0
f85c1412c63126bbfaa30cac5590c0aa,330.0
7c63bdeed03b3e5138bc0564932b7c00,330.0
29b62435a300257ca07bdd99be03385b,330.0
7e67ce30689f185fd8257747f004a86c,330.0
b225ce9eb2ef15e3ff6aaff06974c491,330.0
325f5ae6a8e3170a943610ea545ad628,330.0
1034e43292e5dc5fe15729172cfb435e,330.0
23f7f3f474507051261761742f88c5cd,330.0
065495b7879ad8844fa8f999493906e7,330.0
b2b10558413c0708b753f3e7e1f69b5c,330.0
10e01f78f465b6c879d2bab6d4d0d7da,330.0
dd14869d16243404d0aec5b90e588634,330.0
99f297c1c95e0dda633b7e584ec2a4f3,329.99
e2983b42ccebca9712d4c730925f3ff9,329.99
59f9594aa10c39878b6011b738956d1f,329.99
c851e38392f26d6a33bfe6f717c0fba8,329.99
ccbe7fd54aa82159f48ade29b2bd4b06,329.99
dadf64b251403ae6f5a9edd7b6fe76d3,329.99
3547196c69672a750204ffcbc71f186d,329.99
f3a2d5b49cc090c679649818bc3f8e8e,329.99
09e1847a8809a9ffb12000a7b7853eca,329.99
362a2ba6dd5295b1d9eafd3f7bae9d99,329.99
68558f6d0ef5eab2937df0f37b0ecaf8,329.99
7a28ea6acd0c23ed1a4742b29d29682c,329.99
e305ed08ec03ad16d304d12b92006097,329.99
7e525088ec0cbb01d466d0286f2b97d9,329.99
e6c88425cced764e5c72f44c9d8ef940,329.99
0a8d4b54a653f631d926a12b65dd9f39,329.98
1df66aed5e5ac2cd2301d813537945dd,329.97
79a80f2e0e8e96f8e5be6d0cf1c49de8,329.97
bd67767321f1daabd54569875f9a74cb,329.93
b8bdc0faa5b1065d49cb18deea099885,329.9
1bb26cb73f617c0b4eed520cc297ea8d,329.9
15ae2b9627becd5f2a8ae9c48471ef7c,329.9
2ca0ca2b7b63b62a682e006a9f55942a,329.9
135faf5be3b5e8705cc07b77df127bbb,329.9
541e9e847262fc7a495e3e595195d693,329.9
744d01ca128476ca3fa04dff32ad2244,329.9
6b6250301e22444b703a4d0c5c9c099c,329.9
194022ce695cffb81d8a6aea3c050fbf,329.9
b28df93f277b995d67fd7b31e40a932e,329.9
2e8e3f794df1fef1c624a2cfbaccb385,329.9
72d2e41dc08743b393d0df725db69568,329.9
c7d883a5d5ca22a57ace289db0004851,329.9
08ec4e081721ef212d38b5fec3c38ccb,329.9
342606a55734309d4c735240bf48f04b,329.9
59ef0528630b5c33f350ece4c6367b30,329.9
66526956e5bfc707bff7039c8dee6097,329.9
f36f1cc87b493a0c0b7a5325e00ce8d8,329.9
3cd77cfce4c000862e033675e3e408f5,329.9
9aa80598793253cb8a7783ac17cc9c60,329.9
f2d18f78afede737e736f6aef5282bd9,329.9
f1118c255591c7de6ef583350d10781a,329.9
80a60347757d086ce3c1d8c375c7b44d,329.9
64a270dd87155ea24017e79844552f09,329.9
7a4f8eaebcf61c55ecc1812c83311787,329.9
648d713a550b07fa3b32b25bad3c761f,329.9
183e4c140e9502479f274fc84c591267,329.9
79a2df12350e76ffce12fc265747ef38,329.9
65ffcd11ef8a73635aaf113cd7b502a7,329.9
4e7d6826f3f99a67fdb754b14c9ede4a,329.9
84ff1c605abdcecfd44ff1a0a9f0bb77,329.9
e9c1dbf5c8116fe3de3dbec8fddbdc1b,329.9
5cbe9410f3ea413f95d0858d75f0a42c,329.9
f0504a0309273d480bb2ccda6e2971f0,329.9
e5dfc88a9e962f7b532ed9559d3bcc61,329.9
591f3c97fbb1c6e0a5b9676b4d734a6e,329.9
e8ac28789133afe8f118a6cb8776d322,329.9
ec05463bee705c8b30f418e28a9c0083,329.9
863aaf463c23aafb865f575f0e58432a,329.9
4264e24f36aa1ed42c41aa53c87e28a9,329.9
7c27d90ed9cded084da9e9a54472f983,329.9
2534e2124e770cb87fe5b07db2b63b3b,329.9
4bc5b288fb0dc9643111cd35867e87ca,329.9
ad72135eb6e07c6c5bc9bb554eb307ce,329.9
1a5a3898747599fccb25a7201c603bf3,329.9
c8d004f46e5756d8fdc8011477002339,329.9
0ffb1eef43d5b09212ae83cbdc298470,329.9
d61f9007e9d3abfc30b266dc4f843ce7,329.9
52d62f45eeb17ae522c86d2c5c64061e,329.9
04cef6b920c0d8f16702cab269b59044,329.9
4d914121becbb45c404a3b27a8db7073,329.9
529f213a202af545c56e12001d3c8bf7,329.9
c6bd3c920258b9d27dc6d8766cfa0b90,329.9
be6645038a9412d0d4ca9261f268b11c,329.9
66d247f0fa0bd6815737e88786a29069,329.9
0e7292b365653509f4f2f1953fdd2ced,329.9
87631e4dd3b9c082baaac651b7bba893,329.9
319b2c12a2862f145c1a59e89560ce2d,329.9
e64aa02afcaa1e3d4ce21e3bee093bce,329.9
98f8d4023b866b445fd7583b48d3c7f5,329.9
4616e7f2877f49bf47330e57fa1a4105,329.9
bb06fef1b4fca6bcc757a3db68a9daf1,329.9
c1aee4ecf1d8ededf571249287d56854,329.9
0c5609d2ffeb93f99526462c979f5310,329.9
18d668de92869e9c6bee7a74461e137b,329.9
c7c35e2c61b454d59cbe83900c63dc99,329.9
dbfe964127abbea0522a3f5e10f3781f,329.9
1782f1f5319a952a9024d5a94908f03d,329.9
634d74b983dd961407cac9f81d216f88,329.9
37f43a03235c538c8eff853b7101996a,329.9
8b5444d8ffafc506f189fcfdf31204fa,329.9
785517b799a2fdddbe9ddd5805f0aafd,329.9
bbd6514b6c09971bdc16eed023d04f51,329.9
f959348f343a0d3093d076e19e59d214,329.9
d782082d67302107f082c112b324aebb,329.9
5660d9ac90fd8d5253a78eaeb3492a42,329.9
12fc5bc3cfba3e325d3dd62b33edc725,329.9
8e6507774d7c8987cc2b3a7cd0db2c9a,329.9
0ea688ce531f269e58b0e4a9e81a16a6,329.9
e93744b7309b885171f62e915a68d068,329.9
648598335759ebbcc21eeef997db189b,329.9
63334b89dcbdc243ea796e9549431458,329.9
e25325f0871a9bc34095834bdc231e29,329.9
2d4aaec26c7137baf5818598fda371e3,329.9
c861e6d97d36e0ffd13a5671a8a06fee,329.9
3eebd8bcf30b51eba628d2da84a7fc2a,329.9
f96d464a252356cef8521a343c9ef266,329.9
68deb897879fe4817292b0a3d1a62fa2,329.9
034c3cb26461c58520139e4efb33ed90,329.9
3ce4bd5e629bc800593c0abfea2d0da6,329.9
41af2419322c61f51788df38ec8a41f7,329.9
8c76130743a337ebd61202a070670616,329.9
b9fc3d447729dee0ddba58c9aad62fc6,329.9
ca4f062ec452965235c58a11ea8e3803,329.9
33d806c441a4bc19a00471b97edb3f14,329.9
7cacaf79f19c5449299fb04133d3bd59,329.9
b0d8f7648894c3e70452444a98591a4a,329.9
8dc8374a00a6d1cc776471683a9737d0,329.8
e2a4a6f0fa0aa313974d5a53879a8218,329.8
b7579225852eabd84276dea92fc30daa,329.8
647eb903d7836d450ec6bcc175838567,329.8
2dd14748e5c894ea5994aa40aa4fc77b,329.8
efec125e0fd56164c37c9f1e1c804cd7,329.7
225e04767aee40ab29339c8392c13197,329.5
24c2d36dcc7f3ff6e41738c77dcf2def,329.5
4db85f54c09882d9f1e37774934551be,329.4
0ac53fe825d1296be3e877493b0ccf4c,329.34
0b18d4eda847aa4c48550e26283c5675,329.22
bdb599f32a95c53f1c17076217f3db9e,329.22
a0b769031a6f66c3f6cc9a799127c120,329.22
8ae65f29571ce43246ac73c8e8973623,329.2
bd6af8db74728123d4a31f8b95e226b2,329.2
4b7553dbf3a04e96d116743c937799be,329.2
d7aa6dbff3aa2d202d96f917d896fed4,329.0
750641ff9dddbd9f73ecd53f5edadae7,329.0
64b1683525b8d1bdb38fff26d98d1a8d,329.0
b5b27aaff88e74d6d8c3f02dd5991104,329.0
8e2558cb3ad7b7a9d7ba47481b78fa64,329.0
7d4ebb5d17f45bb406048c8566bdc18b,329.0
4ea461e863a55ff383b3f57716e036b1,329.0
dcf31fde264db06111ff12f30253f3aa,329.0
e27201cb2a28267142162d8a9d0585bd,329.0
51432bd945666f867e57877fa8ae26c0,329.0
796250d5ab26277f5ae5951b76056972,329.0
cda7a35132d1ec8eb2458225ec277e27,329.0
f143ffc83f3b2f26c4b9ed37f0f70bcd,329.0
937df3bab5c65f9b4e9c9c0ccffd9e19,329.0
e764db9b253ccf8e7606e6be9234a0b4,329.0
89faec4c34040789ece5e71144d0c4ca,329.0
69aa42ec20d4e4c21c533d5fcaa195d8,329.0
06635cef8f8be90b8a6a6dd84075b39e,329.0
d58d04003ac810adac58890472e3a443,329.0
a22b5e829ec1ca245de827b70b0fd334,329.0
4865bc634919f9ff8358eb16eadba34c,329.0
efc51786b2f3e9205f321e49a71b8adf,329.0
5e89028e024b381dc84a13a3570decb4,329.0
16b154a38404b2edc5287e58901eb7d9,329.0
cfec5c07d9fc968c605373142960cbc8,329.0
5d5b6fc65d761caeb92bfde4aa60494e,329.0
7220c5e391b6c80f16ffcca8a67a3382,329.0
628a26e8b89edee1e4c60264818ebe63,329.0
840ffd2f09e0da8ca40743b9d6aefcd3,329.0
616a99333f53ae84f0cf56ae2693024f,329.0
ff0f3edd2b8fff9ba615091f7bc4e94a,329.0
ebc1ecd2befa0f6f97917b209c14e78d,329.0
924e99fff64f1dea1d8be282018ec8a9,329.0
fa0465f5c38e1f92e59289280d44cc21,329.0
9c4f51b6fe51778d034c13325053ad58,329.0
644ae863876b9e39b3a43d8672980962,329.0
8f6059cbe139bc7a6136ac455d713c40,329.0
0a0f638f52bade74d67c0239da49e2d6,329.0
ffa7d6a151c43eaf14058054531ddca5,329.0
c4264a7d8bd33eccbe46b5f978f9965d,329.0
1dca8025c540764cee00698bcaf7b776,329.0
c793eefd9746b685a6bb9d390d14493c,329.0
4fc3bf60da2889c40095a1f65fd59d3b,329.0
7e3ac092bcad81adc24ba53f4f147f82,329.0
b7ec44e1fbe3f1c953d9ad8671536a4d,329.0
b7079d031085e5dda5e1bcbd5ee3b031,329.0
0ee225c7d86cc69c69f5ba43f36a3696,329.0
e84f49649af1492bb0ce7d6df227a76b,329.0
a129222aff7d284137197fd5c4de77d8,329.0
fc60da72975e2a55ed00cd57f4a47b02,329.0
a4719949ef03752ccecf6e958e4f5070,329.0
4cc465bb8ccb079ba561852ffa794668,329.0
93b01f9f8ba7c1fffb6b8b5763f9b06b,329.0
a14b17e55f117e4bf24cdd9d0e586c35,328.9
7ef54c008d37c1051eec1537cb44a0db,328.89
693c5716efe679e85aefb9336d4fcc41,328.0
9b8af4016c309c2f095b858fe4d6d551,328.0
bdccda5ccefdbb3e41596cd2577e26ce,328.0
0c0a6ca52091617f1f287b4565b8ff0f,328.0
9afb7d75b5d928401c32b979254afc13,328.0
95e132f4d2c2698340f5cb26e07e510e,328.0
bf05c96123ac83f4511b372d5be1de25,328.0
197291e1226b07030a319b27281fded0,328.0
33693eda66c5b67355e658c96a35c49c,328.0
987e330d74e0482b2926096aa53470f7,327.99
21ceb94e6b5b5076f665364d1efe375b,327.99
17b9497c2728831c952b554483afd9a5,327.98
00650b839d32a071b1025af8ca26dd13,327.9
b704f6bff2b0add361439bc7ff6891b9,327.49
809afef03e198ef057dc881992599dda,327.49
c36d2a6b08edc9be276ccf9f1f48953a,327.46
06757e2a216429d601d7cda36642769d,327.45
a74615d4b64e4683f4a872ce9035c771,327.38
a930629079c8fab9993fd5eedf12de02,327.0
6a9314555839080b4a67cab05e532105,327.0
2974a6e2368bd4d649bad949c033ea0c,327.0
de7d8ea6e5d44f6cf363c95aba118de9,326.8
62cf43d7c0b82fa2b6910138d7f4f14e,326.66
430cd3039a62d75b60289fae0c1ba8ad,326.16
c86225a2b8ddbcfa34725730f49ecf63,326.16
8865d48e8c0839b545fe4be694e79943,326.16
5e2e02c436037fe3e24aae199cfef092,326.16
398a5ae2013a70dabf55ad8d8044266d,326.16
eac29434733abc9afe8ca9630626994b,326.16
0d874ad5018bc2c80f0c916203e328be,326.16
d28e270664958a8f4b2bf7fe8129eb1d,326.16
c88e8ae3b763b03bf513884d712dbae3,326.16
8b1f6b37bd99fe9ccfb4a3fbffde8d44,326.16
01c3dbf3c719c3788a4d7db4bd8ac0d0,326.16
1555b4c59a0efad68a20978804cefdf3,326.16
80dbbc7e11a3d402859782dc6a7ce626,326.16
16c2cb120f6b87ce8ef7dc4b877a004e,326.16
df84cf421c0f3fbbc9b74bc0f97a82ba,326.16
a390b5b8933426a0d79944b89ecf53ca,326.16
3d2b9fa23140627c260894ae1b93663f,326.16
3fbd80ccaa4a4502a4f7f95f4ec5bae2,326.16
1b615df6fc92797dbfa396ace412c32e,326.16
550377e256b41e5d48b5d3f6913d9e55,326.16
94f0918c41a1cdc9d5e4264273cd114f,326.16
80c74074b2a3c419ee813c0b31ef95c7,326.16
b7ebbdfdbca5c7d51cef656d8e440da2,326.16
f0507177bf9f1d580a1859b88681b5d9,326.16
7bf63211707f2c328795bf65a0a7b7eb,326.0
b4805fe9c617cfaa509d98d2c365495c,326.0
01aef689891025af290bbdc4788d87da,326.0
7fce02f8a58a49cf0daa5ea11fcefb28,325.54
53c8190e3bdf183e2277b3387a667137,325.49
5bdae14bdd8d815341b841422d5c2919,325.1
ee65d535649593a0e8a286d779e0949d,325.0
9cf0decfac03955d30e6a5b6f4329140,325.0
326240ea272d5635e0d43a90eea4a55b,325.0
5c4ccf281c25e3af5e405e3f9cbfe5bb,325.0
1c45c50d6eeeb77c888f37596c99ba5c,325.0
81e3412d8de66dd89f48a7ce6fab8fbd,325.0
2fbb7d2abee363394a20bd29fe5d520d,325.0
79429af0e8a782aa94d5abe05f3f4b13,325.0
83b44ab8fd0cd5efb1b122b2a3bcd0ce,325.0
71c9eb6d4ab7aa0f41ddc13c81ca0b02,325.0
4bc94f4b273e625f584d0f49e93386a9,325.0
9ef7bea580502adf844b3870ab381495,325.0
a22842bd12e534cf34d12567bb96afde,325.0
c1b3abc0f5a34a1b1bf279c0e3697621,325.0
b54c9ac02140b09b5a44e646282f54a7,325.0
20030fb3202f47379931ee5ffd196b61,325.0
c4099b13d2795415cf8a9e77b8b7420d,325.0
b79d8308ca464d8bee3c295ca2f758ff,325.0
a70394b12364e5ae44f4553c76076a6a,325.0
a2351b4f46e79239f0d91736b68598af,325.0
f64ceae22c9f06b9b6e36e004c23d9c3,325.0
3c0e79dd7a2fb999607a27161a484efb,325.0
023d1d56f9187c91230a4e8b50ab6fb3,325.0
cdc52f69c17d2edb73646f3834bf5488,325.0
bae4256d5272a98150d32a1cef395b8b,325.0
a8a04bb88243eb391fc0964aaaf1d79d,325.0
e4d05d77e9e6f1f1a807193af43e22d8,325.0
13e310ef69a168c6d8876c9f932b6681,325.0
0443dd75d52f59a5b0061b149534737e,325.0
aa0cf3058e9942647ecd15789fbb4993,325.0
52bc5e1b29d38cb00e8cbea4a919f65c,325.0
a0352e4aa2fdae6ed07559c88e1a1c00,325.0
6fd1799158e0e89e413a22b93a94d6eb,325.0
8901c3b17ec32af7630fe1d96955db36,325.0
520821da53c746a4d05a5fbca575eb1a,325.0
442b6109bbaf07f77ed66784a06eb7cf,325.0
9682a05903a210e6e44b0ee88f3e6cf4,325.0
83f3342b0ee6f0c116666610ec70e082,325.0
5f82b6799f7f5bda22833caafe7e8cd2,325.0
95124b5aa0b79dfde42a211856ed1cd4,325.0
524d1030b6d659f0aa5e03f459a89b34,325.0
a2a035c4aace1589713c9e84f19510c7,325.0
3baf1ca092ec3d9d85afd29b9f4290a2,325.0
f84bbf836b31fec910a4cf6228bdd4ef,325.0
cefd7308cec89db955a4f0521d269f54,325.0
377a1c43185f9e51bc117b1a517fa65d,325.0
e05225ee3c98c05a036dc06a294f5ba6,325.0
a6815e1388c9b1d8815d1f9e2de59ca9,325.0
ac2c4cb05aafb79b46c1b5e7e951bf69,325.0
630f092bb4d1938a8134f50c4bf784da,325.0
7ab1b6ff4410c89cad8cc8242f8d4f92,325.0
d9f56101970c3a221469e5fc2f270c34,325.0
70b0e366782aca2ac5dcccd040448ad3,325.0
6534e598b0d2df4ae408c8b114b97618,325.0
90349bba553ae62bed5e5d3220deb5db,325.0
96d0f562462f7d4ea867eec46fc0244d,325.0
93d5c28a557158561f6ce4c7a5f7001a,325.0
64ab623e271c29cae5c13e16c141f333,325.0
ccc6b603a6ee64e0609840764d63c4c6,325.0
289fb34f7ddd8341499fa6d01022c84a,325.0
08a693d30dbbc9a5d75172df73023731,325.0
3a30c9e0ace35152cfe87773de1ad89a,325.0
0894391273e30b291b1aa54fb3558cf0,325.0
2200d408e95d53a468269d70b24516c9,325.0
cbd40e39b0766903c56693d9644fec96,325.0
7291b031382aaae4c41a933608e03471,325.0
ae0a9dcd50750841aa9a4f2d55d25bd1,325.0
6f03ae55e832204ea4904460510be391,325.0
a987996eacf94cb40f32b55628497574,325.0
3168bb8e970498755f8d2dd7383c8d46,325.0
0d51b66355960ac7993febfc3755e876,325.0
08eb2a39027ff975b414729b8e5b8ee7,325.0
38816f87277c9326c66590c7a1202fdc,325.0
d99ff4d1545c5bb05bda303a040e9070,325.0
e36003b61f157c0ecefdee172a637fa0,325.0
ca8997594ddf362159cbd41efe9a9827,325.0
a840b157e69af090c32040b6072cc6e9,325.0
1ee4ffefe39f642db2fc25a2095b598a,325.0
974809ed2f12441c5c99e5ab636c2af4,325.0
d218b51d7923b68503ae5ccc23c77bb5,325.0
b9643b18898b76aae61af98c6c0ff17b,325.0
c2fc989efb1ba341cf5b24a995828c0e,325.0
0f89df2a98faa7a79f0b852836e99bc2,325.0
0d810a6e368123cbfa379829fa577fa5,325.0
4c886773ea5e454373c74336b6b99086,325.0
a9ccc267c0e5c32d1c1fd493dfd99fbe,325.0
7607e42e3a93ed96cc608e768f497ade,325.0
e1c82b0432b0162d308a62e6d707129d,325.0
5ea5208d6f127b82bac75a6a3292237d,325.0
a3c378b866e6c466476a3d4a8b919629,325.0
306cd7574a5c838fc55238047aa8df9b,325.0
8ab41cbdceb027582ec57a80985d3771,325.0
b3ddf00785df5fa8baa46f6e32152164,325.0
ce84a70ed03758979ab282873087aa06,325.0
b05a9ed4f2b97559aa957545915d0c16,325.0
5cd826df2c649c71f38b667bd71cc95e,325.0
bd3dc4083da5a8bced4bdf8d47a97b68,325.0
977275bd3cd425aa9926a3388658f485,325.0
77be6cf3c183529ec6300930e2d00e69,325.0
a394aa1decd1324c76593baffaf2b6ed,325.0
17439b79ab52a0080e3c2b8d17288f35,325.0
ca1f590191e53132651120a6e83a8de9,324.99
b098d962a6848a2321d0fcdf11b006e6,324.9
50373f94972551a5992be3b0c536aef4,324.89
7e2fc634b12c4c3779cdcbe1e8c9bbc4,324.5
857c06eab9fb52c5ff1a25160356d449,324.3
538fcd1fda5ac9cb7129fdfb18a6a95b,324.3
ffde74a56e489b52112c7dbfff53d191,324.3
5ec4239e4822f46301d0080eaf8063d8,324.0
2129cc3d2764d1f9c4618f6c06f40f65,324.0
0ddd4e372a303683e410887a30e45d0b,324.0
3bad19aaa42d001d49f219c0cd2d1c60,324.0
bd63d147fd1e90cacffad1fe807d8911,324.0
b4850413a805990a1af8474d677a9221,324.0
e7dd49da03a311bb6234425183112e26,324.0
cae5d18352d2eb7396bd594c706f3624,324.0
3fca0642b898ffd08f363e33f3468de1,323.97
a49305896ffc9fc8d2c9c6efe8bd6439,323.97
00b5072ef1192bc4d02e1d6264317bb0,323.7
ae32e12ca40da10ce616e0fc19329173,323.18
ae52b349d6e912fa0d063b98d896e986,323.18
e39f32af4e74151a07a6a3108b123f1c,323.18
b31da288a5d93df0b87661fae41bda52,323.1
cb9138d82ee6d6c847c8edbfbb02e312,323.1
ea26c56ff6442484745579ed30526f01,322.81
dbe6e9f91c4ec107c77a83b41bfbd671,322.75
1d485563edb59324c37c002a1f96ab32,322.75
fa7ec8b2b45b5b6517357a5c5e82740d,322.75
f648883563c14819f5e6419f89c6be9e,322.7
09cc193befa14d698869667e92148ab2,322.68
8ee0ca9f187191efb735694272f236cf,322.0
7d6a0d2bc3cd8656c1be4de50b4d73d3,322.0
887fa8c54c01aeec56fb2ed2f44d533c,321.9
56df129e93c8aa3737ae0ddf7d837459,321.89
c2b0ea6dfda294a608886e885972199a,321.0
a92da5f6ab925f1b45c83cef38a87fe0,321.0
6a3593ddb3fa10742d7f50578eb6820a,320.99
7d76b9e2c05681d60df438f449e8e584,320.99
5ae86ece6d5aadff5afe461f7afe2d59,320.99
0f4e44ea6ea0a296018a776d4c5c5cde,320.99
945377aea77fcd842d0c3282f387e0ad,320.7
0abb39b16686366b86f96d6c014146cc,320.45
bae1a0b2aadd71117e8541c15d38e2ef,320.36
6622cacddfb9c59ceba605b4bfb86d95,320.0
dcc62595de53eb5ee8f039650d7a7e2d,320.0
bfbe1fd99d9d53a58d06966a0f4eb5de,320.0
4797bad18e14ee84e3f8ebdd435a2823,320.0
6da199107f9bca1b26fe1fdac3937f6a,320.0
64f109e8f4a2c0380642a902d653010d,320.0
db11097c553077145c655a714f2ee1a8,320.0
dc6ab71bcbf17b38e8702924f379b68a,320.0
c4ab9534c84e6ebbc22853ff357ea2ae,320.0
511a9e1e2abb59c41ecf892a74945c01,320.0
45c9fcdb0cd88a5630cb4405c4d2e4a7,320.0
3971ac136496b4368c1431bb5bce0929,320.0
5b0c97d4fd3e99131049fdbaeaae4369,320.0
64a86356e147cbebd00bda1953a413b8,320.0
026eefd00c7aeffb5427f54dd51b6894,320.0
da00258ab409403dc860fae6c62b58fa,320.0
ff63f83bb3b2dc9a2df626cefbddda8b,320.0
9f85a78c4f160de13394a7d5cad37e7c,320.0
49a385b4c7bfe2a0c2e12220bb169dab,320.0
e02f44d7cbe1d2ab287b7f52ad26620e,320.0
64cb405a00338ee30d7964b5f2c9cf10,320.0
340ca5d6edd1acd5f533cab61ac899f7,320.0
42f4cfadffa1236bb8a288abfacd80c9,320.0
77b2df3dacf99e1e955b6e2e551140e2,320.0
1bb9aec4f2cee2853d9083e747f00db4,320.0
59d1d7190a730a2b36941b375fd676c3,320.0
9c92386cbe5876b71907d3bc7a17a6df,320.0
6a3103e7538f6e4a02eeda6eab7c4bfa,320.0
75e5ef83203962832d2967a5c1e8af8e,320.0
fd410c0c795b3040f0c5d9cdbc409c10,320.0
7e091887a648aa71aa89584aff731686,320.0
2840826c1d92fe0b6c3e79a4a68bff3e,320.0
0577d398fca1ea7bbce90556626f169f,320.0
2ca5a7b2dd62178ff3dda2b928a08f59,320.0
1779d71add5370bdb54259a813133543,320.0
63809f81b27c50945386ab37b3e2e9ca,320.0
6fd5c3c0b0a188b36fde59515da3f790,320.0
d156accae9133953e8c6f504a1caa9c4,320.0
717a9f2a02e205b60f343b69a375cd04,320.0
79d079b8c2de5835e7979c910bfc880d,320.0
0de2b9f7ad57e55cd92ba2d0a9585e49,320.0
c0d8991a1701037d5c1085767dea67b9,320.0
2112c4a6723c3b43f081aa5e1129b25a,320.0
75bd6ebc264758fa7ce7c528efb485b1,320.0
d6866e05b212ceb988befb58497f7b8c,320.0
d28371caf7435596262c5c40a6a9c325,320.0
beab9e3aec703ae980cfcab61b58a83a,320.0
a500f3b8a00058b3e300716c59d7ad99,320.0
7d1b4cfdc72af15ea8dc8e6afff535f1,319.99
bdc8cf249438de5d2f2d03ea0ac67a28,319.99
c9aa18605cde539bbfb11d1aa4004809,319.99
1a9c7149943c405cdc9cdd35b20aed1f,319.99
89f482330f47b52829093078d2d0aa92,319.99
e551bab5d422fd3ad727235a8270aa67,319.99
bb9b3036f9f6c3c91404880a2a498a88,319.99
8e89d5cccc3988179197d9b18ae3292a,319.99
5ddb22c9735c616559a348873e7ba27b,319.99
f9bdb9f083cbc8b7fc9b27a764c7d929,319.99
0c807ffdeff9540b5a33d0fbcaaf07e0,319.99
cbd6c6a8d9ce378977a8a4c142b9a67d,319.99
dfa6cbb137405f9c129d27f13fa3b9fc,319.99
623e5f6697794daaff59c39b7384a3eb,319.99
a4ed10c73967572c3dd19e759113a1aa,319.98
0472271024b60ed1f590ae051238741a,319.98
53f2a9b50c804fe6d4b4cffdc066ee7a,319.98
5116b8aff98e02a78066950e862bef8d,319.98
a626bc84a86f2c606cb7be456857a30c,319.98
0c9712bf6ecf766c8e85d92f7991eb54,319.98
3bb9222dd102c99c63fe9d16b47e985e,319.98
9f3ad19bba89c1ab1396093a0b837f62,319.98
57c68f8620a15638c2f55a4b44e11a86,319.98
2cd0fcca2f6a561b34a5ce1fd920420f,319.98
28976f318be6fab13ebd08f99ad7dc3f,319.97
9db61f02788ba2a816117b4d7dc2d58b,319.96
05290ca0306c13fc3eacdb969d058b85,319.96
fd06ce41eadcf13f9037d2ae8ef8b744,319.96
c7b152edc91a8427411163780d6f27c4,319.96
861f85fede6656786fc1d793f85db16e,319.96
8bd9274e690e57552c0516b0d323af7d,319.96
6364e749f40ba21258f2ba31934d0593,319.96
85b1e718b7ad742e3e30e0b41127e7e1,319.96
9139413a8af28cd2c28e150c393b8f7a,319.9
078e99036000210bb0d5abb62fdeecee,319.9
cba07d9fe812b56f21ff8b4b72cb121c,319.9
17b3e7f93c1683a293e92623a77cbf80,319.9
b95d2f9bbd4c67ae66f0205e049bdd47,319.9
61c87a5633bf0012750ebd333e1db8a9,319.9
0375082957a62e6c63866be3c7b72d62,319.9
b15a07c3273c8aec82ab6f4458fa861d,319.9
038eba7c093b00abd73987d7c22c6f06,319.9
ab90591256af2a7243bfffaa9ac7a870,319.9
c798702c7aeaca1e47c10e45742b5c02,319.9
d3d6ddc97ece6d0ba9cec858f5db221f,319.9
7f78f99d57a8543ff2c2696626deca4d,319.9
046898f5066f7287e47eda8a80c80a56,319.9
beb9271894cf44c6d9997233fdcc9603,319.9
75d3cbfff1481ce69176ea39f5de2278,319.9
0b076ac974923c786bc7129abb43ee10,319.9
16c3961e8f86f2a98b060214aec7aeb5,319.9
96ffb0aef6843454c595d5927832ab60,319.9
d3f54319918ee4dd964f22fc215527bb,319.9
13b8a8ecfc5fa07a03bbb4449c4358fc,319.9
c91a8f7e2fff5d41a0bce4071fe8affa,319.9
b2953e4ac52f5594d9c90b84b607df3b,319.9
f995b47806abc810ec42ba29991175a9,319.9
2a9f4bad138e972730f8289c0ea9ed74,319.9
aae85afe0d3dfab5268e0092b41959d2,319.9
d6303f0e40b15317d394f57e76fe782c,319.9
2c38f4ab5042740bc123a9b1054be52d,319.9
0254fef29444edf8ad023adf1baac1bd,319.9
5f5147e3ab165c9bd8caa7c7beb0231c,319.9
ba6c4b82b2df4cff54c92b0c474e2473,319.9
525918becb62c229ad455b82c0cfc343,319.9
88d9941d5993f28e7017bc9d2f540a24,319.9
6b0dd7d5c825e4239c42c72227fd82f9,319.88
2cfbc515734b19a3107a9e5b0cd7b250,319.88
8902d99db31e2ecd6a35fcbb772dee93,319.8
d0472a32770b2d07b3746ba671268938,319.8
8624224187c687572378a68f86248076,319.8
e47985eaac8e59b10c9fee59fa57ae92,319.8
e808b8263a08595d4c3596533f3efa37,319.8
45c97f9488b916f6b0c210556ee28286,319.8
fa2a8cc9a1efb325b1d9bf94e57a629e,319.8
28c71ff0325445b8ed595d7d2bb4b7ad,319.8
92667bca006a43aa65f487940238fefb,319.8
380c29d5c7bc93676a017b1edbf4ea20,319.8
e7614d4b134b3e8aebda0938a84d9878,319.8
d1578919c3fcaa8b8e5b4e43019af611,319.8
44ae883b3de1b050ee56d3fb1fe974d6,319.8
51f650a65f069672f200ed66b550662f,319.8
af1fbbcd3269883e60c418c309cc6d49,319.7
f94b333a611276fe1f1f27cfd5767df9,319.7
fd64f86e80a42c3506752ebf7949ad1f,319.65
3f6f000d5b0a959f38481fad4ab7cac2,319.6
dcbe9c33ea5ff5cd72dc15340da336c1,319.5
7021912eee1bca99920c934a3d8b27c5,319.5
660159c6fc85777811e378270024fb83,319.49
c1e0d14af8d9b536de4a169254aa6429,319.49
71fde3709b2cb6ac4f85fd35ce1d45cb,319.29
c40329c5ca94144e1c4a130166521b66,319.2
ebda16fad7182fd56a4ed0fc160ff47b,319.12
bd1f61fc15cc21dca7ca5f6786ab475b,319.0
7c5c5cd1a341de2b30d5d0b9d49391b1,319.0
d61912c15c5759cca29bdf28802d4f13,319.0
6def748a6dc9d98b0ed153595b1a6d10,319.0
b71f421805d1f5b43706d4c2f0db5556,319.0
4211bdba3c51ddcb72cc253a46b7c1bf,319.0
d25844ab8e3cfb49dad143d6b7c5018f,319.0
6a60270a2f63b9979e44f9e9519f40cb,319.0
10306ac6e28d0b63f5bd4477b093e063,319.0
4c68ad70c37728cd9ee84db3a179ae2d,319.0
61d1b9634e1dede347e7efc29450a3ca,319.0
215ead536a59b4ba1a25dc2af4f7e53e,319.0
693b9bd50b77ac44cca281554e425648,319.0
95e8963c827b2a4141366fa10ea8ac59,319.0
e653a6824f067a75cfbc70b978d512b2,319.0
6b0dfebc9be06d364c0d83c5e92c00ff,319.0
f1c39bf34c1d3f9bfdff418c6399418a,319.0
d204659d7a7e5e8d95820be143be3acc,319.0
71e684ecb0ef00675d5e102bfbd61ddc,319.0
19aa722bdebc8edaf921d50fd35916d1,319.0
88459b7849a26333bf51e15f77deb1b7,319.0
8502294d1cabcb2da925a36a5aa25876,319.0
51d99428b23627a102c5866cf00b7813,319.0
944e40c2d91f59f855f4bc6678d6c85c,319.0
7190e3096142c612e46f988bffd57529,319.0
587140b63abb380a13f3e008fb38ec09,319.0
33db0a0e285cdbb3899c6f634da3d752,319.0
b62aafcc2d7c2ad2c925b3e30984edbd,319.0
8760ab7344f7785a24d6f09b4fad0def,319.0
fc9e3765628a8e2f65090b2d28e70555,319.0
185e201c2309d1e2245d88ac8ef70712,319.0
28ec421c2e511974913b1f90aa0d1c22,319.0
10492206abde41009b952754aebaf8af,319.0
c32080bd1442f65f3859a01f865bdf93,319.0
4bb18efca428af4eea2d3c7bc8c6596e,319.0
0c1ce3452644c2df44c0162383acdd45,319.0
2ebb8dabaacb630827b8b823a0959ee9,319.0
9664b6f0b225b1992508a18243987f72,319.0
97b022c15435bd252146590f7d05e314,319.0
c6961250979dfd4fb65cd0e7802d3cee,319.0
94fc7152214303f351fb2a3a171d8386,319.0
21c65acee925fe47efde9bb2c75b7577,319.0
8600ee513f6bb72822838f8ed78de657,319.0
f6abfe23cd8425cc79033317e567b969,318.99
4d1bb864d2216b84ec6b54fdfa3694fa,318.99
d79f4a65ae3208f10ffa62977683c546,318.99
28297d9e3d16e0239dba1fddf699137a,318.99
0137bbd3e8c493cfa735b98ef18bd1c6,318.98
34922a60c988e6e3a911229a89beca90,318.98
047d2000bf864a26eb2559021ec958e2,318.98
8ba9765659c98e69e8345a1d6661fb93,318.98
a8a86d74aec6e1057ce989d0f05757d4,318.98
7820fb76c321c0ad6ffe4eb9fc1e5af6,318.44
1fb7addf69570523e63db8ac2f5c9923,318.33
a940a00ede64065c3ef0a2c928dfc4d6,318.14
2fbffc4b0be525d79262bcd945b22f10,318.0
522e731850ed7f3cbf10fb2d23deb0d7,318.0
fb7589492fcf34d03d5134549bfa5d59,318.0
4045caa812fa51b7ccdfa20437d66c10,318.0
f3f8de553908bdd20818ca14138343c7,318.0
46ec8bcd9649f0f7bbb179bb59d6702e,318.0
e63c6b323e4b6afb6a6d9b219853ce5a,318.0
2094c493df40a2b91440dc9f91e395e5,318.0
81e08b08e5ed4472008030d70327c71f,318.0
830ec88fee7a04e5a14260822c2c701f,318.0
91407787d7bd9fb66491183a8dee3188,318.0
a6c4086c5ec600d696fbc7acc81aaabf,317.99
5380c5d416978c6db0a431ad809ae4a2,317.99
7cbbdf2a9fc0a4e31714983133e90dc7,317.98
28c4f4d41fb30428592b5189227fc604,317.9
e4b7a517c164b0a527e81f5c25f9c902,317.9
c79d43c929338d5bbc433d57acc3d456,317.14
d6c8961c564c5fd099de1fd41041e25e,317.0
d8b28055e9083596268ba0a4fdfc364b,317.0
e2231800a5e5bbcb32cff22e6bb931c4,317.0
660e0623f4de30009f70361ecc027b49,317.0
a26c9bd12cc56cc86b48dbce2c886194,317.0
b75b98505892c6caa0292f5abe181ef6,317.0
5d86d96c2e0dcf2821a9f5b082e8bcc9,316.9
a4753a09e2dd635834e03369a218a718,316.9
b777e264df0b508f453971fb87c2a0b7,316.9
8148b073080f653d3a86ef8fc3dd6b43,316.9
7d9fd47eeb21776ed93f070d71499e0a,316.9
97a1a7d434c0aec55e81662dcc0779be,316.9
1b041c48f40d5b43b5a5d1a22b78cb4b,316.85
ca1ce0a2e3183777adca318095032f3e,316.83
4c529f790c9af49f184fc36151d28dcd,316.78
1677712a7d16c75d46e54b6c5c9218b1,316.4
7e2ca73af071679902a9ba14d7c3cee8,316.05
b75c55b5ed02d1023d89f72242c24fb9,316.0
69cf60bf94b939bbffdc94c48bc166ae,316.0
1fd573985161f34c098e4a0eb1e3ae71,315.99
90ab1a5224e5e1999b34c85f637a7491,315.98
7c5df4a2ffa11a657198a578c83fd58f,315.98
690f0d89fd8b50197bc81fb97fd89241,315.9
ec97536c9e9db7f83f086fd2195e8c1c,315.9
60f9e585dc9b496f05d64d43ec8d863f,315.9
6b9961cd2c203b4154482e717236a58e,315.8
f0a308d95f7fd39dceffab5b8976eb27,315.6
24fce6899f122da5bda9995cbfe7bf23,315.54
9db997475d52a7d1db44e91c13201361,315.5
f3f40ba7c9092d8f04cdd6548a61f7c7,315.39
ac78af59b222aa3851820511b5c6ff67,315.0
9acac19eb552df355abdb0347154865e,315.0
0f5eb5cde12ff4b4d609d8c4fb4e20a0,315.0
7569960cad6cc131f6bed0677b58b31d,315.0
10f785ba86bc0fdf97ffb919fc432181,315.0
4619492b155e0aa14feba59ad43194b3,315.0
2d7bb612055f3e72c58964aa484f5c8e,315.0
e67cb1a64f6d90b3b8b9c78cdfe91dca,315.0
773f482ab9464f99e7f8b5b93f92416e,315.0
e911b98a78cc611363070276582bb7ce,315.0
2f7a0d01d00f7711a9334e4266cf0cfb,315.0
d474e533438fe56c31460ebec1686754,315.0
a18c450e6894a2463743b1136a8ef609,315.0
bde4e157ee06c28735a5ed052ba76769,315.0
a44e13323a17ba1f64ba96c196bf845f,315.0
d059e9991c9f1a5dd61a7685ef03e5d2,315.0
8e47c128512416f5ba15d5453c342818,315.0
df70c9bae41a54346a85344839a3cfc2,315.0
01503d0b64036165c2f202b538de9308,315.0
197681a5dfd0b55a552f223225f5dd86,315.0
6ffa438bec2443707f4219950fa51c59,315.0
a8e569a5a0b98b1e496270dbaae45a27,315.0
f5dcbb401660482ff93b39d3aa1edb7a,315.0
55dbac78636b1d8d76aeea44bc63e515,315.0
7bc9b7017eab15299f2e16233739e918,315.0
9eec05db89d3d8863da0018d2fac099d,315.0
2fb3246810dd181ddc20c97084963686,315.0
8bdae6b4ff9bc7f4c5ad5394081186d7,315.0
7c0f72144805b7fb9c1e32d1f560a761,315.0
6d9200d982960db3b28ffbff6daf37f8,315.0
63c58c6aa9fe2497884438c6756fe940,315.0
36be0c3653ce387a9c5918cfdae9b053,314.99
782a99fb3433351a685f44522050331d,314.99
ca9d6522ba10b57d739f4ab202535b3b,314.99
2f8f5035dcf792e227ff708f37727f59,314.97
d21097b4b1d179c559666ecf79db44b4,314.97
c7a776ecdf532ea82ef9c3f6ce3027e4,314.91
f4eaf5d95978c53f17c3395c1d4262b2,314.9
00bb2dd15521a8a428bb530b4cabb403,314.9
abfa18d164717e434b6dfe7c67e1a446,314.9
6fefb2d2d0519552324dacc35d1f5681,314.9
2dd250ac642390d22d29cb32a10de089,314.9
37a4508f8d5befe35b0cabe9676f3982,314.9
e95af4958466a8d9dfa3e75117e95eff,314.9
a79c1acf6c236100fc4a14f67e90f69d,314.9
bf8e7bb7d25a116ac52bae3030cdde91,314.8
8a79aaef381ca7a2537b49081a0d8122,314.8
a2d44a06da0675bb88972fe303c554e4,314.7
4629c64a048bf8a64632d31b9df84293,314.6
44d7a0bb55a00642fc8e3c525e47aa70,314.0
e03867c72ac77eb2a2981e28ea0d0b2a,314.0
a00118294a1ec66f7811dae1e840b97c,313.98
aadf2752fbf607535468b271f7f7d094,313.9
b25aa764e6323ef0d2ec25994df073bf,313.9
82659d9d36476dcd64db2212d90f7457,313.9
0146c236b4c942e0ed107444e8a90463,313.9
653f04914c016bf9958458f9dd05ddd6,313.88
d6dee31a8528d1a9f292823e9d5f1320,313.8
3ddcaa7395065925ee6015e9c279ff2c,313.8
f9ec9152a60625fb6c0a3ae2ff266940,313.59
321cb859fffb6249ba9537e12dd348ed,313.08
0b59665de8b9b2f0a3dd51fd1466300a,312.9
4c981b98e93a10a4bab3696f83623fca,312.89
7024b77e0f63bfa361f87eb7e4d21b51,312.84
d43e2e7c5f8e31be75ee558015546c93,312.6
dc981efb97ab99cbc501010f754fbddb,312.0
b5e68fb5e0d12c368f0c52b434a69cf9,312.0
49a1d87f4c2d121dd5b5a210ce6624a9,311.98
40064aa35ea290a85a8faea0fceb00b4,311.95
32502607d5a44f34e36748b136e26b11,311.94
8a717a19b689087bd31b9b2241003871,311.92
1979060e7ea60e0c50f47b27e581cdee,311.9
36f565da5dace4bd09fa635892eb5fe5,311.8
c821a8b90c1d0df109200a6ca4926eb9,311.7
002c625393dfa194828b462a6ef8cb0b,311.25
9863d23f12bb601f16a36c14f5638a1b,311.0
da231380834f900e3fc3a958a1533a33,311.0
63bab0b2961c9ff106d7d0b0adb18e6c,311.0
7229a83df3a86ede0f260e81e41cfe8f,310.99
7e19f4a49cf2f5c0ea08901336e3d9da,310.99
a9eb0a1529c5219cec4f13899a5a58b3,310.9
81f010586b721342420324aa202e0c87,310.9
661a16885133c408f70a39abb26123f4,310.53
386124a646dba2aaea281faab04634f9,310.53
7c9c39b982c493070665640e2df12432,310.49
0e7729dea48a3e8539f24d888cfe3c69,310.01
a57573454880bafe84699ded0715ea5a,310.0
c652d1d01c5764587fc6e4ca301c2c0e,310.0
495ce07cde671e06c6cb9ddde646d7ee,310.0
42da83bec6f09f825ff65b49cd4fd618,310.0
98c3ecb51a496e47dc7cf7fcf7c19b96,310.0
bc746f1c6fcd8b31f1feaf2111a780bd,310.0
689d323ef4f74f6d38fee780addf162f,310.0
b5c8b2cf65bd49d6d1462ae6489fea43,310.0
c43c23b9be9dd58496515530e4cd5f8c,310.0
ea4446b4fe6639ea64c2bd4483f494f2,310.0
1e230d328938b07141e28583f50af1af,310.0
96aaf5651780af178def64669ec0d951,310.0
4f55f44c9af248a6ca6eaf50db58f480,310.0
cf833bbe73b3d8ddeb9889d4192b2496,310.0
fea82ef9a2e8e9b615df38f6b77885af,310.0
2199cd4bd4244284d9ba6004835d0d82,310.0
bba91890a5cb8746b8b51ece555f0594,310.0
629be91302eb3245f142822c647712e2,310.0
4529b4ef395aedf9efb99f2e529742b4,310.0
cff21f454392b393d14858896b612102,309.99
b9bc6f2fe88de6ce2ad5e8c28255fbb7,309.99
37c117383b391157a1e253b395d73cee,309.99
dfce4481aee6a265f49b2645535fbc13,309.99
d7e712c5296524f87421c852aa620d5f,309.99
61bf256e81b104925bc8323ddda7cae4,309.99
219ef539aa157378fa0534c9ee774c29,309.99
81bb108bff287a2e98e16008e1ce9128,309.99
9249476dff8f7a54d21b00f1423b5bf1,309.99
2e8e710ac67cdd26eccfea7c39f2fef7,309.99
ab4c36291b60116e8ecf34ffd666efaf,309.99
199611abfa6c811bdfb0195e478c9123,309.99
02d82f830047e8f02a1092bc7c6599ac,309.99
d303ac03982ecfac0840f33bbc98b776,309.99
e6b161af20f43a3ecaebea99e93bc1cb,309.99
ef33e82dcfe1d7e0e75624c35f17cb8b,309.99
ac4e328e156057d602bb4d7b146d5468,309.99
6e790a587e88f8751cf58bd0f45d8e15,309.98
d5c4b58a55c169788888d911886912ac,309.9
21dd1ac1e4a720eb485542edce3b99cb,309.9
f51793c6337b1ec28c51b89dc7a9ee62,309.9
64189e336678007d8130fcd712d4a2b0,309.9
83ed4f17f63c452ca60253582bd3553e,309.9
24acebc6460c3e8f61021a905ce952b2,309.9
6cd3c69c45ad8a995e52d8bd6b945397,309.9
b79dae897347b6c137d63e50b5be5b1a,309.9
884e5366e0a547ad944f0711a8e0839d,309.9
8054f5d9f52b925f4e23a53ed959010e,309.9
9c261fc5357a92197feb597b04d81a91,309.9
62141c6c69540e6d9038c7bb5f7cd8ab,309.9
b1e982d1ef75f8260db674aeff3d1a95,309.9
29dcc155cda9479696b8bf386aca3e1a,309.9
5ce194db2a0013852fdb744ac95ef05c,309.9
4dcdb96c4c889577e5b04124b6ce5cff,309.9
45e4dab8ec0beda6573700b2272cb164,309.9
e4987985a80c0f9415dec5c077e9e2eb,309.9
7b1536d40b410674d6580bf1a6883985,309.9
dc7997b49d45e3164246815f516ca5d0,309.9
5e81e1b0b6164c14269bb934e9c43c3d,309.9
a7fdbcc3ecc256a2b742dadbc3145f22,309.9
2127dc6603ac33544953ef05ec155771,309.9
f7f57fa985f2f153e3fbf2bafffe6cc7,309.9
0b8c055126a79bb506c592eea2ddb8eb,309.9
bbb964878c61d19d0f26b95bba50802e,309.9
498b577d46347e99e2134f84c42ed257,309.9
2e15b77f1422880d98206feb4ce7cbca,309.9
c8ccf6047e26411751b9ccf8a6a8ce27,309.9
62a31d294c310db1ce08d21a575c4144,309.82
e7710c3d39c249c8731ae1a9865243df,309.76
5dc9d4245de8364e6dd879734ea905e7,309.56
26397f9b3de2b37e5d21fdfe45d4dd07,309.0
d1ce771663ec75c1a8fb584ef7ccfaea,309.0
f1a09318e72e9fb52681f649ff77926c,309.0
bd5a9cf926384411a6c2f0696449a603,309.0
20f99ce26ab1dcd6954644b2d76102de,309.0
34cf0fbafdbe5c33c8e454e6c2fc5e61,309.0
8f882292339b2d49db7de97b3d9d06c2,309.0
f26f8f245b07a64311c95a966f184bb8,309.0
ccca7234c41036e347065fa34973201c,309.0
1d6a944bceeba3cdb4ad7a1fe2938fd4,309.0
6093facc8a1c13bd8499e221125e9d59,309.0
3ba35ac5e5254aef087324d19b05e37f,309.0
3b4e125304019edf064d24a81c22815e,309.0
9bda75a1455bb02fcd35736974cd9b5b,309.0
2f4f3a33fdd3e16f1585adfd18d93289,309.0
322cde09fe689509868ff2f526e50054,309.0
f120f070594b950c2921147b0914a8f7,309.0
7803785a8434033aa05bb601f9a83e5b,309.0
af8b2588c519cdc1671fd5ef6cc0be95,309.0
1f8092991f4b9845fb57ffeff3a4aff0,308.99
f86277a8adcfbdd6a35360bf4f928652,308.99
98ef4510beb1762e2d8ecf42663fc2aa,308.99
25b649c6c09ea11139ef9c010e95082b,308.9
d265ebaf9a745999a30e6a9eb778fe3f,308.8
ca39118cc8dc7a02eaea5bd20ab6fda8,308.8
27b151e6441fb44c683868ebf2a123dd,308.5
4e5aecb5ec6b900f8de063308bbc55cb,308.0
633564eef76e91d33b1cf574fa7ca510,308.0
c3da0840b7e9ccb23a36e317579b3422,308.0
4d9e2aef8298acb3f89d56a38e0604e2,308.0
f5d67d80ea93e8f9d93b3813c7f1b89a,308.0
744b23a304057f2b3a61781433d3697b,308.0
f1b2c0104dbd388db6988523bfc1187c,307.99
5f009a508f2a4bff928bae59151e9587,307.98
70c7804a7d4f3611fa109b8034298c10,307.96
8d4fd10d20cdc0fa3589cfdee2b1cb07,307.95
7cdb10c80796456cb0750c312ef21844,307.82
ee618af7185e0ce4bd6fca363a6c91ea,307.6
816d158f2f0fbd39d10c9cb1e06fb7d6,307.58
bf89b65c75259700abefe8c5828d7010,307.5
83b30ad928204e529d9df916d8e5539b,307.5
a22baed8eac75ef4873358887805a3f6,307.5
5cb5ff757d630a29902ea9b9699b936e,307.3
b4d0f712604684b87ee4d14c43a422dd,307.3
00fb49c2869c0797c3bf65f269f1510b,307.3
aac4712a1869e7e6c81ad015c0f098aa,307.0
d292b78439b276aa75e79b4ff8b9325e,306.98
50920f8cd0681fd86ebe93670c8fe52e,306.77
9aa6c220e3046bb40fb8b625fa1237c5,306.59
186da0669cec6692e20f9bb2f1985aba,306.16
aae6057b8281efa34faf1d9cd3f7cbc7,306.0
65dc25bff4bec30e42fdd6f14c8e07f8,306.0
856d198a0f044d71737a4f922b50b0f8,306.0
e584f02d9cfc953ca2236a5fcebc2fb1,306.0
16159ac2afd3d18126b2da94f0362221,305.99
5aa4c7864680ff21a41d282a548404d0,305.9
cd6689180f7e656793d39dedc25aa21f,305.8
9ea898ab4b97ee77a6694ebcdcb1e3c3,305.28
a8db1a617aa5a1a57f98222e589bc508,305.28
984053678c911516cd2eef9c66632357,305.22
3bb157ebb211d52c0dcae0a1261d49d8,305.0
a732e3e70fe678aca25c0e1fce6c93b2,305.0
6ad0ed6c76ed5dc462481347dba1288f,305.0
dbba87b8672b7dda2d33a7dd2f984b7a,305.0
25eab0a668582f49dec930e94eafa7ac,305.0
ec0e36562424cb40524a6f9052249aeb,305.0
18ea52dddd0eb6548f78b6a3545ed9a6,305.0
d5f568e92cfc43f0cdfc863dee639275,304.99
c5b92a8419dbb181b577750f8673772b,304.99
613386a8d17fbcb4e293f69172cc9a36,304.91
400388ceff640aca4e6523b05d161bf6,304.9
6b7773612d35f4b766f522689e092ecc,304.9
a0d8ff17d8ccc85262a9f8e059a03b76,304.9
426cffff769b755f3d032efea2afb4b4,304.9
425303cf0383f08e3aeac0ef4f6dac7e,304.9
b94c12a8801864a021cd6bd4d888d2c0,304.3
7d0e8b3cece66d111fc2d6921b068abd,304.0
a2378de6cd63315863ff5b54a9755753,303.99
0a0707897031df730c9ecba5a657fd1a,303.99
dd7ac74cff12b8539e9c6d3e641d4542,303.94
d45fc45398590dded7c3589089e5e04c,303.8
06133ba8a78671888d881e2e5f35597d,303.6
b477202dca6a3ad89828fdd5748dc849,303.6
e2dfb3ace8e284559592771149dc9438,303.6
412c3cae5d391915faf70d6058282982,303.45
b1daf464966669df96d346b202615154,303.0
dc044d4d4ee10fe14d01b88c46ed2d73,302.8
fee8071ecc5ad2f5b2831c4fbd9b3cdd,301.48
5e3ac279c965c02dbe4117b6c31b7365,301.44
e0883b000f22acea52d0256b5a866968,301.17
7b4bdf82b4991c98ec43c904139f5190,301.0
886518f246372db5ea23a9b6b8852d8c,301.0
9b458fc3c90b744c006fbde76f22769a,301.0
e1962dab54d985f90ad2a139dc2f5e54,301.0
46e753fafc19f9fccaf24a44d0aa38d1,300.98
4cf578782ee091c527c27a22b558a5ba,300.0
d6171dac019559fc2c9af9c2c6e2ff82,300.0
359154f73b6e8ebb538109ed96becdd1,300.0
f10fc34d76e5a41bb34fdb3c1530b68b,300.0
93e4405615f00d806d56b5a9f50516a0,300.0
2d8fb851ae0bb19c4ffedc1939b9559f,300.0
f02e1a594b4c9a366f72ca251c91da07,300.0
aa93b068cef5ac469de6f05ecd1939b5,300.0
7203eb38fea2b4a15dd6c39575314aa4,300.0
4ed35f69c9b81678f7a8b84323fe341b,300.0
a960ce8d18bec9e2d50a9b2a930515ff,300.0
f34e32b8604090d1c2a7f3b04c834807,300.0
74e5e0b3e3545d5a18aacd0ffc82138b,300.0
46c2f44d74648856f74f92788848edc2,300.0
59a862a8388fd8d470ba82f3bbbfe47b,300.0
399fcee6a49ff7c128f5521018897a2d,300.0
4b7cc6a668f938434efccce03496ea7c,300.0
c458c4ffe58158d0ea839472b03caa02,300.0
31bd0dc8763b2f3fc256b8fece76ecab,300.0
4bf0860a7a4807c9e9160cf4b6c2b33d,300.0
6f02f922fac04edffca4b545e5bfefe8,300.0
a213b9046b287f63b9c70da31ce60916,300.0
3531fdff227e1e951edf02468e53d9c7,300.0
84fe777cc65bf2b45cfaa88b6c1188e7,300.0
5a7346263920ecab0f88da703bbaf3b1,300.0
5b07b8efa4b0fb60ec1fb7e5cff88586,300.0
91a019dbc86c0561969f0534338f3f07,300.0
87a588f4d6a77083c035a56a392b1f56,300.0
a3c66f416db7ca66ddd3f18c16a1ea9a,300.0
1f4ee0a526add149673b89204cc86155,300.0
825f22f11d87d6a84f2d728e622923eb,300.0
e7a349570ea2a4f47b50b2db820cca5d,300.0
c1db10bb02654e19f7904e2699b69fb1,300.0
0d07d0a588caf93cc66b7a8aff86d2fe,300.0
0bb2df81f240ddaa795107ec087ca5c1,300.0
44b7920db1d5edaa1107102e0c0aee83,300.0
13b998c33df7f51c51078cf30c1ceed7,300.0
4daff91e03d519f97b49371de65d405e,300.0
ba84f5aea90fa9fb6db4fdb90cee0692,300.0
5a4b54cb9d4df46629f60281d0d001ef,300.0
250f08b15a366c0a8cb7f4e6ba953167,299.99
62cb8f687c3d125034c0ce2db5a5bf35,299.99
91bfd6acaab7d4ee573d273bcdf0e21c,299.99
8443f32ce8f32007d1bb7beca8f386da,299.99
4b56a0ddb5f1d77d435869636216210f,299.99
5fee1b2849ca2ad8d845cdb451b6f548,299.99
9861537e091dfc7425658421be802bc3,299.99
abd9b93b524054b9e2208a991e7b995e,299.99
6fb98dfbb5b667b36d0f0c1e84d544d3,299.99
7cb49dacdbac02e8c66298569cce53a7,299.99
c72f69d9a10067f1ed55e5e682f9f292,299.99
1936a22b0b2f39a03bf3fc96bf6b8fcd,299.99
0a851332c413fd5042a7ee911ee6a07c,299.99
758cf43c15d1a6b8129056272e212501,299.99
9fa6f4d5caad5fb2dd00719fd4dfd2a1,299.99
1368039bfe97fbfba5f35b31d710ff21,299.99
b82803d4b71a0f340486f85bbab4055a,299.99
4a2a832c77eb79506131e44421e1ce60,299.99
648789eb2227f5befd0cc1f6536252e0,299.99
e919fefa92c39ca09b28cd2f12487191,299.99
d095ea0fa060e28994724688e30b824b,299.99
7d2b61cc089a1692568ad66cd27c8cbc,299.99
700192c9b13d404047e50147fed3b544,299.99
6fe8635d5b006d0000c01d85a66ddf0c,299.99
ccba8aa1f34a81093f829d4d778ea6d5,299.99
a11b36966cf39cc44a686c7c6a085375,299.99
b51593916b4b8e0d6f66f2ae24f2673d,299.99
ba12c55c5bcba69b43a893e430f972dd,299.99
f9083a610cc0600871bc80e53dd586ee,299.99
4810aaf21cbaf4e6a887e42cae0039e0,299.99
4c0ec9d0d68c34fa2d98cec088a75f2e,299.99
f2798ab8a3f1da292e083cc273ad288b,299.99
f9808148a262b51d20e2d777eee6676c,299.99
f8de827b79379e8ba3b7f0c8c363b085,299.99
21a5eeb6e3adcff02126e809508dd9f7,299.99
c22cfbe35fa59bc8126c9be7d1e6a284,299.99
64c2d3cd8c008e1c280cdad555b2970f,299.99
94fa4c3814c097aa78f9924520d65f3e,299.99
2ada891c6d3c77be7c6cee36bd6605c9,299.99
c1268d9379bcbdb861e57fa5ca4b2107,299.99
09381117614f37b1b775bca7c3fe2bd8,299.99
a1749c06e30128cd241317600d73dd37,299.99
80f248b141558614b2049ce6d47a13d6,299.99
3b46d8d2e41d1c7c81a8b96268798706,299.99
1183d7542b4266f421d6678da157fc09,299.99
235dc25ef3e9ce5f942681ad165b673d,299.99
59facd5695202d205f03d30696325a92,299.99
f35fa6adf39cccbce5d32a9e10ccde88,299.99
80b85e949dafb0f206275a156216c1c3,299.99
f84d0d7ea2cf322d3255ed470e443de5,299.99
c7093c34ad7da76feb1fb87e5f6b366b,299.99
3ddb718532ca50ad1bc6895d5a9032ef,299.99
96b8b3a2b7aee3f6187009f7bf589e85,299.99
a611e03184c9393192290940654302d4,299.99
e445db8f5537b28f85a980838e51d122,299.99
86d22e8a6c25a9f25a58eb1a3fa066d5,299.99
568c55c132a5bd410113f0ce45225353,299.99
5b38f9ccd653279e6155a549e26891a2,299.99
8daafb5e7776c08e384b8bdd6b708dfc,299.99
13aff20dfdf7106cffa2b2222de09d44,299.99
5990c968f67702de9d23d27d91d4f902,299.99
943d405ed7c850846c11db9ca8aa2de1,299.99
97bb734166c2167ab5d8beaf637817f9,299.99
afc7c0510f7311b6d2ba790361bf00a4,299.99
f2994d32f55503a1bc57258f3d9ecdf6,299.99
123f593f6655a73fb519bbfc61f1336c,299.99
6f6da18312d149f2f0c84b624212dc18,299.99
a60e479a3fc936109dc7eec87f4bcfd6,299.99
5828538d54a34d26e2e528eb926a3a65,299.99
520552b6d92c9877460cf4d6d15a5cfb,299.99
d26369eedad84bda287c3a7c457c2190,299.99
4ffb336c1ec482582982fbbeaa7d94fc,299.99
3e2930de7e731ac3ed3a0b024aadbb69,299.99
367761aa6230c205368dda6029b34820,299.99
62027a3235ec0eb7e75e53ac09ad6e55,299.99
649107d090eab6138e15dcd83260d2f1,299.99
165cab246f7df81ab0c8f24880454aeb,299.99
1babbdb099e08e0494aefb32f438e94a,299.99
3fb8a3a262c0e12894b068f551c9f006,299.99
815e5251945f96c68c05d5c3500ab291,299.99
bc3170adfdb336e2cfb9457ddc0761b2,299.99
0810bec75fe542b1d68666785181d394,299.99
9d3550c3aadd1b8a6796fb8d3c42840b,299.99
4f36ee71cd2eb2ba9c1eb02b36baa34b,299.99
05efa0e29a769010ba9eec84a6ccfba9,299.99
ef41ed8ea9fd020f56c050525138546a,299.99
3a0cd0ac0e59287c5818e5dc9058041d,299.99
0207cb4b78c07d93bd1a82443c2dbaea,299.99
cc1270d9df7e21475cff6a853c440e56,299.99
563fecde53b98e154a0c76032365fb36,299.99
7843aa39f0f40f21f3ef45e89053c7ce,299.99
2ee52ea8b33b321f4402e2a0edc31eb4,299.99
2ff40950a6ed1f599cdc0ef052862ca6,299.99
3e908e835fed1043fef69ddc2b455454,299.99
e530863105eede13aab60014aa569bd7,299.99
1f42af7e77a5a54b16261ed44b747a07,299.99
d6c6231fe530ce9dcf146cb013ff74e7,299.99
440adaedab382e4434a33defa0fab268,299.99
f8e682bc0ead0ca14a987dcdab9fc8ef,299.99
6bed27564bd99d78d09c1fac13da56fd,299.99
e1d1dee29c972491405875c9e08cc86b,299.99
f5e85d85dbeb2debc1f3823cfce633c1,299.99
343dab1ad2a9c810659ad6892e7e4158,299.99
1216f129d061c7379441b835d619072e,299.99
c101f8de6e1a9460a39aea808a4d5720,299.99
1ff6fa617b2b77f6844df0191949925a,299.99
e831ead649a497d0ca8bc035f8fbea7b,299.99
8959f0ac02b89693bdaff818e5a09176,299.99
6da4a9737f336aa2e82f44bb0e868cdb,299.99
15e7ed68c86d784a6295c7b6a94673e9,299.99
0cd43fdae479c385b043dcbe71f99bbf,299.99
886dcd8a6d9fcebe7ef5fca57d474259,299.99
80ac4563a46bbafa45b2f06c10663a97,299.99
7508680e17b526665363d2bd205b44a3,299.99
7c07e516a60da9dd3c723fa02a1bc652,299.99
db2bae68f396fde5433217c9730d1b7e,299.99
2019141aafc9ca97502315c6c732652c,299.99
2db1314a679d8c3199d69bca0596b88a,299.99
681afb2f3720c1aa3d3fee254be18800,299.99
c66930207366cd639a04c2fdfbfb310e,299.99
aec8714e858d57cbd3ce1be905ec2477,299.99
dfb128d07f7da6edf0fbe08f7cc89c4c,299.99
aa2e9d6a786f96aaab74743384293503,299.99
8b6f2427e98e7c98770f5edbf05e696d,299.99
07c7380ec99877459637515df52ee55a,299.99
26228622b964e886bacfad4aee3a5b20,299.99
32accfa73a50df8affdd6855e8da62da,299.99
22a3fb1c07bc5d522ac4747f9dcfd440,299.99
3c0b720f2a9aebf70b250e73ef4fda63,299.99
8cba10915b6907ea55528a24f72a3099,299.99
bc45a57dc2dd1214356af83eb57a46f3,299.99
0eb2609516b927fa417f07ad4aa38fc7,299.99
ce57fbcaf7237a39de9782ccea0c86ee,299.99
86dc782593e50cf579660472db0c5a30,299.99
ba24be7f82de71a9ad1d254ff5198815,299.99
7e8489343c128db8db8b4972a4abf343,299.99
06be66243346e59b86a04d25496b19e3,299.99
ba819aec7d70f984272d9fa3c3475787,299.99
22daf6df7eb403c07f9185ca3851a9b7,299.99
34bfe52ce4ea3ad4ded0b42df62035a1,299.99
ca9e758a38b2f83b2c1a31e00aff1c30,299.99
f1884ea44780d4a7ae036095e5d8fd59,299.99
29d782b6904423bb517c73bbf85a77f8,299.99
8375daf7c9c3eea1fc3b36072672223c,299.99
21ed3e5a4e346b598ca00f8a849e0fd4,299.99
80a283a4c29bd55e415c4aec123f51c4,299.99
aee24a1fc1dd85d97c08c4e3dbdae462,299.99
fc6f2443283ec7170b178d24aaf69f15,299.99
eb261ab20657f854c87a943d653e157e,299.99
19dc2be7592f399eb8b754a5b44d847d,299.99
0e87a2a2e9346a2cf775f81c0d9ca9bb,299.99
4f298aac1f56b29c32f9f5fc89b0bdf2,299.99
f8cdae87d67f6656d53daa86edc2f488,299.99
94117baa4213389405c14148277ca6b4,299.99
d48ef437009058c792d57ad342b4c8fb,299.99
3d1926af745beb43e9b18338507cea0d,299.99
6747dabc507b18f4a1300777643744d7,299.99
3afc233bc5275efc139bd46d8bc5e30c,299.99
e9fbe7886163acf808479322d2b87ccb,299.99
8e9e95ad04f82a47cc0cc53cbf73d855,299.99
961550c2d5a8c8f344f070cd57768e1c,299.99
9e285031fb5b57b3d1464d8672b8ed22,299.99
10503e40cd8afbb32597f599442f3ae3,299.99
9800729155e4255834b080a60b6bcda9,299.99
01973489089879f533dd627cad53e7e2,299.99
8dea027e557eebfe8df6a9878b440468,299.99
01e8d5326e968623bf4f1b620709c1c4,299.99
7ab0fb5974a66f9941487996e432d728,299.98
9dbba2fa3f3df7cc62a6ced880ea920e,299.98
fd09581178029df57e2c1f177fc8ef29,299.98
3e8e4e67f5b7d18256cbd70ba568fead,299.98
3041378c1db16f083d4b3f9f6d38991b,299.98
b74584aa39691bb6fdd0f68571d3ba0b,299.98
cbc5c2f15d8c9f82ff20cbc15f656b80,299.98
dd9e543aa63df2f0c0b15dfd977f650b,299.98
e4f455e7f3768d5ef4bc4deb24a65a30,299.98
6fa98fa8dfe234b37dffdf3faf2986c9,299.98
f6b7b14d012c56fa8e843f6037924bfe,299.98
8e7f8c397aa4a27f05e44625e5b9f9fd,299.98
f7792d4c5cd1ffba242f7e8a4ecc6686,299.97
e661fdca5ba0b3e7dfd2aa9c3a081083,299.97
522798e320397e9049c8ec58d85843bb,299.96
642f858f2d65c052cfa9058e21181a88,299.95
1ec77d6842fe27fbd38a9341f7e3a666,299.95
9ba2d781f08c4421583109f40562f576,299.9
b107800c872a68d1703ddfe3c2dc961d,299.9
3d69958f34ccb5531b6ad0d8db7636e9,299.9
7d33163eee790347937a2d11c88271e7,299.9
182087b1558916ad385080c371df4fe9,299.9
8afa9893a855d64656f1ff2afc37131f,299.9
73631dc5c28afb245a00ec5a173e4258,299.9
6341f9c98bb22135cc86522dd3257347,299.9
b0634ba4b292e1b6245c84abfb52c27b,299.9
1da22604a27387196b8a4cf970336f8a,299.9
d157ebb8ebe34202c1c494d8b38049a7,299.9
28b087b4cc65d6fcf8043e95f978de32,299.9
96bbcbc8372c86da857d842dfda6bd72,299.9
73f0a3cab227be05527630b0172f3a27,299.9
9502835f586a82df0f723afcf4ce8350,299.9
6d460dff8496ee4d03a5b01e4deee436,299.9
bdf828d06745a472fb6fcaba6cd2fff0,299.9
a71ca5dd13acea58593869d51c812412,299.9
4601751d1f69b3849c08916fd2f6b356,299.9
e38a6b4ab8665483ee31d30c449b333e,299.9
1b806ef4577088d9b4ff4f5c686ebd1c,299.9
f588fd1fcd5274c4fecff58caeb194c6,299.9
2bea781be88980e68fb5bbac765fccdb,299.9
1a43cf85a4f3490e013bdc880c40ccec,299.9
eead077503efe240789af036e92c1df3,299.9
98748c370ddce9072c32164a357de627,299.9
085b2a422d36a53c027062f47b3b5238,299.9
5bc60d44810934427ba9965878717888,299.9
80fa64e989d6c0478aefff5df36949f4,299.9
bf919a6714a37fc4de08afea5d1e2b75,299.9
e09ec3a1c4e873153d85eb53c411553b,299.9
a55f80dd05de2d5245f3aac8df801e07,299.9
4d1a096b45676b44aed012205e9659e4,299.9
ce0518f0279ef8b73d94633720e70b9f,299.9
57e3c7b4d479d52601eae8365dc9aec8,299.9
a35f6705cc81ed636aff9bbcbe141b49,299.9
f75d762fd8605704c40b5a5afdac6b87,299.9
6ed07a89028c70e72899916c5ad3274d,299.9
c970514793f89e388fee0d848a07ff05,299.9
945919cfe317442500d71b4d706f29a6,299.9
c0dcfd2700b2e97ff3cb6534b72e7bfb,299.9
92ec846ffd177f0850f3a69b5ed861b1,299.9
5d83fb6702300aee684f3e30a1682754,299.9
524cc3abf1a67f7416b27a75f29014ce,299.9
17b7d8e62fd6abea6e869a06d83759e6,299.9
be07de9ad4a2d695556d343ba8caf439,299.9
fd3a4a98872b8a7531de4db63bece852,299.9
db4810eb355a4519838ae8a121975b6f,299.9
b7de4f270639c0be7a1d7acad731e1a2,299.9
8c025d3f46fb5c1269ab27b3aa204066,299.9
7592013487e6871d1847d76f0c3f9441,299.9
162b9956835f34924ca94c209bec0d5a,299.9
b94f060aabc0001e614ca7aca2761039,299.9
89c9e4085217b358939bdfb269edc709,299.9
2d0a0a0cf5486b4ba0c20331304305e6,299.9
b169e5830ded0026725b45900f8662bb,299.9
36a069e79c0ae8c66e4fcf2cb67bd490,299.9
d40d86343d1aa6a8a3ce63ab5a19d6b4,299.9
e63c0caef7383c445520d957f019a86c,299.9
20069d8437820f86e07c7036693aa9b7,299.9
584f7f6c5c35ae99caabdaa223783764,299.9
fc0505a97dd36f988806bba5178aef83,299.9
caf7d5509f2b18b8b71fd625341f9169,299.9
82c039fbaec6d8e716dac79611cd8a1c,299.9
60ce73e9775f73dbdbc1ae5fbd9c2d73,299.9
3a35a54bc346f48448704099ddd58107,299.9
3ee999a6658bd118c0ed27cc92e7e3de,299.9
67e3893327f25b943d07ec4a97f6a203,299.9
1ef155243064f7c445c0d8bfaec8e12d,299.9
f66bc8a80bca632c4321956543632964,299.9
0df19a6654aeb18d2951d9e08ce18145,299.9
c389715f8b1f89ba6f0160230cfd95a7,299.9
3bbbc47ac0d8276205240f0868fbf377,299.9
f00bb12620b7b232233cace1b229db18,299.9
b1790b3975230983ee9b9d6f3e5a9f62,299.9
21af5a6162295193843fcb0c06301dd0,299.9
ede594735f243320b1e1c24c854ffe94,299.9
45e3a54b29d4b8e7f1eb2e61433ad320,299.9
4c68ac94ddcf13e92380e40b5d56d2e4,299.9
48bcccea0c9620dda14842974c86ed30,299.9
dc66ab9389433904b412c0f0b4e14363,299.9
04ebc2712225141ac34d1ba5ebee0629,299.9
6a7041730ef9dcae33fed2a9356a6cd6,299.9
36215c1129f4b3642a7cd36350c00d44,299.9
6b8074352e7e1ec9d3a1ee6faf3272e8,299.9
f0e0e47278af8692f9b7f9f9a30d391b,299.9
dfe9ac4c1f62211a550f6979937c91e4,299.9
d9abf57c9a7f1cd9865625d2cba96053,299.9
0f1749055e31c2093f2392e8a639e1be,299.9
7d19cf02f00880944c5622eb2cae3834,299.9
1e7669e900934e588bb96f581c45d359,299.9
96c6d161a734e063fba237c7d58f75d6,299.9
534c53be11d22733e3eed9d84538fbc9,299.9
7046efd51dacca9d970559ea5be4a672,299.9
8feb6e34ca55c4b86c723f102421372b,299.9
af79714f72fefe9f8b49d45dfbfc6ecc,299.9
87f95f9915fdd883e0246ac6103b7176,299.9
d1957303e38faeb5118629ad84024cba,299.9
cd8b10b923d9c792b2549784392f15ab,299.9
e34a5355496d9ca53ae03df061e2583c,299.9
76d3872c6c68b6e86f64d0c63f54731a,299.9
f7f51e7729ab96c512a283d4a190a07b,299.9
74d3b928afa7a5a2898679551b835833,299.9
bc23bfcaab875a4cad5badf9e7f3123c,299.9
9ba4e9572b42c109f0939c3f43eb3e0c,299.9
f6ec8e3d19c8c405c7839b0389c5bb7b,299.9
7b3d48b0c713f931c8f285b7ca1a8f79,299.9
bb1eb76deae42911446b07fa4fcfcd10,299.9
620a606fe1841ab9e3659b68e137601f,299.9
6670ae2d7d0e1dbfd9b97d032b91a0ac,299.9
17b48716b9039a24c70737b99ae6c596,299.9
593380b36ff4cb80ac853aafebd9ff81,299.9
7ef37d8eeb572434ecba221287abe1af,299.9
18a4c896676ed4abae6395f7b521ab38,299.9
ccfec7e88d306fcd3e0faa0ba235ac7b,299.9
08ff8ee4ba2dc2a1ad0518273d841e04,299.9
c928b72c35f8bc9e32b8c6eea3160af2,299.9
108c9ed00e923d915a2e68840192a37e,299.9
39fc11c8d5b35f317879b697e7d9dcfa,299.9
b2bccc82326a6f4bc22b66371c027d60,299.9
96fbbe8005e67d382b0fc453a288be02,299.9
74a7d1d3922d5c9d87683edf0be614f6,299.9
4bbec098a5c18023d10e1c2b6beb261d,299.9
3f48e7ee718e4f29c8efb62e940f4b50,299.9
5c56a85aede459bf2e96c47af573ca04,299.9
2053482e414b4e2f2bd0dc9715f300a8,299.9
80fce2f155c56d38186ae276a2280006,299.9
756c49a3aad3dcb06d41238f1038719b,299.9
5b0b62f1a9b15dcd9499c439f1fe5a93,299.9
69c5993132dcb1e0f06485913ed161f5,299.9
75601f6db2d74a6760995934349dd9b3,299.9
1701ed88b1e8cb21051660d70d11d038,299.9
b8653dbffee7a7db60cba45398fd94ed,299.9
141b475376da0a47c374310837d2be95,299.9
3fea3d755a5a58b1ee95755f4d68efd4,299.9
08385777ab67885a2be27625c7f8de78,299.9
e57058a605651b7ac2852fe3e5a06313,299.9
9ebea242c3341fd8563bb832e64a569e,299.9
bde50ee04764902429e54d2514941f16,299.89
055b119daa2b0c88aa10a4e00a2dd728,299.89
472acc24324ad4cee482fe4ef5910dc1,299.88
a95086c7c98e7174f3dadd46b7be7b3e,299.88
368c14840a81d5c727b3407acb2f2fe5,299.87
1add7aecea2a636b86f6c2dfdc40dcf9,299.82
43553a559f05e8a6a4b306a55b2a1de3,299.8
47ec91745f4835cbed3efd0c5913134e,299.8
8cd77a8f5bd63acae0918c37269aba4f,299.8
e9c9f533d706b13484dde6fc7e97412e,299.8
abc6faca18c6e4b9c478c613ea2da98c,299.8
b814450275c3815ada3733398aee1a80,299.8
ad1e6270f2b9ecef0068bacaf3357338,299.8
5e289e8cd3b3f0416de203a17fac23c7,299.8
e83f91be888c7639e7199ea309040d35,299.8
c17683cfec7fd02fa5928ac868ee233d,299.8
6585b54dd5ac7f69a3ea0b4c6d6ed130,299.8
6e305e6f8be29890b5cd9b62ef76b772,299.8
f258cff84d51c8fa44aec46c624ee106,299.8
67049fbab04e981c926c3adce11f731d,299.8
0999c7720d666729eec4968ae4ac70bb,299.8
03a3fed0e96dca44d3d9614a4c83103a,299.8
70ca9d5b6288e8e734ae5183d8e1eb96,299.8
2f2608d59dd55a280542174b34c129b1,299.8
7b1d2286eac4c621d4c25dc9347c6dbe,299.8
9811b728e00c182da55cd9601dbe968a,299.8
3c3652ffccad55c942f2f2f2f67a6d78,299.8
66f6f1200cf04a1950b327fecf045fa5,299.8
64c6d788262efaaa051095da307c0bab,299.8
910061024aad54e0227ec718b29297e6,299.8
e52322c9ddf5421508cb543d91829c85,299.8
0725d40cb6c52b65e12719312d43d16e,299.8
03648b0b80b0733591115d811b7420e3,299.8
d7d536ccde7b524ac5a42e24b000d982,299.8
fec1fc12bd2473836d0a3f18a622e20f,299.8
a05daaa7b79d7053da895ee3b342cf2d,299.8
b221a1216ce25664765639f2753409f3,299.8
4048acd0a8cb4682c493f97bea3360d8,299.8
fb0d310584a5dc17ae09f817d26fae9d,299.8
827da8f95e2341afae307c5df74e638f,299.8
c6ae270b58b4692321a73aa741d183af,299.8
4f88e94ab992ddf656d58ed3c10360b9,299.8
8cd118ecfb9703463ef9670b1d18a26e,299.78
1f430b21c4a9a9c8c272db2699452b41,299.76
c8a84c4b2aea91e2cfd48a87ae2a8947,299.74
9f081be86699e3a0e6f31b91208a5efd,299.74
fb5050c5a9ca2923caaf504fce94ba0c,299.74
eb133f781391608caf3443da896ade64,299.74
b2ff945a0190e60266b483711041dba5,299.74
a7f052daff637569a9a4dbf03164e14c,299.74
9c96e21ca1d4fed3cd902dd77b9fca5c,299.72
c490bef02137db10e5a2d0095bee13bb,299.7
6b0135fff11f14781d72fc93315eec54,299.7
e0ed7435a85ba0ec18890961c9ed4d9e,299.7
95e37e43c03cc2031a994c5a554991e7,299.7
ea5a9cfca9c32849e101542a93f28fec,299.7
8f0d2d201106ce6885ab7b72beb9073e,299.7
a1ffabd3082ab532a3ae5ce001cd5139,299.7
a6ab19f6d9c652f975031cee6b867541,299.7
aa26d06d6a3115758bf39b5af7b53ac2,299.68
29e8e233706ea0290479e011ab628bbc,299.6
7351112249105109b7979df7a2fa2e59,299.5
61e64c5257a4101a66a2e65228e1191a,299.5
f94d884e29f89343c8f2b9c74a345432,299.5
a02334ababbac97e012344f330e4fbb0,299.5
d98e2b868083ab7e97b60803d6b805c0,299.5
20dcb82c76edefd2efe1da92ac45e31b,299.5
db62c7985127d9d4bf98d8c69b8bb2e0,299.49
db1bc36fe2a1a9eac6ccda33e5fba2a2,299.45
fefe47950f42fddc66afdf7315a36dae,299.4
c799766de6042338158b08fc7418df09,299.4
db75f12c87289bb25391baf511352864,299.4
a2f20e6dfed8f0935aedff08929ef377,299.36
c2c7905a166ac611b0423c61ad03e7ad,299.3
8fc0ac744c605f43f90c13d259fc653e,299.25
5630d1e56c15300cc61665fc9b5d8239,299.08
072d5af6d1c25d24d84182a5c1ce6451,299.0
b5e81bcc362ef3fef1ac24dccbe5577a,299.0
f83a98c3dabb2a63bebb8ed4302ecbe4,299.0
699233a1e789ebe8d05a9c32e654b2ad,299.0
47c87e5d66159cc2b5907f9892b4144d,299.0
532a03a72cef381fc677f18d3b9989ea,299.0
3ef8b5021ce1e54df184202310c4fcb8,299.0
b58a1676e51dec9ee146aa8f8a101137,299.0
3bc958811e961837de533256453f1f61,299.0
b1f0a629f39ec410be67ab09638095c4,299.0
df754dc98698ef596762561b4a9a9f1a,299.0
9c83b804468c03febbb92653cb841822,299.0
437bc0925660246c9396ff74caa4bb29,299.0
6a8cd2fcf8edc180f478cdb30c2db869,299.0
60d6b20abdfcd5d6925f73276c4304e4,299.0
87e802b8e48b28d75c1ace4856bec0cc,299.0
cdfe21141f5df77ba0fb20bef6621a9f,299.0
aace4bee47eecb6e46bf3c316a19813c,299.0
3529b35e86160baf0aa22a9770420250,299.0
6df6c2eeaad604627aa688ae063741b2,299.0
3e90b5882ce0e665b837de00a2a8625c,299.0
972adb33d045b9de171cc36a33ff6111,299.0
97e26cefab033c1e46bee19ea8341fc0,299.0
44207bd279cce3ea4df67d246f816533,299.0
6957a0b44d49ff48e3bb939fe3432f41,299.0
bf46322ae97e484afe52808f7e357ead,299.0
1f26384d40990fe4d5741956ccbbd1ce,299.0
1d5049f05b24a406472459b56ee9502a,299.0
5b70139504198431b1a8465887ec205b,299.0
615d41b291075c1c126f20c616625a12,299.0
cd5cc06ef4bf227539dc13d85a025935,299.0
e413b51d04fdbe619c2cb28cda3046d6,299.0
39a23021e4ee2efd04ea8decaff7b328,299.0
75b28a861ab167c1271f55c3cb362d1d,299.0
10101c15aec095b6078c8dd047739392,299.0
028e29b651eae6076b5b70613201c493,299.0
beb4fce3cca012c819c123cb7c8b3597,299.0
d66257ac03cd3b43b15b41b8bc1db3b5,299.0
390de7a8ca8084f7cfe547e3e96ed45f,299.0
858fc2fddb068b36f31568f7c9f2422a,299.0
88bf6f648e00e223da6d2d0cbad14ede,299.0
ddc1e728d2de6666c8a01a42901d36c3,299.0
e6c4709cecb11779b1172221512cb8d8,299.0
6f295881d020172597b6924cfd3ee303,299.0
0c8fca0ebf003ce1352d04675da28d70,299.0
9b867d3ec498bd0f095d03b282d1aeb7,299.0
b660ecb042da66e115e9f902b131de32,299.0
eb09ef2f28cf8c053eda6a633347f73d,299.0
f76262103d732ab3dc351f36b1cf976c,299.0
a518e8349ce9512649f447314de4ac60,299.0
657a3f64558e83b09ec3846d6ee02543,299.0
7edaf2c4de16b035306651cc8840587a,299.0
ee62ccc1b368643dc5205c67379c52fc,299.0
7e902211ea98633032e5cc41b645f65c,299.0
111dcb0d9a9858c0d2b01fffc0b8126d,299.0
2b52fe2c8577aa99f7dadca0efbaafaa,299.0
e478caf34618a0752f0924ca3847c0e0,299.0
b4d6740dc65324242332aea664f707f3,299.0
f98fbfd407aa1d89e5b962bb50598362,299.0
6837824a681ed42a70cdd4c405621f62,299.0
0615ccf2d9e2a40903c1ee5d96db352f,299.0
5e802d53b291e129b462409e56402786,299.0
e6ff401ceb156bf40f826479646a6c43,299.0
44fcfd5ab0c7c4858c5374ccf4e101b3,299.0
ea23ab6bcf9413b8841a1a69b9af0686,299.0
87b150746eb224eed45e54ee31dac9f0,299.0
1e427598ddcfbca80566d2bcd92dd995,299.0
4b8e43dd853460f32875d71e31d949ec,299.0
9a25fac300e359f41f45bd2b4b120ff2,299.0
c82bfd5208bae1e2d79618327033a22e,299.0
0913ac980f0f28243abd5b783ad27cd6,299.0
858b97964d9da7c19d78ae9529dd683e,299.0
704224f1e04b795810ab54c059293306,299.0
1a3604da5f3df07bf34888beea7ed6f9,299.0
892a4b93279589be2df63790a530a6df,299.0
5ce8c288f67c14cd95ca05b10bacdbe7,299.0
fd82f1f6243134cada673eb5c862ee33,299.0
2d15970d1c1a3b3671a4ad1718bc8c73,299.0
d9037ff057cfcc2f16b1abd6933dbba9,299.0
db997b4895c6d16369c97f2cc84ebb45,299.0
bb8b969441c3fd43246a4c244f5ce233,299.0
25bf4bb4d77019e2eadc14ac245225e2,299.0
36b7c241d7c541245697882622147c28,299.0
c3b654b6e5f9e0be36d1905e677b187f,299.0
c057b961b955945b62926b5feefaf070,299.0
465ad6320083538da0108d17efef1988,299.0
8f5c9f05443d58876bb8a1db1361cb98,299.0
2cba5015e98cec10bcb02bfff812532b,299.0
a94259e3111386ff1ae6f1c3712fe6fb,299.0
e0ee6f058f6afeb08927a7eb2d1aaf40,299.0
b31c810ce3c9ca8efb636a764db82bd3,299.0
3cbd4d6b547758ddba06206a68be0cd8,299.0
1427635e760b001127a0881e01f381df,299.0
7e44a2ca0368138091e7d001d33b1adf,299.0
5e4a6deb288ee0d277260ff584e7c2b2,299.0
555128d9759ad81dd318c2120966fe57,299.0
aeff643ffe546230ea975de5740197fd,299.0
bf0cbcf1fa2c33f5f6ad5780da1deb04,299.0
b73b4079d7fa128c7eb3905913ee7d60,299.0
18faa018136406306e04ddb1e7ebf464,299.0
ec7d43b5e856b72f416a6e22a83d9877,299.0
d3d565c549416cbaa1e1df82e0cd3a3c,299.0
c26c6a0e1e51fa3fc9151391bfc02a63,299.0
e683be6247dc326956832c534c7465b8,299.0
a96aebd402f8c5f3993d287efb9154a5,299.0
68456dc4d3100de151cd6cb77865acd6,299.0
a4ed3677add2e1f5d0429d8822ea340d,299.0
7e0b0aad493aeb53ac66ad26e9f83c5a,299.0
afaa50b702a3fd9ad44a2bd591ae53b8,299.0
1abfdac3f8679e9df8e679a10e7e392c,299.0
abd052c275218899a215aa3dc9e1494a,299.0
276f7f8085140651f29e5b5dff198294,299.0
a0d33732ba41944e1a398fd620db4aba,299.0
faf8eabf7679d19f12fc4610c45b90a7,299.0
7603f1a2c553061b4c6278c1f9165c49,299.0
e3b0ae006d2713db8338fb7557d9f322,299.0
dd67e5970a7912e2057d2af99b15467d,299.0
cfac8905cfadca4d7fa97e572742f93a,299.0
d568462c9f4f5390aca515ba350e0a47,299.0
a8d44d89ce95add58cf1e8a2f41304a0,299.0
f2b9813056286294a305b8267486b0e8,299.0
fe1e86b748fa492c6a59edd0cd4b18db,299.0
814c58070796da842b732142c1070eeb,299.0
1fda20eaf383807164578b4a45ade230,299.0
fd73481bc88400f9480a090a44428bbd,299.0
e4e8b2a1871ee98d1af88a1c049ba181,299.0
8d10ccfe7c979ef982e4964bbff62637,299.0
02f0bc4b5ee293031637b7e8d75a5484,299.0
e827d6d66034a4a1dd0cdff18f7c372c,299.0
18e6b781ea6f01f2b0a73bfc54aa2509,299.0
457aa02da26931909b20f4f92fe67229,299.0
ce965a35b8f462f3c7063723413d1374,299.0
b4249d0f0a43042537b483802778456e,299.0
7820d17bb31debfd2230c07a2028b9c8,299.0
6d523e3d78e642485876b7692d747d2c,299.0
bb630c00a0af458a077c9557a62e6c70,299.0
ae24f23860c6c45810fd8a7756a0d04c,299.0
f975bf6848e2b14caf976bece4dac690,299.0
b50a0774cd941fa6d114ea6f8ab0f7e0,299.0
11c94db3776634849fd8aad9e15f1ce7,299.0
b9dbc440e8e2b2b72d19dc88459f6794,299.0
796d054417f0f7134531b6af32578643,299.0
7ded66062983b795ca3c8362f33f5a66,299.0
53dce88c8abafa618eca63d23ad175b2,299.0
d672ebb651d916036211ccae06e322fa,299.0
190ab458165966495c40355f99a3cf23,299.0
54fe8a1a404fe193dd782edd74bc0317,299.0
780bc009c04d4dc9256dac9b2b5a5f5e,299.0
4a422428ff8372bc3413942eade34b96,299.0
fe9a30a8c40ddbb91c3399e7bd78c50f,299.0
861967030fce9a8f82fa9f91127c3213,299.0
1f0e878fe25b2df28171c16a769928f6,299.0
af74a1a52803a27d264a94205c651446,299.0
9184ad51abea1dfda9fd888af61f8e0d,299.0
935e36229a981c25786b94379bcf95a0,299.0
69a8412a11f514c90ac72e76225c28ca,299.0
5054aeef991ce66d45d9a75a5e157cab,299.0
f00a4a474cefac1bccc66ff62b005775,299.0
028605cdb42f4bb9653d81ce3116f2ae,299.0
ba7e6e22b59e7088657696e5efb7c5a0,299.0
bc450d309c1f7f595c70e89aa3dc7508,299.0
edd8c2ac3721ba85f5d39c010c316114,299.0
607dd59480435054b322d1dfe2728446,299.0
61320786e2dcffbe5d39773c3c59c309,299.0
cd3ad76eca9e738a7529dfeb077d5a7a,299.0
25349dd5f9f05ea1fbfddf1f5556d5fc,299.0
8e646577bb113d5a94d2a4eb50d1ee01,299.0
6573ee4e5fd374e19d9d34a121a422ec,299.0
d868db4e10343d69177ba7592e3ddde3,299.0
88a424b8aa5a9c123fe5fac76e7fa1ef,299.0
51edd3e2ce3240854fe38ea1a71883e1,299.0
15ecd23b1acbeaad411b5e7fadb5b82a,299.0
0798dfe8bcdfc6b4a6e0c4b44300b5ca,299.0
26ee6aac04c17013152233a0c471c2e9,299.0
da4754b8a97ba178218a494ad7b768ff,299.0
61444035162f47c4074fe3ad72195ee0,299.0
95149169752f33705244ee124d213204,299.0
82217a7ab915ad5b9bb04c51e92e29dc,299.0
441d3a85c8c869e16785ebc90287b4c1,299.0
0c40a723722c34bc40d254a110efb3cf,299.0
9916715c2ab6ee1710c9c32f0a534ad2,299.0
3c3cc838c1d08fbda64948b6502e92be,299.0
ced1e88369d78a9ed35b69777a7a1008,299.0
b52a321db50ecb4218ce66ec1811b101,299.0
9403d354eae44e50158601ecc4be7060,299.0
2b9a2797c43df2c10dc963becef73f21,299.0
c104118394af70c33988cf727b2404f5,299.0
43bd9ac0662a0b2289bad669b1addd50,299.0
36563caf711bd050e626f4d58e144159,299.0
cf3a0b3665ef13b81c8528d13fc15ac5,299.0
921ea7f6e2a5645d5d1288696ed9c953,299.0
f43f43ca7b596646c12c4ca7712c40cf,299.0
c52bab05914333612e4a4369a0d41237,299.0
5261db1ae37e32512f4e406d0db1a3ea,299.0
44588f5aa861a8ec2758d39a6a00cab0,299.0
025d5d5b392ca0924d3f47a286fe474f,299.0
369476ab6e09d8c6c1a3d59a662f607a,299.0
e6a01ce8fcce3ed1ff67b57f35a71c2e,299.0
8aeb0bfe3d5463fd1f845f933a468e70,299.0
2b4c285c63cde3581cb7d06b70db65c4,299.0
06dacbe0a1e05c1bca5d4dadd31ca4fa,299.0
b1d9e0fe53450b1be6afe138fce9dede,299.0
2e57077784d12251789b2742d5291ed4,299.0
3cea834e27d1758a55deea9a52e66e40,299.0
c90005ee8bf3ab38f851a33a51de49ce,299.0
dc75c9ef71e6cbda48cbe416729b79ba,299.0
090ad6d0d50a83c661a31538f2642cdf,299.0
faf021149b2f194c6fab41368a338641,299.0
043ae95888195ec551d5306f20e0420a,299.0
132385342ab2a512324dff11db8a83a0,299.0
e8873af8a169c9455afe59c168730683,299.0
e0b89d3345cbf9eaaa1bb96aef164b22,299.0
7ce8328be37a31141dc350427d967caa,299.0
dac62c0ce8fd2718fbd7be9d87d85d4d,299.0
9a6e2175536179a79aeb8fa1ff364cef,299.0
bddd41005dd16b3607ae7fae6c654ac3,299.0
c8c018e212ca340cf5be63635e834e25,299.0
045a67d23d3e4a1cc8aa412d8f8b79d2,298.9
97406ce3b7598fcdb519388974d490e3,298.9
0d34797f478a608695b3635dfaf86733,298.9
19a5bafbf7f95813571c00ad39534345,298.9
4ea34777a492f189fe85ab3a2eac1025,298.9
ef2493627ea24d23c6a4cb601f403044,298.9
71485e6aff99d0b5b003caf08e17829f,298.9
997c0198fd57c64bf4d9126c367b36e1,298.88
31cfcb9600cd06fceaf0839ab20c061a,298.8
f97c2ca5646ebbad59fcb3c97791e5a4,298.8
f2411713e298062d0de1a00dd767a335,298.6
d4a4bc52d41f89e12104f482ed6b6e52,298.6
e474230f2f2d8886595d470351fbadba,298.6
7736f29fbade4b21885578b5030282dc,298.6
76f65d286fdf5dd58ebf47c7f65c9b81,298.6
911420c471628353e4666a65eac5f0b7,298.5
58cc4d3f5e77f3ea1a9f93f1f751fac0,298.5
fb9905dff73be7499c32a25c99961503,298.5
3d34bc278b589f2d4f7486271fbfc3a2,298.44
4a18d5b47e8cd57cec04f4ff4cf453de,298.13
3a7e244f1f8ffef81a86d8d5d69a3c4d,298.13
c635d6979164aafc07fe03ee6c2ff9ae,298.12
ed49fe4d74601cca98f28b3b5f3f8968,298.0
68c91dbaa5922498621df16452ad4991,298.0
312f2600c780ef11495b2747d324451c,298.0
bd0da5acc435e2b0fcee8dfa11170ee1,298.0
231aac24c44f6705d59a8538a8d3c2ea,298.0
991818841077c459f7da74f4f9cde348,298.0
e9e5ffc30dcb7794bf60f1bd35d999b7,298.0
ca5a8d53f43c28c976ee6a54bb66d2e9,298.0
dde778728d07441a1911d9d356e3d749,298.0
9ba926ad01e17e9a308791ae9cb69699,298.0
c72f015df57b6001ea0d25e8a903ec5a,298.0
a8ac32b549f5f10fdcdc0d5c7cdd2df7,298.0
fca30e1c331e32b968a89eec1770ba7a,298.0
33cb0c38ddecb32941f083a5096ad48a,298.0
ac7e1664278c655fb99ef9965b4b5d97,298.0
52377ba56a9cb8c016e22bac30a53ebc,298.0
40790a4297b4613ae3d984e5851426d3,298.0
eeebc20cdf8c43ca5fbb2ad606f2663c,298.0
dbf548744fcc0f4c4f3a56d420e6cbfb,298.0
0172748409ef8a6fcba0660cda36f38c,298.0
bdb4be59f25a3097fc4cf1ff25ade1d8,298.0
6d74f8cec06871385a5e1c494a39701a,298.0
d8377b6daad072b33c9ceb27d1331c56,298.0
d423c36d945d1c3d592f6e75fbd25b8b,298.0
b8786a985af1e13f3b6f68abef5f5c2c,298.0
2de12f428569afe73e5e6b1b4e2f8179,298.0
829da742aa5592be758793631d4afcf4,298.0
8516176bc6e365c8bdd9ab15fcccb26b,298.0
86cee1a8d723e02106bd8c688ba3dec8,298.0
771a5c9a4f5e1e5eebcedd46d8440af3,298.0
c632ad18acd96fb52bfd4a4de51d11e4,298.0
14640d8ed2e2913c23c7fe7b959c505d,298.0
8b6bdea286edd9e9c17e7aa7b83bba33,298.0
c0c8b8bb055100a0cc08dcc04d847ac9,298.0
e4f17957b71e801d3141759fb0098eb4,298.0
d19e43bfc6c14d83b972cf699985898e,298.0
688d5dc30311f2b5c9deb3776842896a,298.0
1233914219140e9e67169768bf6ee593,298.0
99ee18b52fa16e29f2ba296b47e956cb,298.0
eab21889a85eb78465b7d239df693daa,298.0
a13a804ece7604ec035b47ee19e548e7,298.0
e312fbc885013d51ef2a9e03f4946306,298.0
85c864d898f25bc2b56b33d13aeae880,298.0
b4739566d73bf2c8a647f55e9aaa4ffd,298.0
d688c4f6c5a3cbf5d750cfffc6197da9,297.9
28992a56a8eb3e5ca6969d7483839bee,297.8
17dd52ad2465bdedb0c78d744ba82f84,297.8
7a6f04bd77baa1ca5f68a99cb29f6f2c,297.0
acb3477acf26f7afd9714d9470c23552,297.0
8b574f4c72ba3539b5a1cfe2429352a4,297.0
eb2a5bfb253eddfafaf07ae743a90b05,297.0
d82885c55f16d6d73b6cacd3f87bc852,297.0
a43b9483961041642fa607e74f87b912,297.0
246d1b806d240465bc8c33f4d80eb4c3,297.0
5d576cb2dfa3bc05612c392a1ee9c654,297.0
93a31628afb977c8a4ac3bddb9068054,297.0
53e10cb176c40df632c8250f2f3e5880,297.0
b7fa366f14d8a66cc1b3a514c9200a0a,297.0
78d97021c6f17f11e1c84245d5def5ec,297.0
36a1d03f4dcccccd1051003dd90261e6,297.0
efc42251198a2ec27b3d2235e199a289,297.0
620b70aca29bc1d6c4189c3f33a8667e,297.0
205a18049cb11aacba0e6e4ed2e45d68,297.0
777db3a2a4f052af7bbaafbc2c31e35e,297.0
f1c8bca25ab72158e4721761b51d7256,296.98
8bb04acf8749d480b0952313c6226bd8,296.9
477370c733868fe48e64bb3882ef1b4c,296.9
11349e424dae69088fac48186165161c,296.89
be5754bd42630f8f381c24daa762f613,296.72
72aa84f482e9441a8c1599c07d734e45,296.7
42bb82a17b70bebcc6090d38d894ea3f,296.5
773aae05bac914c36004d54d159a2e35,296.0
4da23965c5d68f0f29f9ca338c9c8b06,296.0
7cf767e41998204e0dc91c2270542d83,296.0
55c16f7e9ea3316a119a34d199c4f161,296.0
c234ad158462f9be1addcd58a1db44d2,296.0
98a122d3f5c1149f63abe85d539ffe44,296.0
96bb78ecaedef53ef3ac2745f906fe0f,295.98
5a12a1ecadb4e8f242c539926905d4a9,295.9
f8de7bb2c5f0e28c514870c0b3fbbe65,295.9
c03bc660c6d5ae4ff54845c3d7917686,295.9
e15a3239b1f0fc47edb0e438bb849eef,295.9
ac96fff137547e21caa549300bfae114,295.9
9739ff8d93cf3032dc57d7c0f20d0de5,295.89
0b1cfa043d7b3c657583172cfdcfee59,295.8
d76a58f32a3cd7ddd6b1b301e6562263,295.8
959c13829307e48e177d8301a432c3fa,295.8
b8e4ac09d4bd2a74ff84aca7d2ffd511,295.7
1bc71b602df36cf88f5f670d787f4f34,295.6
cb7a6f9242f8a283bcd9c6047ae5c8a4,295.6
6183f69ce7ffe6c72c33e334cf18c5ee,295.49
04d0ea09064b28a174ede28c73af8a75,295.22
c0175539ea180b6c5aee9342531b83af,295.0
1ad961b96eb6c4680a8c35b8dd426d42,295.0
0773e8341099048ea78ef0a38035e4e9,295.0
256259930a0ca3c61844e90383be748d,295.0
105c098c8540261c006c95d3ade77198,295.0
134f3a400dc4f7b090d33194c814623d,295.0
a45ca5e6fc32bfa5bfae981107d3ef27,295.0
eb9ac2d36f9e49d767195ae6769f27f4,295.0
23bd7d98eb7c09345bcfb6796cbca4bd,295.0
8ac4c0cefe23be1253d26730adcbc3ab,295.0
ec450e291bae7ed8a48269f2197e3f26,295.0
6feabe0db8240093bf5e96f20c146b23,295.0
0bfa1bc373e0b5b09842638f464bd547,295.0
0980fbc9da406c4230f108f80b3578da,295.0
5e772b004f705143cc7b1930de75284b,295.0
c65121f92dcf3a7d5a7b612ea1756bdc,295.0
6d52fd2bb97581b9a3fd5998e06f5c46,295.0
8dc9064ed50605925c539815b560c78e,295.0
dc04bfb55313bb15d71cc9c26f7cf6d2,295.0
fac9fb409cebab1add7cc9f5ece2beb3,295.0
05714f8e1d0dd41cfe8b94b23166f793,295.0
4b363e6fce789d1f4e9b86c41fb88c5b,295.0
2baba98379e3fb1bab9d4feba6b83503,295.0
dcbedfb087496e64857829044630a2b2,295.0
f24453b720f2c68a53cea2a5611670cd,295.0
15df03bd579b23b85e60f0df52b82249,295.0
4338285648648cd4a82f4498801ea736,295.0
fa1bdf037cd6f8b9a7258b6d32a35f06,295.0
df6cdf2fd963b603572592b0cbc34fc2,295.0
cc112698a2befdee9bf58dd9b67d0cfa,295.0
70888a8bc0e96010afbef708b3fcf950,295.0
d5c50a4808a9de6a4fba919bdb8af8c0,295.0
692dc549243e0145a972979e8d54a16d,295.0
b9a1b1524f43fd2fd495284b6a04602e,295.0
ae8dc9a1f298680124ae2dc18e37cb34,295.0
3f425c05ff2b159dd7ac24ff725a6b70,295.0
e5ecf0fd57d412d1dc41e13b2816c3f7,295.0
7fa0ece685214f548326f60d4e038b8d,295.0
847a20f9ce001b11e713541778751e50,295.0
5cae1392b852d8c16f0520891f09c912,295.0
3af06309cb6cd6fe4b2c6999a0816161,295.0
7c6d6a76efe8c2c8471cc574ae47a697,295.0
89a9c5b796cc976df69653a4c3e1d9a3,295.0
36fbc4c15c4091e773c854faa9713ff5,295.0
229300f9dc4908a52517c276e790e932,295.0
92db95c5c6712934fb892c519b3aab15,295.0
b4d1b74099bada9a8d7f3d5a95883f74,295.0
96921ad25d266bdd979a8106edcd1e57,294.99
2936c32e0ce4f5aea0cb860487c99192,294.99
56fa5b86733fcb9203489a4b36c6c73f,294.99
7428ebf9b65a9179a769e6954befa195,294.99
6a838ac68f33f20d8149fde39fe6f294,294.99
4fd717f8365e738dcca2baa0ff70a52d,294.9
e5c028d5061c588c7ab75a3b4fb9a69a,294.9
f4b9086f01c510bfacd581b2f59d6d0c,294.9
6396a21463860af048e158dd5aefef7a,294.9
a0c9d999ed3500707f8228b8336e24eb,294.9
3621507d73438a6c5035c3fd631b7a92,294.9
ea4b4e3e3f339a13d491b41ded5bf3ef,294.9
ef21aebbb093a6db29ccc6aa0b89c347,294.9
bb633302ed9e9ab6619faf5f96beeb57,294.9
263f08928d545639dfa5d97cf715eee1,294.9
cf707e5e149e0b146eaa8e9184d169f2,294.8
f1c5f371248aaeb09d6a1a8b8efc9bfc,294.8
8af25ba3b3fcd4a0a301cbdc78a34778,294.02
79bb740237c04c4a93ec282b659952be,294.0
aeed83f14583aecd0c82d49c45a833a8,294.0
65f1b4bd7d1fdc72609cf60263022c98,294.0
810715abf035c34a06b6690f805376ea,294.0
431837f2d214f5f1d55cf189aedc8035,294.0
79101712eda4b5d48da47568e1720514,294.0
b7ac02c7140a36d272f16840d4a55871,294.0
08226425318d264796a7b7e32b9a1bf3,294.0
427a0da943989d4f9160080ec47d727d,293.97
3623d890daeaa98627c13355885d1a88,293.9
312ec22f9f8df7a4d0d911a806e2357a,293.9
e481dbb0158aa5d89ece91768eb824f5,293.9
96cfaf71faaf9a904c4045fd835853cc,293.88
43d0b98cf4059ba669dbd8c7ab54a71e,293.7
cb85fd1337a9b227e49fbcb893babd71,293.5
91aee4d0ee42a532d122d9aa9255230e,293.2
640670a20829c18a0c4c6a3d05b79a0d,293.0
6e1ec2c5b36319affdac7ebccc601a19,293.0
4449f5b696c59a721893ab94915b6b3d,293.0
2731bf1c00685708217536d50bd1c8c9,292.99
acf93fbd81965a5131b63e3681954539,292.9
ac3fbcb5772c50de636f614e8c6459a6,292.9
508d6ba2adb4145700984a9c3f946cb7,292.9
e5d6a26a0702f41801ab6ef25181e00c,292.9
2875e22397256efcea0111baf6ee3d19,292.9
ac5baec50a0a561a000ed259814803cb,292.9
8c11dda15b999a9f9ac9dd43d91e26e5,292.9
2254b43cd84d5a90ed4da40ec794f853,292.9
a0984b33073988cd7715c8546237843a,292.9
e9887a9874d592a5904dc3b85187ec42,292.9
6e63f3bdb71f1192e632bfa0f1979fde,292.9
ca39acfa3cd47ed2dc3cd99f34f400ea,292.9
c5fb3c3494f2aa02774d5930a1f981e6,292.9
68d7fce44a1b7df663bc8086b9aa5d22,292.9
859db6b9f2a220d350e2feb49ac0336d,292.5
cf544342dbae7bd5aeec9184995191d5,292.4
9b74cd824a37742f10285243d2c0ad7f,292.37
6bb61e20ad7cb7dacb55ff30900f3623,292.33
2f9902d85fcd930227f711cf47012bdf,292.0
c6a61ca0eb08e3c60bdcb638c921691a,292.0
58e4ed2adb6f556ab8292a2bc9a280d6,292.0
8aec80574a77596a9c34435bff6b62db,291.8
5c7166c05e0f11daa658c0e853141ec8,291.65
ff2e6691c5ace08c9c5c3109f6b4afa4,291.5
592c036b000783dd7f898c8630f0dddc,291.0
67a271d976c40ec0969381f5e5e3a240,291.0
e4b3914855484b3bf77b28486d0247bc,290.99
7999bbff150ed9132667f5c350d45c3e,290.8
a13b59f2362357007db99730023baa32,290.47
95d547a25fb680954f9e73390afbf17f,290.0
eb9bb0ce9f79bdfd32e6fcb1d4a1dd0c,290.0
3d74941245d65a43d206256df9a88a89,290.0
877f1030d0bfa36ca291ba656804b3c0,290.0
545437b420c5314158794b5e5775cf57,290.0
48f63d0f4a8bb792750bda63710dab39,290.0
2b9f1825765f0c9856589a94d45bc165,290.0
2d501042279d9347f808c2274f791276,290.0
e489a88e2064b5ea8970d11339ac8f15,290.0
ec9919f351c71bf76009ab563d87caa9,290.0
813d879c483a0aba3c6aa0c9622c585c,290.0
e7679548f90781fac8359cdbe2e2c729,290.0
f0b4e79c89690197def176b5916d2125,290.0
af75138c42a3bc72157eaf45b6da592f,290.0
8daf98257fcecfb8357d9f64011b654c,290.0
a240ccd156413c662c6b890586035887,290.0
0f37b06ecbf83e513a4cd2dd2047e106,290.0
e014a175e1f4895640138693be508ca1,290.0
f614c4aa1d48064ece3e56f6e9b43ec5,290.0
e99979ecd47f84f3d8be57c2a1080ef6,290.0
48e0af4eb65ad95cd0f6235295d56b74,290.0
27e3bc07d48b431cad4ce1b3a1de6129,290.0
bc27754b418ead128c0fd41cc14f81a2,290.0
d32a6b048fd35e64ca76936bb399f5e9,290.0
99e0d264323d48ab8442c307fecfc947,290.0
acc4192446cc575cbd79a14152e809a2,290.0
501e5b016fc09bda702e55fec5be78dd,290.0
401501207df9d38d6119beffb7375741,290.0
910b83416543090fce576c3a995dac2e,290.0
2b711ff86498779615aaa02c06e022f7,290.0
2b41897755f70536c8cb5d7b6123fbeb,290.0
e24f621755e64b057a5cc01818cb39ac,290.0
ea900ee2e9dd8860b8423bdc3d397643,290.0
890c6e206d77271353668167a369a6e0,289.99
7972adc90c55b1426a19d090b47a8a1b,289.99
ca12a8820b7c20dead023c6604cd8f00,289.99
a8d4d1b130e1ea35c634a6cd16d52cc8,289.99
706c5c694c0a736613b82ea666f1765c,289.99
3d2da3646e124512b39c838ab05b67bb,289.99
58a15aaedb05561fc5187f0d1e1052d5,289.99
6dc14e18b3576cd71226e1b59c1d223b,289.99
6353fd2dcf4fd1323b0152156c37f4ef,289.99
0f05e588071d6f2f3b4f27576a1f0ab0,289.99
1ff04bdc0e385bc213c9abb01256c365,289.99
164616bf979d4cf2295c1627010df2ef,289.99
76d4cba49c7c7f3cafcc7ca48d81d03d,289.99
66a6706f055fab5821f25b0cb8b02c15,289.99
e688102208c1564afce92d987656bf29,289.98
7d1e5179bc9a15bb041726618ed35d12,289.98
40efcb2188d8a35075b6ea52d2302943,289.98
5a9e4bc91585c83d0c13d079969094d5,289.98
b56ee98181afc3948a758d73a08423de,289.98
be8629dff2b09053a8d2b1d40f1b1b37,289.98
c96dd2c130f726c251154d10b21c50ca,289.94
44503b73171f81899a6a70132d4d403a,289.9
e9e5f7799a82d42f2ed1eabcbabfdd56,289.9
aafa66416bb386613deb6a1b9c9ff082,289.9
98bab3333501e5426408e5f68c63d972,289.9
7dac2d2be0b88202e20a740d1ead62a0,289.9
f6fd1a71023d22a9a49c52aaf3a904cb,289.9
b1d18d7e82e61c0226cc8588d609cb57,289.9
b32b05c0935909a9c00fa3bea8a29e5d,289.9
4d2458e75c52df5f04690b4726d9b10d,289.9
2cab7eee9c179f0149439f5c1f8dcf9e,289.9
97a042d0a8b96a3b65900c89845bf2f5,289.9
20b21763accd4a567f5d11bf8e89d322,289.9
1b72867b2a38d4e787de4a1d5fb65ac0,289.9
e4baaeeac874d1625171dfe5e7b3b295,289.9
833f560a4b6ee7d4fc17357b04378e59,289.9
aaa95ce92e51238b17c0bf187bf57b7a,289.9
0766e8559ca223a62bed916c91eb8e36,289.9
a669b020b336a5e0e9d1c47043dd05c5,289.9
210370103d5af0d119b9871c0b4435db,289.9
c3c705bc2da08d28ea0c6a1350747fc8,289.9
7895438ecd36a2f65b03b2be35b02e19,289.9
ec76cdd38f6d5f215d3e9b57a38dc3cf,289.9
ccc2a5577a251f98fb39d90e7fca0c78,289.9
9ab57aeefaebe10f470365dac013a837,289.9
88fb6b71e1a0ebee84dbb5cdaaa38ce7,289.9
714e71bea93777c3bc2580bcacbf68f6,289.9
5c5ca003c071d601217cee768b2a4b28,289.9
e116cc872d298c958010d6d0b888682d,289.9
59e890e32525bad97fccd7c24130134d,289.9
d98bf734145386e62f72080c11e3cdc2,289.9
7f2159aecaefcbf20a42bb7f9df3cc28,289.9
9688408b34c468b57cd16b38bb6a5e99,289.9
f0ae114efa6004f2a4da63ddaae96edc,289.9
5e320e6a4f03e2e74bc22e1158237fbe,289.9
b3d3bd9297ddef4e81dc0f8661d605d4,289.9
2f533dfc8d858dc1947251e5d0d8b157,289.9
a4a02a5a0bc285e311c14dbdbfdb4269,289.9
07c9872dff5069c277abed8f425e133f,289.9
cb6d1df0f0d9b6245975a002383419da,289.9
a30188dc4c8e67dcf05b313855039c05,289.9
124b8498222b87507f630671dcf95385,289.9
cc4a803cd5085b0af9dfd85e55164e75,289.9
d7cca737c794c3efad350217fce55d6c,289.9
37e8d4bfba774a6a343e5c89275e969d,289.9
a205407473078b5529f6654ae2d88729,289.9
ac1910c069e1fdeaffd4ce86f1245340,289.9
cc8051d0a68c5d5e3b6d10ac3d29f864,289.9
6920a12554f2b5a6763c56fe38b84510,289.9
c6b64401a0be444212469af843064dda,289.9
3f9eeec8455219ec26b9fa6a2c8e9014,289.9
0d647c9d0665a42436b1286bce3163e6,289.9
ce1fc521645083f008569f9ab85325cf,289.9
cfbae2eff9ff8c8331a20155e3dbcc01,289.9
f388da80d7f9a29735dd482be3995dc2,289.9
1a8f9797e26ad6be74e0ded9c94f727d,289.9
df5d73b5955c19fc6002b9de21714ffb,289.9
e794bcee9c3289fb13024bef2f6599e0,289.9
9268658a80eb05375bb92ee7efb755d6,289.9
eeee9d1c48539af62348268fab136e2e,289.9
f1faa32b3410658ccb5fde57eb7adc50,289.9
1b5d94c383719290f813751e9253d6e3,289.9
e9155190b15b9ba34f65a95131cbc7b6,289.9
ce0ceb45fe0c526c8b6959f36131687f,289.9
450f484b0a3d89d8728a50225c34cda2,289.9
81c40aa1c457eedcbf99ad628af078f4,289.9
abc04b2e7196b64e40603beb7d4d392e,289.9
8af426a6bfdde9b527d94404d0fe613f,289.9
cd92a0545b5fb6c559062357eeffb1e4,289.9
0e07a801a6729369c02b88f4d38388cb,289.9
bbcf8ece3eb8126cd7e507284ede76c7,289.9
d81d1cacf9539ec096a3524d7923d932,289.9
fba91f2ee61cd400e7515010da70f452,289.9
8610b520601e1e478e7ae1c351808d7e,289.9
53f9e8b5951b3192ee519409479d4d6d,289.9
9291e7976c7aa457a9fa441a5ca9d48d,289.9
107867196b9d0e75ebed00d7ca3b721d,289.8
6ffc5c7db076d4d7d9fb93aa62993bf5,289.8
a09cad700e500bad87750b957538d348,289.8
bba9e2a97db97c59188ff59562b430a4,289.8
7a3c61993e2404bcfa34a29e12a6ef97,289.75
0fcee0348735ecb82c1a60d021fa3ea4,289.7
e196a100446474c3e476a17fcbe8ac02,289.5
ce2172509c4149d65212484eb761bc37,289.49
4bc9f46f3c7da8176327864a20730df6,289.0
5cb2307ae35b44c9dd90f76c649b99b5,289.0
9aba87c74f5eed0b71841c56eebdab17,289.0
37bf6ca0a677445a3f521046ba630f78,289.0
d42b187f05a3ad462f61b718ba871f05,289.0
bfac8740e5c2bc66bf3779ac81680d3c,289.0
6ecaeda783d8f431098652d8790f8fe3,289.0
d486feef34e5c0ddfe100703c228574f,289.0
69898b8f33773019ae266bf85a55c934,289.0
7bdb3efd72dc6a577b3f155442919872,289.0
1ec45894c892082b5dfbe9ebf5c74078,289.0
4f4cd251d75704c981b55116cf3f7ee7,289.0
78003bdedb0e24f82a2027221622ed27,289.0
94f36f6c04a60a56e269ad5aa80d3271,289.0
4774c5d956128e012215b1f667990658,289.0
520197ec7846ba49b688f810b5639b47,289.0
80bf2dc073c61bbc818115f50bf8cb15,289.0
652d6dd1dd15ad4a4e6537e4f17a0ce4,289.0
40797962636b8f583ef5f5079bb1dae4,289.0
f8ea9a3f142e872b1e796bd1e809dd73,289.0
c0533f378549d3c71ab4d8a34a55cb1d,289.0
6b4374468fd954e55334b0328f83c275,289.0
5ccbd73eb243ababc827c7604b137faa,289.0
7777243b04d7bb4fd314227e2a7d9997,289.0
5db98651e49e635f78c2d26f4a806efd,289.0
eee2b3edbdcc9e6a0af7327a35023a10,289.0
b58ba2d9ed6e045b114e7e6bebbebf47,289.0
a0ee7f1932f56d7da78ac20e2369ca48,289.0
1ece07e2253ede2f81d2c3c7342232a8,289.0
a79ef0f63f2e7c27397ac0ff07609be0,289.0
a801e13671f0d153d84b6e3907637afe,289.0
1197cb588d4f4fe1169b633a1d525ee6,289.0
82551e1ab57801c1525f0ffe428fc6d2,289.0
4c2c68d88b09e3758eeac9a4cbc8248c,289.0
c4e81ec2531f2ee6fb47346b9f7326bc,289.0
d1edc9caf0eb9ebc2c96feb1e7d62817,289.0
2bbf7f0d933e52c5f49be30d8cead4a9,289.0
2013d892495e1a101d742d533d2d1119,289.0
53d0d57a831ac8e59163b26f673c286b,289.0
371e88339651f429491a4d74517cc8ad,289.0
d6022076bb098bed34be3e8b58987faf,289.0
36765a285b8eec317a265593dec379d5,289.0
18df50d79545e4b86e36986c7271156b,289.0
676dc133e16631c5a4329fa53d7bfe3d,289.0
bc3327481eb6481c9de552b1b15abf6e,289.0
29566b1a3f2f8a3de8ff9bb1fc5c5dd2,289.0
26c3ccb63c6e599268b153a87eb1bb49,289.0
715f38d3b677f1e88e7516c3018bb241,289.0
d2ad2ec811f6d50fc1489449de3fd716,289.0
1b566b82a558c61bab2da9bdb9ba2e97,289.0
7d27a8bce87ed5709757912115ec8afd,289.0
76c6605f9d8ed381bdb519c6714e0c5c,289.0
ec5c23a85c01c4b2bf87caf6d38c8261,289.0
18b70c2620ae375bc887c4a472178764,289.0
359b9d6f7f8977275076290b0e6f509c,289.0
8b49b977b6b9c7c5f5c231f11b0d019c,289.0
b3233ced1e274baf2f7079866bde7b57,289.0
5ad19fef350cb23a9d20dcf861ea05f7,289.0
de79877745fff8a64a1007de3241a237,289.0
906fc1ea0860711038f88389207bca8b,289.0
0ae049347725b398cd98a9efdb2bcc29,289.0
18955e83d337fd6b2def6b18a428ac77,289.0
3b9bd84c3c4f91e956798211b3860c6c,289.0
a7ba98528d4d1bb722a25e574d5a09cc,289.0
366e99a4996b3f8f781b60d7549f9e38,289.0
6b170d60eabcac609caaaf419e9e57f1,289.0
79afd29615c4aa21d2e7f8f898634e8b,289.0
a709af5ae225ec3a6349256ab23d7252,289.0
c33114c421c66c3e2c993bfd3abe17cb,289.0
cb84feb37e33596f4d93c51a1b3036aa,289.0
6668dac2eb65c90a4b5662e8d5a38514,289.0
44c1de7065467e83835227adbd8af943,289.0
388ccac2c6892d0d2e576673da514910,289.0
d8d4bfa3aa3d6a7fa3760a50e532383f,289.0
6d40c0addf1b97e24b37fd486c3ddc55,289.0
19f3c83341ec348811baabc1cb10aa6c,289.0
8297545d11104871ff4516789a25d3f8,288.92
f1fac83f7379e87097c48374ac09139a,288.92
0f8578d7df4151708dbebbd72050ce3c,288.92
5fab3587c62eb407975fa62dc9f9559d,288.92
6f1f14b51bbc02c293a1429fc4d79826,288.9
987d489e68b88750c3f60a22c29faa18,288.9
19b56789ea957b09b16337c78511dc82,288.82
ab175dacdebe79d6ff8a26651a824d2e,288.82
a0e89f9dfbebeadd73de6bb72471decf,288.75
3946163f3eb34032e2d75ff2b885fb98,288.66
0bf8a653959904db413cc2f379facfaf,288.28
5ddb3dc4aee7f86a48f39e2d1b836a41,288.02
475498fb1a9473fd095e2c52e91ddc46,288.0
a5be4a065b34b1681afd223a29fd2bde,288.0
4721a5a77949f6af33ca1213ddc4c8c4,288.0
2b2d359a435f18e958b8a5671b9acb4d,288.0
747c9185f79880e45fd101dc65149f21,288.0
4405d7268b1646ad195df880a70dc5da,288.0
a321fad7152b7496ab9f1ae365fdb3bd,288.0
bc5656ea87458c3268d24ba023eb420e,288.0
e516029bbcb3710bc5e9909c47c6cfa8,288.0
c458b7d924dbf3e547f4fe02a7229d9c,288.0
f26b7c2fcccc65373668a87f61c988b3,288.0
5c62fdf1110532d6dfc480eb049daf59,288.0
bad02fa91ee4c30b713b2be4d4a15650,288.0
7723193c1c4dcb133dd17fdb475c723e,288.0
d153b079da001f9f47758f5b44040460,288.0
9ba0b4f4ee665808d39fe864b491bf15,288.0
d95ca02ab50105ccce682bdf9ffdc3b4,287.98
3c6b53c8e45e6e5dade9f914c7c22c46,287.8
56a7a6efd8c30e7cc6e02f7eb34668d5,287.7
9ebb52578cf5f1aa67e568c3f5aa4a22,287.7
4c1c84ba008ab2985b9fd2b941800c3c,287.7
23a82cf3d15fb435aca1b75b6a22ce6b,287.7
6326318b4d693f609d4e83a029411dd5,287.7
da5f449ab9942e1b37e4514206a079fa,287.7
a7dc2c9d67fce9f53d38206c8541a8c5,287.7
9c2429c51db5ad82c78f48935d39dafe,287.4
5b50a17129a0fbaa9501a3ff84bca338,287.1
8f2556a69003a64f11306c11535beb06,287.0
06681f8d9c32da6c220bfee448bc13f0,287.0
32755045a3b602adc3876bbfa3f8d7c8,287.0
157575b3e2a7afeb7174abe0436aeb54,287.0
7f760d462c31502df6876bfcaee29050,287.0
33de576db54e2a77970178bd30b0d40b,287.0
c19b62621627c6a7cc64d317ecdd96ed,287.0
5bbf5988e9a6e1d1cad707bcbf737096,287.0
65d9f34a0361382394c7ede678879c0b,287.0
6f07bb42f6c59154127287ec0e84a528,286.99
3eae909e19a4d927c4630aa733a92ab8,286.99
1444f701e835b7d189637c10f5287e76,286.98
823c81b03ff5876452eded3ea6d9ac44,286.9
4c821ba0470f6b6f5e0bc7f230f8d143,286.9
c0aa8b308e76dfc4f1c5cda1416abc3c,286.9
5222c1ba761c7d6b134da346188a0160,286.9
b6b2ee6ffa76968a5613946608a33046,286.8
c8e0061c1a363060a4820688fe6266d6,286.55
f872c372ede6306069cd060660656e8f,286.4
01681beb55e1150f18db54277a5508e3,286.4
48a9965057e1c75ed3a4d511714be18b,286.4
6a6bbd47bd6f4cec05265bc3f602e324,286.4
6f19b1185007bfefc030148d22316bd2,286.3
314a2d71cc565d90ca1715dcb8bd336f,286.3
c4066b67476566dd1be18bc92ed18b6a,286.0
32bb2b4ece47b57042dc4c883537f705,286.0
eca9b206f2a9e4693bf0840895434e2c,286.0
4f8746c48433b79e69d37a9556423abe,286.0
18b22d597785579797e1526c9621beff,286.0
11ca735fecae936dacfea16499b4b4d7,286.0
eeaa1871ebedbcbfc00f12d5a36bfd8d,286.0
fe5354f706b809fd278ab2bd1bed05c1,285.99
5981f77b6ac0b96659b80ef759a9ad8f,285.97
975205a0f979b7f66e9c34762117b38b,285.9
52c3448009af9ce4e24f1ed762fcc419,285.9
54893f45267708e3cb3f7d400307b09e,285.9
922ff2cdb2a5caeb6a8298dc683d65f8,285.9
18a76d8e984df9cc300315102a1008b4,285.9
4b95f958af9c866353ae1108d8ebd023,285.8
81f0639fc90123a98822afe9608e16fa,285.6
a17f3ccb45616d18e63e6cf5f5fe0f4f,285.4
91e6102312e61bb955c6eb876c0972d1,285.15
75b825be7ed48b117b651c8f0346ab4b,285.09
c433eba178357789342c520620927b0e,285.0
6da78d4e5ce1e5cefc6974eeb54563f8,285.0
84e0cd2b28135e32fc916fc5c8d3c4de,285.0
3c705f49ad338b545fc9c9f5e0d57f33,285.0
21cdaaba011d5b8ff31fd69ec8604197,285.0
870a43c2cb3de01267ee03d76d1200b4,285.0
dbad6b1f3fd8e97e5e04a703aa369eab,285.0
991a3891199a240b585e2d194403b768,285.0
5686168d5d97a5dfe8533e1a4d25fb54,285.0
3ce7468170f59905cc4073cf015f8dcf,285.0
b952cebf2ed1323e49c7e74b60326345,285.0
c5bc17c73ffd41f07795aa3f5a5d1170,285.0
b8494b9943cd16f91008627a6ec8ac85,285.0
262f9be79b20e6b708e25229076f2a1f,285.0
d2cb62917a62d79c9eaa46bdd9d374a5,285.0
07e6bfcde64d35a92aeea73af4a36411,285.0
bc0dcfebed0d1e25368598f3211470df,285.0
8682e993cedaa7ea1535361f2dfc0d6e,285.0
6c43722b6d2eb07bc665b32dd753567c,285.0
ec8c80a5a5e99b6c7c4ddaed8d8bdd4c,285.0
5b586fac23c7f8c29686a4d5663798df,285.0
9210eb9f6e2fa5dc6962073cb575f28b,285.0
2526bd32a88531e4f66c1343d3fd70a3,285.0
27e329ac3afac4f3dffd7d119e679c8b,284.99
899adc6970ba5932f40b7e42b465d933,284.99
40f91776eb08c0a9e9339c42b8bc4388,284.99
043227bab04086b2fb932f1d612a575e,284.97
b384083c3749d6d528dca6af0db99e32,284.9
aff6c1cbd702e9650fba803f5d7dc83c,284.9
3b9ad3fdf18e8d6dbd20533debe93e15,284.9
ff276f0cb2bfdd357bd5c9f717921b29,284.9
64921fede8259055e3944c02d8ba04b8,284.9
cea76712c50e280ce25ddbb5e1d59751,284.9
e62a5e94613727832702b23913c1d649,284.9
453d9d279e4b526a5cc3b7520a883dab,284.9
dd70d88787656d37f1c7e30d70ff94fd,284.9
71c29cebf4b6b1bc7d2d1e596161687a,284.9
3ff4f431d869003febc2f46b985d16e3,284.9
c735bb29ae8b468119c03494b38d0403,284.9
8a920081eb3a86e479830b3e3184bc8c,284.9
146e4280cf2ae3158d04fd3ad83a8b8d,284.9
c009474292c8ed7544d52b57f352da94,284.8
c60c8fbf339ecb59f31f57d6efa750a1,284.8
5032358b67396a7a0acd5ac555ea90fd,284.8
87fa03356ab0502083e0359921f4b780,284.8
f2bd5ae9eb801a97a18ab5a172c2034a,284.7
3ebebafcab1829291818288df19d4def,284.66
d9701914d7ce67dae929a04783aa18d2,284.1
12263c794936bb8d261c59e7a5edb234,284.0
a8a9f3c66f09c5784531d7935c5c7a95,284.0
10ab967a88ce7fb40204d2e291a101ad,284.0
a63832a8b162089904b6c6470e9e6434,284.0
5c40be15b2c8fc641d9a1fc0493ac2bf,284.0
e8dc3601f129c37dfa1f0919df41a9ac,284.0
744ca21d4a6fe2811956757ce2a655af,284.0
a3fd85d47dab4959cc2103f846c3de65,284.0
95a911adbd9c6dee5b6ba9f764678fa3,284.0
8a561b232448590a2c52fb35de87d5fd,283.2
25135fbe738fe3ce62142b08c20a5208,283.2
d1926dcc495a442316b12a825024a9d0,283.2
728c2eca7bcd0381f461f7567b5aa8b5,283.2
a09aef99fd6e0230ce42e23c26e6d622,283.2
a625f7cf467b00ae83700201dce9a6d0,283.02
9458c0a59d52908cec1b7ce6efe88c37,283.0
210d92265b5558103e2c92484d769037,283.0
6536b7e35e2598371da42ea384a43ddb,282.8
795053583923996fa8e06ebf88981274,282.63
543000d24bdcd4410f2e0c13b7a0b4f7,282.0
1ca8fbb672ef5cb9bc289196bd4c3044,282.0
e5075ce7c5fc8ee90cf95860a8ae672c,282.0
08793c36970e3c5f00eddedbc3648b3c,282.0
b60550c21000f91484c7d2aa2b8c522e,281.99
e37d47e7eec62f08dc5deecc7d5532d6,281.99
7bda2f42b18b59d03f8cf8d14368dd7d,281.98
e72b07e2d16cff09d726649acbd12c1f,281.97
4c98afa4ca10e1d85ddf126c0c19834b,281.9
50519531841fe7d36eb7f8f4d00976ec,281.89
f3089c3aa82840398d566605b79546cd,281.6
60a13661d952a5128a7c81ea31e54727,281.2
c72f502117a154e3f6468a282c6e2d95,281.0
e8044b8d644927aa85a0eacf725fcf99,280.94
07d2a5fdbee70f085319ad636a84e6cd,280.1
1c7a373d004945165d29545ef5c4914a,280.0
e26b9c4b85923dcabcf02312427b75f5,280.0
8baa3f2de2bb64b697377a0b98aa2dfb,280.0
125576f56c96afc30bbf1bff503ae516,280.0
ecf9b752a135d8a5ed108b217efe2dfa,280.0
0a160d7838c9baf60991f2b623ea69ab,280.0
389f2b5837cf58e9421ac2e8edbbe43a,280.0
dd3926dff45a3459c4bdac0b58a2a0bf,280.0
692d619bc75c1973602f9e92f0690c23,280.0
5db494fdc1bee2108a9df63d580d304b,280.0
3cbdabb9ce0bc989f96da7864e8b5f67,280.0
055a53aca7d57e498a2291dec45f30a2,280.0
004d41e9bf012c669db1a257888d85a2,280.0
7224fe0e862b9561bca105d385baccca,280.0
a929dc93107a35a8f1e62177386711c6,280.0
fb0a3ac807a7db3c1ebefd75f19b76a1,280.0
bf391aa5a48fbaee55092f1993be3926,280.0
46c08b900dd90ea7d27b275b92a713e0,280.0
459146dddf53fdcaefa4c534d73ce47a,280.0
21c58571fd2f1284282f300426a6c5d7,280.0
f84b8ca5e0b8b85269d8562fe77dd3b2,280.0
3e5790883654df1ddd1c1b29541206fe,280.0
05a54aaa942e6ca83da992f943f87cd1,280.0
8eaeb7321c581b23d11baa046e326351,280.0
d997b945624a4b422fc7d3a58fdaab3c,280.0
3a0fcae5af99cf4253c74d5ace0eb30f,280.0
71260026dca3e9d25f5b9bbace4bef6c,280.0
0125ed303758dc1d7e4d99b000f88768,280.0
4104c2e389807d2511cd9c3874b748f1,280.0
111acc29194a247a328b7cf4f1f8d5df,280.0
7810040766f04eddcb0c15400da11c22,280.0
fd11c0e8b7e13818b2b28db904835b44,280.0
3518f2be2f99c06e220f5dcc2dc04ecd,280.0
f0064a25d6ef0a0958746b7048ef77ae,280.0
1da38ee263b59ad3ae82cdd4d75715a8,279.99
3b591652b5b59d3e035281d4597a81e2,279.99
ef2552ba67c885431531f4276bc8c187,279.99
344a6ef322ccd7229833acc93868bb9f,279.99
b321c76c00ab4ac26e6f9714a4a249a7,279.99
898869ec8420a3b0e1ef43212f57ef2a,279.99
6b065321c5166d6cca386c68a89639c2,279.99
782b181274f4857d96fd9b59345d31b6,279.99
425ce6f29109ed3511a62cd0f92d7170,279.99
0095298db7c70d082c2584d4eb496654,279.99
0b5ed41783e17d8e75af1284dff5b43d,279.99
ea358e7b5982a089fc5e862ef6731420,279.99
7b17817cb492e3928f13c083175addd2,279.99
8f9cdc2bab0d953cab1e98d25253d8fe,279.99
1643f66f6cc239c720a52b3d0fa8edab,279.99
da5c997509bfd7aaba05d8f01897c1da,279.99
e82b93848d97d5852b8488ca2d5d5ac5,279.99
3f0189de46eeeb99ba13da6c9bbd21c0,279.99
c695e0ab88c84c2ab6ea7e5208a22230,279.99
4bfe7cd506a992a41031d3fe407e2b2b,279.99
c167ffdd53d4ef353ae34d914fdaef97,279.99
60e93aa280a9925a2af61c812bc4e1c8,279.99
653a195d17f491f410f0464f4a573209,279.99
5458c93e0db88f9b885bc7dbc3bfa2a3,279.99
42c2ffc2f510d988ea1e7e7d206ae4dd,279.99
8a3504cc50cb9e25e2ff9259c07d9225,279.99
a0958418211a75b00721c46c3bd8edc4,279.99
39f6de22ea9494079cac9d968471882e,279.99
8f0d355cfdf65ac8cadbc0fb59c6951e,279.99
2a686c756ae7f35a186f543d3603008b,279.99
35a4c349e95eea674c798a25a532995b,279.99
bdbdcd5b18193390b025df518afe94ba,279.99
c17611c9d2852a5b128c4f1ed28fa0e2,279.99
d78a968b728226fe88a8a6bf803e56c8,279.99
8d34c7573e1923c6d08b3c1adbcae6f7,279.99
32ea4d680f5a59da8b6cf9146d3c53f2,279.99
7432c3797af23ca4b5544ec87f893259,279.99
01c622ea29f8ca6980b1ff07eadff0f0,279.99
dfc378a784e40949b7cc29ef22040511,279.99
3d2e2a99bcb5ecad970f3a4ef8f2f08a,279.99
1fbd8147176eca1835aa64b2f0e5e32f,279.99
a3a7a7f97735f35a7b3f2cd88804e790,279.99
9a7326193749abbeb741641ddc15b222,279.99
5d146952f0acdbd826edb7fd2fe0e7b0,279.99
1ec9ed4ef12aeabae2c3adb1f514006d,279.99
660c817af06c2d842014a12d5871c1f9,279.99
fe721ca30c96143ec8d1764ca2c57800,279.99
23cf6500385bf7b2764f87d0d70ee48f,279.99
7905466cd09e084e02563c8473d9397d,279.99
e682692f67c05b1336ff42f0df2e77a7,279.99
9f5a2f912f123d541a318029712fe90b,279.99
4fd779435ce96ecf52189efb9ee329de,279.98
0ac5eab9699c1d891e914d6a279d4be6,279.98
70a8c394877add5aef4577770c71acf2,279.98
73dc166bf11b159b151dfe72a96dace9,279.98
65a47442149202e856e8ba55ccc1882c,279.98
6e5b9e7e683abb26f755c84bfd6b23de,279.98
7c29c309c685f2f7388ad10624008acd,279.98
4d7e089ef0ae3a98da638debd25c4a25,279.98
1831c50f1395542901d61a2f40c35aed,279.98
d0cc420e8f6516d5fda6490ce1358c56,279.98
4c1ad46d227c63a1a6fd25ff2af5e898,279.97
8e1026d431a055944bb4b806ae45ce7c,279.97
f893012567159718c349252b0ecc34d2,279.97
69ce5cae4fcba2d8952984eed57c7c02,279.96
2fb9b13fc8a42cc45676f92144996ab3,279.96
42a590bfe92d2f0cb99de166f801cf23,279.94
85f03d59e05ad20dc077b89342b9f710,279.9
e87a4f15b2f6cabfa81b5567a661429b,279.9
b73be6f00df5391f3b315935ec0341ef,279.9
cf30e087aa47a8348ecf72af4a2c63eb,279.9
fad50c331c2852605dceb3e6d4f407af,279.9
921380904189852610a023818c7706ed,279.9
0a757255f246d2d0d2a59368280e27bf,279.9
5e810daa9892a4faa32a67bc646a1e2b,279.9
9a3e7f2fbadee3361ec62b911539a6d3,279.9
bfab01097454f7cf7d2ba80d7af6125f,279.9
8af58cdc47baf577a7b6ff7fd64a0164,279.9
abfb0f5c3e33e9758046fd150f11f8d7,279.9
9fc1053dea33f83500092870a9db0900,279.9
b515c26bc7955d05356ae832d2c4b54b,279.9
b29d12296af23879b38b929ec276ef24,279.9
eb85f29a90f996e97213a1f66ec2575b,279.9
7530725b2b86b0988d6a6ed6864e6a67,279.9
4df165e15f5c3b1bd4201efd8c8fe2c1,279.9
df1d52ea9544f86e156f183dff5a226e,279.9
00447b6bd39c4a0f6366b05948f9e2e3,279.9
18f8b1df349834d30e2e56ae266236ee,279.9
76a92cce5cda9a3ffce1f9878a36f05f,279.9
7487099b3e06387d90c0bf3bf049d5d3,279.9
a3413efece911dfc80dd67c37ed1fa30,279.9
5184b8a8ed32a5a2fd1ec17cb443f3ef,279.9
f9055270b5abc752526d3bb0a5a68cc3,279.9
04f8b1896b14f1a769b778682468b42b,279.9
e5a2ecbf3dac004b710555e6d99ceb50,279.9
c19d9a703628a4464d27d3af8f127fee,279.9
1c26fa5d7e1d256fb6edecc2084c58ed,279.9
c7bb0d8c05d993ead5438a66625cff87,279.9
17e951b7fd3ff98d07316a814b41b1c7,279.9
5e9470d01097fbbc867ba33e2951da37,279.9
0d0c904a1e7578972a0064a89e21eb9c,279.9
cc30c4d31f388b357fe459a4f8c58139,279.9
f51dd48ef39ca937e5f1c9e87f6f2881,279.9
6ad1149ee2519543872d4e67f07c2e11,279.9
33ff667cdb878cb8e222ae48d131c739,279.9
d12e078e5f950d108069a5a368fd98a0,279.9
4a818639e1977506b2cfa1b8047310df,279.9
b472b3b1c7aee42abbbe34ec26549c8e,279.9
6748ba2271afd751721c86c713be024b,279.9
ec4fb4c598cdf9aed7a61bc47e21fe6a,279.9
2bef8c14a809c0f0a5a03b8c918de66f,279.9
4f45d57597e28593ae50b9c4fea31173,279.9
223ba7381d6b18429c3a5e11df5b30a4,279.9
ec78ec55ff33a041a9fed30d44ace8b5,279.9
e9fd1771e8a7e1f2e502b27b061b15b8,279.9
81e0228f8bd56ff52f1f494cf52f25d1,279.9
4f2c00ad0132281f9b6c56afd7c8878e,279.9
fb0e3031b682ab120b14837e01cdf839,279.9
04872433c17e4ca13b0aa2381838d11e,279.9
97f4023f8f25a0983d253d91cf53e34d,279.9
4061b7542b6c15e3322f9d3384f83d39,279.9
7df7fc112c0aee69fef608e8def7ccdb,279.9
75d55004834d1aab5f9a2a4d058e65b8,279.9
489bab9b8add8f1970756681d0787135,279.9
212b1ea1a7a445bfc0ee02ea88e2da16,279.9
05d50eaf6b9450a3f9cf19180b293261,279.9
b807407e782f3147f465c29dbf75d286,279.9
d8914eebd69c4ce23f8c5aeb48cc2993,279.9
4e45b6aed6be4fbe9d4a843b9055e19d,279.9
0dcc5ef57fa1ced9eefd67ddff8d4cb3,279.9
f231bfa6a643f23fa187394cf9a8c98d,279.9
d0a0d79eda588379e44274ebe88f9b0a,279.9
5402fa00ec8cbb42d265854d2cb9841f,279.9
de639b9e4eb99026d4f70a996031b83a,279.9
ba482ddb672acbb5b263427209cf746b,279.9
a12427487c970a4a75dbeb5884f126a8,279.9
b4e3aa4a9b2853fedfea4ba1b3377b05,279.9
ef05574239559b43f9c131854ea45151,279.9
b031d0752ca02dd1a780af8278140571,279.9
7537ac8265339393d7a9fc8f4cfaf361,279.9
c2d0429940ce0afef52e564623133aec,279.9
781090cb6d2f54269a275691ad38191d,279.9
cc9661b0777a96ce8c731f6921839215,279.9
626d58a0cc568a4f0e5fca51e22b7761,279.9
607b751eb3decd6ce324f68150f2f1b9,279.9
94b6d60050f950f25614da6e81ff5e65,279.9
25d440b7b000d8bea79037e4a382d558,279.9
041c1bdcf826ead159cc4052a86db094,279.9
a8a46b431d3684f3692579dbd45dcc9d,279.9
8b12706add8da11e0633415bf6def248,279.9
5bcee47546812cfd1ae22f687a1e266d,279.9
f412c0b64f02ea79f8a52d6fe4532b3f,279.9
d6b8d52c4a09c762dcd7e57533768f91,279.9
50577f33200de8b27ca46bf8ec17d82b,279.9
c9df84b7369a42175e42396e13728b7b,279.9
d50290d0ac6382f5ed302613d03548f2,279.9
98c0a8f01f7887283543588e7129e6ee,279.9
0c63b4438ff050942153aaa4c19ad1d3,279.9
985f30bfa1eac3c9171f0140a9e0d666,279.9
cbe9f8fd52e2a3803cc739bb06a17e18,279.9
b8c263617aa4cb9f03eddb774a49f681,279.9
4979b4f538057cd192e45a839211bc49,279.9
62d788fe5abe032aad2a3e5ce86b37c6,279.9
687dd24bd9fcbeec556d553371082a8d,279.9
3102ae1e7918e0dcc796dc85f76d6423,279.89
2a6d528bdc943b263029c518703f5367,279.88
43ce867c43cb5fcca56031358d7e7413,279.88
b7ae8ccf4db05cfdefe709e22ccce819,279.85
85b3cf7f68020f420f26122e3bb6febd,279.8
329e57e436b3d2e6629801cf5724368f,279.8
3367650082744b78bf5f60819c438960,279.8
d807d8126491560208d4564a86411229,279.8
5a03908d0ff8c424783d742736eeb41d,279.8
e0e226f1c923bbf1ddfff85365e8933e,279.8
868282f01bc484c22dfac16e75b7d5ec,279.8
a2ccd62b2a11e7a7f39b70735e493ab5,279.8
04ea46c7546b44f82ec3096ddaa941ca,279.8
ed0a9f8dca4552786be0b8675e0eefad,279.8
42cabe59c2d8dedc4cac7e52a2eeb731,279.8
80242677269637e364586259ccc5558f,279.8
ef7d732d85e05cc6f2448600166f37f5,279.8
584bf232568cdc865dbce9805fae40bb,279.8
3c159c7824d259dd3cc9ae0933bf1b3c,279.8
8e5ff5b2e471e587007f854eb248721e,279.8
d92966ea3d638f9b965f661de8d6d01d,279.8
8696813c751f4e6bf28e6330e4b00104,279.8
78986fff122c92ab8aaa1724ba0c2782,279.8
cba605602a2560447eda9e8eb3f17f8c,279.8
ab65db409c590bb188616224a7e76cf7,279.8
11259004e69dac0f64c28698b2e702d3,279.8
f8b399854fbe5ea3bfbd0de81659502d,279.8
bdd1272c1c37b3cce03f2c69d68448b0,279.77
2b27fae969b7d2bc173e466a742e50c6,279.7
5af688e5163184c0d53d53ad44bbf285,279.7
87d8a79b1f818010f6bff9a06a526905,279.7
cc37c549df8ca67257fff235c798a0ec,279.65
1a0d6e9c1a8483fbeec12da522abc4b9,279.64
58770967b9303c89fdb218d6882aac37,279.64
5cd6552dff79afa05c9e886a280e4841,279.64
1a01dcde907c2725b4170084bebc53e0,279.6
14532b4dffa2bf13edc019346063c2fb,279.6
53732b9a535954d2f6ab24f8a181fbc2,279.56
cf87fb0da5a0c81e2837bf2a7f3619fd,279.49
91264ce6d0c952046dd16dd9a221622a,279.1
0d905e1817d82fd46e645ec95449cc50,279.0
4feab9208df26bd57b2ffcff0d4dd9cf,279.0
5fa484c487b26266716360fa5c462258,279.0
ea0530a3fa098e811ba50170b74226eb,279.0
0e8aaa6517ca0b989a2df53396f879a3,279.0
4093afbfc2f72dd52fc143cbe1bd86fa,279.0
b2783bbdfc2cd2b4f2da05387b7e6f2d,279.0
f419b2f9ab6087cef550f09755cb57b6,279.0
ce149a268d6f78089c67ba911415d864,279.0
b8865036ecec86d428dd84f85041adb2,279.0
83584c4329669450ef4331e7482e13cf,279.0
3deaf89058a65b6c3fd21ff77a189ea0,279.0
a66c1ffbed5babcacb9dd2ded3a8e5bd,279.0
c2399a4f182aa68dd5c49ed917d90587,279.0
6f3696729b88ae43cf020b08dfc8d1c8,279.0
e172db8764f0ae326951c63d39bbb1fa,279.0
cf22238cb2f930cf2f983e1d399d80cf,279.0
d071e3123f9aa9cf5d7e3ae442be714e,279.0
456dc10730fbdba34615447ea195d643,279.0
c681ee0e01f73086435bbcc30cc1dc6f,279.0
a8c5d1499b4a99c111add8f2c3c94049,279.0
cabbefcde0d172ce74bc7fd88aea6664,279.0
455592f20535d77a68a9948e43a43c97,279.0
be3a2c2b91cb59eb0f4f1995f33be4c3,279.0
671186c545524a3f09fc6960c23bf20f,279.0
6d9af298efa488862d00d1264a36ae02,279.0
4d6793a25de1f63ca63869c6cd4b7b1f,279.0
587c6261599b61d8089fab854cb753cd,279.0
623a1b562fdff1fa192d04fd4272394f,279.0
04d55ff9d3701dc37126c0d9690b405d,279.0
956a8bb215a81b14bf7cf65d68d3c45a,279.0
7c298b47184d0cd18d4bf469bb5e1328,279.0
51d40dd22a0e3ba720f812507548acb9,279.0
5bfe4a9dd31c88a5063646c1bc8ca878,279.0
35b378dda27c0f902c7fa786af427b2b,279.0
276772a73a706ba34e073dc3c5bd2b47,279.0
fd440a24212b8c94038eae8c3c200658,279.0
725cb0062f2215d2f731bef5957d1faf,279.0
e1031ddd53cf80ca70d30d057851aa72,279.0
f508607aaedc53604179d76c90b0b860,279.0
c354ab5a93962e093ef3f3cede03b721,279.0
ac7b1af4f6e4c9703331534ab45840cd,279.0
99174f8fd08e1daf113666a2ad3383d7,279.0
980847fe0ca85c2ea11845f1b1635a15,279.0
efc57cff69d445d8be23b08e9da0b117,279.0
7c9499f653ff26514a950815136dd35a,279.0
4635c796ac0535050e1eac3e023c9166,279.0
3ad9b31f1c0e0abed644213c14a50deb,279.0
9745530bf7ae3bd09df91feac9b7b827,279.0
ede6d8c81fb0ffed6fd1feff9b368657,279.0
db4969adaf29238d85d7e267a22e33fa,279.0
202356201a70a663d8c0f77bf413a3a8,279.0
0b1b2bec0274b05ba3d6773573b286e6,279.0
b9158da96e0a3034d7069db487268be3,279.0
9b1f90e28bf45b08de446289465c8098,279.0
94c7d5f342e959f15a7142dd17b1e7be,279.0
ea0199c623273bc071e2866191392e65,279.0
674a4d874e368f09a9760046e9e4a3e0,278.99
1976d7f092d9e30dc6f65e2b890f67f5,278.99
bec1251276f3b4e0da3595cd587f7a92,278.99
2b2806da6dc394562e9de965a3a11ac9,278.99
a3bac6d9f128db48e46167f95d96c523,278.98
bc530a094537f0c6a7645e89b29bc650,278.9
9b4b91f2fc1e6acfae626d9874a71118,278.9
c0145549d5066a5299cb6d25f4bb3d36,278.9
47e7bc62efaaf2c52a21b89a634fa7fb,278.8
261c8817697d0a60fea72f6cca043535,278.8
2721900eb4e0f1cc2c836dd7bc1b1e11,278.79
faa2debf21e388f071f302ef5dc5e1cc,278.79
acaf6410aabbc2e292355a66dd2b38cf,278.77
579e53897a434649c5a4f6c82adb68ef,278.77
5332220cc8eeb30685f818ac296ecb83,278.77
4f16e4f7467c532048801d636774945f,278.77
455548e1920c91363376c63159d938ce,278.77
10e4208d1da23cd8f6ee0477f6b5cc9a,278.6
7334efdf6ae2ad70391ed83ac5739170,278.5
92d80c533a45c936e5ba04440a73d99d,278.5
65ba91cc9ec42e3c0a0f85b3424a0ade,278.25
1de9b9d609d626f82db0533fb400e84b,278.25
47dcfad9a855e71a4780ea5b464e82c9,278.0
6dc07a25c59429bb3dded5bf3545f23f,278.0
e26c19c5ccc698f3612f11874d3b07cf,278.0
94dabe07fc50ed29f94b6ba397201dba,278.0
07193e2fc8e6b8a63e6c080a3cff4d89,278.0
7079100fc287f33464e21f3bca1fb1f6,278.0
b8cf1fd043cb02e585aa685b0563f2ea,278.0
29a48e3e901b5187dae9af8a5563c795,278.0
b5ee7c7591fdcbe0ae67b9b4cd18ba8f,278.0
00ee08bd4046a080a8ec38c5e0937372,278.0
701fcbed6495802efae87463e532954e,278.0
ddf3c179813ab0f0034e592d4e19e331,278.0
aded5846154a6b4a05daedda99c15323,278.0
15b9cc23661eb24b89179be3fc9e43e3,278.0
502b5f99cc5ae83a33d23ec900e76a3d,278.0
20c34723b9fcadecc3820144daee995e,278.0
5aa998dcdff375171c6b05839d10fc4c,278.0
dc7d9d7ec0b6cbadacf27e3308c17976,278.0
1e5aa0d19c1129b3ebb1d369ee0a7d3e,278.0
7d79f5b2624829ec42de13f0f661ac04,278.0
f16e090a1e889dea54faa7251d9702dd,278.0
d183e2da606badf83bdc025a9030dd2d,278.0
3a0e5c031b789b7c3e91532c851edaf3,278.0
5bafd270928490735e0122c4ee597a1f,278.0
7e59547280d79ce3d8b5d913ce9d9056,278.0
989ef866c6bb297451a72dfc2ccfed23,278.0
9f199bedccd675daef3456bd39125a5f,278.0
bcfeb2a090d34c245bb62fe207e7d2dc,278.0
8d12ec295bad10a8a19b8f63ba002bb1,278.0
def4cf8552f3e8eed13b4e9e97d937ec,278.0
1a267b5671a26c831b4039b240e291cf,277.99
0dc06ef8da1acc3b8d98b0b019335e0c,277.99
bab929f63a0e012fc8c24cb0341b93e3,277.99
c778263f217df8f1d3fa3aaf86a45a14,277.9
ef5f73ec25827c8fc4c662111a1fbec2,277.9
3a27d6401473a9ff4ab309448702d4f3,277.85
dd4858d8abdc673ef7e2b69910158f3b,277.8
a455f91b7ce36ac2eee4d8c54a05946c,277.8
4623cf76f5a83537bd7d4dcd07c213a6,277.8
47046a7bf901f66a12fa296a5982f5ad,277.8
9d1ad1c80967c646f17783f8741c75e8,277.72
812dd63f04c3d1caa312dbbf513cbb71,277.53
f79697f293f0508c1ccafd3a4b64b55b,277.45
1d19f123d715d31a525094a81bbea5ef,277.3
1444b57caf5b6c9ada5557e4e208d0d6,277.0
7ae471bc92b0ecb06c812292ffef849b,277.0
03e1bb403bc199280f2d3338138c1e4a,277.0
3db8f291923971467c299f44c051a6e9,277.0
1c1bfb2cd4aa789067295941c42120ff,277.0
35ac5b14022c7d3d8e5388bb52224abe,277.0
129ae9b07360545f7752ed4251ea5041,277.0
18e771eb29c852089801807afdae82bb,277.0
2af98151e0af3bd04148413da9c0ef49,277.0
6a662dd18fc19343c615f9bb28a1cbd4,277.0
85917e8f0e7c1df21b19111dbe27bcfb,276.99
801ab7c35919d6c252d9d983a07103ba,276.99
a16521d3d0a57b3e8d3765268cbbe97e,276.93
d345248d0461cfb967ec4c9b02feb77d,276.92
e2bf448ed35400ac811205c12763bdab,276.9
e9afccc4354fdd292f52b6d7eb98306f,276.89
6d6335349686a400eac6839dd1d060c3,276.89
dad907e170748a35ef4e92238b7308f3,276.14
7c31254de4f70f1e8c1164fd86f0c685,276.0
cb5c12b09604bea937c2c8dc9c4598c3,276.0
12d30511157400710800ce34958bfc71,276.0
859fcac40c594fc5e56f068f90fa0cfe,276.0
a98102f934d6566ffecc597e6f762e90,276.0
e4d27f2e1436d733e01bb50b0c924058,276.0
940fe3db65ee9d7d1c57233b5f6ef1da,276.0
8a36db6f09c1bddee00dd6c9c0ab4d1d,276.0
1de6c6c911ceda2be652cd0db03d930e,276.0
898c1761bbffa916c3449f48099bdc32,276.0
569f639f26de23f683111fee0340d268,276.0
3108618c2ada72ac2470f11de0f0e998,276.0
c777c1f4d4d5760dae06502e966f7cca,276.0
73ea21eca3b58ea2cd51a2b9b0de4ef9,276.0
9388d79b88a9696b7c053a52fa57c859,276.0
492048738031349eeec08979ca43bbcd,276.0
15e8e627b3c67564f6278c7e5737e8b2,276.0
d68901955dc622165460ba6cb4ac49f3,275.97
fe1ec043760b798cc34fc8cc717753cd,275.94
fd946ecdd7c1eab8dbed2c8f330cf2e7,275.93
2718df26d5ca33e1da1919c0ca8d00fd,275.9
9b7bd2c566216ccbf2949e83deb6c75f,275.8
5804bbbaa7d649033a0587b33b6d76a1,275.8
ae72392073d97f05c79caafb9a6042fc,275.8
9f69f630dd0e9dbe888ef8bec7d76c97,275.8
4e4b8a9420dcd733e933e1284ade9036,275.5
63f4b4ba723fdbc49b1906f8164e62be,275.49
9819d55438153c623012720055dc9f54,275.49
2a0bf30f53d53c759be496caad1e1ae2,275.31
11c0288032377c71a6dfb9eb2aa4186e,275.0
15fac012004dcb19b9c9b0c83cf76d63,275.0
c9a7dfbc6fbf3b5099015fd9cd288435,275.0
e5f65110b354e660abf6ba77dd78c4c3,275.0
d040fd53fa434d71f061751174e52bb0,275.0
20ef37d0d06b9aadbbb7b9598a22ff00,275.0
5f05de07772c3e69f3a019b70a0c97e9,275.0
4519fcfb50c87daf68626071f42f00cc,275.0
45d942b1af5529f8990f27848a40e645,275.0
25d44c03117c35e592017d6361154a4d,275.0
1b9b8bd7c25bb78a4a5fb5c9101dc6e4,275.0
851847baa2edb97deb7a8f7fc0c7df21,275.0
84f02549f018546d35266595560f789c,275.0
45b62f72b605ed2cbfbac6e3b05bc0e9,274.99
021f73e75c9f89e051b514ddf1dba5b2,274.99
08c82d1e90993b00869022fc4e98697f,274.99
c2612bb60a3070e0645ae554b00cb690,274.99
0d14d28bc941474750feb2e030e54460,274.99
9efa7053d9ef72088e2750da1f3fc79a,274.99
5b795b3311574f21bf4888f477aa1518,274.98
eb4078d965b4019b0d9e1106e910f788,274.95
a89e9e4afe74397b3265aabd5b74d143,274.95
fa0cae916a066784cefe40972350de64,274.95
58c7eca5a1e730d5de52cbf26eb9d3d2,274.95
b9ef1863b949550a997d6e6af47a270c,274.95
378b80aaccaaf259cfd1389b968e4bb2,274.95
5591abc9e7f9c644e7e7912aac65b718,274.95
7222d9a0c96d9a2813e905c54fa170c0,274.92
65e486b530298fa033cc7dc5cf3e6fb1,274.9
8eda31e4efd069e42b3a3bfd80ac5b7b,274.9
aeb0c5aea1d62b3e494a86bad308f85e,274.9
f5ac2b8c0d1a52e1abbac2921da93980,274.9
2f2c18d352ee8b3373c6fba9b7a78e4d,274.9
856c19561103e884f6578610d53a3216,274.9
ac73414c944aacef8ccaafda15771220,274.9
1d815f3ad9b2017b6da2c4f1cbb1180b,274.9
6d2dac74a2f3d4e201e7494ce958c259,274.9
d4db2de03a978cc57f508a11822da55a,274.9
bc41e7e83e0cfe073564836a0d3a7645,274.9
72a76d1faf29e4229fe17d09133654df,274.9
8ce68d3456993fcb579d1915da8e9e60,274.9
521a87ca8dc6b61ccc88f0ac1ce2ab00,274.9
2735ed8860f2110b955a337867377375,274.9
39bbb4f1b13debf6e93d4a8dd51974aa,274.7
aea3457b4cc68956a36f2024f6495fc3,274.65
dfde39418d518e2313768cb54f9673a6,274.49
87f39f576c79ac275eb018b9e6bb907b,274.49
44421231c1294bbe465099950bf80bc5,274.0
57063b7216d8c3380b2aff7a02ec17b8,274.0
c3e4aeaece33e17cbdca142049cbc6ed,274.0
f90b90ce47228752be8ef845070cddca,274.0
1ea06ca6a82feeb3caf1e35c01887ed8,274.0
d420ffd55c04ab7659d5e02b1ea6e298,274.0
c3401b67e055a675e4fe595c638b2790,274.0
b4234ce59b6fedee1f4ca1e8aac13c15,274.0
175231d5968a57218468d2517a6a4621,274.0
32f2d1a216e75920a1225b8f89ed9de6,273.98
688c9939a7383c04b43657f6238927de,273.9
4e495cb383a251b2a0b73491294268b6,273.8
22b3e24d43b6f9a27af8c5f1b17f9e04,273.8
a6f56bc4dd05d5f3ac085cb1f2059b21,273.4
5d6c8ab30ef2d0469ae465f4fc0df0e7,273.0
40ecc0e92e7e5750464c024978d8650b,273.0
87f4ffa28a4526f3eda93f8f991e431e,272.9
c7b0cd6d863462734458324cdcc65169,272.9
908e309daba56744e5547669c5e0aff0,272.89
bb5815831c084a7c145611052d8063b5,272.8
89128b58a471ab0487f3198a463e80fd,272.7
7b6e705e0e5932d5846469a8996d4b51,272.25
ee1f68f29aaa80e5047ad2ba7f482ed7,272.01
b1613a26b17d0c9daf86159797bf1cf9,272.0
c28eadd882fe42e52643083b54ad44bf,272.0
418a80c6d9f0765b153c7c1d42d0fbfb,271.99
a28ffb71674bd7b87ec0765cb21cbe7b,271.99
c1f5ed341915cb29da60ecefd3679e06,271.99
6078c8dc51c6fd4e5b6eedc57b35c1bb,271.99
0f4bc01acde8f406451ca5270e8bf42c,271.92
e32ded4c09ef9207932b87ad9db49e5c,271.82
bcbb4274a2c95a722079735b41f2d696,271.8
49b471ebcb1aff8733ec7a476bcb4a10,271.8
7494ae1e55023e9aec5848c8021096ad,271.5
d14a98aaff22268ebdcbcd6acb7161be,271.25
9df7cb5f930841ebc5cd338278f2a391,271.0
7d9d6c4d34962c84f0d06f33b5db1514,271.0
cd57a601749f3336f7ddb02cc028bfbb,271.0
b790f6cf634604f558fc6b9bf5f976be,271.0
3ec8c253718f538974f4d7f65ccb2a1e,271.0
29bdf6776696ece5110768ef0a897988,271.0
c859e1f9641a31e71020f8be665daaea,271.0
2a64d5a3bf482907c8ac1aa4abfe4b8a,270.9
f98eb4f19af43aace4aae7db3c24229d,270.9
969cc483264bc757e873483f0f9de9d2,270.79
d626b7d4e374e8e96902429982a7348a,270.69
62dee8b517273bba680eb604ffbb7726,270.15
84303db2453b7c19bef47a0c3e16a71c,270.15
edc6464f7cb53f6f1095bba2feea9242,270.0
ab6ff9f6e95c6c79f0c8dad5315c4128,270.0
2f4447716aeaf8ce10c30c05f30a3198,270.0
203628078a2e7779fae27d1dec973b44,270.0
99741a5f43aa1794f70b18a4e60229de,270.0
9cdfe45afab0cb36a6c3c8d3901cc781,270.0
5753cf5ad40af12e11acc0f17362a3c1,270.0
720091e847553538ebc1c9ee683f18bd,270.0
a091a44d41f56b046ebfc36aea2c96fe,270.0
ee7c4ced04927410df4a3977fbe5e229,270.0
f4ad1c9eb0bed4469cbe0ff8f47bf634,270.0
407c757765d8367d4044c50a0e406004,270.0
7bc093b1d5bd2f4b79162c6a22a51016,270.0
a36cd0a7689f87db4dae036352fb2f1b,270.0
74d869510afc0001afbfc46498296ed9,270.0
2c69c4f7310826a921f00b03c3bbcc34,270.0
ee32a9eb76dd33f31756de0377a0d63c,270.0
df4058431c8103750dddc04b0b6583f2,270.0
5608fa43ebc0f4fe9373d456d5ddb160,270.0
178e429847c50ccf72828c3296ae986f,270.0
11fe21087f1e201984ec555d30d80c9b,270.0
5fda610563109dd124cdf5290eae8957,270.0
4fe15228dbf2e1517f703e141253e0af,270.0
9a9059f7c8537c6ffb5610f5202ccfb7,270.0
fe10ffd8e45212b501b6f0753ef1e930,270.0
81840cabffc6c79f0f88fdbac5853531,270.0
e9a4def88f3b9bef3792b8eb0c665722,270.0
3b651f3b55ce1052fca3aee0ec589f30,270.0
d34f8cfb470101977d2353534820fba7,270.0
fee0581b939c223a48b5ef0b612aaddc,270.0
715dd4e1d91653e1bb321fddac59b55d,270.0
dd06327b9cd00c337fc10125c744c4d8,270.0
a87364c569a01ec4d292805aef727137,270.0
df1ff2ee71213d4b45436b9112ef71ec,270.0
e9d4dbce11413c598d7ba2ffb25c9030,270.0
138c289139c20975e732feabd97f3983,270.0
db1fe2ae7820e9233b572700af9930b2,270.0
9955ed1a34b90186a17b885d97f9aef9,270.0
2852155d27a4eeeaed50ebeeeefdf3d6,270.0
5ea0534a9bd5f264c599847dc75007fa,270.0
7e2637810f18996f6578e128406a08a8,270.0
8bd7ecb3d48667fd8781870e2333dd3b,270.0
b3087d7feca1d902e69cc648e2ca2af2,270.0
a62372744da29668e0df550c55655cf4,270.0
1b9b09dd0c719b512590f46d37e8cc97,270.0
140056b97d230e9f8eca95f76c766e48,270.0
65424f31455174ad680724b72134804f,270.0
f984693de2fb08c8887fd7b829aeadfe,270.0
d19f254a07da73a055409256e9bfe40a,270.0
a8e96c63b740c4669200ca0aa38d2180,269.99
8564af153d419842f67241c93e79dbde,269.99
34a9148b2ea1f6542b26665326795232,269.99
6e5de1873d0ad45ce1e58f61dac35761,269.99
0111774394b7b2cd9651eedc6c791bd2,269.99
9684d6a43efb29f118833629c617812a,269.99
5d40e40a115412d6648b11a43456a255,269.99
6fca6a52d99cfa5bcb98ce55e43a9686,269.99
8b2ad21c897519e83fae6357076e7720,269.99
6ce902380884ac15cd00fd8636263b89,269.99
a27ccd54971ea41b405fd5560b6cb8f1,269.99
b67e09339b0e590a3e6dd7c502badc8f,269.99
ccb92189b22e174f8813cce161768b3a,269.99
b2381a85f8237639da2719cd5981b007,269.99
21d39c44e49d24cbd3e842263e1672b1,269.99
dfaa16f4dc640a8770b7f760d0a4611b,269.99
ea5e1759ecfbe4732f821faeda4eaf0d,269.99
d3a69c89043aa2f5871e2f408f9c586f,269.99
290b547037c2540c23626e1596785331,269.99
d3280ade77adc50bab8f303d92eebb17,269.99
705e036ad050f41b861c6284af74090b,269.99
eea636e09221d9e1fdc92ec00f9ae098,269.99
1ab972e0df3d53501356ac9f78c8698a,269.99
f92826b2c53b8ad8aef98bdd94c0043b,269.99
d74b39df7717e34ebe07e263211bfe52,269.99
1a13719d21dafc59a8a17846e0172f0f,269.99
efab367199893915154d14b191ffee7f,269.99
871fbb81abb2627645286b5a4db84693,269.99
60a5aba7b553b44da85505197830d17f,269.99
c7476de76eb960cc6784c92cd37b0c9b,269.99
9af404eaf2690b333084dfaeb96b8450,269.99
0bee1a6846b1292a8a44f283aa013338,269.99
431a8f322d160d680e0bf63712bf812f,269.99
a7b36afcf7e2bba79696b9d6cba06154,269.99
edaad9e07395713e9f5a2124f6c846a1,269.99
dfe414a11599a003b95ff5ccffb8627a,269.99
a9e3e8c9bc92971efa22c70808ac8f68,269.99
bc523f15892160de30ef845c2a2d406c,269.99
a654da2c4a65f1e949b1491351b23dbd,269.99
3307c2dabe1e3c6987cc5780520efe79,269.99
f85e176b3821b59f163c55da8a16fcfb,269.99
04a3408f7d73698797fafee2580f4b18,269.99
7099bc9e000fed5fe3cace34788e7714,269.99
66b0c56bdeccde8a05900cb7efb2e1bb,269.99
e4c18b1d85bec5e416e41c1faabf9dcd,269.99
ac9b518157bd24e321650a1a3f7eaf65,269.99
3520a938f7623a878a5c86cb2c3842f6,269.99
0c155574f4f4d27594dbdd37731a6ecb,269.99
1ad0f82c518a051d02fa87589bf164b4,269.98
ac8e62b68c0a8fd4d4eb818903300c68,269.98
302c148841465785e80dde55628627ec,269.98
fd36672298845c0b3f7cd97dd2a202c5,269.97
bf57ac29566f5216f081607e3173e634,269.97
c71aa5eeaeb9279b09bb725f6a2c8cd3,269.97
a4788192f4152e96cc73fcc1df791f21,269.97
fd04c6764e22cc8daca7064ed73fdf6c,269.97
1f72dd32d17ef87a76bb334c45094010,269.94
4a92594621c96afaaef47c1c3b9a3f4a,269.94
0649036af5cb2765fd1e2136b8cfa3a5,269.9
b3fac4767464b4cd4308f7178d3d0760,269.9
9a655dd46cf75a4faf768fb889bd1b12,269.9
409bd3e6642b569fb703615ab5996526,269.9
e9d57c4662295c8b41c050d116d90a04,269.9
d76dd851914eeae70178f37194d5cb66,269.9
b88ae0903637e97b847d4dbf387ded51,269.9
dbc047eaa85519da2bbb99843a45938d,269.9
3f969314aec43c3a2fd62e9ed7a791fa,269.9
8cdc6dfaa3c3c78f28848dd50f812605,269.9
a22162e8fad03ee9572306efe84ee72c,269.9
e96a52e3123ff005fb7e379b8927b7c6,269.9
8a49683c2ce4f6c2132c363c9cd75293,269.9
a7b68644e7fd220dc2ffb68933bb9e18,269.9
927b7ac2cfaf2a75577eb4483410ecf0,269.9
fe580eae24253335f7b3398fb89fe493,269.9
a58271108e349e574b143bfd78c21e02,269.9
a67c6d5b763ab7890173042f8997740f,269.9
d0296a9161a79996162a6a4f0835ed2d,269.9
ecfea8bfe1a00c6b4bdac9d7524efce3,269.9
96c12dcc361459c7fc9201615e8a9939,269.9
2806f6ba34fe7079b216671f02d4fdb3,269.9
7fd5fb2dcf34b7e1fee264a1ea5daea3,269.9
47afc61d974f61fba6bca5d77fb9f9d9,269.9
4c3163e024bd8bbd0843b6fe3604bd7e,269.9
0eb60b1db49f6b8b063fe03c44daa664,269.9
38b6b47af8fce9219333a0b450f44ad1,269.9
a0c1cb74483d60b2e5216cfc072945fd,269.9
a0ef745a0553f2dc5b4d820405bb5f5a,269.9
cbd80968cb96e3a59fcce491c3788b29,269.9
300b0dd79dc0dd388ee25b66631ea2ef,269.9
c3251ec75a8e93d57da0991cf55aa763,269.9
5af98f1851ab9a8e9e8f94d35f8fe478,269.9
47ed094ea3f32bf1e3543f8eafc71cba,269.9
7adeb9ef7256f00660337f5959bcaaf6,269.9
fc709ab645b71acd6046aeb03b590aa5,269.9
3e8f6274492ec99e946fd2649fab95d8,269.9
9b99e4a03905c21aeb3a02d3aed4f28d,269.9
428a06c273e1ad93a856ee33f7febd14,269.9
356490c477e5fa5e5412ea7f671602f7,269.9
006d7cf1f4f5fb1c805d2d7cacc8049d,269.9
bbf4de25155f25cc5559953548b3829e,269.9
8bcd806bfdc8aec049be3a61872fb021,269.9
9cec1fab93e0ea9b843a7c36c5c8316d,269.9
72a8c8c545a738708b9b28ba80f586f6,269.9
b256f3b919271334224ad96cd9d33a2c,269.9
adbf5fc5322e56f67546e9959ecd360a,269.9
2957cf668c91f915056ba8dce926687d,269.9
415aaffb1107d25fa9ef86ae696613df,269.9
31da376c4c7b0521c09dd837f634f0bb,269.9
ee03d69257bc84a3ebe06a1255e62b49,269.9
d89f76444e908c953bd1f8390aec9a00,269.9
dd903c92a94852dba21e825785f2a037,269.9
cefb21b1a6f1db8d2c2af1eae9f92cd8,269.9
e7fb9bd5c18c3f79001879c77404b7fa,269.9
379493be5be99c3daa8b7d628c2820df,269.9
05ebb86c564df16541181662307b238c,269.9
473c4280bfa2ad9e66ab0d9398ed4e1f,269.9
04ecafc940e602c4fd1fe544506c766d,269.9
dbfcf7c2a286c626b8ab695e310045d0,269.9
6159a210523abcf7fa166f7cc088bab3,269.9
0229d7450ba7ceb9aee1e3fcc74f7dee,269.9
f2c7fe9676875f9aee4dc2cc6c9f3df0,269.9
e61468172636d28de88782eb856c7719,269.9
495afb116e521984c5b111c5fa7db482,269.9
8751b3e674f462b898aeb98bdceef9d4,269.9
e05b37c1692ca2dc95dbcfefebd59a4d,269.9
29016645058e6fedc78738b4a4c3f7b8,269.9
b67f6f5721d4f60becb7063216c4d89d,269.9
022d8582868c8ee0a200885b357c4208,269.9
9d16c341ca16f398e709ae9ce1203049,269.9
bb7651b2df4512e6c29ff35a7b8cd754,269.9
cf10056dcb7d1fb5322dd86d12936557,269.9
d1c012b9cf9af196c252e2d5ad694a4c,269.9
1228cb8350751ff7a6b47e04910e4fb7,269.9
7bd7c83d0826aca36fe5e3dc45fd9276,269.9
2e9727b083f9dab08e56c61cd949c364,269.9
477f2ebc174ae6d21af93bfce1d432e7,269.9
15ba669d92c1a0dc05e3869a81de6919,269.9
e4a32f8f3648818820a821cd577ccdba,269.9
4d6db368ed8b18835ba4c89edaeaac6b,269.9
190b3a7bceb7d7529c7013d8d25202ad,269.9
bc5b6f600a67c45909778ad4c2c6ae18,269.9
7b9017adffde5aa859580f0cef0894f5,269.89
a7ec1335201a9bbc7d6a4f1f0397e4ea,269.89
4d809b5536eb462256a4cca3e1aa35e0,269.89
bd5c7a1c15c5bcacfd42c6edc9e8209c,269.85
dc82000cb283abaadbbaa9531db1fad2,269.8
1a1563377cf71e8ada273fd052a63bc2,269.8
d7109f11469a12c911531a1d40e078ed,269.8
e45eac8a6138c1103adefc016b3b5665,269.8
d225478ebc7787b9b8774397fd3ae56b,269.8
fae1bc18fc44fd9a65149ceefe83811f,269.8
7211f6a374836aa064addb1e52aa5500,269.79
35b18529904d8a54f3a02555e7fb80be,269.73
0f35754e1b342fa944b0028c2dddab5d,269.7
0d34dca8c8a02afc52be8689c8774af6,269.7
3c88b9a2b62754a92ad6715efb0f7ba6,269.7
57255fab455feb9858e2ef1490150eb0,269.7
d5179a97980d69d1b4bb8f77a21e4785,269.7
9ab4f22dbecd35f08494936fb3a39e8b,269.7
3e39c97de34f634ccb1781e66e158beb,269.7
bace2486c82812b65455b41d7a8788d5,269.7
37d102be3b621f10e235c1e5420f00c1,269.7
33653a722db1d2f6bfe739b3a07f11d6,269.7
04acb20e159d994a8fffcea71f751785,269.7
611403f0a97f08c990860b6932d213f4,269.7
5af63a2d0df1794fb3f30708e1d4cf4b,269.5
715d3b0fa859b738afff1463a14395bc,269.5
17b7724e770d6c20971072aa6e672734,269.45
5811b9da44294be51b789311b0a3347b,269.45
b352f72c8e71e842b889321dea8de206,269.45
709e455bc1d9238c02601873f4a9099f,269.0
0ed2f7ce08b2235873925c3f72ef4c55,269.0
a2fbc8249183dc8b3f3440a973718542,269.0
c9c7fe860d602373a9e93f8bfe9d877a,269.0
83e4d344f3b14f96050798d2efb6032d,269.0
d8ebb062c99a0e027f2e7f4f8d782ac4,269.0
5bf56be4d02b521a28e37dba6326079d,269.0
acebbc9f40ca44f6a8a1f9b93d65cde6,269.0
24e42ccce21c8f59494de0cc4f162fce,269.0
ebd63abbdb05e1f65308cf14a44a488a,269.0
e9400e3d4945ada34b67e31c4c02d85f,269.0
f74fb337ed11fedba7605dbf08af6c8e,269.0
e0c90e7623776f237d7593907b4be370,269.0
39b9f5510478f23f62857e3de980ff77,269.0
65ea0275064d8137b41e097076e70415,269.0
b115289c6d87919f75818000a658c14a,269.0
09e4734a1345b89246cd9f4bd63b549f,269.0
410b01953ef40c9962bb6dc6578c7ff1,269.0
8aa9a84660c82df3ecd77c118b08b304,269.0
65ecd6de31c8b787336b8fc9b4be4b2c,269.0
0c428325a6e5827165ead35a82e51f27,269.0
64b1688e90d4b8684ff9c22aa8af14a5,269.0
6e9fe7caffbb72105af42923e0eba617,269.0
52027f9a9f238318ca124a39d466ba36,269.0
d26479e3d4ae4515761df4f01cc3cf5b,269.0
82839021fe430688c162e96552ba98ee,269.0
112f9ea59ac9a9565c76c2152490fe30,269.0
bb39a7d8837917ec378363316589ab88,269.0
65da2ee1179a1a7554df6d23f679351b,269.0
7904f82db05d978b48c96a1f2576eb8b,269.0
1e80013eefbc021dad1bca9b09cc5924,269.0
7f9f5ba7bef25b89818d07e53dfca81b,269.0
61a3618acdd8ed6782365c61daa8c0da,269.0
6c5672e9f126645b47e64e7f3e8a2d4b,269.0
68c9dafdf193586c290b19c71541357a,269.0
8805608b298001962c13dfa81a96229f,269.0
a2ebd8efb0daed12066e577a78a8e1d6,269.0
be36cb7552303ca526f4b7177d6b5b14,269.0
9f645fa658613288487fd65c3dc104ca,269.0
ca5c87a30556fbad0671e0b2f9a57915,269.0
d8ee7b35bc4f6d41f709e92ba3fc4ed3,269.0
7f0e948e7ecc96fac34618f881010e73,269.0
dafdad1b3be4401d27d372226043843f,269.0
313b407abc3a4d3865ee0f63c899c153,269.0
92715e9c90e1d9542bd5a8a8b2959af4,269.0
76e6b0c2cdee810995e06c74fafbba2f,269.0
627d6904ea6322179cd3ff116c0f8576,269.0
743c0ae28794358d1592d88ec21087b9,269.0
e29b173e2f8fdd7546b5d3cca8385032,269.0
54c196a036b31e7af51aa30178be083e,269.0
e0420a848706f881619bfe32bbe22b2b,269.0
3a53fe43a64c4cb6a29c66e54185182e,269.0
728e136fca2819b62d610743ae2904b8,269.0
22acdc5a401b5ccb535fb27cfa9cfffe,269.0
d8e4206bdc1de8c2f4726a17f28ada3c,269.0
680e38a70d371582570f41cc47dc2791,269.0
4b71f2dc18503c0dae19a58bfe99c593,269.0
45ee462646e80746679a459081941fd9,269.0
bb9ad7f657fa725f471c30a40bbac79b,269.0
41c84d249534f0b43f32334adb7ab7f1,269.0
45a44ce03647965a1233ac3ffff76022,269.0
a17931d6a6af94fa006afbb9fc4bd757,269.0
12ef52eb263e51edad2789a1a868d9ee,269.0
36c6a1e2e38bc30f8e25c2541de9bba7,269.0
2b7fff075bda701552485ef3f0810257,269.0
1a4d7b90459d1d8b4314bde0fa0384cf,269.0
e75b1e4100516a8b6b9490c674e71378,269.0
98e06d190334a14891b95e3a5d9082cf,269.0
f66491ab775d85d3a33e23dfee765c38,269.0
0eb276141ccbc51b37f4c1baa5924438,269.0
3ace7f95870c2cbbefd8afea56fb3ff4,269.0
4f3e1edfa3261b15f51c59030d12847f,269.0
009c9d2be03f80df9ef29fade7f998f3,269.0
c38f238897e6413a43a0f302bf8b7b9e,269.0
c1bbbca099a49008eae79eda6018bf80,269.0
c03efef1b396371beb5420daed386df9,269.0
0dcd9c0288e566a80542ac0834dd7c42,269.0
11a146e1036640e0eb9c57b047937115,269.0
99bde4061027dd85685a201b61d63722,269.0
57020ab4930fda0c90292f4c4d7b6d25,269.0
d8a57f7152478c218e0e41c0274edddd,269.0
bf9b948baaea66393f21edf2e2acc40d,269.0
b2f8ddb4fb8d488931324ce3f04683f0,269.0
760088b273f0f37945a9fa6ff4955f33,269.0
16af046c6e12d45c217d2b4640a8059b,269.0
b265a66c9a306642b1ca3d770f8f3c20,269.0
6d00cd7a9751462820dddbed135e3375,269.0
24824d3120ac876328bf46760d493969,269.0
0632a82aafa50f8cb48e367b61c37d30,269.0
b5e43d3efadee053db2aedd1def38e27,269.0
9e744efa51f355e27e6dc37326b02e4c,269.0
084c1d1c127b9d9cd7ef20e22a3dbd0a,269.0
672e326393f31d8250830a45a7995cb0,269.0
1d24d360e58d87eeccd278bc19057948,269.0
56d9ab4bc8d4c1995701cbf669b81f8c,269.0
5ad5c913900581e3ebd6c20ba68c5760,269.0
a421f8306b6226a35378a093950a438e,269.0
036747722c993c40f22a72d23ebd5a45,269.0
51e9c53f076583fdfc867b55eb64d93b,269.0
5165000b455801f536ef90813b9a4499,269.0
872b8edcddb1ebd8e8b4db1df2c1edcb,269.0
29ff1b18d2d0e7b26c2ee3e15eb1393c,269.0
9b19eff415dc894c44e32ab97355c506,269.0
33ae60240791bd96cb2e94e981759b32,269.0
235d9d7aee389f873ed0b5e437d90fb8,269.0
cce85635cd5f6932542c98fa9e115731,269.0
72f9e063c7f669ab27e058a39ad1deb5,269.0
633d1bcc302d769ba3f9da7d010d74b2,269.0
ed66489b1dcdbec92339e8b217a5d733,269.0
a7c6d471aaa5d069a79158daaf254b65,269.0
95306421a0aa01b3d9c6ade87d80313d,269.0
cde26ce8314756f40137e12ff2476bb4,268.99
ce667e4b89cd1137f40a8d799354b674,268.96
a3fad6016abb99d9b055f32a85455a86,268.92
0d8111a81ce6ed7cb969e28a01392f63,268.9
895434c8d9230fae601c1d97c1bb7b38,268.9
a0b828674053768d72daefb412b43410,268.9
f7370bf5c8d82b2d0dbc9190882f0605,268.9
acc3f0f89efb1b19c4b68089b09c0ada,268.47
9ff6d1a05ecfe2d907adac11a2e2bfe9,268.38
58c5eb8e7844d1ecd85128e663f49e04,268.38
19700fca64117217cfc9b77a8ac62029,268.0
ad536b13b5693af9bbedc3daf0529130,268.0
fd0ba627e4335dfdd8f6e0271bfa8842,268.0
038677c6bb39caaf53d27c6d46fc13b3,268.0
d1ecae988f85309f883f1769e625b565,268.0
38e2cc0bcec39df94b286833ad4daf13,268.0
88fd1e7e8649557c4f7f06cca6ebf337,267.99
cbbd175e38b1388ef9401ef8518b2ba0,267.99
a551e0db88458b42f4f6a76ecdb114dd,267.99
f8b493e54698a4115ab6958d72e11b6c,267.99
a5138200b55abbe1d5d8035503f7dcc6,267.98
ddac89832685bb48ae7c04d0079da1ea,267.96
36715539f8ebc9f7fc73cf94e722c0ff,267.9
6191f53eb8ca0c04c84df58764791cd5,267.89
db424deeea01535e91a89385177baff3,267.88
39b13247a091cc900da65124ac9e3ec6,267.76
2f8294655841bf02f2c48d24b18413c4,267.6
6e598f3c0385872adbba24dab664282f,267.2
e1d038b51aa770db7864175d006f4d0b,267.2
2f21cac8175499e03535d86f71a81697,267.0
54abf020696cac4caf9175f3b5530ed0,267.0
957f8e082185574de25992dc659ebbc0,267.0
0340b2de09f18a986fea9f26cc7b2d9c,267.0
aa5304b7b30d0035da0b2538598d8e1f,267.0
21e188534fc1862beceec1b6938f3037,267.0
b754d773c79ae5386448977863a4b831,266.9
33e66871536941873f7c041f120012be,266.9
d3fbf13e2d582b82826670a3cdac2fb8,266.78
5e0c77608746c464f57855173086e0fa,266.7
63572a1269de35c881dc1ca268e20fa0,266.67
86d33a8c5cffb1ba09dbb07976202434,266.67
521970d6651d909ddcac8dd4d7abb5de,266.55
aeb6533eeab4fbea7f9bdf37db0f8ee0,266.0
588a5d3db1fe51651fc39b75934e299b,266.0
6292db303bae60b76eefeef966e93b98,266.0
b39454e07623df0f8a866238645601a1,266.0
2e5e34f3721a8a8b891a9d0596c39650,266.0
47fb4a430082767909a0bc89fa392fe4,266.0
4f27319811022a7f174a931388c5eb04,265.99
dc0617ac29c280d79e4e2930274342ed,265.99
dd2498f71cbf6ce861c36745c4e13866,265.99
efdf541ad73f267d253cd8bee7624f87,265.99
13fcb2215be199ed296dd6816ca6d393,265.96
8d62c34ba7c00a6338a02643d01eae6a,265.9
220683a5c2ed4acb41982896af840226,265.9
58466c1166c377a56f6b2ae0d93ffbc0,265.9
d8f217f3a8862f9b10d4dced8128d572,265.52
c17c9bfe8ffb37c939ae0d2941c9dec6,265.52
81629023cf569d2ff33725ac83bd6d21,265.4
ebc137c689bc832cc0e53dca8b02c5e8,265.0
3b8dd8d67bbc9a2d4e150721d1f9a07a,265.0
1b60bc9ccf0b19e5b4cf1e59c76afc5f,265.0
b5de2aafeaef5ead4f3fee6cf8f41ad5,265.0
15f0cf4389f8e32f18093e4f983a3f51,265.0
292e9e4a8662e772f1279f7fdc4ad746,265.0
5d51e1af408cef36611d1ea5d81802a9,265.0
a9d4d5f1e35e1255228f972bf67c9a4d,265.0
dd23ec2d93f81b2da50b3e885e998982,265.0
63ed9bdb2f48c68e2449033b2f9a1f9d,265.0
20573ae3316c5abe38da7880e882c0ce,265.0
ea879c7522f49b51ad3de1cc7aa066ec,265.0
8d3011e28795e321c50f5ccff1e49272,265.0
9a8431f585de8fb3e3dd4de9d7205885,265.0
7834afa97968dd289e626584199c7b0e,265.0
6cd71f974e1d81ec38b53156b34621ad,265.0
cac8cef37f69570ba1cbc5e4ad1c3590,265.0
8fe23a7d9bf530293236906709bb97c4,265.0
0c65fbd1cc7175466e1bfd6d0978157b,265.0
9c00a1f34ce8322426a443a43c8b0347,265.0
68faf11e495ef6fd05df8d2b29dd6332,265.0
953cdb429e5304d15cc7813dc28a24b7,265.0
e9558d82e022425af9ddb83c83247958,265.0
879c6d8923bcd483cd105a6b224d4027,265.0
b6d354953d35ddff2b272b557fb42e37,265.0
8e1501a341a437d65bb58a55a06615d2,265.0
eee05280b094b8463a5d1d1962333323,265.0
73f7e7f82b5e84706518d591d0d562df,265.0
0c03fefc7ed9571281380ababffe4e6a,265.0
16cd1d945f007ed5746a08c6e90d3bad,265.0
5a57f532faba59531113ddde5bfe95d1,265.0
d3bc1fd607f5e867e30371619d28a55b,265.0
4083e8a3321f1d60c4e53d2e837dbe57,265.0
2768315d55fffb8dfdc1f2b8acd14854,265.0
4cc8f93215f8f609b50638d49aea3077,265.0
bf404bca8019b05975e935847f83af10,265.0
ea7985d8e5072d934658643b0fd8e24d,265.0
4b9521e656122982e29ff7de5addef50,265.0
fbae1896042b44e1dc682cb66516a333,265.0
0fc8fcca7eb5aa34b1dd8c4c0491d95e,265.0
3908f5f8c889e6903a48e309535ec85e,265.0
cfdf986b1a23e5be4da26faf17d5da1e,265.0
cb047fed186785a0792371ff0b2aff8d,265.0
8fc86dddfcac06c7ad237d058df9d2ca,265.0
727b5677002235ff1e2c78de75b88c22,265.0
909ac9acd410bb73b02d3341ff0f9766,265.0
0297b96a2290b2d419ac0b0cea83b5eb,265.0
ef6ea25f1bdbd8acf3ffa440a32634c6,265.0
1bbcfdb8f367ab8f6de86459a62febb8,265.0
316753cec5369bfd78e86ba7d93c3e67,265.0
fb0e54088b8fd76fb8c333c5c634e008,265.0
0b34456a261dcc179512d6652e8cb276,264.99
a394618720ff7647542bb5c14285eae4,264.95
bb4b3ce332df6f94fcd95ed5131cac94,264.9
b580a709dda9827ce092d89b3f8c01b6,264.9
007c76c2ab6101f00798548775dfdbaf,264.9
c8b30c6f26516dd48eb62cf898d9c408,264.9
9a31f5e48f4274cd08d49d5b6681be28,264.84
4238449f57e600dc2183fa60672b3c1f,264.8
d7c23f3d2589891ae50aae3af800311b,264.8
0ef00481c9167acfacca4616798fc06d,264.69
b4d31b960539289fbb32a396bbb935b6,264.5
0e24c21be3703d83ec0cccc0a4128d03,264.5
98f6ca55d340ba5dfd4192258c7e36d7,264.5
816233127943a56c017351cc00dc1f2d,264.29
f5ad57eee2447ed6501b391610f7bd9d,264.0
17494c3f34d7feb4f62b47e76ea1be94,264.0
a8aeb19975fcc42d0e82e00d627713fc,264.0
a5ac60f79c5855ce336d0e9822d9f4b4,264.0
ead1f4689a7d350870a8f1b0e6745428,264.0
78d3ee0870e91f6ee67363695e0a705b,264.0
542ee88c6b2b09066ab2f1ebd50b2946,264.0
bbd91d6f3d10eb0b169bd22ea202dcfc,264.0
045d1980b25d907232ab04bab9299c82,264.0
890756905264b648874867f666812c4a,263.99
e311c5cf7650f781ee140f998ebd8ae7,263.99
738ebe48e12040500665dd143aa28cdc,263.98
afd83d05ef70ea7d5f93796e688ebb0d,263.98
95deb7ac011ade1412af2a5007043682,263.98
e1f09167be22498491232558d51453d3,263.92
f14da5aeebc8cb65ae9238a0cf5aac7f,263.92
1a475ff9958a875936b3da7c7367212c,263.9
2f6d72365267ce6048d9bbc1a9bd977e,263.62
d340e6f94b3b66a9ea4f08f257db1889,262.9
2cb95d89c110390060d8bd948f5ce047,262.5
b616c86b6c67abc4ee6da42829d374c3,262.5
a8154b4451b0f7e908ff206120862ed3,262.5
afc9910dda523bd3e6b83bfa889bbbc4,262.5
4aefbb772ae619de2cc832a2d7526ff6,262.5
88360ef90cb374eabac610c6cef1c054,262.5
cf8e348c6494786b1090cc70f23b2e5f,262.39
fb474032f828dfeaf99d1dc9c67abfa0,262.39
7da5a479dbe934f13742722cd566b282,262.39
77d824a1031f69a3901ccb843e32d7fe,262.11
f42ccd297946628a53e061e56e6ae0ae,262.0
5f1c9f917b6f4bd5ef48dd89b4603c7c,262.0
0315fdb0599e98fc798d9b2951f121ff,262.0
5ee90522743d960d6a969dab82bb6a3d,262.0
cb0ab7935862f8f422456b08b9d08f9c,262.0
3f1b8132e0f236befb07915a0fe31649,262.0
9d4aac880ba02ccefc6f724c85f89bee,261.59
a81f98f9ecc7838dd8e9853eee3be318,261.58
c81be24f970cdf800017108e48d4b098,261.3
2ac84997a00b2837ca893e5fd637c5b5,261.0
102d3cd02d947bf923f70d0e358a44e2,261.0
f04f8fcd82d6285361fc9094cbbe9369,261.0
8b4624f3ea37544e144ff4664eca38c0,261.0
ac4cb63346f3672eaede3a522715892e,261.0
1a1ebdbe93ebb62481b542e0b55d8624,261.0
84dbc8cadf81995826879280316b6397,261.0
1a13f2430103c7ab17bddbc2016af515,260.9
fe826d3b6cfb3ef2dcade4fdc9dcce4f,260.9
44bc4c58308826749dd6bc260f1ae5f9,260.9
9f5d8c4f6c4ca201d03d3a9d50704f9a,260.88
17d2a5922037262010321025bdbaaa8e,260.7
11ec4bc0610184925acab62c1b0cd593,260.49
203023c74ac69573e302e77c48e5c19f,260.2
28e7a5a8bd86ddcced4e8c761df469ce,260.0
9c7dab4c1f262f3280dc95d1a6b080dd,260.0
e9f061ae742ea1b4a8d80696914a806d,260.0
632e9560c4fab7134a5e11e8ad599c86,260.0
bbe816e2a62258c7b4328b3cecc3caa3,260.0
e27a055c1d7eeca7052d113324a4be62,260.0
5bac308542721d5c4ebe0b35b6e3690e,260.0
fc3ca13eb2ffaeee01ea231926217ab0,260.0
c9118083d11b71877d8d42aa421ab73e,260.0
1a9af959246e8b02fc642b87dd09642c,260.0
eb388285eed204334b4a33ed62357ed6,260.0
c745f27eee6290a661b48e70a8d38768,260.0
066ec1a6ec56a0f8b161b37ddfd738db,260.0
a3a4dcea8bf35b152eb89c42e403f258,260.0
ca39c165e8c9a7fd570b537106452030,260.0
54da5dbc494349153af7466f6e030d7d,260.0
ace09d14d303bd3ca7346b9273f3a824,260.0
ea810cad61bae649188759964758915b,260.0
6dc6ecc47ecee1fbacdf2d516c08f196,260.0
85db3d57353cb12f8ccf1140ea473082,260.0
fbd93990fcbda517a7c376246180a358,260.0
049e1221c498aac9230d750151d75706,260.0
3295b6a10cfd0a5364458e7aad6a8ed0,260.0
feb0ec401c19c2f55e9a93280567ff98,260.0
f0438deadf42972eb27bf32bbd0ccfa8,260.0
0b8235b65e5edc54a726c674bf16661f,260.0
1c9f03e36fc2fa3e359357778a093419,260.0
30e468e07004356041e2368c5822c1af,260.0
8e607c2cb0711018115d7a6aaff94bc3,260.0
589ddb2c9a626ccaabab732c9c313c74,260.0
dcd522c6b3569f1e5b62b69a56a3b815,260.0
005c36bfaa8710aaf61e4b1712ccd658,260.0
0211481bc6a8abb8fb636b2309bb9931,260.0
33af373e9aba7e262bf924d87d50f117,260.0
a0868f8f24de8f750ad0661b700e915d,260.0
e17dbbd9f659bf72e9d742658f9f3d6f,260.0
890e24d018b4a6032a34c9866a11c983,260.0
ffc436ef9df6ede268ee1548a0dfbbba,260.0
f8e1db79cfede6d3c2b48f217bd89a92,260.0
5d7504bb571eba259df58c649095ebac,260.0
9786fb06d77d78eb58eb38a4d3a35ac6,260.0
d36f1dfb696d5602bc33a3562e3f2d70,259.99
17ade49ae87fba5f3fa8c93e05620d7d,259.99
08bf8049c3b95687e22cb0ba6468fec8,259.99
440cb7446d80225897ce4e12af946d5b,259.99
6c82552a00f0aa4e44f4d14f483c27d9,259.99
cfd6d1ea06bb9b3e9f72117deea349c7,259.99
38b74cc031acb9c0544dad2391472e2a,259.99
867ed182e8e455802fd97dc444f8d88d,259.99
b7efe309d1615673c7e5de5b6a7cac82,259.99
3bcd05ab09f9eebaf2ce4edda2e166e4,259.99
02f8e44a560ff53db97e57913234593b,259.99
bd2ede42afdcf96bdcfbd14347344a7e,259.99
92fc685f17d42e87f9ad5933203b06ed,259.99
90b029e906f07221faaa229502f58f17,259.99
e66cf38a4613e6c515fa66440545edfd,259.99
4541fd1f68aadc6a75abf2d2cee3db4f,259.99
916c443f0834b02f061752c40f4b1666,259.99
7d85ef5a8f64781a9b17a811b88e3175,259.99
6fdf60c9637a27c8b542aa6bd3921eb4,259.99
0c7c88c4e8d60c782527fa7bb1a669cd,259.99
f1f18986d8df86bab07951e9d044123a,259.99
ee4207b3a04cdbfdbd567e3e34748851,259.99
6e33bf17f1255ee64e160d79e8d0202b,259.99
4f61f8c61f079aa7d12dc2b21087507c,259.99
59b753171ccb66874f0c117e1b63f3cc,259.99
69023cc0ebcf6655d549c0a5dc594d83,259.99
413d0b44ea468d18c575b995af71355c,259.99
fac2f46b9fdf19602e714973e40bf083,259.99
f1078903d2e4453e0d1905618174a3dc,259.99
a5e340022b43d330e212a92a503ec380,259.99
13285f2d708fe358bc04ff5f3abf4142,259.99
7794efb5f117fc33bc8e339af969a7f3,259.99
734ce03875efaf7de6dbe878382fcfd0,259.99
0d6d2c90ade77f539cef9aa4f28dc45f,259.99
3effc3bb383adcc73f87325741458c05,259.99
ec8315fb9315114eb8a8ed106264ff4f,259.99
43c89a8bcc9125ff0d00fddc813d2671,259.99
f53564ac2ec1c32d30751b44a472177f,259.99
e39f84b2bff6b8160f8257e7c1164c0c,259.99
713e1c9b84d40f0ec86e5f04fe959edb,259.99
7f57408abbbc33ddc3d6a0072e87da0a,259.99
7ed90cdfcc2b7f3b2506fc80f81d4e33,259.99
0802da9993945877f32ed71ab7800b6f,259.99
89586072c05686f65c2b52948b10a016,259.99
b6dc654ea3ba172d3acd4a753b12359a,259.99
599c3538fbec0c9e9c2c73b4d1694d30,259.99
5c51bb8cca78612d40a130b05279cd5d,259.99
a487a105dc1bd823498c831bc39e3d8f,259.99
a12dc90fd049ed5f92608ea917dc8c67,259.99
8be057b6ab98f2f424902ba013556895,259.99
dec9373f0c8e08b22cf6df63c67284b6,259.99
ef6b9ad0f75a3e32cd2f21dc4c520de2,259.99
72a7302c0353b902b4519d14e7a48721,259.99
5f5f57c7939e7666aa92a4f421de907b,259.98
874211fffa941800228fb197bc411ef1,259.98
30e90d4c04c8faf928fe017f115ac776,259.98
0aa91d0cd690f66d4d4e1c9cc82652c7,259.98
10595804cffb2dbf2c9dacca0008817b,259.98
3338387675fd5e91f6a823d0c40f066a,259.98
3612f0bb7c0079715d6202d9a84cbcfd,259.98
cb32fe2aeb8e53ae62644d5afc5b2bc9,259.98
a2c0d0dea2025e9edfddd1952a437985,259.95
df2db16f9c09041c651dcb651354da15,259.94
2698695709c21e561e5aedcd0f297a69,259.93
498fdb5ba5b08aa553dbbb047506ec6d,259.91
31355f407bde3b752177105ced719bd3,259.9
6ec9aa5ef11a3ff482bff3e52558aaab,259.9
47d251314584bda53f70e982b513e90e,259.9
7df0a02f3a48198615dec3720500fe42,259.9
3aa2122cf8201703c33e7e09e043a243,259.9
e4d1452e6713caacf00e87872658b882,259.9
af969b5850969637f9e5c4ab94f88107,259.9
9e227b9be284a33b91dae97793dbd60b,259.9
9a80c8377644236e27f59e83862f1ae2,259.9
effd730d7d3d3cc25197722580540521,259.9
6d0c88da84f5f308b04f0c8dbd180027,259.9
119964566e4c0cbef2dac4d8a4291338,259.9
666d0c042d5be46b54fd2ed19d7e8402,259.9
a347ddd4888c231851a58e905d8bb8ee,259.9
b6fd5c47ae1a019bb093ea2333e47771,259.9
2cbd878ed8f83263ae1f2d603d40e0d0,259.9
57f867a592727eb25b81e7a751311941,259.9
671c88e6f743e984ae2f877fb66e1a1f,259.9
c46720f5a60dadde920c6d90014317b3,259.9
6b277a80ea339bf94a36c9fbd7effd80,259.9
33552c5bee8385e905e8fee139427525,259.9
a283b1e74d1373d37133117c9f940225,259.9
43eeaf4fa80626e1f275c7b117d7eeec,259.9
b9c84df370dea836ec452ed49cca4c78,259.9
38a210aed00016125db0e5206d6f300f,259.9
6750172272a6a616067b595a9aa0d6c2,259.9
55308e6fc26d946ea2b0e47db7c829ac,259.9
6b35127d97d92944ea3db46690ddd4b6,259.9
7a6ce9c0c30bed907e25e280066893cf,259.9
98b4b785e83226f87856021a5f669283,259.9
28894762f8e436444ad220a622378fc7,259.9
9408e45694a5a6097fadf09ebdc5e4bf,259.9
50c123c170cef36e20c9c01d526338d0,259.9
f27e56c54dfcb67aa9237eba08636bb9,259.9
47b1ec72240dcd0dddd0827b10435424,259.9
e30789f0affae3929e6e450e854def49,259.9
413ee91a81860e8f4f179b828a3da966,259.9
56a4d10644e5aa0b23861f9e90f37a8d,259.9
7b3a2b1682c37d9df9e836d397b963a1,259.9
5996c022bd9200b294c361121cf19d6a,259.9
b12cee13b76df10c9c9aba2e9605e300,259.9
404bc4f331361fa69eac240e6e2d6431,259.9
c158fb97a12041c9305718081a78b064,259.9
a6f0c75be71555a84a73cabdc58b45d8,259.9
bf56aa6eb743bb7c169701ad0ee1bbc8,259.9
808bede9c1df0d6a2963e6bb3f4e0470,259.9
5fd5cb96f515996e88d84c61012d97f4,259.9
628e02fd5a08035e9259d70b1a3743e1,259.9
80dd6889d1cd0b80f9ff71789a835f18,259.9
0b654c00a7c2ec822f72fb88fb0510f2,259.9
bf1527fa94f9bea5592f737d50ea325d,259.9
86e7fdb61f1420ad74c33dcfadd833fb,259.9
c8fcdfaaa749a779ec73e4f6d981faf8,259.9
5a7fd17c26f3d3af279a3218f6bd7839,259.9
b563a655fd86010adaad1e9708b0c33b,259.9
a7056034bcc7c12cd4140957ee3c342a,259.9
727d45008fe83848235f2e29d60e29f1,259.9
91b2fa540410034b4ba077059bc6a883,259.9
6eb257a208b7082dbd96413e6d139602,259.9
2bcc94fcfc3496453107b83bcf7f277a,259.9
f84215c0b6b3e126a0287ade8fcb0a91,259.9
e9e9f929686355e47cb979fa510b9e94,259.9
eeee8af1f7b29dbf34d577db1fc973e5,259.9
3394021d3c7269b7e27caedaf7af8ef9,259.9
0eb1ae7642d2e060ff0a1f063b05afdb,259.9
8ae23a65de42e37af02009f57d04ac19,259.9
643f6ffad3d3b4c0345a279dec9cf5e5,259.9
01752e42e854180a9dac35cd803f4e33,259.9
8ec5d1bb574d20d61a22a89127329060,259.9
321e587bfd564d724fa0883998543eac,259.9
9feb947affcba60e3865d3df152ff086,259.9
f2b4062de04b2adb7111ee7163252b24,259.9
b6dc319d1713cd14e14d37d6625179a7,259.9
266eb06cce9ce2788821b99fbf3b0420,259.9
c3cf3a68467bb02ca0baa072998134e9,259.9
423a8dbe127fb9a8969448ba71969037,259.9
3c0c18b834b8f01bc414c2a3f4752fd1,259.9
a45ae5b81307423f7cf86a35810b52e1,259.9
7e103a064dd90f7ffce8335906ba868b,259.9
2e7827f7962394cb2944cedf40d9dd67,259.9
6b63f5ef5bfc6d4989c9a07d5513d154,259.9
1ee6f20f34afd82b191668114c8c26d8,259.9
b881f59b31df61f2728d3d9b42e93edc,259.9
669f3887a37279e0b389e2e1375a3bd3,259.9
deece27ba0aadf232c43fb1f379174e3,259.9
72adcf6a1e2e058550157b9ee9e202d8,259.9
407480fddbaf5257e3ef5f07fb0fd71e,259.9
159b87ea31606350ad0ec0ce82bcc854,259.9
16826653dc051ac61430958fb64daf1b,259.9
c5a2778a8dbd64d32e3d0ee4995539a0,259.9
b3a8bdc1ca87498e8eaad4f931e61171,259.9
e8b2e467012c68957ae92925b156e5b2,259.9
36c4ffeeede9b0c538acb8d23fa6988c,259.9
f1767a32653232f3dba7cf216c6e340b,259.9
186a017967220b623997be9195d258c0,259.9
6e487c18c49fbce6f7cabc4b4565e156,259.9
ad2062b5c19d63ccc4771b5066c47b49,259.9
0ac1fd3d77dd30845993d7e84e5b6013,259.9
84277fad7c65394532e950000400cb73,259.9
19085e50c6f3874a0ae2586e3dab6404,259.9
8dfc2e7f0843dbb52899f8089fb7f560,259.9
9e73c9ebfd2c3c58898f89e7d0409ea4,259.9
b30a6a354e94dbccf85c6775e70e4121,259.9
d6df6abb10d7ada3be9bee11f94199a8,259.9
ac528205ad6baa447b16870dfeafebb4,259.9
61b9550767e47b995d772f314d79dc48,259.9
237bf1bb29147868ba252c6fa367c746,259.9
ae4ae7d2047b22e3943ca6a96e1012bc,259.9
ee3b567adf63ca8540edb0337fa8bd09,259.9
4cd906a5d8555340aee749b3a3a3b5d5,259.9
cb1984ff605f79f1ca8448d3f9e79a0f,259.9
77b1e04f28c1b933de6f83af34806288,259.9
2a661d8e26276c9668453ced518c37f2,259.9
3249a3fb2ccd4b5f7103a6e759c0d873,259.9
50da54149c28a6b981ba9041bae4f547,259.9
a33874bb08defeec8118818eb3e91a90,259.9
7458e588e5b977cbeaf1b350aacfafb4,259.9
f35e64c823f62d46b6a6cab2d26f0a36,259.9
d7a55b5d962e407ab6a2eacc70b79ecc,259.9
879864dab9bc3047522c92c82e1212b8,259.9
605bdc891f4cc6a3431fc038419d8307,259.9
daf581655538cc0774648e29c1361163,259.9
4cacb8a14806d01a3197100d486be80f,259.9
53379b14e4048e025dc5a2185f461bb7,259.9
dda506e73a7b3cad2ce4b09e0ffb5e68,259.9
bc1461d2c76f5c8e5e210ca0ff4b031c,259.9
6b23bd7d2d73082f729ce2be985ce562,259.9
fea39298d84edd1828fd51d63c2edfe4,259.9
df813c2c1aeaa67fd26407370027db18,259.9
9cc1ab706200b513b1940668dc1a206b,259.9
2ae6618a66d60952d41816641958650e,259.9
f8cafc094aef043bc70f4e6fa36a8180,259.9
9ee7ba2026070f1f3975a61568f0fa70,259.89
9bc2456a5cf9a1e1ef2f4fc535da934e,259.8
1c8b633ef182e06c7384855e8fcc168a,259.8
9c703a0e38ff9046314a1bff0c9cdd99,259.8
89308d2e180453477f64c286806350f5,259.8
69e9a3d06551b6045a19d2e64b746473,259.8
ae2565b6f785cc90a0c7741e716fefb9,259.8
115b6f4638633b24cc0224855cac1198,259.8
e8be078dee76002545a9c5f10b7d7c4e,259.8
0eb9ab145cd874dd2cd5053dc6f6909e,259.8
3a6dee3c47643c5ef5d224144ead2499,259.8
5db8f1da4c5edff77c8cf23a0a810946,259.8
246cf7075108c701caac778132a2a9fc,259.8
d57fee640224bb34de29f6e6d6f31c2a,259.8
d9721a87b4755c5e9a9f9a67ef484575,259.8
7bb2dfd8b6d821891db258b2c198b86c,259.8
76a7d53defecd1dcdcc056867ee18ea1,259.8
d9b1dfecfa8abc4ebe7572ecd5a8da14,259.8
dae7b889985b1c0500b588d57bfc71f9,259.78
7c88c30cd51c2a11ad92944941e6e03b,259.77
e3f390f6f590be2be7cc0c05cd54ece6,259.77
1fde8f5fae937ff3c6173c837b5c143a,259.77
31a49e7216dce11ebc422cc2b3226b11,259.77
33c16b55f11d7b3737f9f20eb3860664,259.77
580daeb93e7486f0882342d86eece148,259.77
7006c8d76a85a3927c81d16d21e9a317,259.77
5d82b4dd8d81d80346f024b80e8f167c,259.77
bdf8deb639a55e1f9ee26a5905456d40,259.7
bdff986fd1c3b55217d54d9cee4b49d2,259.6
64371168bfc7897e0e911783d3de0a3c,259.54
cd241e892ac3082d6f1b45ca49ad158a,259.46
8e9920ee9bf66ba4cf4107cfdfa61c40,259.4
781de2cd92ae008925e19e520732bc2d,259.25
2915d405d4b958edc2bdce19fc0df07f,259.2
597e456d1bb6e8dbde1ebcae4734e978,259.0
3ad90b7197bb5232ec6d5a13be93354b,259.0
6b1cc1836ba0502fe56d534182e18668,259.0
7971bf17081196035ea5dc10000cb21f,259.0
a454b5b99a00a91c20469603d40db036,259.0
1add0e650dfd0225736b13fd211566f3,259.0
a3cc815958a0313f44694efc042434ea,259.0
e39db554cd5f02b4f95308fcbb7c2028,259.0
88e2fe2357ed65903d27a6bae151b108,259.0
2e4c173d35537383c79b271ff5144a8d,259.0
8b29e147ab899cbad8c60f9b054de19c,259.0
dc089ac4d52417edf019ca014370fe7e,259.0
b9dd2402a49f032e7942c2e126e34f52,259.0
aee9d44d59c6cb00a9d64b390666224d,259.0
e5b4c35110318298cc63deff9c26c169,259.0
76594f64864294275bcba7f33abbbb9a,259.0
2aa0fbe2d18c6b5d509d4ac540fd9e83,259.0
fc7d4defa8e1ac093d000adc4a69f99d,259.0
543ffec7e11ec1866c810953bff61141,259.0
17088b6798f3791e71000e09bec42f53,259.0
a724af9a4cf8cd50372e0f0f11a73817,259.0
c6f1de87b7344ea1d33400c3c15b1a47,259.0
fa463b9aa6e30ba66238689fd0e2b1f6,259.0
3b0e38f909bbab56c1be7c0da8c94299,259.0
511898aa78adbbc58e60ec449038d586,259.0
02d7783e7f62f71b0209a3157ed29295,259.0
b9b977b5750b820d527dd864ed74c4c1,259.0
9574aaefb5acc2e0d267af15f5ef29b1,259.0
17213edc4e246e6c681d74dfa9c8c38a,259.0
45bc65e83bcb89103f2e5bbe2e429510,259.0
9056ae890beea8465511b1e299ab6e2e,259.0
84ef3db1e67c71e9f2631d3b69fb651b,259.0
6e793243b85efda1ed949344d4d66e6a,259.0
27768518f44c74470bd1f7dc0533c001,259.0
6c1b0541320aabbf2c793b921abb58d6,259.0
1d90bd47cc4020de6b135b4f1fef7995,259.0
0c94220b129baa8396dd8d3d11aaa012,259.0
a779b6c2195363f9d7da1e5b3934cb3c,259.0
a53a6b671ec4fc6c55839c50bfcaf3b5,259.0
851fe64644348018b08d59e8d0002abb,259.0
e1d87389c11602b9715c7e41bb158a14,259.0
d12c9220f616b02b0e58cdcd3fc1eea4,259.0
7795e422f21ee2057de57ef0212b4d7a,259.0
5103670b1d7ea5870655885ba03125a7,259.0
0fcf5d619e3c4471fef24dec09cce351,259.0
2577a8a483e4c65a4e9256b90de22f4d,259.0
9ce31d55971db15e0c3f851de4d9fd24,259.0
1b5ad11367e387a0da032a2d27b62cd5,259.0
45fe2252085862b525531b84784925ba,259.0
2f708cc333cb0a71ba1a78b609e5a16e,259.0
351cc738149ae51cf174497c31325788,259.0
7d455392cb88ae54b111bc3a6c90c721,259.0
05ebc27279c0c9082b56bbd6a1441a4b,259.0
64b75f52eb55bf78f920119c0ef47320,259.0
09d5928beb6589630dc2dfa45b7a8706,259.0
9a2abd31e22fe634141b8aad28fbe154,259.0
d952d0a219ee17d64a7103ddba3feb5e,259.0
0e02bdf960198a4a18cde1eb87c230b3,259.0
fada838716d86242728e5f2c0d15f2b0,259.0
cdfe8c99fea297085c6b13241e2f0508,259.0
91ee6b604bbe1b4be38efa35dcd7cb25,259.0
0db3d540da7eb431e5c5969fca57ca07,259.0
04370b820ba7c7a238a5862e04bea0f3,259.0
8ad04bff9d06c103ee398afe6d4a0cb4,259.0
d6a0262aa7ea8989db06e29f944eee82,259.0
3100bc01492036c08cfe1d88d6c3ffe0,259.0
285b02dd357a06f32b97e0e1491c2317,258.99
1392bf4ea4156b566c869594d1ce5a59,258.99
4f74721592a5128138d827de1840b50c,258.99
1bd51f72963d849adbe7640fa2070952,258.99
eb3d995301c320683de629f5b4dd0c78,258.99
03e8f438c63d7e3eb8cf2e830e42793d,258.94
396a7bd5d07dd9a55593b1eef5eb4fea,258.9
0f6a4a64f5e8d60b96555758c8b06585,258.9
d5633cabde5e5d7747c839160037af90,258.9
fdacde7b057f261f8f39ef2cf078df68,258.9
e98b6caaa9a23d78a283f65cec39e73f,258.9
203787a9001501ba8c7a57471254a1f9,258.9
4c4f820a610c5c687e56d69a2f54ffcd,258.8
22c15b46adce8afdd7d58e6582752263,258.79
53f4c6a8bd3e929399321a02c1132f0c,258.76
03071a983e944c48990031952443e211,258.7
810d6e6ff6e67c94075b39488b77632c,258.68
f072b86e7d9e54f95e3dc4854fddeb3d,258.64
178850fca63c022ac730d9836256d29d,258.6
ce41e157e6d72b41da18b5c1b046af54,258.5
111fbf59e7bf74622feb0006b74c4286,258.49
e1df9d888af96ac730386f4b80ef546f,258.3
a9bd6d17cb367daff2ba7de9646e00ed,258.3
94e7e292dc2dff64425ec4d0f39137c2,258.1
45e81b9e07aa8660f88f592878641ff0,258.1
a6d0826873e7fd69267d460a167a51e9,258.1
b64a7bfbf3742d2e51dfa2ed80fbd7f8,258.0
460e0064a01d92dafdba00dbdbd4f3e8,258.0
bcb383f1850a54db07dc880630688232,258.0
93c2b53461f9504845db7db24d5e942d,258.0
cba01256a91cbf13bd35e735b8a5fdd6,258.0
0d20ad8f0098cd1440432c4b56c0d569,258.0
893ab218533ae69e11ea359251e3f2b9,258.0
66b297a7865ab5c2392828ffdabc91c7,258.0
eb8785624bbc5262c11b11518c6b9c33,258.0
df44fe608faeb3d5e1186cd91f02f040,258.0
0358a7592f838123fd781a9830917175,258.0
fed9258e995bc38766aea4fcdead8676,258.0
c3b46a2c4b10a6d46275d9902d91ff2d,258.0
ac6dec66b774a07045cdd6078ec77e46,258.0
3f25ebe2334e0d1436d693d392f55e7a,258.0
1ba528f37985c821f99ecaf28db21d81,258.0
84f47943977206e6e54f4fd202a2ad43,258.0
747273f8933ca373ed0b2640610e56e8,258.0
072c530f7b482d9b904977a9b7955a45,258.0
5ef1f0dcf26b5aa4f4838ea2e1a9634c,258.0
8f2fca2a65ebb9180707648aed3f3e31,258.0
958e287b02a53d2107c61ec4ac90943e,258.0
85f3d9a16a36cae43f37c9119046df4b,258.0
9a68cedec6c4f03bec914b782170a43f,258.0
f9ef7d0fe816e5c2c39382b5ce51141d,258.0
8201dcb45400a528803f590ee1eb8bc0,258.0
1c5a586356edd21e05e3054757b834a4,258.0
6d8642f4096c5670ea62758a8c921a7f,258.0
6711f6053bcf874f5113990cfba8b061,257.98
9eb8a642c77dc5890eca62602f142e46,257.9
297c866b3a4a12e7674abe2f890cb6a1,257.9
d134e0c1f138c383dbbaec56a8146a96,257.89
3f4c0f7e7fb59e7411dfb858748e45c3,257.87
c85dee4c2d489b0a3108b2b4484c5644,257.78
23ed492e160b38c5bcb03bea5477b35e,257.6
d4cd9729eeca5306a2c039fe6e55601e,257.6
886cdc330039c297f54f5c7c75eb0d61,257.6
e37bbc70455e1afd493062202a09159a,257.57
b598787044dad3948915e892ae113022,257.57
ed0ef83b84cca33b5d342c361846a265,257.57
292b3cbe5cdebd3b58ff02871712f7fc,257.42
e8d28d2771d39b2a5969232737233e9a,257.4
3c7525f121305211f94be34e3e73583e,257.19
f3576e2845514e8c7a3a89fd7691c745,257.13
e1cc911510f96b0129938a5f8bee2fdb,257.0
c0dd0121372b491d2a57a4d743ed7902,257.0
df4d5135b7dfb755421e5f6b2b998f7b,257.0
1b367aa0e27d23801ca51126afb52321,256.99
f60c95ed2b10ddd5ce8c6a25240edda9,256.98
16e28bea52f770767fe899a415600da3,256.9
ff31b2fe23c1b36177c721cb33689903,256.78
a82c45df031c9225b534ee1b02f9917a,256.3
a19b79f26e1ff801d669b33c167dc427,256.3
b7b9d825193190cb535f44b403f4c9da,256.3
2c94ee4423f153e13ce3fb15ac406a13,256.3
2aba72f16ec519abfd9c2f5be6136e9e,256.2
98b1500707c943180b75a4c1bc110750,256.0
32e3df990cf96c966d073b0e42b27cda,256.0
87ca5da35d1391b71529cd0203f45f26,256.0
235b447743d3477804d522f24c690bcd,256.0
1680b407a5a42b8d82a8c351ad0fc6db,256.0
8ec217c8bd345177188dc21091fc78f7,256.0
ce1bcfe3b3c0ee8f1d421a3eb754d9ce,256.0
9603268837cee8403f0ab1cd6cb39c7d,255.91
c8b5cf65af25e599ec44662ffe565065,255.9
901deca092d5979cdeb993afc23792d4,255.65
ac037fe63acefadb797790ae6d6a217e,255.61
5ccf71718d9dfedb398e1e8dc89840c3,255.61
3c12346ea1f05ce151ba3029c1cbf60d,255.61
f2d450514f374ebd89036fe92df557bd,255.61
d85a1facca20ed298fa0936c7af6e7e4,255.61
3c4080981138bdcb28c729effeb9b682,255.27
6eaac02722db56c9644f4cb3e7943b1d,255.0
95faada93c141da94079a8ec0965d02d,255.0
4964b245573f51603b9782d3a365caf6,255.0
1a89679a296852822ca3573d8ea0d041,255.0
32e6efa64c10e606729663be1b71c863,255.0
d99e12c88fdf79fc53020181a3ab5dce,255.0
78783cd0f4085749b3c1b5eb9abc6d09,255.0
a607a40578d475dd721c368a45726422,255.0
5709985b6b8934c5e58d49d8b54ddaca,255.0
a3fc5aa6679a45c8d0dd3036c9ee246b,255.0
b150a3431c17a59c2f12a6dbed63f0d0,255.0
c84fd01f38cb2c637dfe633b8eff2ced,255.0
bb5c86b27c6558cfecef945c42cc3b2a,255.0
d6148957a1cd01ebafb44c1f9a5ef949,255.0
434bc3aedc95ddf957860ece02f33b22,255.0
b86fa13640bbe026753973deebf377c8,255.0
82e6aa6beb66b16ea738bea138988d33,255.0
22148058840f9cdf34c516ec250cec95,255.0
bfae4dcb0371d8a5a961d6f2658defc5,255.0
b692fb160782271845b7c858cbd9c1df,255.0
a4744f1897b52388a19a1a44fcbc251e,255.0
6c085bf1ce3e86479e1645ee53449953,255.0
366b4b63cda57be7ca46ecb33ee71f4e,255.0
915c65ee734aa66f635040c38c04b7a2,255.0
acb5a2146699278ce5c1f961cbaffeca,255.0
01268a9cd062a41dbaebe24bd8b07cbf,255.0
ac9f9adc2803c61e9fa4c360da04fd61,255.0
7c5fd947724ac64e7da3c1c23dc613ea,255.0
132d5620a1c47ef79eec69e780422b17,255.0
f211ba5f70f8e5d0fe910011079b1361,255.0
1af81a97080e5f84ff8390118b0e991f,255.0
2c36016cb1cf62ce42656a23b895d192,255.0
ae9ba9b28aedbcae8a5472e14ea766dd,255.0
85ba38b45737f1883ef0d242a0274b17,255.0
647fb0ff21a40bbe790d0eb7d2d3b9d3,255.0
043e1a8a42664d4e6fd092d4b1f878e7,255.0
a5f29d37853cfd28ef2075755ed0cc9e,254.99
aefbe8e331d0976874cd871c3cc13e68,254.97
cf0543a398b016a8da85094ebe6eaaeb,254.96
f8fcf5232cf3d387de35d586d6535c3d,254.9
bbc160254f556c214299211d347e912e,254.9
e4079117ea0dc8bc27274e34c4796515,254.9
65408e1b890ef91ebd20525415a75006,254.9
1adcc89514838ce6dab7b1d17e3a721d,254.9
346564320ecd94d8ef5ba883774304b7,254.9
4062224126cdccbd9ecdafa4b41b4e45,254.9
1aba9d2a7b717187271edc2f163c1d89,254.9
fa5901de46d1acbb3ec49efb898f5d5a,254.9
b5929c8cfd54121b7c3da6b288fd3ab3,254.9
6c27b9ff4f12e3bc317fda098ac66a27,254.9
a99e84a562c9d7322420030c86f4153c,254.9
2dbd11cc486db94c38e7e831243c7596,254.9
9c2d7e734f6c068b707e9ab0bffd5048,254.9
c6d3d8578f934785cb4abae7ba2d5c0d,254.9
d5565adb773b7b4a1645f5d938623531,254.9
960ffb45acd270534e88387352742459,254.9
27bffe21c1c14689c7a9fae1fe93d2bc,254.9
bf988543b99218d77ffea19b8953d511,254.9
e7f39eb0a7438c0965cf243a0cbe7e91,254.9
15515c398e52f41ea2dd84fb77461e56,254.9
9a678ec11dfb61641f0abec1fef233a1,254.9
646be67994fdcc76cfd011527915591f,254.8
9a91c8c5ff3cbd56c19478dae95a412c,254.8
11e6a06de4b661603476106fa2903210,254.7
308b338feef346dd463a7940200e4681,254.54
e3580637ce917d8832480587b29e1468,254.54
dfd328ee003850fa4d887ddba13d0ea4,254.4
e94ecefbefed9b773ccda2eea3ccd040,254.0
b8880df4f114b1cb0c5b1b9c523f3db6,254.0
623e9156d6d6709045ba59f4753f6421,254.0
91dabf9347495618b632ea7397fd4eb9,254.0
ab8f2b129e54dcdcd7b472dfd41f4712,254.0
d07d27e6b9264d32b36661ace1319d53,254.0
87c99eb6962fecdfcc37883d6a898195,254.0
3ca587fa5fa79ae10d6068beba867d43,254.0
c5af5453cf8127f3c3ce75b498561dbc,254.0
5f174de9b3c05f164681fb0f3e47f453,254.0
46001adad3618bae82db5ef329cc7873,254.0
b92a5d9d79af87f5bc497bda2873a462,254.0
eed97b1cc75ca85261a0402b4c743ccf,254.0
bcd30f8834c2e842f37203c4b3327043,254.0
917d3161154899b08b3b1a58bd6637c7,254.0
3ea459499d86aec66f0485a32ae6868b,253.98
fb944ca3fae591b47729c008b3cb1aa4,253.98
3622d0c6239c84a8b1d7798a0410aa3a,253.98
e8f69905ef0387d08a36888561545c9b,253.98
97ee81fede5757f1ab031e83d1a59f56,253.98
b4032f13aa7eaf83f5477bab758561b3,253.98
febcc7d507ddd2a2c36e35338d6d5d35,253.98
a52bc8934491cdd988e9e063be7656c4,253.93
ff73066003e6e0aa6ce3739d60a1ff24,253.9
ea15d85fe65df193ac50b5d8a9d50e6f,253.6
9cf2a42feb9dfd6fa2f0fccf54fbc20b,253.57
c227a5a137bda4069d4d913eb9715765,253.52
e1f35a414cbae52d09c294b3e58c3e89,253.52
f4eee7d403366b7c3262786e1e9a2823,253.52
e22df40704bd9e5477ebd8f2194ff037,253.52
0fa6f9c417bd7ae5ff98be2aa4a66fdb,253.0
7aa9979edeecc4c0748cfb942a7850db,253.0
32cef4bdd6bfa50612d81dc77a93b131,252.99
ac0f463cf83ca59742bdb8a44a864619,252.9
3978ee377ac60d71cf524dd470686e26,252.9
0c19a1c2402dd9f603b519f1686b9e80,252.85
9274553a4765ddc5f089143cdbb3f2eb,252.5
2a20b9912896ea5933d7207d8ecb9840,252.43
379f37fa1aa34a8dd90316471798ad22,252.14
c87bdfa527f494e256901a8eaf082ec2,252.06
e529a06a810f06219aa64991c7df84c7,252.0
cb3056c727f96c9d29a1d938fa533bfe,252.0
b9b7291179ec5d0952af8830e4b22679,252.0
71a1cb321823bfbc0f0665edca5b63e5,252.0
b177b85f1efece7e6e46386b9e86699d,252.0
d4c35f67f4a92530ad04459c2986c162,252.0
1cba1ad3c6c46f2693ec946bf239642c,252.0
7d5e98a2e485f0735beee6e2d1c43e0e,252.0
f498a3500157af76aa12d52120bca54b,252.0
cb3e3dbb6bb631dc9cd99180e55119bc,252.0
0c5e68cf2c4cc1d8caee6a12ac6e1d58,252.0
ec3c600305eb7f12a8e1033a61d335c8,252.0
ff6e494112db6e543970ab264d2e3c8e,252.0
c8acaa9e724e15c79813b36a6f243d1a,252.0
40e1601f4dd60faaea6b38c69223e617,252.0
86952b2c00e25ae433fc21f72236b360,252.0
317654e298bb1b3e0894efa5808d3eca,252.0
076f94b60104b86cb0ac29a9bc1dab6a,252.0
ebd73c7563306160b7d0ffd3101743f3,252.0
5f413498abb3c1c25c379320bb68c342,252.0
8c33b5139e4f68d40b1e97f12fd40d5b,252.0
aee3496751269f709691dcd669839fd2,252.0
1b8ee28c1b097a95d300a3a18d8c54fa,252.0
21158ecbcab099b4dfa5f3d5a1940e37,252.0
26f19660cfa59d1e2fd5752e96ef63ef,251.98
6f8b4eeaba59ef3fac7b5cbddf1a8493,251.9
fe64a8995496324377a381acd65cbec5,251.9
516c25cb01081029aab6683daaa320b1,251.9
22c9471e9da562d23be5f48914b7c3b1,251.9
08e74f467fe7b442e59c79979f4f9126,251.8
ae506753fec637cb96765560fac2e7e6,251.8
5260f00cc0f094d2e1012dec369ee399,251.8
5a1a3d8af7807e5570135ef3fbd66b5e,251.71
323a3f2d3b2d3413da554ffd9e722d5d,251.69
d0702c4f1152606a119561253565e15c,251.51
15aa348e5ea1a418a98e7e8dfd0b9a75,250.9
96abd0fc439167d6afbe20f5e8264e6a,250.9
7f6c1d60597d2edb5adf63fef310e932,250.9
b79b4fbb9f813fe3a979fc29e7e0b573,250.9
08dd337715b213da30e4f32bc49d8a07,250.9
63a1b05b88005f6b669c49572da62f6f,250.9
5774503f5dbbcd09cb88a1fa32f4f88d,250.89
184e0c2cfc746789643521df0e9ff904,250.0
9af7f9690b3c3c46417a9829a7a02068,250.0
04dc51f7e58146766c01a8b361bbdc03,250.0
80655c33f3653b792e8d564993ee25a2,250.0
64428c52652832ca97eda36bceffe1ef,250.0
018bd804612e66267d4dc4ac8f8b98c1,250.0
f253023c8f1e0fa8abc68b0180cf96a8,250.0
a1af4ccd7d8b4451112f2df8c61d0ba3,250.0
ddb3130ade3920265203853e3885d9f0,250.0
3eae58b70e658e4766fd1b76fea5de93,250.0
b8fc2edd015cea8b8cd1f308c30541fd,250.0
e5d2ef268a21920a1d3747b717f36c88,250.0
9140ef471172322ae85656535d17715b,250.0
267291cbcb846193728b5c986fc7d703,250.0
41e620212a99e935e46496421d083747,250.0
97592acdaafe25b9a5aeb8d5f85aac11,250.0
509865be40d14361077df35e35971edc,250.0
fb7d19feca365f1522c65d99c2f590c4,250.0
3771914eaea4a652b9eda2ad97add048,250.0
e6b790c480ba073afae50cd81e66c2f9,250.0
d6432abaa147482576f7efa196cb47db,250.0
d2ef89d49d17e2fc893a8ba62913d2d1,250.0
ebaaed8f43aa1e32eeb972dc57d35840,250.0
e7bcaff19f8b12cf07de86e2796652d3,250.0
46c8b563eb3f1cde2139664d32f925fc,250.0
4764d14d044d8a476a85262a3bd65273,250.0
40d75f2033ae0bd1f8668f21007975b6,250.0
19470ba9e004b052400bda6485bf0125,250.0
b94326336af1647b28522b0eff4a7e0f,250.0
057889390a3726625f9f6a3a907df9ba,250.0
563efd05692357b476c05cf21186b991,250.0
7030ef488b9f80599046408a5de28cca,250.0
41358104f08cf88114e435b984b5593d,250.0
edb556fd9c201137bdea274e76b67a9c,250.0
3f4e19268241474268bdb9db41441463,250.0
e54e3844cf0843ef99fc1d126b3cfbaa,250.0
382975749bb46771a60f69022fb95f04,250.0
23964fc361f9494ed6fb1db09507ce6a,250.0
7b1d4d024295cc2b11b2896b06458baa,250.0
4ccadb3017d7e9ee8ba9523f00e6759c,250.0
d7e909b52a02e9038f37a0aada602219,250.0
7decbed5e9dba1c414ec29e6642fc782,250.0
95c4015e1361fee6cf2367266ae409cb,250.0
3f5b7fa73e86b9429183fcf404460935,250.0
86e6e37908c65b70f0216acfe7c737c9,250.0
2bc5c92da6f86fad8ec9dfdd63a2b8f2,250.0
c7e45e85f22f5db2f9a06c77674c872a,250.0
dfa0811584fe0dae38f73aedffda6d36,250.0
31dbc13addc753e210692eacaea065e4,250.0
b181fce3d88831380f95ca8cb2a96945,250.0
0309b2a47dddf69e60c888db00cb5858,250.0
7c5e43a858e70710d676a6f70d4f02aa,250.0
7852937a7bba97be33ab2f1577949aec,250.0
6849a0e24b4e6536f70e37b24f5170e7,250.0
d958ab01aedd9d5e974f7af1882a753c,250.0
a68b8b4011c3d0f373a80920fef871c3,250.0
110610bf53fc189ecdff1917a441a991,250.0
a6647fe1eda9d07ff6f8084860cc890f,250.0
245f29955c4082da3b4b8c51e857b78a,250.0
a9769808cc9723e87c29f1d4f9e97dfc,250.0
e6188aba82d3470095f9366e1a0b1ec7,250.0
defa9b41656fc8b4cb457e88cf9de970,250.0
a7d213cfd2ebd93950339fe79d6b9fbd,250.0
3d5e96edb61b43fa3ffe0d7af362b43b,250.0
066bab10d1281abb5baefa5d7772cce0,250.0
419bd9cefe8c680a13a3480507704f79,250.0
2726ee187e4908c9683ac2a8a0424af1,250.0
384a8d5643cc3e1a4fd8d72ee61c2016,250.0
6de980369453bc98c75da669412a0e85,250.0
d5dae391ec70aba0f0ee3d3bd7600faa,250.0
a770b29a01bcb44c7f9028d96ca21863,250.0
241a9625091f3f11ea6ad6b3bad9a510,250.0
fb121a8c3933bc22507e8de3120ea186,250.0
49a4a6ad871b869b17d18093427d5fb6,250.0
fbd371b9acb73b3a6c0720cfdb0ad7b5,250.0
4fa19f7da692e6bf9602aaad3c372eda,250.0
cc6e42c563a93cee3aa22a189e539673,250.0
af38d27face41cf31f1915a789d9288b,250.0
6f8f6a52f408ae47a83c5e2b7d1d395f,250.0
f47a6c9be5aca47f6f42d1387aef8f26,250.0
f3eadc8ea3f4d94285eaa4e05a0a7c6e,250.0
e814ceee6c93933d5faab1e4beed3834,250.0
6237a8d5188319b841ccd3c62faf8f85,250.0
ed1b0b5a6fe38cfdbbd99e995599408d,250.0
f66f4cc4de09b6b31a139274c34a287f,250.0
1a524b0ce5f18310a7b27ca7fa71beb9,250.0
024aee4bf3ee8fc406d58b5c47e18578,250.0
eeee2f043c3d6faae8dad300a788731a,250.0
a53aa3517331b508cb1acc1c5fa8a9c8,250.0
a8b3d541a07fa18f40425defa788532a,250.0
63f67968b5526d5ba25ad48e9e487873,250.0
171c4bb61896632119ea73893f7157f5,250.0
f8f880c7239ce67ba550d841a01fb17a,250.0
1043c3cb23bfc3503414f94be4130220,250.0
793fef0d9dab381e0a4e6f2b5ad506d4,250.0
0901a6c3dbfb079995b25de715c83cbe,250.0
c843eff3ad4e1a193e299cef5b757284,250.0
31d752df31b1b2f7436f8304ce00f38b,250.0
b27858324d445bc99dc2942997658556,250.0
eafceab51b7f2121c2ce2f94e0152d3b,250.0
3da11f84df61744175f32bd601e4e198,250.0
abc05696c031459d6f0ae1ad798d8144,250.0
f99c31e9d393f936ade288b47354f465,250.0
85ce617f99db2ef021c899b10d81ea0b,250.0
7ee355befcd0785e65dd97657a04cd7e,250.0
9d4b974d83fb824294f7dc65f90c621b,250.0
3451eab46fcf247fa3d16b691855dfce,250.0
2e77a712d5203f4f849c1521ba1c87b9,250.0
99dbaf35f133854e08dd7de1a74b84bf,250.0
5a6c80d33748cf0916af7223670b0a14,250.0
d3abb13b7f606df53ab716cc94fcf17b,250.0
1fdf20988f9044a566f42761844996ec,250.0
7318f3f3c128dba4acd2259973734d57,250.0
5fad1aa86a421b1f437e75c419d9c5e8,250.0
e5b5cca1233647157ad0336d76996bab,250.0
0ab26918ea357128c0f6f9acdcf8f0f7,250.0
c41453f7bd7d6b8de47dabe95160ffd4,250.0
5422ef602f244d3374a73946b2077c7b,250.0
1a7b562e49d93966444db2704cdd5632,250.0
8f7f98641f858a2af6090fde6ac4786b,250.0
a2226a8dfaff33b185df6b024e62b443,250.0
beefbb3f515fb4ae5c3b4822f9e880ea,250.0
5d7db21cd741bb58c88baf1e53a578a1,250.0
a27b8aed7190db2b4cd9ed9dfff36ff6,250.0
1a455c3578447cae5fde99531bb7dc8d,250.0
4aedb873047102044fd074fcd228a436,250.0
6d7dae0835c48b8cf7ad6a03b9105132,250.0
6c9fa2988ebdbc1b1af97d9f21e7ad37,250.0
7f59143dc719ca40fe74c4527ac95a0e,250.0
83ec5df9d919623cea294ca76be73b0c,250.0
6d4b4ab3c4b934d2486e7e1dfea66381,250.0
4d3d0cd7d346e05a0173d4e6fa0df254,249.99
8887127d25decf98f283201720dacdca,249.99
5f8bdf6ba12ce75e7360ad82b17eaa03,249.99
d45306ce2885eaacd9fbe56ce177c908,249.99
3f60ed8ad54ea9618a3ffa906a6b45f6,249.99
986bc7d65bbaf513d338a4459f4cacec,249.99
9be66588fc27fae0460e9066dc36c70b,249.99
4cdfe57e4d764c5f21beaf377175c19f,249.99
e9844a0a9ec2213423553af11768c3c3,249.99
220963a1244c1ee4f82c79a60e1a5fa8,249.99
024269ae81ed73c17c4c53d91ba2cc93,249.99
8316cef1a2b38dc035e13601828dfb91,249.99
086752a19f026192b7993e4e8a3bbc9e,249.99
1d99b48c0fe6d0bc50feebecdc88cbc2,249.99
e24fae1db3d4f392215beb9553f72f82,249.99
c9f8ab5785e2634e276e9a658575a188,249.99
d13844a2f2ace217a7c08f867d1f3a6c,249.99
a1c991feff10a10e9c9e4d0bad6fe1e9,249.99
87d9342da9faa41e0c4d640759318436,249.99
9175f906b8ad6c804df1837458e0da1c,249.99
8e8100cecf5d8edee177276a3006d02a,249.99
829b558342b71f56b37ed42a6070811c,249.99
4b6de9e1db470b7b07f6ee6c989b6d65,249.99
3f4b4fe7e5dbc66d4c5a38904823d1e0,249.99
13de063b98a2469df1e3e21b5dea0a7a,249.99
1ccab9e5dfccf17ad4eef7a08b8f71cd,249.99
dd584935fbcc4e65dcd21ad035577f59,249.99
c3c290b32c2b985a74214ea1e7e11323,249.99
89eedbc068effe1d1ab847660e48eff4,249.99
2860ca56e5fb60bf979dbea037d34871,249.99
7b3307e35fbe738232601b7b7e8048ff,249.99
7b8c79956f938a97e2b3b7ec7b43d0cc,249.99
7ac9fdf6d5f20b34e1a815487a49e9f7,249.99
8573e76f8a12ad71adb606f799df41de,249.99
48b49f082affdb9609558fa72a44f38d,249.99
58edd19666d5d24a87f3d054f32aa52e,249.99
f47cb96b9850b45b6042cd0a613b8584,249.99
3935a46119fd8d69b602e645cedca908,249.99
a0af680b53dd9ddc1df27ee4a01fe25e,249.99
82af83df6bec753f1d1d9b54e6f34454,249.99
ab802882cb2d0e3c351e08bac43e5e34,249.99
c4dcbf01db308f71ac36429315b8f755,249.99
1ccbbc8bf31f3641a48c52432bc44c61,249.99
2628d3b76a1d72d0c6df552b17c73ae0,249.99
a4fb7ce5087d905e34e3b4bc216b6148,249.99
0e72c974940e1711c77d62de89ab0083,249.99
83515b26846c0c6375ce1d237e5f8bf8,249.99
173dc820ddfe9158a405a66f49c6b016,249.99
17fa9373244b0273133b546b4e718cd8,249.99
665cc337dd205e3f2683add6978558bc,249.99
025c2b263a9a9247f855c0c777aabe33,249.99
9d9b4d0f33eff32fc19b99d73ea7f9db,249.99
05cf8b2243fd1c51697c4105e149d99f,249.99
80d45bd685475b4ba11b9111aa87f3d1,249.99
a8dae326e70d36bde8a49e2207f1f0d8,249.99
d01c7d818c6b39a0657b11a9e85f99d2,249.99
d7eea84fcaf846ca5455ae31db614379,249.99
656a9a2137ff69e7b9f566af06069db7,249.99
1b9b9e051f6e7d8c3ada57853bd29d1d,249.99
aff091d3610e27f6a5354d603830e328,249.99
58aad244991735b54dffc6781d3a508d,249.99
3b3b2bf51ea4fc2d70b62f4ef77861e1,249.99
3663cf3c9fafa9cc511c4d990ea35326,249.99
1b5aa8ce7a8e7e9f1254a47fca1c69b7,249.99
9e71c63be92d1d3fcdcc7b601f5a8c25,249.99
6813a968ab523ed0de2855f3d109e67d,249.99
990d166955c3435e121e7c2285de8438,249.99
fc4f8b704f1187abca2fbd5fabeec8dd,249.99
3395c163e2393e3650afccb071973039,249.99
073dbe1ed7b7fd9b511508761e1bca69,249.99
49777592155d7d53a5a3143d9f62a3d7,249.99
3fe6154e3a7e93e6daba6bf9854aca7a,249.99
b6669290bd61a70fc0466a1a6760f1e7,249.99
2605d144097120a05a112c61bd1c4397,249.99
b522b6012e8d874cdf42d6db41585ed6,249.99
38f1fb4bd44289ca591479b76905cdbf,249.99
92e827a6b6747ae048a1e54c2c5b3af4,249.99
aafee009036396873b555eee8c05aa62,249.99
9b9c1f9c9d25d25e3204b5532314a02a,249.99
9cca406efea111557fa977471c4985a0,249.99
208a1b9c48657302f6c38ea8901e2bff,249.99
5f92de07ddce980e01bd31b779d26a4f,249.99
b944c2dcd9aa58a6defedda9e0d72ea0,249.99
6cbc59fd1d1f852406689ea9ad5fbffa,249.99
52ee705c2f82596c0d545ae32fd128c0,249.99
2f3b7a7d8046c40279cac16cc0a62440,249.99
94207055a592cc43b9e2be9e4ce6f05d,249.99
f94ae0d07bfc8fb9170305971a288ad1,249.99
978092e16f71e6b97416a1763155e4e1,249.99
1586351b930920746889bfcd622beda0,249.99
48d85e07af2e0cf0dac271b518829138,249.99
d198b40ba4bff0ab7ca1a37d872e9c5b,249.99
10212d95121fec29182c97042685640d,249.99
d2698b87be1408af6c44b099e7590bc1,249.99
91782546f0bd21d4a6f5afcc8487dc7d,249.99
70f6d4250ddb2f73a361c100195addfc,249.99
8b9f34063c242242994cd8a08719f000,249.99
6ce734231e9e9965c32287678fe1aaf5,249.99
035ec305e97c979078a8d68778f25905,249.99
84716102ab4d906f65136c89fca3f0c3,249.98
215db0d9420c188518c58426fc946c9a,249.95
1fc148759f50ec10a03421aaf5efd89b,249.95
6225eed02b7d1a110b6e5b5dd4c8bd31,249.92
70caf454851542826150acf3ff2e7295,249.9
00af928c0a307dfdb37122943a1e6902,249.9
81d88de363d7b38da09c6600a7993d7f,249.9
cb3ee5f55f9cbc6ed99ee638a4c72613,249.9
dcf2ccf356bf4d48003190405025cabe,249.9
78f06a489006676218bbd6653cc79c47,249.9
0951b45221facd76dac14203f8770cd2,249.9
b8b10ecc0664c406ae20e83dcceb0d80,249.9
950a60900e19a2d87d316224bfc9e60f,249.9
2ac3a043592924a116eeac9dc25d1399,249.9
a8f7f563fab1e6984703953f2eb47689,249.9
b70bb1d21f3f4ee22748b82dde72b63f,249.9
1eeffe21744883fbf61fbf138dbb8eee,249.9
a2a078fa1733f929581628ac2d2c4bf2,249.9
8ade25267551f998946800b440e74c00,249.9
1eba0a3110dfb65297fc6fe9959c3641,249.9
4c320d174c14d03c3960459829a7185f,249.9
d6c12e28c97ea51cb6643e45f7e01358,249.9
47fc3081baaa11c5938977e8a051b342,249.9
d521a479946c5ddfa97cb9872da48e2d,249.9
865258f69d1c08aefff813050c4d7afc,249.9
33558d4eb024b7bf312a7b7e188b4876,249.9
f6478d7616405f3c9d14a3654ab9b0cb,249.9
e0de521fbb397bd7e83d079fe66357b5,249.9
551367f2f74b6c8799754964774f4ee7,249.9
2186009b718b71dbcc74eb3b71600414,249.9
d8d1697c07d4de01d911f6287bca774b,249.9
9c9216f8fa659fc786c005ed7672ecee,249.9
10e44054ee2f2767e7ffb33321045f44,249.9
ee346cba5a3efbdd8663133d9ff755e8,249.9
a39a11e156aa248ef573dbb7c65580d2,249.9
0edba6ec24c2864c865aa7330cf297dc,249.9
f4a7127276e4e10bd0482a0957c60755,249.9
0197368f9bed3b6ac07506404f78a155,249.9
9aa7354b0719e5e51822b84828b73dd5,249.9
5be865cd6c0d8f82203de5f4d0b3409b,249.9
3dd45f907251d466ae96d3cc124b6bbc,249.9
67ded7e65a2d293fde52b00d0fa6bd03,249.9
8ce461860e68eaf6e71c27fe009faac2,249.9
2438e864016131132168049ad3633da1,249.9
b5ac954570be41582fcc06eb196cbc1d,249.9
717c8184897190478e794b2f0a2ed22f,249.9
738f0be439f77175ee60f64e9e9bb0ad,249.9
c744ed8aaea56c48c1e385afdeb17605,249.9
69f245be5f53ba788480ffaa3b96d507,249.9
cdc02c907bf0d822d18c0d4e84625c71,249.9
20702a6b4a67c5d475a07691aa3e837c,249.9
adedebc7473e858ba05c37a117462f71,249.9
3c3e0d4f138dc3ac52405ed53ba85f8e,249.9
e7a9e21addb648f463711dc6c0370a6b,249.9
19704fe62ad38251594fca76aecffd6a,249.9
873bfa2a703bc5d760b93ea19968b098,249.9
4beadf262af38001f057649e9438d9ac,249.9
580b87d0f8f2e58182b45b9bfaebb3e8,249.9
50cca41b3dd8f549a48fdf0dde78a032,249.9
01be2c0c2d55c597b5ec011e26e4b0d1,249.9
66ecae67a2a9deb541bb0de3d2c48927,249.9
8a7636a8f5d5c27a5cb9aa255586a322,249.9
d6678cfdf99c8eb852f224bf4b28e686,249.9
610dfd0fe50cde969d3d7fc16f32ae17,249.9
ce2fd81481eeda40090e0a1e373d8e36,249.9
6ce8e8da73c3e1e90fc5d03e68a41013,249.9
f13041f7c85ed9f184452a07d9830c53,249.9
12ea47b284521261ac272de65bbb3506,249.9
f2aede5beb5188696eb71fcdec48c673,249.9
721801ae7308ac324e9e9d44b61221a1,249.9
90cef52e863d985ca76d0a502fdb55da,249.9
cba41b31b4bef692a351cce574603b5e,249.9
ed0deda10666afaa99bf30119f929ae3,249.9
3d8e326c3cef3a9bba7ca121baac5fc3,249.9
f5d02e908f5fe2c6c7f1207989c1b114,249.9
a484142c4117eb9e1c7d070f9536f428,249.9
2f80bd4fe578e6516584e82a6e475107,249.9
b817bff4fb17d66f0e9f00c5a0a2553c,249.9
d71307c0c7df552b660c6d58721f8df6,249.9
ae06f7ef9cae527f248b5401c5663265,249.9
747dbdedfb0e2830969d2296e56b24f4,249.9
64c17343b6c53ee761fd232e84384848,249.9
8c55c34b514bc8c604b3552a140b5f13,249.9
7e572970d84b6164550e059b22c1bca1,249.9
2801d79a4184546d1bcc7edd8a6eeb20,249.9
987dbcb1c8ec0e64620b6823603169d6,249.9
b36a94756f103af55a64207f5b13d6e9,249.9
636f42c08bfabc00ce49edb5af4d4423,249.9
68c74d748a55f9d29e6698f4b01a0df7,249.9
7f3bd6c94d2daf7b6462d1a894a775b4,249.9
20994cde97d1b4009a539595342ce5e5,249.9
adb85ff55e0f765c156f8738957050d1,249.9
f68f43dfe06803e7ae272bc70ad38901,249.9
7a49b5bd9eedd0959226f6b7efd43d0f,249.9
6b4acd0818e5852c5271cb061ccbb493,249.9
f6680f3eef9212ee4ed6650097ec058e,249.9
0a80cb0961116e638ec1e053d8107557,249.9
02989a5bf256c6a23900bb011fa0f919,249.9
ff567b222d32e3d5198771f4125b7b40,249.9
6fffa27cfddc888045cce01bcc62e2dc,249.9
fb1583c423fa1bb0c93f03d1dd0b9622,249.9
03211613a76a509bd371fd677974d68e,249.9
1a5841907fd5c4afee9a16251851b907,249.9
fc2db1c27756efd293d1c982c540445a,249.9
9b00f9e555698bf946d1c124e9d252f0,249.9
a237a8ee24fb3ca2a1b49aae0a515d9a,249.9
4aed1646cc4510f5d5055ec5a28acf17,249.9
ce713888478a998ddcbb0a8698275e3c,249.9
1e28f4546fdd6cdc075fd5700552404b,249.9
21b75a343cc69ed545016d78d22bde39,249.9
edfbb085020a29b6fc4d25f1627b2256,249.9
b7aefa4277bb9716bdf005f558fbf84d,249.9
acbb93f4802582a3ecc54a0934a8ab2e,249.9
bf27f44f034f1f93a72da324644c364a,249.9
d2c7c004e3bbc345edc9fea32d4d26c3,249.9
e3a9f1e28bf3da2c9248909dbafd0827,249.9
98e5352560be36e212fd37586d7f6409,249.9
c36a266acdb217c575a4ece200f88952,249.9
503cd4e9dd9a0aad568b6f3af8e32948,249.9
27259d491734d9d1b58f97938c0a5c01,249.9
6c57e6119369185e575b36712766b0ef,249.9
fe9db57b1fe84352125989acb12d3c68,249.9
97b1bb18e17815a38e2cd2f8e1e0078c,249.9
0a46d9100178dc3af825b8eb34c256da,249.9
9126539aa02befb9271bed176c06c637,249.9
77d1ca152411e30d50953f766b988a09,249.9
8ef89f0c278d675c7ac0c948f9c91393,249.9
5ec42e63c046c1c1103bd2301ebe6dd0,249.9
92c88b64cd65b23c50a7df5570180112,249.9
0892d30ed88aa706a05c81128fd6552d,249.9
ca868a96b4d2898ce29fb5762fb5f19f,249.9
1b9fb3a5ba819d423e454654ab33b595,249.9
73029b336c9c20deb25167b6cbb2b1dc,249.9
ca46bdc6e98f2e27f5d7a7d610cddd02,249.9
6454f48d32c3c0a57fcf9e1d25603ce9,249.9
26d65fc97a624b5c2599d93eccbe58b3,249.9
a91290410a471b445d4c17aaa10a3c2d,249.9
0a0a7a0dea2d35a9a6be32e0945575d8,249.9
2f751d53058e28b3d51ad54852cc9c5e,249.9
826edf98e54310d36fac3342e624dab7,249.9
f6f8afa3c76a31ae8b3f3dfea2083c15,249.9
d5f38506981bee3520e42047411edf95,249.9
d16fbce90d8f6665f5022e4f47e2aa78,249.9
7ce70463aa70b5b9da5f29ab0432e707,249.9
78c752c3702250b9e50dada2aeb037cb,249.9
2e1077ec368d341f47b9d998353d79c3,249.9
febf5be282b3d17142f2d183967aae3f,249.9
69ee6fd73d273e7a165ec5a3634af120,249.9
d2d354a32e8cd619c0466eeefabd826a,249.9
132da540f9f59c2333c07b0f00d781f9,249.9
f6a7ff431d7ed9734bde2600bff37a2f,249.9
44a7a192f080bb63e061c2537acd4ecb,249.9
af204ae44962575977140c5d3a95b680,249.9
5e3f8b9a2f9e4ea10ecf656c60412548,249.9
bdc6a9fb78c7bc3357e405a272342bc2,249.9
729eb6fd11d85cf7a027a4698e6d1373,249.9
fdeadc944f1c280e9126ac6ca10473a2,249.9
7e11d711baa0e9e75644f517fc0fc9ee,249.9
9eff8e3689527dcf3f62c2eacb357dde,249.9
7835a6511365b268b2ec938703f716f0,249.9
bd82bc59b4b34a472f0e65bc1aaaad2a,249.9
3bc5243906b84d5c2d343147f0eafbe4,249.9
21ebc323917f5faf55a909e786e6741d,249.9
f760b83264231599706a6e4df91fd137,249.9
d30b5dc94621b29eaa650a26bdfccf84,249.9
fca7239be09224569cbef96a97b20903,249.9
26c94ffc59144c1c520e561a857ebbc1,249.9
4044c34776305b044569d12d0211b0d4,249.9
81e7a069c22d320446440504743833dc,249.9
a0ccfa64a5bce9ae87d01f5804376915,249.9
2de946ee0a6b22fa3abb7500a012951b,249.9
52189b813273fcf0a80a10465a09c7d7,249.9
b07a16856a8cf47e352f7b243cfdf864,249.9
8df031370e3706164a69bf6dffb416c1,249.9
72c76d2d663fa1d59c1dbce3d8c8dc79,249.9
4b1a814941557a1815eafbecbba17199,249.9
0ec772ec9c9b8134fbdecec2ff589336,249.9
ecd00d64f343a325711e5a5b1f189fa8,249.9
55311e340fbb8c4620330ff5a576f179,249.9
0332d8ec6d259a1caeda045188ffe70f,249.9
47b5de1fcd6e6beb90846e2a0b8441fc,249.9
675295290d664e48d47ec07cd24468e9,249.9
3eeb68ce636168223e76a15d52f2a3ff,249.89
ffa9419903b6e1ed6f0692ab2695de94,249.89
a61a8a7ac65e21e8b19eb23204cd9a42,249.89
3c97b23a8b4e6e6e186ed13e99d295e2,249.89
a0004afe35efb0e69a20cbe006d17e05,249.88
eee74b2a9aa0989243d2793c1a90fbf6,249.85
dfac5ccec20fa86006cd4fe5229fe7ad,249.8
842a8338da8e510a94acfb6913eb87c1,249.8
b9f84aeb92b65cf601d134a39da5c57d,249.8
1aef2277225c3bef344c77bc28a13efb,249.8
2b7dc9a75366d34d6663caba1af748cc,249.8
79e8b36e4033dcdb5bef5b59a6e664a9,249.8
710ffdf502c8581d4e5d4a5d139f1800,249.8
395ce4e9b5ad9165113d5321fcb7a864,249.8
d5f77f66464195a28fc023c711b6cfd1,249.8
267f68f411fa32169472fa9b169a7238,249.8
f8ece9a141740ea9b168b8065755d734,249.8
d61ef81ec4518a527d7fc8cfd015e0ab,249.79
e747a1f3f5d2a25522b4d67db7cc6a13,249.7
b8ec2a4b422f110c3511b9408ffaee3e,249.7
ebe05f984c0130e49c774ce2c9688835,249.65
edfacba557aa99092bb3d28b74fec87a,249.6
0dc4b36ad91ad58ad99d1b882176c7d5,249.5
5ed6898bd3fdc2ab89d77d5581a8671e,249.5
542a1542afb92ac617f667ed43640af8,249.5
74cdb1ab8c425749c6f327357549b4e1,249.5
7a0f062f324124b39f475b05b9c77177,249.5
f3191db55e494d3b2261cde6f338cebc,249.5
4ab4db2f93c68d5914dc5eb566dc486c,249.5
68fe35f2befb496c88c469dd4120dace,249.5
843fda212b1289268be72a3a6729d776,249.5
ef2bb412da650379df8e40b023a38f93,249.5
4e7d863b21180fc23a9185972ef8a1a2,249.5
8b957e5233d9a21115cd1edb4c3eff0a,249.5
3c71dc159116331b7643d296a921f725,249.5
b69b70c95b2fe06e664042591c04d327,249.49
7f2bea5e1e2401a11a15c1e666445196,249.49
c25122206bfcb3ffa950706e1cb10f2b,249.49
1477ef68b5dbf1417fead5a9814cf047,249.48
47243423ec024f4ded9bfa67e8ac66b9,249.33
ed034127e0801850ca9162dd9de7a106,249.22
393575d48a375f4a8d356042491d0da8,249.0
183394fbd1542699bb95665e6347955b,249.0
030f5e1f842f24533ea4589b518dc34f,249.0
74eae62b206448b12dd70a65e1da7c23,249.0
3fe4ae2a8958da697c995d38b5412fed,249.0
8cb3e52ac0b98f4198ada15a8def242b,249.0
369ec69ef76c47e51980b88a5740dc1b,249.0
17ebae22126d3df35f5e1fa1efedab94,249.0
b389f7017be2f4770ebe90fbfec9ac88,249.0
790457083a93bebbe540493b9de809cc,249.0
a2d424dcfaa53fa97a98bb99d7700581,249.0
6ce37f27521276d8d498c7c90d40c1f9,249.0
dbd916437636328c44cf34c0420e5dff,249.0
6363611fe69f5c58f4fc4641c4dc673f,249.0
6ceefb6ce28d436d2b9dc466594e8060,249.0
93e2f379660ee23d726cb11877c73bf0,249.0
e6c637d802f0845af423f47aa090b095,249.0
9131058bc0fd58a4fd04dbc141c4aa5b,249.0
081121580a6ccd011a4668d3648a46fc,249.0
df4305e81c932c9140b25a3d83e8049b,249.0
e19a18812eb4e4fadf5db16932c2595b,249.0
90d738bbfc25e6d6f2a4a8e8eac14ec9,249.0
2a2fd17c1706896127eff21e3750c0ea,249.0
4d9f974fdbaae2196aaa21abc0b45c19,249.0
db50b097b47375c976c50b3e472e3e94,249.0
c4bf56703094bfd42c04acc898184c2b,249.0
c02762b6375491d033f3ac249342ee05,249.0
e177da54a5ae8634501dfb4adde619b1,249.0
b2ac8556d487da9ab904b45d97e5e779,249.0
28dd2973d32fc3aa400077b18c0f2671,249.0
2a7d8740c329c52ba9b8a77782adcb5c,249.0
0adbffeeef81b01449777e0ac65623bc,249.0
3e1e2de2704ae9c3fce1beccd6e728b4,249.0
d86a0beabd6581b04d8b125d230c955e,249.0
7c6f26d1942cbc6f1d17d56e13285e7b,249.0
1c845f6f154945eecef2938de48d74ef,249.0
d33e520a99eb4cfc0d3ef2b6ff816174,249.0
f1375b843314f00de278b414ac4c958a,249.0
944d4db30a78d0a21034f284bd2f4a85,249.0
eb1c64f9b33352ea8d8a287d14a7dbea,249.0
93cb5bcce27aa2cec0b93caca88f582d,249.0
df58107a61521cc039f564421299845d,249.0
b66ecb3df0ca726cf146a215d81d0358,249.0
4d67a7b61ede514ae635c63420e169dd,249.0
aba3d57d2176fbbc5937098c6120e90c,249.0
9dfa54220517b2eceea1134d006e2fba,249.0
41530b51298c637fdd179f93c1c9afbb,249.0
753f6e40ce5c9753d617ef1405cf67a8,249.0
fb95bf5f9a8ab9de2133b255e4e23c08,249.0
c83c6affa2730252876dc6ad322c24c0,249.0
2b50e8a04cee4649c28af67de327551e,249.0
800f7efdbdb09e3def3f707c4ab7d906,249.0
fd96f7c811ef18a28ec69e471328b60b,249.0
7203f09913f70084f17236774370f071,249.0
15225afcf8a9e71763e021734ccf163c,249.0
e035b640fc55b9c4c1ea81e244a51ecb,249.0
7bd6207a5b003af1a97ba15f4184e979,249.0
bf8db42e471ed17abf3fbd92342b2a1f,249.0
3928d28e61c87c25d0d81dd65e7303f3,249.0
798e3b388112b81765f14f2bef1f9eb1,249.0
7496d369c45e3249794df2d9b132a3e3,249.0
83fded1664502281de0a00b06f17781e,249.0
eddc5297a74164ee82529b15e8357af7,249.0
74b30896d931057ed18fd8e404ec5b9f,249.0
c377db3c410c88f51fa477a5cc0be291,249.0
280d4a1c6ddb67a1f8ad1262cfa9848b,249.0
1388e1cc63c2fa01f850f63372eb3737,249.0
33f94cb672301b24d91aac31b9ff9178,249.0
ab58d6d2846ad28915bc42bf8f75a853,249.0
6eb400779c4aad2461aa5f0badbcf7ec,249.0
e15daad9efaafb0d4d10043c9ca77e7b,249.0
8da4932640e63aaa95a7c7090a618a96,249.0
8bd366ffda4873f0d2e1b9112041718a,249.0
6c19b963865a774d1b04973983b97f72,249.0
8dd4d9f93579665bf92ba2692f8cf7e5,249.0
eb9d421f7be3e97e79fe131c5f463fab,249.0
8a2d6290feaba2aea18c2b8a5a60cc32,249.0
26f66ff5cafbc7592b5e3a6ad33cb438,249.0
555c08b2c9aadc1af33749ac4d79eadd,249.0
09bbf3e00780ccfc92e7146905ea4378,249.0
48f604f54860c1cb6d76ad2a8217ff4d,249.0
8de9f19b9ae067619053a1bdc8dd73c1,249.0
bc0e1034fbb8ae2dc686562b304dd0f7,249.0
235e370b48423c2e8fed39564743df8f,249.0
75e3cf403d99b8a2b69d4ab37967d508,249.0
97ba00d9333c050db94cfeef8297c73b,249.0
200bd4a027e1cfd139a0145bae69373d,249.0
365b271927c18b2fc6711b435b202a9e,249.0
2ac8ec8e325fcd370871d1fb7e62f774,249.0
d3d1b1727c49bff536d426a28b6ca096,249.0
97712f6bd218a7c7f252be5bb6e75f69,249.0
1e5d1eb03501e8ddbd71596a99153223,249.0
f3f53cfb944cd5bdd21aef1d8e59a43c,249.0
67d6db738535e3dc4fcb7d769091ca6e,249.0
8caeb53ff1ed9da844ec4e1f6bab7dd8,249.0
d5ee339324aa0689199584764bb23cfd,249.0
2d2fddcb051ba1be58126988e10b34fe,249.0
98916fd0f48baed7d643faee8961f56e,249.0
34372cd32c4dbdde49b415fc1689bee7,249.0
5d4190f32229b41c1a77f81980b29b3e,249.0
85232ee8d607e2b9ad2540ba90bb3c09,249.0
86a8d29472c668e0c99cfa94a7142ffe,249.0
40dab28c1313cba6be3840cd5205ec79,249.0
fa807c8cddc512419cdf33e56c888386,249.0
b1a053d99f314f3641d2d09f356b5701,248.99
4a29d9a46aaa583b699d8fca5925a84c,248.99
1e731fba87f0c669e7909fb9a7ce408d,248.99
cdb128471a62ef514b60f6f40a15d35c,248.99
68abdcfa9b4da73dca5594ee769d3ca4,248.99
ab881147da1ddd537990ea95a8020658,248.99
3575b0f076a2c63f4cc4fe7b8346339f,248.99
113e46e208d4e04bc6ef60773696e631,248.99
f0ec95ed700893b211430d1348f6846d,248.99
c318897d9597487310dfdbbcf0d2cdb4,248.99
330a38d1e37020a112bfd9ef8e5fefcc,248.99
9e2acd85dd3467ead19e6e831dc5b69f,248.99
5f2027781aea2cfdfd2fb08637d21e8f,248.99
bb25584a0afe4f08a6e72f332142aa26,248.99
e35a9206d88ff93bc76a5cc78bd71235,248.99
2a67ec6f5057c0733ef3944578189837,248.99
6432a068bc0de5b41b579c8c4c4b364d,248.99
928c35a557186ec78a34068c5d7e4cf1,248.99
94f65a6b64e024c2149d2eba4386c577,248.99
71774f0ed26a1b0ba894d660c915e003,248.99
e19cb9865a8f3c724df27b3397c68bd2,248.99
896957ad318e798d867ee58570d96f12,248.99
f540a68b6e4b8004a59a062334c6c1fe,248.99
4083d0e18e1e6e07db7707782f01a4dc,248.99
f55423f2ff6e633b328f58b0288a756d,248.99
290cc6191480daa93fb623283cfb2dc3,248.99
86d9c7683745d83c909476d82e7bc06e,248.99
e6369fd23db5134714b0ce70202cf74a,248.99
9cc008464ef7ba2d32e3b93fcdc227b6,248.99
c5bbfe67cb7212c9e6390fcd598caf85,248.99
87471b4464fd50b00d663fc0ff5e0be1,248.99
ca4dfba4840aa9ac286c79e6f2b95d43,248.99
7eddec841ee86496bd3f41f55211666d,248.99
83be2d70d23dff8950d003f73cc7fcaa,248.99
9804d59e057382c76388c658a7b1007e,248.97
3414987e301876e9344b45d11c3a926d,248.9
cff157deadf46de66ac1eb7ead76deb0,248.9
92aa089d9af8e6dce4438b395583ae3d,248.9
42f98a15c32e05ec23c23a927420759a,248.9
18d8c43eed6c7199de077013a90c84a9,248.9
973feb54c0fc3beb4a38000d212e69da,248.8
0d93f21f3e8543a9d0d8ece01561f5b2,248.4
c1bbf3f33c3f56f6446ed870cadd5984,248.4
5f3b1c8a3fa2ba4c9f3da12e77d5846a,248.25
374ac67bdf1af5238988bef543de61db,248.25
5238533ad7a3d52a91a573d3cf9db1d7,248.25
a82d76092b48175dc5e178519c4fcf37,248.25
3a3eaa27404d482a1a4f0fc8897d03d8,248.25
7d8720ec0025097d77c1df010b3415f8,248.25
1aa414b77e655c44696ea1d3e61d7ec7,248.22
753bd08248a5fa2c21da47c01cfd83a3,248.0
4de11c85ec374c42817fbe2d1c245fc1,248.0
107acedb78a612934d56d5adb64e80fd,248.0
33a3ae8c96bb00d0dcbef6fc2fde83bb,248.0
f9d7fe8e98e56e91c5a8eb448df9e23d,248.0
1e487116feb9361b3221c3e93fde4d7f,248.0
06395488a4eca1bdb8d85407775417e0,248.0
57e3b2591adb9febb837fe3b7c28f67d,248.0
dfac72372f9e21b7edd69eddd81c7b63,248.0
cad580d9f3d4996aac361e9275e5501a,248.0
16378b14d4514c8c6c6821a4daa09ff8,248.0
ec65d0a39c964fb884ff5c6aa13d33a6,248.0
25f3d18f333d4df2b53f80320160ff16,248.0
2ff113091fe089cc6bef22f38a9f3a07,248.0
80bcee93c907cb4fb64b23400031298d,248.0
a857959cc4db4edd934295addd68971c,248.0
3a5a9c83ac1027afafe0598a12c7d6d3,248.0
9e2d77016a50dae38b5654991353ce5d,248.0
03fc97548af8f58fefc768d12b546c9c,248.0
a8dddbb164f3848ad6a58dace214ed7b,247.99
78271239f7403a3148b202c9f1b26036,247.9
e6aa70ff0bfc37d68295ff0778e5559b,247.9
cd48537c6accf4ee60720d11ebea24d8,247.88
96d41aa0f34b498afb810a4e4a583e8f,247.88
aaaa6531d040b9cef69bf13af9be2fd6,247.88
0ba31c6990ca00aca5d0818cd491013c,247.8
e75b5de4d1be9ccc9ed3e334a9364f40,247.8
3efbb8a90cadcbf9478251c837c4004e,247.6
8759651d4fb2b9d5535aa90adf058d93,247.47
26a390b7847ae9ad5b6542aa76736b3e,247.4
c66f24e36c6fd9e458f4a0dabdeb47d1,247.3
f6a6b6537e91cdb94efd469d48d78690,247.23
6f4a0a2f6a6bcfa3a4181142859c4964,247.02
4870ee16064b5adfdb90c79ad9a2c216,247.0
293ef520846cc863d3bf09df2e5245a0,247.0
1d248f30b7b729228f3aeea904a9c61e,247.0
c88c5bfaeadc82cfb0b11d562db2172a,246.99
76df3b6412d4883dbc84402a5c659b5d,246.99
9a1e931787506d41070e03c467a3bb83,246.97
ee0c2cfd11830d31ea22fcadfe061af5,246.9
279bc74323fbd113f3ead45b2887faf6,246.9
e9fa18734cb99d218c0bee8e5b02ab5c,246.9
ad015d052809f72a00eff106b1e24901,246.62
ae1ef7a597902974fd63374c0293dba6,246.62
5e3448d638142fc5e6790f88cff5c44a,246.62
7ee15d0d731c2012e95f4779068c1647,246.62
3095ac11dd2c72f1387b522cd6033661,246.62
60f1dec678126bd21045e15d68774953,246.62
bbf748f4decefc4953e8ef479b2d435a,246.62
d21bb8dde600c57517689bfcaeaa62c0,246.62
802bb9a59876a712f8380da8f297057c,246.62
4588943f2855367bdbb92158fc470a62,246.62
7186629c8f63f25677899ab5350688c2,246.62
a404cf429e01bc5a46671c0b95484026,246.62
a08dae96cb25ceb1f4572efd130ff4e2,246.62
754cdd12a072b7cd037ad32aee11db02,246.62
46c918a6b7ca64cf8c6ec12e93c452cd,246.62
f7d9e7403edeeffd4b15cb6bdde704d8,246.62
0e7c0d06d15100fa1e3316a135861e66,246.62
b58dcebd1080a35715998c1c6b9f4d81,246.62
d088b310a3657f194fa1e5e61ad66587,246.62
069b9a5f6dd36f1c59d36a9a703fcb7b,246.62
c9acc9e10d24240e8ccedcacdf395bbd,246.62
9b0befd87ff5c159c8a3e3bd6318a655,246.26
a7a833009ee67f3712bf47e987580d15,246.0
76ba803a22ca2f0892036acaead6a065,246.0
d7f5421c5c892e0d3458b51958d7b286,245.99
16acc3d65525c4dbd79a188f57c821f0,245.99
3d84d671e73474dd02e94ba1ac6501d3,245.99
fac5d37372ed33c445aaee31a0be462f,245.98
d307d099d747f37ec262b7d886d422ad,245.98
f1586c1bddea63e86b67b9b72f565924,245.98
8a9a638f63cca68b06e5787535092bc4,245.94
de1e5517fb50896bbdcff5814fb31802,245.9
54e05c8a9879acaa3e27c073f27db732,245.9
3ea71bf2ace357cfefab13d2bc4f659d,245.9
44e1ce7c2312abc25d4aab8224ec8747,245.9
0a0a4fa4a067e329684308c3b34046d8,245.9
7aa03a53e8c6489f3854470b6ebe9537,245.8
e3d1c979e3171673d78fdf9dac78614e,245.8
38c45d77d6e2bfbc062cc6a99305d2b7,245.8
2361dd08b65da19da0c4dc581f02f5c7,245.8
6fe3ea5de1d1730d4d03b83ee3f6d257,245.7
3bfe1f59367a7183636a6856a530c770,245.4
a4f79cbf59e901cebcf236354f947b64,245.4
40186e58e5331d475bac4a234986a029,245.3
779374a01158826a2cb8afa40ad327be,245.0
ae03a604e88688cb25263795a689af82,245.0
e5b8bec42a996dde88d734fe7d1a4f8b,245.0
72b9c686e01ecc2e1410edff52e39bbf,245.0
2a6948d5a2d84f87a130ad8c02b542e9,245.0
50120b2e9525017c97134c87a2e04967,245.0
f4fa9dfc7290a03e9d3d4fe11ff32538,245.0
43902eda68737314fb872bead877e1b5,245.0
9da470067c9f099fdc9597b5a7b57355,245.0
7b94abc6234bee65d0fbd2397d17724c,245.0
57353df37982fb517dc5b6249de5cbb3,245.0
32c6009661db53f56c198466fab06e9d,245.0
d6aba909671bed4ffb393c2c4a9c1cb2,245.0
98fb13b264449f06da6834b86e0693a8,245.0
fad53f8cc1f3134508b0661512ba21ce,245.0
8b282f53d7816cf19ef521b8781b95db,245.0
9877437582f263da7d7e30a90c57b8bb,245.0
1a583c611246e94de1965827c1660830,245.0
78d543ef68ecb2e26895755f8dc9c86a,245.0
18c93a1e88912296fde9938d8ed3d131,245.0
2eab66bea6e2e7a2f891b40fd4751f35,245.0
6647c7485d0a91fe4b176db1016d999e,244.99
0af90dc6248673cdc112c7ce66a7372c,244.99
0197df52c22d6ef0aa52ffb63ac80404,244.99
1b7acfc0a6269b3a0b573bf43648ca35,244.99
02bd740a9c42959b61e38d5a07d43522,244.99
0a391086afd071406e443c80fcffe209,244.99
bbcd55899d6abacfac4f0421ec76d574,244.9
928277e1b8ac8d887b866c84bc63b93c,244.9
66b9bc2d53ea09b027966337424fa0c7,244.9
2f937d962a1f0691576517e89efac3f8,244.89
b268519093dfee306454fc430c872568,244.69
b35c38c2cd6a72b58cb104154d9782e4,244.69
0281f03348b06722b7e0f92455daafd4,244.5
163a1a773e83bb4ec009b749a84e9666,244.08
6439a106087fb08855efa02ecc62900a,244.0
b4fea8b00d9af9605b5381e3100a0271,244.0
e9d28bb9958bfcf0d82ae333df9d6588,244.0
74d6e55c0adc5d0d9ba5d802f1bc2d0b,244.0
33667b922438dec138af7bf94a3fef51,244.0
6e1149d91b737dab3f76295f3551f73b,244.0
ac45d9f7d22771f974f9f713285cf06e,244.0
a685b9dac4a7c0e9892635838723a9b5,244.0
e6f80de619482c71a9a08d37b87ffe54,243.9
cf2ce3864ef4dd04822db087e540d2a3,243.9
a9e435c5800dffb292605fcedaf69574,243.89
49db40a65d22c7454da2face2fea96af,243.89
444999b7c8ce7c3a13ef53690b547753,243.89
3c91aa889d9a3759a470c711dc28ba7f,243.89
c08931eb5c4bf40f48501b0d434f8c40,243.89
a3c9f9938f51f409773bbda6b13f7f3b,243.89
cfa7b404a200ed9ca8df16515b5ac0b6,243.89
da2f75aee4e935cfc9dfb3edee0e8b55,243.89
43d2e22777294d5b6fbee5a6fb88254d,243.68
3b84c81b13c1c7278b099793e720998f,243.5
0c7a95280b3f80eadd81c829e093dbec,243.37
6ba47b28c84367f0c27769d78f1c3adb,243.0
eb3a89b5cb263b5830b41aaad36ffcf8,243.0
da368717541c43ca6570eec6f9efa1b8,243.0
f306df97ddae62e06c5c172fc27ea0e4,243.0
4df00d75c69bb49ecd3bdf6d667e4d18,243.0
56cc3d34a7e03f5035d397c713bf79f3,243.0
f9731a0309dae925dac8a35ef104a199,243.0
f5761c27a8914fea59ddbb75406d6c63,243.0
4339c3ccd52c9501cb691d83c3a2d5ca,243.0
4d23ff29fcdb87c4d4e7af75c8e3928e,243.0
872816602300f835e0c15f90458e4f02,242.9
1c3b7b5254404bf529379e7433b758a5,242.9
86cc80fef09f7f39df4b0dbce48e81cb,242.89
9361bfedd3cac453b63251a79df9928a,242.8
6c4d762aaa6ab65c892e6cdd1de5947a,242.79
689ce9ef571f7142f069dca1467b8804,242.7
e4194b17ced6d848551aa5eb315745d1,242.5
1ab147ee1f0137283c771d31dc8fd5c3,242.2
5bb2636017269333db235dbff660e595,242.01
7f602838eb65a1d45931aed1c83f714b,242.01
8ad4ecbaa69e3b0119cadae300bd88f9,242.0
77a3f425bfe0e078f75c7ae410d5207b,242.0
01fb8712cdee539fb967502da4217019,242.0
612b73d1a90b7f881cfe04d86d4d2d43,242.0
baf13475dde3287ce4b015d7229a534e,242.0
59e929d8c300e6de371bd439a3316266,242.0
02a66fc781a395cc79f54a7e2f4237ae,241.98
fe7a382e927d463140a35b00a4ee7c70,241.9
16449d795cd6755fe9fa40f758542da3,241.9
da46bf181702dec37daf370b447ddb5c,241.9
d8b162ad1239626fbbd3a31ec538afa0,241.89
db9ebc038a9fdd2c988ec667281f26e7,241.89
6ce2db4475128f5286e92f4361334644,241.8
2306cc5d9784d518dce0f1d7649b1d61,241.79
42e503e49de01ed4aec2e7f0bab4b618,241.2
20dbe594cf931ca16ea3b7a86e2a5ce2,241.1
bb04c497a373589c1c05fc047c8f8388,241.1
07dc646e60f43f27c97c26888b7445b6,241.1
dc53883e94804c81b4afdf2c23478d97,241.1
e1b895b6ad2adfcbe4a314fcd073b344,241.1
bab91c3c25a207c83b5c95392df95163,241.1
e7105b76f473123dba8054434c88adb2,241.1
0f9e46489187f0bd5f4394700ea47f93,241.1
b5bf04c0617d88858f44162c08c80a3c,241.1
eb9151d93566a232f2bf9f4d2f587a3b,241.1
2ce5aa9694357295fe3be39eec08fe85,241.1
3672fd9b37c7dd819b7b7d4613f651b1,241.1
d927892e658a6af918b1843a55dc8ccb,241.1
d42db8cdbda56f4cef9e43da03e57c06,241.1
ebf3d2ad1718503dfc694bb6bb83c74e,241.0
7e630d15d865b2701e663c2a6dec9079,241.0
fc857cb7bb6549b43eae10f2cef77e39,241.0
620425296fc21800ec76b9dc986e27bf,241.0
46049b4d9873d5e84f4a368db26da7b6,241.0
d6f5e35320aa04df3bba1dea33d0daab,241.0
86fd6bab566915fde5765e14d2ff2b4e,241.0
f39c003fdebbe5161315afaf4f8639a1,240.99
c664a140f1fb34170b8823eb0f7f8b70,240.99
82cc4a44845768c5fe11c6580f2b48b3,240.96
0769ab693e5378ff144663d3fb3eb792,240.9
629bbe764de5c93b4e09588c9cd13904,240.9
1d61114ff988a568ad5b62da890926ed,240.6
0dd884f71795de2277b374e5714f7102,240.35
470fa3fd312895b59fc3b5394bcc99fe,240.35
3b4045e6537d8e41d9c827d51a5f28e9,240.35
40f30baee62a175d0405cd8be810872f,240.35
5327a0625ac539b7f7500ceb3fba0065,240.35
c7fb0da4d519d2827af01bf2aece912c,240.35
b95d6599ce932fd42d83dc05faa50890,240.35
749fca10df6c0119082405bad607b479,240.35
8fbb909a9ba45685555683ea0138d2ee,240.19
4bcfea5b436d2fce8a78497c515a56e4,240.0
29b35b6f15df7b4b34a66566376cc79c,240.0
15c66a95bc5d3e3c57eaf9f44ffd150b,240.0
171780ee1fc2d18be297d242b02dec5c,240.0
79eab0bc9d12d1f7159dc835137aac35,240.0
6fcffe4eb7a8012f3ce4c7131825a048,240.0
17602b0ca034c6c3142313d06c6beee2,240.0
9186cee9edd4490ccff69671105cd36e,240.0
2fc04b3d35b2fc966103d8e24300a25c,240.0
803e5221686e0b2a516700acdf8cfb8b,240.0
f4ebae34770a20b6373e3f2a6cad3452,240.0
a5625176ab429bebff8b164653f2ff02,240.0
5ec3bf2d6dcee4f176783567eb78cc11,240.0
e2e7b99a84f1f5750cceb5225962c877,240.0
c84b87889fc766cdf27534805e07f502,240.0
ddd9ba384339304e7542dc13472cf7e9,240.0
ab3e2234cc7f0a87910d05b6dfe9a70e,240.0
87357fa1cd76f1b9e26ef7a92d2f0e84,240.0
7f0159ff5eb1228f2805de20fc5b6c25,240.0
d3d38825275e47847abef7e1936b3bcb,240.0
00581d55862aecc8cbc7d701a27bc285,240.0
547adb19bb9e49594e18a102fb7ee9c0,240.0
22391c39c0261e36fb546e765a849624,240.0
414771711b6812e2a3bbbc867213a28b,240.0
0864f6601de6547b99cb81aa5742a119,240.0
6ec64888059bae0f28043de36f7f4516,240.0
012938ae26ceaa758b735826636366f8,240.0
be6ebc8e1b9d59877654e5e4493976a3,240.0
3c10097a8f8f347a14f94e0099ae17c4,240.0
adad0151d1c1f4c056b59dd6f9146d58,240.0
00f8a4bbb515bfe8f84f9cfa45621250,240.0
d026485ca24203e2d4a91c6b381eaba3,240.0
75cc2d098cc1aa9cb7ea863100b5c200,240.0
d6fb0ffef6f30ad2e473857bc0f802bf,240.0
579f39c555a8e00b84e6220a0cc0eb7b,240.0
ba863d05e6d58a9a9310e89946422520,240.0
0ac36672d28d61ebe5ae59cfa1ea6291,240.0
733c183c3f9284e9e1f4886214f1b376,240.0
c8c31b6e9c14fdf3f5ed78bc47cc93d4,240.0
e92c0de5b9a170f19572d6ec0cd67785,240.0
97300bfd9a30cf2f2ec1046a2abc1f2b,240.0
18dfbce3c934e6aa3a004c654b328852,240.0
5ab2d7b7f6367cc87d0987b752db4f65,240.0
2be913efdd5e87b86e959381ef909b74,240.0
778b5eadaf22818aeab5750e40f2f1df,240.0
323660fcecc58704a6fac8faabbdd56b,240.0
babd1efb823e55641d3e5e99d6972418,240.0
796ce94893586f6db66268eab548a442,240.0
6bb8f8549532be3e4fc1df6f7b281ed9,240.0
8699d0149c8c7df92b6a8c3c0a272639,240.0
46ee1808ca23dac63ed903192d64caad,240.0
9c312eb3d14e893a936466c65d144e1d,240.0
220504d6aa9c2b1de671c7a3c487a537,240.0
5ea3d9259da6794623cd3b07a5b06242,240.0
62d3febe33264f1fde72007055f55035,240.0
43cd92deaa3d542fa32fdf4ca3089f51,240.0
e112ed07fe7a10bd700bcd050ffcb80b,240.0
a483f2f01b362e18d68917fd7269530c,240.0
2f55c214219aff9e61c70c1edba35df8,239.99
72a1f1778a30429fd6162428855b0c1e,239.99
45706797a925907d4ba536fb8c1e909a,239.99
9012842fac2badd2da4ffc0febcc9a3a,239.99
08afef5441616f4175e4b05f3201f23b,239.99
11d69e8cf762813644bd7404602a502b,239.99
24581467d0bfc119d33575ece54987b2,239.99
0cd029b854c225cdd97287e26e3369b6,239.99
90dae71880786651d4e29dd2b56a54e0,239.99
88376db260cf955a98b0e64e7e4f78d1,239.99
cb3df1a94d3cbd59e70b3ee27b203af6,239.99
0310d00c34f22d5e4c71fbd87c98f16a,239.99
297e4d3a79ef71ff35edde593ed36034,239.99
27e2ceef372b20fbe0d5ba59a14a18ea,239.99
d12ee8faa1154dc99109e7f6922a2e12,239.99
0f51a7a10a8e27e61852fdad564d3c0e,239.99
115eb2fbfc2d8446a2a6d38a0d800c6a,239.99
1517d6ef399f14a2d65c726f8ee632c4,239.99
48c594f3ccd405bda0218861a37eefc0,239.99
bd5367862812e14c7400da5cd1e1b135,239.99
2dc5d7df6257d7d4139a517880b26cfe,239.99
32de07b731790c18805612484b6484d7,239.99
989da0638beadf51d0beab6c810a6272,239.99
fa32c1473ae2c3cfaa1ce469ef60173c,239.99
d84789ac57945e39f324f63e2059b36f,239.99
2ae858711010fa5c644f51532b9d4fb4,239.99
e4f40bdeaa197235f19f136666ffbaa9,239.99
18c2d8bb51c5fc01a37073a887c8b63f,239.99
46b492d7574bee33a0b7377fa41d14de,239.99
0e31c22ff407d2335ed90ee7ad12f2ec,239.99
0c2454abafe19b2fed0ffb128f23aa63,239.99
231de84a096960061b4ab8a9f8ed5d79,239.99
fc6a3242f47ac9f9c9f40eebe1831a29,239.99
c0c18a75f9998079c1e8cf8bd1f40e3c,239.99
ef663dcc664fcfba5fc7170b168ec458,239.99
da1302d81b053019f172bb07928ebeca,239.99
4e0634d6a5e7c3112d50bed585af3ccb,239.99
dcc777d07a081464e7a71921cc13cde0,239.99
a940cd5c3c2b264fa59cef01883572c3,239.99
280fae5c545891d56a80f5550b461239,239.99
0095d34ddb16f0d0776fc9f2a341dfcd,239.99
7afd6cc25895f6cff7e635b543e0ae41,239.99
2413ff2d348734a6698759bc2a925af1,239.99
06c09be49b69107bf8c75d10af6b2233,239.99
00c042af846ab3125854b4abc3bf25a6,239.99
6638d6c704daf2772787e6c5fdac4a3b,239.99
b6b3795041a60d6f686736e83cf07ac2,239.99
c24770f0dd49a1205bf78ffa2c32adb0,239.99
d1c60f60819bef9ec9b29e681b84ded4,239.99
3ea585d53c3fcd454f3d6161e1f87587,239.99
159f7183e121d412169e30a10a7a4c63,239.99
b3b02ff03c556839d91070f207188bdd,239.99
cc3cd505183c2dbf100bfe8658b56cc4,239.99
6c21cc8db9c67fb803014381d506cb29,239.99
4f529a08d31f2554f2f641ef69190deb,239.99
7415631c940daa565d091e2222de565d,239.99
dc51d4a03b2448771b76837517052d68,239.99
794078f0249dad457401b52a38fa2b58,239.99
45bc2236e861a17b1c41d3d635ba0e35,239.99
78b0449357aac9b99f762f7d033aca6f,239.99
44336344f22fb3c2aa05af1ec8d6a3cc,239.99
d596b241d0b3c075184f660834898b7e,239.98
7cdfbe7202481c56a694a46f536baffb,239.98
fba07e232b15cccc3eacff2e597905e9,239.98
2efe619ed63c5be4a6a68c89cceabecb,239.98
dd06035a7c124081d791d46dea94f128,239.98
b8c82a8db82856017cda33242a4e4d9e,239.98
0058ebe2dc136d918dd001968cfa5903,239.98
01ee3674cbbee7421ea03a3549f0c74d,239.98
03c75f8dfffde486ab30360f6e689a4f,239.98
a2a34d52a5ca3c214067d8d87f6ddf21,239.98
eab17001b1d7cde27c1f1234af12d4e6,239.97
af51a4f719cdf5b830e233f353dcf69c,239.97
89801e85c58d05a4a03c4c64f60cee07,239.97
ef29f577430c38d105fd63541e21e732,239.97
ec980872eea3778facea3e17ec48107c,239.97
e3e12992b74ab5c23abf9a2d160af158,239.97
e50355d012ea4541a82a891e41429b8d,239.97
217906bc11a32c1e470eb7e08584894b,239.96
bb41621dbfca3e75a50bd5b4d4246122,239.96
b47e3bb89a04830b931629ec351b5956,239.94
14b49d162cc1a8333aec3853db1812f5,239.94
3db7b364599c413ad923893524c13daa,239.9
db33db9b5cea9aade217feb53422fc97,239.9
ed3d7c63e488556f7b8b6f03a40de62a,239.9
09925cbe133c99a8fc4512393f569b3b,239.9
68795255746d33fae2c9d3557d4e64d6,239.9
391baa351044046801590fb340cdc2d2,239.9
89a38ddd09f8096134f7d22fd190fa69,239.9
92beaab3ca764d8f985b7d1d0320fa59,239.9
126c79c7eeaea3fa15c2a06bfd2292be,239.9
db65d3d5913f8dd4a22f2b1869a09f91,239.9
8060e3e5a4debbb990825cafee05cfb0,239.9
1c1e931635c21508c29086be9de9aada,239.9
1f214d9540752e0a04a499a0f30ab877,239.9
560829a36d563e8395cc073071a02bfd,239.9
7f01b2ab9825e39a0f74ab2165f0b65e,239.9
83e1ca0c7de01b17939ac6af462892db,239.9
830028761e323fc5040b241f35e91579,239.9
13566b455193fd85bc8fa35136138604,239.9
93944abdbfeb7951bca77d6c3beaff45,239.9
c0e7850f2d41cabcf4ead28d94ccdd66,239.9
13b13e29ca16b2be8f48ce9374d42f41,239.9
42735dc9ad5d47f62eef96007363fa58,239.9
6dfb2961d9ace9cef6f6754b38ca3845,239.9
69829caa6a2c8ac099579f56582ea0c9,239.9
a44e1f83d67e91d573b65189302e7c54,239.9
a5f596b7a0f0b2b04aea6e8c4d809be6,239.9
3b418265df9a0f0d68414bb2c4a44f12,239.9
fc291b11a48cdc95783fa95cdc4d6286,239.9
6c65055adfbc0007dbb4c5a22ea5ba8c,239.9
40e7a663ffaa7aa2f2ad20d6d40d6b14,239.9
803c5200acf6cbfe01c1ab5ef98e2351,239.9
cdb8ecb52c4bffb6c6300353e4c7467d,239.9
7e523686247f53e8128305d50fc95586,239.9
625e0f9079a19e4cc2810a46c5a21457,239.9
b0c1aafff555304981f80c9447e70fda,239.9
8cf70936d9b6b4ade36d4f4349a301c9,239.9
d01826743562fd76692b98829e8404d6,239.9
94507d453b349656ca0d44a4b4ee0bee,239.9
643f08ce5391a352c4e91587fbcfa3f4,239.9
1a0b08102cb10b0e10a7234277ddd519,239.9
ac760d51d374d2b60448efe5ba3c4a75,239.9
57ae561786f80b4c665519e147319629,239.9
0c848f157605bb2142c5ebea60f348e2,239.9
5f79f446984a2ba4f1cb86bf26f3ef64,239.9
66b12893cb142f674e7af2e91f9ee2d7,239.9
31971317e63dab3e284f229ef985abd3,239.9
f93bc2741b9bdc89cfd6b672a956bf46,239.9
258539509521d87f8837ae036369880a,239.9
93a313239e46efafd39f0e6d4381b112,239.9
f948127c1046ac5b25e3a009988c2b6a,239.9
08cf9f9f1be26d24e19972b52ccf945d,239.9
7222620c380656e9f0a28fce5418d5d6,239.9
f6dd3ec061db4e3987629fe6b26e5cce,239.9
d731522c61ca319abfc4d1550d45e635,239.9
c02b253e596068eea0b23786b936cb51,239.9
bf0d7939fd697b55f7818ac5f364d6de,239.9
ab7bd3a7b1ef15e64891c730082323d7,239.9
63fad851f1baab6ad6bf74a8b59f5521,239.9
1c973f73641c8efd98efd0eabf3a082e,239.9
442c2a88842315cb04a3d46658371689,239.9
cf9ec1b669558ba41cb60049bd8282f5,239.9
c9443c7ba953a58193efcf1a2a447c00,239.9
fd28c7968c649e40e639e20d79040ccb,239.9
136f4c1a0629b4ef8681a46dfeeddc2e,239.9
d06d4e2d7fba05929a9efc2721bb1d82,239.9
59d79f98f34e1e8efd46e293382a8de1,239.9
b9740782710922e68364fcefd21c5646,239.9
41cc3a16d47aaeb0d57a061c5236a713,239.9
bffbcf07c00f5346d8ba5ad4b5cc3019,239.9
a9e109d30979d4afa7edc0409a64aedf,239.9
c0314850cd5254ebcc66a4b00acd306c,239.9
937d932e4f3d619420748f0f4a86a74e,239.9
73013cc9fa18f10267f2221fff4a936d,239.9
3576d9f3793f6dbfd0d915eb446d31c5,239.9
309b93ec3ed3ba60315a1454c506ffe6,239.9
83da75c215f198d2463e10f0fa9a56e6,239.9
d36575c3934612662f680eb0563da979,239.9
de3488839c20b6109821b6a1af9818df,239.89
3a488b62b5f838611ddd622f945fdf0e,239.88
183c3398be94a461ea6c6691a25cea39,239.8
4c7f055006ab8fb080459718346ee92e,239.8
d7837537f0fbe29cade1ee024539bbbc,239.8
6c6319d15d79f6ef8c06f85aa7656f05,239.8
27976c3ee49975e6f777258477a87002,239.8
df7f0c302322f4a233a07fb9cbddb46c,239.8
4cd8954099b721f318f46fa45de99180,239.8
12da09f67672845a6146a035833a085c,239.8
25f7e7cb98c3621976e837fbbeea5dac,239.8
faae7c482c489250578077e52576b3e9,239.8
a4a012ed505920af7e837c4d3e385d34,239.8
8d5835c2acf4c6a7e16dc7f1ae375229,239.8
3e4682bda7a65dae44f8ebf2267d9a70,239.8
ddd620bf955b11bdef3f56d668a17344,239.8
85546bbf5243e477ca238fa6d21cff49,239.8
a04fd07fb2796275f40eed69b7c99865,239.8
ca720fa7d26443de66ea5e54e3f0068c,239.8
f53f38876478c471da6c224e7990542f,239.8
0c1faf0b5e24b7a0c450332dba9a9324,239.8
68a97ec8181a655c6c192f77f71861da,239.8
e7e6ea19adcb62ed5c15c332177c7028,239.8
6f37e3eb32985e5f552592b7e7173a33,239.8
61be4ccaf746740a0b989d65263cfa30,239.8
32834f417c58e990729ae8a42aee0a1a,239.8
d42d02fa5d71a25257710e5f333385db,239.8
8c3d04e424d330c628d1c1f62342915b,239.8
9696abc6e0fbd7f6fd884de28a428bca,239.75
76ee5f8f54e9d3a881e3c55c3d2196c0,239.7
885ba72f5da34cb4737e67487ade6e6c,239.7
9f0b4a90663469a66e1b3ccf3d872219,239.7
e3d51d76fb58a36e3c56226882b05da9,239.7
0a1086a4021cc95c10d53035aa0e012c,239.7
fea395b0430e0a53e6981c8e13179c48,239.7
64d518d107bd6985494581f424c610e8,239.7
67d45ce5e10120b7d7e223195460caac,239.7
e02bd72de8a4b5f8ce982f24a4688b8c,239.7
4da72641124921d442507519f5373e51,239.6
f2b7b740f0eec308afa55f1a994f21b8,239.6
79a5e280258b3806d34fbe55665a9908,239.6
a5bd160705f76c0aded4f96d0723b720,239.6
dea5d6374006a4aa182a73371da9f731,239.6
1cd96d1a642496e8967965c311f98b1a,239.6
be3efea598bbef6c123da326f3a354bc,239.6
2a88f869ff60c357f6e00e6dded4442f,239.6
e3b2363f99d58cd6fe161ffe0ee40a95,239.6
91189b185800429594efe83d99aa9964,239.59
b46989bc8ae3f4c80f08e9117a3f3d5b,239.5
a155783863e4e349af2f828a703b90c8,239.5
2065794a97f31e096168ad17c3b2c695,239.4
a7acf0a4c0a4d6ea3d93b47a489219c6,239.4
b0122e56650079ca699d17446a11bfbb,239.4
76151a775ac037b2e2acea0033ad43e4,239.2
40695e92613f8b181d9137e6491402e9,239.2
76e74ccff5d76c6405eb8bb84e38bf1b,239.2
45d196ca62eb0b8f5f2f3037e417425d,239.2
761641bbf969934835f65b3374ddd6b7,239.12
ba4243d5a61ab6bd9ec539b7dacfb04c,239.0
83063b4aa0416271043f1ccda0801382,239.0
b7d8c5723ff2af6c90cb7ff564e8d0cc,239.0
915ce1e45a3b10fb61f5d32924bdb7f6,239.0
59114bde7ce6b9fd6ed88bb8dc422d46,239.0
5a95d8f2ca0a97bc79d89871c02456ac,239.0
72683d2e19b1162853c8e8c853624a8e,239.0
b0bd07e1779b0141218d26e55f07ec58,239.0
90ad95dd6fc0a81e5c3d5c652daa3502,239.0
c315dd3d73c2a07103f3c49f6cc9e19a,239.0
b70d76ac08b3fa25a7af749b320e1a83,239.0
7aa47bbde16e301bbeb89536a7aa41db,239.0
e4800add327af5e8c4c04f377fb1779a,239.0
cbece3180303b43f336eaab51da85aad,239.0
433d2182c7ede2cd82ab34f10ba26e2e,239.0
7c27963420faf8b9d0724ba01e8c7e44,239.0
4672ca9dfaf87835eea705f786d3dea7,239.0
29688803497585707a8b9bc412b3ef17,239.0
353304a58d33fb139cbd70a09140b7d3,239.0
0fc67df194c5187c17d22b318e2ee280,239.0
5e168c76684ab783a8e1b4a8edd6548a,239.0
0cec3ce8269e3f3a60be6d6dcf05e567,239.0
191f2506c847455793cd0d8651e0153b,239.0
116d853f173cfe18e5c38d3cf786c278,239.0
c673c965c3b739e6964b3ac9a0618ec3,239.0
e087e4206a57c94336bb38ae8966bc25,239.0
bba4cecac73ec3d2e47ad263c28fb1dd,239.0
b3ac241d84451f064bae2d98c28bc6c4,239.0
e6844a55be2b09d0651ee44371fe6298,239.0
f4f2d12420b95f9239bcda119491f2d4,239.0
ae6a20cbef31289987c08cdc617a19ac,239.0
da90bbab988fd15a113fd67237e1f933,239.0
eb67e9bd3357fbacdbef99759f919573,239.0
5c709e33ab03b8d9c3cd73f227323e29,239.0
f6ced24a98fd8ab53c50ebbfdf6c1375,239.0
d0715495890791e60e858ffc2b414cf9,239.0
1e3e2301d4b26d2edc2ce9879334310d,239.0
72592e372102c214fef4a1f0a389b63d,239.0
79f1c4e66471c5f6e5c5fe4e45d1273c,239.0
bcce684969990851024216985d1a9b5c,239.0
60b88693a88b8cc33f9e3a0683594e89,239.0
f17dc22845da7354c2279806c5c5483e,239.0
496c72dd8fb5f70127268e2ec401345e,239.0
84f28ac55d936946d201442e1a1e9058,239.0
bf061eed597ffe13515723ba6017137e,239.0
555e92089741d556b76e01b8787428fa,239.0
67ec7f982297cfb734824a3b3a7a56c0,239.0
0b7406034474b610ba8efec701338267,239.0
1353681b09bdb49c50b81bd023a2b3fa,239.0
ce7eca55be37e75d368b4a6d903e5b2a,239.0
23cf16e10ad548a78ffd4dba478365da,239.0
28e095aecb060344b8dadb5cdc0b527c,239.0
25c03785d6379d4dcbe6ac14af0c4f87,239.0
e1f665b9a62b55d9bfc07edf2bbfc9c2,239.0
a91a79adc255815eb382fa4af5396787,239.0
8b13d2050940cb8d6a7203e69f279254,239.0
ce118c8b03f5d99c90b2bc0fc3a1518a,239.0
0d231180261545b94c266d436ae206c0,239.0
267145a43451296f39cc6560c50a9f8b,239.0
bc97b187be598a316ba8c85413c40c83,239.0
fdc9ea90bfb6df0f7f53217158a3ce0d,239.0
0eaa15d07cfcaec9478c1f26008a939f,239.0
2a88d24a9b440d400002b6a32e35cb9b,239.0
90c561d8222ed24ce3e23902f137a520,239.0
7fbd8c5e77db87df8cac3b514a39b16b,239.0
0a8189ab957e37ec9490424e8ecf9050,239.0
396a8539f119f80d6df1065a04cf6595,239.0
ccb5fdddd38dc475e9d6f382728ba2c4,239.0
649f3d2112888939e5e1664cd6c4f849,238.99
e217d743b426efd03312d4a04d1dedfe,238.99
2cc15144d83ab6ce9cf5f666022a7afb,238.99
21a23cc024883e2a7c9dbe7a14a7eccc,238.99
6036479ceafa4aab3dc585f1a05772e8,238.99
939c7cf7f4c8f6a9f2a6c4d2096fe206,238.99
bbeed623fb4237f3e611fe0b2195e03d,238.99
d5e09a8184614ddda310dac5e19e7635,238.99
7d8666e0148b50e626e90245b6583f54,238.98
ceb81075157a116d7001ec98fdbac21c,238.97
66e822818cfda1db261d52e9e2a9f19e,238.9
5011c9671431b13cf35e52d7790fba17,238.9
f04d1503094bbd1db2565841d59a2945,238.9
bad0485089a89e8aaa270d32600776b3,238.9
106bb5c55fd1ac8a056aad6c583ff3c0,238.9
36909e3da877ae21a068c17e1a723de9,238.9
378ffabfeb53352f6624c6911cecf3f2,238.9
b9c50863af770d30bd3a14719df9b726,238.9
9480a2d06e7542091c9de1d4afdb120d,238.9
06297f06409ee00a3cfdbf2f1a016afa,238.9
485760799b2cd07783a674fb73c5cc96,238.9
f102cb15ec41ca30fa2902da06495f6b,238.9
fe5e93461bf25c68ba32e98e196d77a3,238.9
067b4d25cd355be5e70f7e0b62f511b5,238.9
f09327112f642aef342574a73c0b3a40,238.9
e16ec82ed66f16aa48f8bc6bbb287575,238.9
6d3456dcfbcabb855d83191828c82113,238.9
786657bbcd04e4eb9321494bad1e4842,238.9
bfdb623676eb85c34ce82801a89588f9,238.81
a1340b701298787cb1692c4890945dc9,238.81
bc7adb2652f930cc308c2f92f59d6894,238.81
3ad5f3f5f6bb3962f9bee8fd905815f9,238.64
10d85da0ed559d273d03253223257e5a,238.6
a0d86b4a22f02ed0ade308b69e91bc89,238.47
79e85e4334a170f7aa57a81ce4988de7,238.4
69ee62ecc8d2937fca0e1a3d4de5a2ce,238.1
f830ef589ae72c834a4083ce86524c05,238.1
97574aee35383afe8577dacb0e15a551,238.0
67a0a75c349534ca26728cbb0864a8f0,238.0
b671be06b16d469205a87c380a30a09c,238.0
46958fedfb3f81f4de25433dd2d44eca,238.0
eb5bf624edb0f6368055aa558ffd2b23,238.0
541d2099af6bd275df6be724ca638452,238.0
20e9c8c84ad8bd6aaaa1d267e0501b06,238.0
1bb2273c4c26af24561221cfc4fbd7f1,238.0
5d162124231c9ff55ac67aac49fe905d,238.0
3503428a3d15e8996817dd3369735114,238.0
7fa99eee346e3a57243e5d30c76ad243,238.0
1b116df734af684a39602a867430a4ae,238.0
95249fdbd5e35ac3652c3f5e05e75f91,238.0
4c9fd11c171d7108153b61672219ff98,238.0
e3601bcd9f1d4419789047745331e7ce,238.0
cb5173b3036a9c3673dd55615fdb8083,238.0
24d9d65af8e197f76dbcd99e99953862,238.0
5d1a2c9bc5053137ce4e2be00b321e1c,238.0
56ffad14ea1b4d2661e975f95f50f89b,238.0
86f759cadfc423887480182ca9589e39,238.0
cafd2aa4c46d2009f8ae97c20b2ccbed,238.0
8a2fc75853530d4225f7fba2d836d387,238.0
bb510d62433caad1abb45b96fa79ab78,238.0
fb07a605560bc106800598d5f35f408f,238.0
d0c26cf29062e8483e02761ab2078561,238.0
f1df0ebaf5864a536cce30194f8f252e,238.0
b7316a502ebd69f8b4def2170d89e5b7,238.0
bc01adb313381f1bd84fb71425b8596c,238.0
37dab09620092cfea0db7fbd560812ba,238.0
f87f1ea0db1d9f90a39e6d33b978d7da,238.0
64d6f3bf4430484ac89c89b6266383ef,238.0
b48f0c850994495b24f1440c76873576,238.0
a7d3eb51fcb8e8e078482e518b38dbce,238.0
6b47c3eea2c418b4ee03f1cc38e30519,238.0
8f121fde1f03b4865ac871202143016b,238.0
e47037c2cdd1ccb54bc894d96a02ea0a,238.0
1b23fc2a8153a87a2fdd885c0a7de1c7,238.0
567c38d27c9efc5a19c6972fc3a18270,238.0
475c19550884f1d7a9b504675d794332,238.0
65cf8608e2419a255a6007112b864b4b,238.0
4ae25f8854211956f702f9ce7fddda5e,238.0
d9099622aba33ba41b04642e07aaec3f,238.0
ffbd25299d045182eee34c9493b5adec,238.0
8da3dcab0dbc48b3c72b777c51a5bdd8,237.99
df7338a04458506a3b2f23056c466e88,237.99
d5fcc29b8b9802010da44e8f873a96d8,237.99
c2c832eecd792fba9a48c6820ae9bbce,237.99
bf1723772c5aeb6d78db6f2a6456e417,237.99
2b626729e6d9c7d61d07f623c9602f2f,237.99
2cbe7c4786ce290dd92f38ad6871b72d,237.97
0980d72e94bede8b0f7d8a4cd32511c8,237.95
bab47e7a1b74c94a99ea042acfa7ea66,237.9
319a6bce8c595d7bbe2199dd09d671dc,237.9
c308e6b8b4727bd2e3b3433bdb344950,237.9
920de9467dd250906015fc6c01d08f14,237.8
e47110abdbd56729270e9c2a8c552a72,237.8
c02e0664590e5c59486088c7676ec031,237.8
9c23ff0ddab50d55110a5d15770ed874,237.6
37fb9cce079a4887c96b59bae2011d05,237.47
6c6f666712e739bb6761a8baa3676dfe,237.15
007da0ded5420c2ac9cdcdc758841cde,237.0
dac766eabb1289d59cb88e34b1489db1,237.0
8df5730b67f4eadd0000f71bbee6dba6,237.0
1c0b212adf187d17ce8b977f1283eea9,237.0
782a9d54af42b95ff6da5a84b90e5c41,237.0
bb6f1261b04e227b81303d0eafa537a4,237.0
51715f7447120af4a92eaa0336ed0401,237.0
c7aa60532937e581cb6fdb0320a400c6,237.0
351b5d6b2776706292c742cf22e30dfd,237.0
bf239a3d9e5fab72059537d02b201d37,237.0
a1293e91d136444e576c0035052d1aaa,237.0
bc34487eb979ebc8d9903ff8c30960a2,236.99
9a655b636ba5cf7434d7351673def007,236.99
8d1a470daff90baa6e47ec71e31f140a,236.97
f49b4f80893cd8a36cce86e87b0fa50b,236.9
29ac5ad10ab078271f193b8412b83a6c,236.9
e50d0472f1fdd87f7bcdcde4138673fb,236.9
b7442c005410200e8e70b2404b79c56f,236.8
4db243868d0af189d9944dcc0c9ea93f,236.7
3bc0dbe0cab89238bc8969272e4f303d,236.52
95b9cacc4bc81c3a0a33967bcde6fcd8,236.0
76f2cd7947ffec4952fd90353fcca395,236.0
b4b0ce0c3cfac1b0d240823681496307,236.0
60cf4d609aec86d69f3dcb588650f703,236.0
49f554f189c9d30e865dbcd58efafee2,236.0
540cd4c00e0b5bf5252538c02e379d24,236.0
2696ed45e2583bdcb7b6bfd0a8f0f2fe,236.0
60c4b673871ce8e9f7638fdc42757cb4,236.0
1626a557f9bd4edf99fa4af9e42cbae2,236.0
bf10128e5ecdd3a1ebfe697aa8084da0,236.0
af4e75a432ace603f8b572cce5f8cb83,236.0
dd0913a1304652981fc83655421b3f8c,236.0
e222c192449d4567112a069cf7d072d9,236.0
5c42637f3e7e7c520282ae5c4faab832,236.0
6721a9af688cfa69d376ccb13bbe9ae7,236.0
dd854e24b40e3bc2b306946dee252015,235.99
2519617f72eb156b405fdefb65641ca1,235.99
59949cb209923e327fb460e6e4854eda,235.98
9e6512d352103b6ecbbfebfe637ab5df,235.92
3b8e59b4dd459417692c3d9e1232f450,235.92
c1affa46f9f3b514555259049a0307b9,235.92
fb7b8c6db0e37c357a781fceabe02413,235.91
d2c14f1780dff884fbce12665db380a3,235.9
4bf3c039809b9e6d39e8c207bb5d6325,235.9
38ea3fe4613789cb79db2ff69b258725,235.9
33387b0074d1a4017ec034c902bac9b3,235.9
339e21440501b64f3b1efa0904eb54fa,235.9
9ced056527d2e74a1cdf334b3bad118e,235.9
ab73bc2a2fc1188712c1c764be830d08,235.9
4b071c9e72ea1e8f90ea98c67acd1f35,235.9
a0302ff99a88b577e90a3e823e23f03a,235.9
a871b1ff77cfbc257daf33b34db71c76,235.9
5c6883845330d5c96c5447279c330b41,235.9
f0c0ed957add2cc4abeb60ade9ad6d19,235.87
fedcdc6c89d60699c967422066834f65,235.8
ec8f2dcb080511771e52af7ca42117f5,235.8
1b53d66410453cb9b968dc71734295b4,235.8
64725e21c9869103e2f454b2337edf56,235.73
770d8c1a79809bf66600845ccd260a42,235.73
13be0c3edfe7bc389f6e482b4dc1d529,235.62
dbc9a93b4f30c4cfc6d4e5f88359c2db,235.6
2228a3a881e33aa73e7958a61332cc35,235.6
b7e6d605ef6d68ee56ae32f44ba064e9,235.43
3b10a8f8297080ec4f0600315eab4ec8,235.4
b6962ceab2ca52d9e458afa14256dc02,235.2
b76aea676aabdab15c3c30fd1a8c5536,235.12
2bef4d64d65faaea42c4dd60d5933203,235.0
f812e206f23a363308c423dc6f9247c2,235.0
4095e905c0684c956424a8b941a2868c,235.0
73c27cdc4de9cfdc9ecb90ab01acfdcf,235.0
c958dd1901b023167a8b54c18b7cd526,235.0
a64528d4c047cd670cfe7fd2dcda67fd,235.0
a4006adf432fbcb1718231ca5a5ca743,235.0
f04c3f6e20a2a4318d97d7cec1d27bbf,235.0
373f56c05bbbcb272c4700212dee070c,235.0
6957b3f555a2d12a5695c6108789df75,235.0
423797739c8435a3fc5994e2f90bb277,235.0
07c3db976b113d84c84b4695caa0614b,235.0
95ff4214f5f8fef4a53f936822706034,235.0
62f7e224a1edaff2bca054bf5f6d0ddb,235.0
543e5454fcc4e254ddd49c7860648a7d,235.0
386e4ddbf54f557c9d251e49d32ca7c2,235.0
6c51ed8c29ff8bc5f3b649dc7315b787,235.0
4b62140bcbd887e90a27212db45d4226,235.0
afde51cecb61ed0a18a8c3c1b6ae5b58,235.0
35d1cb27050a35328d41b85513113261,235.0
0fc5252f42af0436ca7b3283c985a9a9,235.0
2b081031c964f171ecc1aa3b13d99068,235.0
1504df6da856dcc3095690ef54313868,235.0
cc5fdeabec9462ccb11a9514b7132450,235.0
efccddae70862d3630a35e4c7fc75a02,235.0
13893ae039f4f52e3aac9330b99c2a90,235.0
7969565285115f37d943df3f762ca81a,235.0
adab95af0aaccb5b653ea193a0e073db,235.0
26a236148734e242ac7be824e07a0ebe,235.0
4028a5f542cb9fe29c4d43fc38ed1e6d,235.0
83fd55588a80384e120381b6a7588acf,235.0
2d7383575380d46c2721ddb73caa7e15,234.99
2988ca565aa083419bccc7de500e6365,234.9
026134c333097d60a052ab271aa99159,234.9
396220c43c7d3f04160a645b3dec5f92,234.9
c0464fc43033013d56d9ea076ccf6065,234.9
002348c1099e3229276c8ad7d4ddc702,234.9
366ed69223476beea6b38ebc2ea2eadc,234.9
0daca68a2af35dd70f8441250be50c6e,234.9
b08388f79b3d1431d4d711ad96e26209,234.9
1189440e2928a16f63c04df90266e8b8,234.9
956d144703c3b72fcb05e587e39f3ab2,234.9
3003e2cad13e2943dcfadd1cf73e418f,234.9
070ae6a687b800200c1f7dd6a2671c75,234.9
e7e0438494f6fd05d28210e8c6bd02a6,234.9
790b7e044becdf5408d21b59cdc85b10,234.89
2c8db57d87eae06ab00d1ec167f43324,234.89
6233e1c1b76b3f0e1527afdd8db0c7a1,234.89
978c86d7ea827356221eb64757a39f93,234.83
81e58748fd88658cd29a87a52d64f7d1,234.8
635907639653dd271a9d6df5bf5da1f2,234.8
248c47650075a87ff142d4227837be6c,234.8
09380077c3400002387e5d72cde34164,234.5
eb9f55aff066e06088b7e934f5a5cc0d,234.31
f185bbcfd9e3dfabdda0f27cf2fb4364,234.0
b49e004cb84fe0bff90c000396b266b4,234.0
f014b7ec884cdfdeffab61baef33fbd4,234.0
a27b79ba118c6001e72c267ea6ac682a,234.0
e51e265631ae2f257a00482297d63017,234.0
26188f96d7835fa7760ad5fc85f1fb5e,234.0
b10fcf9afd1931e287eb39e53041e6cd,234.0
c03b40c7971bc52b3d018247891270c5,234.0
2c111dddbadc3ca0954979d59bd3fd64,234.0
6d44acbb5c4b483a53f88dc8584a4326,234.0
34644523e4393cbb0c7f801b9a5f3043,234.0
c683eb31c14f40dd78a25a4053ca77fc,234.0
06757bb75493151d0e73ce8e3bc32987,234.0
ab097b93486e3595da8fc998b6a23b97,234.0
cbeff49531b84619a15169ed10ccac20,233.99
243b05e1c147c3cc64b0212d4df36383,233.98
df688f6c00d2fefeb5a32f834d62fe6b,233.98
ab156e9202420e577b405360a7b29cbc,233.98
87683e081018f56675eed5e992199b04,233.98
f14f9d6981d8a92cb5376adc1e1eea49,233.98
ba3f266faa29d2de0d04726651aeaa5e,233.98
ed5b017546d07a40296b3def8fa27e0d,233.98
666cc18bf39036f9df73b917861a5eb8,233.98
69e18f38951d34592db4c7ca5e591101,233.91
10213bc1e7feda414fa935a72b19624e,233.91
902bcd9fc27e575f2c7535ed2e57d620,233.91
9e4792211fe473a4851bf09c9f521f2e,233.91
f2e7bb4a7ec776452c2387e1c897603d,233.91
3e12926c0023f6666615f8c9bd3f76b5,233.91
c2e04c9314ff425fc0ba2743298505fa,233.89
9ca35c51f341909f26c23e171bbcad14,233.88
8cb1a8d155e0ab13fed232cdfdffc0cd,233.8
cef90a63b305fc7abea62dd395a056f7,233.8
83e4193ef8adca21142f06ba078bf556,233.8
6eed4ef57344486d5a44b9b8e23913c2,233.8
2e0e272b3d7f51e55ee393175b81b26a,233.8
971bf8f42a9f8cb3ead257854905b454,233.8
667f9dbecf8b4af58212fe57b5186434,233.8
5330f5a23582088e76c45d14a5987783,233.8
665ea0a2c6cf62926e2066a3beb07203,233.75
163a3270d1a8e43494ef68937908784b,233.61
79d01f9efd7c41ad47abace96c33c09f,233.5
14b488bd62137d06775a9a63bfa01ce7,233.5
d02b1aeda74d6f9369eaa0e15dde1711,233.35
0ca895968ec8e786ad4dae4a41f019ae,233.35
bc7f966522485d8cf484ba1fcea934df,233.35
63b7bb666c5bedee1ba510c017862eda,233.0
9d251ecab0a3f11908e5e048e5e14112,233.0
d4c547df5739177e4e0b58fbf2004186,233.0
d3715aa5d97c7fb70347c608c5448b9a,233.0
0aad653c95d2d993aebe800c60a35558,233.0
448ed262ef5462933d170f5f10f20e5f,233.0
91f23f53db49aad96963eb74c5b88afe,233.0
ea1a7e568d29b9c22eb2c99be8c93243,233.0
7c787b7e9001aa71d53fa9744e636604,233.0
3404fbd3964c5abd6fe76ae239b0bd29,233.0
db59c47f100c554beb2fdf19d892b32a,233.0
e54f8011cb29eb0d2c0d98a3e402fb5c,233.0
4e9d59e227be06f1e74cc4953cb35c1b,233.0
ef1daa31903ff74a9c78b083b006b249,233.0
8bf61684ef7c1079a0c559ecd90ac2ad,233.0
d6f64ae60a50240b7d2dfb4bab157856,232.9
aa0e4a8833d9c0b97d5cfce946a98dd9,232.9
cca66807261312ab608cd6b064a335f3,232.75
eca9017eda056e3c2264fbd939a5e0b6,232.75
18f1bb6325d50619d5c13b7a25b869fd,232.75
0323b1ce5e0352a4c843df59359a133e,232.75
787f8c6311a284b2fe65747d3e7ac255,232.75
f536a2636bfc8640ca368d2887eab64b,232.56
88e61c7252619768a61932ecdb8df0bd,232.32
bac6a392af2adc51993284cd5a44c8f7,232.0
527f724d7eec1a2dacf814c3d9b7cc70,232.0
ed8dd21e56b9e94f098b5284475a33fd,232.0
13eecc109755d75fffcf60091efa0661,232.0
2139fae6ad1c50179e563f68b09d4388,231.98
6003a3a8e782dcca760533542aecd5b2,231.9
8a9de3b3a35fb0bb3159fe4d1ec6f522,231.9
58b0c4899e2fd8a41bedef6542290bf1,231.8
c9ed1372491fe078c373a4d099778146,231.8
eb84d1592d2c84ff5f8e411cd50c5469,231.8
cf403f7325b6f0bd65dec9b3793277df,231.7
810ded38dee280ec50c047e8d1570106,231.7
a39ead24e02b8839d883933860db7c8d,231.7
252eca59746ea50c35bbd4cee0fbd333,231.7
d158ce9e0f20d24d2235731f42f1249b,231.6
423a29c37e44f30428ef729e5ca84982,231.54
cce4c29bc4e0827aa74d6b283780ae69,231.54
de76c053dbad90bafd8a716bda05ae07,231.54
562b21c5974cb8b0673cfe3729b68671,231.54
e9b534eb32a1f7df2cbb3a2912364a29,231.47
94db7d7a01dbee71adc9c7e27ed822d7,231.4
307d23e1f14bd104cf9d7720157079a3,231.3
5d0e7f0e38c367edd51a6bf3cc06bb03,231.27
c34488bc19ab8916b2764d3cca0fec2d,231.27
1a8a4a30dc296976717f44e7801fdeef,231.27
6f728d2ab5c661f6b32499e7e1bd3261,231.2
ca10c299564ec71ffc062f199e380815,231.2
b20ebfbab3478c59ce34f43e4c26feaa,231.2
8eb9f6a7d864b5cf7535b13fbe0971c5,231.0
b36bd531d251104d5fcc8526263693e1,231.0
677ea793bab5253b52c7f73f0e120b74,230.98
d904f9160d1d66c620b81536ec9399e3,230.98
bfaa59943933939eb6bfb564519e794e,230.96
71f94b6f47acb3bd2047fd4d1800d2e1,230.7
f142390d014395d7bf779fca41013d91,230.4
bdced1e75dafe66bd70dc84af644bca7,230.4
9cc0f74a146f7cbc321e5fcc10e961a5,230.4
5624a5aa279ebf6c6e63676a1c14c249,230.0
367537806bf94a7b8bc3941789d41247,230.0
3e362ee59665de4aac17202fc12e8788,230.0
0f0e4d2d4465dcd0451d474922ca94f4,230.0
d9d9c4fea862af756c73e9d0f4a48e02,230.0
339415e5555e0a4f241d6b2c70c7c3e4,230.0
3565613fe710f2c1b649ba423c0dbfb0,230.0
4aeab499f910ba9d5d5c8ae745546b7e,230.0
32341088e570b208d83ec4bbad2281b0,230.0
16971a0d594efeb683d44e4fb39667c5,230.0
e21d7ebfedc67c1a6678e37c53a78a4d,230.0
1f47727d222a72bee5cf240bd1380f3b,230.0
3d4b571062a7bb528ced4e8e11f095c0,230.0
9bb289a474b8b487ef1fb04b0daf7425,230.0
db151f1435a8d837d9803b742c68a93e,230.0
e02c5d44fb7541a69f8af6a52d1b35a4,230.0
6907931df0d69c049a6ea3f32f3f67cb,230.0
b84b43d245abdbf44b1e28ba8615429c,230.0
8129c1c506d7d2a41ca7caf3c38fa85f,230.0
30da09f031536186153c0ff9e0dcc0a7,230.0
606ee56c24ba3bbe8db80bb73ff1dcb7,230.0
573f39624e482d14affea43eb0588fcb,230.0
502f84b96849b881c0bb14a9650d0a13,230.0
0fa4e4bd4340f3a7bd364c2da0fc4104,230.0
a0a09af67bd6ab129e9d5a131f750f9c,230.0
1964a80794004a2f2456740630cc3b9d,230.0
503338c1b6e6a0cb8cd2f848c42c7207,230.0
b1cb221fb99089990e6751b79f201a23,230.0
d3878d302b1f3a54da025c3c593c48cc,230.0
ee28f5a857ac4429fa2e0459543327db,230.0
fa98795c4f0fdb2240d930eef4a98924,230.0
d8f730e6bd5ec4e3ed7801e42bb2dd99,230.0
de4226aa985c654b32ef83603e0cdbbb,230.0
610d52bf5b791544b45e2bbe6b9eaa7a,230.0
e91869020bc43dc7a80712e26d583f76,230.0
07c598aa82ba5670f78bbfc4b3305e6f,230.0
520352d4097142d3c9aae9b7eead7fd7,230.0
8b7c60182e9c5c71d17d54ac97b0fa02,230.0
5086b528c85ca4527c186363558ba1af,230.0
1d2f4e03c1c7aefc2435451a4dbed450,230.0
f2f525f654dc9fed6bb50aaa3aebb0da,230.0
c9dda9c54e2f0ad877222c042f8d8d3b,230.0
eb9e4ffb14ee9484e33031726c7ec185,230.0
fb5124803b7ec9f7be751aac31d008a1,230.0
b2cfcf3f9855e586fe7a9585ba22808d,230.0
ef8f790a11f281ddbab551944073ebad,230.0
bfce888b3ff4cdd00edbeff6866a5ea8,230.0
d0ca3bd883db211fc63dfc257d64578f,230.0
fdcf8902237d2c8986eaa7fe344542c9,230.0
42262967d28e564f7c9f5cc3bd304d38,230.0
5b0d3d9c76c0a60b0391d4d9de71636d,230.0
9885e4e630af4b7352e0a32a7a05bb21,230.0
88577b4fd9613b223626fa23538fffd3,230.0
1b6bc7c185f0cafc76e200d2acc66992,230.0
5234a45d0b12bf0acc357749c724907c,230.0
5931bcaa98ca60005439bc789e47ab6c,230.0
73f3c03bfadc1e4bd678776da6dd0bda,230.0
65fe86c5d3cc88c0aa04eea0fe5da3f9,230.0
e08e569cab13d0c5d8b0899056edf5af,230.0
264cfae73963c9e7444cd4ecb6bf63fe,230.0
8ebeb2d244eccaba1440c6e6f3bcf11b,230.0
21be47c7ee6be27a895e90abdc843e73,230.0
9d738b553036239b0eb45ec8d4421d70,230.0
4f2d8ab171c80ec8364f7c12e35b23ad,230.0
b775ec8e7c741faec597b40988848e05,230.0
906a472b46ebf08dd781e3e75f5b0f79,230.0
aba8c082c6e5c91b733c60e0b04fa956,230.0
af1104b531adc2df06d6f8d2fe2199d0,230.0
313b4ca0c1c07a7dd244e0c9285aecac,230.0
93878d61fdd60a05e37ecc6f8d51b379,230.0
812886b70c5584fc028811f11a1ee2bf,230.0
8ec3ff8925a8d3bf030c8d2406c913e6,230.0
3fbf2a71c639926ce379d4c50b475e98,230.0
ea75bd99dd3d578861b85d1d1f28b903,230.0
b195bc90f08a925b3fcff60a27e14e45,230.0
829fa1fd3a81b498646b1fdb4b98de4f,230.0
3726c02e55f57eb122517c1238d243fc,230.0
bf2d7c9771fbbd35f421be8ea633b561,230.0
726989efae592e4f204e67b4b893d01d,230.0
eac5cedd4ef3c39f81bde389889fef60,230.0
9c79eb1cd7a36127cba5b97b0a746d31,230.0
9d224d1b8630762494d3d01fdf1afe03,230.0
54a604b7c13eda31a4723072fa459ef6,230.0
91489087a2f86dd3476f0d949946aea2,230.0
7c3f8286d229c232d2fec7d8e750e7ea,230.0
eb1a2b4ca1a86cb1a0416b30997add33,230.0
ac055528f5a69cba5e02d73ad1ee9a74,230.0
c5aa3c712cd1b1c509b3adb34dc14187,230.0
45515887afe74cc561109822140e0e87,230.0
d887148b2d2b9e3d51736103399c3227,230.0
f413d1831bd15a64a7b73db89282fa77,230.0
fac3ea363fc5621bc4b66c92de5e94f0,230.0
310b2ccafef3236ae0d753c09ce26afd,230.0
7a2d29861228940832b9b1063e2581a6,230.0
9eed0427964fdb6119f95015282a94b2,230.0
8dc532d8d7de85183b628175ba71e69e,230.0
f9bb24650e7c9a98b432ac070e5e54b3,230.0
9ed1e0bd6d8169b1c6f499255e6c7b31,230.0
469c87ba0d5db4884464ef9280f67efd,230.0
db07ec47837ea47b679c7d7bc49a2a67,230.0
ce3eb6d026457e39761863f83fcda774,230.0
01a61e75bd333a349351fba370520597,230.0
b44f9d08ca382afcea11e98ff844f89d,230.0
665d1ce8d05017886774eeec06243f3a,230.0
de803ca99877b56ce0d121b7e2d57bc5,230.0
8c22e22304102c48be41a81e16adc2eb,230.0
70bbc573466c79e7052d08317e650d97,230.0
5d65ba8b30ada8fdd15195fa18e29e51,230.0
ed9d62c3af1f6b24e984d012f66eca35,230.0
3630d5cbfe4ca876909fde0c7c90068f,230.0
fa5689be033065ccb7e05f37958daacd,229.99
23f9d8a37cfd6a6896e43513f94333f0,229.99
fc6970358133b4ddd73d4fe57cfe6737,229.99
3c86b40ba68ad7d3be35a10ae5696954,229.99
b613e8d4d389f24b5c1d80cc176ca3e3,229.99
9a700b48b88176d78038d24893e175c6,229.99
8c0ebc83c2e972b8353e62317145867b,229.99
3bd73d184f96fc1f26896de888b43819,229.99
a15995cdfba8c4758aeec7fc37f1df17,229.99
704fb26a9d85d9ad8fd8b167eee000fd,229.99
1818b3c40abed69918807911cad86ade,229.99
bde0289b3e5c6b604b8367b261152c44,229.99
f1d7e7c97233a9915400f69cd7f66200,229.99
4a2231202fbd4dfb5678c0241d7cf141,229.99
301d87ed13f2cf173d810fe698cee7ee,229.99
7f43acabae2904f587aa6281c266644f,229.99
c206e6f4294cc8497a079fc15e27cc31,229.99
c9915c7f8ac83ac76a9a605f4a4db5f9,229.99
1bb2da0d7bce1d1e61b1218ecd4ae928,229.99
c2449ff524bb1d2bfc7a7aee9f9e11ac,229.99
37d500143617bacac8926e770d3e75fe,229.99
10b7703550d1a6f6da62cb73ef881212,229.99
5f945bdc0f77be46bee11bb1cb524b10,229.99
a83d3226787a965d5bde45d281ac42f4,229.99
cee7402478a8ecfc0f5e69d34c9d5f19,229.99
0a4b13f62e9241a32074e56893ff7b44,229.99
a28de4ae5aaa106861049eaa591b8418,229.99
e6bd83a6d5519bed82eff1ea0b4898af,229.99
eb033b491e53ad18899061e9e19f25b2,229.99
2a4f46deb28e6867b88c553c355ea34a,229.99
b130f5c1fa1e3568060539a4d106f7ca,229.99
468c4f2750adc583cfca2f7223d7ebff,229.99
4492ec8a5b46d602f72a38b327008863,229.99
05474305972cbf64f9b4f6bb02447a1f,229.99
a0d1571c3090051864507fd978cf138c,229.99
f2f6c7f5b732713477f77464033f476b,229.99
9e9d0af18268bef83a5996809d4b164e,229.99
22230a34b8814bc412e5caca88188f48,229.99
d3cdfbb148046355e5f28cb8ca25fc7b,229.99
6634a05c21ba8cc1b041d1793dd8100a,229.99
feb94cac625fbf7a58fe9053ef7c6ec7,229.99
f9efa1e08ec36a3bd42cdeb68995af0b,229.99
5bef4f44ca94736a626361ecd6066230,229.99
e27552faadc9dcd4149c182e7b3e03d8,229.99
aac4c01fb6c2796fc966d56e7b5a63f0,229.99
8f8ebac5d30468c962fe5be76c2f2260,229.99
d8276321745dbeb7bd88721af2a181f3,229.99
9fb956af93725a39a84493c1d73d7d70,229.99
1afc1b77214e5a8b985bca3997bb292c,229.99
83f3fbb00f10d67c1a2a0173c6b49b23,229.99
d40ce96518986c1f687450d9d2c59a98,229.99
9028854a317912520dcf23f527c7363e,229.99
282886fbc1ecb089773a8b5199e59bcb,229.99
0a2b417f16a1f57ac465aa588a7367f9,229.99
a57399a75da30c725ae8f356c78f50e6,229.99
5908f5fd53b52c348da900f0707d3649,229.99
615c294dbb4ab963db7ea37dc1f60cbc,229.99
a0aabd1c3d8364e0afba65036c53c749,229.99
d2018619893dfe90ddb36350daf94d4b,229.99
c99ecf7cf706ac542dd007e0cbbd0fcf,229.99
38dd40cff62ee6c298878e9413e56d10,229.99
acde0e281d7c551824bbf9dc9933e98a,229.99
969b6256a32b5b38af652e5a35381a1b,229.99
6f92b4743d86893a143f00c26ed3ad3b,229.99
14140fd1c37b9be37a147bf90ecb6060,229.99
74096d3f44599e4454a936f57a43f869,229.99
e6a332325992b11bc1f237a65335cb40,229.99
f84dfdbb9fae7348ead6375ee052da24,229.99
a3df58a7780eb8c8a26f869e7c65ccee,229.99
4821ae6587f647ea233550de71fbc093,229.99
44e67e615be0629acdfa7e1f95170198,229.99
a9e922a4a80d6fee774f666f1a45ba41,229.99
3286dc0c8839240d2819af3135d5b761,229.99
f91b9de924df4019df6884555b9b23d2,229.99
3152e713b94dc850dd3478ce3430571c,229.99
e7a055b4b4b6a31ca43d235c54d87897,229.99
6f6b0d00f27e19338f698aa121703b4c,229.99
d63e92aea6fb367972e3cc4f232a1976,229.99
0e44a2576bb7c61c931ec4db9f5db5ce,229.99
988a8fc4119640064ed24abf747f2e75,229.99
038a7da8dbcc0fe71896af3e1865f5d5,229.99
df9d58f5f99aaf04a5865261038e72eb,229.99
3112bbd2877bb3788014d8d1a2e90081,229.99
24d945b1286e8a0d63718f7e90c272df,229.99
f2b499ee9f960ec191bd4377944def3d,229.99
c66a6bc740f30c7a1f6718a8944939c3,229.99
d82f810496bab97772be6026de6dc7ed,229.99
2d8bf5f6862af587af2e0b085a04bf0d,229.99
eb1ef5f9f5bfd84a2fe58ee9274cc31f,229.99
f6c6f587eb8cc972d92c7efa7de1a208,229.99
99a24036cf2d3673ae33a0c9399d4834,229.99
2edac4c00a86901ea9c8dfb19eb3b531,229.99
a4a31639efca4450f58e07417152b15e,229.99
1b4a75b3478138e99902678254b260f4,229.99
db2c70ae382fa9579fcd3982c9bf9bf2,229.99
22faac884277b495b4c4ba6f7b364bf5,229.99
49cbac2b39ac1280d471e14747b13df3,229.99
4cc13a45f4e9258fae06b75f27440b11,229.99
03239979fa7a96497a4524c1af699b47,229.99
e8a101d3de305ff620d4febe10137fd0,229.99
55e45405e0404a68b2be628c98aa7b0d,229.99
f84720b872b43060bf682acf0213705e,229.99
786015ac3bb1bfad334407e389dbfe26,229.99
12716f4ea1ffefdc84b026a370d0b7ff,229.99
ad8b9a0b04642da87ce686cc78942670,229.99
b3f2d599683d9da3ec5a09d1fd39ee4c,229.99
eae4e8c76c678d2054addcc4618bc713,229.99
76f58be173f67a89ce5e4836eb9c8fe0,229.99
5aa561bd139013f322dceb6a71550d43,229.99
b0a138fd5010ba7c97075d71001e87c3,229.99
a5c1b36e482bfd8a6653d0c63ed4a514,229.99
d6e011b818659fed8cfa433ec3bee9fe,229.99
4c349f62d9adaeb0851c59901523668a,229.99
d9a0f553c6eb0a36aa73b99bede8dcb4,229.99
417cbdf3941b9b69c3478ea8ec14de95,229.99
e766b2237b6c87f74f34d932ca8aa2ec,229.99
c4fe53920c6fcc1751d448035da1d447,229.99
db6174ff0d973672c0de09218a52ce88,229.99
cfd55a1ef8c0aae89c06c519224ef21a,229.99
6ff4191488e14530d6a698f7420a769d,229.99
ad66699beab381d0747605f108cc02b4,229.99
99c36402bbcd2ba978d7b513f4c6f98e,229.99
f6ad5197bd024e5869639d4891a326ce,229.99
471d671610a58398e1c97dd0b9719d8a,229.99
347f08af0418f504b8c7faaeb6c5a367,229.99
8a615f61a0a0ad7c79ec40a6cba45fb6,229.99
f434fe1070ccb0545b0caa8563a52810,229.99
fa532d6efa18c58f116c788f937d0b7e,229.99
6e082ad6c4aba5873b45ab0369fc8543,229.99
fae3403c1e3ad692ca3776d48bc569f6,229.99
1305325ca39abb350e0bc23029594de4,229.99
5f4c7383d828ebcc50b068dae3ceb69d,229.99
4a3563f10fbe3850e2afd7e6d6b54ca3,229.99
19820840290b94e5f07b8e02b7a57258,229.99
25228ecdc91aec16dead8e113f1ae4f6,229.99
d2f5dc6c6f4bf3e6c848267c6b63d6a0,229.99
6e7327737d52fc646245974b828201e7,229.99
a8e4fcb04ab98006c138e1db0a084c28,229.99
e0a1ffd73a9bfb889d91a9dfca16ee80,229.99
61ff2315be831a0ef27a4e5a3fac4cee,229.99
d06fde36eadfb52477c545e5922b1c9a,229.99
f4fb89f8cebad5f1a88a9df87c7a6b14,229.98
4f82808559a055256519a591e63b776f,229.98
d2a592f7064d3ef0f34bd7a8d95e4458,229.98
381236979aa43bd28a692c065917393d,229.98
bbf16d46cf6f0d99fadf053943f17e85,229.98
688df872e677f02c3da2960a87e90b65,229.98
1bde0d4e3110504dff1154416342f246,229.98
4ccd20adf1bd2ac9b5a490d9a5ee2b75,229.98
823351b897393a675931edfd08e301b4,229.98
f84161106e6b8012ed6bf1643bfd4063,229.98
364d7648596b13b12e70dc1c93d777e7,229.98
6e5b962a5db843edc33fd181f87d4725,229.96
605d973d4dedcff90992a2abf7048b11,229.96
660bc90c1f3edac49bbbeda20afdfb59,229.9
5b894cf9a0b95ce53a6ce010fe000104,229.9
1e7f2e27d15bd03b384838645a84ebed,229.9
a7f4d7516b7cacd6f05cd98e355dac0f,229.9
2e8cd79c726416c273f1a84f190eb3c8,229.9
ec2dd7dac7d7127d2d9d7bb77a2fd226,229.9
c0c9968b87c9b21b9cc522c898b56f56,229.9
b1114c131b839082de98f115dee1369f,229.9
066bdd46da5e8a7f24e244574e3f51aa,229.9
c1e06a0f8523b5b71662bfed38d79a07,229.9
11d9c2656edc3357a9b19b9b0ebc34ce,229.9
c2957ddd63f491db5281e8601eaeca9e,229.9
aa8fe6fdddb25648793aab5b07e5f73d,229.9
f7b7dbae4f8fcd392494307aa5f645f3,229.9
4cc7a2f916c54cc32139b5481b4d611f,229.9
bedcdf62b6f7fdc5c051adfe5f95d7c7,229.9
f831c1fa80308975ec2b58e4877328e0,229.9
3eac4fe509463021a5537d4f3d4e1d3a,229.9
39ac568a85d60b4ad618f2bb703fa7ac,229.9
d4f7e997120818cc9db564b522ba2a80,229.9
4d88fce257880d0deb38ede1996bd718,229.9
aa33af07fac4c5c49b0f8d493a932e0b,229.9
07e37b9181238afc5aef3d87171bf28f,229.9
b690976af1599d1552e68bece00f260c,229.9
dd747ee25e233b5cd6285d65972b7b7b,229.9
da20414ef11e15343480c8481c7a353c,229.9
c6939007cd393fc30bab02c37c316d5f,229.9
d40a1ebd5fb73cb6fc9950aabd029157,229.9
7787f804c4ac91d4e231f532f7d70c2b,229.9
cd1782de5d260d0a90737fb52bcf8a28,229.9
fad797b0dde8fcfab613f0f3e86c3304,229.9
b30ebfccb79dd342c844951b58af71ab,229.9
c3ed98d5b448548f7d7cbd4571641183,229.9
cd6bb6cb42e1fb7ad795a83702d6a27c,229.9
11fb4a84b02d5be5f1bd38d80b185db1,229.9
a54c7810d4a0a3563f11fb6ce6acf771,229.9
d14f67f2cb2089c372c9f2f0bb7597a9,229.9
14c9e6498aa74319453b31322c0dea82,229.9
e242cc31bb959efeb371ef849627593f,229.9
083e2b1ff42c5edf19de624a88fe80ec,229.9
e7087b7c0e1d48db38ceee27de0776ed,229.9
2f9798fb3d3620d8515475f0949ac978,229.9
7e88f83778a1c613bfa02955686b07e0,229.9
334aace2ea64ac7763440b12492d4374,229.9
1ef69a7f4445baa723f6fbae3227f4ee,229.9
5bcd10001c0ff75adb138f94243d3883,229.9
92e9f053842858174c802676e515d8ef,229.9
078d86e7bf40b188f0e5ed6d866c21c4,229.9
48ab76836bb0bcf7b01517f87644ebf1,229.9
b1c2e425a3415a98a88e997b86bf3f67,229.9
72f4de2d0b788e1cf5e209886736de7c,229.9
cd6e6f1b097d039e246e47947cfc72af,229.9
9ee6c738d86f0cd73b44e943f099c17b,229.9
db3f17e47f0f17ab80d12a9bfc657dc2,229.9
50660765a5d4217911e23d0bffc5d854,229.9
ef2632671769cd78a10d1deeca649078,229.9
1406cd41ca8ca06e0a8902f689fa79b6,229.9
9d6c2f1cdc8fa0a8791bd7fab90aa596,229.9
13e4f3eb0b0869583f720c992376bf08,229.9
0ba1ff31fe01eb904f59628c2e2fbbc7,229.9
816346b2de82fd39be31ae7f42fef07f,229.9
a82c5591446e754bb47f39c0462fc640,229.9
f11a663853dc243e55733d1fb954a8e3,229.9
4e450c718101f7b28c357a474c2951c5,229.9
cfb0d6adbf48b40909d44e1aad378c32,229.9
318f51c7ee5c251d5769f325157ef513,229.9
10af356de782e4d80677dc414c3d8325,229.9
53393d7f2eda3bfbbf53a19a1fbe35b2,229.9
5b7e3bcc22566d7b41ca31b0acfad7c4,229.9
5bc405425b97198b8eb4ac336d490ebd,229.9
ab91349e3f10339b311f33ca2abe01d2,229.9
23318be45d9aeca4f5a236541ab36490,229.9
86bbc4a292e9d3f4191ea8a4c82e6c10,229.9
f05cebe5fde7a7272330d63ed132125b,229.9
993040fb146e87d34cf90fef5dadef26,229.9
143e1e9cc9c731abaaed1c15ab5d7b74,229.9
c231d1c8dfe0c0c263f5276e21a21545,229.9
e412a786e2d386eb745399143012e65e,229.9
35b87045be1864a4b58652c2f9eb0192,229.9
e34aebde692d331d54140c5dea6689d6,229.9
3dce5a79db731771c20821693a0ade0b,229.9
8826954c712aaf1b27d2212dfc9da1be,229.9
22af9d3033a53e84873afa1efe540424,229.9
bd00d85fe38ab7724a32f2608f8e39eb,229.9
bfb81194b28f60009f9fd8778747ff04,229.9
ac7e3d34240c0ebfc003455c2e04d10a,229.9
a5201e1a6d71a8d21e869151bd5b4085,229.9
cccb28497c90b025d9edebd93eca48e2,229.9
ec4f3f98da53dbaa4db16505b37f82c0,229.9
ab85203400c4ddb2933ef58e6d6716f9,229.9
e08cd278e0edc0813117888283357e87,229.9
c024c53872188852f6eaa202a045bada,229.9
0c5f776f27bd2e3d271019993998b0d7,229.9
4457d60c844b9cec4abec3a9507f23a5,229.9
9bc5dfc92b36104c57059fc2b52ece91,229.9
e54be54478f9ab15a21905c126060639,229.9
620af7c2756e6781cc62555738216d00,229.9
a9e5a949365426d4f0de878df102b5e3,229.9
2a22ba1cb2f182b16cfd4b7620ea6114,229.9
8473cae46f9b0388eda716c12eef4da1,229.9
54f9b6228478d9b8fdda0b198647de1f,229.9
cdd95abd40476a4f5f391bbf0edb3735,229.9
79c79e48306a6e400f3095ef216acf8c,229.9
1db709d59de22eef771af90c61190981,229.9
48182b581713e9b573a4082cb9c8b725,229.9
7bf43e2d079beb839eaff3937bb6fe81,229.9
01fb2aa709b6a7a424268503d97fc753,229.9
a9c72b55b1c016dee23e8aaa035e382d,229.9
842f5b7d1c537e492f0f039d881df246,229.9
ac372364db8936a92b3df2bd3b4b6cd8,229.9
6ce21a80311ab8b07f36944962b01681,229.9
f0a88549dc79279163f18562c41ce81f,229.9
6ab3b8f014bd8e778319d7f92bdfc494,229.9
5cec8085bb0230910a0a091f25e27df5,229.9
75683a92331068e2d281b11a7866ba44,229.9
2625038eb968f0a5103f65539b3744f4,229.9
9f3138bc272b22e8eb38f4819728ef01,229.89
680abf1459550db0026fb833970405ee,229.89
925a0eb9ac1cdfb35df44e25d9b2fa65,229.89
8b3d7528278b8171490d1a1593f5594b,229.88
ad0c681bc5c048b9c723de73eed444e7,229.8
0a9b104fa661da38bed249cddffb4ce3,229.8
84ab8f5f83c13a983ca61f97c47b6693,229.8
3e2f9f7044212b8e635c6a9d19688cbe,229.8
2844b9633da652adf5c696c4e1f9ad4c,229.8
e9bb27853a5057de3a8e946aaf6d0e7a,229.8
31d517c2ccda6a4b33898d5f738ecb3b,229.8
b46f9b8d7c38c845daf7cc01e856ccf4,229.8
455f2e2988eaf87d7e2ba33b0a57969f,229.8
197479c6a58d8701279290ce3906b5bd,229.8
c675a2376ab75226f62b515ef498ba9b,229.8
13a0d7f2b07e2198b22ae011b5ff6acd,229.8
0d547bb38359b0d6a8b6eaacf2905aab,229.8
4270f23425b159140e10ed2fd1827a8b,229.8
72da2761ff2aeb6a4bf33d07ddf3bd35,229.8
d7c47b2b00ac1ab4163de1707a3b3ae3,229.79
5f50465da00b7fed5dd1239f4ecf6e2c,229.74
1053135b5ce0836cb0440dbe51d85984,229.7
46c56c11259668f72547b0c457cf5ede,229.7
62ff903909cb86e2b07156a6d7cc48da,229.7
727f9524abf7f4f06689821203926d36,229.69
038c357f0618e32eadd4f356a6c1229a,229.69
673729f3416d513c4d5a2825b5f42d44,229.69
18cf90f4d4f765bd1ca02c2af5e214ea,229.69
941dd76598eae1249d47b6036a19b3c6,229.6
dacd6ae2592c8f85f7e5e5c7d7846af1,229.5
6401d6c168371c1fc964bd3c3077b6cd,229.5
8d5c6484c19d2e9b5bbbbd53711c2c68,229.5
7c5476d2a29e6ebe176657d093dd8b18,229.04
d353a31eae848027881dd6f027102350,229.04
733a700aca066a97b53dac80071c007c,229.04
15633dddb830549023bdc923ca0d91fd,229.04
2e9e92e4a85b857a9a0266d7f75a7fb0,229.04
e4c3544a0f9071ef6f98c367d2e9e155,229.04
40a05273e9dce969b4d09af2d68f1d2f,229.04
b96bede1f4682663765d92387ad7a7f7,229.04
615ffb2fba3a5152dc878c8e1eebd740,229.04
52ac2fdda5d32c848a5234a3226228c7,229.04
7e4f31a4c2b7af85e49da1aea4c3db90,229.04
c0e65afe04469997d2af127cd0c461a1,229.04
0d6541fbb2e3cbc0258137317ce89e4d,229.04
2a8b8b802b0f77a6171588d4df9d9e77,229.04
7a66a682bc19eccafe78e901ad01cff9,229.04
36a7b5df049b796271525f87c41ed0e8,229.04
c248cb866a60116f04bde9a86344de65,229.04
feb5ef44ca0e98bf0515ca7a21ca8c90,229.04
86d4962297b13e304b5cb120c310c49e,229.04
eb44a4e57533d931dea088c5545b3b6a,229.04
01dea2b11c15fd0f99bfc256d288410f,229.04
106de12a9899355912e3b18a9cad1897,229.04
0bfc3cc0012bf277dce70f42fad57b95,229.04
92842eb7ac83160a5ab2ecfaba0ceece,229.04
0ac0031856fb81fc012fbd6abc872085,229.0
14841ab540bf9dd232bcb84d8135325c,229.0
b8f6934b2c3cc47158ec691d288b04f0,229.0
a281d16482531425182bf9c3eadf5bd6,229.0
28bbd1e071c4f1e3159803ad394fd43c,229.0
77a1d41eb75de0bdf44e9791798dd8c2,229.0
805314e5a4c05f092b4bf862d651e726,229.0
8bbcf9a0717a1cb212b45522ef61972c,229.0
9d411d77d805b79ed58874e369a02b84,229.0
064df8d7cfbb640ce62f296cd3f76c35,229.0
4d0e9b3bcd26f786359607c9bbcea9f4,229.0
a1a6d4f18deef15fee3ad4b6f36a7ce0,229.0
ec4f0c1a966fa191a5ce04755a019dfe,229.0
83852335a70d85c548df6ba004ba9cda,229.0
444a1621608ff176511eeb4776a7fb9d,229.0
9ffaf0eddd645a934646c45dccd15d9b,229.0
280689d14c5ea18e0170407d4c68b6a0,229.0
09678fa7223b533a073bdb09189826ae,229.0
0dfe857890cd60cb917b69f809cb57f8,229.0
0738d18b6c59edcbd519a88a06569847,229.0
811304598ea0c428e694dd8a6ded84d1,229.0
fb1719d41dc2c004ec43737d1f8fa89e,229.0
767cbcbb777197d1d5a3b19c3eed2d2d,229.0
e986427e3d822269e0b7e998d86cf267,229.0
e2691bbce4ba37372feb78d4f507fa3b,229.0
511e3f71328a16d7462ef399c655103f,229.0
8ea5ff7941244737cc793ecbc0e1e83a,229.0
d1f9eccec8508471e329686d56300b91,229.0
ea1783902a99cb4a06723a929e42e680,229.0
ce9c0ef7c66d39b15b58d4a9b890c11a,229.0
893e652824e5ecc31426614072578a0a,229.0
50ca06c1cb4e30e908c3f232e4d692e8,229.0
6bd987d89796d42d17d1581c76f3edb6,229.0
bfb44779e5b5ee756b6de1b584d9be6a,229.0
918afdf8123b2ac7e0004d32f383efdf,229.0
f9fb343d2ff0f50d1b0353f90692dbc2,229.0
399300efe0d7bc0f14370aaf179d0d93,229.0
158a85476cfa94b54ad3811bd8e3ec57,229.0
b125274701a8b2d9023dc70c2ba88b9f,229.0
be43b87274ef2732d3ecb9f9b0b478f8,229.0
8638b28024054f46722ade334452c048,229.0
9bd8d9d841219efb38c073456f396896,229.0
83564e084d6459291605b2d7fd3ef239,229.0
3ab8bc00f8740d54afc4c771fb6c7f69,229.0
559b04c66cad9ea2999fdcf15549b780,229.0
600a3fb4f5eab2e7de4eee159be73c81,229.0
e1e9c6c6d5367dc3df911247300e644f,229.0
6cd217b674e22cf568f6a2cf6060fd07,229.0
b477f334a9885afca3b612c03e0d047d,229.0
16730aef160c3f0c10569888ea9adb05,229.0
9d992f2faf3d1ff0c2f25d12a0e09690,229.0
67a7832d970ee56b142fae3633b38aae,229.0
d39c97549a412a82dacf30fe5f144cb0,229.0
890a87ab82ebd8875ee62996b9c6f067,229.0
cd02136ffff7628117d0f2996bb55f00,229.0
0156badea44f4ffcaab3ad7572b69e28,229.0
a7c7608c1450243690fc5d0d12a2096c,229.0
c1161260d475f28e6945d1a1f542f87a,229.0
5e06e74719ab2e623f22de047cf13fc1,229.0
7be2fab6281a2ec4df4b9de1e47d9217,229.0
956c09f1082a86e19a851c45585ba710,229.0
ddce5ee9d690ebebadef1680436cbfc9,229.0
d65b5eb4db1dc746ce03098d3eee419c,229.0
f6105caea01b6ad607a561fe0d122de3,229.0
bf712ab6c95d7b52d58d6cd38dab17e3,229.0
fec9e0a6f9f777741e7f3d3b9693a734,229.0
275bfab3f3dffef3a72f91afab89f3df,229.0
1336c066de955f70e1508ce21670b72e,229.0
d0c9b58b9310372afa82bc44cfefabff,229.0
e7350e49faa391c46df0afe7f941ce55,229.0
becd99e96b08ae2bca207c431703956f,229.0
bacfd6acca2b3560dba225f481256b45,229.0
e1ac420ce71810297563ec7eed721e72,229.0
bc24331464260dc480e8381acfa73e9a,229.0
b101d0e68d719e2d868bc96624f0c471,229.0
1e98ef30dc6e4aebf3cedcf0bc5abeff,229.0
40b0a541aebe1001973a84d4109de91c,229.0
32f81dfde34db2ecce57cd3307ebe910,229.0
5ee4cc1b4dedc9348f723426dc534c3f,229.0
112ef437256ead163d4a365b66cfc539,229.0
7c93ba922b100a817873089ef6e57552,229.0
68c5ef859a2e3d13dc6303cacca41987,229.0
59003be5628cf5bf2b08992a56612c5b,229.0
9128d326f723462546efeaf0f5893803,229.0
b28341d29236a550d729f6f74aff6474,229.0
2e5dabe6dab5a3fde1bcc01ec8e59b54,229.0
61e37cd4d08ef3e66a5101b5545aadf4,229.0
95586af7599c2494c788eb3fc596b4d8,229.0
c2321e6be26e2a95d3738900a4d0910d,229.0
ddf9cbcdfa4054c3626c0c7569a08272,229.0
002554bdf9eb99618d8189c3a89fdd52,229.0
b875d47d3b0b0bba9fa77d410a584927,229.0
b00080f3c4006f00249fcd2bb7998fe4,229.0
2ba3edf091e33c433e095b2f53716362,229.0
3de2a6ffb08e4d86685711d7dd41a0fa,229.0
576230a5830c1bebb06d2ee474e79555,229.0
61fab14ef1f144bc9c8b59b8bac933cc,229.0
6982d29c7336cb81ba41937fbf3660b1,228.99
2bb743a107c2b0aa91c5f37380696cb4,228.9
b0d33167a84b75a35b3921e04f2a3a91,228.9
ac0c70558ae1452173d95bc72556d99d,228.9
88e8338add1d62679672163d8018de2b,228.8
cee874c9e449571c0663ade1be67d070,228.8
634df8e0e275262ab76a3d15a07ddbac,228.8
5cf08d803520cf26311efcfc01cc5c82,228.8
f72d23faedce4668482b0952c3907d3f,228.8
1ca3ceea5509315ab830a64aaf0f3a62,228.38
934f2dea4a793525af83a26b13fec421,228.09
24201200dd7b24c594a08859553bea30,228.0
0b8cdab5bb179a572e61e283fe394cf5,228.0
81b4ba946ec6aedee06c4cbcdced1842,228.0
3df3f882397d3a98d74537af750d175d,228.0
00f73459a4d3be97ff307dc869da0aa9,228.0
3083eb7eb7faf63e84cc78dfbd011e2f,228.0
c0e5a37ce927e7252e897f52e9bdb242,228.0
a4b27f9e304ffa3842ea3b920a22b09e,228.0
0fbd8d7dd77b4aa7c3b8a93ec376a581,228.0
7466e5f152d3e7c316e2866f8c42e433,228.0
62a2c35611e8757e40fbbcecb3c9b2bd,228.0
ebf7ad9ab29472ef86e651e2bbd582e7,228.0
8fdff91133ee2265eb14e29758c5daca,228.0
73f2037bc13d4d82c9251f6425244adc,228.0
cf792e01f08b24b645839044854c1717,228.0
e60e299a5a3adea568eb7fa2e1c69497,228.0
450cd10445a24bc0d52c39dca54d1257,228.0
e81b380b3c669bfebd48ec3f0f679bcd,228.0
da0ee5f74db80f23d8d83f7a24fedcc1,228.0
d615aea633470f9686f84cec51940be8,228.0
7d9cd38926a665d46f1c912b616b3742,228.0
fc1a7a82d2c88b74e577cad5ae501f30,228.0
fd6eb9abeb780067580abc6384a9ef39,228.0
065b42c4a97bf2c81e0e673786b9db32,228.0
823cca9f6a419368142238f652f9717c,228.0
94f61d2e240f16c9307c8d769c409445,228.0
66ed6d5a68cdafffcc357d283beec21f,228.0
e1bfc96132ebd948ec1d6a5deb2ef2d5,228.0
32cd44465ecbb61fa74d4b3ef350efbd,228.0
0063913c2f1878cc471de963dc0571c4,228.0
e9042972821553d66af10bb64fffd0fe,228.0
4f606249b66141d3a22b6ed603fb3771,228.0
7f029a8a6978dea243e88bd230b0e5f7,228.0
89b92d2ae3a3b7548b97d670c3af12bf,228.0
f969f3f292317381d94b67fd9dc40d61,228.0
2838a8fff1a7dd43ea7d6e49786118e3,228.0
f82562fe0c42f2b6682126688308fcc1,228.0
a1374f269ff1b4e12688de1df1be6e71,228.0
7dae2ffd13cb0f5596c2346fa7540796,228.0
dc11c734af06298550995bb5ff673dce,228.0
a99502daa1647c54cf56072d0be8f58e,228.0
ec1cd684721a8fcb6d0e78955a9f81bb,228.0
89852ab64bf9b9174cb414b674306159,228.0
306f9176f904116ccaf9d08ae8c35627,228.0
23e74e2cca6193a0e238483464222068,227.99
c9a94a45d18593ebe8f50d08cce39e2e,227.99
ba225d2770cc7c6f31a43e73472f7d6e,227.9
dc20dd848e86e03be23cc9883378cd65,227.9
47e213633a3586db691bde58fde42037,227.9
61e6a5b24f292e7d1763da7697b0f94f,227.9
062703dc98b5f31f01915424e32eace5,227.9
d6ac8c7fe64eb5e59bdcdd125ce9f5ba,227.9
0750e4ba17152e6b83cf55f61d391e3b,227.9
51f1ef966d93ed18b593af1a76438594,227.88
afe97eb3575cafc84e1ff22d42df1a6c,227.88
24b0dd166675f7977b8a696d61e548d1,227.8
cafd195f26f4ca44012b5ceee8cc5b8b,227.8
9df838ecf2da1f1acab7c808dd93d6ae,227.8
e799d1d95dba0a278d0b0e2962ea3e99,227.8
69c132118704b5773040b96ba8cd67d3,227.8
150cc81c97ac79c4d951f57f8fb6b5d8,227.8
ccd400239a09450309dc8a43bf54d69d,227.8
45af25aa5613f4db424d4b0b9cdc4a2c,227.78
2091ac2e252cc73275e670e4e8bf30bc,227.78
c0688a7dc61208a65a97295cc16c77b3,227.78
6716e1ac019b7a47c59e604467baaf6d,227.7
2c8f11d30a852df3dacc6f0ce6ed357c,227.4
4c058862806089b00d7b8abfefafdca8,227.17
cac1de9a447d5238cb62bd9ea20ff7d8,227.17
243243e2638f6c85b2b5c38f5bf05b53,227.14
106be873d0f4092714a0d96b2d24885f,227.07
9e48a9b3a63506370fe66557f3e21f95,227.0
b3d7539a250e20ae9c55ce217deb3fda,227.0
c9ebaae32f477976f9a0f689ee0641fe,227.0
711068755ae5b4bb901951d616c849b5,227.0
2805aecd7250141468fc9e256aa3fa6c,227.0
8da4bc4c88bd4d9eb151bd086048f7e7,227.0
7ac29e52c40d54abea07c4ed255895c6,227.0
93f65b919bc7065e77d662b9f51248ea,227.0
e24d9a5b9711122e18b76a92e487b0f3,227.0
70b1b8023bddf594d19603ca213efdea,227.0
f0966e2b4cd732ffffaf17f1870e72c5,226.99
76f9706526dc2e690bed0cff82644cfa,226.99
a4c3e7ece06a8874638098bc55eca9c8,226.97
e5cf95241d6cdc36468f1d12efe96d04,226.97
6e128f61fa6c41fedf1a9137669880b3,226.95
79153fe008151c401cc66931835b78c6,226.95
79cfdb8249a19f4294a99bce2fc9b2a8,226.95
ed4195807797d36c737ccef3fc149543,226.95
0f19b346e2641b36cc292fc4f058ec23,226.95
2ba83772da66cfb788b2130a97f46292,226.95
1d43379f3fce2ba1a40b2f6972feb30e,226.95
edf79f26de20af3499b50c3f1375bedf,226.95
19d4599c6f298b0bf3e1f792bd7f9c37,226.95
ef898057565789279a822bd22a0b6dc0,226.95
91942c624a11f84639dbfaa10d9c3fde,226.9
740574fc27c6041709a37bd407249f93,226.9
63bf151f197d2fe9d29a0ad5a739f9fa,226.9
b6c0ba3dffef7c16d0f3098fc0820a0c,226.88
21a9772e10934cf4598522d6ec827697,226.8
d8c466a3e7c4cda36cd4ae7d577f44f4,226.77
0fd53cbc9dc85be3e9d7c6e74bc957a5,226.77
1d205e700fb461d9ea633cc2b9728b4c,226.77
cf024859f4ffebc952f2aa7161383ce9,226.62
d21101a81657215bf9d86ccc3da340a1,226.6
d5dd22c4181f4d7b66b308177d74a65d,226.5
8292e9df852ab7fce9e1bafc08870878,226.2
139d7621c8c3a922dbc1de5d68b99dc1,226.18
5cc6108d0e255047e6c6076763bf4d0d,226.18
740d9510e658b43a2a7808c0891af047,226.0
90aae7cae26e53acf3981e1de033e188,226.0
ab917a0785e95a9303211b341f6e0d6d,226.0
f63aa9fceef15019d51c24510d8d6c30,226.0
ef6c0bfc4abf551556dfde0bdd27d00c,226.0
7ab7a537b678b6dd73d825ff6ee7be9d,226.0
06341c02de61d57cbc4f4ed2e5c3f8e1,225.99
897eb9268dd3eb3a0d0f080b5be27df2,225.99
3ff05485c0ca23db85b36f0496d71d5b,225.99
8912fc0c3bbf1e2fbf35819e21706718,225.98
1359d5ea4696eac72d35f45e9fc0eb9e,225.98
62b912715949a663b46270883e7bfc6b,225.98
9a8ff91307a424b26e4ffb88eb1e79b9,225.98
23475c91134403fcbeac247de04f4591,225.91
e81792f276332b2214439c9287453df4,225.91
74098bc25189a72fe2fdb1c408bf74fa,225.9
6fa16a8d44a2d9a89710e9758688c7f2,225.9
c84b2fa58481f790fa52086d7f3b86f4,225.9
bfac2ef907f4452ccf633343ddfbac3f,225.9
ff0d62f8be4c098e6306f39bc6ebded4,225.9
d7e0e99b9a9b470be83e59e1ad9f761b,225.9
23a0bfc1a2554f7bfed206cfe0bb3e54,225.9
4a6ed71930a8dcd917e76a360713582c,225.88
04b3f667f21812ce42117db92b7dbe17,225.8
afdadbcbb99c6cd9d3c3307f6e87d700,225.8
9ec2c81dc030f60a772531d121ec6344,225.75
ba7452999510d3483e226bb287d743ff,225.65
2cd756bc2589c1bccff1bd60a783f05b,225.5
a7ad58f5e42ef88d447efe9d7b02f4df,225.5
86a571352e8ebe54cf6b3905ab01f0eb,225.49
ad5c926ff77843378ead512cdef2bf85,225.2
47b51ee75950e1377d90630dd2ffc6a8,225.15
598e424c16110469fe1ca7e9269125a6,225.0
719e0210593a727724e7ba5cb2fbf4e4,225.0
547d4b9a978e29af787701d11e358b23,225.0
de04f6bff05aff27511713e16692b29c,225.0
56cd6175e65df23bbe59af34440be98c,225.0
be48dad7da7972280b5eefc14b9122c8,225.0
de77cd3aeac67dfa9997f4a5cac54996,225.0
f6b3f6d16ddf81370e2d5147832316f5,225.0
a90238c4f06c9c671687587046d085cd,225.0
a28d20c8d4d653a65bab71ff43c9dea2,225.0
5a1b3cfe4361ec9d9baabe656a05c00f,225.0
1eef2bcc23c75349976a65957e2e105b,225.0
0cf44a827f1bda40bb968f6c0393aec8,225.0
3fe1b830cda03960fa7abad76397bc25,225.0
b8bf3bcde8b793b18ec6ba04aa3b0ec0,225.0
fe3a04d82937a1d7343249c13322e99c,225.0
7d2cc66889b3c713d431f1b6c63c5fba,225.0
b1d84e2aa801586af3b21ed91bb9ae6f,225.0
c22f3ac8de3346463bda205c4296379e,225.0
658d11bd93286addfd9aa0838df02b6b,225.0
420e4e7e2d24ec6727f8768c3bfa142d,225.0
4843357c686509ee6aa2c1ba02aff371,225.0
5de937c20f9f89eceb3dc4b057949435,225.0
f4ce8a125e603505119b18e5a1d3bab1,225.0
8ba8dede2ae41568b572c86c79f3a5bd,225.0
a62e891e73a1412941a1ec16d02e1bf6,225.0
0b683a7e42b6c883d715590590b5f986,225.0
2b43f4b26a92cdc2e1b8caa8f70091a5,225.0
6eeb0d55dcc3c0d2973619f1362da7f5,225.0
ec0c759e9e38693281684942aa6bc86a,225.0
8f017d0d38c8cc245c816da55fe4a590,225.0
3f6b216f1586e1e66cbf463d0a2eb535,225.0
d11cb171825cb0bf398f3af72f53192f,225.0
638c6674418fc58283a73c078bcb076f,225.0
f071442ce42c7f2c7da4310db2166566,225.0
5cd7f8dd7264dd47db8a1e4b858da412,225.0
948ed6b58c6d978c9cee8648a7377ee8,225.0
77b5832eda477c951c0f2b13998ddfa2,225.0
e97303ac299ae39d14bf9bd8bbb2a1ca,225.0
f90980c2b1c84d921b6388815445aa3a,225.0
50b85c2fe47c58405db256ecd413375b,225.0
26a5ebc887e2d4d92ef470d35c78f280,225.0
e3493ef4ec671df3be783e7669eb71a4,225.0
cf1324990b51279a4a7ebc7eee09f5e3,225.0
129f92c14328e9759485ee597bb75758,225.0
e732d2301beacd7362fe3091cee0b9a3,225.0
05c866b580d387ccf3d664997dcb890a,225.0
41a060626489a94a1a50b8d5b6823070,225.0
5bb34af0aa8e40626c351f96f19bd8ef,225.0
65bb88fae56a78f0b0792dba22231f69,225.0
901d7a385e775e24d2adb6ea1d28ff10,225.0
73b30fa5dd4c0ae9bf6a4659bca928a8,225.0
c46e1af5a15417246a9c5e81ac964358,225.0
6a7a60f2de054b1783ac690620679578,225.0
25456f6cab07f245952fa0f2dd77d738,225.0
41977b04b5eddaf8caa7b61c54a06dc7,225.0
86b43d0ee7f61f76dda5e430759ae5f1,225.0
d542aa94bf74b333c3c605771d239920,225.0
3cb367d10216cbaec82d09ff0ceefeba,225.0
c0d895c16b51baaf7f3993aa6da93d8a,225.0
f4cb708921a954a130649e97f6c8b4fe,225.0
f72194bdece05bf12c2f2e58ab672613,225.0
47bddabe94478f5044a7f34cb2bc60ed,225.0
d0f925724e01c44080ff511fc5021bba,225.0
15eb96a41ee95091da6ca732746cd6c4,225.0
c5e16ca2f4093350809b5f66c5cdfd32,225.0
4c803d00555aca1e29dfbd31d29a3218,225.0
0c80462b4eb06515209f3ebd6b6660e5,225.0
656a9fd1bef518174034482b2af7fa50,225.0
9a73612485c1eaf2ea1e2b46d3890cb8,224.99
4db6657e3f2f229751497dc35de64e26,224.99
c0638f3054140d116214743dcc71d54d,224.99
a786efe0406935f2855160ab59901712,224.97
ffc52ce4f752d2649340c2fe10752d2e,224.9
99f65aeadfaa01394afb6bb538aa139a,224.9
356d32392e15a3d6bd13fe57ba72af7e,224.9
058f0f800afc323b17c63576ee96b0a8,224.9
7f36678ad8351e4547c54479409bcb39,224.9
9a47578c78d75440172d1a7756850868,224.9
110a427df61d69706898e38858e075e0,224.9
8ce33cffd2b351f19bad2152103596a3,224.9
1a35275f8244f3615499d22380d98c61,224.9
128664a3f38d78795c698c380488a5dd,224.9
5cf1b1745fff59660522b4ff7b475374,224.9
9248f24013892b2690a39829f54159b9,224.9
6bf466d8e7a502ba184f45d1977ce33e,224.9
ec7fb2a79382a4ecec04ada695ca0b57,224.9
0331ff33cd51d777696c73c74f1e1190,224.9
87e3b43896edfc6786a0d8ab36a14202,224.9
c7ac137565b28931ccc89b2841beef69,224.89
90b44ffa2cd85107a062845135520fe6,224.8
2bfcbe42c04545e153e2f6c0a0df322a,224.8
67235133b4241a5cb0e1e123c2d221bb,224.8
4399c824aab097f4974ab7fabf8064b2,224.8
10f89eb78b39c530ee01136e32381f1a,224.8
1f68e24da06f36cb8a5243e23c390bcf,224.8
4fa4b599b0c73654490624e2ea81ce75,224.8
b97527f774f4348a051175eefe8e7047,224.7
adaf66d6338b6afdcf83c0f35a29aacb,224.7
64bce8bd37d9f4b8a8d92264a086ba03,224.7
cf0f612ef30da1ff2dfe1bc7b409d20d,224.7
7d9203e4350d582ae26d254399c05e44,224.7
9702436c4900981e3ce7285276bb9640,224.5
c97da5fe625a4b809879872bcbb0c106,224.5
be6d0f3e10832a975bd27bac0a6e1f12,224.5
73f958ad1ba68bf3c7f01cae085ed153,224.16
9a5d390630499694895f2d2357a9967e,224.1
08b6dd70f6a9b5bdd17a1387733e3511,224.0
24c42cb910c9de559ca201a43570a3f1,224.0
7a6fb54bdd798c5d8087ea65ff38d5a3,224.0
90458193c77963a2f26e73bd02bb266a,224.0
52ebfe7b40ff6cbe2db79c566f36e6bb,224.0
9559ff4720ff708bbd034b8bb2fbd864,224.0
817b60b1eb3a1cffa66753a501a4987f,224.0
7a23911b99a042af8ad1497dff94528f,224.0
872249288988fc5df7f5fb5a40c2a7df,224.0
48cd4091de29a9ccd38f28271ee8431c,224.0
ced5464be4716dddff6e88ccf5e0261a,224.0
34ac1cb254a8bb25c32d4b3bcd0a2f6d,224.0
33a0ede763ee223996e200f111e33592,224.0
c324e4c55f8bf3ccec55d8c6e6c105be,224.0
c98a33e7863890a9d65db5297db8d542,224.0
3f3d6985591aaa8288b1975674698342,224.0
5e73cb3ef5fd8f561bda55e9e69debbc,224.0
c1c4c41821a112eb591b63308367e8aa,224.0
d3e7a2e718763bc9e45a21dddb24e1db,224.0
545b3f9dcf5aebe2020cbdcc23c06101,224.0
127f6831a8583820bfee59da2334b6b4,224.0
5e0f4ae7f2f6850f4a30b16c0a24a732,224.0
24c3892d38633c05dd413388d7e453af,224.0
8ae34af66295058f30d34580a7cac708,223.99
51720e74ecbc9d52b02495f8cbe546d1,223.96
d118674ac7bfbd3385a7546522278e5d,223.9
38e08b021ffa6f71de788a0e30c9c65a,223.9
7dac3d4de500983168e1b1bca53be307,223.9
01d190d14b00073f76e0a5ec46166352,223.9
4d27341acd30a36bca39008ee9bb9050,223.9
08275aa40053e112fa7e680aa99534c6,223.9
dae065b8336e64030d11819d033138ac,223.9
d76831a8621f75ed2c625ebf14d32f4a,223.9
316610fda13708cef18f81185f69d7eb,223.9
920262e9d102e1706e797902ac8e9d4b,223.9
f0536d444683d894060a91bbb434fe2b,223.88
480f1f560457c6fab13b8c4debb7b294,223.8
e683a3466324913040a473c89d2395ed,223.64
c1bf32b941087fc7379e2897279b3b40,223.51
2308f7af7226e2922e8f3612783bf836,223.38
93efa40fb4ab15f038238252720a512a,223.0
ff1201e402a4b1a1bfae1d0abf857014,223.0
c93fd28f162566af5c46c0f44110e347,223.0
507325082e0594483c3d905e6121171c,223.0
36be2e21057fd071db7cb0db8c84a103,223.0
d387ac3ed97114d37e10e8c6a5949341,223.0
8871dbb26f82041149a34614183818cd,223.0
8f87340ea014a53bd7d10d0264ef8b52,223.0
97c7e43303db9a2be78a4d3691bfa9a2,223.0
65005249e480233f5dcacfca69ab372c,223.0
838c788547330fd527ab08f59e37b65f,222.98
4d241930b5a4587fb9738efd3a3ee4fa,222.9
9b4cb03c9a90f85c805a67ecb696ddc9,222.9
cd4e634c58edf9148d05231458140fb6,222.9
9ce014a42bfa0fe0ff389adde017bb24,222.8
f860b285bf81969c1666f94b03d1c697,222.76
957119c2666753f6b5f7b53809dc2c47,222.7
5c5932c767b1eea17f6374dab31c76ec,222.4
3fc9ec2feb5971b0f7b8576581143b98,222.3
3dc1961b98eea618825274f92e26bbc5,222.0
b9a96d45b2fc1fb779cd86dba54a3110,222.0
6d6c463b94097087e913961d4484c480,222.0
ba53e87622e90e0a905d871c0c8d53af,222.0
dbccb4da6723471cd6429812d0c3b086,222.0
cefaba24a9655361efd7844b47317be8,222.0
2095788f3179fe771afda94cea0e2cd7,221.99
cb59d93b07becb11982cd25188999fe6,221.99
a4db1152c2cf540a438b7c91e55f2bdf,221.99
55761211ed951c99bab19617dad3e33b,221.99
b8ad74fa0f4c5b9fad84af6809c95105,221.99
eee90f0c715e40bfb67ac537e8f192c5,221.98
30641a4862b6f5885e2f9d8e14b03809,221.98
b583a7efe4522c8ce8942bd47f33d487,221.8
59bf8a048cb15c62f37b7f28d1a251b4,221.7
3539e2f45889a162500bf7a4afd6f26a,221.6
a7822dc752d3f4130c061c077d15d5e4,221.5
59f92cbd02b5f4515fe50b093dedcb19,221.49
78292d3014075572ac392eafc05ae2b9,221.45
55e7cfd6e28d2fbfbf01477c1d6171e2,221.4
c3528306ef5eb50eae10c6f551cd70bd,221.0
12fc379ba141a5881d614399dfaa214a,220.99
6a12f6bdfda32e5f5b85abdda6536326,220.99
8ef1ad0f471589d02f59c9d914b030e1,220.98
ef4e5593a2c0c709b9f8861e16da560c,220.96
223b6f9fabe9237128ff072d99701307,220.91
898b4f6c2893bf2d77c56ff4d7eedfcc,220.89
8d1d9151c6eb5fb90b19d52e8b337e2f,220.7
88be8e039439308b5ec70c4994293485,220.7
f72bd6cf9ddfad9cf4aa6e6ff842cd7d,220.7
455798f3557656a3133b2e6734f45ddf,220.7
49c6eab5ef3937e831f930b435a865c9,220.7
f6010393e9f880a4a9cff385df25e0e8,220.7
a187d29dfe942335287dc88897ed265c,220.64
04612c0745e93a575dac8d71974c805d,220.64
99037edd76af0e57ca1dd862cd7995a1,220.64
caf4b8fd7772079bf3589d844365e689,220.64
8a2f91d09e7ed0db94b1c9d1dac0e305,220.64
6a3821f955884ec84dc18a8a5842e912,220.64
5d1be0a2d67e8bb132cdb86cb44a6c61,220.64
fe96dfd861c4c42a3f4d7668a3e22900,220.64
e155239b84f65a2131ab4ade06f9fcb2,220.64
606aca2f93f152b1d2a86dca7c556b5d,220.64
0419615aa283aa971b6865c136a31868,220.64
a1aeaf6f487aa3a4e8bd67fcd86511c5,220.64
370a6c4e02da3582774593bbfc7f1eca,220.64
5f137a3d1d167ed6fb9e59086c9aea86,220.64
93018c18fbe02150657d27ad3e410037,220.64
167510ce303457c530c3766d431b9e35,220.64
8253eb6666e74b699841a5ad240bfcda,220.64
5ba80471d655334dc80edc0d94bcb538,220.64
57ab0b86739f534f806ac41de113296f,220.64
bf5b6c001d40c88dab0e26b417a1e5bf,220.64
782d7378428276999daf47cec05cb938,220.64
f98e0cc32e5756e3862f4a9263807270,220.64
74f6b68ef147f4ed4c8abde5f5960481,220.64
053773e477b7af0d6678c1669b397cda,220.64
bcc8786f4ffaaa491f2df9a1a089051a,220.64
0214d81e1cb90cf47f40f5345a1a6c08,220.64
8bc1170e90f388332edae6f23c388d38,220.64
3cec5fcde75cb301d296c334e846f8e7,220.64
1790ea7644578180c232ae2249ee4486,220.64
765e479faa5efcbc58b804c84c62cb71,220.64
cc93c8a56518db1b736fbb33bb74228d,220.64
6e1291c1d47555fbfbf4fcfbfc13fb17,220.64
006431d77c665533ac99b501d8a6ab06,220.64
33b0d5c2438d9cd6426c6568dfbb908d,220.64
c10abefbb5ea3c13765ae51ee5b7966e,220.64
a9929fa5f092ace247a1ea0a3469bbee,220.64
853bcde006a5a776eaf9930b5b0f961c,220.64
eb45ea5db48052fd29e0c6dc79b40de3,220.64
7f92a5a3c124617036e08b36b671db1e,220.64
e6a45e4f355662139f50c0ae6b5afa5d,220.64
b9e7d8b529d10203729359b4660021ec,220.64
83aec037a7069965ee76770b6de81573,220.64
e36ec26bae335f7b13951d6897b8802f,220.64
14e866d63b658a85948f6b785ea82d2f,220.64
8c030444765efa2c264101a42c956abd,220.64
623795ecd2f7580e1460a1af8f4b8f53,220.64
71e1b42b5409c7a08234a645bd1e3ab2,220.64
c8430e2cded32fd401effe5ddc87c122,220.64
3798322b28e44851698f319a8471fe5f,220.64
b9038bec8a0b992f070fde7610f94a66,220.64
6b66eea7af01cbbfefab58b5537549e1,220.63
e312f3c85be577c566c09d776b380735,220.63
f0c86121ca6c4e73fcb22877d2a0d35a,220.33
bcd0d44d9abda9abe9fe09cf36eb3ce6,220.13
8f25d8a30531c076dc0eb3679f275a59,220.02
93ffee27d971d08d9d64483830a9e43f,220.01
a8a9e48facf3dc7bdd3bb6d63c4efa54,220.0
f65cc2c11569e99a7e7b9abe01831594,220.0
452cb05b9c1a46b6cc490b03122044af,220.0
7f0d13232891b5b5facf3582456d8ebe,220.0
510621143098ce0fca940026d20126d3,220.0
6883c3d514d170daf2897e80efa0be75,220.0
049a364f58c2436196be4378cf9b2ff0,220.0
69e68f1d0a346b425f7a59e1773a8d10,220.0
d3ab3164ac4797204e7592753ca9061f,220.0
e0f08c39c7055541a02687bc565b3f94,220.0
89db3891a4e41c9d5f4c20d46ced9ee8,220.0
977be52ad5648f2bd0031fe04ce14073,220.0
31a965e3f0fe26e844fe5dbcfac619e3,220.0
b00b81a9b7416a8fe6ebe883a5e5ea7a,220.0
498ce7988d1d397953797898c734dc82,220.0
89f529003f346f0440f42bedcc152771,220.0
ca8bff97326e402bf9add2e236ea5534,220.0
7a55cc7e8b77509988bef09447df0101,220.0
4c59760488c2c87323e03294acdd2241,220.0
06dd86569c44f30ad3f0e3154e4d03d8,220.0
1a13ae9c45155eae252b87ca747618d6,220.0
199a46cca959e77280f20e3a5211fe73,220.0
2cc1b7e403fc1a0c082900f0eb981ccb,220.0
8aa8cfd8208e29d57aa0d67e01282000,220.0
418d9907028a270989a15259ebe42e8b,220.0
8d8978fdd03f6e34ba26df8fa47df752,220.0
9f39b6862ac5f5265331ac7a25f296bc,220.0
6552091d7ee5ed28aee6e6e699887462,220.0
5c2d3c0822ac1b289a52d8d0081435fb,220.0
163629f30be0f160d71b8d1a293ae199,220.0
6970ff7981ff18da1b6035c94a3a9e9e,220.0
88d9faee23bcd101ae15648770a10e88,220.0
bfc623ffc9513b6aaafeea1c02bedf21,220.0
b15cef70df5b80da0940334e4ca17d01,220.0
63a39a67c831b0394a3d19008b38aba4,220.0
8a46409d77e905aa6359b32873fd2a1f,220.0
d94c483a63b1d3634fd82ff668124edd,220.0
7499df3bc3d59387a81ed0d55645de2c,220.0
ec583a21b5ec6078f56da232ffe150e9,220.0
24912b3f70d821646de5391c74cad1a7,220.0
475b253f80a34edfa6229af20a56914e,220.0
6346f4f79b657f6256dcdf1e63a46992,220.0
4ffd93637ab3b7419b09f862e033e02c,220.0
cdad404012d87f4b60979ab87a197661,220.0
4f55026e18d09fba60a3a17c63761094,220.0
dd2e783f6686ebbe2c6872a310044dd3,220.0
490759be2844c3b899a2fb95e6146bd8,220.0
f127b7c59b5d316ec443541776df175b,220.0
49ba3ceaad54253d0474dc4843e932ce,220.0
df88f317bdebd2b8f5fc2398547ba666,220.0
712b75336797a9b64ca4ebdad576add6,220.0
10ca6e617f38bd5d217ba0fea655b709,220.0
b6586e469c2acf2e6efe1083142c6282,220.0
6f22ed5aa46ca6f81f3fee4bc5628b03,220.0
ed3dc6669d03eeb49442d34a82c4d415,220.0
611ef20bd95ccb865a0fac20facab883,220.0
fdf2436565d91bfd979b97ec1496511e,220.0
0b325ef40af7bb04108befbdcc9b224c,220.0
047af869a64d9d11c79cae050dea02b3,220.0
29ec9149639beb93b18e99d05e8744fa,220.0
6df909eb470e66d52de2332b9edf0b8f,220.0
83df7c2f7ffca5601e10217f3021cb5b,220.0
1b622df06565612870f1f1ae7f77bee8,220.0
ec68da87f13c22e1f89f2f9ce34a3164,220.0
09fa775305489c7a8c4782738c7e67be,220.0
de58a2005b3c3a659af894c10d046399,220.0
7ffa96b0f921e027d6a4ff1589e67f7f,220.0
ac546480af29373387a27e4e6313665e,220.0
c2cf124b411389488351af371f0433f5,220.0
dd21cc0ec49f7609b3c251a3b5342972,220.0
35cc404df7a1d1c031b7c944e7d71f11,220.0
28de693affea36d16d7d74bb663f7c7c,220.0
ff1a7dec380f5ed33f5144d4868ae60a,220.0
7e05131e3f56be54a923fe156b2f60c4,220.0
d81c2387e7b183f1a0b3f94a181fd859,220.0
4999b83ecd2fab104b958ce8d13714cf,220.0
f46a004eb72287f1d215003b493fbd34,220.0
fa39cf8c2435c92c664ebb635024a56e,220.0
3c6ea1acabe8c875fd3484d5e34d10e4,220.0
d92e618309ada8c1a0ad0262cfe02ea2,220.0
4d3abb73ceb86353aeadbe698aa9d5cb,220.0
7fad9e9ffba367c8aac8602606c9153c,220.0
78144956c136d923783619a45922f4e0,220.0
0fb4060ba65609d90215e18d888a1427,220.0
35b1b59124f9309cc311d0e040cb90a4,220.0
0987f577dc4e1a76929cf8cf9be30990,220.0
107d449d8a73c9dfd9673df8ea684348,220.0
f04ce4eacfe67750cb01bd95399ebbd8,220.0
4b64f923aa84a7f224260bc473819ad6,220.0
1e338a26b653fb3389509b3a29e02174,220.0
1cd10497d4870eecd91328b511f698c7,220.0
38aea1c83b6435516e18a04ce59806b8,220.0
4a727b3912355023c5284abd4b1c6956,220.0
cca819156e50623e9d3762ebeee308dc,220.0
43082d4044011b783b48cf02f3c7880c,220.0
5ed20df302ec69a4b9e25c4fa2d2d54e,220.0
55c95424fddde1e4af8153b3ddb9ccd6,220.0
76c5e2e161873de2942ed5f0f9539986,220.0
2764c69742ee4a74dfa5bceb26be7536,220.0
e9448a633c12d2de0d904428bd3ce893,220.0
e79f2c086eebdac111a505200261f455,220.0
24d29da7c6c69ea811c27952858e396c,220.0
0cf6af50873c8ab4f2f4d4279c144860,220.0
f862332cefd11ea4ea52998e2b039d87,220.0
bbf168d9d23ef1862002ccf1b0190712,220.0
dac2ba4d4844ffb03b2c8e4880a8405f,220.0
a002b6265756c2bf5ba1f596ac8847b2,220.0
634b467de7498f7aa0e8c38ad377c59e,220.0
31ca17d7b5ef4b82ced6a84d8d00abb2,219.99
3071ce9d57b701079af6747a0d89b13b,219.99
61ed37058a9365674a8cb35568941b0d,219.99
1e4a256245581c2b4d990576ea26f02c,219.99
195ca01e41b6510dd66cadfd844b5016,219.99
e895647c3d61dae1606151534adb3acc,219.99
9b9cd22762b75ac6f5cb702eb7c7f758,219.99
6204061101097bad0b25b3c4fce9ee8d,219.99
5373f6eae8ad2d60b7bc4dc2c71be539,219.99
76fee7c59d7317435aef4230a46b23bd,219.99
29a3828421400c1fb4c396a89a3bc4f9,219.99
19f78b3cea440daf3c75a48f8bb231e1,219.99
9caa332e9ac57ca2890311da96f7aa2a,219.99
fb358480bf1bf13bbffe9f7c722da679,219.99
aea7d2de4a1366b975b3d37ae68c0612,219.99
402ce35885ebcd380280bc413ee77cab,219.99
727dc68f327d34b77009f5d3da5250d9,219.99
2f0988cb17924c40151025a712206bf2,219.99
d728e1d8c703abb8872d83b85532ccb6,219.99
7b295103d46391559a2503168492f842,219.99
819dfc3d34559a6b343fccb30b39a3f9,219.99
ff2f94c1b20c97ebd9171db22c8e6295,219.99
5cfad5a95c632ade09820843ddefd5bd,219.99
3742a49f285efd976914215fa73e4baa,219.99
76a8a3092e48bba0826495241903e450,219.99
9bf7217158566072ba308c3d057bbc44,219.99
76190209cd924a1054418c59c03c16c8,219.99
7a6cf1235fb298b844af97f19d6b14e7,219.99
27c3972178e2db6a0a769e1aae07628b,219.99
ba9928beabf99b1e9b2a2430c83be5c7,219.99
32599113e562d6ae53ad21e37b74e748,219.99
154019d49417fd66f52109220b1c6e43,219.99
af6f22c83206abe82bea28ddb4769513,219.99
c92ab9f6558a4e8916df8332a6ae38a8,219.99
c1ede2501398563c6bc21454355670e6,219.99
6b1155994bef28cfc2294616b033dfcd,219.99
b42bdafa270ca0623232c9899d5e8f3e,219.99
d42fc1b5243a68aa0735371148f2cde8,219.99
bf03b39f051dd7022a71fd400f424af9,219.99
4ce93a796c27842ddee5e831d267d05c,219.99
4a80f5f7030a54c53ab7ba11f7dba115,219.99
8f6eb2e2f77b726bfdaf4757533a97ab,219.99
2436fb2666a65fbacae82532e797cabf,219.99
47d4c5b044b1b17904b1dfe28315fd4d,219.99
335c4adf6c5d371418f1f44a1dc2c428,219.99
d8820c41fa55a2229c9d79da5ab99565,219.99
6b4f1c5c5062bd50fac7197ae3a2a0dd,219.99
9203fb0fa970d00bb279ae3265dac0bc,219.99
72b867ce743f7c9077efadf90a10e980,219.99
c3a7a7b4bd95621678748140d8dbc7c6,219.99
1820fb81da1c085080a3620fc0383f72,219.99
341661549b66eb2b11c398b0fd0e0e85,219.99
afc0b8421b7937d99de731ac9df6373e,219.99
a95bf627a6d55bc2194028e5648c0fdd,219.99
db1053780ab8c64a8fa659eb40e14e3e,219.99
2fd639782d6044fb98e1370ce3acef0b,219.99
f5db449b110e71d49c2d70fafdb26f36,219.99
3c74489596d98affbe4a9388a39bf482,219.99
85a12516acdac9ff93fa0b54dad839b0,219.99
5bd4243adeabb4b9ad566d3f34067322,219.99
3102995d68d374155c06000b3e540ca4,219.99
8434c341761f602a26ca1f2b6ee6cee1,219.99
ff9ed492823cfd0166ab871b5b3ec483,219.99
6c8e558f8ea68068d8b0ca0245d0cb0e,219.99
a6314abf76ef0a93e6821a5e9c925de1,219.99
90ba3da08cd3de66690ac220e19e6cc3,219.99
56b6948031be6d0a574b0d342f3601f1,219.99
4a21474dedd06a28954ad947be2a1674,219.99
223dd22100d71da536fc0535c601591e,219.99
61bd0c47dc93a50dcac3e2ad1ea5cfb8,219.99
e5b2dea74bc86ced6b86f103ca99bcd9,219.99
82829411038c21f87c23d8a785ed1ead,219.99
bff5cea3431075c771d15920f4366ad1,219.99
074351a4c7eeaf083d43fe58e0d62dfc,219.99
1853bf4644f7a9f18bfcb54291c3cad3,219.99
43cff2fe863c08172f28b364103551d8,219.99
cf98656ddcf36a892e54b3475508e457,219.99
269241d3dcdfa33840108eff894f180c,219.99
2297775fd99b6ff5a4bc38cc821dc2cd,219.99
a4b9998c354bf67793f7e41afacf394f,219.99
4d7b890318c893931b87e2572022a7fc,219.99
f32232e21eee956c6c2bd9e6457ae670,219.99
ee87611c901daac70ff8cd52797d585c,219.99
aed1f857920f7e2b29ba9c65866fd224,219.99
0570eff03cfce2f794d818d3f6bec651,219.99
c3fc8604c40c3c96fa3cd66cdf3bd403,219.99
f22f33d0003631afdbc7f83c4dd914d9,219.99
7122955e585bdb0e1f57eb54b220f783,219.99
db8b6b86dbf852fdb2f2f99690e4a3b1,219.99
7f2b76ceec1f858e132421269d77f7d7,219.99
bc15d2c3779a64b89af7055528ec55c7,219.99
3c5ec3e2918028d4e3d956be876ba89b,219.99
ae0dbfbdb1e077e84389ab5bbeadb178,219.99
0051337a96842850e1ec728dd158f4b3,219.99
3549ac65c13f53f1a5f9bbca1faa3c2b,219.99
800604e8e19c792e62f85c2e8460e8a0,219.99
6d9fe8b5637274da827f91f43481d026,219.99
ea8e40b3329968c9a48b9e1928e98017,219.99
9f953bb4452203555445d713827f1465,219.99
e8eca07ef914ed5dc59f011540237b2e,219.99
b8462c3f21655612e6a542de03fc2017,219.99
3f985b525a418ab57d0cb37db882b5ea,219.99
6ba6cff11767c3af78bebf58fe6e6cba,219.99
bda600d3d9e162b86da0fba1b1311fef,219.99
b8ad1ed281e02af43e7f97946a97e87d,219.99
ae0d2b553da02db55333e3e336d31ba2,219.98
75f3c17f0e74607e2278a8804fdb5895,219.98
9a96f3c8f835ca51e5aed5672e0d034a,219.98
4516d783f8261f0816e12c0be45cffc6,219.98
23b25f6927e174c61915e12593eb1746,219.98
7c20349f837558ca24c0dea60c90424e,219.98
9a98cd1afb79391f62731cbe528e3b4d,219.98
176ea1243df9a989902c264081d7384c,219.98
f03aaf0ded9a8ad957afbd1efef59e80,219.98
b822fa79e7e6fae9710a5cfa3655e639,219.98
8c1948acd7124c7be069472ccde2bbe4,219.98
86a8fb1aaab0081f723b823cf8e1f544,219.98
f8eebb1348f680433fe47d8ed5c595b3,219.98
2e7260a389c2f73bd05eafad99f0b62f,219.98
21c888a810711179a52e23c8844def51,219.97
f1a658516724893151252a16cc7d5cc7,219.97
87667804fc0efaebf2b4f39cf591c580,219.97
eab37ea67f4c0a1b1bed16036a4af587,219.94
f8255a04747feced890cd9fc348d91f6,219.94
1030b28d807d5003f132f34e5bf014d8,219.94
8437fedb157d3dc90ad790e5d2c4c80d,219.94
85403284bf01b8188132debd736476ed,219.9
f6617e6db7ba5a1f45819029705176b6,219.9
9b9e429977f70274ea05c6691650991a,219.9
ec756a26794c98f59e76a82660386a7d,219.9
dee92cf6be34856befa4b6d7baca9315,219.9
b65415e1afa271900dca60ffeb28a8b5,219.9
c37808db51066db223f9e386bd9169d9,219.9
beff7f4cbb7cccca1de04a53004a4674,219.9
1852f3d749d3d940b5e62c1c14c4a197,219.9
6f9b814ed01d15962e4b2e7687a85d58,219.9
d757f3fd109b21e730d6ca8c9df50908,219.9
05fe48df6ea41f403217b5cb88126ce0,219.9
698b389bc24dc5e637e772a2b4ebab67,219.9
f09c225bfedecea0f4f836331479a65c,219.9
9709ffa24c12b2fb47c3ec2470b16952,219.9
514971e172e16eedfe4cce90478330c8,219.9
6670268d1bb3bfc53f5c2f34abf56ba3,219.9
e17c430a1d0915470406bb0e65bb6d83,219.9
c4b6fd57fb3421002f1a926d2495a7c8,219.9
7a4cb15a23deeec4682b3661b0fce930,219.9
588b8618f4c816db21bfa2428060c663,219.9
aa5dfb0872b3828aa250acb54d387266,219.9
c2f541cecbc250753c514062f9bcc7ac,219.9
b5663b19d130b89cfa4c66655dd35ba5,219.9
92566e623b70efba98063150b200cba4,219.9
d7ecba36649ea24f3404f08c9642c2f6,219.9
8b05282531debcefba61d7e86c3f9634,219.9
630a8c52c651e607568d25a1da038105,219.9
14346935674e0ec87b7c11e2af681833,219.9
ff84a9059c97689052afa88a20cfc52b,219.9
278d8ca725342a1f850e1ebbe341b052,219.9
6ec65af2b814c010aa7203889f8562cc,219.9
dfaf3ac9723fe17c44a1de7d797ff2e3,219.9
2c5519c36277c3f69df911c68cc97e50,219.9
3665c11701d3598fcc07717f72da540d,219.9
4960d46eadbcd842a602b726ed33d85c,219.9
8ae6573d7b3fe18d66f9bed224e2b38f,219.9
7fcc90e66d1388fd1806614f67bcb487,219.9
b1ce7c5c5dbebb1e606c6951bc7e39ca,219.9
00a39528c677a55852f57235f988b837,219.9
3ad66ee22b948a3ef3c39e3f135b1687,219.9
3a167c7791d7780df7ebe9843dd1dd3c,219.9
5be79e4548b8a3f05f15a7207d372f68,219.9
422c1063e6bb4e39e0f40de0c06450e7,219.9
265aba8883a5eeeafbbc198c3015e85d,219.9
0a8590845fd49614cc44c39969900ac0,219.9
0c73d3ffa5eda2d98e6f4474a8e610b0,219.9
32a3e9e0beccb2ab787720307339ea08,219.9
78a1d0d8e012562fb1da97d432ed2366,219.9
2667bc80c6ede888b1ab84093e1e1a14,219.9
4f31fe145e4acda5030dd7c41fc9c3fe,219.9
8ff1c33a29a4649ea4e7c73b7d8a58f3,219.9
0b79a7d7a6df52a649be6d91cf310590,219.9
89ac41e89828b6d6a8297c56ac839e05,219.9
6da402a6d134597d6717d704067ad269,219.9
b2587a3b676c761cdc67e28ebae0a8fd,219.9
b769ee1c67d0e4f3c5b0abe1a1b958d4,219.9
a4a4bc6742b800e480f8e5f1e8cc1100,219.9
4a55706ea2dce8ee69c55f384a14761b,219.9
4d1d529b68c5de70688b7368b4086f58,219.9
f2ed9261ec0fab7ba0245fadee48d2d0,219.9
6507148ae0ed3627cb681738af94815a,219.9
9cf1b362b8ee73821c5cf441d1fc577c,219.9
5d0d4ac0762c10cdea58f16ca2f39746,219.9
8e87eb5d72c4ff2d3a8593c95d709baf,219.9
3905e45f0ad04281158670ed69a01662,219.9
65574f7cf6170bfa5072b1637f578f59,219.9
2fac6c3ab1497f0c68cc020e97fe30f8,219.9
cab3cfcc4117707b1a8a47e3bb0021c8,219.9
ed37d81eaae6f96361a2eb0d6b000028,219.9
211c5e59e4228e0ea780f1ab02f3029b,219.9
bca923b4bf0e608694abdc3e4f18c5b2,219.9
a1da863f70b9622a0bddfd8cf2581eff,219.9
7cfe835568484ae12607a6700d6aa8ab,219.9
8e149a4af924a374adfb726a1fd859ff,219.9
cca76cf5843954f90141bb998c1d58fc,219.9
62253c7b50cc45ba18d3f7f83c21d1d4,219.9
568f8c7d0e1e623a8dae413108936afb,219.9
5c495510e9f861b83aa5fb7c308e8d76,219.9
e28dd4261bed9c7ba89ecaf411b88f7c,219.9
589cd95dd75d0bcd4eb5739b1b3fb1e8,219.9
657eda4e409c3207fb49f2291e11e582,219.9
37ae206bb3c1fb4f09b26efdfea782a6,219.9
b7a1c37068a469c85722ec4d147245ec,219.9
c11aa130c37113217450f904cc30c8be,219.9
713f1957d05e4cd4475424454417a961,219.9
3dbfb74b6eb61aaf62c882772483577e,219.9
eb971df7615acc2a1567e68335ff7c9d,219.9
4359218ab99c76acaab0ab7a42ecbde1,219.9
96cb3c4020c63988bb978621e267e156,219.9
0500c40cdd334dc943c44f211c54feef,219.9
4cf76a034161c9ca5e11089c3771c439,219.9
eccf3f47e4cc5767bd2798d21a88bc93,219.9
38bac1f6676c1e392e13ccb39448c210,219.9
80accc68a8e6bbeab5b9da8b0e6d0b69,219.9
d4d5be911a0546eae59d69278608c380,219.9
c93b99143247d309d9fa3da7064ad32c,219.9
29a76ce04ca2385854757fd2c16facc7,219.9
31a1f42ba1116f10aa19ca855ffa1455,219.9
d53fb7b713c6e34a7c69768003c82a59,219.9
8540c73509c8e98bb3f0c3bdc93b9f78,219.9
571f39ee08cc1563a8d7ee70545efab6,219.9
9d8c06734fde9823ace11a4b5929b5a7,219.9
d39d8f36219f61231613b314a4212971,219.9
fd01b89e12549ac5eeac5888602ae446,219.9
3588cd5b4c54f438e59fbdd3df100b37,219.9
502711613bc8e4f6bdda7a09fb52880e,219.9
cd0e8801fd897edcf7c6c0841edbc2e2,219.9
3e462e0b6482e9bcf2eedb26722a9bfb,219.9
04c834ed53ed3ebdf68fa561bdc20e5e,219.9
830f73ec04ebe308bbeeefd3b066bd77,219.9
f37890d388737e92090645a16ae76d22,219.9
193754de85c4fb8fa230a4da9b125c66,219.9
2913b763fc7fe160b023375d437f35b1,219.9
f2e55a93dc320bbef4ff2defe0bb3c4b,219.9
c18093a5e2d5339f3b49bf1c7c68ad77,219.9
f6f77702f338727394e3ddc20ddb54cd,219.9
eec4493fdd2bc290c6403a8b8b1af13c,219.9
24940b75487e42bff2b7728fc6817382,219.9
34430dd857cfe2224e2cdc97bb23b788,219.9
b69f6635e14cc5819197458ea479017d,219.9
1fe7ee22f6ae1b8dff6b6c83eaf1cd54,219.9
4c74fbc614fe8ccf3b706129837a9471,219.9
5d4542c52b180a1344520af06ed37089,219.9
d34e0dba89b89a8aa2e00cb8b289f565,219.9
04a698bb819b462b7034b7d12da719a2,219.9
0eb95372a58d93d987ae574866f866c8,219.9
7d6f6b2b8630f71c88ef06216cc49321,219.9
7b1e954a8fc9cef169c7cd89297c94a8,219.9
7763b62148e46d4c396f80e4f589930c,219.9
92a3fbd12ae7c87def9b79895282af4d,219.9
c0b26a6527a4d597ef2e53f706d83439,219.9
ca010bab03307159bd329c6c806b98dd,219.9
2aca6da0c8282078f687a7f16994b2c6,219.9
46c8ce63c792dd00af67439dccb2a617,219.9
cab9419f31815dbc6727651e6408569f,219.9
5715e4dd9b8bfeddafcee809661affb6,219.9
5f2ce2a618a5d5cb6b84b9b1bec126df,219.9
605645fcbab47e76cb9f4b7432a0ece8,219.9
2f7de2e1063f4600d30a1bc72ce1d84e,219.9
70c17e5af18ec4d774575763cb4513cb,219.9
53841c42d78195b64d7db922c8fc33f7,219.9
9127563d037bc55fcab2dab414304436,219.9
2cc6eb6fa8dd5772e74eac4abb24ca34,219.9
046a1632121428f36355b411b7e60bee,219.9
876c67ee4b8f2dee64bff18884e3dd5f,219.9
ecc00bf7d2998377dad8e970fcf7beaf,219.9
2524724f12cd991105b97685636cac6f,219.9
c633d27c2f31012039efcb0448b9c145,219.9
ac3260ec3effcade1e0b7ce67dc11269,219.9
829b19100e1a7941b2c21c6529a97dda,219.9
b7e3ffea53e6de802b324b609f2dd5d0,219.9
5980c373bec269238b18136eb1675900,219.9
b1dfde94713b57ad88e1e01882a11403,219.9
4ec9fdf2038cbe32c118593bb6ad7d16,219.9
df2660497087c34c3d0125f7c252a62c,219.9
1e2624f5ee714374913f28e768ed0f60,219.9
83cbffecc6aa6193373bfb48b33503ee,219.9
db39c3b26a6c6256f40c8d74205e8f2f,219.9
c03fc422f2334cea87462b474f749cc9,219.9
bcbed60388f730775d8f88b0cba304e2,219.9
2bc76a59a92b61074b9ce50c9b60b96d,219.9
b10fe33654a6d22ae6e87f3ed316b1dc,219.9
e4f9d16f59a10c5f8e30d4cd19a8f1a9,219.9
8f96972b98cb7bfa22013af482439ba2,219.9
996267e3543c657e34dba8f8315bd302,219.9
81a4fec9d1b3fc489c2357e7f24cc528,219.9
aab107994b53982ce98d1b528a33fbdf,219.9
8dd98a2e8f83215c926820fc91ab53dc,219.9
2081aaeb616d4391d1b0a7f26f2b548a,219.9
7dd2e283f47deac853cf70f3b63c8d86,219.9
a5b1788e56a07a32ec0868df19424fb3,219.9
6cd50851a4a912e882b9812f3249542f,219.89
02bf19efae533d95c21b5e1ccc633a88,219.89
dd65bd0dae19b58d470707590360f1f6,219.89
d5e402ca01e47b8e4834992e6548515c,219.89
ae2637018dbd6fb499db07816dcce0b8,219.8
087924f653ede8ac260c3d6cec755a4b,219.8
9dbb9441b35de00b391c94ca365dd088,219.8
a852418fa57a3c9bc4eaed8a7323d2ca,219.8
cc6fa5f972cf9cc0bff89b6811a40ed1,219.8
f17c56f099132b68c0e46cbc666d24ac,219.8
931aaba5cc8a31621a896209bef3bebf,219.8
1bdf1e81149f891e3a9c7bdcb9fb7d8b,219.8
2cdced5335b76d6e563bfa3a40bcf7a4,219.8
fde3c24d146f729176c1311e953c9c0d,219.8
6cd7106899e59a1fbd0622d5f1efedf4,219.8
9a1828943a13d0be0a84faf9c01fc5fd,219.8
3c666d059d0d2b62ce5feb29e07175ba,219.8
f231cefbb88b5be18dbc7b6da2fa5366,219.8
7e91905decf05215f0a72ac30265facd,219.8
82d29e420677807a2db924538cd25b48,219.8
3bc2fc702019bd075e33a4ee86cbfbef,219.8
fd8a857412d572142654875ac852e343,219.8
2de74bda6ff6a15ce1401e92b6948ea3,219.8
b18e1cd830f8a5b16b7bb5dac8c183ec,219.8
bc6669892bfceb847b3681da1f38fc3d,219.8
03b244a1b54133315bbb99ed870d07c3,219.8
9c9c1f6b5453a9a4a004a66ecf2fb51e,219.8
d5f0e4db4039669c25d1d1fe428c8bcb,219.8
bb78e1ff2a9e97842dc581fc896e161c,219.8
2e845e9a6ddbbaad0133e952fdc8ef2c,219.8
781a63f927b6f2502e9267b3b7f285e3,219.8
64223c94da62fd36835fd3e6c2342fc7,219.8
fae6990545d4a9103b5c9c7dc6b90cbf,219.8
1224a9f43655b57c469ab096e6ba5dc2,219.8
89a5f956c0b86c7be397c83a58c67f20,219.8
5bb48db9d466101f820442f47014cf66,219.8
7a018f6ed18023f47d129aebcd7509e7,219.8
d6243b98d81e3ac0330d5aeca2b78b5d,219.8
bdfcde44c62495b7eeb742881cc8a4a3,219.78
ff8f6d3e8686235229636f5b388e3b44,219.78
880242566cb2746117ac9e0995cd637b,219.78
bd17260667bf9ba6fc98095baadc4d8c,219.78
3cde50513c06747ac11d313adc3e18dd,219.78
d12dde7252db0c34c17f55e2079f4101,219.77
37a237d3dc5df18a2de090ec35626a35,219.65
b103b8c8af8eb17c72c213b36ccd4f34,219.6
27c01f3790a87e78b43224e8db4e2fc5,219.56
3b005155a176bb1701edcf9f258e97e4,219.54
4e23dfc538f90d9b4407f71bc6a797bd,219.54
32b2db79dd0afcd6292543f98621f21a,219.49
4fd594b33e2da5053468c2d40423a142,219.4
25a2fb1acc86dfbc6cd42510d83e651d,219.25
523c3fe129657579768655ed4e6e5f96,219.22
ab192227675f252659b0de44371dc665,219.22
50405a1593614b260941d47d61e5b163,219.0
a7b8f9ee5992584fcb84251ee5671f6f,219.0
f6c05e803aa36fe851a6f81cf3128188,219.0
8c517daf8df92143b97b5da73c21159d,219.0
c56653683d08517b6f91a3309c03542b,219.0
474877e456001f330183d59a09786619,219.0
c51e08ffb18c1f0a3a6bd1302aa323dd,219.0
28450048348e99f41971dec6257cf532,219.0
68297f12a6093d12d42f2dd6b60f6a5e,219.0
866abfca22fc51feacb9e9b1e8746632,219.0
06e02bfbcb3a911182a3aaa06d826c88,219.0
680471420f1895e5ecb013af27fbd82d,219.0
63368406d4bb7f9491be5a5e98a06647,219.0
9126e0666011360bc99770026bb867f1,219.0
b140d40f39de3e9108b1b4099ce546cc,219.0
7acf55df0298e1d2c31200fb4f6fb93b,219.0
8718f740a7d11ad0180de2f7b625c7da,219.0
eeccf95c8da631f862a1fc8093b5816c,219.0
1f8f1074660df76525ee98ce30443b88,219.0
ac89ebd5f9c1ee754571497f4834218c,219.0
8b0d13b08d69c3277aca22a774eb8f45,219.0
1909e865c04d42c1e5e5295c9890a779,219.0
bad4461ca80fdc3b1cbcdeb8ccb6ad42,219.0
5f2c12cf37ffc577d7e7a30b93d160d9,219.0
fd62fe532e81f5458cce4c0c2abc0768,219.0
8c456c6fd5c7e0a5266d19e071108581,219.0
cd6042c2aa18ffe499a2bd2bbadc0c41,219.0
f027649d8f2a7b182522d5da3cd4f010,219.0
d880d473fdc38c2ffc94c2f3ae89184a,219.0
9e7e03debd14a03ed116a37125d8f250,219.0
43f2176981dddf6c658f92c81be1dc72,219.0
0ca4bbdbec6605e739a455a86c28e158,219.0
043111eb2b35475e7264e40c234e92d2,219.0
36733e721b2267dc344e04501626cac1,219.0
94950f8967d24eec282fa9968e1fc7e0,219.0
6feb55c5921603872716b00590f643fa,219.0
3219b5c17ecc64d91344f6ded92a6e0f,219.0
a85297ea32b3433cbeb17e475762c23e,219.0
8feec2433a70d8889d09ad0326e64d6e,219.0
17fc94945c78e2f5d7100ae17fe19f12,219.0
5856b614fe54a8e8399e4eaf332b8542,219.0
f9f54decdc00f222d23da880105b1078,219.0
4e6e4e3ca1172d148b0f9d510d0804bb,219.0
f3309994e8de398daa7ebcd5479cf689,219.0
5d2c31fb208857c95e5fe089f10e0479,219.0
7da45c2431d6a2443fcf10146adb3323,219.0
163f3570f970a176972691132458153a,219.0
8f90bda2064d7faf0dba80f7a0265825,219.0
6bb27f3a855cdd5add35978c61c8fb1b,219.0
265b0b9cceac5c71a6f850d1341b7293,219.0
014f4ea4b3ed7aaf2db2f8acb6d96e75,219.0
6ce8d858d8b836c2ae35f7888e1c82cd,219.0
eac6d0d3278c2f92a5bb372ed20c83d6,219.0
18b8a289b963f319f9c59bb42cc44193,219.0
735d56579112c3d18725357404ca2d54,219.0
cc3590f4a2d090bf1fddd470c8c7c109,219.0
db14d5544e26caec33796e6d85486585,219.0
cf7b3dee17c8e9e4e50d7d41550ab8eb,219.0
331433a5f105c6ecb2be21818b8c142a,219.0
c9bdc48300c66ba95c1e5839d8b4a26d,219.0
e1a7e3c252a0a62a4936908e3725f7d3,219.0
34f55b48de27c30f57a23aaa7b585ef4,219.0
7cae46765ea9901232b5d7971ada3524,219.0
6b3a20b24d577f4c35d290c9933e915a,219.0
230ab395e91b2421bd00ea45b60b23cb,219.0
30723c815d1d366a4c0fb9c59762f8b8,219.0
2bb81ff61b4291a4a14f17a9132308ee,219.0
6c7d8ff89ec2a80ab6f822d603ea4735,219.0
6b1c69ef9ca42acffa9885fc1122a006,219.0
f57e646ab82ad4ec35eb06a5bd2a4fb8,219.0
3a581f67db730aa4b679954a56cc5840,219.0
e1b1c628b4250d2b1d60bbd1dfd69d40,219.0
dec64f845216857cf58dd6b576457096,219.0
3c80d9695c40154d0b7880e506e5f648,219.0
6810c3dc47f641181fcc7f73275c3d19,219.0
8f4f79e8101ae921457541beba9611bf,219.0
6f75dd25e38631f03bdd255cce321144,219.0
7214cb9a9251ade0ba75fda90e285b58,219.0
a2dca23e0ce3d8337b67ef6db10322ff,219.0
ce044d9d17e942154d8b9d2e45da8dc9,219.0
7824cd93dcb0b5c13456cee269eb36ba,219.0
8fd1d60325f0bcb9ff4a0cfee9eb0b75,219.0
f704756562b1029601ec32f3049b88f0,219.0
3c2ec0dc59d3340c41b1e8339b081daf,219.0
1f20251f6c6f041933cb5b7d996795d6,219.0
dee3552c1fc38b7497a491fdf5e76c4b,219.0
5b454468abd90792d5ed51d37eff8d4d,219.0
c2b203e77ebb1bf1333bee2146999f3d,219.0
401b951379e445bd4add4e01812038c2,219.0
4b8c2940c3905435e4ee402e8912c28f,219.0
e8284a6a98e1003120d46a98b1a32824,219.0
ed4acf9c881936dc203b8d884228962f,219.0
daa17889b60a7fd60a1258928e19c94a,219.0
d721d37c2317b409cf35b0de1fd9438b,219.0
bbfd3aff4e6623084092d393567ac124,219.0
a75112d3f089f28b9266b0fe14b5d518,219.0
386563f8bf52f347e146f6215bb2682d,219.0
1ef52dc13ef0e0f4b614a916cb5b1d0c,219.0
d4f3bec209aaecedb29d819e45cdb157,219.0
2a829a57118286134a2571ec034c5b64,219.0
31a5e21fde387c4545d4eb63f6d1b201,219.0
91007e89826460cdcba05e2201ba13bc,219.0
a78562d82bc91b39f93a7e43dc5122f2,219.0
2976ca9e434924142eca1be125f4653b,219.0
4e451ebf8a3ac5aa527361733f7015ad,219.0
c70b3ad842d741da256c02ef08a7159d,219.0
9a52414431ab1b516acea1e0f953c6a1,219.0
51fc971a2dc09640199c605fafef9b90,219.0
dea26b5bc7f1d5fb063b030015ef482f,219.0
ef1a418be86c78a53772a03837ca33e0,219.0
c451ff9c3b895a15ba9ba56e6bc45610,219.0
b895d8a9142551ff5d7caad5e3d379b4,219.0
6970a8970974078f439988337d74e100,219.0
66cc388227b8fa09fad9254eafd1f9c1,219.0
873225c67413f7a89b35895080e8689f,219.0
5de568ec6b422231537d61820145cc16,219.0
6da387a19f90d3b3b07a576590e7d48d,219.0
a89d75c00ff6de2a4a7e348b806a844f,219.0
5b6d2b7a038cd6a079db2ac2c0138daa,219.0
ed93f7feec62e5f10f7ec73d683e0f64,219.0
b1ffde1bd138a338e8a12531e9493820,219.0
0abfec54bd6c23a5dbb81ee7854343f2,219.0
64accad792befdb96bf1ebb2002f4ece,219.0
8c0d082aeefaa983963a8d7aa2da8208,219.0
636ef8f8228cea2700e6fea673379421,219.0
22e6c1c1596acb84232aa16b3a1f6618,219.0
89232b00f62b63711ba3be0c01a172b0,219.0
24192468c9479052129e9b1d34baeafb,219.0
1777c2a82c54f3994e5672cb40c4480e,219.0
56993e1faa560e969e0ba199573545f6,219.0
250c24844db2ce8961d3f0e4303c14c8,219.0
89fe9585e0731c01f8c1db25a8e3d1bd,219.0
59ba651277a43bd5a948a7613b731907,219.0
93034a219e57f3dbd6ad0abf8eabb313,219.0
d86a7f223ce234dbeb9b8a43e492d4a1,219.0
416c0bf0ad270a0ca1960aefec7ad6dc,219.0
798741b4332a186edf3fd721754e23dc,219.0
c2d27c09116a37f13666a80b5351140e,219.0
0c08fe96c0e03914e28fb8678c66983c,219.0
05e996469a2bf9559c7122b87e156724,219.0
66fc002d7b5e214c289a69fb62d036bf,219.0
373786ad39deb133bdf553d5ac1ef89d,219.0
243ec46b2d1ede1c56821491f256d7c7,219.0
dcb729d4247a942fe9911fe4685899a9,219.0
fda906ebb2234e1b3759767055e1dc89,219.0
af71c6566cc7ebbfecbb266a3ac29320,219.0
cebc1cff5b31ee0ce570b98626a89dc9,219.0
29ae7a500d7547c3547cadc562fdd0db,219.0
aa1f108848b9e00411aa32c1161484d8,219.0
34497fb7afde431c36bfe5d62cb39716,219.0
2e21846cd2112929ca821e9716281192,219.0
14cd775671f1cbb1db0e4c19b6a2961d,219.0
dc091cc4d3bf81c69da499b3cbf775f7,219.0
c7fd81c103d8cf9d0eb4e33040df28e7,219.0
a84ee7433aa8c0d78ad749c5efaedbb0,219.0
f13b4986e0330117627659161671789d,219.0
ab5ff7cc145e092e440389dea069782b,219.0
68735df1b09b8a52d5db6320a17934ce,219.0
dcdeca2dac1535bd18347ca0f596865a,219.0
cc12f903cb4dfe438e7cda0765a8cbdb,219.0
ca0dd0a80b91f5df4f5da217c25ed722,219.0
d04ad30db1687844a2eebe2285bdb05b,218.99
04e162861bf15f48b99ebcb1fbeedeef,218.99
5bfc79d0925e03e4d2c0bf51ffd1003d,218.99
c88b8f8d83fd49f2860c1cc7a52eba57,218.99
3b799eb460f222550eaea389b00e92bb,218.97
2445f5abc357155e6dc516632b02bb21,218.9
9de9d0f77bfa5ee78fc11c5fe54fcfb9,218.9
6093fdd0645070ffa0c013381b6cf31b,218.9
276be2a63cf33e04a5ec94c088414f93,218.9
82f0b47bafae8118df842b125aa0fc54,218.9
71252f7f8d30834143d81dee469e8733,218.9
a5817e13f0c91bdfddfb326c341451ed,218.9
a5c5270dbbdd5cd1a9ba24256fee4589,218.9
6e7bce8096e8751fff1bc54cf8f5dd08,218.7
95aa1acd3c367fcf72a56d106afc9838,218.36
02e5982f021f1312a54f569c0f9e7625,218.36
4a6c652e42562190c75405da10f1fdf2,218.36
f543e04fc0dd9c985863befe82722430,218.2
3945200271ed545ce4ece4760c26bbd5,218.19
eeabcb01e63849e3bbf72d5d7aaf564e,218.0
970ccddc609e2c028474d8a0ac1803fe,218.0
76baf8b184e3b12b7d7af01dbcb7476a,218.0
fb8b8298c590af3ee3169596c5ec2114,218.0
e811ef51626307094e57cf8d443dd4fb,218.0
89b1ffdb00006a577a58f690c18dca71,218.0
73432bf840dd4fe8180b71be12bcb852,218.0
e7435f769bcd1ded1c00cc944ed10efa,218.0
b454e9f53f74f6cfdc5d375477758c5f,218.0
4f0b5b05dd181055bb1fa47d9290cb60,218.0
201b58d5423d38890b0a7b833be416d6,218.0
ac09b50d5b648f30126cc7ffceb97e8b,218.0
cb40a9918ea5f312c3e82e50c7b0fe46,218.0
b7c037214d8880173cd7d21e78733150,218.0
da5c8804f4a52e2e5dc883d06cef4f16,218.0
2012d78efdc21c900291fc12b919862a,218.0
ac0785092c99b1d86f57d71661053989,218.0
5d86fbca7c39699079b3d456e7040af5,218.0
8629a8c975e17a82b2c4b4d5842f77a6,218.0
4959f24c154abce1a3ccd181696d2069,217.99
8071c6018a4f75f2afd849a34708e3a0,217.99
e472becff3624bda2b143a3b3ba40c2f,217.98
b85b78bc546abddd2832979f1c2efbd2,217.98
b80e57626e0b7bc5c7b396b8590f5755,217.91
5eadcc1d6eb34d9462abb443e253456e,217.9
f94bd0795b4e39a9250f516c56ee4309,217.9
4931b387cdb965048baa6ffd78ced9f2,217.9
7acbe07ea8f812f68fcfbfe0f42f905d,217.9
d95c5b9690c44ea8e2ae8dd3a33d314f,217.9
3d1bc9e30f369cb03885b12b40e07fc8,217.9
6a27bd9987f00a5a0e732abf2ebcee78,217.9
8d5c6a9a33fee1d447875ce5b67fe43d,217.9
a1fa003a1a17fc47164251e0e85034f7,217.9
d5ac3f54ece7f036e64ff648ffa33208,217.89
a9773f35a574883b3b39609c9390962a,217.89
9a96a59681d619f8617b0f4a6b414678,217.8
47166f88862447ea5f8e078b2aaefb46,217.8
cfa09ee8fa4d55dbb7d299db2bc05444,217.8
d8e1d69f3909531253a5de372a66af7c,217.8
c4294894c16e414384e2ecfa9c70206a,217.8
dbf67ffbea0a80040ea2b6cde14ea06f,217.8
c511befcf798066fca8ef14738aa0468,217.8
77569b8bd05910409af265a9ca0e4cd4,217.66
96af6b71842e0e34a30ae085cc2d47fa,217.56
735774ca9e99d1d85ae5f53b4958e6cc,217.55
ff2c29eb45040b08d93d6954637852a8,217.36
767e04f5c232aae9f6efb7bf1fb04cf1,217.35
0a53171e0b4c26a01456fa4defeac4d5,217.34
9e19d3afe473add7d527fab6da00dcf8,217.32
7facd235e6759b64f900b3a24f71a2a6,217.01
dc83ffd29dd6cea0fa7b7cca9eeede05,217.0
ab9fcafc7cc99c1bacb2ba5ef4442d13,217.0
6a62eecd03864fde7bcb252adcae7fb2,217.0
7d0203db3e58631b2b611c169467acd0,217.0
437ad6139f698f32fd5301c1bc636e60,217.0
2c7a3fd723b8a905d140f3da465d51fd,216.99
17635f40f800086f9e8990bd43d9aee7,216.99
65b64abed60b94bd3f36fc2361b7f691,216.9
6e0874cf7b20ed54534e66a37417aa52,216.8
260251d5f0d660e9d90c21779039152c,216.79
b3eadd54a158b3e179e37ffcd09a97a4,216.76
d8c55c7422664ef325ce902ff97c6221,216.6
9d27866ffbda2d34aa37bf94bd3dc641,216.0
556f3e160eb556f0d896724bd7d8199f,216.0
86d6ae251437e34a8745e53332993665,216.0
53340559a9e75cb55dbb6790bd78173e,216.0
52eff6a6565545f41f636883bab3f2e8,216.0
c7f93fae8ca16f4abf3a09a6205c9741,216.0
7678332c9841a05031112bc423ee10f1,216.0
aa19299c3284aa496d206a5460bde6e5,216.0
4fbf0176a2c1388737959517e72c01fc,216.0
86b212924fe60bc925c0a8f0b0b14d87,216.0
509da0595e852e4cbdabb9ba9997b5b9,216.0
2ff43777e29da5847e6a524a3d105644,216.0
a48b14b74f4daa3f589086dd35afe553,216.0
cb1bb392f55efb6cbffccb31c2af706a,216.0
0883816eb4425537f417d5d63553ab8c,216.0
3842f59262a8439427f8fe9da5e62286,216.0
a8cd53df5e08e2946e2c113f7f75a962,216.0
4bbb5426eea4b9ecab0158949f4e0e9e,216.0
e92d3f6f808cc6539420b8e5f46c91e0,216.0
b5dff22ad6f2531a66adde7810935f70,216.0
f722f83d0923ea785b61ed0cbdf0bc3e,216.0
f980c1371e138aaeb734e4fecb343289,216.0
5ce19e6c79a4a3d9de36c5cccf0eea3a,215.99
58535189e65825b18fee8a045f64e716,215.98
fcc7b1caafe3b77fd587bab964c4d1fb,215.97
f1ab8679988e35ed1cec1d7b55791443,215.97
e8520f962df6b697d83e26d9d0307ba3,215.97
48a13a7cccd0cca92275e1e983debaee,215.97
d0dc9ac54813401181711c920b8b5a52,215.94
23bd724baa42a23c24432c373b3b910c,215.94
c85b57d305ecdc88bcafb087e60a658c,215.94
9999a835a6a953d5d95e3d0d09946f6e,215.9
5bf3c6c1f06144a4ae5b815782732da7,215.9
4148787d8f2962b2cc882879f242b2d7,215.9
7ee25966f1d104b0f1783a1a8f5ff65a,215.9
8531b40c75b2d5afbbc3ac0fbac91931,215.9
508477b76a482e31673805fe43e12760,215.9
d9d4ab9f19fddeb11b274cac8154f450,215.9
81f9089cbace2d3e10eff9d685cf2ca3,215.9
ebd42fb3a55fc556e3cb3e8dd7713b09,215.9
b1205c9177acc8ede829761d8dc7f1f7,215.9
b166475f9637aaedf463f9f3a2884644,215.9
98b28fae1ad7a081bd716c664eba6d60,215.9
8445a2ff04289c3f6c1d70dc60374f4c,215.8
6913fa7fd9a5a2c4566831c4370b72c7,215.8
5d2a6f43827078f498988bdf977913be,215.8
752fc8ad216fa89878b909a7e00a1dfa,215.74
4bee7310eb7a2e6ff35cef3c2b3e0f5f,215.6
567ca91995c65fed11b14d9aad86d1b2,215.6
09f166677f364961abf0cfe78df50b03,215.6
03342982485f39b4f1bac62e70ab6ff7,215.6
b7dd7189f7d7dcd2556ad47bc91bd5d2,215.6
ebfafa93320c769d9b60740fbc5cad2f,215.6
744cb93cf2ab57936f8dd243617516e8,215.6
75334baec934e40f1e5c880473a48680,215.56
f1295cf50f85831a3c9e37651cba8792,215.56
5996053930f57df892c5c73d6d2ef325,215.56
5f311527c9f99f7ee2789c2e8cc3b343,215.56
5e918cb6a13d496ac96cff35848407e1,215.56
7422f90b30b7fd4c519f7645a10c2404,215.56
f568f19edc4fbbd907c3310b56b05f64,215.56
4df0de6547b0163039e798e47f8575e3,215.56
4e329599a0e03cf4555bcbb0165d340f,215.56
ce11232370d1f9997a7683d55f09fa41,215.56
e3f70a618d0f9b0d7c21d43b5abc463f,215.5
c2719bf8e555adcf1fa503708bea998c,215.5
ab5e1a024592e5a0a1cb60c2d26079f6,215.49
17fca115dc7594822bac3b95f3dd7b48,215.42
656bd85a001fda76187bae2e92027f5b,215.4
d8550cf18fadc5a48406fade5a1b556a,215.4
167b9485947ed0a354a3f8dad04eb199,215.22
df869137146d50fb21e9be10c9e8b806,215.0
5b4464a3fd4e23e7871335d735b458a7,215.0
8e3b1bf0cf223b37529be8d1e951e0a6,215.0
943e8299a7de534ab4c8d6db6cb62f47,215.0
eae0befe714c06774b8f88623c2e4bb3,215.0
749aed9e961f6722df4c356e38a2be78,215.0
b2f8a6ef03233fdada4510b9782a42bc,215.0
c44ed41097ef242726baeae88221801f,215.0
4dfeeaf74cd7936d013802d1cc2e0c0a,215.0
4faae87d55584d344fc5f694c270dfd8,215.0
358f8584c61ba2913efea575fcbbcf53,215.0
4b2dd9562f03d5668e88afe0b1452697,215.0
110305cecd60b6896d97ccf522d62168,215.0
b7d022f3aee58dcee675bb2132d57abb,215.0
e436ed5e3618131594f326ad13dc6c10,215.0
71ab9e34d20ca6d57eff8055fa5ab248,215.0
a7874da00f871ce4c4110dd1f66b9c2f,215.0
ca906127c621a7029dde82b6965ff366,215.0
939f7380a49b9e56a5f998780c81e844,215.0
6ef5fef64ffcd935041b5b9a598ec16f,215.0
c81ba9d8426b6de695ea61596f64dd75,215.0
ecc0e4274407b3610d3788fada52bf96,215.0
d0138d0685264cf47574e68da0763d67,215.0
f369d58e475e144e55d5936248f241cb,215.0
7fb28b72559f15550a82e040b117dcc6,215.0
3224eb35bd48becd010cc9ce820974d5,215.0
dcf35909bd6d59358d82224a65e18524,215.0
23b981b46d1d28fb9fd702315a38c166,215.0
f42e699878e3e99189d663c0818b7006,215.0
6e99b4a37b2d5aa40cb85bdfcf9dc0eb,215.0
bc1b903e51b30e698b5ffa427457bbfb,215.0
0bfe07b61bfee66e26439b13efc8ea89,215.0
c87d39f3ccad9f7fc9bf4d82465d4103,215.0
fb5cd7daf353a08b6910dcf42312dbc5,215.0
66e8cd15def4261b910039d661c63da0,215.0
9b5d7caf52c127e2de0322f7974be49e,215.0
c5e7e155521703e687bc3bbc6ee8c688,215.0
b2ff451bf35982bf3e2a0a9748335750,215.0
77b93a183e00c4e4fb15b03427b11e65,215.0
495fd0cd8a1b4a316256a038025ac97a,215.0
fd4d78d4ac99d34e9c5d0f66a4540d8f,215.0
418e9412b396846b861a8c5cb59ba65b,215.0
50edf1bb01f965f14bee7527c3bed42f,215.0
800512d0215633d567abe5ce2591f01d,215.0
25fcb9904c37d352104043684f67028a,215.0
f8e03be655bd8fc8af13b821ecd9707b,215.0
87e5a2daed4f5a2bad7643086d6b3150,215.0
6d945e9e51360c1302f74078612a5baf,215.0
60f13948a6327dd759310e8e86460513,215.0
623edf812b63d58f3d26804f200f4aab,215.0
bcf0c03f03d12963583d545991870248,215.0
e353488c2733d9fb9abbf5d9772bb8aa,215.0
6f7d4a89a940f3d8dec53e27caf707d3,215.0
911e8698dd74044892f615e51170f476,215.0
844cde261775f1b4663ea0b395e0ce66,215.0
a6706034291a5a04f56be377236415ae,215.0
d7ba6ff2281a1664abeea1a0566108ba,215.0
ee7406f297c95bc245c9fbd29a8895d1,215.0
7b2081c8a1726c88f22ee93b17d29156,215.0
ac911950c597938b6e657d5569510aeb,215.0
cd50e29db5b175effda4b995fb44d298,215.0
148befba8d61a3c03523b7384f853ed7,215.0
44957bd5bff917cda4171a80395a6a0c,215.0
6542ad6f2d4ca9eda1274b75b89b7db1,215.0
b08b08ece04745a6e719ac71e09d89fd,215.0
e830b1aebce2039e335b7db120aee6cc,215.0
b4284429dbdcf5d197a909adf3362caf,215.0
0ead7340511a999b040e9d1726a72191,215.0
ed16865bcadcea1a00a928bf418a74bf,215.0
0e30af8bf23d84290b2ed4333ea7e56c,215.0
fae7d84f79611f61adb4bbb2472a2c69,215.0
b879553601cb7dac2d61b62271ad664d,215.0
25995fc0a4d5bca402a0a651e38aecfb,215.0
fa777a37be56a994adf36d437a3ae595,214.99
10806c478c2feed9f7e1638f26ac5de0,214.99
c0c3f5f994889fc0cc3c69fcd8695cba,214.99
b2816e7811a78ca273c766bc022033ff,214.99
24bffa8e3281713f3aeb4eb619bf0002,214.99
150905efd2cdad1d4581853bdace0f0f,214.99
d6dbd98b522276066ea0bbb80c7e502e,214.99
ab9109b6e190b6d2be9aa46d082fe5af,214.99
02924d523effc179caf33962172bd6b8,214.99
1b4ff42fd8acd3dc49e2a137021b3524,214.9
5e25cb6b455409373f96b0f1d947fd38,214.9
553e55d7745de3a3f32d8d30914a3212,214.9
30abcca05e3c8ce1278a2d8f8abbdfc9,214.9
870ae28f999c5deb65108159a259e504,214.9
537a03fa6d77f18015e844965b36edef,214.9
acac59dabcd67c2ee8e805864fe3e352,214.9
d2fcef305c1f219490b8e37129d4ee72,214.6
49fbfae8c688bf15a5a17483f829414c,214.5
6b3a94d9eb50fb6b8fe146eeaa06b575,214.5
9f91386b930e55401c4ca48fa25c9077,214.49
538ef759aab2dc4b84994589b92e3ef5,214.08
ea2196dc456ba36fe4f6b81dca4867d4,214.0
7302aa13024a3e490ad2f22b23bb2bc1,214.0
dad5e5f178c09543d12acb58bbf2f82a,214.0
22b1e52ebdb7c825e37f73f392a33f95,214.0
53a5f51bfd61224352810a4b5d33edae,214.0
b4533ea6278d554a6be38cd324930625,214.0
e1a2cdbd140f6df9f1bc7d88f6bb7611,214.0
aa12d7a2623e402109cc883f7166670d,214.0
607738441825be3267dcc380da1a069d,214.0
09a7e4373b4208249ed773ac7ce87f1f,214.0
111a041b14bdee7fef1974bdcdfa00ae,214.0
9bb3ac159619d4e849349142a1aa33c7,214.0
f2fb6af2900367aae82564efdf5dc4c5,214.0
9e911087ac4b6bab9a8581e5df86a779,214.0
173c0b0134313a7aac0a8397df34c070,214.0
cdb4a0c17606b785bc076b44feb35f1b,214.0
9c38417c91f0628f510590382a63ece6,214.0
0762fdbf997feb435866a7c221086091,214.0
ba7df02cddb36d302d9a87ed492fdf07,214.0
ccfa4a609dbb6deffbb80555dee66c57,214.0
94060577d26caac4aacb688aee796279,214.0
acf3b1b4ec4e2a6aa97acf15cfab1d5b,214.0
2c89426c1059e6f2e74d4fc51575b7b8,213.99
20a452f528d487411fd7d3ebda1d0f20,213.98
829026809b4e078dd71695d5a22dc4ae,213.98
12dbbea9f6b7ebe93cc5dfcf0cfe55af,213.98
66d393f3aa4297b658208fce69282699,213.98
317409042fe3982fa0919b9011ff9494,213.9
abd590638fceea05312db82e077760f7,213.9
e753a29c47554a21b2c76a76d398742b,213.9
6f1393f12f1db16beb9ffde24d6018b2,213.9
11ed1a861563b383cb85ee4dd5e2a3ed,213.9
43af39a59de7efb1a6eaea5cfa1b099e,213.9
b40c7e70e08d955b06856703a33ea2a4,213.9
d75c87c0d73d2c58a72b8ae383404540,213.9
c1cb06959712f05a747e13a554f44d4b,213.9
ed3e6a4bc34efc2ba21fd9a1fc6048f9,213.9
3b54b5978e9ace64a63f90d176ffb158,213.84
b404f80d768c2ad3311a8852a81e5543,213.8
4afea82f984caa99c5946b758f101abd,213.75
49253ab6642f4857f50f36d4d9005289,213.5
75119e7aa32e3e42fbd019b09af7e7e1,213.39
9337a18877ba0cf7c209c6081ff451ef,213.26
40cf41db125f13bbdf079ff9a74cefe2,213.0
1970ae021f65edd548c338b11bdd98a7,213.0
72ae07582db913432142229f2e1f6701,213.0
812af03c6f56c8e902c5f018c142c4f9,213.0
5d629e649127baf86e87b4860d8864ba,213.0
c2ae100da1116b23a16e73c8decfd378,213.0
d0360e99592173aa5bd39165c3ab3e28,213.0
0bd6589cc150d21213487c73a45b7d3f,213.0
31e9bda36abd6db8b6a60b90dc9099a7,213.0
a7f53b7c2c022eacdc998a7649746c1b,213.0
b8eba1e020001de17365343570154fbd,213.0
720c6806b0a93fd14b47306ce08031e1,213.0
aaddcd6d96a67efcc7a4f5121141a518,213.0
4229c11b27fcd3202161ee954d12fa1e,213.0
d8d4839d9fecfbdc1641ecb1b22981ae,213.0
ce187102c45754efa0d436f8157f01c7,213.0
d8fb8c9aa1bcbcbb0b883be6c45f2ea1,213.0
a830ee143fc6569553949bd8b06fc776,212.99
3f6ede29d4c69cd3316d2035b6cec1fb,212.99
6cd41c3423e017e6eaac4434b629c9fd,212.99
c52f8523a6448c43354e5ca966f61e4c,212.94
e71ab3a5414af041e8be3e1cb8981a23,212.91
b2a3e9c6ec5d99f79eafc475de3db30a,212.9
b2b7366fa24a7e69a0ad1d4cba6471a9,212.9
8dcd5de336c4e2f3696512b107ccdb12,212.7
641cbccce28ca2f8b8482667f1dff4f4,212.7
0900a5f39daf5f37e39f42894f36a85d,212.69
7a12116d8d7ff3f585e08a53a1b5b82a,212.5
95fdcb8a9d716e55958805e90e5646cf,212.5
c8fe64c888322ebadbf08b8ccd34c309,212.4
378149ca89a5e5020931071114dd8865,212.4
5fa0f82a676f03e58b92a9083e563fed,212.4
40e7aab419643f84ecd6670ff5c8db95,212.4
c0693ea2d67ed729c24899e38cc5ff5b,212.4
7b4c0d29807fae134a5035f012830fed,212.4
b916419c11af91b5f41d6c227c2562d7,212.33
8e1aacdd0ecb7164d5bca94b7fab4135,212.0
4a66e81f5facbb22056e99f332d918b9,212.0
b65fc28ad254f61c3fec97d5a3c021de,212.0
77d8952aaeafecb46131a4ad21ce672e,212.0
8e06b4fe1fa2671455737698048ce8f6,212.0
e77c725677d8c9c7a37159276095b116,212.0
9c7d570b975ac49cc2a6467c3e1048d8,212.0
5d1d5cf88e19cea5ad2e28637b584848,212.0
36e56a8ac30cb5b2c06bfd83c52407b9,212.0
8223b8597e3435d687fa3a9206838700,212.0
909c0aea2e54f33342133cc017512a17,212.0
dbf20713f38b4f971f5d3d97dbb414f2,212.0
0d4b78e7e121e21dbdf23cf165fea19b,212.0
fbf7bc76c6c3f2fdd47489cc38542f64,212.0
3e591ab5fc15cd406033b22ac28393c1,212.0
fa0e5df09f025f13bba8dd3c7f58ca9a,212.0
765b56e9a7716dfe3074a58a8aac5974,212.0
92c997e26fcb5d0c3d7677dd64830c29,212.0
ace44b787aaa9e76275ef9e5c226f5d2,211.98
46c2fcd47be22a210f709e1cf4964ed2,211.91
f04466963e7ba849a84bca97c5d90aca,211.91
dfe2c56fe645cce819861d7b621661ec,211.9
1983924d8cecd6fbe2687328834d8526,211.8
078d1ab1e800b24415a6d90e582df853,211.8
2989ce8ae64417334433bc6188dc8427,211.8
5b23795c3584b621ecb4efcb592c1971,211.8
8ad4b31bad0fbff8537280aa3c22bed9,211.8
2328fde11c9510cb7674a4bc73ce2075,211.8
4468799d9692439bbfc26e84711aeaca,211.5
3e3df842ae07d4e4986fb1aa446eb123,211.5
243e878db91f17c94ef54a3338315e1e,211.2
7d330f9363872d46a4d38361586876a9,211.2
a411f49d910482d3d37f9d588a308ac7,211.05
ba2670f501b017aef92d953a58982d10,211.05
cc427818670e1a876ce1a0c989d92f68,211.05
5e4aafed1eb7b023330c6085ea689f04,211.0
357bce4410edc8454d9c1448f5664305,211.0
865564d43efdb4ace7fee99697e74e7e,211.0
edf0e6998ad856cd7d39c70e966150cc,211.0
0208fd622f545ae73dd1fc6a1a500ba0,210.99
2f8d1f27dbf2a944f1b5bda2de277ccf,210.99
046219c81738d6ee539ff6c04faa8575,210.93
5813e747b256765a8bfff135afef7794,210.9
e247bf4277ef0c1ad7006ac1b75e5ec8,210.9
81abb4d0ef9fd61b1e22e4c9227bb580,210.9
2da8c3c9c24c362231c8724105c23404,210.9
884dc0362088b9f64d64ae88bd7c0b56,210.9
05f755716925c7f1c0aa42b4730e77a7,210.9
39ffed8392965349ae13109de7848397,210.9
7077a8a9c749c1e2518227eb2b0f89a3,210.9
14e5f1e56b5d74d9fe35c39e8ba04699,210.89
49567b7e8653a181f6470b6ade8d2a9b,210.82
ce95f352daac0677a391aa800e3b0bfe,210.66
e555c6282a5a4d5bab37409e5b731c83,210.0
96e6c1b892d8423c7a4aa04cab44cb05,210.0
bd349dd644a066ec91473cb64c5921a2,210.0
b7337a831378a57196f7e83fce090948,210.0
9c28fa4eac283acf8bd3fbac3358e9f3,210.0
8c92de21a4029a14942ad31bc5422050,210.0
eb0dde4cb41710623edb1e57ebad58ad,210.0
b2e007cf7c50903380e2bda1c32ec398,210.0
0dbfdb203a06e44a110c7eb98a4ca78a,210.0
a43e0f37cf24e9449489d65aea6daedb,210.0
826b728b12e365d25f6bc3cdf741ee8a,210.0
99383db9c2af4cb2ad7503ec2f552c42,210.0
1862d62241f706107f4d52c781e2f79f,210.0
d1d5dcf45fa56a44cb0fbf2d99ba6418,210.0
5b1c50ae703e657c8f0b3e0a60325e39,210.0
d3aaa445c6fef4c3f966c4d07b8bf1bf,210.0
a98cfcccf172712d8b2ea5eb36f45965,210.0
48eab19088f16aa94632912e08ccb8bd,210.0
86c420c75e70aa42c68655dca896b8ac,210.0
499cec095230909d69db703a919b2d22,210.0
8669084c7710ae61d2516867a50453ca,210.0
20d8643f227f32bd4ea7070fb153db32,210.0
a491b8f543276e069f786d6b35cd68b4,210.0
aa6190994371836fc1d4596edd827abd,210.0
c866eea1cab82a2e1d00910b572d202e,210.0
706628b404584bdb88c625294bf65edd,210.0
c68ba7c278daca261cc3ae4f90821d39,210.0
e7d3c7b836d80f02c7ba1f7e182b3659,210.0
16593d8c9e05fcd602effad7a631101a,210.0
c908a3e881a6b1e45aba3336b478f445,210.0
c41ad6dff0d077fd45ac8549be56f557,210.0
d4a4c83732d4270a8c93260be1c189ed,210.0
7df232c2148f611e1be8e3fd383599e0,210.0
49e9ce9506327183790c2ef50cb92f0b,210.0
594ac4b8f0fcbfbcf382ab0da137d00d,210.0
1ab4905930732a488575061ad5b3ca7c,210.0
c0739546331f6ab6a761488a1f2eda79,210.0
35026c49c3db4516456765fc5df0bcff,210.0
eb0cb5f239e0e0bd624410e207c3aa03,210.0
478e7fe4d6b284021cbb2652305ad5ba,210.0
7eab558047c9de47137ad379d5daa36b,210.0
51c2d801c9abf8e543afa3fb64f1dee5,210.0
8710d54afdbc8f3a78afc63f0fb13fab,210.0
7f61badd7cb99c1c057083d9572ba89d,210.0
21002c15c8aa325861340153df24ef5f,210.0
ba3747e330b392aca8c504a91a3b6ed4,210.0
3b249b017d15eee7d092ddd5cfae4fa4,210.0
763097e13f1d0a0c4c8d2ff811ce4c3b,210.0
9db1e84b8dae81c99b49a0dc7a9cac60,210.0
8b1f4b1ddaa244fbdee13e6a19ecd111,210.0
8aaaa1297f97f4de055de7a6c34be730,210.0
dc6df5423c596ad9de8f181efad35ad3,210.0
1830ab07384eb6fb54505f9bad3639b6,210.0
4f3f8578858df89ed5d3cb18b7c28b80,210.0
f6dab93db29fd73583114f15f85cd245,210.0
e5b8fa3d79376c3a36aeb7b6b413c647,210.0
372ce05cb86e4dcf20c8493ad417ebbc,210.0
d5d89d3d942dc5c0ea022765490200c9,210.0
2b456258ddb10164544de0a042fa0e3c,210.0
18e7b82e90f40ad34fe0c14d63144360,210.0
1b3a2efa5be29f21adb3ffd8cdac5699,210.0
70c464461bb3e1353832e03d6902f69e,210.0
97258762b7e0b0334f68a577c7aa3e66,210.0
a6e204cd1b59420e1e81ffb9c3bb2f0d,210.0
42e4299cc312630b9fcbe03662bb360c,210.0
155314da9787559f5ca430c76dcb68fb,210.0
43537c82236df07bc096a68639cc3c25,210.0
6876c072b2c44bdeff9b5cc3eed9d108,210.0
6d6e81e5815b1fff666907cfa150a691,210.0
a5bfea387ffb4b85ef0e5f849d2ceee2,210.0
258dfc4e0ec8a8bfb253914f9550a544,210.0
c55d3842970157843ed8114b7ec76153,210.0
aac1312b09bbe8ff9595f5c15f9906d7,210.0
c2d4fcf7c133078a567cef39ed2aac04,210.0
6fbbf2b39fe0a8a7a626b35f1353e155,210.0
fb2d2a4b73319cb116cf1f6f2b660032,210.0
4004f17e88f450a6adcec6013038295a,210.0
2323ebd900ab72b5f72753720d4a773d,210.0
08caccd1e8e031147439a0880006e849,210.0
a4a5fad3d34775ea6a72ac455a5226a0,210.0
51f81daf79283c5f6913e3d581998975,210.0
043e3254e68daf7256bda1c9c03c2286,210.0
fb2a6ee3f93f4a4d434cca41ba6d919c,210.0
3dcf34bd872a344edc8884f373459a4c,210.0
1066baccfc02122c239254ae71e17399,210.0
ce23f51b42b3258700b4aeedcf53a96d,210.0
37b4b98de348ee99450bbebe89300c28,210.0
1101e7a94a2ef9cec1c8cd51d826c486,210.0
7f6d1f1be2482d7a6c1d0083eed8f6fb,210.0
205367f4c11ae2dc7de31e0142eaeeda,210.0
4e3bfd141fb6f7efbad8d2f404d77a9e,210.0
d00f51a52d942dd722d22577d4f8c4cd,210.0
88ca4c624fafb371ef208917c76c4f27,209.99
4b4bee09940f6ede7b3cac4b3a2e9a3d,209.99
ebdbec986bf33dc7843681718d382b43,209.99
bd5852c13e8543119a12965cbd4e47d5,209.99
1185b68a3d66e11b65614f4112dadfa0,209.99
ffa87b4246c4848711afb512bd51f161,209.99
6f7e05f9beee9d934ffcf02bb309d52a,209.99
d7b315396f3a4dc9dc604579cf8307bc,209.99
a0508b86d745112acd8e2ac4a1c3b02a,209.99
0a22b6d860477125f1aa8484c4887615,209.99
3439a1eddf3e41206b58b14b812006c8,209.99
d76d064eedf85fd7fc0b26f4ee67a2c3,209.99
f6bc6021896699b56240be47d1ae3e8b,209.99
d5e5a632fc74499ef08cc40be28c8202,209.99
ca8a2e8caac901e0d72dae6be36bd360,209.99
e734336dd2c8ca98a1a475e565d83cfc,209.99
033c0ab40161f39cabba89a415feffaa,209.99
9f911fcf9d7f4c22e303f38f5d4b9ed5,209.99
97d444c822cacc3d740f6de35fe5998a,209.99
4948914a6d422d2bcb6d13062973d3bc,209.99
cfb455fa4b4d00203442d49931524e8f,209.99
16cad2f3b1b46198c6e224306c24222c,209.99
db29e72564815db5aa89037daf547c81,209.99
4630ad34019d50150570fc3252b5d83f,209.99
edeead8c26c3ef19bd2dfba58ae98e35,209.99
9c0d915161e62f50f04235c9fafce51b,209.99
8b400d3e0c0f19423acac0cf5b58bc1a,209.99
f59a85d94faaf71850412c4229df60a3,209.99
930f40258343da906f8c3b274ae4b4e3,209.99
a1e0ece6d8ce34235b8f5e3dc7a8e69f,209.99
70ac0f48b55ef3267582b84999affcf2,209.99
a3356da8c84c806b6977704df8315e06,209.99
532719903d588d324f360c02d3b1706f,209.99
c9e0d0359bc8996c8ab63442b39f3bbd,209.99
4e0716459cc23e3c7e7cca611bc8b8d7,209.99
21340bc68e361154e5329c3c655dca4f,209.99
c84cf90be463db5785f405c807b13aa3,209.99
09cda23610c5275912f43be97020e76a,209.99
f0e79a1f29a02c9c0af513d340f48e1b,209.99
e5f0eed3e5dfedc38c8e05a13322a7c9,209.99
2efa8d107eb5b62a6506419325b8fc28,209.99
e8b091784be223554c230661d199c8ac,209.99
8aca94ea09a67c091d51e4433f7d89ba,209.99
63911312cff4a0c076069e8b097c8d65,209.99
35ed0cf0ec1010aa0d339858b1648b33,209.99
ae110dc6d8fbfd770a279c10fdb11356,209.99
c125af60bd62644995ab41addb188add,209.99
9c4ba8502cbe151c70ef8cf334a165b5,209.99
edd4409bccadd8e40596bb9d66c91bf3,209.99
be683d7033a4881645d055afc913b083,209.99
f5c36ac199073a62861ebda86e8cc725,209.99
2cabf0e9d78b9d2f8d6a79ba87f24366,209.99
79601a95fff7b0259e94be4739411bd6,209.99
dcee38991b34de77556c9800d8de3d55,209.99
cdc17d8ff181ccde171cc63aa5e6df0b,209.99
b35a12036c527e0cc8e2310bc04c14a4,209.99
1f6ad5de3039e7bb46446ae9db9e44ff,209.99
696bfeb907ce8c2682f82762a6ba2366,209.99
2b3063a29b11954c10c7e572a8477082,209.99
dac63a8c4ccb25d6bb1500bd5159f4f6,209.99
93d5fd8f7db0fa4ca0ed24b83f12505b,209.99
e12983aa0f1b9040ca5facb911f07600,209.99
5ef2d0d20efcd63c0d0af8b7bd1fe3c0,209.99
89d8f6feb5a9c81286b5d34fdfe8042c,209.99
9f6c0972750903c3faaa17aa77b9b328,209.99
cc32b396474c70a230c5cf7b6b4d384f,209.99
d9633f432d01e2bad640a4dc8facad01,209.99
7752b0de2e72a9b5eb86815876adb853,209.99
fad2f11b7a95c5825493d35917f74320,209.99
c564529ffd5238e134307140271dd186,209.99
c59317e28ba7e4ca744c6006e905b286,209.99
22084eb4b3c2bd7f03c726aa0fc4ba5d,209.99
dcdd2033f19ef7bcacdf2e683c8f2e65,209.99
fba6db23e572d209de35c46a2173a0d1,209.99
45a8c0f0fe5f7a1938dcbc8614fd4eb5,209.99
6b53484ec2e43f653edc5f35d09d5cf9,209.99
da0481fffc899341bd69b4aa17ceb64c,209.99
7ff79b567b62a506babf7a70718e0609,209.99
dcacd076b56aad562162f9093d7698fa,209.99
ca9ebbb2c3b294c7c01170289b73486c,209.99
5f0791349a42a9335072ed6b5400e795,209.99
dde5ac6be9d25e722f34409547565676,209.99
3678034a0428898b73d8c6a2b353e769,209.99
3248bd54c8183befb76db468098cb698,209.99
0df33b409cd66353c380327afa092214,209.99
e2c59ed9f5da1b19a963b6d7b9f3b1ff,209.99
4e1b541a6afd832a40659edf6270e2c2,209.99
174a9f39593bc7209e888ffef4b0cad1,209.99
9a2d60ab9e3e553f4c487b3982bca816,209.99
bbb2c952b4db558ca2132fd705d6bc5f,209.99
2876fe3349b7c805390e793bf770b5b0,209.99
3cd1d0a2bebd858eff1d3a84b68eea22,209.99
f53789fc4a603015c6e5a040fffb6cac,209.99
4b4839712f1f77b8f762b4532538ff9d,209.98
51ac0bcc90cee37b00ebb076d6048684,209.98
0fd907ed9ba70e6b277e620ea89c5118,209.97
de3fa59dd658cd8b47a1634125047c01,209.97
d4b14205ecda3b864430a215e488d3b6,209.97
da71d587e9bfcb39ced7b8beb65e6bba,209.97
f3b0ea4132efaf9ff55239071923b689,209.97
0551b1b0b246b2433f94f989661aea95,209.97
ee4fb78170d564d965ac4d1cb80f5dd3,209.97
29f9200f84f922ee0a3f56274b004680,209.96
673b4323290db500f41f08839f6d62eb,209.9
85e677b42832578c7a3a28e6830ab52d,209.9
def27cdf0c08b8b1f35fb84d3859a5be,209.9
5bdf54932035a8b70e210bb6b3097153,209.9
5d442fd431e8112816463237246a2b6b,209.9
5c1bbb8c8c2ba7ed55150827c25c4b7f,209.9
f598b2d315ec85e3449198f9aeba111d,209.9
8b038505df5bde7b6eb148d0d3bd7f57,209.9
ed401ce445967c386a2373dcb0d4e72a,209.9
0ca483f116807018eaa073ff9ad84246,209.9
23fe51c9d4d1b1cef50c57b3c0babf5e,209.9
cae59be8fe9ba743966352a06bfb1440,209.9
57e873ebe362278f24712569d2d32ce6,209.9
53e36864f1b9213f02300d3ca6c72523,209.9
658a7d941c6f5fc09e7a2ef4fed57dca,209.9
584f21d934565995403bc7a53f41c764,209.9
e22da2634721c7cb676fc0a5da6317f3,209.9
4394a1ffa060ff84464bcc24ce52e450,209.9
97dbcf3e4d5eb4fe2bbbf92d9e64083f,209.9
29fe5fbfb6d35ec13954cacf85e3e341,209.9
2060973f15beb0d3d9be56ab5b49d2b9,209.9
28cf804bd58d5a3962909e35d3f7a797,209.9
acca6ecacf8197a805351a48b3f7646d,209.9
ac69761241fd49d49eaf17d92e602fd3,209.9
640291be50de1838bfab7d559813abc0,209.9
fdff81b769f15aac39439e70eb1f72a0,209.9
bc30c70a15ad83ce13b6247e96f2dbd8,209.9
d3bda5762e7a02e5d0c6b5fb6ef70d1f,209.9
4961acfc1ea52d49584a08d6c3b3884e,209.9
fe3255f9b7d1a94bbeb7b1dc737043ec,209.9
275f5f7ae20f7e971f370b0c19728efb,209.9
2b470412ecfced59370259be526106ca,209.9
e7503fd14d5b4122c366e457104f8ead,209.9
78a6b9486f068ed66115b05fe58b2b57,209.9
8b6f7ba395e5eb6b7f722e8f329b25c7,209.9
32f7f86eb8098b2c0bdfc1604b5da9bf,209.9
dcb065ef99fbfdb1655f384e3cb338e7,209.9
e54e4e978ca8efd46143bc9df0cd09c4,209.9
826a55ea1cbe8699ea5f908bc4670da1,209.9
42ec6e7b9d6b378c51d60ee3d0d65b30,209.9
b2c85d49babd60f744c7f30e9d23fafa,209.9
9db68c36c3f39dd78b1b7c37d3c9cce0,209.9
84bca97a82197c251dd791de6921279f,209.9
4b69f3639cc30d3f7def640b4a4ad87a,209.9
a3a848099cc4077d5b5950c36eeb469c,209.9
06129db16c0bae7c085d17a999f6148b,209.9
0d0a49286a8610cff0b0ca481ac5d14b,209.9
855f4700c983c94157ed38697098b538,209.9
d1fd59e3414732c09402cb5aa70be0dd,209.9
042fe32d398b84650560f12af71f911c,209.9
5967895f1299e02b1b0cb7a8ef4a437b,209.9
0e63522224dc7d760139532f17a3634f,209.9
241f18344fc37a0b96f497e91cc0f7d5,209.9
3162b599d4bc6dbd2f31321cda648009,209.9
6867289e8e6ebb7d6ccc25ab8e8f30df,209.9
f65f024c2da8aec3cd0395e1006f9d0f,209.9
dc02544cb74d152616c32d1e5b099f8b,209.9
e8704f70e4ec2f83cb3bc4d80f749dcf,209.9
061f51318d40630bda76e35b9a222fab,209.9
07c031e9f5c32ee5a8d05a52e646eb2d,209.9
673464437daac6d5e5da94bcc150fe05,209.9
06decccf5bd7e13ff1384364911c9b20,209.9
9207f1d43091730646697eb497a6819e,209.9
9dca293f928f7a1aaa6ab447b2093234,209.9
7c4ec56ccef2942f428df26d64f4e93d,209.9
d2ec3bc5feb94e52cf9bef5cf17cf5c5,209.9
15893819842cca09b25e1a364cbc3c45,209.9
f0e1d545436cc1cdebe8ddda010d8f01,209.9
18a11e85ef79b85255bd338e204b10e3,209.9
4348ccd5fe9390bc4aed3fb18df1bb23,209.9
59d0d218d4427b9960ee18cc5556770d,209.9
4fafc71715e80054ae90f1b3eb0a9110,209.9
5f3e50e8dc4c51b4bfafd5f7039a65c9,209.9
38696b58a710bde65f89042dcb1b4f04,209.9
e9480985d1c0e64ea0754e6aa4e78566,209.9
d8463c9f93a5e29bc0b0acf26ef1c16b,209.9
c0dcb00876fc9a5997a03a6503128b45,209.9
b0a3d4709332a77a54e35d8e2df85670,209.9
d48c7551c86480a54488115cbe7385d1,209.9
3b11a5dff37eab713617c1fd7ea74aec,209.9
d49bac4ac7d77b956f2b185ab700fbf1,209.9
020bf372f50fd24092ba34679cdfbc9f,209.9
3a9cbb50b82a65d3a91d9f0f96986405,209.9
96d288e02fd830e85326526a2eccb935,209.89
30ef75ecbcfb818484c4854a8caace0f,209.89
b400c7099a0e6c0cbde80f194133e762,209.8
d23e282d723fd63c3b23480bd3e466e0,209.8
82452ba1984cdfcfb649c4628a41190c,209.8
5c55bfd2c2e052389bdc5c4b7a9d87e5,209.8
8c65f37a2cb3d0bedced14e105742bae,209.8
cd9273c83f993ff58ff733f8cb7af886,209.8
04d134f760aef9a8a167cb60f55b9261,209.8
829c1d7ef490598e1c6a463084fd15e2,209.7
6a6d5c560d1072a67be9ee533125d9ed,209.7
05bb7b8653c0cc496b7d2db94a36b116,209.7
6b9cd57e8da503b79dc6e58b438e77de,209.7
7d69df404527f3b93aafbaaac56bb816,209.7
cb26bdd25f8d8602f3b90e6a0c291ba0,209.7
c4eeb750bb290eee0933aa9f859721e9,209.7
5c5200c0eb84b803bcf8e01f3a71cc1e,209.7
569b88c2b9a52df7feeb1d89bc64864f,209.7
212bf860ff1728f44420899993139ef9,209.7
d2e69592f6a7899fa93310dea8f31096,209.7
cfbf636b61bd5f30c64c427f0c55038d,209.6
dbf371c0a6ca1ab9a8d156fd12c8f8d1,209.56
8f5af572009e7490315259d1da83eb09,209.5
0c899011c2b518fac4cf807a57f4fd7f,209.5
a9f353609242c268174ec433f45f8440,209.42
5a47dac0d86df8b85578ff714c28b4f3,209.4
4642a001f9aa9f1738d27a921d8703b7,209.31
55d7aa9db123ac0a0edb65fe780bb28e,209.31
178f9d5e3a867229bef0e5363833715b,209.0
648769ea86279f0b00d37c5c254c8a27,209.0
6a07c124573ecbd9015574b95c55d881,209.0
b9e6598bfc63561d92e38ba3af29aeca,209.0
cf4dbbb52c23ef9d9fbf701b2919afee,209.0
94411d511cb2997df74f9984543492e9,209.0
03584c130fc11548a1d7b9cf617b95f8,209.0
bec0ce34553b64ea326bd553741c098f,209.0
f56a6a5c5852ba57ea52152a4002e051,209.0
5ed983169387501e328faac4dcfed4c4,209.0
52595a4c39c30c3694073c64c58ec89f,209.0
d9efd74a15c05da6c45fa60f5ef55ca1,209.0
f89e164f998875098e0325c1d30090e2,209.0
c4d2b21d80e07bd6d1b8e170b9ae4d9d,209.0
4ac3a7aed5325218bfd84a79ff4e0611,209.0
c8aacd5c3222b0fcd0c71843092fcf09,209.0
2d5c7d1250eefd0b786eaefdeaba91bd,209.0
410416e1364a0c589538c2c856ec97a9,209.0
c41a4728cac7bd1053babbbd2480bb83,209.0
b7e72b9d9d5b378ed2050e817fa757e1,209.0
7244b55258afdc41c5edef0ca8d64193,209.0
a9e6f1ca2500b0967776bd62402d8af5,209.0
377fef154cba8826efe86da89a0a4633,209.0
94203a446c1b46b5ac95b0aaf7221804,209.0
c1bc988a61c053c1617d94b3545f3c6d,209.0
7f575cf716dfc615c5db8a2135cae948,209.0
f73053e66b18d5fa21d725a636bc68ef,209.0
317379f8967b192e45021770290094d5,209.0
8182b66eeb4f305a94c432210a6b3566,209.0
74d5d9bcc8e0bcc424974010327b7376,209.0
048c357b7c10797e94b41047a42c351b,209.0
01d33ef4c346ccf41a296c1292922cb8,209.0
7517dfb47f94b65d6cfd8b50ee0eaaa4,209.0
e44156e460b2a1fffad291a58bd2cd8f,209.0
bc26d46f86d504a4e89350f0c426a419,209.0
aad03b10f771077832a29862911f79a1,209.0
ee89679fe593f6d6ea420a3fac625110,209.0
0e412f1b10cc95f4ab840edd052b51c5,209.0
65e6185e3c6b1ac6c603863f8ea42e72,209.0
573e026da782d51277f320fc94a8d4e8,209.0
ed4a44ab55a35b95b8e0b30e84c24422,209.0
0cbce6934c79d9c012e64ce1daad6750,209.0
7d1a0d60968b2caba5aded67e29e73d8,209.0
9621ad3882c6b846b19f27afc86f7e37,209.0
0a564cb06b5914890ac8f1664ece017e,209.0
18e56af97c2f24afcfaf7aa97ad2b969,209.0
bb6209eca581fe91e5f09055a0e3e8b2,209.0
44640723e9d720f96a002f2e671e79dc,209.0
f2f8fc46c203702ae6880fe04ee11c7e,209.0
beef567db073a74452c5ea8c1d763632,209.0
8cdc6f215b1ba8111cbf3daf42092a35,209.0
18c39fea8fbb5612f4e5b8bbecf60d5b,209.0
6349bac6983ada14372447933f33f8d4,209.0
6d2a8a62ccdc51e36d7624e110ebd2a1,209.0
0f75bccc040aa9f03477f4fe05c62433,209.0
bca8a4550d2cbe049461040480f57b7e,209.0
ea52c42ea78b4aec357e1391158a2e68,209.0
904ea0c8109e23dacc599034d6c1e4c8,209.0
2649cfcf1f9fa77ec46cd1b4fc594a5e,209.0
3085208ef72d0f6c9ae2c1d7872609db,209.0
ab2ba873008c7b2f2458a0a20a1e846b,209.0
a6d538e158ddb434374047d413315beb,209.0
60f01437dc8c6ed3be94b2062394ccdd,209.0
dd27328b5c29932ba47b1feba48d58b5,209.0
0ca98ea9ff99ae186116cee125f1d16f,209.0
8616b556cb8b60821573f069b4b510d1,209.0
2315ebdf0fb52060560274ace5fc5fce,209.0
9eb8dc580cb53bbf6ddac7cf2a96a427,209.0
2fad067280027bc81969116c5516ba2f,209.0
a5a503bfb7b525f8176ea84c6a9389e4,209.0
484ec6e362ff72b2cd1a1e869e6d10ae,209.0
3a31dade13063f1e0591135c8d811491,209.0
ff9f5774bdf98c9eb203a168b58ded57,209.0
ee3dd5769faf8ff6cde4f3120f191d4f,209.0
d14ef07e2e84e11ab9ef6e327e9312f9,209.0
c35bfff6450d64d4deb072a336ee5d33,208.98
3dfcd3a85f0c320f16fec5214957d9bc,208.95
9fd235083bca5bb7bf8a91d444446cc1,208.9
2d596bb7b0819497568b4954c232d499,208.9
06e74e289cd7271757776a2b0aced701,208.9
89ee3b08086332a554ae83c810ef0517,208.9
83c6d605f6a12d59a09f08cc3856d393,208.9
12a5644d9a61b51572f65bc574704501,208.9
75865da115ee9a57b4d2367432ad2cdf,208.9
5371894984937a27cf40c7d20699a786,208.9
54ab397e856d6388c4a65fb0952688eb,208.9
222e58b2c32ff5d58bff9031851e1003,208.9
453cabb96a2b3a938cb8400ffdaf668b,208.9
587548be8f9917924b6422e287eb4094,208.9
6a8f9fcd9f9fa3a59d9813fefaff6a44,208.8
2fb783fec30b74ec5fa605a8ec007357,208.69
c1afe3fd5cbd1a4e784e6f77ca2fbad6,208.59
17a591e12299eb96e17f2986c3e2879c,208.5
655ce1567249ffb30f857843a966a3d6,208.47
63cff72cfb37670b3c826dedcaf32a6d,208.1
cb71c329ef62ba1759214a90c8888a65,208.0
fe91c3d2184281904c90874406d0ef9a,208.0
ed272867c9e0ce1d40b164f7204b0f22,208.0
5adc7c631f3b01d335bb013fb3e71bd8,208.0
d1c40bfb050a09047a4c4426fe9a2893,208.0
0cf926baf656a5dd581dd4d8888745f0,208.0
186d5e15485ff2afa04f02bd00aee4a4,208.0
65b3f761eb01cbddcecd17bed07b5a19,208.0
bed8b981565062c439dd043eeac824cd,208.0
c536a4bb48597507afa32180aa45e690,208.0
5b2bf549c79ba993b8a6ace6927cd070,208.0
95201e55bb043c322386ae3f8f363ec4,208.0
04a2fa019514345f6bcc37c892208336,208.0
320442d075116d982d8912a76fb9ade6,208.0
7fad0a54597001810282b43d17144df2,208.0
6e08731a27b94c6dba5538443378da82,208.0
2d235daeef950bf253fb464974d9aff6,208.0
185128ce43d5c5bf6f13b2dba3386df7,208.0
e8db4f36f254e992ce9d5f106307583c,208.0
74df30b888082a6cfaeb6bbee623e6a2,207.98
3705330ddc148deb33331cf451b38b55,207.98
9e7fe4ea65ba59140cab054bdbdf018e,207.98
4a505688cbfaf6d868261d49b7dde27d,207.98
c15ad00cbb1c74bb39f6995151f8e883,207.98
2dbe392b39bfc3fc6080a23ca79790bf,207.97
c2c1c70da9cfb80d5c885aaa1c5401b1,207.94
4451d78b2fe3f7a69221af70ccd4b749,207.94
34a2a828531db1ef9254ee073b8aa9d3,207.94
4abc685fab216e3d64369af95b1fe788,207.94
e7a5a238f60bebe0efe9ccbda1042ed5,207.94
fdc4b22c400f63c1ba8700d1b5a28422,207.94
44566093e87dfa38e9e682fbbb1d72d7,207.94
3052a181fab0411b6f3dc1863ec8ac69,207.94
b71cd39228d8554a93375e867f35e724,207.91
c9a6817d5766512b8b059a88d3e64bde,207.9
190508c583e9da28949bc4ba63c8c1a5,207.9
1b783780ad0009e60bf782fdb39b92b0,207.9
bbe4079ce54eb3663947a8e3b012a5b0,207.9
d550ac7fe9688fbc885f4d87a986a54f,207.9
1d8e908dbcf6b493ed983a1b8a03a7c6,207.83
8d4d9c0d24e15be31a852a8f0630156d,207.8
b4111141220267ae8e763af405bc6469,207.5
e4672952c626c1d0489b03b602c0b49c,207.5
b568884bb859574d2fe648a31738788e,207.5
b40efaffe4577bf423366754f1e3980f,207.36
b51ced387cf78701481cbb154666677e,207.33
9072c5068c1ae0867aa8ada4172cc59a,207.3
90c57a956687efce976e3a57c514e2c3,207.3
aa179ef3bea6245ec335cd5f2c65044c,207.29
1d99106cca82c25870ca45588226c83d,207.25
c8c5c195c165100a603dff0a690073f2,207.06
375218fb5cb847e5cdcb129195f11826,207.06
01a353696002ba824955de7bfac767b3,207.06
8e40783a73dea55cfdbb1a152ecea677,207.06
00331de1659c7f4fb660c8810e6de3f5,207.0
4272c6ce1a89b920614cbec367be628c,207.0
9d715b9fb75a9d081c14126c09218b96,207.0
3dcab09df0adbfd87b7b49acae4d0a38,207.0
1dd35f79f890a122b4d634d1855c026f,207.0
8c551766dbe7cb34777c4e221a6189ef,207.0
e7710fcbf3b97327cc944bdcc49841be,207.0
01621ab81b760e6e48e8eb3a300c77bf,207.0
95eff4eb0872c25f43bd6a915531e976,207.0
dc45bc1d6dc3681aa2f50bf26dadb15c,207.0
2936a5186c34f7fa84440ad1a34d385a,207.0
9cb14de38fcd859ae0dabd86c173f38b,207.0
b15dfeddb91c576c21ca1456d3a12f68,206.99
1152728585ef8877654d15c623b7e817,206.96
dd977229cead68422de7f3e250f0d78f,206.9
984a5b9aada81e4c24d25cf3f9d6c06e,206.9
aaab7342092f1dea95d1b5a01f6cf198,206.9
ca1acfe5e122fab31e4609bbfd711b67,206.9
39f7d3a1d4a68b875b9e90b1cd071d4e,206.74
f266e6fbcffb5de9dc10afd7cecafa83,206.7
6710f7fe1c2f9abf00197047bea1fed7,206.67
42db86d932ba029e4e0290778ebfc59d,206.65
aecb3918cf2f62e34fc440367c055dee,206.11
4402a180e78ebeb26c7e430547a31226,206.05
191646c1b7ad953e55869e14b5a9b606,206.0
43a1a6c14b2bafafcce0a36fc24e99f7,206.0
d2e0a313c6cbcf5207d54139631379fa,206.0
62e181a3428a467397f61960230e431e,206.0
58cb54447b21f4aca2465eee852e23b0,206.0
e8687cb9888338ecc8e7af79fbcbd16f,205.99
1aa71eb042121263aafbe80c1b562c9c,205.99
6cdcd721d17f36e52099be0d2a99e25b,205.98
3a3412d56c49df8bf3a9c56aa6be8ea4,205.9
72107b393fc48945c67aafd573be9157,205.9
fed5b7561b589c773a4a7d7028d0ae9b,205.9
b04284ed065e3f2791848fcb4f058d6a,205.9
1681e6086f04446b645b37c6d45f46d7,205.9
48bb4704b3c57ed78cd43e3173ed0c47,205.9
d9bff84fd46a806db41c6f5f7b796064,205.9
3f1471e47869243a10fcf26fbdbb8930,205.81
9f14ce396b728e827742390ec2eca9e5,205.81
aeaa3e7664211a50657bc516db596887,205.81
ae8bf740f3e8168f8d0ea2a646b1534f,205.81
b93bde3d977538b891c36a8da5fb4963,205.81
723a9dbaa319e03aec1287b768125c53,205.81
43696894b5bf8fbe1a40b2148ea505a0,205.8
3ddf39bd820d959f61b52bb23d87b434,205.8
932289aae7b7195bc53d4c640ea071f4,205.52
4934ff805b3b425278a6bf155a28dce0,205.47
8e8f9255ca4b0cda01794006e51b3121,205.09
356c120cc0f5c573bc74d453e0879494,205.0
2323d9f72689f9da252e89663301435a,205.0
1c14557efe31e653bb8541d684865668,205.0
8164f94ee15105d111cb2e05cd40b2ba,205.0
1d257d261370603b279e82cea790cd1b,205.0
745525d3948e50fdadab4c0970897eb8,205.0
a3babdab81e0ed5d6e68bb564cc2eeaa,205.0
f943587b68f16e53870a00ce97931e54,205.0
b09127083e669f9addee8813028f4730,205.0
5ea35eba7b2c83a0625f234f47da985a,205.0
72bf3d263baa8682be8224662f7e3671,205.0
713c42e5bbadd1ed6689da3a8cc51846,205.0
d15dc13c907b860a34a9475609231fa1,205.0
061eaa12db459fd7f6ba6a8b01f47652,205.0
bc1660cd7177c9456a115888eedb18e6,205.0
d1b19221b806907480971467a31a755b,205.0
dcc0ef7e6533ad77e9f1e7b9f5e7de5c,205.0
4b2d305d5283dfc3fe60493756827c6e,205.0
cfc5c8672fd109e453982d27a4678e62,205.0
569d0542c214c1f833112efb87157c01,205.0
a9d7fba616587e711e069e5ee2439159,205.0
c2d8b365f68fcb1debcf27cf9a3322ac,205.0
ae980a87b199d9bbd5de7b78a3ba312b,205.0
1e40d4f1a80740db28186721d9a53aee,205.0
b3d94a7947f1b122459d6494760708e8,205.0
2dfb12dc3644f26d06632a6068eee4ef,205.0
732156e863a2e1baf78dfab70fe7bfce,205.0
cabb8af06c1bc856f52368fd7772e41f,205.0
36f021ed4f2ae331ca32785f4fa574fb,205.0
a11e1fd66f38ab316781473a2fc2474c,205.0
cb633030180d869d7bb76aa783a78b6d,205.0
6ad03e6634e7f06c67c6d6833930dee9,205.0
383a25447c28d7bd477c15cf76b412f6,205.0
169faf2a4e75be9497b1248261c78335,205.0
b9a79bec2428c0ec8ac0bc179bd69979,205.0
b0899369e8a8bd200bade75e8ae36eaf,205.0
ffe0aaaac429db7837e943b83ee6c385,205.0
6429359a6ecee86690028cf416a3b789,205.0
11a98fd756d133f16d8d8991c5acc95e,205.0
467b3f1f1d2b25c420d74f0e69b09883,205.0
7a145c216b8956a484a50e67e385af99,205.0
05468ef54e8b2f92bd33ae272753e35d,205.0
102a23c6841127cf625296ef67d5f79c,205.0
c773dae336bbcfdb391b3eb90757bd26,205.0
ce2b0d041ce769c1a4387a6e675b3d2e,205.0
f28ff42f4a3d29ba87737305a4d73212,205.0
d15040354179edf98a52370f7b427729,205.0
382e52bf410a0f4c1d71868d778c0531,205.0
e6c3e6109e9f372ef5b6544b2c34e030,205.0
60a4a920e3446d6063f64a583716a516,205.0
72d756fe79bda10733b1069c53474321,205.0
910c0c38cc99cb4a16a2d3c764bfdba0,205.0
5e271b804f276d8a36840e41116f4ac0,205.0
29f0a8c1652a2f41c810820767c688da,205.0
90388e181deb65d18e4a45a0f1baf42e,205.0
be61c11f26246586f59140cc38c21f7a,205.0
bbf4e01ce1d50ddfb1da769c9cd66ecf,205.0
c5bc16b4d6aca29986d02763ad29edcf,205.0
73744a516561e158c988dfccfc85d35f,205.0
5a4c31ea170bddc85987e054825ecd55,205.0
ebd5be4611773d33c22df823b634d225,205.0
10bf225850ad702ff45fb5f9016bd1bd,205.0
6da0638fceb67e0eb80766bdf036b0ec,205.0
ca964cdd8f4bf762b684016a0fc04648,205.0
f4dd96cb420c457ddfe5059609035b9f,205.0
1b95bae1b15f09602c5b5046cba2128c,205.0
ae2e3ea908fd49252f4ffa4ef16c5988,205.0
220d33ea999487ba945f1c187f92ad04,205.0
94038129d7563a93b534f34df9b25ad0,205.0
90375cdb2ffb6381f35042caac83a65d,205.0
11f5f5a4b5113ed59df85853b97156db,205.0
dfe5364df5b644ca5f0ff6f5e6c09c1d,205.0
3c0820f9424f2c2e5aa6846c93870913,205.0
2ed745254e8e95dc73022271637fc724,205.0
b80a48a21fb2c1e74bc47b6b370610c0,205.0
47e5f05cd3db659473c90f13006ac96a,205.0
19af3b88c973b50b29266c10687fd137,205.0
d122dc5a239b7b36552bab0dc05b5f55,205.0
f3895339fd9c5b17e405c0cbb3dfda8e,205.0
4f9d2f4a5d093805bb6949385799b967,205.0
c1f0ff2ccfc9b49878a1149829f6c41f,205.0
6846633ef3d9e79996c8ba04a68d9853,205.0
1827d789e39a14dd9429ef5c98225c87,205.0
9e5d200ee3887ac5a25699b622bcaed8,205.0
cf5c87f52f4f9d68b80bbaaea6afcb67,205.0
7af6f16370ff07d2d1fbb16b3f23496f,205.0
3d8e5b5954c3e6e8d7a7d81ab6d5750e,205.0
0b693c62802016ff7a09113efce583ba,205.0
46a864c79f6a021c3500462a3179f7b2,205.0
cc848e542182ca76f167a3808ad31c10,205.0
86de79290dd6beb224550a677078e61a,205.0
14e7c1d95f38ad5a830549879bd81a50,205.0
d95eb0e957edfbca43feb2f292484de4,205.0
b52d933e57ee9a584020a1c2ac789049,205.0
d946e547889fef9c62ec4f8600555c94,205.0
b851a3f4dd9ebd285ee43d7fba3b5102,205.0
3ef07c4bf193cdc766ec811397a59c88,205.0
e9dc3eb04f1bae4f6a3e8f939cfcef9c,205.0
c9a12964473d3e6e2bbb97b5b1d34173,205.0
f9f037c3cba231a1f0b15a436dddf77d,205.0
e766e052ac68cab8e6250d63c1b47ce1,205.0
3a3b386b99c4c2dfe725a720051b4cb4,205.0
324eac4ceebc42547e8fcd67e05ca202,205.0
fb7400b8224647743c835eea88445704,205.0
f758f5ae570f1a7311b5a2e93d5c9a31,205.0
a94af621ec65d8880bf1cbe777c93968,205.0
b1267567b1744b186f07775c22d1c157,205.0
6cf11a82f66becaffb7606f5ba07eb39,205.0
684847bef2aaa42b7bcb23e433884e44,205.0
abd627a874f1563f677eca50b8644154,205.0
4275fb04d6cdfc2fbec3b5876f12b5d4,205.0
ed0ff7e1e92ab6fcd67f435c1baeb562,205.0
c4fbb5a95dc900f4bd12838d8e8bf99a,205.0
b792ed1781861557e76afc7d703807b6,205.0
debbe37150b6292d513552862564809c,205.0
8844d0cc6a328c1a0ccb6d49f34b2357,205.0
757ffcfa9fecc9d37ef8047386ca2ff6,205.0
4dcfcb543312afef7bde0fcfdad4aec8,205.0
f70db3370240ee4cf3dc237b7527a1bd,205.0
52c69dd752aab223542b1528dbe334ff,205.0
c45bf3cd714e56d9b6604c76ff05547a,205.0
9436ddafba22b7bce5b50f2a4ca57246,205.0
fb05a028450ab57468eb98f003a45b05,205.0
8543c0b4f11a268a7f4713ca98c4b2ba,205.0
1d5f7303f8a2248f42cf919af8d77cc3,205.0
e3267c909d1d6265381c696a7576de9c,205.0
734618dbd23f573007a52fa66895ce42,205.0
026460d9e7ce66ec77d827eaef2bb898,205.0
45d13f49d630df78bccfa2a05aca18a9,205.0
7d30bd6a9ffa5b22814001292ec14686,205.0
0e1f1e73c7d0c1e639b2b56fae48cfa3,205.0
9279b96ee5b2b0f686e5a28d8cc1739b,205.0
fc3461ec6d216082b26ec3018c687c1c,205.0
758f6f66809f7a95cbb073e8200f033f,205.0
7cfc40e1c9c256c761f4a55ab39d9d62,205.0
996fc914eaa8fde73a6ea961bd42fa37,205.0
b97776786873f881069e64b28947cade,205.0
c05ffba0ae84172ddd1098226dfd91ea,205.0
c94c5dd9a5c1799b59a4c29a2ba4a87a,205.0
e59a2725e1a47c24139b9957f6ecd9ab,205.0
51bbe6c9bd641bae8af9096e1efd2232,205.0
793206f0990570a0101ebb9558de79c3,204.99
b7617b17e670003050e435830b5e970a,204.99
2fcc597b8934d99715dbfff7909dd27f,204.93
b00c1b9a6aef3911f4d95198445178c8,204.9
9552f0301e14c521091a8701f48615c3,204.9
5b14f89cd607c6251805e5506fa36fb8,204.9
ad76257081fb90d69865cbe50024e3f6,204.9
1a1cfd220729248ca598e3a807cb17e7,204.9
012e0c27bbc549e7c249ee9042d58f7b,204.9
14473818b93e71b730b41049b8ab405a,204.9
7107f5eb80d0da02dc1383fe41ddc474,204.9
1148f49f45abad42d850cd2f157bd063,204.9
34327f03d06c475e8579bc13c6283116,204.89
2600006b51f3d485d195fc1a3b3014c2,204.89
038c6e4806a9d19fe170feae7825c2d6,204.8
8dab637615e9eae6d33ef5e48644d6d3,204.8
36dc6bb91bda12512a7e6c9734eec98d,204.75
d25e378708a5f85e8cb59ca7754b5d4e,204.75
c795e55ace97cf16ec76d19128d8af87,204.7
097c16abe2faea176ce88673499b5525,204.66
402c011d2fd2b9f9c0a2c1642c7ffa5f,204.5
98292572bea55cef9978e190219ffad3,204.5
714f2635d40b3e5d19a2fac7552846f3,204.4
af638847a50c6199479a15a219e1fa53,204.0
8a59859c3e0b4fe72567a54c7baddc80,204.0
d06f910929d7ece5e8090c5b4ef80b08,204.0
e2a266deea6e4e3f8e7fa300fd12704e,204.0
8e13b94866f3b17a0b57139b90df1a4e,204.0
3368fd70f27aba83c0c0808332a6f328,204.0
cc93bd73b22ed6cd4731e98525c57938,204.0
6f383780e8c8bbe7dcb5256bb2d488e6,204.0
995c452b5846644306763c4476249918,204.0
b707c00f30ee3374f36cd70fb524625a,204.0
91be5b56d0defe5cd4e15046781768d9,204.0
b59a3e6478e9da13a3ca328e9faa96d1,204.0
6d52aa467c2ca8720371701992bcb49e,204.0
239e040dfb9ecf20be36947bbea5fa0f,204.0
175ccc4e2a9670bc163c9970f864a76e,204.0
e08e4e6f008095f5b4506470029594be,204.0
a9568489e5db4fb0153e27a71f4bc3f5,204.0
d8995489927dc3f455cae1ebd6dcea47,204.0
01f5c92b138f7260aeed5a7aea4d0af4,204.0
55e773d33d17cf42f2e77413249ba000,204.0
5c49d0bcb0f397a3a5dec5512755f848,204.0
adfd61f98f59825c4659fb1e0725be02,204.0
0355544e5f4818d9553faa520fedf38b,204.0
b3eb9775cff9b90a79574e3a3b992d08,204.0
7dc011917bd7a6da7bc0756a34ad7c73,204.0
8172842da78a488cb74d25ea99c0b656,204.0
a60109add62e2f52526eb5cc00aac707,204.0
7d527c98f408420a9d5c953e5b89215e,204.0
d84fed1d60d32319a7006df034d24a34,204.0
bc622ba5c1a6dd7bbda84d044b747b18,204.0
c6ca3f94246a2464e5039cf39d704640,204.0
200c8a775d0e684ed428c706d987f9e6,204.0
44af84fda1fdb6be91399d4ac6c3db72,204.0
d19edad236156a06d87428469b342205,204.0
75662c3dd2cfd0fbd4b10232e327e215,204.0
86efd204a817f3ed802849995f2f7b26,203.99
9f104fdd722cb8f30446f33a3a7e3db9,203.98
441ca4ec31af7e72aaf2dc1b76c1ff8c,203.9
97c905bbb48e654d4c54d35f094337b5,203.9
f95848fbfa710dd05f1f05d048be3725,203.89
95c45b91ec800546045adf92fbd1a565,203.84
b36af41320f44362e289b3b9a18290f6,203.8
7e550164be02975a52464fc6019cac13,203.6
56d6082f14bf0030bbc257ee81aaed82,203.4
6dd39ae1549359ab24a5110b54452360,203.37
ff3fe3b5d1013960feb8306734a10ee0,203.0
91f62c811980850204103279573e5dee,203.0
b797f0849d0dfec16d6bebfae8db6cf6,203.0
c17d38e818f10c91ebcd036bc835a648,203.0
5b170a1fa36d54e1a28fa50d6dca899f,203.0
aa0d80b41be425e96ce61d7342d2a871,203.0
48fa9cb2371de8de60287de50f79c74e,202.9
0f43bb156644d11c7824d6ea4080b757,202.89
490239c4353f8f99109bf64353087f86,202.89
c40a552a2a91b93d3ca144eb009a1190,202.8
d690d2607d75af662854e115e5aaca9c,202.0
bd5ef06b3f1546fa26e653fc94df5a97,202.0
197b426cedb5936cdb34c7ac176d58b9,202.0
1bfc1883b1748812bf2b9ee4cde78deb,202.0
13fe07f5797fee846b2064d426ca4b71,202.0
bd0d2079cb36016dae8d436be53fc4cb,202.0
7d05062f79bacb93b8f83d6da8d1a373,202.0
5f109f572286cfd4282f540b1f7ecc5d,202.0
06dcae7b409e7ee3098993674b02f1c4,201.99
a181c725fbac1e1d13348c71d7c5c9f9,201.99
a910f3a92b629ccc1d3444a102254023,201.9
46211faf2450ca3d0c0c9e1fd6523761,201.9
ee2eee66d80a60f1761eedb7599a971d,201.9
b0dcdd6af159e2c0b239f92dcc095d38,201.9
54c7caa736af6a506044c72c0559537c,201.8
bfa37f3d076b32972189c3dc3dde75b7,201.8
e0b9b19b5fa5e1ac17ba5a8e6251c785,201.6
3e54f09108285b0c493b8485d3593351,201.6
0934f70c7f958731db1499c679910b27,201.6
93fceba85d3875c64e2f3c742ee72e06,201.38
346be88910055e5e31770b8278085af3,201.37
bd82e4fa6d9ab6c7c40ce2b13c3496f1,201.34
77dc1be4c4766a308f7c7516b732a825,201.34
97f0b42943a89b0d5af2e2924481a1b4,201.0
50eb5c5d5c4193056241b1e3af36afdc,201.0
2fcf059f0e80fc034f5bc5e878e9115b,201.0
2aa4972d38b9418e02aeae209f12a074,201.0
559502e5d84db9c6cc1145b707d3f813,201.0
c6d57fed4192267fd705afee9e521290,200.99
d6d9d6597150c9bfe2d6c2e8df580169,200.99
71af36f53c0fe0b5b886ffad8154c5db,200.5
920478d67ff9b1d45759b2dd1aa4d37f,200.43
3d6a8c4a66a5bcea0c3c4e4fab313d4a,200.4
730f18d38dcf34a19e4897e18b24f095,200.4
6fa21f92af0ee009b8df6c402addf7e7,200.36
437f15a0c773d0b9cf45f7b1812515ae,200.0
743b62f3c61c930c49211812cbdb9bf9,200.0
afa069d8cd905d0f6e78cacbf13c83a8,200.0
278eac70c1cc3f8814d1ce319b0937f3,200.0
4d7fc7b184089eadde3dd0133adcda45,200.0
94c77712fe3ec92d0d952eae35dacd98,200.0
57cdc2c3d1a4f933be8b559960cb7f2a,200.0
2bf271ce271719f9d0ecb495d8748c04,200.0
2ada6f578b24b6034e1658a3ad15a4c2,200.0
92a7ae95009e9a6aaa9b15b9d2695049,200.0
0fc1bff893d4a706ede1cc92f6d310d2,200.0
4b4a571ee8ef4a370a0cc9402b6a5744,200.0
7d6c81f79e5c42187c42bf6af52ac046,200.0
73a3e120dc538ab196508572c13520b1,200.0
2e4e58ca7677b81a6f4a6c338dd6fc76,200.0
46fe482962bcd675a787c168a83c5fe7,200.0
8547a257ab735dbd55f577c19b989f4b,200.0
cae68961658812a8ad198ed27fb51200,200.0
0b6131ef78d7b110b236c4e98bf65fd9,200.0
4e1bb82e35b06685a4d9e09754549ac5,200.0
8f83e6b41895af70db99ce62f1e4eaed,200.0
2a35ddadd9df2e4dc9acb0649a08c79a,200.0
2c94f489b623224edf7fa984b32fd68c,200.0
1e660f43dd676ad1838e7fbcf617947c,200.0
6f8d2b555e7c26023c890ea54c862955,200.0
aa9d3f79c16ee27706637d123f425b8e,200.0
10b3e012bc771fc11a6e84b631efedce,200.0
6af7aeea2cc5b8801055fab85139c1dd,200.0
c138c0b07bf9115181adc0b9ff513ec3,200.0
668575cd98bd30ace7a891f6085e3b0a,200.0
ed6d883d54a70a48034cd2800ded5a06,200.0
1fa51f227dca1a772254a612a2f5e834,200.0
c50fc62ba04395798ab62a551f8edef8,200.0
f15f5e1d8a0248d9b6552b4d39122bdd,200.0
27056b7474812bc0627c6490b5ab5a0b,200.0
cba6b1a0bb5587e12649c755c1ad432a,200.0
56db29d910656521640dd459604f55eb,200.0
2a5cc521188a04e72cae8f7115680f18,200.0
5a2cd7dd3f897be11c0128848e30c585,200.0
4eda266abd3a03ee67083efeaebc853d,200.0
30b4165f47eef72b1f675203e080994f,200.0
bb423fad8321bc949c39a96f26774b91,200.0
dcbe91bfb20f1a03cfdb25cc8800b590,200.0
dfd010ff2fd3f17bfb7e6a8a3c1ab939,200.0
3d7c0b5ea6f05a405999e4621b1df53f,200.0
3487229049485241bb1a0d20ab8ab449,200.0
0155478730861c69019d0a41d9bc98f6,200.0
f7bef8c9b7bede863c07ff21309f1b80,200.0
7ca7b507bcd23c39aad8c8b60041567b,200.0
cbb7249c2aa52f4846b369bd6ebc4ff9,200.0
0219be9d41699276f5d2010b4e758d51,200.0
2cabba24d1e9226dbe67553850e725ed,200.0
7ec4a5cfdf2614eac98521fa08afbfc4,200.0
0d81cdd5209a30ae17750f9a7510f745,200.0
bde9ef5cd79125bf73b55d5d0ca31600,200.0
cc8584e8f2f63e26a6fb913173ae9425,200.0
2900c95fa594a00e8e83ce658bc915f0,200.0
ae4cf79e3528752966e1eeb9743fee41,200.0
77980d44bc9f65a31b9f6f132a345416,200.0
2e7e3945a863350a4eec25b95bb8ef12,200.0
609b34a18fd0d61719d0b3190ec05231,200.0
29a61d310ca39b308cd0cd0115f4259b,200.0
4700d1a6f247079a2e60dc883b4c0c16,200.0
f7444d23b5eb50854ccec43d9ae163a4,200.0
ab2ad178fdd3930c37f3e12ea2a3495c,200.0
bd345656334581d4e07227d786486629,200.0
adbaf853316ae66a289a06231c4e0a4a,200.0
498e5038515e2787cabeb0f0d17d32cd,200.0
7f9ef908b67c378f4f0279db3794346b,200.0
fbfbc2a596dcca8c7829d9d24787c232,200.0
895a17651506a4fb4102247a6bc6697d,200.0
7fff937af7bcc6951ef56ecce816f62c,200.0
3b63b6bf1640794c17a79ea7c2cb11c3,200.0
9d408eba773d0ed51cf8e3c398bbd72f,200.0
02307143f7dce7b43056056566b8e987,200.0
00cef6d9683eaa39aaf401e3b02bdbca,200.0
5cd2839e8d8faa454eac8cb98311be73,200.0
842ef6046022a1d598171ceba0f88b84,200.0
164564995667621b6653afd715ba0e6f,200.0
121782b357dc1d54f5fef99674334eeb,200.0
a979b3cbd898fd8be91a290a667fd0d4,200.0
ad19d1cbd8b1ab93d6a60e00ebabb602,200.0
78384f09294e296e2210f1958e5569ac,200.0
e625d447d6605488f6e7b8bba3024e08,200.0
2f184454010f915745b02cccee5dde00,200.0
3d38482ce9adfe02dd8a8760b81cc51e,200.0
17f569b832ebe61b0af0d5005f5fd6f7,200.0
df9db16c77bd14a170dded942c20c8bc,200.0
cdef83592664829badb5df1a021a0cda,200.0
385eb3be53ed064c17035d8c92a36d16,200.0
5919e1f7863f9b5837dae40ab61436df,200.0
6d9a8851bb29dbceb3e46875e0848ae8,200.0
d6fc0fbcc85a48ca40e30f51f3ea2798,200.0
ed075555bbf25bf595005c1f973b136b,200.0
84b45b4c0496d8b391f8872acb8a1190,200.0
9edf9b97ee44ffbd1f5151653afed401,200.0
96494f58e7e2dd03fbd4b95a88cde868,200.0
0c4adbfa83c66d1e8272bddaa6574356,200.0
d61e0d911735f7edfbb4ec85a487951f,200.0
ed55323db262c574ffd5a532cfa08df4,200.0
0bd4cdb624200c39410664ca45d4ce25,200.0
79abc68702e3d0f4c1a2c717ebb8f08b,200.0
b763363c36f3327a9c377ba236a069b2,200.0
5fdacc8f9269a83d3f5cf8b73b06b200,200.0
84869909eb6bd2b47b2871587dedb848,200.0
fb624dbbcbe3fe2ff24d9363cadc66e7,200.0
09e9e2fce62bc2e62fe05b73fe573de0,200.0
afef0047e43944e8c6630ec0d0f7de2e,200.0
2dea3eaf6af891a8185552a24a2575b0,200.0
aaf2642dd99945833bc3cd3531fc125e,200.0
a57ca220adc4f32aed85f2faa734f3eb,200.0
91b0b76bfecdab11a47e6fdd14c72889,200.0
ef50d20cc1ac3214564b0f6d3d63ed64,199.99
34419ac92755800adf8819f48cc1d14d,199.99
96f7ea776daa0aaa7973638cd54e8a17,199.99
020c3bb8476e9193550d4c308c1e45de,199.99
11457c0edf75e08d409cc85b203bac66,199.99
28f59fee437471a527e0e47e766f4f59,199.99
6c5beb24690ae5ae0ebec981a59f6aa2,199.99
b716b4fd26635bc30cae5db546881d95,199.99
0d61067906824e48b86d1e9c3aa7e62f,199.99
09964655437e26066ed5c95ef397971a,199.99
e8021f8931216b1905c8c923995b6643,199.99
e6e14f3e3173398dcc2ef5001361ba1c,199.99
bc885bb1e1900615d4ddc8d81396e5fe,199.99
c8ddbb318c2e929e50588d7476556b4b,199.99
64573453bdba984df0f2255736f776ba,199.99
95a9c3ab9abb53255cf892538cf22d01,199.99
bfa954112d71c4ed5d3922633e48ead5,199.99
06a0072ff4abdf1a5928eb6a66f75246,199.99
0d0157836ae407f0f9e6d9a512694973,199.99
1eae560bcc8d88e8b8828be3e1483625,199.99
aec5041a07053553218398adfd05bb32,199.99
926a39c05e638211462221c33ae1fa5a,199.99
410b9823d7bbf7f9758b5818cb434869,199.99
ba800c3db2f86dbeddfb9824aa2b35ac,199.99
f738a2cf8579894bbbc0c34a835f3fe2,199.99
871c4c3584c3e057fdf37d85f24ab594,199.99
2ae1536892f83ba2c76e147c2a160dea,199.99
d5842d939b29486593a603af0718d347,199.99
68fcf3339b654cd981786ff00d15bbfe,199.99
f9186c4eba8c803ac493a2ea4a189fc7,199.99
dedde08e78927404d71a4ed03ffc5189,199.99
4b31542172377edc9084ac0e82055a61,199.99
1f6ab90ca6cddef4ddaa7b27decc8e49,199.99
21d029fb9127856d43d8c335e486b404,199.99
8f642dc505534b7a7908391f62d926e5,199.99
10b92e68e50359e80f2c0459df7d2442,199.99
655d63fe4528e3d4022dc41d83271fe6,199.99
54680d8515c181f8204d00913a3528fc,199.99
a79fd52fe8c942a0041742458df8cc62,199.99
d401d40e203390378e43c27046395eb5,199.99
67e9e30e4c2cca9243f671d7ac6a7f73,199.99
e0e4c9ec75a3c67e5199f1e7d26aee38,199.99
65691ce6d0d99e673bd133ade0ec2362,199.99
662ab7afd6f9c9dfd5677cea9867f742,199.99
a11a96019906d49f5d01edda79022941,199.99
62abeb2f83e1ef1926d571a65ccfe606,199.99
2082b281d48ea041b7a582aa8145a8a2,199.99
75ab1671ae03662536b06efb3762bde3,199.99
c010182097ba1abb7169f7ad63cc1b67,199.99
48ced9d7052f153f7071ce06d7c0efed,199.99
64971fd864d5811886919f084a3d4ed4,199.99
e1275b4bca1321a1d6fe6a7ca7d7f444,199.99
42028750c2c7004a93ba09849e521164,199.99
17089785734f497b2cd404fc39932fda,199.99
58283a66f78970a1137fdea5a4faba2a,199.99
829b7869b909fc2d90a6a3cd7b94f3b5,199.99
46d0766284023a432d1066a1b97234ef,199.99
8c38607817e8600468a7bc0b062e9d97,199.99
ba1c184185550d71bdcd8f792537bd61,199.99
8fbd29638b8ddd97d012473abf1f7752,199.99
07c5c7b3efacaa6988784e189a42f84a,199.99
1e14254fb83d77252da5bc018f3bb076,199.99
4f5fb5d2d93fc4cc7e43c29db4c0589b,199.99
190ca40cfc70a35c96a6f3af9a9ec98b,199.99
e4c5a9dddf667522845dbcb2312c40c7,199.99
acaa5bdb7459498e16b8f342bfd3b673,199.99
8ccdac7eb0c1dc6e6263c1cfdb97420f,199.99
6d5c0b9b3d555fc575af115a09be3ba4,199.99
23e96758fd640560e9b1fbcda90abfc4,199.99
99824dd9a495542e08c9bc94be3742af,199.99
1db9b2d168c16f634cc577caee3c18d9,199.99
f45ac6dfd34f67fc16e581fe9ae0028e,199.99
fa6b7d959dd8416e151eee8db7a008c6,199.99
d7bcf7eb4974e8da00d2107856aa0f5a,199.99
a12ac3fe0ed76458dba0379ffd5fa972,199.99
d022bd4e48a3db0ddca17f5204dff2a1,199.99
a4bd2fc7bf4fc0061011ef71a2208d63,199.99
04db47e1f5a9cfe6cc8b560696c807f1,199.99
382b6d3cafebabe22fc619ce35aae804,199.99
213c1279a8968f4d1b8c277c499a09b9,199.99
8ebd2567cd4639db2381cfd2f4e5d3ce,199.99
8943a458333bbd18bea687184981d0c0,199.99
0f4ca0a41b7dc9168f18ba37173316bf,199.99
07eb2651119fce5364e9af667f651153,199.99
7227f6bc1ad4dd7ea6443ea71ff722ae,199.99
6248396b64eb57dc8522ecd345312daa,199.99
42aceeb2ec87fe876c4c0ef9721d3623,199.99
8d69dbf0f4dcb6c90367e0877ae94732,199.99
56af2014afdd20f87502ea88b5a5ca0c,199.99
9dccb2d8f1ce578f5fdaf00f8c0b065f,199.99
81289e1391c93ec72b21c3ab59b5feee,199.99
326872eabaf07944bad58240518a29ee,199.99
346ccc045a0d30d8eb48ab592a8d4558,199.99
77725f1458a3c3efcbfa208fd02da9cc,199.99
446b873cefdba6583d42ba7b02ee15d0,199.99
b02ecf867fe6e02059318f0496ca67af,199.99
cc1e2af5ae548340b3d661799813c8a9,199.99
6ace2360ea84b10f876d79d001766346,199.99
81b99494c508f1f8bcf80c176345ea88,199.99
73fcec04040916e06363f45d9d4ee015,199.99
e8122329558a42bd29d84ed6432cefe4,199.99
48e25340f98151add48a2cfe2e944310,199.99
5df9e029af93b207ec9c068fbc413d38,199.99
c348e5bd22ca24a447a221536c71d8b3,199.99
e6cd6ca84cc5b5890a35a19c1efab9e7,199.99
daa89e848fb45343429ecba9c5021aa3,199.99
0040a8417928d0d5abd5169cd7877181,199.99
4bfe2d6820127a5194c476b103fefe6a,199.99
e21c2858333e97c0e5295f10dca326cf,199.99
2618045de24c23bdaa08835f094616e3,199.99
926a13f228b0c485521bb3b1ec09b164,199.99
b30f69efdea5c24b0e45d79297b690a1,199.99
72c9fcbee3deb52caf82f27187887616,199.99
4c1e29ec2ed2feac441cf24b25262ed2,199.99
f51367b72c767679f023f314616c1e6f,199.99
faa9633934fdf587270c2dbef19157e9,199.99
a1776ddc59dd25127aa556fc6b69958b,199.99
d0d7086dea6fcf42b9b690b9f3745c58,199.99
58d9fce5ebd487e6742960be2147af5b,199.99
3d083ad587862bdc9fc34e88036cf15e,199.99
76845da09dd4d1a8d9a81965c6cb84ab,199.99
40796823dbf5a2b08bf58b6d1e72900d,199.99
626e08d8c160791b98c9af031750945b,199.99
eb0f82d3736ca2bd8ec20d1be9163a66,199.99
445d56034deae00d9b8d3cebd39b1757,199.99
7bd0b92f056560a4e3addf53161545db,199.99
61248acbe7cdec04b7ae3a3beb69a171,199.99
603273481be95d9d344985aa3322f7cd,199.99
83fb768fc57eab1f5d0751588b29e76e,199.99
f77559535865a660bd328db79a177749,199.99
8de5fd2a823d3738c14291b302a72054,199.99
9f0a6132b4dc6010d7b675cdd84aef5d,199.99
e21beb91d78c8390639f5ae9fa20a014,199.99
0d50609a16197a4158052601ce51d830,199.99
dd839293c72a7bb6ade8b5af293ad2d7,199.99
dbef78e82a11203edd5b1c1726378edc,199.99
207767ced0a5a931ac7ab03cdc36659e,199.99
ff3c583d80f698805bcda1e3059cb352,199.99
28e769bf73caf3dc734588072640486c,199.99
89fcf2eed7b82a5cb579734653203026,199.99
db2539853e0c422a7bf64e43bafe390f,199.99
ed437019171aeaf2ce8ce508409b2075,199.99
68605f0c6c6811b45cf553519196dd25,199.99
14eb94d576ec3079b4db18114262d106,199.99
5cf9b0860d48052e61c37a44fa92f3e4,199.99
edd8be2a0d8a9ceb81141bdb7316648b,199.99
14f2ec23fb7f10a1cd6226be0ff41f3a,199.99
daa07f7d9d5228fd3e95f67460c1111c,199.99
a05e982271e4557a52a45b8bb5d7ecb1,199.99
4bd3ab853718d7896905f403c6571c75,199.99
f53cc300a641fb6dc726846bed631067,199.99
f8ead8ee59c35cd73f3960fe570bc5fc,199.99
66e518ee99571f141d17fa60482fa47f,199.99
e92f92603c0c6dbdeb7b081068de681f,199.99
94a1edc9b4a40c9f4b302c839f71db90,199.99
938670a1c800ad8e076ed4d62c5bb15c,199.99
1baf22a9d0f09f4631df437e8fcf8af9,199.99
1a594924ed06b136ec5af68177151e92,199.99
efa6cb1d947d612aa6e8e0b2068de9cf,199.99
9fc75a66f07ee76032de66af22f78c05,199.99
a3c7076d6da760182e7c8991d96e7b53,199.99
c7079118b666659ab965232b538299af,199.99
ad8daf56a5a769d141a5bb25a1681f40,199.99
c3b02f862370ca59d28f738fdaf73d5b,199.99
aeb39899f743c5f0c51f233e3ed21b0e,199.99
7a4a0eeb4a633231c3fa6fd854513193,199.99
561e1c8920d1c28000d4dc7e94edfbf6,199.99
e57b35089f3e6a0d985ed0cd3579df5e,199.99
fa56d5dbed23c641e19a12b6d7392833,199.99
927915ecedbdb6b7d5af71a55721af3d,199.99
ec61f0440cb312cd2c721ed69615f73e,199.99
f177505ed902d9043faa6798e4881af6,199.99
aac58f61ffa72e6955c30e0b2fad054d,199.99
ec77a878bf09d9d192732e2cd3c5a160,199.99
40e2a5bab2a362999505842bbfb0d590,199.99
8a3f837400df24b6818eb20407116034,199.99
531f02d66e6a1c16a30f64f19e50585d,199.99
f231e0441fbde50fb850af1950d6f21e,199.99
01c5a393f22ed7149432cd8984aa7791,199.99
e75cd2b8044ef17f9fb52badd80a76d2,199.99
a36b45006c39fb0b8eb78a3eb4d84a85,199.99
40931ef38287ec225f166b6372fa1d11,199.99
159f0b29e2f9c8adf07abd043af59b12,199.99
785825a3145367ebfaa8b213aff33af1,199.99
8c0e35584a0e33e799e4c9113a8d80cc,199.99
a668e9cf6bc4af7c7a6746f74b6be94f,199.98
40c55da090bab9a49ec1e80f4aba5232,199.98
219fd715b4810a1a506f8b36692f52cf,199.98
1ffad0cd8f3ab1b5d888a4670cfa6a96,199.98
66b1555c5aaf32eda9799f8c6af3a884,199.98
b617d81bff5cdb906d76f973194cb785,199.98
317c67909981f48439ea716e4f5b9cab,199.98
b695437f3c8fa38c0ba037c7e13786c1,199.98
6357fffb5704244d552615bbfcea1442,199.98
d2ff82abdb216e5dd0ff6730075b1e5c,199.98
2591b8425f1f3f363d644917fbc238db,199.98
f2850bb56cf2cfc489501ff4671bdbc5,199.98
e61cced184beb8e5820b59f566cd21db,199.98
85bafe3d80825d6b170ca29b0f0a41bb,199.98
4a6f381eb19bad5d9975d63edf753920,199.98
84b100e334843870e95ff29421ab66bd,199.98
99b72b76d26475c4412b8d88c363b066,199.98
0b6a3d281b126b6fecdae5352da24cac,199.98
c66b9864347ac9c4c881412b2e1d97a2,199.98
08fa82297b802757b9b02ced94f8a9e3,199.98
9c5afe2cef64bd96f36e06b23aa7067b,199.98
4493792a6a62a679d5d4dc142264df99,199.98
40c894ae26b148a9c7e3491c99400628,199.98
4dd6b4d96472044939e2bf6143a90712,199.98
3581cfadb118ba1d36cffc71b47efa39,199.98
fce904facc2ae9feb164ae30cd7e9a0b,199.98
1f85bacdd00ea14684d2de1c26456f31,199.98
4c06b42fbf7b97ab10779cda5549cd1c,199.98
7584c12ee721a77c8ec018392acfde72,199.98
4b71d940f437dc0b0cb9729a13b3d644,199.98
fb4b4cb8bda9db9b27e86ac7865d4e7e,199.98
170724a3dd2c3b4b4e82955564e85f1d,199.97
f9212cd382c1a1ff756884fba22217af,199.97
81983eb8597592809b5b10a7fe53d97f,199.97
f0eab4d631b3cde9341aaca0868559c9,199.97
e34d70554db55ce4dc72e27ebaa26a3b,199.97
a1eef3423bc0e8339b67cb2208aa3f94,199.97
711963c7bb1c3afca68db306dc011580,199.97
32c69104d98a01809880ea33b518c808,199.97
50b13fff702e463eb6a099ef609fa46f,199.97
3f85552d6e82f0d5ec4a1c82bc4dffa8,199.96
09b186546a1f76b4b3cb9111dad590ca,199.96
8d20d8d70efcc6b8870dd6048eb5ce7c,199.96
1e9ab936549ab0a87fdb451b9c0d26ab,199.96
23b779ddb684eb2034343952d61305f9,199.96
68914b86fecc505772fc79427f0cbb29,199.95
0b8eb01b2a378b535126bdf817eb1761,199.95
7d9b1c193c6ede14cd426b570a339739,199.95
cb88f300cd0cfbf82776798d5e2fdce8,199.94
aa9f03ecd3728c9bd12e6d962c66c7cb,199.94
3f979bbdedf57087a39ae7fed98ec7de,199.94
69b0d25b238a51bbff5b391d5983e975,199.9
cd1a981ef69fcb63b76bd13fe1264c45,199.9
69a6d39c85ef49a5896ac8a51eb09bb4,199.9
b09ff235742f48bfa743f3e9474d36ef,199.9
3ca43cc0917df3889eeb420132fa9e3b,199.9
34b3293a194f0738ffb98e945c939ce5,199.9
9c0f857d40fe25c04dcb0e2b138f6634,199.9
537cb44dbff1ab7529ad8d5a4e4f3870,199.9
c83e0e9e4a2b35059ce91a67b288ca78,199.9
f871bbbc88be217e9c3f5ab5ee0c4193,199.9
f01420e1e93a5d587f0e5b63bb9a83f4,199.9
487583258b019590638622dd1f4d6e14,199.9
2fd2dd64c8580ed8cfcb6cf39de52576,199.9
68afce1222a45541ff5fa4cfabb6cbc7,199.9
112eac27a47d924d426f1e2be787ad79,199.9
c528a3c68341dc80baec0b465fbc1c7e,199.9
3708693adb269c482bfa8f7764e35b48,199.9
cc5ed2e92f3525fffba5d366b40d9bed,199.9
438eaefae192046b0a5fbe38cea8bd35,199.9
dc5fce1603613e44124062e1b7d3df25,199.9
73c5717dd8b47b172b7a1496d2b2b3a0,199.9
38f1bf1e0ecc51b8036c108f2f86b015,199.9
f9d9c879d3e01ea40ae591668342f90e,199.9
d0f147a0b4374cfc8ae03d147cbd27f8,199.9
2a44b08f77964b84b1a66fb5c436a223,199.9
4f23f4877a66047ba1190befacdca13c,199.9
66cc7abeb9745649553ef40ce58973dd,199.9
06bf021cebd25d2cfceae152a5956e04,199.9
4419ffd0c94c3507645f8a8e87e42fff,199.9
07dd0f56f96437f103f6718cc9e718c0,199.9
52d0c49912765b6dccd9bbb9f1f5cb85,199.9
5509c22c5bbfd431c377cb58b9bc8da2,199.9
76a6ab6a7199797a53a9a2c00da74410,199.9
20ccc25c042d50c3a79e02f77d778171,199.9
ce43b11b1a2a6db6dfb4abe08a8e1fde,199.9
fe2627beb3efce8375da718334138080,199.9
3ad65065c94e1c30c6777de5b016d5fe,199.9
1add76929fb44f188283613f0f9ace68,199.9
7dd9d2efafd37798cbbf35b806981646,199.9
fca2e99ba03ae4ff7e6b2d2b0be57fdf,199.9
d62f9d8739e6373565e73644f442f555,199.9
8cf881448a898af8d5a93861aa03b8e2,199.9
766d9773a9cfa50e19a5c27a88d1b911,199.9
b1a4422dbfb3d003f6f905e236453b98,199.9
28a204eb0f0f081ece6295f4ce42a1cf,199.9
bf595ac1199b8f88990ff5389e648b00,199.9
98ca6846ef7780aba0394d1e1ad65f9a,199.9
6ca1e1d28efabe87e5a94ad3f0c7282f,199.9
7b3bcacef7cca9f803ce7ca9f3c43285,199.9
dc03f3a2dfbf8db2eaf8e4ef491d1449,199.9
d950a3cf4d3d4765ff33d20db0e0e6e3,199.9
2c9a17c67c0122acf9d9ebe026d5c463,199.9
0a014efd7c067b6527b82c28abef318d,199.9
c5f09f717d4b3f6cda684e0133c3d52a,199.9
3ce94b5a344798830d5641dda2b05195,199.9
5a9a8acf73eec0a98589fe69e4dd9c95,199.9
f7ffda824870ec21df169cb0f7995e92,199.9
e47a5eaa9f946c91bec2fceecf088ae3,199.9
8b94ba786c5a6e3e2ffa2fb353903c53,199.9
766937eae4ef200d016b8717d52392fe,199.9
122255f6f72c8210560b25b3b1a7bfc6,199.9
672e306aed8cffc8a34f999f6b3cac52,199.9
53bdf757344da65bdfff7e0b2b23a020,199.9
b500d309b1692da5cf9acacdac263087,199.9
d6fe0531fafd5541264a7c32541f9657,199.9
b196eea0d507ac41ffc9a09855897bb3,199.9
cdc1ba89d0d408195ecd707031d452c3,199.9
1778ad70f4ea47e65d3ddf0374a98f2f,199.9
5b7312052e4b59e6ca49d9d81216f832,199.9
9a148310e3ae74b3d1e856ae5e4af4e5,199.9
4c67f376c7f7992759da86c187c29cbb,199.9
e21780b844c6bad5d56646808db6b5f1,199.9
422d5038574e8ef4a62100750a7bd05e,199.9
00b78d0d0484fc9f3e1138e1ab752db6,199.9
d85a33fefc77c4027226b4af1683e21e,199.9
9e7d7aac45876ccdebb580ef0854d5d2,199.9
151d22e83155b177a9c09441a522242e,199.9
cad72c6ad6d5b6d95ce0056e1e7948a8,199.9
c61893d0d6060132b88af016afd5cdb1,199.9
0fab118403df6a3ffc643d2e10ace8f3,199.9
cea73672ed36824ffda53dada3a1c8ae,199.9
086a836b41203d3668bb1f312451932c,199.9
e09c6265f1f8647749be9898aa511e98,199.9
c083dda2847ac8ea0aad28e6fe16af3f,199.9
3fddf2d86128110da11753b3c78b844e,199.9
74b973cb2f43cf69959a47ab7a679ef5,199.9
3c9c8e4e9569fbe4131ac258e9c58e68,199.9
51527dec6b3afb9c1054ac492a368c3c,199.9
896d40135ad6a37e0733e2e64995f54c,199.9
1b7f8d3f31d13251841892ac1cd759b6,199.9
60e6513bf216e72ddd1979f81a2945c4,199.9
f5e0ab2456c5103030eafd1ab05b6504,199.9
4c51b75b3a2ff33ddff3bbc56afc0d80,199.9
e456757cd043932cb378a9dcf6e139ce,199.9
7d8fd581cc612022d2149f093956b42f,199.9
5e045f1de4d7bee72d0c98caecc7695a,199.9
f549b52dbcd69f43d68a455c597c3ab2,199.9
8dd1c4e88c1db62830ab1f7c56b6ee42,199.9
a4bbd7ddacac7f57468a4eb9c6f58884,199.9
5511a7cbeae2a3a17ce3598944a5793e,199.9
bd96ad9d1c5bc76bc56f5becb99f39e9,199.9
00146ad30454993879adaa91c518f68c,199.9
671beff05d7225f209b521637f46d2b5,199.9
22dc6c288a0404fc96f83cab39a4e734,199.9
73c6559216aa5669426c44ee5139e5e2,199.9
43e97a6a073accd257af8dfb5af2fc83,199.9
ef14bc7bc7f8a385f119d6d67e9d7fa9,199.9
5ae27e96182178bb0c1ff8ba02dd42d8,199.9
15b99f656b8a2b6a316dbe3b45c671ea,199.9
d8047cc20d272535020af8678556c2c4,199.9
919c6ef69a2748d733191979bd4709bb,199.9
e11ea1af27379694ad1f1fcd1b16ee6c,199.9
5ab56cf5cc9c12dca123f986599f88e8,199.9
c01062aa99eb36cd03b4d85cf49a8ae9,199.9
9737abdeec0da756281e3c5293aed339,199.9
6262ea8ba816dc9e2a15983222ebf04d,199.9
0761a5ba0468e259dcc1cff863eeb3a9,199.9
31f5b3b9a371f8b6675dfba99bcc61c3,199.9
678cebee4bae7ceb9b835645caf0fa06,199.9
04eec7a0a61d36a9fc40fbce299ea2a0,199.9
02acb1d49edb6c09b61d2f496afc61b5,199.9
83f518916b0d90fef92d2f4de727b5c9,199.9
fa9b3cd2e99e5241efe68dea5b19f1b0,199.9
0268654157b95bbfcb8cc3622adc9c8a,199.9
3e30a714244b6788f9fe5637911da9b2,199.9
6c2f01dd689a62bd11bad852d758ae0b,199.9
270559c34997160d7d5580a68722d1de,199.9
7b9cd81f72142c9bb51ad110f4fb3b08,199.9
28845dc8e98f83d4da9aad8429125dd1,199.9
0b337ab429c8299074ace7216c267887,199.9
e1b83eef480aab9aff380f6ae34685f0,199.9
3687dde094f4851637819478d3b91b6e,199.9
8d37602184dc432a7ca227475ac81036,199.9
5b9e676ba4af242f149ba51d095d4f5d,199.9
6215243a6d2386dc223d34b3ae22b468,199.9
c874ff2fcab28e13d850e6a2763d9a8c,199.9
7cf4e2e0507462c568d10dd059a1c498,199.9
485d59ed46bda4a60ac9ab15c32ec63c,199.9
50f592a0e6fd516ca735e8add58a9199,199.9
dde52768b1a81f7cb1ba0e73dfde59e4,199.9
63bc7bdfcdedac9e61055d275d8e9cdd,199.9
cf7bd0afe75cb2a81bfb9068d7be48d3,199.9
a3428826c15d1fa3148d20ab899e569e,199.9
be5cdc70fac60d87542a1e37ce3fa2d9,199.9
e466c39be83e8b1103216577d7afccd4,199.9
bbfe9dba014344feb9e3714b0b541885,199.9
97380627e3eb0d89d2c83986435eaa1c,199.9
174686c8e1e322ec30471d0515448cfe,199.9
867b9351d211003a7ccb5bbfcd7cf2ec,199.9
cf1b464894e6177033533c076c2ed5af,199.9
fc7dec967c292dbff57a7a50c1ebb83d,199.9
7c4afbffcbcec9554ef4e4d72654ff4b,199.9
46892c9ab706c93de01025d07b029234,199.9
8db0d5efc870373f918d092930f8e762,199.9
e5320aeab2efe67cfe3867c327294dac,199.9
d8051e98cd49dacd880f4791189cd68b,199.9
4f701e1240fefffa5f2b81643aff7dc3,199.9
3b101001377166d378279d7a33405c4e,199.9
ba95e79f286d22117a9f0a8c543d7a4e,199.9
3e36c535cd70fc8d2280cd32229a451b,199.9
925063180f27eade14d5e059b9d4fe51,199.9
12e7a4d8644fba0b64b0123f8ac5b555,199.9
1d9de47f112e80956b5c6cb240318e4d,199.9
d09527c5947fe80403de8cee76442c42,199.9
894d3aa8af27666a91f56a3e102e8cf9,199.9
248ba3fc89dc032bfabfe8a552ce8781,199.9
87ef858df37804b3770548b5252539d7,199.9
4c43628b832ab60529b77440792dec35,199.9
b5a4ed1c5f618f5676f65b765e7e7c37,199.9
dd0710ec4e940dd8fea9c6c0f844553a,199.9
cc3f3f1bc77d9c5797b6ed1515303cfd,199.9
0f0d67fa1a4dbe0aeee78a2092dc9810,199.9
98d3c3f34ca9bbb7c3a7e69d626b90a0,199.9
4849a3b3f4f73f108f904c0171ec9fe0,199.9
aa7885fdaef957a25806339d446c2a71,199.9
d48c522e3a65a2639c2b3a0fc9b83712,199.9
d4cc8627da6e9e201f18bfc780b077b1,199.9
ec359a502fd8a54ed98d8d607e130f65,199.9
c8ea6998e7065144d207ebd1e49b4a00,199.9
f35c644dfcac59c0653f4dbff3c3e1bd,199.9
189a9545272771a0c7b0d302f8361b3f,199.9
eb0de0fe3b8d6ec0dbeb28f0e31293f7,199.9
d3693d05f3fb5de3160eab1c9e998ab8,199.9
a7b7df5662c05961c2610ba95c593154,199.9
43420e2e2af1b2b21dbaaea745dced95,199.9
8c476a43d105e52524d6a1fa3fd51d13,199.9
f10a0728dd9a65395633cb333eead2b7,199.9
770b4048ddba14783f319c201b111706,199.9
3c5f7f28e5a53412a6c024aba76ab815,199.9
8281392ae6bb39d84ababcdf4734f5b8,199.9
df3efcdc994a1f6f86a732cd76c727f5,199.9
e17afd09a7415bfaea4762a63683b83e,199.9
c532a74a3ebf1bacce2e2bcce3783317,199.9
4fc752f9385483f2f1f6a309bff21be7,199.9
8162c84c0c0b52ba588177cc17e384f0,199.9
2a03419803b591a0c0f37ca997c84875,199.9
ad09bfb021e70165d9590b7976cc6f33,199.9
d5c3c53a147864a64bc701b14879753f,199.9
182e3184fe89cc29b7a1ee386c41983f,199.9
953d47f27345c3696de8693c5b3f1d7a,199.9
bc4426e195e7702bf83343db924fdffa,199.9
8eb90845975135fe4d5279dbea7e8c1f,199.9
c696689ac1d5b8ec661980ece878e3f3,199.9
57227045173898a44efa3707ce0d7399,199.9
f8b61dc0db201feed59e23ed0b26d2c4,199.9
742b29eae357e8f8e7476d97d22c2460,199.9
90767a989903375662902ae9b122cd6a,199.9
190ca57504ebfbf7a193d06b9fa79b02,199.9
2eb5d00803617f610fea5020ec8fd04c,199.9
a5730924c1643579117189f58ffa5e40,199.9
68b8412a0ff432e46e7437a3540a23be,199.9
ba71eef961930f37bc2765d86a09c3c2,199.9
1a36d493cbf1dbe661b3151c57ce247a,199.9
85b3378e7df2ba898d918c66e7e98467,199.9
873e46201b44c1f084c6a4e37d00910b,199.9
14eeea169995dfbeb15c6aa67faf49eb,199.9
629037360cb6212f9a8831b62ee1a4b8,199.9
eb2ba5d39a253c0c4d2c573b6af2c018,199.9
de099fce4200f3f631d8689e8d578253,199.9
163f94efd732768cf921030d25c332dc,199.9
84f15cc9c81cef2a84c29804eaf5c731,199.9
a999fb2aea12464405c4f4d780ec2460,199.9
41719c34900034230304c9266e5b6713,199.9
6aa98365fd711a9e996d0d41a80c3be0,199.9
ff98ff0b59431751c0e90ff8c77db92c,199.9
f709f9c4d1070929d5b41c2990fda9fc,199.9
ad71f758115aab8640f4f9ede9e8d4b3,199.9
301e5281967c0b6cc5a379c4a3f90782,199.9
af020dd994eed0fee9e46aeab3cdeae1,199.9
e683a49bd6cdbb2f70dfb43c796ef937,199.9
e306c9b9d7ff9cb8ff5da5c98e036fae,199.9
89e468d424e38a96a37874c45c663862,199.9
1f7a6acfadea5c8174e64ed338557ab6,199.9
743baa570dcc018631449fdbe5befee2,199.9
9e7dab1406984c841b099a8a9e58fbcf,199.9
6f0faf0c625f77d650d4f31b80363617,199.9
ce3d832b10ed3bab7c106b9a295e31fc,199.9
25406db1db75fe43d45ec61920bc2a6f,199.9
f8b7b4526234c27bd2c91b7a3c1b4775,199.9
75f3f184df3d845335a012d683988884,199.9
4e2c1f15de98416a90c2ee06b55ccc9b,199.9
413b1847da73958bcd319c23a8b9cb14,199.9
5b97cf3a33ee85a30c7dc07f080b52e0,199.9
0e8e2f7bf1242ec3421144a8c8c5128e,199.9
92a90349b67754dfe260e8f6a79505fd,199.9
3c61d153a0c28055d1a1b539c70108d0,199.9
42fb9cec876ba1a8f6ccd3fdb2dc1a45,199.9
9eaca8a90e67b6779a2dce5d3b4c434d,199.9
7a9915a7ff0cd1ba1f13318f84d1a7f2,199.9
e4a45e8b32eb8b1d16635ba3678c3902,199.9
76ae3597facd3b95ecf269972dc5ed96,199.9
3ac551c3da30b01bb5284211fc704d8e,199.9
7170c802ec75e5fcb3792110e68ab323,199.9
d58286dd6d9edaf70bf227b843d6c963,199.9
09b5561e6bad06d4ce5d5b0d107a8817,199.9
e4fad92c84caf0cd752eacadde52d9a7,199.9
3bb847c18bde99f853838a4dce29bf9b,199.9
89bf98721a9d6b5960f6172882b46255,199.9
40e6102abbae17bcfd69cd6feaedf315,199.9
1716f644731a37cf67bcf0d3734b6327,199.9
d1f1aa9eb76e6164001d6eeff00ecbcb,199.9
31c11dc04a7d1ebdedc4cdb2571b289c,199.9
58dbd0b2d70206bf40e62cd34e84d795,199.9
623fb939c3c139f6a806f25d76adaea1,199.9
cf1505cdc6d77f257483919755e7f0f4,199.9
caecab08cac2be52d89f87462765b4f4,199.9
75c71fcf0b99cc3387a21a01669b1614,199.9
f6a623ccb7b0dac8b9c9c74594f2c041,199.9
1105a2d90809705d9c8877de0404e82d,199.9
72b6223a65c6ed5956f7fb882e420d84,199.9
6d491c9fe2f04f6e2af6ec033cd8907c,199.9
bba44caabdf148a7ef93ab803e011c58,199.9
af7c572f32c17ecda4664f61721926ba,199.9
b9a9339701a218293ca3716d00e3f26a,199.9
929a8272f32eb54ed5df77ad7ffa9aaf,199.9
e0612593a34175b3c0c89cac30fa35f3,199.9
a2b143271cf09e54d3754639196b1afe,199.9
f739519fdd001c8fd5db7e7afb9147c5,199.9
42fdfdfecf1c27d4a546df29f956ca2a,199.9
6dd15070c10001e058f36f2c455e1b1b,199.9
b6623d5bf68c77aaaa0033d082ef2e96,199.9
67047e63a2b374c8abdb71f600526b33,199.9
d71491ab8f43d315aa8efa10a1dde339,199.9
b07bedd33ee49d60100a0edef8c9e237,199.9
9c3b430e2a43affdeb23d8b5efff7ed4,199.9
fa10ec7a208a32b7e139fe44191daae0,199.9
550fc4a83290572e965f77f8c53913b4,199.9
d127686ff1441587369d5bf73ab50e92,199.9
5abc46c5112594d06d0350a24ec399a2,199.9
773b672fa164724437f6e8b82b6e0f06,199.9
129468ef8647b08efc12e04af8506cfc,199.9
59d32780c34796d374ccbf0c02dcb417,199.9
a13cbaa8e1b1fffbfe0e01d938789f51,199.9
984ccc607ad9b036402d780a2a10f4b2,199.9
a347b5c92e4dfc932d041067f2f48fce,199.9
0afd3fc9533b6a435dab3f0c2f591b8f,199.9
155d57ca657115bfcabe8309f4fc5910,199.9
26eb0b7a187dadf0037ab5a2b81d0d5c,199.9
9e7edf19ba7bff9520a8f9e61ddaa38e,199.9
2317945e1dd932e7a65b81cac0e7c5e9,199.9
03933bd8f668c8444d5307d9d5d171eb,199.9
f82c0e2f7b1e429bd59a9a3f6747753c,199.9
544adf4b007f958dd9ca0e81f665c50a,199.9
aad6727aba2d94ce372e38769c3930ea,199.9
b2f114b68085de86aebc3f6bad023e2b,199.9
1e492f4fb4ccdab801d2b7787855f189,199.9
3bf91fb0570071bd0857ff3d97461f71,199.9
ffff42319e9b2d713724ae527742af25,199.9
94f03822b60737e31a4b49f336c96f13,199.9
2104da2b62ad4201810992bfb20c121f,199.9
48e60815b9a51a18b2721ea814b574b4,199.9
dce7c01f92a62d067b128a8ddf73a115,199.9
d8e42482d0eda51e849d77e79d749534,199.9
5dff24d9f9695d450bedd739eae31bb4,199.9
0924789d2effb3f418c9e8148ae5a5af,199.9
faf620ef3ae77d18586f3d921d677e18,199.9
97f75cec91e09a57da6ddfcba7f77948,199.9
d40b1c3fb65620fac483a0fa38af1681,199.9
d5d283ecd2ff8e6ade52ffd58cdcbf28,199.9
68de9ab6df869e6c10cac725487ff831,199.9
45a080d6112af03beb726ac2f33cd8a0,199.9
f2c47cf15662ec1d5402232c722f6ec5,199.9
973bc0291bb6c58f5cc8b0f838d2772a,199.9
568347f815812a019ece260d70e94d5c,199.9
e067c5f0b3c6eacbeec80ba912dd913b,199.9
688dc55db881d83c92c6dca6ac9e6682,199.9
b2ae058105db313dcbb7dbe97fe20af7,199.9
a3a29adf6701f67bcd871855b7a739da,199.9
10d2a255228fa0b30be3453dc1feb36b,199.9
26008dff64dd147df42935d4da70da2c,199.9
7870ab8f62d9d80cc37ff5482d6cb2b4,199.9
5dc17bbd94322aabc8b47adab7db1f90,199.9
36261edfef5761d0a29d8aba32ea7003,199.9
79fb28ad325a5e9f1d462bf813c5b2b6,199.9
d81c79479192992a07033707560d6598,199.9
e6f5b234bb0d847f10eebd70130c5d49,199.9
45b45509820c3acf7baa221a8bdf9b0a,199.9
6e66d1c6c344f7d223bb34a4831c6ecb,199.9
678bbf415fc9b82f51ebb95a642d8c1b,199.9
dfad35428d73fb161f37a7b844ab4cc5,199.9
a1938d6eb0dc6c5fdf04e33f6e7c74f8,199.9
6a50f6039c1a07d6426115947a4228c6,199.9
9be414fa82e43d3fa9cea3b3cc00eae0,199.9
666ba9fb28db6b352c8cf2d0091164cb,199.9
4065220eed89fd8ea2f1ba0f8986e445,199.9
5d7f01a5cbb98291c5bc6ab3f93be0ed,199.9
5ddb3e6047a2890c36f3b1071e6b0025,199.9
4e97d722adb4780333d998d42f91df9c,199.9
63851348e2dae0893a180d516a13ebb3,199.9
7fcb81240264adf39766759e761f5ec0,199.9
eb5a536e0b18887946767095ebf6b6f5,199.9
c7dde20728b6dbfe6543eb79921ba5fc,199.9
86ef6f70541aecb8e52399900b2b1391,199.9
f0f6f2b6ed7fefbc460e7e216139a1b0,199.9
acfbf192b064509688d3264cb5bd8a37,199.9
429f60cd3ed4366867510b1996127ead,199.9
9665d2006799a0bbcbeff9dc6e4b3d55,199.9
fcf0a8e930625f8e0e76ee66eba88402,199.9
3d5851730e87c65aa5fc8e706c859c84,199.9
b8106fd2ea14b1cb7d883bdbaafdc82a,199.9
cdeaec3f8528e3be6e375bc600645c72,199.9
4d5f7e1e4e0c9b91cb3a39737b940c93,199.89
caf6604151c495566434d033a1f9a4ee,199.89
6d59eb54b9df0cb6c0d67669819e02c5,199.89
245d34e7c0f12c871d9cf7941a41fc9c,199.89
6ba7779e884648eb9bb1ed9dbc7787da,199.89
f1de7e62c59c215f024ba7de9744fba5,199.89
07176b181cc48bdaa6807f4a88e17d4a,199.89
6f299b8ed3366569b07fdff803f6f691,199.89
d972f8b63011e306f832b2eab57f0aa7,199.89
8b0c1ccac39f48b8c9394e460e30297d,199.89
b8d610c97390e7f8649df33e3f69584c,199.89
239ab1c112384e1db4049f84f588c3f4,199.89
3fecab5810a61428b1f916f932d3e44a,199.89
cccc11e51686391aabfac06aa505884a,199.89
63726785895b4f00d302a0ad74d6fbab,199.89
95e719d72780395652555c67d60d1530,199.89
f7a330ac2902c08029c8d657193a1e5f,199.89
312543d64e7713e1993cb0f1eb618a22,199.89
c9a6410aa7fd6f33bdae09357f8f5c57,199.89
220d30b547b088ca7b34fef7d7a54523,199.89
0805e08d6c7516d177edfe9fc6152a98,199.88
81de1552fff952c8262932446c387a7f,199.8
a178d9b6b37f806862322140af76d744,199.8
c75bab5761473acd4dab00d2ef0e4775,199.8
1765ec5ce0dc49aadc66727d1939f31d,199.8
97bedd5290571f558404057a7916758b,199.8
a06d5e88e559441070e2c1e9d4be49b0,199.8
1915e15858cfdff3c6e7417640ebc5ea,199.8
fd34f9db23889bc5517d189546e18ad5,199.8
b942cab34162601135ebc316dea824a7,199.8
1ff911e9682875f08a0f44bad0807455,199.8
acfdd6d7bd76f2e04b7abc4d0f03f4bb,199.8
fde64bde51785db002967d3ead4b36de,199.8
5c4fbfda89ecf784397c5a99ec36601a,199.8
7ca37e6a93a56f66b7752682d60ba176,199.8
7468faf86269782bb3b6c30713954d28,199.8
68645ed3218b1188294bfdc32e6e62a2,199.8
9583b047c90d4aa1c5c68b4065ba7f4e,199.8
38b44dd008d81d41ec5390f334a855e1,199.8
0fc720fc8c292a9f931206b6dcaf5245,199.8
16053c75a44df0864ae2b9bfcc76904f,199.8
accd76590a428aba5e578d4a7505645c,199.8
b7f5174046bcdba1e99c45d5227ada9e,199.8
172de855fb198a4dfe967b5ce2b21e34,199.8
1011d7384455824a569ca7580acf4fa9,199.8
b2d778e324f021656721b4dc70a2535e,199.8
7132ea39e431e581e7f0fd9f0ef2d54a,199.8
39bca3007293ab6992e74006abc9b462,199.8
69ba6d018d6ebc40e95e53abad57deae,199.8
eee34916bd1e46183d946404ab502a09,199.8
f15272fe9d0e2ae3297185f18d3bac46,199.8
2a56c88f6d8fbe504151a70936203839,199.8
37b27530be4ea765cf8d3cba761a53cb,199.8
fb84af4d0c2aea5932979dd784b1779d,199.8
497c5f2dc03b6d83224538af2398076d,199.8
7c72a0cfc64d38509b262a4e85c84d9a,199.8
b0beebf7e9ddfadcc371f4b51f60d848,199.8
f0fc9cc83d6c7baafa96cc9d3e06297b,199.8
151b3e542a42b9d5600518a7ba6e65db,199.8
f9ea6c1cf8a5cd9460daa137454b73b4,199.8
5a1fb4a5f5bbc3c9df401e607b0f1ddc,199.8
c0677c004d421919dd1bdc646a37f930,199.8
48d9269e44b63f369a6eeb4024456cfd,199.8
6214f10b91457747fee2bd960d160a8b,199.8
a66712c31e8c65998902f67af30ec475,199.8
fb0fe3df796fc48ccdd629d12095b108,199.8
dc8516f3d9bc99049e72ea4d386bc909,199.8
05875dfd489ce807cea1c162122a6ae4,199.8
8e8ee9b08afb49b080d193f98b0505af,199.8
30cd9604d86792fe87c3b31912998520,199.8
b3011b12b04e3e8423157ca40dba4e1f,199.8
77128282a85952600858bc2f4c045640,199.8
d44ab03c3323d22400a0f5bd6943d9a6,199.8
41d9228d4afa508a91c5fc354ce6bca1,199.8
30ec61f9cd0da982b4905051e0faa785,199.8
3fcc800884c4d07dd9b2bef74aa1a767,199.8
62890bed8374aa32f13b9cd4611263e3,199.8
1b373354ee8504335880567cbc6447f4,199.8
6a3291b42c375fa31e806398dd9a6f28,199.8
a3a80ba0dea267641017665d0f9b144b,199.8
44b360a2edd1cd9ecab51f5988ddf028,199.8
164ab4de2cac9c11b767de9010cd5526,199.8
d6f9c41d214bf25bb982f4ee56649529,199.8
9242bfaac795e3df1a0ed8105dd3fd86,199.8
87741719427bc441de713ce2c175bf9e,199.8
3ee53bd204feee730d2a84ddf5e52997,199.8
575a71542cb997454c1c4027271f8960,199.8
6504a3bcc28696d5f441fa1ff7779e06,199.8
d6c73b68a5772ba2a1362a10c697f629,199.75
c52cc5ca33a25f1f2a5e6ba48a1dcbdb,199.75
0b4655859a571e68c65fdd20ba7777d6,199.7
52f1a5dd09ee11c3b11bf91c37585f9b,199.7
6e3f3f19276ee854efffc3be36dbc246,199.7
396327c2beeede33bdfc47d59e31cbcd,199.7
e936b6ad5600f6558d85cc45f50d6be5,199.7
83f98a31688d3ce5de0bc10d5c375ce0,199.7
ecc01a7db7e16645ce32042b7f83beb5,199.7
23bd00261a796afefd758f975351b815,199.7
6e422478a5ccc422a4a7e50df1bff41e,199.7
d8b8d43321df5d73fc4b3aa748ca2067,199.7
433ec07db94cb0bec531678bb93b8eaf,199.7
81bebc06bc7bb674fa6353451be2a23b,199.7
c9a54b9593e4b12f9906035913676e44,199.7
83d7620a04ae7d18d775331e922ccd21,199.7
9730f3658e8ab2e63c59450396dbf937,199.7
cb7e2ee52c84733eedbaac0f2527fe3a,199.7
98b6a69c914d183f551a75957794034f,199.7
c383e9dfe1fff53a63536aa2326052c7,199.7
2483d2afb58562785d0fec781d607267,199.7
36851607cae18316467f054f11a2e627,199.7
88698b975282238781a85ab41b0716b3,199.7
3a6cd1ba814bc549ad4646d791289c13,199.7
370e9b111968bd747c429eb56c54c8e3,199.7
7ba2998eb6ac06bf80e1c14a7f249f4e,199.7
0e72c3dc4b08b7685316c370742511e3,199.7
6d85546e9a590d861adfb5e1e97122e9,199.7
17d871c2a8aaebdb6d8b7dc48398afae,199.7
71b4c6e6533aedf91badc5276da1b344,199.65
d038105cb35ab8f8b3c0575e00873058,199.65
f719c61944872ed2e2a08e03b8902c11,199.65
fa19cdce38b8c388177ed3abbe61df1c,199.65
cfde763c6872e69417809fce554046ba,199.65
f97160beea1a75452c6c192f9e6135cc,199.64
00066ccbe787a588c52bd5ff404590e3,199.6
65ae89abc9ee5d0923cc160953ac86ee,199.6
d5b3ccc1309de24eb31ffe208f6b3050,199.6
1004c05877ddf8196ad1341ca602e628,199.6
21b0545f9777b7436b443277468a894e,199.6
8f2e8aefe35f3bbc037e50fb77b4bce2,199.6
52af2762d97e9724ef7a4f8bcca3b30e,199.6
96d6b58803716cf4a2d006f34c6eb590,199.6
77c6a74373965c4872dfca1fec219d0d,199.6
210320fcc92cdf5c39245b92c8c42730,199.6
8d31d7e41fc13f0a9af55c6547c96738,199.6
f26d2c526fca70a48befbe5cd3a68231,199.6
8395969c05c3191c6c0af2619e7a59c5,199.6
7313faf1758192058cf30aaaba45cfe0,199.6
e8efbea0bb2c1f6fa1f9974e53dcb370,199.6
c63e665aabad5f5dbd0baab40c326fda,199.6
00f394e6fc446865ac4097b6db69ef4a,199.5
fbdfc05b52cec908b4931110f66c0184,199.5
24e735f8e286da301a91d26b847530b6,199.4
debb9c0b178e9096f08c8609c81e2924,199.4
590ee94085c0e61b7300c66a8e2cacfa,199.4
d6ff0729a04abfae28187d09d16d1c3b,199.3
09f1f35ba98e019dc3e29823af2954fd,199.1
90a652848f2fb8b5707218b4f3bbe494,199.1
af3e0b1f2f40b0f33baad5d4801607d6,199.08
22498777e8676fd97e50612eb6bfbc59,199.08
1af8f69352ad57d5c25c74fcea4f36c7,199.08
ae07d43e3347a1b8a2121ffa669b931a,199.08
0e708437e125673358d0d0143b692131,199.08
e6a2d06772c6da35a68f8a3456c5c1a2,199.08
6d84b2ad64db0964502c2a53c65320a1,199.08
0e7697ddfe20700b6a6bbc3394de3db2,199.0
d8c796eaa7b2ae7d0680e2efc8d62bb9,199.0
e9722ab28655e07763e0ca2751c61c90,199.0
0bdaf62bf3211420cb25a16386b56801,199.0
cf1e0f706ac278e11ae052f5399b2a86,199.0
bf346629dac96601cd7683807c690f8f,199.0
e05c40ec07328a784f3105f987d8fd88,199.0
23a678fd737e94b4354c50247e843cbb,199.0
6eb471df44130aef54f5b6b37fa68085,199.0
9f64e91e123214007c18425d4a0be8db,199.0
431cbd59164ac8a5df0a9e257f3b3c96,199.0
40932d7d15803d195250596068d8d173,199.0
c1f49f7ab9fd8f8de7db240eb3748324,199.0
6fb8459ad76b9b2ca0ed241127287366,199.0
d0ec6b822c81c55e3adb5339ae509b1f,199.0
62a247c8f915012b83470a5e6f1c458b,199.0
6d84c78837539026e77a20b3105ec4d2,199.0
fd2f069f330e8205fb45a29fb37ec0ee,199.0
83cdba529e4197c9cf79b45fdcb4fbc6,199.0
8974c83d17dba1c212c98adb6ea6eadb,199.0
f8cdab003c25a5efc111797e8ee9a8ba,199.0
13c42b04f9582eada34a2cb0401c76f0,199.0
bdd71d1ed3a12a4878d61d011209c2da,199.0
7d9692e3a7850c9ce64a089b62a910da,199.0
41e255383c00b16885a8a46c2039f0dd,199.0
22797d6f64e1be43a8c1d0ba31221c7e,199.0
cd5cae2f79217a00697a334d9c26ffd2,199.0
bef97440218f17f5f6a75807e2bd7793,199.0
f1ee7bccd46ef23780664502fb146820,199.0
14c726663ad6885d4bd8fc9cb2ce8393,199.0
996ff76de5c41d5364a85263137689da,199.0
2256823b264ba77c31c90cccb4fc5d8e,199.0
dfe3aca628a60d3258e5cbf50dea699e,199.0
a36ab762d57231e279d1287c8270cb20,199.0
b9c3bd90968c0b0f2e7fd871efa43ae4,199.0
345ccfecbdd9036787e7e52aaf2eeed3,199.0
1d6509f7241d41656e3dd4b9980a3a0f,199.0
438af069bdfc2cdff4fa2b35c3cccee3,199.0
ece728a082ecf5aeeb2e5f295daf545c,199.0
b90bea4e34cc5dcd221deeaa6f645aac,199.0
76a222a1c172c61075fad1bcc252312d,199.0
4f807878f4cbc724cc06a0857fbb1134,199.0
0d9c1897b75f4e73a36afd8a0a622f7f,199.0
1181d20ba074543832905275fd087e73,199.0
5d5f4314bd3d8f1d64addd338404fa61,199.0
6489ae5e4333f3693df5ad4372dab6d3,199.0
6a2d6e58eeba8f38a5119e50e82878df,199.0
684680c60a529be4948fb9373882b214,199.0
4db4ae4cd4ea64dbc61d7c375c3987dd,199.0
d017e0531b5e64f5364e5720c74a81dc,199.0
8369cbdb79e2cdfd8a13ede4ec9a6ab0,199.0
82a5aaed30c2e07b5b0e4cb5dfcc332d,199.0
0ff086ae8a19ddee5fb5ef85542bf42a,199.0
7dea9815eda7c64b6e839879d428e458,199.0
a5f835421f74efb2806c5b07f51ceffe,199.0
f7a62c25dad6a0c5b8b69662e3a562b9,199.0
4fbb9513f4c8dc868e3b3626282897b1,199.0
b799a602477d0a77304a0bd00af1d804,199.0
f3d236884e44aa82b99516b2382e91fd,199.0
887ab28169b9f7f2729f991d0b1eb3ee,199.0
feda036b332e007a11cb6399f3bbb806,199.0
07e1f9d11c41ac087f7726061742bb6f,199.0
572af72c0c050be9defa80e9d5051441,199.0
f45b8234b31295cb26105b9a3ce3623b,199.0
93fa5e2415428362ac623bc88ac0f689,199.0
7c245610a174ec2208ee70ca2b765c3a,199.0
207b2bd9ffdda81bdc8af0c03f5e3807,199.0
6aa0192705e0672a4606cccff89f68d1,199.0
1c0e51107e2f65fda9744fd908c9c346,199.0
61fe1c02cfcba0af06caa5685fec84df,199.0
669f2964029913b6ec6a29354302fbea,199.0
bb992aa0173715b2ec5e1e3b74903743,199.0
3f0bd16414d5fee5cb1d19769c3c825e,199.0
f02997f50d14ca353efc7da32d363a8d,199.0
e6909074b0dc214b991387cb3fad7f6d,199.0
88d16e7065e6a0a5edfceac7ceedd770,199.0
cda1e3f188ae936829b145f1b2f35152,199.0
75f3a226bfc1e775f68bb6a49bd7782a,199.0
c564c5a2ebe6926981e26f3e6931f623,199.0
c6eebc8cc5774b32a684d0437542ba9c,199.0
fc301a28547d4f7a0b7673bae668c0b4,199.0
e4b6766132b13b3ab3edd2b7be4b915e,199.0
c6fc811dda97cfc9b714c12f45e91ebe,199.0
fc849c5fbc7e2b0c7cfebc138886c693,199.0
78ab13e88de03bad8d90926f7a36a042,199.0
51105ebece34f2e9db16cbde7604c79f,199.0
f53b4599eef2ad2abdc02ae35044ab77,199.0
aa49e266efa5eb9965b01ecd940833c3,199.0
97f6911fe2581d25cb4d274e436bf266,199.0
ca95eb21df668f8ccf2e9f213b9527a5,199.0
ac755a7766e38c0d035e20c0bedc02f7,199.0
51f22b9e1e9360aaed6a38906a820ba5,199.0
f45a0f37e04cd0f912eea8adc352011d,199.0
557a197892a569cc513f0f016a7932d9,199.0
2f44de5a6887ace186c43b3d92c0176f,199.0
21e11bcb4f1fee9d56abf583189acfa1,199.0
9f880b8ae8abe8be1c6c0e49eee0d48b,199.0
516b06c0275049f206f61eafe4445719,199.0
edf36208c4d022a97bb82b7c02553af2,199.0
cad95dd35e0f2ec6f2f0522a3fad9542,199.0
ddd244b741e13635a466619ab4805015,199.0
6b3dd49a9dcb03a49f8f7e1848d96a21,199.0
7a8a3c3d8b7e34094305859ce4903ccb,199.0
0b9d93134b0eda9363dbda36958aa6f4,199.0
4b41318cee19efe66831e0b01fd2fcea,199.0
10838612801f7a74e2f5531f7df45ba3,199.0
5b743ffbe37cb532ea15866fd0e5d572,199.0
eac5c7df93a1df2256f7b1ef0e5b9e71,199.0
4e642118496410b93f7ed817c30a421a,199.0
f45be1f885a95dcb91592d65ea0b3ec2,199.0
c5d214fb2765464a463da875f08ee692,199.0
87d23e68b92b0a82ea7d3f297d0dcf71,199.0
3306b138f542d4f9ad7d9b59ffe3b83e,199.0
8a67b0ac7c48474af658fc58e55840b6,199.0
9f2fc58f12ef0419dd506bb2eb65cd31,199.0
fb10b4ac35c8d3b7d387ebc37a500d6e,199.0
31f0bfed6ed789da8198c1478815e537,199.0
fa087843ff42cf337317d1f3f62fb18b,199.0
682bc9b1f26664d72c9638d63de6ae61,199.0
b991e9e7738b7e18b3c43e28c3d34039,199.0
56dae8b071493b64e4712e339cc50c06,199.0
e482270e1e3f5096fde4144bae1d5d24,199.0
eea3a5be72d5a1d6d87f06152f2d2bee,199.0
d797148a7505e4d0976f5b61d1c40741,199.0
af00c20d496c7fece930d562a2e997de,199.0
ada9ceb9a3352375b29919fadcfb8711,199.0
f454ed1e6f77b22f822bf70fc749b4d6,199.0
ad83c0e942a04096b2ffbf144ec21bb8,199.0
fc41187c9c3dace19e633b4895d6bff0,199.0
9e2652c3469d9367573a7659b60a44a1,199.0
4478c8dc1d77c1bfec4e97fda085f15e,199.0
5eb5f6d65fe3717484b8e12ac9a06981,199.0
b009979731cd5472c89849587673800e,199.0
77690d0a12f96fb7df1fc77a890a19df,199.0
4594c3f15bb8ccd057ad5e13b79df8e5,199.0
23439db933ef777c7a62cc7355cfe933,199.0
f40ba7b6847d3d12bba8467f8e6813fd,199.0
774cf3ab054ac3e3400816870fb0af05,199.0
9747f14dc2360f54c41b7b64b93f635d,199.0
6e83cb3151777d36475c5b2dc6790e11,199.0
418e6ea9c4e96368bd9dbf2480ef2c7b,199.0
b0f003ed46ad45423d4e117c617f8854,199.0
e28bfc9e45a64c306ae48abfb02e573e,199.0
8abcddf97039e2caa85efc2851cc1270,199.0
4c61ff94fd292ee9fb6e810ce986f5b7,199.0
2d1110f76aa34b415f10a7828c7647f6,199.0
ed532487db04478dfba09d112649fc13,199.0
f698ecbcdf5e7530bc1fb607f8407479,199.0
9e01f714a2b3b8962c222cf2b74c20dc,199.0
bc0a6cbf514a4029e493d2bd9bbd1e0b,199.0
299cdc3375f721a2bc596cdcc68bacfa,199.0
920cff83215b879c9ace7a9f450c5238,199.0
512bac2ddc9c18547a0c173e522d1705,199.0
deb227a8db451a4b1524b5cbfb45dc8e,199.0
488dd91f70d8404b2aa677cdc8a0de68,199.0
0bdc7d7710cc0598046e4134d8a6af75,199.0
c78d2473fe57958bfcefa8a3e20aeb8c,199.0
14186beaa17fc3c147b7018852d55c04,199.0
8bbf21f65f542300bbf3ef6012820922,199.0
8392c78357bb44adca4a1fcb344a6010,199.0
018546fb1415356fd93cbd77a4338124,199.0
f1b85d7cf113664b6dd49f3de3f9355e,199.0
c437d2ce8145895f0e3bb3cff1d49833,199.0
f61f0bc0c9355ff3faa8ad57f306b783,199.0
cf1ec2659f4b1f34f858a0c25e1d5d1a,199.0
47c0dc33aca81e253eeb1398c2327b34,199.0
dcad1d81f5929fa310a1a36681535e4d,199.0
af79a103d1cc45faaa5b599240c647f8,199.0
06248334dd53daa8b7aed74c27c6186d,199.0
5d433e3929682615ff8bc5c2481e3f3e,199.0
b615633a738a73059b49ddadac8cf1e6,199.0
2468eac8daf0e31ed4c5df419b32edb8,199.0
c0349359dea547c1ba76e703f8b3db6d,199.0
61cc0e28471e6851f580dbdcb60854e3,199.0
1b5e997904377a86956c021165c14e4c,199.0
d1978f0fa5260fa6f2cac38d784785ab,199.0
f4bc5b311754316d6eead5d82257aed3,199.0
045af42c1cdb848f5364dece77e9e08b,199.0
7e85ee464cf792bd464179209a13b849,199.0
5c2252e80398f0d74434863dc25faf92,199.0
7411191c690609f0521c7911833402b8,199.0
8dc0322817620f287ac81305111678af,199.0
8d0c2ae2c7b532f0e90bdd06bc9a04b7,199.0
6ff1ce1223fc24d2a1e47c4f93c3ebfc,199.0
682a5ec271640280d52832cdef1f1b57,199.0
6660fb67b7a37e9e3542b5ad38a5f2ad,199.0
1dd73829c319153f6e6cb9231707eb44,199.0
f5b2a6ae3c8a7478b891e4f150431c0d,199.0
1bb7acd4379665fc66db106260c38b0e,199.0
34113dc1804eb1c698d17556347b8d03,199.0
c8672896d5ca592deab963239abbc74c,199.0
67f5e7bfc14b8fef4142a1aa63b12de4,199.0
6931756abfcdeb52082dc175f8ca0fdd,199.0
dc2328555ba9ecbc494b6e4214eefbfa,199.0
6e4cfcc4784ce86f8ce3671c2ebca031,199.0
3302a1ea4704c28ed03c480d2adf369c,199.0
824755e9d32c54bcbcce34caa2795dec,199.0
f74562da630b57572d1742ba2f28b662,199.0
14afd6611044699b2f2f2afe32af6cc5,199.0
9ba193141c17b861884c09393ed712eb,199.0
f0d4bdd932dfae3cefe3ca439434ac0f,199.0
1052ae24b3c5acdf4c7f5d4165a11dbf,199.0
77ed5ae0acf4f7fd1298ef46f09eab67,199.0
f36896ee9f1173ab26a7fb902080e060,199.0
65893fec38e42fb5882899f961989c9c,199.0
adbcf3eb5f2914d148cfa1a12aaf8dc3,199.0
e2f023e08f4270e6c662d8d519637003,199.0
e499450a060a376c46c82653e112e81d,199.0
2a851126045f8187455b0184079abcc8,199.0
5c56ccc96c52168daa5ab5fa7038bee9,199.0
dbe6581d31c6404b8b3c07dbf954108e,199.0
67d32f7cf571df84777c23b64b972be4,199.0
e0d55c4681df4474c4e410f06fefb339,199.0
f61ea035ede911fc92ac92b1311f3a48,199.0
ca9aab3e58a7f76466087f26cfe4b41a,199.0
78affbe4e580defed5ce9cb8edb373de,199.0
eabf770240659f7a6d09b11f12f10f89,199.0
6c347ef65dd574fb9c2d654c3650fc43,199.0
ecf80ed10beb4a60cb2ffb31bac3479d,199.0
f7541e41dc3e05412c45dad58559305f,199.0
d7bd9851956e423274945459c4ec7af8,199.0
810ebec1115a836e0ee7e10b5af94309,199.0
b21abdbd6175139c4e9b66ee64f9c87a,199.0
a974a3f25d0ae78b4e8a72714222c70b,199.0
dc5e8db48a49602f506e67b843668d72,199.0
1a6f0cdd863b091f019a3fd3e38e71a7,199.0
8216dbb58369d7e43239401a4a9e4f0b,199.0
33b1fcc0d244ba808384b9b3df985450,199.0
d9c2e17e0fbeebd71fa661d9d6bf65bf,199.0
5a75f912cf58c6a779d2572fd7ef411d,199.0
3684b9a021a6b089ef00ff9c9b07446e,199.0
40f1bbcb789024d217509ad89d2dd556,199.0
ea5c1717d00d855dd906b7a42ffb65f4,199.0
8955805943d3a763a7f487f068a7f753,199.0
07998476885892461cbb12557419e1b7,199.0
e0dfe045873912a1a09b825844b2165c,199.0
2deb1b71301af93562fe892026531417,199.0
0f3c4578cc4133c0e29cf96d0709d28d,199.0
5a71d60e1d0bcc0c7de712b3dfd00e26,199.0
dbb01c4154aa3ad7beb016b790d23ac6,199.0
69f645ccc229773483d2432687142f71,199.0
87c2309f158171cf01fe60391178188a,199.0
3d07b70ec10c036713bea645e03c229c,199.0
69c43764dac33aa14705f91af3565860,199.0
5bbb6f9207a1c6511d9435f462c66c75,199.0
4fc5d73f2c72dc2ac18093c49be73a6a,199.0
d87f79130c738e4ef767863dde2fe283,199.0
aa99ed6019be0975bae06ada5791c011,199.0
7641b48b8bfb1b7a75fca3244ed99e0d,199.0
71661755cf870f55866a79e5f3191614,199.0
596476030ef36305e6dc6d82812d9ea0,199.0
306b2b6a7eb2f4c2b1088d21036f55ab,199.0
d8f2d04650db8e8b43d2bdce53ddbfa0,199.0
d1bae39e16e67e0de7db76605561f3cd,199.0
ae465bbe84317da88ae36da295a03275,199.0
c201c80c97c3d9b1c5ae6e363e808f14,199.0
8785fb9182b02416865849cae455d154,199.0
4eaa399e3bebfa914be5e064bffc323e,199.0
06bb4664cc9f34e9b19b75cefeefbc73,199.0
c5dbdd1c279eca001d619e8351528d2c,199.0
1af8d640c317b12571dc17ff39aa246c,199.0
b566e20417d28f6bc7eb73b1d261a680,199.0
8be2f2b274298b57c07e4b55a77ae11f,199.0
3c5aa9e8bb943cbafdd0ed71feb55d7a,199.0
421af3148f6becb0b5a67a98e68987b8,199.0
b053f034b9a230fabfaace6e7cdec183,199.0
45127f59fac3645efb3f2c3c185bf0da,199.0
f7d648f9c1cc662bec12f84a49b1ecb5,199.0
5d5607a9bee2ae41ec3cc5c6dba540ff,199.0
642adff2ec0dd9a829799f8fa4861198,199.0
b5d838521379fbc2a2e8c3f360f57e01,199.0
21f7c79d481a191d3cde77a97ffd20fb,199.0
2ec080c183f539ec92cf224883ccbce7,199.0
30bf893018e91309b87a1beba9915f56,199.0
8ed14e450a6268ec13f325e7c2eafeed,199.0
c015a1e9dfe7e60a802b1e3bdc882e08,199.0
55b50a4395d1cb6e966a0c9604c4a1cd,199.0
8b828d6a4f94c2a33e7a705c2374199b,199.0
bac45e356238b5c7f36adfaae8a23c8b,199.0
05a0af0b2fb1454dd6d697eca5e7a1d8,199.0
65d7cc462005f69879cfdb08e058a239,199.0
1c656e83baed5d0044cf64449d4d4d39,199.0
b661a09416cb2f21723aa3ad12b40a1b,199.0
6660b4dcb6bc876c71cb3f2d8de060dc,199.0
c342d658b0fb72808f00310ed37e63dc,199.0
4d8fa2770548b38d5c9c1f2e18663429,199.0
8c227dd7fa82ab7e110071418ac859b6,199.0
473412ec97c341be490318ca778cf88b,199.0
3ae9e0f1c44e053de994e63d5094286c,199.0
9468602db2950cb719a810885cc9773e,199.0
2aec499f94f5e82786629a84b816ffb9,199.0
fe19d605ec598aaf242f390f67ffbde3,199.0
d85434d013944282b70711cbb004e3ed,199.0
af9aa4e50115ed72395d60c9c79077e7,199.0
d1d67e6e2d57800a09b5fa607ea74f89,199.0
30446ea2e198de0fd4d7a05ec53c046e,199.0
5de1dec4d4b43067084f74e791749ea2,199.0
890bbb1c24b778301acaeddd4eb61afe,199.0
e081a4fa0a267bcd8c2da2513752c68e,199.0
b9df1513dfa3cade0bd5c73521d83608,199.0
7f25f39f0ad8473a2c14772e1056b885,199.0
413dca4652223c3bd75a6aa1efd52c5f,199.0
88a9b809cb9f14bee2a9756e44680552,199.0
d8bffb0086cfdfd4a2139d7c8a461106,199.0
bbd2d195aa7eaf73da52f0095c5c1fe7,199.0
92689a9be451be6bb89318275746e675,199.0
34d1956f9f05d975aba125cf29e43403,199.0
bbaae092a3ff8f60678b288009bbbfe1,199.0
ff20ff0d4c2d7dde8622bf9875f32455,199.0
5fb60641cb69f3280ec3caed3d6ee1f3,199.0
5dafa7c6ef92319d160eaf859fda0aa6,199.0
a151d0a2241b8c783549d938fc850ad8,199.0
fe2b23d587d23c14558738afdd1470b7,199.0
41d7e81f19a029d8c0b56f7898398b2a,199.0
422fe1142d7c4fcb0cfe90720b24163f,199.0
a87e87281451528d812b9ad2d9d82abe,199.0
74fd1de60f458a07ceaded11a698fbc3,199.0
87b5d2464401b73336fefb8b1e3b91c7,199.0
8b37fefc7800774e24d316c4c9cf1deb,199.0
1327ce0ab1e8ef67113da7aa01967f7b,199.0
298bca5aff2d6407e8f6f356da8f4353,199.0
86133f83f0ff5943ee3c2d307fbb61d7,199.0
930e15ffc7331e28283aaff828c3a1dd,199.0
a7b38ad4f96bb76aa8900033476aae3f,199.0
4d34c9e542ce59c69e76a9a4faa40595,199.0
2d7fc7e83eadf30376346852ca3719a7,199.0
5daf11ca34a2ec028a098765aa3c891e,199.0
4417d6c2ba733e15d2757f966ee1dcca,199.0
f73600d04bdd11ef1d6f4b53165b2f00,199.0
7c4e5904ef1afb0cd43a369ea4dfd2e5,199.0
8bb898daa7332ba25d9d94d45c90a790,199.0
6b3d95268023f35b096811b8834a3d03,199.0
3c138c472fb6f243ea59fa2589b20440,199.0
18b9dfb260a90787742abd090d0d0f30,199.0
744ffbbbb5e51c8c5ea3f12cf97d7f8d,199.0
1d17a1a799c8c9c248c1816d48b5a689,199.0
13ff63c985eeab277068cce1ab3dbf50,199.0
ef6ca09e06b51bda93c1018d193441a4,199.0
5cd705f1c11d370de00ac8b8cc995205,199.0
11840ed3e99ab94daee0ffe58ba143e5,199.0
c829c3889a5a46c6a74212c987c1a78c,199.0
3dc0c2303d013b87d11d353c2b23ad80,199.0
d5667e555d7e4093f1470362e13f37ca,199.0
9891050c95b9961411bdb5e545932176,199.0
0bdb856d27087ad9c34ebc3335ace6c1,199.0
4fac7263ebf3ec19c8ac5f6b2202b38e,199.0
a8edb87d848c12b4bb341d5f7641a942,199.0
25fd7f2921cef8c9a93ba42b17f17840,199.0
44c06406e992109c1e84c741a2faddb1,199.0
fb082762e5a4e41cedcf439f6f7b32c0,199.0
5a36bd2a84d5b3f6ea920871476935e0,199.0
e9b740eb3de4a7e8a66c891c777b87f8,199.0
4e364c106217fcf45f21a4db793866bb,199.0
8fc86d31af29c9a6ef80c6c950666adc,199.0
e5ccfd48cc43aceb9d93703b68d8aad0,199.0
f0cda565d6b10de99429432cf0a5d4fe,199.0
70b4f517e70958ae78a7845ea5248d9d,199.0
fc2c86cf520547aef5ac0c410a6ef7a1,199.0
dadbdb7ece837bfb88c93875df963a35,199.0
a203982ac5eea35c3c5d90f6df90c401,199.0
f2466a19138a60af2319a3693c6b2b9e,199.0
76acf234b7ac154f7e0033ac6b88808c,199.0
9b25c5c00e0f24ef535c3638d1a8781e,199.0
3ba47b09546c2da91ef141efce2d5888,199.0
491b53d711e90db8195ba44d40bb83ac,199.0
8cefa3f70ed73678ae31bd3ebf441aff,199.0
84874c595637bb7aea0323c01a7e9c92,199.0
bc4ecd6bee226a3064e6f48f3a67be1f,199.0
236ec63256bb9c3e17bf8a07a310e353,199.0
b6ab7cabd5b094d098e1a1557a6d3f0d,199.0
7e660d547620c36235229542ae7bdcdf,199.0
dc6c2fa08420a97bcac582d6cf08742d,199.0
a5ee2f393f8a0fd11bddaf08b7e44212,199.0
411373e81bbd24b0356ca1274e9c03fe,199.0
77f030ba93444a3241b1ead8a9a0dd30,199.0
3b392bd77b49c85730de003f5c324e10,199.0
02cd8ee24434a2bb2574b61ba5f659a8,199.0
fc64d36cb6c7a53dff087efa3651d2ef,199.0
51dc1b98963d078a8af6b7543716815f,199.0
46a88a4a39d8a33d8a93d7e410e43fa4,199.0
8f5c0dfe51ad002276980a7bb10b338d,199.0
c887b83bfb0882c29183ef4bb90a1a2f,199.0
9eb27cd8e9d5d572e11f99ab3f3530bc,199.0
1f76be603ec8cf2834211d958c1c4fa4,199.0
ff9ab15bf5b8ebb3be91a6170184a38a,199.0
226c3dcc38c3e3e3e76c3717f4e2375b,199.0
40915d2aa40e340e13b8635cf59048d3,199.0
67fce71cc00b76f5078ceecad54dda52,199.0
d6e565ef81b0c1256bf8276040252672,199.0
8855792eace8b4d11cfff9585e2448eb,199.0
87e15e07277a925bc1695689f2401711,199.0
ed041abc2b26793a0c64f880fc39a295,199.0
e4a07e0acbf6db3487faa3b2932cb400,199.0
95dae130fb66764ddf9b336eb1620d9f,199.0
b2dd3429b9c80e9f1d519af8a7705833,199.0
124d228fbb63b271ac5a81ea36b43f39,199.0
ea15bb903b8f82b3f8ebdb8a9f305154,199.0
4d45f5b1f311c511f6410974f00b7e23,199.0
81b3290979f53b17749b77be9fc82279,199.0
59ccd68b1552f41045c3fa7e6402144d,199.0
dd0500fbeca7b6a44d76e0af4d45099d,199.0
d399bb8c3a8a46533514b092a13652be,199.0
114ea8d0bbcf1c2c689ebe02cf3e8ec7,199.0
7a091f9ed8eb69891c389f7fe03f19ae,199.0
2ad205cfba7e191089b244afc271ffc7,199.0
e4db39923459dcae0bb7ae891644f656,199.0
f8065481b7b66b8eda00febe4e98c61e,199.0
ab90a48c16d5533595fc9f34949a8170,199.0
0667f9442ea0fda05f8e5153c837bf7f,199.0
d45f8333c8aa989e25029e9e0cadcf7a,199.0
370b23162b4b1ad3368af5d91a9ec443,199.0
b6ee80458bce711275a5831a1af07048,199.0
aa2c4c511e308053dcab7fc8d1000604,199.0
cee73b4a0a763b2ee84c418e32868e56,199.0
3ca18278aa462567e7bb52302cff31c4,199.0
4d2fb8ee0046977b8fdacaed491d85e3,199.0
9404b12eafdc0f385da9b66d39a828ae,199.0
d2d75b50904ca9ca9d2bb319fdce4781,199.0
29583a7a872a08058879bfbf416409a8,199.0
573b52edbe089b1124b9ab66535e07d6,199.0
4f1bbce28fa7e3c6ba327eb99bea5b62,199.0
9daf87c91695d8cf63286463cdc69191,199.0
1dfd48301b28878efff134d241e05a29,199.0
877e706c542a3af30b80f32d160dd874,199.0
da4486c297ed3a392e9979cd4c0cdea4,199.0
b767635cfec53fe6c73b0759d272366f,199.0
f59bcf02757dd0a656acd021758b6b0f,199.0
1cabcf0140fab47b6bedc1a05f82b8b8,199.0
4a4e293b1568b8b1b0b81abd7a10515b,199.0
b384bd5b0cbc910d849570b54359414f,199.0
cdd41d4855ed541bf86744974bf4d2a0,199.0
a704a342c9c7a6686554e5f5932c77cc,199.0
d3e3cb2b2922f53b23b090d9668a1b13,199.0
a7994f163edf8455763d1630fd0fba3f,199.0
cee7f6079c308086d66b155a3ef25e72,199.0
3197648bc591f89b9b15d647c1ee1c0e,199.0
1c95e915c23145ea7853a7a64bd396ca,199.0
c2cd065252fa7ad04274d9d69dd9c09e,199.0
253f6cc72b9101b65f671a1ffa586544,199.0
af1a1b36e6fec8d5e9afb04504ceefd6,199.0
7d4b34a3bad8615a6a8c7dbb11753f6c,199.0
03ff24a1feebe22692496f9d3996438d,199.0
fff25ab9d3c9ba6ad8119576f285a3d9,199.0
87d9d97eeb3bc6c5fbfa170798b72ee9,199.0
0d801865cd313be33b1ffdfac6b41936,199.0
08e51bf520ca8cdd5f95c5f38192598c,199.0
e0ab3a35e656478daf236f8b78091496,199.0
5ed1dbb44e342150382decfb70910eed,199.0
8f9c453d4c1deab9d6ed3da172b94200,199.0
b971dec621e1f3d9fa43a12280934b12,199.0
3f9ae5ea24f0d1b28473369a0778153c,199.0
e1e9c7c539b9c41b94f408473000c75e,199.0
65b56ee59c6692b5325659ab6acbe62a,199.0
7a07803f009e64b708ee52cec0808f85,199.0
f3dc55ecb71ebe4066a6efc57c6593b3,199.0
aaeb5402d84bfe206aad4d8d606ea81a,199.0
85968af43705828acf7ef9fc0a61d1b3,199.0
8995948deb6e45a15df3420710e7f836,199.0
2446493153fbd0d91d59db97bd08daf3,199.0
84353738a84112675537c08797692415,199.0
089d1516887ddca8fe02ef9df9fe1e2a,199.0
0ab3070066ef0b76972bc47348cc9163,199.0
5cde2eff682c0c9087ebd5d66e87d7b1,199.0
745454cb92c05df2dac86352cdad7d65,199.0
8bcb81dc6c177a34281944037637621d,199.0
cc8b6bf7c757e83ddfcbb9016f9261b9,198.99
ed5ff2f9847b4a2dfef2417593b8681c,198.99
bdf6da5d10ff52dbc752045458fbd9c1,198.99
77868e0843a6b67636e8916c2d213f3f,198.99
e922966c2220982b15f19e2d22336d5a,198.99
5218278c410b89a0132e8f53d5cd5297,198.98
f3de897db02b60ae259ac54f92c43d17,198.95
9e805b75d4ed5080a57a3910d09276f8,198.95
b269c8577df73e1a6385198208cb5ad7,198.95
9bc37668a78c2d55db617f01c2da9e2e,198.9
161045ee99ad91883dbc1a6d26127785,198.9
8a559a1732fcb3e7873b5a56267568c3,198.9
35de4cef6b0866a231557cdb5a0ec4d6,198.9
5e93b0062ac34436d51db9baf96e111a,198.9
0bbb36dcf7fa22399f3ca7ec6f22e077,198.9
e919c40f6a9c942c75efe9d5afd724a8,198.9
6d5b4c9ce06ab89ee2984745c1cf699a,198.9
83a993fed3d92d85d35e923ee7ee090b,198.9
ef6d8ec542ff0844e7f4355cbd4d5697,198.9
47308035f95de5bc2318495736c01482,198.9
3e76eb7fa8f981a0e5adc2e3f2351ba7,198.9
c6026ed0b2168a33d2d720d2c1b7a83c,198.9
7f8cb95cc7e2bac16da7219fa5016160,198.9
79e685c7b24294ea3ef5043b2a5e2300,198.9
d9c0e160644b215d59eea7570f2e231c,198.9
45f03f88bd8f121c974acbc79549be7c,198.9
0a8063db2632efe502814c8917d7b4a6,198.9
8735606d69cc6187818699c503ce1832,198.9
03b4899033e1fd024b660308eefe79f3,198.9
c00b382ae3b88e40d545d4ad2b5ea121,198.9
9a53e5b5aa1200a59fc2b6c97a4f5c42,198.9
3df5f3d6b4cbb719bc6d35ca6f601568,198.9
f3084e580643e82bf08226815a75608b,198.9
af9515035d276b3f7bab3727a8ba808f,198.9
657df615e86dce4fd9723ad0038cac71,198.9
a880f8d0c075976e7d2c54dc556779d9,198.9
c1e9dba3947601bb23131049e3ec1952,198.9
a5d2571dfc253c76c3e911ae2e45085e,198.9
3ac6c4432699c5b4495a786857df6d14,198.9
29e7a938492cb8122fce44bbe605f274,198.9
7c6be5f52c68fffa86b02b20a8df80cb,198.9
b5071ab8f378eafcbbbc5f19e298ced1,198.9
f6aba665faa637735e3de8c387e9fb5d,198.9
1155d0a13041ffd8c90ee9cbf880b313,198.9
4ee37274d091e7e0ae7d61d1ae0a37f8,198.9
c2f76baedfa97dc5e933aa93bd6a9429,198.9
26b37aea51f367cc0cfcf19c80944e58,198.9
fff93c1da78dafaaa304ff032abc6205,198.89
bff79ac2dd5a3735291910b86f6de25e,198.89
1db9b4524b0798a3ee902d3bcbe087fd,198.8
f4ad66ffc7ef5fd7ae997077a7c10e89,198.8
b3740f9a5a2e7f17ba184a16b5754d7c,198.8
38938c4aa7efccf83e6679291c4d1004,198.7
223c0edeb08f851824555202d03e9c1a,198.7
fdf3a5bebc490cbd7a8512395e6cb12e,198.67
6b22640c0a5863425d79c314f31350c1,198.67
e96c4cb2f779010ef7cbb5588ca65b5a,198.67
a5d9bc45da6313c456b52a0d2421b218,198.67
ee185cc1e2f628edb1634c85c6a8cd20,198.5
3e3b46e6c6074648d383eb1024aaab91,198.5
5d4e8d00919712f3be00db60466306ef,198.24
a866f67b44dbcc8612120c2bc59fa171,198.0
f3ea766418f91a35a84d530bae7787ff,198.0
9e77a8bef5c8d0d18d57eafa802300c8,198.0
83602dd01f4224d880dd8e51d053e967,198.0
e8271feaec86ae7151bb633442e366fc,198.0
3c6764e3907fcdeaff4dc57c74c05a24,198.0
f0825264fd1d7a4cdadaefe21ee08fb8,198.0
a576b34e3dcdd8e1827367cad95ea440,198.0
59606088131f94d6e5cd764404377a6c,198.0
27b939024664f89f9ed6d687e1265de0,198.0
133d446a88638f9aa5aac7f8c5e5164b,198.0
1063de5cc98f570e53eccb32723746e2,198.0
ce78147300ad685730e9374522c42a39,198.0
eeb87d5be19d54c93c3ad46e5a882be7,198.0
28b0260ad5c1c14102f3a9ec3ab5d6be,198.0
494dded5b201313c64ed7f100595b95c,198.0
66beadbcff140118a939ede891f05d18,198.0
71179eaf4b20880be945cfd2a5bc6084,198.0
0c5eb0e9e15cf4e836c7188ece714fcc,198.0
2128111e20da14bbe224cebd51250888,198.0
c1be695b994bf4b1ce2619f6e5212541,198.0
c9705d3d44e65233cf06d01ede8bb45f,198.0
5b2e218f36d883174900b097068df0a0,198.0
97b50939d4b8da29f262e503097841d5,198.0
921df0e199c57f4fd686b8a141fb9b86,198.0
48f7707d8436ab3d8549abb02f4715b1,198.0
fabbcadf829676623bc7e2ced8888343,198.0
e88d4e743698d9ff2690a7bec36cb88b,198.0
9aed6fa0db5da18a5433bbff4ef320b8,198.0
4c9b886e126801672007699045a20af9,198.0
0660653f7367d760f49c8430de9c6263,198.0
f4f17362ea84cef21eaa45c104e816e5,198.0
51620c2de1a1f0ef6e6ccda2b0c1ef11,198.0
fe13bf26a277dc7ff9c2e79d43538ba2,198.0
038302481fecf4b95852065a483b8d95,198.0
5966cf45badedcb1b2427510d42f3d11,198.0
7ec9b1194543f84f4ecc13ad66467fc7,198.0
fd4a5f09d0ea897a218bc71fddcc3e6e,198.0
2b8d8c09f1f53771fcefd8b0e8ae7b60,198.0
e5dd6c9d32e189fb4b38bb071984a888,198.0
4a1bdf4fac99c14d55e6a7caf7068d46,198.0
957f96c43e293702121c80c5d366863a,198.0
470cff54aa86be3ce142cc8406ad2084,198.0
59c0ac147fb499a0f14577f508a3657d,198.0
90c13692208665d7d46715508f64c873,198.0
093cd8998b382e15fec8f33653718c55,198.0
deb60000dabb838efb3cc3e9de7961c7,198.0
3b437bb9a2bdf74dc640da169e25a15b,198.0
e5e50b9e762526a12499a7bb4e97a862,198.0
7d0bedec9b248c16ef988e470f1c801c,198.0
bbe745a98d9525399573bfb082bca172,198.0
b5d539df1209f51695e746561907cd9e,198.0
bc853fea82ecd9031832a7ae20162ec3,198.0
3797eea608b59349323470314c214947,198.0
e6a35efc433f99dc6254e33e86a2dd42,198.0
2218eb19c121b3d073793364f63dd895,198.0
38db9a6684eac7a77ef71610592e409f,198.0
015faf9ec36eccd957c0f2782aab09a4,198.0
7726c0f6652be3a189429a41a156e66a,198.0
0b7d82e753f361401ca599732423ae82,198.0
4d7464b36ed0d3d31de9a3275be94f7f,198.0
079b8162b000fc6327320f6c4f57ebf3,198.0
bc968b98be25adf5cf08936c394b6b99,198.0
6348d8e73c3d01bb030637817b424016,198.0
56ca9dd30b41a32667730b7b3c9b7ad8,198.0
a37f4486aff8b096c3878e83a2ae0f1a,198.0
0bfb2fed550e74483522a6712b69b7f2,198.0
fed4f253cf34addfd6bbc74950f85f9b,198.0
71d8b370aaeded50c1c23aee760f79c0,198.0
c0a679f086bb9101ede30b00f5a5ad64,198.0
95f1c19c007a9e92d436534c97f17b43,198.0
72c1a2258eaf9420206a0a13cb760b99,198.0
594ceaa56731ed8539ea1b5437d9e311,198.0
655c2888fe0422dbdcc2559caa57d60a,198.0
336efbe454423ed05946e5bdfd1810f7,198.0
dbbbdb6ab9a7d8e3fc39a907f456bf19,198.0
b1afa5f32963cc15625447d630ab6f7f,198.0
36d3603a054c833fae1410c2bea687ae,198.0
33af4cacd6d2dcf53a8ae1bae9e107b9,198.0
002834b4d901534f48d9e9a72047b288,198.0
1958ecc55a91fb365b6c5671f4c4b9b8,198.0
7e3f0b82fa1fe7ad7646c76393490c88,198.0
d5ecd7c4a6c1583c8b8796d27272ddc2,198.0
ff3720094423c3ef3b5635ddfd6c4bda,198.0
d177bd6051d525711221cfe59b43aa3b,198.0
9272c9373449fa586ea14f425b5497a7,198.0
81dc9718edad35c224a7256232ae104c,198.0
cf21508ea8c586380f5d19af2bde252c,197.99
1596f3450e07b5743263cf514cb9c829,197.99
8a17fed2c873a4cdb70a2110ff34bb77,197.99
9781b638c3b040f81afc6d7770bff92d,197.98
1b2ab6eda1946a6ff386b1ae51431344,197.94
01391e5f325943c1d9dee9e6202aa7e5,197.9
77bc6647d4153a4c9c2e74549dd1629c,197.9
fcab992f275f6be6560db89992f93701,197.9
b3d9a7a1e8ad667ffc19133a44b58213,197.9
cb694219846bd216f5e9f9e147ab7163,197.9
0b6707dd98b94c2db232fc406ceb9077,197.9
fc97d2cc66ec9b7e1e09fba356b78467,197.9
f8d4fd17a8f45986298a522b397522d0,197.9
9e8a0bc9cd150e543c8c6f749dea22f2,197.9
c29e3f619b98fab35664181a8b8d9ab0,197.89
f6a9bfc46722d91dc2306b08a0b8e11a,197.89
9ba47d5490ca6fbd03d9ba1ad552b215,197.8
86d55c1416082f5a565a05e62a32b091,197.8
897be40d1ddae5f16951ff91789beebe,197.8
ab4e2e353563b0bca4685a2253d176f9,197.8
50be8a052d526baa0d515eea26a5a6cf,197.8
95702279f83f435c44baffc96007cfea,197.8
4b6feb99e3a796b2061b5a290cb2b2d7,197.8
8c0a260a33c95286a9a851fe8bf42797,197.8
0e18570c0046b7b3686ce9a4164ae121,197.8
ed9c6085da361dd489708c34eafefd39,197.8
d15003ad70a7b2ab161ce123726d8048,197.79
e648e9f600dd3dffe651b1d7cd0dd0ef,197.79
9ae6a1c35062a9ef885bf22b62970227,197.78
13f798d5b61ca9fbce91d7d2732080b1,197.7
7c176c08ef456df175f90494caa9074c,197.7
073c73d89741b48ab04ff4660d413332,197.7
eb15ecf96440e8472dc1931d54c1c937,197.5
91418895be4807d7cc617ba822fdc1ff,197.5
cb4a25628c79aab4a0f96c836c960eb8,197.5
4ec3c1ee5c1f2f468a23a948dfd03f79,197.5
3c63f8d42f00bdfbe5186b07386e73e0,197.5
0fc669535f55400d3bca501dbc60a5df,197.5
aa4eb9272c6c81c77a35150f92e830af,197.5
e769dc265dadde9a906e2cd0e127f2d3,197.5
8b764bd5e763af6c2154cebd54e1f66e,197.5
cffc421e3853c93e511c2d6abc520e12,197.5
4f7d9e4445d5919ca479fd6859374094,197.5
ccee3c453c3fe225b0beb27d9638d284,197.5
5ef9f4ad85f059d9eed644040b65fdee,197.43
9cedc0766adf91a041f5723a74bdbf87,197.43
e7823ca26db4ecf5dc0e4cb58435b0e6,197.4
ef6b2b4d3dafcaff444be4b56e9edcf8,197.38
0cd67820f456209bfe3d280797e577d6,197.25
e9957015777b9fa682e9cab2e94419b3,197.25
5707b61fe695848897df1da746a1fec8,197.25
bc10a8ee2102856c0b67ca904cdc4af6,197.25
8d1146d07386908aec9b6c439b5d33e8,197.13
5f2cfa9c8c34ab5d785fbf253c63b930,197.0
146382aa0321176044958bb471c902a5,197.0
efbc19223e3971b216caf4bbbba18df1,197.0
add27410b616fcff8fbdc616ec5397ce,197.0
a9b092e07636a2774286bc1b77d677c3,197.0
77600fe80053210fbf53526d42fc1b0c,197.0
2fcb7134817794819a8fe5e29c80fb9e,197.0
d3ed0bc84d6917aec56f78c98edeb2c4,197.0
d881deecb3eb4abd1661984f8429ed1e,197.0
23dadcb549445fa5e15d7bc5cdf682aa,197.0
0db6ca6d0557c5b2358816e1ed450384,196.99
96893778bb00036d90c7c6c8082660b3,196.99
24e316e6677cf2d79c36e9d56314926a,196.99
5eff91883bfa0e1c833a292e1a30e0bf,196.99
47acf38bb484855c8e70a956e4807145,196.99
80025915b2b4d9a7acee5bc82c6ff699,196.99
2f9c4a762ff5200686bef7489e05e0f2,196.99
f84a84e29c14ad446d76a1efbd7d6464,196.99
49de7c04be86db34077eeccb3bd368ea,196.99
5f001bd9abc7f01ea36f2dd6f73bb6fe,196.99
c4906d9f23c3ff2deb2941f5767f88d2,196.99
8d087e1ce16374d733458b3e018ea4e7,196.99
61a03311eb27298ca1cba139fe4f553f,196.99
b5ad922d0e543779627a2550706c73e0,196.99
e5d29808f3888040bc975ec2607de169,196.99
89064eee00c6c9e4623a0193abb0d149,196.99
8abfeeb7b843cfbc0f5844addf3a4880,196.99
dc312943c0d59bc2a318d289cd7beefa,196.99
bd6f301e48ee563b392581fad5a46286,196.99
3926adbfbecd9bc9746045fa0fd01519,196.99
cd4315960cc06b1f74525b160643e3b2,196.99
a2afcd1851ebd758bcc566697c69369d,196.99
fac3296ec4f116faccfa6a6d7e18b42f,196.93
f52048aa7c7272e8cf66d63f3e5957ce,196.9
c5ef4b508381ea9766c2d7e798985bae,196.9
fe250657d695f666b5f59845eb482823,196.9
d948634c15b10fd34979b0d2d27ddfeb,196.9
264cac8f9174a00df2cbee938706ec30,196.85
93d186739ba905a3489bf2f239a97167,196.8
e79287928f6f8b4e1fdd598c3e0b43e7,196.8
4f24efa07ad431bbb04c7f1eb54a19bf,196.8
d1e9fd112fc30cbfc329679820335bb6,196.8
79de53946db384e2d7a9bd131792ad17,196.8
23706c2bdb0f3c73d411a126e1cb9a7a,196.8
cd799fe9c246bf43b019cca3406afca9,196.8
906e77e04c502baf17ad58162217da39,196.8
b2e849e5734ddf100d55ad8852646170,196.8
ba0660bf3fffe505ee892e153a2fbd49,196.8
8c578994558c7dfaabf1cc2f868d98d4,196.8
418a7cb3f81f06bfe99140e3ac8b35d7,196.8
6a3e325c41d9bf26e23a25e1158851fe,196.8
17ee8098eb758ef96941fb81b414b364,196.8
e89c6f31f747c7f49146a76efe687984,196.8
db1b21960a9c96c9b4b8a1b0e38b8341,196.8
f27aac76508cce8fbeb35feef10de23a,196.8
7071ae1d5f4717f7b02d13806ad39c11,196.8
bb3a6c24cbc3a31e2172ada378d04827,196.8
73588b1cddca4f8bd453b8588f400d90,196.8
b50ccf65d5c99b4cd64d745bb186039a,196.8
e9c9c155a55ad03af57867143ee91937,196.8
88d2a8be7a511a4fd75da5f7465b96fb,196.8
700c30f6385045455b7fbbf4b945d92a,196.8
dbfc0c99b6d78ee54b8d277bf10371d9,196.8
e9f77211e2963936cd6aec45f8a5f195,196.8
c9931c1296efe0ae1f2f8a4f032317bb,196.8
837faaf3ec20b55da87031abf3d60f67,196.8
b15bc400089461a0549f238a6722353f,196.8
6552cd640a76d503cd18ed9b10adc740,196.6
69a4bbdea1617578929bb426c99e1ea4,196.6
58a7e72ddd2cf6b2d3e29c8e02bc1525,196.5
211edf902a95b6f72c38ea7d669911d9,196.5
c778451490bd2d62f6748492ed4068ac,196.5
86e12fd59aa9f06ed8c9fd7b1e36c139,196.36
c21ba0e1437939ee2572b055ac33a307,196.36
fbf5039b1d330e60055aa9f3969d3434,196.2
7011fa9bd97b546a9eaa462a0ee7919c,196.0
cbeaa18cb507d2454256029deb5ebdb5,196.0
f760b1ac2bd99fbc9141d64509cacc13,196.0
55e24d33ade77f949c22b6e008801c15,196.0
d072c90b439c800b42e872641a87cc66,196.0
b92e5978219eabbe9cc49f3c4ce58d2e,196.0
89fc2ea4c9fe75920b11289d16083e2d,196.0
85ea40a9684026fe82ea78356c8d1eaa,196.0
615063e4a4d4fc2ef9cda7c7358e2d4e,196.0
67a28655b804d6a418964f3dd4e214bc,196.0
b108e7f3d9d18d84b3eef998d5989a85,196.0
9920c66af298e7dc6997930aae31f1cd,196.0
3960b54ae7f5ec5965a08bf94efc2411,196.0
cd8703bc42155c8d57115a689efb6ec6,196.0
b1d110ec158377a6ec3d2e5280525d7e,196.0
4a46e095cc22c617bcd64870dc2ef70f,196.0
12285229ebd49a823a9681153fd08ed8,196.0
8d993c8a171f3f4ec8ff6f96bf841886,196.0
3acf064d80c20a46f5a44c457a44d6fd,196.0
e5bce7b172f1147a069faf1b9ba56d96,196.0
c17847ced40b61f4491186616828d187,195.99
6a24075730b9c1400e48548a5cbd2738,195.99
8d1e0ca8d222c0b8f191595745c00b48,195.99
437dde455d8442c3e2b3dc1a7063ed2b,195.99
28a1088aae1930e4e87d05707d06e4fd,195.99
91fd5aa21b364a805141f532a7bfab2d,195.99
10c56b290bcf8ac9e21b5365b7ed55a0,195.99
31681d181856456f0e90f10594ed9b91,195.98
eb58238a7052e727425f75c87d2d2a01,195.91
ba47d58ee731ce8d729dc0fcccfb2739,195.9
7c26e6e9bb97ca9576d80b206f6d28ad,195.9
f89096f96c07ec24f453a56a2135c6d2,195.9
3d2b2cd45b02124cf195592ce4eefba0,195.9
9172f54a6e979ee28aaaada718189c9b,195.9
a74f9046c11424a57efb412e278aa175,195.9
aa669113d84e54772dcff82d3dd74177,195.9
07bb08bd7097f09f2468ea420756160f,195.9
cce969b7050fc7d184d62c430a6c7178,195.9
e7ba4647b3f1a9a08dcf8205ce6ad1f1,195.9
940fb59dede76bb3ca6585086a7a08b0,195.9
4982fd02695e0255010f2c65025cd965,195.9
002408f390f729598bbac1ef9421c6ae,195.9
70375b292bed960b4a36f9e164b830fc,195.9
08070f3e36c4cf9e295b028eaf7cd3b2,195.9
2285ef36bf9197241db9f8d3611aed8f,195.9
7a5846ef7b6f7d58630bb4b0aafe2858,195.9
95320685f062ebfbb9a2cd5db6b3a836,195.9
07436d5d1e7122889991218e3e297c27,195.9
91dd42c2ca86cf3cf31838dcc106e2ee,195.9
d925369aaf494a6797ef53c9f8cb6c30,195.9
39479cb9e2ecd631478cf2f4436c21df,195.9
403df4f718b10da26ad22db642a6934f,195.9
795a8cf14d716bc5aeae503986bd401d,195.9
10d2967d139449709e9f095b22b0f1d0,195.9
85f1281700ac404ceefcc166d45baf1f,195.9
59e64c4606d914bfa86bcf280f16bfeb,195.9
1573b4553587c9e7a9bf9704691d1623,195.9
296c26d206e506dc9b6ae943e7324ffa,195.9
63f64c2ab14495137a700c2327d1110a,195.9
a812d9a36cdcf09a31b8ef2be22654f5,195.9
0f07fc4aa37cf3ef826d1a14883847f9,195.9
69f4df610a30ec36ed97c3a0b3bdc56b,195.9
1feda5ccbed13bbe5d5d744f54df8b83,195.9
cc39c95f4a46addd1f64da1ea88f95fb,195.9
dc209078aac879d81cb29627ce96863d,195.9
b4c2400d9d123e1e2a5db502dac3c328,195.9
96f28de095b89e2ea36a96baf583ac8b,195.9
482df3fe6bb8725879bd1f1a2d656319,195.9
7f6447b2b23e17b3551bec3dcb4f9301,195.9
f2b39bd3ac38be151462f460b7ca5759,195.9
f51abbc1aedad3c2043a901fcb09f93e,195.9
216ca7984f36f840df4e983b578856d4,195.9
3af592b8d0d70ca974d68edba8a94656,195.9
92baa75758b3a5fa0c403aa0b44e76c0,195.8
838dc89983b5b33da4af30898b1fb507,195.8
91bdbd577a0e49ecb7d176105b131a27,195.8
d61c4651520e542fbd88621b9e980aec,195.8
c56e3d7111c92cc344142fe21cdc6cae,195.8
dcde62303950a15fc5b2aea31c11f5a8,195.8
9b39de85d94d55a21991e70b04305d6e,195.8
dd98d05326633211a367269840504010,195.8
1173a4bd917d4e1a64917dd9851ccea9,195.7
1b87dde95bf20a1e1a2f023369c7f7db,195.66
114b47b35190117613aba201ae2fb481,195.65
ebc4d7861f2c3df2c3d6aeb0013700db,195.65
fa63f4173641284ffd2311ecde3bb85b,195.65
cd361dc0e1c92d4c4697f9af769dabfb,195.63
4c7b1a85dc9a7bd44f079e8ed1602ec2,195.62
6dd52a73b6f4356624e6622b1a1e1b5f,195.6
948dfa11dc0e5d8ec0d83d72f35c53d4,195.6
f9e43f2b7039e72b764a6686ebb3f230,195.5
169f0f6344610b05159734d6d52d453a,195.5
96e26d6a7da13d14145214ac82da5d97,195.5
a708ee61a5e9384b3764b326f158c04a,195.5
28995ece5596867dd7c72972f092b1bf,195.5
e050f1d0ef8106ee8e751297866c1b6c,195.5
2e94ea544f81f32c3b3f0dd59dde00fe,195.3
f147125795a7a02f3c99864c16f99fbd,195.3
22f0a5f1d9b119541cd707138fc7af7b,195.3
5696f122abe18d1161913125dadd6fe2,195.3
de956ad243196560aa9e66ca05681f65,195.24
73c2d0df55f8431aa5ec63d4e3b7bb63,195.2
a91d3b41b3f176b1eca6148265a8f10c,195.2
b1e194083bcc8e8f0f943788221d9c72,195.12
ed5b3952b9a674f798d9cd2fbd854ed5,195.0
440d57c9bd11aff852a2587df6059026,195.0
7a13ce1c5bc552c83db7b4123a42ad46,195.0
a69d27c0e2913e640dd382e7ba2b45fa,195.0
d468ac6b0cfcebb3f2939fd191cc76ac,195.0
63630724ba26b8373204cb3bdcd55c6c,195.0
edfb309e51665130ff3fa49524cc8ae1,195.0
59277a388c4e90924e806641a2579c2c,195.0
b24d3c00a85a5c0f42fb5e47dc206e69,195.0
607564faf101428f9bb69ffe578dff50,195.0
bb7995b533e66e107b35aa9a3a9be102,195.0
043b3cac6240fc110a721919bd6dea93,195.0
36ba8775b49c2b4f32ce2544051a0520,195.0
57a0734824a102313c9fb2cf893df436,195.0
d815502657bd93cb52c48c3df5fdc0bb,195.0
b30dc64de0ae855b72ad46a211ee13ae,195.0
3a063237a69f5b645b11e74383f48c8e,195.0
d3a125c5554b4548ffbc91f077062599,195.0
69f039960e3b36c2658862b8c030a727,195.0
ee80fd5b86cbb55e2b93eabf04ede7a4,195.0
baa47b562bdd4118b6b923aa24b14119,195.0
56ecf90161cbe9e5ac5e8d6da6e36181,195.0
ebad54752a112f71699fed40ec030f3e,195.0
f868fe1bf45c95f76ed9626126de5f8c,195.0
187515b8587ca337b347e05f8ca3b599,195.0
40c7d59d0ca882ee31615c188ee54593,195.0
897d0a8c75b989370dca7f88b4572e17,195.0
0171707ab8e7ded84018d1172aa33c51,195.0
afec108e02de0985e52fddcbbd1cc404,195.0
9f190a7334f8e7b2531f1ae41045be3e,195.0
03a81070a9a6e3bc2c4209e564764204,195.0
42036e4de06b7da80343d54330dfd3de,195.0
bf0bb80f1dde0b8bb3b522d8146a764f,195.0
6e98638f666f4d7b45828cfdad48150f,195.0
26d83ef24dcb5f6327739302b80139ee,195.0
0062859a8f89e25c6b0e8dc905ccc59d,195.0
726383c0fe1610954b5d2d1b0546012f,195.0
6bb94867dae81007c61bd428f1039373,195.0
f1582c8c1c74eb4d57a2485b3e6efc51,195.0
fe531acf72493b23de85684db23e8b31,195.0
191ba5e82034dafb08271e64f2c4b9d6,195.0
3dbfd7c612d7cb2bd4f4740141e4b437,195.0
b6ec4158528968d808b7af43a3ea1aa9,195.0
3a9795ba3f6c5d04cbca83a5d29cfaf6,195.0
32158399285b7347046a6ab6d19331ca,195.0
6588dbadeec34a7c4372ab86dc7dec94,195.0
25dedc56c91c3d862dc5a86d701c8f92,195.0
e3ece71ec8a47d36c188c6a18111a009,195.0
acf07b411528c13274e71b7263974253,195.0
b6a1445ee505f3a95c827e7a5188ad02,195.0
763c1c6bf0c0a0f2412923201495f1d9,195.0
b577ba81b673d2fad6f974650f3dbb5a,195.0
ccb676d14091faf285f5cc8e28bfec92,195.0
6a7ca7365d53fad7a6b7dd45406112de,195.0
7cd85ff9a069e8822b0f0b328e9f7dc4,195.0
b9ed68da40fa3b4f5df462ef5b3438a6,195.0
aa8a684a5012b19225c1b2f623f0a414,195.0
a558f1ac3c5cb511c779da6c78178ae8,195.0
dd100b331fc16cc3ba9925da41fd5c09,195.0
58e0ddf2e49461d6f76d048b8f2e77bf,195.0
41f7daecd21e5bf31d52eead8fd593fe,195.0
18a7aeb193cba51394e6c333230dbfb0,195.0
e2436ba9192da3fdf16eaaf26d17468d,195.0
f03c9c80de7a0a901cd92d8507717007,195.0
e1eb3d9c0ecf421896843e9a5eddd1d1,195.0
79d759965d96166fd8926ab2c6353747,194.99
ea7c78d210a9cd6b447a80b3508edc0c,194.99
4740044a9390cc45b2c213e8714129e7,194.99
28010f664ab68f8a7a67b4d249f46291,194.99
55432010afd9240b386a32618ff487ec,194.99
f34578af93a5e63ae03ebcb41e05e7eb,194.99
553454dbd62af3359355d126150993b4,194.99
48032b5aac0bde21fd3d1a919f36bc7b,194.99
5ffd902ee25652c42ea338c4bb484d01,194.99
440cec713dcbe10aa3d8b68336d41fd8,194.99
5f4691392be0759eac67f4aeb96950d3,194.99
0982ebe8a8eaa4ad02c7ee5351aa224c,194.99
e3378b4e8219f3f5f90a6515a9a57136,194.99
b9c7a79a20537b1e943044225f0b0113,194.99
36205594d80f41eebb82b9a71801de80,194.99
3cf843218f85922e5fe972904be4322f,194.99
d0c290abc509f5f994f9ece9e856769c,194.99
0d8c2b410b5954297eb4323ad13db551,194.99
013bdb994a9c8f09fde3f5f543e698ad,194.99
6cd0ab1128ac257e65a2ff5e7b8da810,194.99
7195a1af3384ded47cea23f53d91405f,194.98
4b17f248581e9d00a8feb3f7bbb6580c,194.97
d67a9adc19a40eb71dc4cdcae8a45614,194.97
5586c955a9c27ae5ace5b5349797ffb4,194.97
b4fa94736ab408774c4f9c5f86daa818,194.94
cffb172123085bb4496595230e43b97d,194.91
f83433f8f184ba327ebc8f2d559553f4,194.91
53b5ac878e3b5f8a94af4dfe5cf6e8b8,194.9
10f0fe9f42337bd9cfbff39072702cde,194.9
8c5f5694678372cbbb06fa0a48b4ddc6,194.9
2e9d8ae4867418fba39fcff0e154f736,194.9
9d394287cc0e0045079b25d2df4adf87,194.9
53c76ca9d4881696c5887129d2fc0b4e,194.9
0c5fac92d05500d45585d4a0ea36eea2,194.9
f0cfda3fbad4e99cef21f774b055df66,194.9
34343e4c06ceecebd5ee18f161c88f58,194.9
672a74f41f6922d3373bb5e0fa8526b1,194.9
1aaa1acb23a33441fc718d54cae7dc13,194.9
ed0830b3e26799e8fd0b0c3e32e34ef8,194.9
2c3a5a8070c4cc1e87474336b9f68cbc,194.9
d219cc7387e6bbc57a8660d1924f995c,194.9
e6e90d11361d630349135eff229c8ca0,194.9
66f7666afc694d88befe0d5e48871138,194.9
0d367d7f8df89442fd5fe0e74d3e26d7,194.9
3b38d0b3396d166784999923ac6dd355,194.9
9b15d596cd0c8a3a5fb3b9584d8504ed,194.9
b2027e001d7cd8107cec9f7123f43930,194.9
ba41199b46562b87c3d00a2f85bdf386,194.9
defb33f2396ced51448688aefdf54dd2,194.9
8e89cab186c88be523095a199d89bcb2,194.9
b102dddafbe25810c949214bf625f425,194.9
f31164513a99160d91a464ccf934ed3f,194.9
e12d79a6c6de9f0ea5675c54bba9afcd,194.9
b0cf86489356b4de18670fd11e6db7d1,194.9
841f5c3ca18bbcb7e757633e3d6fcbcd,194.9
57205a3f55644a1df9ea81f81aaba2c9,194.9
086f2e7a1b67f590d6440b35b2e7246e,194.89
7a6efb60c302156494da22b34769c01d,194.89
ce7b32fb1d245e8554e62ad59890eb96,194.87
6230e73c5f002546937e160fd6dcf9b3,194.8
c4d9b9bfc52725c22a75694a5eca31f3,194.8
c6e338678dd6ad971bd8d9f15f8448b0,194.8
0576e8612f860998448171bf9dc835b7,194.8
c17c6a65a59d3b444858f91b44800134,194.8
16abe2afce5b3fe3a0bbe99df52d214a,194.8
4fa18a32f545d52b2e957bb406d5235f,194.8
39abd214c91bf2bf94440cb6a27e6ecb,194.76
d45c313d8631b8d25a312e886e6bdc5d,194.7
dd898ada47b8dee6bdafc7e687cd6cd1,194.7
94dc5118a4bda894002d294ee615a4e3,194.7
d8752e8ce0add63308e825c73660e717,194.65
efda60e3dad25250fb5de383b8ffb272,194.65
3f4921d33e816e05848de03a8d174c98,194.65
f1d97b3601697e41a9d27c8571cd73d9,194.5
670eab28ba915090480ea51423be62b6,194.5
e46ace8865b4cacb79e81b14663ebeb3,194.5
b751fcae2274aac027b38ae2b7e8b009,194.5
77e859015a89aca6672298de8b605c66,194.5
d02bdea0d57251487cb6f77cba5c5e93,194.49
c40f713c1e6d79a3f857aa3689b26f1c,194.25
f665e5190f5aa2db00841f43f192fff3,194.0
b0de895a93ecc49af345a084a9068b15,194.0
aee15a02ae475d58cc5a2e5bae1be333,194.0
99559edac92c862d5e0611cd409da5ef,194.0
9d3e2590b0f7964da5b74e59bbc8db9d,194.0
6f50ce51a965d48c6d1af65989af0e14,194.0
e763fc4213e00ef7f2efee91d1458820,194.0
8233e1fc1c4bce2a2cab07bdafb95e2a,194.0
7b7c12e64b5479d94289a5773a0a1cd7,194.0
2acdf2f6aadbbfede01eccc71529cdb1,194.0
188ac4e8b7765d24cdb434112a99111f,194.0
6aba59b1c67fe19d82c9e2c568ad4872,194.0
469b0de15b3c3c4dc556c3383e72ed7c,194.0
3b0c7e512a875c4507ec4cef54254805,194.0
4e9f6517c2937719ea0ab9449c8ecfa7,194.0
ef3507482071764374d15fa9a2daf229,194.0
d976b7f96ffd6afe91ee9f725d70ed19,194.0
cc0956d7abbaa00b63912a91be6d5a13,194.0
526e79dca439d0f1043b1b8b69838c24,194.0
e7d3f3253600cafa86cfb8884ead10af,194.0
c7f3514b8a07a5ff8a946f6b48674aa2,194.0
da69c47603f71c5571d7499a72adbe1a,194.0
b491f58182bbd021637faee3a0de9050,194.0
f9a1a13bb84b4adc53ce9cfd93b7f74f,194.0
5c819da02aa0a65eca9a8086a00a9885,194.0
6f94b1ea17a3f9a486ba749dc9b72959,194.0
7af0543c8b2d3e921f6337f59a72fb34,194.0
3c47494ffc16280758dd950f117cb810,193.99
ee77f26187dacda2a0bb88236aa24bf5,193.99
17ab7e50ec3908dbe699511e92f379b6,193.99
c8b11aa20558a5c5b2a042f47c83de09,193.99
6d4f0e7d120684cae2d015f65ab2473a,193.99
39f1e972486294ade1fafd1c21948ea1,193.99
7ea22fc8425fa4430b94860142a7ee0a,193.98
0989ad22ee10df514ada88585ebd3101,193.9
3d548ea6abcd37bef66b58e1360ff8d5,193.9
fd92e79c1dfcd1ddae4d4630fef5bb7e,193.9
7178515b43cdb7c58637ea981401ab1a,193.9
a31f56d8dd075d878f0b7bdc851d2905,193.87
6b741dd403f43757d73c55038fabbc77,193.8
9679137d11546cad3825ed2fcda53c0c,193.8
1c9e4589fd7fa6552ce6e19f4e9f1746,193.8
66f3530251fb5d60d0122bb9ee1f82aa,193.8
30ed8c586151707a59ba3bf07f050e4c,193.8
055a82f1af585df4506c8d053edc7641,193.8
b8097c8f0c1f58ab56a53812a446a898,193.8
3b2f361140b11494153fd5f7cb0c7cdd,193.65
d349b21fece9d17922c233c37af0074e,193.6
69c3e5e099f5f6ea81925e12ae4156b1,193.5
f2c48cad58997d0feebf4637a312a767,193.32
93a8571aba21529cf631be8c49e279df,193.25
be5b277d10b30185c23cf7a5b8a03d27,193.2
cf08d4dd333c76a5b09fb2f352652d7b,193.0
6e4fce89806ba59751307949337ed655,193.0
4eb48c3efa335517661eb701a5a33e27,193.0
b6edd5d18e1065259987dab494973de3,193.0
61e8ef5eb679581a2df4e1fee6018e84,193.0
91e0006cd0d20c63ff3f37ce31480a1d,193.0
4435fa72310d5bf570e3a8dffa5a756d,193.0
8c74c34cf929d1ad8a11acc45acd8417,193.0
f54423037cd5280b673ee717c6b608fa,193.0
6dbfd47e8b257f03c48b22c46aa895d3,193.0
cc099984022170d3d95fbdaf568e7637,193.0
d40dcad6444b925d32b4cdbe15dac05a,193.0
424b42e2d01114b7af0d3950259acb27,193.0
307f717eca0f4d202f1461f7c6fb290e,193.0
6086de7e1996b90bb8a753cd7f83d252,193.0
1ac612d46ac895dbe3666d3116b90a19,193.0
73c2df352cbd86c80f9aaa6da043d2f1,193.0
f0b8143c9bc649024e71cc9124ac606e,193.0
a06ec57ed20b9fb17629a60a7c3ef14d,193.0
2fdfa48086825561ab78672c8513dba8,193.0
9bc337d75d1f580b3a4a3af1090ec8f0,193.0
26d53bf7a3a1b1ec564377e78dec1916,193.0
6a54b14b9e3beb628bf3489862bb8281,193.0
e40736c0b4e32e738796a5fc57234dad,193.0
ee446be704f02e18b31a0007ee5c1670,193.0
e548277911829ffe81aac2b4407de701,193.0
a398ed93af6c349a0351c5f171d2a3ba,193.0
701ae35bbfaccb518776269872fc98a3,193.0
23b40690dff585bfde5cb80fdc6b8161,193.0
06267fe0dcca48cbd55db1d8518bdb38,193.0
65c30277282c2dcc0d068061054f4260,193.0
21cc11c6a283e71268806215502a8ec1,193.0
9a3717c81dc5d2a688e780b5d8909e37,193.0
ba1068c84437bac080cf8b26ffa6cf62,193.0
f5c5d4595c2323c846d61ba4adcd7aac,193.0
3fa60642dafff211589344025adaf9a8,192.99
d2aa0a41ed70531037851c02269c2120,192.99
8706792f42471bcdcea286b14842b5df,192.99
ab42f0d79cbb06a620ad8cdf613aaa04,192.99
f227c8cea54e871f65cd080735594ccb,192.99
aee6316af49a9075ee0cce8c83a90866,192.99
93991c5c4c23e2c29c343579b2d821f3,192.99
444882642bc5550e2fcadebce502f01a,192.99
6a7100171d73419693ebd1b891f80b53,192.99
82b03a0031f872239665983241c52179,192.99
19e8f4d4466c9f0a4b63bf4d4e64c49f,192.99
683d4350de84ced70a81bfb3cbd124a5,192.99
310509e891b9c8d01507a2acd753324c,192.99
07a13922ff9bce298cdd61bef4c98fbe,192.99
ae46bcd05dcc4baeeca717033e5cf4da,192.99
251bc9a9cbf1b7e5df9c11589d01a6cb,192.99
216bb67e5cf120c382038ecb86b5fbe9,192.99
767f554678ccdff4206b3fb34329219b,192.99
5fe9534ea2fcc99fcd42e7d1d8ab9910,192.99
ef81b90301795cbf03ef944ee16ed438,192.95
15ad51c10df4baff79f9bd1861ecf96f,192.9
ae4ae3a9b1fc1118d3b7713846af7ce1,192.9
5a7da49e27d1969457fb1d07bb538729,192.9
2644be6912720bf7314f452232e81705,192.9
6f836162d2517fa99d38d418188dbce6,192.9
9f14d5cb2c7d39f6c4556ff35f4ba78e,192.9
eba5d9240fe1c10851a9653595f90674,192.9
bbb1072005d6085620aae34c1b06a6b2,192.5
dad2b21e16e7936b4b84162eba89a991,192.2
fab2ba3e5e0d2c6d3f95578a423696c4,192.0
6aae5a715cdba6e7d4333a0eeeead63b,192.0
95e838701bbc7791a50ccf58140ebada,192.0
360045d44b7af38682e725c57ae565a2,192.0
37ae23e3c8ce808a4ba0c0711706b956,192.0
d9f26e1768abce63ca633e2f3a5b8896,192.0
6cc7634e5230927a764a9047700c9bba,192.0
5fb78b81a40494c48b3b18db5daa050b,192.0
ad741a0dea62e6bfa77534f01016d870,192.0
5d8a9f890db3deb5bcf58beb33076a0f,192.0
63d57fd57b274adde9efa6f649d07d45,192.0
de1f15a4aedf2f19f56f213024c19734,192.0
bcaa16104985fc83035709fefa708f14,192.0
22272f1666fcfc5100100e0c7a41e738,192.0
9d99ee9ec6f49be593dd454a50eaf8eb,191.99
1265125ec446b88b4079ce368f6e9595,191.98
709116483105e4198b439016da66d4d0,191.98
8fda58f1e825efd45641ed85581f7d8b,191.94
df4377ee7e2f8972b24a39ff87cd3a6a,191.9
d9d47075a966a2dd646104b7b6f59860,191.89
47a79e79095bde4cf58c12d4ad6fe43d,191.88
1977c51e28ceb34090390b2363042d8c,191.8
451cccf637302755bfdaac2294b9e2a0,191.8
5f49d01f1579c231565f6629a6cb3c0f,191.8
467247d869b38526a64ed79e2b96211a,191.7
c285f8977c6d1f18543c636b180797ad,191.6
f8213934e14cc83d7fc89f6397d4a058,191.47
4d9add304fabba91f789540b260b8190,191.4
f6e5bb7a5ec165378bdded4b7e7543ec,191.4
3dc2249f42d41b0a622da0c82c194856,191.4
6efe2f2c813379b610f5cd26e99ce0ff,191.4
3a6be57061ebc68cc00b74186fe7ce5c,191.39
9ebf9dcbefe59ec090b872231b9c9c4e,191.36
b60eb21003d0de2edff23983fd83e2fd,191.25
786f59bbbfed7665c5ce443f49b79fb0,191.0
76b10e7807773c14873820db20ae1b56,191.0
e63b226e15e890d317368cae0053098e,191.0
0b0da9c1d9e04738eb91f38cce9a0218,191.0
e5a58f8eec6bdcfc18451e8458455e98,191.0
52785c19610440b44c7ebbbe7b009b6c,191.0
c8f8de9bca7ad3bca4a27578b5f210b3,191.0
7e501124aeeefcd0be137fd8fad250e9,191.0
bc72495843a3e1ac1a45ba7d45d59786,191.0
7c03ce81a9be9cb9fa1b4d7bb13ab08c,191.0
6fe805b1e977fdad24d70a3ddb2f32b2,191.0
b37cd67ab24fa3689988c3ee1e1c4cf0,191.0
34711868e1dd19543a7394d23b5313c3,191.0
7e053f267559b1246ca157359e65a800,190.99
dbeb793fe7c0960adfaa61f113b738ae,190.9
78b9904267ee1f823cc8ae2d8e95cc8e,190.9
b3d2feb6038f99781c5f563556c73c0e,190.9
e2a629c7ccabea34df0cb4954f6c08db,190.9
6fe5e50362aff82c34c213c56574bd09,190.9
18e2456b9baae6e47d1c71228a9e30d7,190.9
86cb529a5c2e233bd4933e6cb0fbcbe9,190.9
f66242e2439d0da31945c09ef7d12652,190.9
427a6293e6afb7796ed327369e5f01da,190.9
6afc62083bb702009f39e1b65e3bf2a3,190.9
f5011243aef5abc8d53d6956ad074c66,190.9
9c64cd776ee9f018ad51dfda0666bae3,190.9
563ee9398fd0dfedece958762eb57a42,190.9
54af40597a8931fea3fbb2b37656fc8d,190.9
e1e45bb88ca4d4d3ee7d35f013301068,190.9
6eec79ea1f85edfc2824c78c18b29a6e,190.83
03763b8972b5dc67dd9adbafa0256e16,190.83
b2dfb42b62eed0666aef0b9e660de51b,190.83
6b6c6bc06b5b361692ef3059f0347063,190.83
96b6dcf9901ef5464f3d6bc5aa701528,190.83
8af2a4d01185ec6c719a6c77209b5968,190.83
044c16324fc8ab615bfc53b25e8c5a79,190.83
b142f0bdd01dd366908cacf29c3d9439,190.83
1c5499ade6e45b15ecab428e2390e38a,190.83
c9e9578f912e420d05abfdadb830cda5,190.83
ffa8532faa3bdc63c11d3124b78022ca,190.83
a09a0e56c9b0715373dd0d5353dfa882,190.83
4abe7a7bad7763ee9e811d76260afcb0,190.83
71b23f1e1dc7d82ee535b44411eb4482,190.83
1c63bb604d3d1925644f1449af9b9a61,190.83
a506d2120380ab9f2125636cadcbd7b3,190.83
edd55d7e669dba5281d989b6e1c60cad,190.83
13e1607de71f41be2379f77597a1eaa3,190.83
6a45e09a48c07f13c3d504b9fb8d766a,190.83
ff015a148d2b336072bf54576da83d33,190.83
891127420859c1e1adc8991655549054,190.83
9fe5f44ce432324a8f00b7c385cb5e4c,190.83
2f9fe192fe03e0b19bbe3ff35f3100c5,190.83
e91aacb44859273903170c37d0b8cdd7,190.83
27780d964b286faa7931ef6bccb5f123,190.83
964d908c079d150a26119a4de5c3ced4,190.82
5f91bcc2059ea3621ae1e319a74f90c8,190.8
75aed59b70e7bad24efd5c22af562a9a,190.8
2e70fb007f814f4e0bc167ca49d271f6,190.7
39cfe3e2499905dd7c486c1629c55f6a,190.56
f4e2bcb516a63a0b3cf24b4c94ee2209,190.54
cb66e8cf0304da059605929638860457,190.4
6e5db51c4562a1a11fda0b8b24de7d6d,190.4
6b18fa3dced515841e3d09e216f4974a,190.32
ade9e3538563e669167cfe8843d07dca,190.32
7243a2e9ec5d80fa20402f7a1e14afff,190.32
0295853908b4ba8c84a8e8b550eef3a1,190.32
9b07642438e9eacf96571117388677ed,190.23
2f0d2cbd1ac4d6d80d7cbc6bc5f22160,190.14
de0403a67561b363c7c6f66fe6d21779,190.0
6f83c71b6c044fb156d697d4130fe9b5,190.0
426a503cf56b0bfd194c370543f3d178,190.0
8165ad99aa3f293fd8c487e18e8c1d68,190.0
2f8fcd269075c37465fd25597ed3b5ac,190.0
dbbb8e776de0b4704d10f043c30dbaa9,190.0
afe505252a17ffb026986235a7615c71,190.0
681986e7db7f47399570f6ed6a34f53c,190.0
ffe509f377a33554f5a677dcd83e669e,190.0
4478451cfd0f1879300c03bcc3c5d023,190.0
768eba0592dcb00cff1bd76eda466c96,190.0
b42ad79fa33a8834e5472727f935df1e,190.0
c1b9ff12f13a4f0d2c4c36b7089eaa93,190.0
80f158d248aef00ea96be1dc23ae1411,190.0
dd940eccd485dc083b0e733b37282ea4,190.0
8b23430bf8df60f04bbed8294460d612,190.0
f31d0ce927351196bc937833455c3185,190.0
fcf20d66055eec63cd40b5c41e1af520,190.0
df422639c27dac93686a9186cf885466,190.0
8c6f3db79370e5d22eefe15c91ae37ca,190.0
a77fbe2826d37bc0d1c1965291a08956,190.0
f7e31a326f42d4b02b94795a2d3aee77,190.0
a178c62795494a0a0eb68d6014677440,190.0
ace2349c75d0d1f4341b739db664248e,190.0
bb0a7e8931e8e578f7bee85722bf921f,190.0
7f552dc815b50d2f24b3f709f2b1a71f,190.0
bb72a8f377fa879cc246fd91bad05d25,190.0
e4d02bc33ec40414206c31128b3333d8,190.0
5a5c7d5ad6d7d8393634a4221c900b69,190.0
53670c76d6102c1c558d62d6d6346b6d,190.0
388025bec8128ff20ec1a316ed4dcf02,190.0
e759493f1f8212d2d08f7697d16310f3,190.0
dd7fbaa922221b1677794b6da9990af2,190.0
9ec9788e0e4087d5800ab80e3f67b3f8,190.0
04e60b8790c932207bff0db5c8887a31,190.0
2a4e10a332748a0ce92f8189c2ca4a1c,190.0
bac566e412831d4ae66fd4fdf6843014,190.0
5e5246e426d3700d8b5b5e2ec76fbaf6,190.0
d45f5ececd49006ee69bd7e852bb26bd,190.0
632d3fa26ee53b9c088a3750f0a6c775,190.0
2300457c28afe54edb4da376808a8781,190.0
c5e7211f8786d4dd60119623f6364818,190.0
eeef3c3551de3434798cd90c092e620a,190.0
4fc70bd3a64aa5d6a650bb738881c487,190.0
fcf170ce0cbc74bfbc925f787a53940e,190.0
404a4ef274e8c7022d5488ff39bcb90d,190.0
dcd1eac68e471e3d8a26c7609891cbb0,190.0
84f563605ea3fca13e318007b5ecc61b,190.0
33af5d8a3edfb11b8beba1f4e694aef4,190.0
fb6895f16f2b933e56af615dbcecf0aa,190.0
ff23f2703f021b1c9e49f69941915974,190.0
d0c2b163c8b4b73d70c5dfe22e79839f,190.0
5f7a57e2b8a60c5504cf3d41c267b0f1,190.0
5614ed9607d5b54560ed4b3179b602f7,190.0
dda24c2de57a6023c8634e466d2b041d,190.0
20b27915712e4c0d8fb8384741cf6d86,190.0
7cedd102ee7669811b614cf22875a719,190.0
55e6b290205c84ddd23ddf5eb134efd4,190.0
27e430dc15333a6d9626d282c13c6035,190.0
912bac8695409e05b85c0c067114b070,190.0
946cc8dd1a10dcc7cf3ee2750618dfa1,190.0
22da43024cf241d4197fd0880123fcd8,190.0
f5e6adb8cfb566e12ea544f1db2d8568,190.0
7ae557da267b224689563199c18b8750,190.0
43ab8d3c705c300d5f537ef557c91c19,190.0
16ee66079a8fd76cccfd889f8edea0dc,190.0
7f3a050ba677bbe9c55a06687d767c94,190.0
4f2dbb2c0bebeb83611786c1fd76fc75,190.0
60c51086268f90d369e02f41f53ebd90,190.0
bb369151acbc6fd8da224b42667ba944,190.0
5fc3c7a3b0d6348ff8a5a96a3e27fddb,190.0
ab040f42655531a604d76231293df69e,190.0
956f92f85ef93e5464e0a4e80a51d9ec,190.0
8cb472ad4da26b59f50a5fa1194d47b7,190.0
eb64c2a4713ed54aac3d2d9b078b413c,190.0
bae93fc9d3153d190f10dfaa31252ea9,190.0
d8dc5b416324594269249da4d51983a6,190.0
c8bac4c256aa6962488d6ea634e803d9,190.0
8f0c80240f693b7d3f30eb8e221bc6b7,190.0
ff6bc51ea548793b6d3dfe83ca7eeb75,190.0
2bd62951b26a453e99cea4aaf432ed45,190.0
f06720f16260bfb4b22ae4e16282842b,190.0
82dca5a0d58f3e7847e28a177e70f1e0,190.0
c2a1dac9fa3a12d8b2366fa901f0459a,190.0
018445b488e6156c2fbdf926808d7228,190.0
e4fda0484cd2b48bcc2a2c19efb56de1,189.99
69ff36bb2906f050ac8bf172cbe83f57,189.99
3da901adba289e7a720ea018853bf161,189.99
67c2579c6b665e1231d2baab7b274597,189.99
574652f96ba898a0759784757c1907d5,189.99
e8a2dab1e442d28c1fe38085954fd5ee,189.99
e8fbd74f42c4e548ab08885971cceaff,189.99
6206c83b48aeab97ebbace2ea496b64f,189.99
43d5dc5dc7a295776fab0e796b80b2ee,189.99
f07b4d8af7bc9621789136d1a3082cc3,189.99
165cb6d8c168e1f6146f823bb91b2b54,189.99
d86e410f7ace870f0d296c5f4a340f87,189.99
33a8d776edab4135ca1a5f9b48f499ed,189.99
4028d0e98bc21c95b00aea6aeff03d44,189.99
efe064b5515dd171c84ebd7ec64ddd2c,189.99
213919e66e2d2d5d0982ccedaa47cc44,189.99
5bc63bfa9fad976413b01b4b6d3f2874,189.99
4b1827ec0c64d72de57b69f7213aa307,189.99
965f78e2702c7775431e6a79a21ce549,189.99
de8e62a27572b1f6e9f0acd5c14a3026,189.99
37ab5b60e29f1d9453b6fe478de83135,189.99
59c8e2fbbae22bbf54d56c9bde0467ce,189.99
ef4f37ee160ed949a107346ae50458c9,189.99
c0bd2d833fe07c857782efc1c5a525e1,189.99
46523beaf92681bd5faa5b1df5077faf,189.99
def2cde31a49d08938ed47d1769adf6e,189.99
cdcb437137d86829b6caae6927b33fef,189.99
315043c1ebc155089602f917d16f3baf,189.99
8b084e41a2342a54666d2317348d5db3,189.99
a918b5f3a5555062f1afe875b605c164,189.99
a5165325694d4b37d5d85e51417c697b,189.99
e9a66026ced6c5bad4c9a78e61371c18,189.99
814cd71fa02d9328b0c1a0b4ab0b433c,189.99
916fb10981067df1cd35e89eb615ccce,189.99
6e7dc8f6ec3f0a0d72fa64992ebe2fc8,189.99
962b41ee521809e7435fdac0d93063a9,189.99
691baba358611db5368f5441c8975113,189.99
4d0a03b3ef7107f0b0e15a2bb5872cdf,189.99
ae4d83181ab3495da4768ab7ed8b5a5d,189.99
cf21fc5ce008e8d35e01caeb0ef028da,189.99
c68fdd92d5ccd9fcb9af63f50661c9d1,189.99
d82454613838117a0b401c99021874b1,189.99
35f3104359010b4b976c2715ebbe8253,189.99
f8c3c173f3aebb9dc59a19669b25dddc,189.99
e5ab6fc023040b192a77e7579dfccd62,189.99
8857149a50b77dba1bb318e46bb57f65,189.99
d3026f8e45f46142dc55f6801ae02a47,189.99
391443adfdb0197fcaacf243c86f5ca7,189.99
a495090e1f5e00fb6e1301fafb05f43c,189.99
42af8b51f3d4497557e7c085a23eec5b,189.99
d4f12ccbfe1440f1b0b653884eedfaf8,189.99
8720d33d8bc5aeee786216aa733a89c5,189.99
5aa4d09312462210c3ab6de5dacdb33b,189.99
745797df7e1f604c7d608c43b43f62e7,189.99
87949ad6f282389d95ece15ca405f030,189.99
1400d3c9230622c965679dc35bf3d886,189.99
0e25751aed3867969ec7663ecaf9f9e9,189.99
741c4c565dfbaf51d6e67b3e4c6d43da,189.99
e93b7766c1c641d30a535fe9973895bd,189.99
b941f36f010c46501e130569c3f7a490,189.99
402e0fd24c4856dccab60decfb4a7d94,189.99
ffbc04cfeb08af681589ca0044df18a3,189.99
a02baedf480b9068ce23496ce5a125be,189.99
34a0068027874fad3e0d4ff1519e46ee,189.99
fa4ba1f32aabc46cddb71d24157ac75e,189.99
0ddb903f8377694b51104823502d3c48,189.99
32258530e66c8793f8754a18c2813913,189.99
6d82c38d45de9c4a657a55091ac4e983,189.99
0efd4ac57927695b9fbfbd8780d70f23,189.99
7f230bc3e608f26f8ecaa710abd5d2d2,189.99
2e403c554b8457025a15714287aeeeb5,189.99
508f02445d31772d7ca55d0f3f4008dd,189.99
e46cf1ee4ad1144aec5dddab5a5cb661,189.99
71240d22dc6a214da602809d7040ae16,189.99
656ab3f2a983a8f929dac5a5c00a9edb,189.99
7b542c51a5bf42504983dce985bc9b20,189.99
eeaffcc65dc75d4107aa7c7ec105ea08,189.99
25b570ea7cf3fd1d72a66fdaaa7ca352,189.99
d5c96d2a6e1eb3023eca2f5da25d1ad6,189.99
d98048e87d80bd15b8317c104ecd89d3,189.99
9be4fd397b43b6a7f757a600b4ca5379,189.99
da8045919bf3010941c2d2ab84c0a848,189.99
13f575bc19cc3b10a37b3634ecfaf9b5,189.99
5e0cc56654515ef0d944ea6d58a52f37,189.99
30be2c49f175feabf0d506b1b719e9ed,189.99
e621a673a410de599ca8ee99a6910973,189.99
f56495cb904e506f3869864bde1cfea8,189.99
9b2a730cbd99f73b0659756985493ed4,189.99
b65246bbeb74e7bb5639de9495e2ea9f,189.99
0f2ca4b01fe28974bdd279adab53acdd,189.99
ccd522d435c739999d81c22b58f4b2fb,189.99
c7a126e599b16391681b11a1ca602b51,189.99
1c3fed0b78f6514d3b5bec495875eb2e,189.99
8ee2827a09d8954784a143ce31adb879,189.99
42b0671b440d1f2527bddd8b723e0a0c,189.99
dfea71c7e09469934ffa20c38024d275,189.99
33e2cd7c514ebcf5664c6aaee40686f6,189.99
b7cc3569a50fb870096a1cefb406ffe6,189.99
8a14a7fe76e5f1aeda093186943ebbd0,189.98
e7a503a253ff229e218670d750c36c9c,189.98
04495037fc6899faffa41ba3bc4272b4,189.98
97b60a1d97a8a2d27b856ad07ea71bc3,189.98
9ba6c878e925f4497d95550768c308d0,189.98
036eed6f0650d445406ff23640b7911b,189.98
fec5987c34861cb7929523fb3c6759ab,189.98
fd1b3c71bd3a2c488623ddc9943f379d,189.98
c2ea573bebd1490d873bcac3d94aadbe,189.98
2dcf64eb54f5bb139f372c39873deeba,189.97
f8383a8a47282d7db6292a684d9c791b,189.96
015bbed5b941c909ebf091ead5eb2a05,189.95
a8253a12e2354a5bc2161b404de2efdb,189.95
a7a1f40697541672f4392767d549f9e5,189.94
416b9ec8dfb172a88631c946b7f4ab85,189.9
364ad2ea5a64c6d61c7d95044913e35f,189.9
e2696f174d3800f8f86fca7d33a82018,189.9
7fda42693a1eba46d81cdd45568968a7,189.9
767e9a5c0f4cd484bbf7b78479b7cc67,189.9
e0e03fe00173d2b18a04139a45acce13,189.9
d9e3358d714896d16cbc712a46559861,189.9
bf9a36381829d9cc9a0a6dcbcaca58af,189.9
288f149562c32b5c08d531af328609e3,189.9
ab33b6ca98749b0af2da65865772ffce,189.9
12da06970997ea572ea9443cd23d28c8,189.9
ce303f783b5f596243cf7100d6b848a6,189.9
b7512df210374933320f8e821ad55455,189.9
0b5e596d717bd970cd5b3c5855ff3c6a,189.9
2ba25daf9792793cb287dd8d0390d8e5,189.9
a0f35dd42765aa8d1dc95b80a08df77e,189.9
a2618f04f2eb07c068682d871cf7f5d9,189.9
aec0636da1a15a55683856d9a5821ffd,189.9
e4036c0b5c6ae37e645d34a8293a79d1,189.9
84ef5497383627f1b47471d44483df53,189.9
b93f595ad6dd63fa50be0cd3cf9dd0cc,189.9
666042f9936326aaee21b02eedeedc79,189.9
b578441a6b94f819fcd49acf5264c16d,189.9
2d6da4042469910884f3a942f857e677,189.9
6123f7544eaf097f5030823e1a7583e8,189.9
fcfdc4f9debc9174421c2c67887ac536,189.9
4cd281d8030921fc1b77650f63efdda3,189.9
932c1329264551a401b62819ec8c6d02,189.9
96a5595010fd847f2b9671feb53a8cc8,189.9
d07897d21fdfac812af18def89603986,189.9
651a87f08ddd0eedab64dfef58563366,189.9
823e38236a5c348730fe1596ef359451,189.9
544362f07f5347cb4a674eb6aeeba355,189.9
14f5d95b701702e7eac6f8ee27c5a586,189.9
6a7e603b2cba1aa89b21273adf00f7b3,189.9
41a27a1274fe5d0d5d88585f37769043,189.9
4e781ddd3194d45d2eb1b9b479a46cff,189.9
7bf62544a16413d96977d97e26f83828,189.9
d8e3ec6f72c06bf9757ff9020f739ec8,189.9
7195469ee40337cc9e3c666b6e79e165,189.9
8ed6e42fde758d7b78d7ebf1eb9bdd5d,189.9
3dc736f9d972f528c1e5ac71b95ea81f,189.9
d7263dd40ab3973760e65588299bfaa8,189.9
b951f4aa14bd8cdbdaa9fe4bcc4f4750,189.9
4a01e37356144728056d703b386ac1cb,189.9
35f1c550ef8ddd61a5fed03a69ed6043,189.9
93a4bacb8a4b7dd992d746ffca745f32,189.9
384d4edc7045d76d87dedede481fb4c5,189.9
f7f3861057dff6df914b58282f051b01,189.9
1690401c1e48c9526a79e72ba8c069a2,189.9
bf715f8713583bb9ebc5dbb551b8ba30,189.9
5d0a0ccfb50f5dd07398cfae09297925,189.9
ffb17239ca39724cfadc2b50d510f10d,189.9
f4ba748d8b07e14ec640572f6f368e47,189.9
75436e195e2764c4d0d6e18b26b9be96,189.9
adebd09bf34331895e85b10eb882a992,189.9
aa28fcb213db1415749a665f82704181,189.9
a97157bca251bd230220d09756222ef2,189.9
117ba10d9ca00512031474194ea796e9,189.9
9b1c0b706b8991152859ed64739367f8,189.9
777383b5753753a9c3fbe33e966567e7,189.9
b22929060c67ae572e2e82d531af2fc4,189.9
bedacf9e38540811c6f18eb143f9e27c,189.9
645dc851372903e9c08ecbcdf5c55f36,189.9
196d61c804eddccab4441e7a7cc781e8,189.9
85767455bb630bfef897cb4e78647be6,189.9
9962be6bebba3e1633e311a6a0e6a31c,189.9
c255a9ef2264c3996c402a9c11ec4418,189.9
218a907051398c4288718c166c9ddf72,189.9
710f531a591d1042892eb71a78499cd5,189.9
9d797f40e11f670475bc2cf268716080,189.9
8f53becdc23282bf21b05287651baa73,189.9
a45e01a41237e2822157c127653f4c7b,189.9
12c949ba7c24e9587a88c406d2aecbb0,189.9
f247dc9ed6536f4ecd067e8403beea4b,189.9
9d4e4f37616f1a31a894f04de571f283,189.9
faa44d6a18c50d95adfcb8b7fcf075fd,189.9
5e6b6642bfc0441ebab444fbdce404da,189.9
94af59d9cac1ae1976312584f628ef6f,189.9
cbd53fe27a0d896fa630df7abf038203,189.9
6a6e92b4be5eacb3d7abed3f73d20276,189.9
f911f42e1407bd2426dabcf3bad28a14,189.9
e11ca2a0794a6a0fdabcace5ffe86ecf,189.9
cf999f5ef28f9efbf5c601b02b79b8a4,189.9
de10ff4100545d244951898150f9aad1,189.9
b8be9fbd47b5b5b16e2db6e939785fb0,189.9
2dcc6ad64939f4d896aba56fe6020d23,189.9
49173fd28a263996bc1d69b301aad528,189.9
f7348d817315b78785d5c8389c26b998,189.9
fa6ac2e4164ca0db95051469d1876bc9,189.9
e363c2f43b09487b351bc2cab0eeaf1b,189.9
82d49350087901dbb49770edeae39a07,189.9
a597a7d6db63cf28f7de661aaa828a2f,189.9
059899061ea1269601e9beffb8d31189,189.9
2dee80b74900bb89a1ecc3e97bcda6b3,189.9
74c196d5748d2b4dbd3d387f50d6fa09,189.9
489edc9908dfebf174395c3ca974586a,189.9
166dd5897ee419fc1c7e58a26d495a29,189.9
7f5b6e40d5841fd94b631f19329286cf,189.9
cfba97fe78a7160932c18b90b3a566a9,189.9
95fda3c2a70a5834ec54463c77b5f10e,189.9
b28e4e1a855f322972761f8617f0be88,189.9
c43c3140ae3f3b176a3a142d59a50668,189.9
028d9c8cb891f2860106890cbc40834f,189.9
1bd7e7f56fdc321a90128087e3e3e220,189.9
69dc48c531f3fa0a8b09e881dead8a5e,189.9
9bf04c159f122d323d21ddd3189962e6,189.9
8326dc987e109ccc766ec060e311ab93,189.9
5577986e87a01d8f0d0055fb5229b436,189.9
f5fe72b574ff418727aa603ee22ea9e1,189.9
79bf49fff32de9cb236d31bcffa1d6ef,189.9
25857a2242c04c73ca652f058c01d7f7,189.9
347a5aa5d381e31e52b84bfcae3e1eac,189.9
01813ee9f6884594643a63fc9eaf76a1,189.9
5e14efc0ec5698675ccacbbd5b33d4ea,189.9
6b3b0cc3877dcd4dfb365254a100e422,189.9
dfbec71a2ff7277373b315694f9ddec6,189.9
152dbb1b41350e9b107e483e9ec546c0,189.9
e05fe625a8717639ef689568e9971a36,189.9
d59d5ab941b00db1efa82191020eee79,189.9
f19cfbd63ec9e260c89eaa4c2f732165,189.9
d4420d4e2444c03abf4a6e64563feea1,189.9
c750b9812fecaaa048f03db2aecaea15,189.9
1887234b28cdec9f90bb825e6fc05c92,189.9
3f3aa91e753c454557cb29ee5a852eab,189.9
041e732946d597aa439b595a2def33f3,189.9
29dbee0c474f373b72267a9e886522ee,189.9
043af03b39a6275a432ae36c96928a74,189.9
690aa04c42dd563bffd60757353abbfb,189.9
8c9acc84819fd7854bc541472f3479ec,189.9
c2e3cf920b413000eca5ae4e99f0f169,189.9
0f5c8f3aaa4da4fe842ed055aa9fb606,189.9
4c4c4602b30c46cb420caa46cbf33578,189.9
b900f2bd9386de222c68a931a68c2ade,189.9
d29935fdaf4a76f34653da3def4f2a24,189.9
b6ec7b751e2f245dd053e6e0805f4e63,189.9
bee0caa1c2c4ec9867df20ceef6b5a7e,189.9
b8c4d65bf3206ebf8fe12688f304b54c,189.9
75eca282d67536cc800486bdd225b0d6,189.9
0f26c5869edd055bd3c7660e6220c5b2,189.9
b0d798d76605a085ed8b3a196da24b24,189.9
9ecc185eaf0a8f754b1acd9ddba66e48,189.9
6aa5716e48d15609c34d2d7385303f4e,189.9
75e08f705115501406bca3bd781a8cc7,189.9
d3ef0c42a88b099e427be86fff577e54,189.9
99907fb65062e52496e146648f921649,189.9
632dd519b6ef9b17fdde07505296cebb,189.9
c3e97948c52d294da6ecc0e5f3293583,189.9
c88682581bbfafae566db5aa6acfa803,189.9
d2890e0b74569896e5ddc38bb7eee8ff,189.9
51c563aea32ed3354549f2b6e7f37664,189.9
0d57495768b1e3e56d813d71b24fbc4d,189.9
7ed3bff19a3abe6e21e31d2f8f1a38e1,189.9
e0b6d9f3f3cf18ceec4b277eaa578c0c,189.9
b6181936ada8baff0ad3239156cbb691,189.9
edf56c9b71642c3f73252ca6f3653c36,189.9
a7f15daeb4efe57cd37eb6ad2a78c0e6,189.9
9cfe0d7ad6c59207e16ac0bdb718be24,189.9
891e43360de6c95937fde8f4d6672658,189.9
974683297757fa8bd7d66ffbf98bc520,189.9
0423a0c4b6eea9435c2f40758658a2d4,189.9
a486d2f4e67998e7c7e945dd4b801260,189.9
5d1c53a804c8763af74543c19b392fc1,189.9
fc58055f86fdea1a882309fb662b8b90,189.9
bbf249561e84f966c88f8d70e9c714fc,189.9
3ba71e4f3f55b141801dc27ed1daa7f5,189.9
b04dacc5c80ac9337afa2f4791f92f45,189.9
c3c2faaf00e8fef9be8c780b6114d8c9,189.9
3994260fb8f75599fce4b654e1b2cb53,189.9
e540a7a8b824ec1b50d36b59f8d125ff,189.9
0541a0155b375e5d1ca9ed98e674e3b2,189.9
bda345090d1226af66db42a1a81ceb5a,189.9
40b2c0070ab6f34ad350cbfb37d7a64b,189.9
269b17d13b094fa56c41b83a2b2ec24e,189.9
4839fac6d49d1f1dd84481d6ab2b1acf,189.9
614fed65a3bda07d6dd3cd3b47dae585,189.9
173c51aa6426097b70349ba4628425f0,189.9
5ee182d6d7f615689babec22e9fec9f3,189.9
3f9de91ad36eb55c96ff3806f4d8ecda,189.9
4f53f38de92e32faba788f35878dd4eb,189.9
e03f075e4099e9ba86adf3e9cf26e5fd,189.9
87aa30e83f7c52f5863d1437d17e27f3,189.9
dd6b5ee1d78a075d11a1dadd03eddee5,189.9
cf86162c67e8a54516ba2c9031c96523,189.9
5f2b65ce4bfb96de1567bddfa47abcac,189.9
d74168bdcb1008d857118300a78f0654,189.9
fbeed95946dc41fefa2c4fffd23fde4e,189.9
a835c8deb5d1ff60aea83f05e4e803df,189.9
501c9cd7188003067cfbe04791e39d5b,189.9
1775c6a9cee49f8881c1d4d3e1e0bc53,189.9
a1537e774ed707f017b177ea47d9aa51,189.9
9b60903477438fec2ec05885d5a48fae,189.9
0bd8656da445cf7cf9f59a2fa41f9e91,189.9
a0e531e39d5495209ca09857c40feac5,189.9
94df3c23c37dc051dbb2f1d03a3693de,189.9
2f68abf93405bd413b5007660467e113,189.9
4f055f9a74696ba8819b212dd584a93c,189.9
55cfd643760b0684490f43423cb21c4a,189.9
e62e830af196c5e53f3d4f39677ddb04,189.9
1265dac0c8d709601a1234e4a76343d3,189.9
9710a62796371a259147ea4602ddcab3,189.9
eee880a5612da1f14c9e570990ecb9b9,189.9
4c6f7b26aea4a8af163c9e3723a3ebb5,189.9
46370d123e1788bede7a6f615f3a997a,189.9
a6b0f259b6c18701657c473f250f1806,189.9
514ddcd76b9dacf06eada289ded5255f,189.9
a5dc4854fe39eebbdb299875bb335361,189.9
b4b70674594bffa85de4fa07e9413a23,189.9
d7b7917cfa60997e23f7bb56c0055729,189.9
8465aa32ef2e7d31bd38ff2a08bad46f,189.9
e2eed9d273e12f782167ef6b5a5a1bce,189.9
0ca908d0f8c65e51340cf28d99485d2d,189.9
314533dd95657b7de8748504efc89ce5,189.9
98beedf49bf1d0116940ae4de3f514aa,189.9
1f12e0cb311968524fae60d08bc8c265,189.9
37cbc41882dbe4751d21fdf7c13446a4,189.9
c70141a09d453bc56c7365eafc37d38d,189.9
53c1d69437a94fac86785d028982c66d,189.9
facf852351837bd0ddf667c09c8b6dac,189.9
b626b511cecb256e0d1514d883084a38,189.9
9c4dfe617f87a6b5f13e6a48ec52a5f2,189.9
0c3f40c66cabb9f44ca7431b719f37b0,189.9
ff73a759cba534dba02faaffdeb00e61,189.9
d378dc07d2e8477f4ec8c841756337f5,189.9
4e03ab024ec93b3c8b991682f3d93377,189.9
bcc5985d05e968e92d8075e2929e779e,189.9
81e4aed5ab4253757305267b80712689,189.9
5fb977f8993bfc56667ab1f3e5012633,189.9
eed07583336a218b34ffa4773126a86b,189.9
c0bc3778e0ea6b3c24a2fddf11dd49ad,189.9
32052a1aab7fe2d80cdeb22ad44d9871,189.9
3bc3ad02b60f18345617e8ce113f7d1d,189.9
66631e40bb70105ec13118c26b650735,189.9
99abe0be8bcd2a43a3a374b4579d8212,189.9
b06fdea956d8b0a32da0e6e8df86d347,189.9
72238ef20039b25faf6a996475017e5b,189.9
f19622365d4c40c686c8ca3bec559e48,189.9
a701194f0a767e378a77e2c59b151d65,189.9
e1a315dd70805541f007a6f6ec571407,189.9
3441b9aa98014569ee95cbff82a03abb,189.9
dfba1d9f756dd0de7b16868ff84758c5,189.9
be170bc588de8c9e15587dc0d6ba25d0,189.9
081f93ad5ce5604b882889f5bb44359f,189.9
e018efe31a675270f8e48eeb12b2c291,189.9
3c57da35028a1bc160bb3c60603c8072,189.9
02d3be823b4d408e3f5e80f5cb7cb0e9,189.9
15eaec05b52afd1eea2be01e0d4ea169,189.9
fa124303523931c3e5f132f33e9110fe,189.9
82f10cdf48026392161bedb195f79931,189.9
4bb0b800e2bafd5b1df51ea1e45e780b,189.9
2cc1940e25f47f437a0b4607d14a246a,189.9
5f6db5c31f125910e26554612988efe4,189.9
1c72b1dd375ef8c7db973309f930fb5f,189.89
d5435bfb461189b2b1fe24dc28797056,189.89
5ce5850e9f77cf47374442640db701e9,189.89
e8734195811f8f934b1fc92f114f12c4,189.89
ea1d44731617545fe33f839b60da6b9c,189.89
89f3ec66fbc0b0c1da93ba74b37cf743,189.89
3491de3df74d53eb01943cbf73a4199b,189.89
6c9e6937792cc04d9bb23451e0ff9f48,189.89
fce55a0b30e94493f234e20d63c58411,189.89
7bb3c8543858843a15bcb87b0926e0dc,189.88
1cca320c8938b55f28f325396ca0457e,189.88
c7baa6105c8f8e055a74e6eb6fd7a97c,189.8
6f57e98447337541f81aecf5335ed124,189.8
5348aedd847fe3951a231608c55fc089,189.8
2c4f8a56ddfef3b48ea8d9b2bf5a8ffa,189.8
c2d5b948d7ddb2e2e156098bf964b5ac,189.8
88be27a75dbfc841ea1fec58b8fbb33f,189.8
a3363bd3c7b12049e9faaa17e4a6f1ac,189.8
63fac92d0340bec037625d9bd920451e,189.8
1e44f87bfae5a9d7d58881727051db1f,189.8
db6e5ae977b1bf6f0dd591cf101e73f1,189.8
ffb352544f1296ee263ecd1b69726e43,189.8
1d9d0514065fd217ca789f34d9cbe3d3,189.8
112187d9befa05e2fef9384a900e404c,189.8
f0498a602a79bd85e9365d918bafef25,189.8
140840d08a638fb3c2427dd91d929fe2,189.8
1c16a824c18e670e6d038c90d61ff9d2,189.8
0541aa34358f8279116d1d183f1e4eec,189.8
188aa21ac1cf80f11848cbcd18973315,189.8
18ac7a8656ad6df90d87898357a8a85d,189.8
201bf1399b34d7882aba824e7fcd79e6,189.8
27b383be03755a7020073d086fa76a49,189.8
d76e0dd107058b058e2e37f6a87a7743,189.8
36596d0942c2f9e6a1bb3673aaf75ef6,189.75
d906dd7f11e40617aba6e03961da0f05,189.74
9148047235881ee8a23cb023174942d0,189.72
65b61ecf5364db9f364ce0140d45fd94,189.7
64df235a93b53bccd4f7189cec632e63,189.7
6c08773f9b71292c7089d4bad0fbc38b,189.5
ac5d9952787cc10cb1cee5d1f68c0b4d,189.5
4b3e7362d1817574e08899f1f72db97e,189.5
4e43213ffcda4860e318417251b8f12f,189.49
036a2b2e7d16c12b97890ea51a2ef172,189.49
c8d93de5bc29a27addeb9d36b2f76c5e,189.48
f69eb006d41805e8d520d33e96a6394b,189.48
6a81e067c92bf11135c074c637f12ad2,189.45
7ce795a9cdc1671390a9fd9bc0de0a95,189.45
d0bae605ed6507129c12346c5d7e8c9e,189.42
db0423dd92a3e1b5b52d158f40ceb777,189.36
84a18469ae1de12043370666d2807e6a,189.2
240a00b1c5327fa57b61ecedb0f49395,189.15
6e5f9e821311e997d9c67b678310153e,189.15
00ca6e4277e535d41bda84d371310be2,189.08
a39427956c93bd77715536640d397ce6,189.05
240735c9db4f3159b6bc634e19d32dba,189.0
66af0dad10050ee5122fc1b0de8b0e3c,189.0
bf70dbc85ccfd25200e3be31d14d56b0,189.0
0300ae7800b82af58b1f3526991cd98d,189.0
b514f0552ad922bfc3be18e5fcc10e87,189.0
15c959112cff28d4f5f7c0eb3ce665fe,189.0
d8925133e66f9f708638c86700aca231,189.0
e3d372b69974946e6e31f906d16966d5,189.0
62c5d429dae186491c09545422a8b65d,189.0
8aff0cb3e073d9508eb9b614cc02f42f,189.0
f06c58610c27c1e70acc2adde4fc3029,189.0
c967bec15d1cef4b1802136624a22d1b,189.0
75cd35c0927c7331c98da835c8718baa,189.0
a08ee5910f78d3f2b79a0e861d0c6d6b,189.0
b878696ace463ab208c251feb755b66d,189.0
a53de69a0d2c8024d91d0605c9cc32fe,189.0
b80ecede4483f7ca92378b5b0903bb6e,189.0
844a80df92c42e503068933d7cae4f70,189.0
0da23baa8866f63cd877a5c1e231f346,189.0
a92082318cc68c11356dc5052c5cdd96,189.0
d7f854e5ec6cd17195dbd7b3ae40cca2,189.0
6f64d56fc9175ad1160cd602109e1304,189.0
ad417eed258291b622014bf443a0633b,189.0
c0b73ecb5e48f4a2dcf2514fdf57a352,189.0
93b5abb190d46114e4ef01a59bfd85bb,189.0
ab3b895e66966156a88c076c6c6666e3,189.0
31d36019e4c5774abcb6d8cf3f0c7d63,189.0
aa1c88ef1c54651170df45bffe3c2a87,189.0
8f8a5f4584c7229510e983d6326e61c0,189.0
b0578f6e3f6019e803f13ef0ba346530,189.0
255b0a0e9448ec28a16bf983b2d08298,189.0
f810431ce112bc435febe209bf81cc69,189.0
1f45dccd4cee402a119e6fe3edde26c5,189.0
dd0d5aef2ca63a04c68e4b3ea19a1a59,189.0
9ec29e8efb334fe1167d47ad3f355071,189.0
e291edf34157e0773966d8df69674414,189.0
06f3d542cb24b273ea871ad404adcf71,189.0
b449a237ced28dd8fc749aef0d4d4037,189.0
5720a15d022c09d2634c71c80c8d4102,189.0
f3f22056edbc891e004aed65f1b9cfa5,189.0
670254dd2e886ffe621b3831afb47d7d,189.0
915324f5c372a16f2cba00005464110e,189.0
6d87b4409fa0b68dc46d488a42439bc0,189.0
f37844d2130cb833a1556daac22304c7,189.0
bc2d96d037549d343268fa67b34d2590,189.0
579162aafb4604be36db3dc25807a25d,189.0
deac618bef015ae93fd7f18244546243,189.0
5c1c1b04f8283b7a6c7f1ab81626b76f,189.0
a1b9378a25ca08a39d8018bb2294f956,189.0
5e2ebf449bbe52d961a2a13e898eb175,189.0
66e142543f92067ea3bd1f529c570aac,189.0
13603df3689ff937c6e376baf886dc9f,189.0
5d2ecc47dc9030d919de8dda2bbc3a97,189.0
bf06469eadee11e635909ecabf966022,189.0
421ab72b1c25213d331a2a70c2dbac1e,189.0
0c1ce64a6c962bfba2c87a6515b0be91,189.0
8280f338ff80fbf56c39d8248470f2c8,189.0
4acfe2f36c9f7b470ef68d71dc5b6ebc,189.0
6dea049b02f7cdcb440de78b7d4d5883,189.0
1e205ee45018f8c68daf62359c9c0755,189.0
81e25bfc02fbc899c8f1110e1b6f28de,189.0
dcef21bb12c65080eadad7543510b3c0,189.0
69000206943522203193343fda85d3a0,189.0
d00e0a7a207cd60b12fa1b089114de39,189.0
4edd404b9f68334552c1d5c7e72cf128,189.0
0c3a2d52180381fae19478346cfeff76,189.0
11aa23a0db30e8c0c0613ad79f753134,189.0
4a1d9976177eedd8d7491ec69593ab77,189.0
7560d4eee6f467533295c86137bb4c34,189.0
05dd892bc3cdf380c532320e27148f33,189.0
9f9587941a9fbed8cd27d38cd793fba2,189.0
7ab483b1f17bdd6c1f0707325eebb01a,189.0
52b7dfcd6da0652fc9f042f3696488c5,189.0
ec6d1c47a1379676c35d01d521674530,189.0
ac4bf4a5575659425d954991f768cdcd,189.0
5502bdd2fd74e1860760cca9f732fd00,189.0
928b905d5421373dee94974bd164bfb4,189.0
ae9cc596d22235c547acce001f90fc33,189.0
b08151cca67ea744b3acbe132491343f,189.0
45045e29843eeef9cc45e414f88887c1,189.0
20e9fe9a523d7eef6d961f9a6c7e40eb,189.0
6929bf13d69a3e1100ca056efd8c2c40,189.0
fae23e689afbb8d92d69b409b4d2df7b,189.0
954f29bc29678fa9c02de69cbdce3b29,189.0
3aeff83006c8dff024a283840bbafbaf,189.0
40f72292979fbeb548f2c32e21759062,189.0
4b53d9cbd6d6af97a3f67290793cb808,189.0
8d521d4ee311b662cde488c5fea705c0,189.0
6082d2846415141d6736a61ee9a9e6b1,189.0
7831574abe9d10729b37f90b4593a12f,189.0
06e724a40343b086ece691eb439a726b,189.0
36915d00033368251c305e66cf4a1745,189.0
32f6dd81be6fd6573be1151784e2e796,189.0
42090a79268b92ced0c591a8e63d57c2,189.0
e44c08ac5ea60fdd6fb0b82a17c0bcf5,189.0
8126a0eb31c9c5129c70320c79e37fef,189.0
46519369677f6d2bc58d1f438ea96099,189.0
bf0176bae5facd261148fb881ccb8cc6,189.0
0d1f1e7ff1445f97f5cef1e3c059e7ce,189.0
0b1112dc536e328e5ed2eddeed21b5de,189.0
9addbda17e1bb5d5cfdbdd7cb0a7eeec,189.0
ca9b20feece217c22f11384c2a78f78d,189.0
857b7961ba24679a586fe875ea74ab44,189.0
55295292eefde14db24c4018c8fb550a,189.0
1dcdf6ec97f49ddecccb0ef350ff7f07,189.0
f20cb49e077065fc592acf65fd03cdab,189.0
287a431d159b40caaf577cd2bab41678,189.0
cfc2dd5ca59a354d388f0047be4deeb9,189.0
78078075e327093313db151ad0db0e38,189.0
ea4fea0dc5bdcf35a0117903e7b96baf,189.0
1944b4d00cd7782e2302cb0c6405c0c8,189.0
a2c9a4aae3b2c75dfb89679071ae92a7,189.0
aefe27ce4b6b675bfb6f1c67265a86ab,189.0
f056130aa873ce5f257683772009913f,189.0
3440df7a1bfd7becf564b373e2f2bd9d,189.0
bdcf33d907fe2aebe8e1dc1f936af750,189.0
81b9ba290aa678e3b563af21d7b93b20,189.0
023340b4cc63d20a56d1afa725970627,189.0
df4884b24ec1115c29871b4fd641105c,189.0
c8aca2f8d04ca121e88c26b61d3823a8,189.0
93c8ed531eb08374808364eede8a94b1,189.0
4d6e5853d03242e53d3d2e10af61ffeb,189.0
e8181e1d84efc3d14d2d8a1827644608,189.0
d62db763ef217a63fb356a1b08f55f30,189.0
10bd0e79bb50988c58efb453331c88cf,189.0
2879382709b32eba5901afcb5f2b3b65,189.0
16cd84329335496cf638b105e84525ee,189.0
7e2d670de215687b4602706b25db1ce0,189.0
91d4f4a4af43fac2d39ee94f9b3a9e72,189.0
7b279dc9e0abc09f5307f5790a188935,189.0
fe6b657f9dfd2e2562ec4c5bfcba3031,189.0
43529a18cfef19147c8ef9b56d310f01,189.0
5f3cf131f81aea5ea90fde7a77feadfb,189.0
1c9c9037a0b8785a354eff038ab99fc2,189.0
62c4a02553777be2e7e3c17581e083f5,189.0
3902d933b5018c132ea3fb1db8d8762e,189.0
b7249df0932991a039bf6336c9524fda,189.0
8d0a81505e8e6b660cdb18c8b4c6c2a4,189.0
9ba4157d56af8ab6689700a8d7c242e1,189.0
791b43e8ebbd6abf0ad946fe9f2e1cac,189.0
9d72a071f26e369dfc41e8805ceb3c2f,189.0
f5498d05cf105bdd3bc601ff77601d7b,189.0
2010587cb06df66a241fa29a40cdf9ab,189.0
08fbfcc1b6c48f73ddca8312c78f6f53,189.0
42448ecc1b942b2d14c69073e22d109d,189.0
73b76f59bd2fc55339da0a2aa50de623,189.0
14ae92ef4c5da09f8158657a1531eda1,189.0
629cfc9be4d3655d489d76eaa66606c8,189.0
5dde09cc77f38cbb0ca8360d5702b81e,189.0
3574e3f3077997227adc80e77e1ecf79,189.0
3a116aae86b766a271a6a389bc5eb3c1,189.0
7e8d6b04aef8a6ba0a1cda9aa62869a9,189.0
f3908b6f7fb3faf818a27d8deaa73560,189.0
372922185b99948dd405acc9e0d55828,189.0
77ab80500d906d9fc81caaf623090c80,189.0
8d4ed4f811a7873a31183d7d7db8f470,189.0
9e0723a7e30c18a0062be93d986fcb11,189.0
fa9db18cb6fd65d306a4d710799111a8,189.0
acf88257f23504358aaf7f4a2ac091c5,189.0
5d7eb1b74d1bcff2f4c2525e549d44a3,189.0
eeb9b95b099466660703b2c2778050e6,189.0
44a201b41213d0cb2bfbafe2f17fd3d0,189.0
b955b2fb6c219be7ae9be4de79f310fc,189.0
915934f0ade43f0068135a83beead0da,189.0
b35ac25f1b652e254aa7962e33aa1d16,189.0
dd66b821762c71af5c8b3a0cb4e436a9,189.0
ce4c4fef0bf13c20bba8275489e6350b,189.0
612f939f08f499b902ae3f822c30e2df,189.0
0324eee00643cd63d11ec25cb930d53e,189.0
0227176d396f5394907470617d777fed,189.0
bd462ac156606db4b6321e8049b69ba3,189.0
7779b97b9a0343e58e4f6d87153f8cfc,189.0
be3fb1099513e32c002c7855a40f09bc,189.0
df96bc92ed0993fb9e1c5433b07a8fd7,189.0
01d443a484536e8a8c520f79dd9f6ad4,189.0
778f92552296fa2e9a576df5114be74c,189.0
f7eb5aa8d9142df5a28850fde4b68306,189.0
c5912afa747c4f74458aecee49c8f8f2,189.0
f0cf70a2084f0fbe22266290b424ba21,189.0
b61644c2fc96943d712a9f4a249234ce,189.0
9d117ff3220412aa3c654878555759b1,188.99
38f8466ee6214edccc55df2bd8a468c2,188.99
50aef86314536113cf37ab64f241ef8d,188.99
57e761e5abb85226f648d44620795d9c,188.99
4481945a0554d214e5a43452060d68a9,188.99
e6813a060241b53a0f13bcc2c0545685,188.99
fa60dc846cc1ab755dd1768fc500b400,188.99
d3fda06d45564b2a30b99c8a476a3921,188.99
4f1d63d35fb7c8999853b2699f5c7649,188.99
0dd70915d5f46c4cf8afce382e0b5b86,188.99
74c3c10ff5dce9ca7640e43b92210bcd,188.99
2c51d0c600a3cf399f2afad8a74ae1b1,188.99
4797bfa237248c34496edfc436487fd0,188.9
73a5749cd00eb3271a4e839d7c71ec9b,188.9
047965eae6564b51ea05b945966ec595,188.9
1098e13c3ac2b7d8b711ca1618cf31e4,188.9
8b036273a1a512da2329bca54afe3f95,188.9
eabb7326f27bf091ea64344244274c24,188.9
cbcfae7b60710216bbea3d587a83af2e,188.9
5cc10ff6fd37b0b4caef7a9d784491f9,188.9
b6bd3fcbd152d2e1fc27c93ae688d091,188.9
bac0a8908cb0b1e318878367b7afb88c,188.9
befb9c2cbe0ffcea1a14e6be4f71cc9c,188.87
a542cb794ba26cecc08fdd5db20b5b45,188.8
55319284a24e6107943b0347988b768b,188.8
df2a5fac390ebf96fd3efa70fe4758c8,188.76
f35c962d2a595858dae3c015705f0b55,188.7
635df0ecf19982b9fdf79b7f6558f841,188.65
d1800078046ed2e5ae1b0792b695c56e,188.65
182c15f981f0b00f0b301c171de91c79,188.16
06b4a03f2ff5cd08d0d823f845dff6fb,188.16
16b2af5a3dda4ad1940daeb17536c5a8,188.16
898107309c7e33b88d7141ebde723c17,188.0
806506dfe3d2254fc15ce9d6fe1d6c05,188.0
d2f75c4d5966771ecd939c750b0a5be6,188.0
97b272df0a3c59bb5e9a21a32d3efad0,188.0
a67d859e19f536517a73416adb2739e4,188.0
ededff5a5c43311f63b562b9d015d68b,188.0
936371261887bd18efd7f8429efcb4da,188.0
e6248520776b8c0444d391704ac0fc62,188.0
67499245ee845319c6a71db779fbc4c5,188.0
628560346c01705122e0b4516e9bc588,188.0
9134f2092e13a2323b387cbad1f56d1d,188.0
db34b92431fe812d551d2ea6f6424ff9,188.0
444d998dd9e7d510c9d2372892d89c50,188.0
8399381026e573d8385a57a5bcd56a3d,188.0
bf1e24c1ce1621c4510c718ba8010f48,188.0
604a2de1a28b64bbe0a9ebcc44681213,188.0
b55d63dd330f6bdf9b925468c3bc71fa,188.0
782776350a20f5b2f257784336e42b41,188.0
5cbf392c26fa4ca8ea3458caf194b31d,188.0
33b227a9e9ab376b81f76585279e3dd1,188.0
f9c41a56147b0426b032c3264bb0223e,188.0
f9c8ee75dc95342ce456ed5f80ebc3ab,188.0
34d7728944672ccbbe70d07c7e9cb4f2,188.0
60166efb07b460c5feb03639c9ffc462,188.0
c9f7f8c891c537fa25fd0456acd01b33,188.0
42739d30c218a2bf7f80ad16895e685c,188.0
9d4d495d057fab5a6fa1dd89d432a0cb,188.0
334a99a638d103fa19f70bf9dbf52755,188.0
9eaafe7c469228a67c9b33a3cbf37154,188.0
fb7e6514e433bd65e2c4f4789d9fb518,188.0
c4a04664ee7c04ed7a9ddcd99e07e761,188.0
42d01857fb367d54c80aff45ab268155,188.0
5531cbb0d9f05752f31c5c1a98938451,188.0
fd2bc7895fa1c769be64f398f45c8dcf,188.0
30e32fe96c525e48a18f2595a273b5d2,188.0
42d4a2e8a460728da550948367a9f2d9,188.0
7535f5e603e1ad9a0c0bbc321caf1994,188.0
0715d45e32d1a8cfc84dcb9a447ac955,188.0
27098d24681449215d65e7d661d10723,188.0
09cd1b030888cd5d39ff8cf8c63da284,188.0
43564b5cdf4b3a18d4956a3f31a14b14,188.0
9b44ba81faf0ddf515f9da9327b67ef4,187.97
a04d6980f5f8afd4e337c7cba0014af3,187.95
4dee81b9fa9d2d25ed3ba1829f101c95,187.94
f120a49df1e34b725049678847e68ab9,187.9
6cf478902f8f587b6516e41059da1c2c,187.9
3ffb10bbfb87f808e1c8665cd4f83ba8,187.9
21d2c3ed27ae18bdbde418121df7e3db,187.9
bffec816107aa26f6836f6fa687c9039,187.9
56153ce6acb6933c43d2215111c0b9cb,187.9
c121e2ae79d2afd6726c8e4d09bcda58,187.9
149ae3f1900036341359b6645be21c87,187.9
5718bacbca3da95ebc6d6a33e4a06ca7,187.9
62bfe1759d3600c7dadff0b3d0d389d0,187.9
e873ee667c51b3236ae273a6877461a5,187.9
765b16069f3a85853163fa38153e3d0d,187.9
e74f78f19907c4af9175fde9c438d312,187.89
bbd1bf1c484de6d5996c11f0b44d7723,187.85
124bd2cd4802bd7b4f64b19d46b53bbd,187.8
6e973aad46c724df5f2cd72c7e1c5885,187.8
ccf08221f269e2c8efb102a1a6c98085,187.68
c452f30b147e9125158215881568f2d9,187.57
6cebe114e7af2d935c5ae6115ddcb03c,187.57
9cb84aae8a6bdba16a587a7aa0494788,187.57
6a4dfc750d0362580e718a18e4039042,187.57
84136a4330f1da183e8cb4db7448b838,187.57
13afc7efd941dd829a73485c9ca3bdac,187.5
0dcc7b618e4ad88337034f01e2255953,187.43
c021182f0eb57d18ef4283cff6d0c724,187.2
898ed903326da62b189dc46ebfa40974,187.2
5e3d32f8eaca4f6c9dccef909ed73e4e,187.2
6d1fe6ac78f6c088409c33ab54124a35,187.2
683c56d8fb22ac87888587310311cf2c,187.0
8ebb5bcb13deec1375db0fc1bea402fb,187.0
2ab7b208d37e7ab8d90ec19522e2cf48,187.0
37e814aa0b2b15f198064bc42bc5886e,187.0
fa064edddf6e97abbe5c05226bc1b7ea,187.0
e77145a7d72368000b90adeabd26e719,187.0
5961bc3b38a25ff2df5f3d364232c0df,187.0
c7f70f5cf91be88049723af74735f91c,187.0
b8fca18186053a557dba3904f6015856,187.0
b6b8e122cb92d8153a97eecba602db4d,187.0
ae158bb7f980ce5561ffbecd33920c1b,187.0
a417afdddebc6a39bf0940fe6c601ba5,187.0
28ebb90e96b1f4a013dd67ac9e763e6d,187.0
86e6655319952985e01892337ab48767,187.0
e7d9410aa7c87033dd9f7741cc5b8137,187.0
a2a8ce4e0a7373fb55c203010a0d21b7,187.0
59ba19787a301a48bee9f11ee4dc8a4e,187.0
672648fbe0bfcb8f8edff0592f1095fb,187.0
cb99d5f1c5278ded64a20fc48b03fd20,186.99
6be28898a686e866f6c992b45037d499,186.99
4cb9aa684a5f0988ea179e93b6c2bddb,186.99
b0a59e1efebe412e0c594fdea8966fa2,186.99
46a6fa15b9f59db51c19aab8f0312bac,186.99
44f7d61f4662b0eb66c35226a7f1fc0c,186.99
3b46246819bddf805c01f55e92f4ce57,186.99
96fc32169071d688c5699248a7446266,186.99
773fec0d5939f1896c867963d0226081,186.99
d266372ab3c63af5c6503c9315b213e2,186.99
34af4d04a7a8bf9f3165365b13b10878,186.99
8a742a9661168a6785b8384e55656a99,186.98
d15d033d5e018800997e13b99c63de00,186.98
3d42fbbb0e8e6fbe7b33e92c5d2fdc66,186.97
5086db9b5b639d5b5a71a29df7d788dd,186.97
73b25d06c4c8b89ac3c9ec3198e843d7,186.97
0d085f8ec7d2e0ab26856ca2a14955f2,186.96
1847a5181062817755a3763f35215e8e,186.9
ede817456584261629f6f9abc78d11ac,186.9
52142aa69d8d0e1247ab0cada0f76023,186.9
bb4d5187b89ea6b78cde7926727a3cd0,186.9
0fa2e6cb1f0ce7aea3b5cda1e78d5e11,186.9
b5bd3cedb6b90b5a177eab3116ff4336,186.9
7b5a8d934b1dc34a581b1f1d0fbfaba3,186.9
af3e4d3d475e09dfde313eb5d5215e9a,186.79
78deda4b6546083ddaa5e6d5d11b593a,186.6
3eae46e74d4780110d20fae4a9194b9d,186.6
1205480caca6c37f55954da838933b8a,186.59
31be798fe24a0cae8ce9a780b53d9757,186.5
9f46e84d51e039c5decfa738cde0895e,186.5
0af2831dd8e096d67a27ba7cfba20f78,186.4
779a4dbe2c7972c54b324e89494644a3,186.15
b4694eda03bf5091adee5c21f837a67a,186.0
fe86c2c022a8d1665da64dabf0ceeaea,186.0
a8a3a97e5508758040e4f84de88931bb,186.0
aa54db1f70672e3dd23fe0ce29522fa3,186.0
0d16bb7bd7c4cb2b20965e3ae4ba43e8,186.0
64b53c7458ab57816bc16da6aa6ab1d8,186.0
14b233ed669889e8ac2c54d60ab8357b,186.0
fdc2fcf28f9250a76e69dacfaf652eb8,186.0
5bb39c890c91b1d26801aa19a9336eac,186.0
56684dd8600c1d4dae46fb02ade08a0c,186.0
6962ba9bda5d3ba92e38bd638bbed523,186.0
2317e4dee52344e806677cbc15e7edb1,186.0
4c047a7a1169d69034904b2fb4abb348,186.0
a7e7f8dff23d4445f62bebd3c2b0078e,186.0
a83a89abd16a03e6376fb659ca7b6612,186.0
af20e4d9bc9c5a59eca2afb75030eb4a,186.0
a0786c581c57c96420d8dffd0cc5f4c6,186.0
e6b66b7e38d4ec0a5c703351f220a98c,186.0
2881de39aa89bc797c29bef175fcd2b3,186.0
7d09bfae900907e48d6242022ce019d2,186.0
3f8aae0419248bd89751324f896ee2c8,186.0
68997e7efe0a8f5ba065b8b8dfa707c8,186.0
1749c10ae674ccbd3cb5054d29faca39,186.0
4796e39a763d67f1eea914be94b6533e,186.0
6031232b68d8f02157d627926d13579f,185.99
18890193d4fc21b43256ed99d712145d,185.99
968dff08fe3a49a95c2eb63749fd1519,185.99
5d220dd81c69ec6c82805d9d7b697d30,185.99
fe485abf913542028cce88ddd0abbfb3,185.99
ad1d8fcdf98223e86c6863f69e579c58,185.99
d42b940e327caf15f20892bbf1c2258b,185.99
643922355be93dde01b7c85784dcd798,185.99
40fa299dbe587c5c6e159511e90b66fe,185.99
38960f9258200778a67efec78cad0f77,185.99
49e31013afa5a0bfd5cb51d26ce10a57,185.99
d8eaef18d54f26637bdd57fb1254bbb6,185.99
32db8bd14561bd687e2264e7aa7a372a,185.94
26986b28dd538116e65c5b88c0e050b9,185.94
72cea2abeebd1dd8bfce8489ba19df9c,185.9
240a8b56938c17a84ffdbc98516c9468,185.9
aa6ee75a5950e07fa3f543bf48ee608e,185.9
4db1727486f69718caa8e66ce168e48c,185.9
1910935b7377a45bca463c844d7a071e,185.9
9aa018fafd653c1c86f756a0645579eb,185.9
cc90501463fbb7bfd6a2e2687fefeb6a,185.9
5b568ab7c02d7f4a30b1441d020feac3,185.9
0cf6be58a1fa3bec5e5e3d20d43c6d2e,185.9
934988550c367cd0b058b47ae1b3d0de,185.9
0b83af8e524bbb2aa83ba090f5be21ff,185.9
7a56704a242550f842f7a623eb62c966,185.9
85c4b419d1e841e9a1304a5a21a2f021,185.9
e2a970af77a3457a621dac37b1fe2208,185.9
0f28bdd9cc5e7809ee80dbf2f426b221,185.9
6d34b68801655b93a27ef40982f28374,185.9
3452bc25e2ce8675c1e0731cf3933b33,185.89
894070d43ae4f9bab9980d3da7f8aa32,185.85
dbccc3a5b4b250d8924a3ae91c89852d,185.81
9de982a523b0a9891c739db375125971,185.81
bb0d1592451676e13e937787c153407a,185.81
884f41c5da7d2fb4260c07ac2107fd72,185.81
7fdbfe237a74f478ff41c54678f104ab,185.81
95159c203464fd65efba0ecc7a68d5b0,185.81
616064d1372d7f9f99c4603f0a51956a,185.81
1ab39a172f5920e0fcd5286d9cfc90ea,185.81
672b3a9f04869358311e98e5190693df,185.81
eea6871b2a776e5f98fe73b255a0a270,185.81
60fe1393f116cdef02aa0dddaef478c1,185.81
f1f213fc2d98543b4d7a34d72754f880,185.81
fc8919341d4799fad9714cd5f33daa3e,185.81
ac45ee3e11fd372c565f108ca5b4c10d,185.81
f2fb8a49fc3012aa30f76be7f47eaaad,185.81
cca3a432a978d0171edb9e9ccf167bc2,185.81
6db1d46b53c6eebb6acf6f0f52736350,185.8
d531ccbdb83e10742c9f9520d55f4701,185.8
1e889a782d674324faeacb81ad066144,185.8
0199164bec886c94218205248559d7b6,185.6
a3fae1188394604b9ef5d91a29f1c8b3,185.49
21fa276ecd01f54a1a15fe00a51110af,185.49
e03121c8731bd9b1e9ffba60f6ec86b0,185.49
82141426f5565b47a8b8433342024da7,185.49
d37974b9f02387c679655b3e8cdc3cdf,185.49
2f9b7738d4278250382b2ee26d7bf145,185.49
b148b2b71b47b2bf513cb703bd07b63d,185.4
99a32bf8f0c54702217b584a4d220761,185.4
e7538f59822c6f1ce51b24280709bace,185.3
72a8edc8e8a114c2ac359da8623154d3,185.16
2765600094f5cc0d19b4d8308ddb4414,185.1
1d590938091b67588c7e578dd4e10ca2,185.03
e52731ff356f8332488e9eb09a5bccc7,185.0
0d47b685e9e483c338f38fac97429145,185.0
3dd45c81d2f452d90f1e79368cae7579,185.0
0cb635404b8b41e8351ae5578711143b,185.0
1ebce23a0da37200264dbb568cac6396,185.0
e6fd77eed76aa975b65f6c8fb818e5ec,185.0
bbbbb2b0c3acafd69a8ce2c286802458,185.0
2eb20bcef198dfa0ecc7d8e46ba0c856,185.0
fa9df1d2b3ed5aa06027b89a34ec272a,185.0
45d1da7decf573a4b607172ed4b1435e,185.0
f4e4f02c3647142fb9d59c3871691656,185.0
80c07a5d6b086b8c179589f4521e04f2,185.0
50818551b3934e037e9f8d8dcf85c64a,185.0
68c3801d20fe13937ef0fe77d7f72351,185.0
027ae9ecc616da8c33d137a1d7e40f0a,185.0
381546c76b322c8ca3fbad5a78a89c8f,185.0
607d02e2b62d5615a13a02914144d29e,185.0
3aa067bb9a756282ef198ae577298bd9,185.0
9f5e69f7ce7e79aed191386f8104163c,185.0
04411d029ba983c1386fc99accec7c63,185.0
b7e08e844dc1417cf4f338c401fef8c6,185.0
21ce8c10c9805097875674f79709391b,185.0
0c32da3090365f1c34eaa407bd52778a,185.0
741599c6251909302172689216fe2930,185.0
ef4644f13feb2fb9cfab80d8cab06784,185.0
f6c59ee84a5d75eb10e75d2df12d67f0,185.0
81d2735c182aa1e22506ec0a4d4995a4,185.0
d4e30ecc9f1d562a3af5203984e7f5b6,185.0
d5fb03f7777def9b5a057dbf04dbc3cc,185.0
ba3743e23ed5d26cf1a06a43f0ee44ac,185.0
e8e5987aae2cb151cbffe4416bf523eb,185.0
b1757da2a461d581e1a3b280ca181b7c,185.0
71ac7ff106160c3efd7f1fe76ddb461e,185.0
a1eaf259693eec5fdf8a82d97c9b1fc4,185.0
dad80e24bb5ca55d7be9d9f94e174a5a,185.0
6d4a9a1eac41912724dfe020ea534d6b,185.0
d49d050b968aa2bfef80ee4a2906ab8e,185.0
367e6be143018c5f8b5d70dc90713fed,185.0
545a80baeb1729733560a1214b08a93d,185.0
975fd354f00ccac0696fe4d65378e1fb,185.0
a64419c8fdc7dd35d0a4464d48f70134,185.0
6ef60f4d41c7d80a8bb7b0a986033508,185.0
ea9fe0f3cba46217db8ceda9752144e8,185.0
0cd6b3508de5b154bb090ec5d3b341e2,185.0
3a4ce1bd2a9f1cb5a56f5a420f0a6072,185.0
a100bd3bc89971db65003553fa4f0ba8,185.0
8cf1fb406945ccc459ea681056123b03,185.0
67445a48f81187ae4ea90c6b72d68264,185.0
a48d0f3e23fe165709856a06c9fe1d5f,185.0
c590bde02b403025bd56faa049638968,185.0
22900d022224c05dd51f2442b834da07,185.0
9a02295e3381803554347ab4dc1ab41b,185.0
7be38d98b5543ab58a89622f34fadc05,185.0
da2bd16b131bc90653b87fe4d8fd266e,185.0
683b096ae164f11fdb10e1fbf526dd3c,185.0
aa3e8d6f20aeba10bbf8952efa49894a,185.0
d090551135154e438034db7cf080bb13,185.0
2223ffe5b1560249d128c769de3e6db6,185.0
5f93f6d3c6138e72d4c9da1b3ea30ae4,185.0
c08f3572ecef20f3819d4f647ef4fe8a,185.0
3fd069708a23aa89f1c5a75649cd99e7,184.99
99ebcd13bb5b88f4acd805f7890567ad,184.99
8ddf4903e712d503db7f470bcc1deacf,184.99
cac3e03fcc9d961605de465a7b17d6b3,184.99
1efefe2921f93169b360de8c6830c48f,184.99
32b22fd151e7677bbc6a1ccd0bd05366,184.99
15e004d388d75132c9f43433c4073f2a,184.99
b2f83ff904c51add8370e2d197734831,184.99
22123c239190c64df263dd7d8bf4d344,184.99
f2ad615b9e352f08c5382d34ed55ce8b,184.99
7dbc842dc7479f9708f950fb68fa7f29,184.99
2955d4a793cada2b9982e378e9e72f84,184.99
c2ebc443491a9e2442aa5ae1192fc745,184.99
c169f24f4c8aa4c97dac45a35ca0fdf1,184.98
c8c985eb0e68ec4d734b8053186e8f8b,184.98
531b21f332366319dd5519bb9dd3743c,184.95
1de6fba12e5abd0cc6bf19f9cb96a59c,184.9
2daa54fc002886fa8a5deb96d1be1540,184.9
252958ad9cd878e5fd02fdbae229fcf4,184.9
f31dd75832bf4dde37a747567b6211cf,184.9
d31a25f9035f5c84a468c15f58256171,184.9
70bccc2f0d3aafe8a9fcadac4af9187b,184.9
a79a8e093822088c02267e7ae812b873,184.9
dc0d0eb1de5edcfdbf09ab68bf450951,184.9
4ccb9f83aedb33faa7a13cc3ba34a56e,184.9
650ce1306fd481b41aa8860f021050a0,184.9
b1737c34c3a1db8806af041483301a7c,184.9
800282b8afaaf9ed8bb6ed9adcf83e61,184.9
68fda186cf0d78b846df318aeb4e85a0,184.9
212c138741751c407754e4ad14763dd4,184.9
76dc9e33e0c0f5abda10293f94c86423,184.9
b0964d76975dbc174b623b5a300973d5,184.9
3d64967ab5012122e071d526a18038d1,184.9
ed60f04b26f7d1489b359d655e71f9df,184.9
2b0bd5eca653853a14cd538cc974a7d0,184.9
058d7abec446a0205f278373001457a8,184.9
3aa26b0090c89244c07c04d241eb30af,184.9
25fd864d5b0b7ccfdc137490a3586cb6,184.9
143a2712089c099671d2ce10731b8aa4,184.9
11cf3782d686a2a5ffca194357a9bca4,184.9
dc41e3678d28d18486999a07be51317c,184.9
69ad7c75c00e77e4a1385cf071fcc95d,184.9
dca4fcf46c15aad61c6cc88d568a31da,184.9
eb2222308ec066485ecffca88d08df46,184.8
27e91a1e00fe25b0b8b26b7f6729b318,184.79
ba5a299fef88320dbdadd124f5333bc6,184.7
4cef993bd4c1f61b12e8a8823f20cb08,184.65
3cd23ea21a79ae52cce514785f7752eb,184.6
0fc3b282ee61e08518c98a8551cab6b2,184.6
21e9efc286abfd10df26c15bd886a591,184.6
3f6fd186f7e40f9cd5a3c8c3965b7c48,184.6
85a033dca01f74927fd9b30bcd7351f7,184.6
61892c983a579e842242d67db04c0925,184.22
f8a069c2a2ce5ac98d668ad6a7950cb8,184.2
63150e501182768887ac59b79c6b8546,184.1
5c515f4bb8616f7feee867ad9a301bf9,184.1
8f5335d82fed2d5e0d0b20c9750e56a7,184.1
8b74477fc8168aeeed71d94c2b040125,184.06
fd66171c97600151f735da73fd0aa018,184.06
578caaf393f2b39426846f3b87066cb6,184.06
34c7072b051e4df2c2a048d2db72edaa,184.04
a4a766ed0dc895e33d2f962b53a21e4e,184.04
349207309e806b55fea5c3defaf97cd1,184.04
c5e68b243bfdf32f1b8c8a29fccab95c,184.0
9346c5bf5e6eac10f0c9feaff3eb306e,184.0
20559261cf336c518ff02088ed84ee32,184.0
67fbf3bfb27abed847924106a7458acc,184.0
0061937e85c708a41f5d5b24405d0f50,184.0
927e550cffb5caa83ce9afd6ec0d886e,184.0
3f935515a6dcad83cb626a199b5f7981,184.0
d3b3960bebb0ff8c6edb75c8edd39212,184.0
176f7fae9b66b96ab07b7b3385f834aa,184.0
6b4407e55115a2b1ca3e6172366b9a79,184.0
ae23c7a1bdc9a2f228213e9da905fe47,184.0
fecbcdb09e0bdc7c872876a36a74dbf7,184.0
aa471cd0c692c5405a57008ade683d9e,184.0
7bb3ca80fa418c132af83831d716da89,184.0
1619cfa56db1af0032da42858a4d415e,184.0
218748ee4a5388be76c4b35fe97f92e1,184.0
64e07158c9d5745739e99b22c29b03b1,184.0
481aa2704b487a84a33416f60148190e,184.0
a3fa79be46fc7b8b303aa2ff07e92c80,183.99
594c4ae65aaab4abef94353eee747818,183.99
1f71bf93d13010e172b16b6869468d06,183.9
89812eca4c49b39c432a57dbc4e95f27,183.9
2e19009aaf5ce281eadf19914ea75b5c,183.9
5f9b3664b4fc2352e89138930daa720f,183.8
e9dd877c0c235b753643d392b9a124e1,183.8
6c9aa2a966336aff2f22be9da776f8c8,183.8
d15cf31ebd90f57bef9ef62efd50ba15,183.75
391ae4950689e958f7aa9de8b97f5908,183.7
9ade3caa74c467443051775d3e650140,183.6
6f3edfd86311ca018da6e04aef89fe79,183.6
6dde1019a8b279889cf5599591d096ce,183.43
b5f2a4924544faeb20cb0c0b658cac45,183.38
4256db9a88d6440ca48c9d0c4f022195,183.37
363d3a9b2ec5c5426608688ca033292d,183.29
d4426e25fd43dbc0cb2fddf54c168719,183.1
179a14666a837084056cded7b355be39,183.0
a052d27ac6973583d6acbdc8049b6257,183.0
6de7b73a97f0c187c0f163027139388d,183.0
2604afbe12e2d1dd7ba180b00434d617,183.0
d51f51313fb0308cccef08b4cb4ba6ba,183.0
25e77a81462df0a4b068c217b4dd4a6d,183.0
77052b5023b16260835d701c7040f9b0,183.0
f4e25d1d164658c6f837220b0c377eb4,183.0
5a243113bcf3f3cfd3708809dd8ee311,183.0
8b9f55ee19f0356ba6b3f03485e6922d,183.0
18e21bdddfe220123864e2454f356ab2,182.99
fe8d5179f52ce81e03233bd79bbe5f28,182.99
15c502883c5a88805a3d30df33ec577d,182.99
151e77b720345c563348a887573e025d,182.99
53ccb9fddd51b9569ea4eed90c219193,182.98
729bfe0a9c4c09edbff5510098c592b9,182.9
01fa00e0304cfe9ec92334b323841744,182.9
a6c424c5f57e7085560010f2082121ec,182.72
63eaea1a0349793e34d1227d845d1f99,182.6
fca4bf09f407ec8716f7add76debdad5,182.53
29cd5d64c1d683f8d652670417b62b8a,182.4
60305609fd9f1bd337ec2e5453861860,182.32
2931a407327c7b43db00547c7bbbe3dd,182.0
55f35e2e63c2446e9eeea957bbe164ed,182.0
5c15488d1970472a9bbcd68ac1468e33,182.0
6aef84c09844a371d82a49152c550b95,182.0
9a99e708648d1215092a52e22376c0a3,182.0
3e93838115ab9cd9cd49e91c2916124e,182.0
7b433ce132416a12007e29dcb1a01ce9,182.0
ecbecd6ba589b89e56db7f5b74d387d0,182.0
a60b83e02b730c9347ece8bc68e79cc5,182.0
9f8713bb5653423221f0c56370f9b12d,182.0
a4e7d5d9719609261aca55abcfbb5985,182.0
611ea8e4e26938cb284901657e69d880,182.0
dbb305170569978cff51fd1047ebb11b,182.0
075ad0fda24dab7269482d16b193c87d,182.0
46aaddce56d1a1892e52d159d2bd8812,182.0
f344c8cc5caaa9b1b529f699cc8900d0,182.0
9a6f678fd57a40dc5010a7651ef0b916,182.0
638dfe18f83842f9fa6d9c8ad68e3347,182.0
792c997303692247baa029b77d1a90ea,182.0
2965de1142f42605ba0a478d0f69cb76,182.0
d76dc2ed3d9f58905f39deea067fd40f,182.0
e5e1ef3244e1c4a4e288e0b16d9c030a,181.99
3d14c748bab7ae77e8dff7a9efb1bd38,181.98
02754b1e0a87a51622b4a49cdac7cadf,181.98
8635815549630cbffea696e18a9f8d6a,181.9
023042a5cd5724a563a100acb1cf89c9,181.9
e6978c62c08bc49662a1edaac652c4f3,181.9
640db86c894986981e4fce284a579f31,181.82
4bd1e2d6121560098c232dc158746e26,181.8
c9ce39e0afb9566e57195003b8484a27,181.7
49d3b17d6ed2aeeb41c2b07e3bf81d6b,181.62
d21a1b30f682a1faa9cccc16d674eacf,181.62
fcd909bbcc659f6100bf2a987d65aca5,181.62
d6bcb58cf4ddb4688e8ff3adfd7b1458,181.56
106f1678c5c49be2647e906dde7dbd71,181.55
72818cc027ac2fb7e5f7dba71da98aca,181.55
33a3023585bff9c06044bdcd92c95b4b,181.5
7b19c17065aacdf8c4f42645bb32c8c5,181.01
7df0b66f0f2cba22ba501317ba7c69f9,181.01
c98e02708e14452ffd0cdd16b5842bf4,181.01
3396c96cac1da6e13602290f5a4b09e5,181.01
6e9599527f2b3b47677de6623b1cd0e9,181.01
d3583f0406695312a26cf86a886caa70,181.01
170c146979f65f866aaf118ad91d8d5d,181.01
b98ebbd8ea221e3debc0436d74d31e6d,181.0
3841b7cd7896d030e94478453cb360d4,181.0
9922420b9b6f5767d8c46ddfe4d3b22b,181.0
f3aa1c92c018f313579899999ea7ec40,181.0
a3bbbce815da0de197a60a066006ad75,181.0
61cfa6957de27aada429fb4b4498dbfe,181.0
516edd7c653a89039877ad28c3b34fa7,181.0
92cac5e07ef9d027b0a07d442053d53c,181.0
111d223aa280f74076fbeb16e7f682cd,181.0
602c734d4a72768d9e0cf843f55dc8af,181.0
df38e4bf6bea1bc3216d53bd5cdc3150,181.0
220c0d585ecee4fa50f3c996c16432d4,180.99
21469c09446626a2d1bb517020812781,180.9
f9666dd82bb4775054d1ca54fd32760a,180.9
333d057b8000f250bb2dbf5b6359799a,180.9
359488502e8d0f1c203c9add92e75efe,180.9
a6b360081493d93571023c728c118671,180.9
f2c27ef5248a5235d79ed601b5840a50,180.9
2f61a220c13f883b836164d7938f78f3,180.54
498262061f04103f440f2e643da02027,180.5
29b585519cea01e9367649155a072065,180.5
2072fec3b5c685b0c11a2aadbed58072,180.49
9e192b98545760379893f9f63707cc0f,180.49
0f332d471f9682d2acc2b2566a324780,180.48
7e31ff5a549f128e99d5cf90f3b9a649,180.4
e32a0bbb991b6d310e3f70e6e5526807,180.4
8e910586d420ecaf395cafab6dce2b90,180.4
4341dee96f04f4070713ce5453d58a1f,180.3
d848b943422d4209f6326dbee32c1373,180.2
d27aeb5071c4ea47a7345b7f14fd4398,180.16
df578de48490fad348557aca8514d6be,180.0
cad0066c2d519088b2d1d797f9172a2f,180.0
83db8ac860d9ff037ff45c4aaf6c39b0,180.0
59f61bb586b093c1815a72b3c129cc8f,180.0
cee8bfa45827fcd2cfd0ad6a5fcdad95,180.0
c1475271797b42194ddeaf4b84354cab,180.0
42990531f1c563abd40f0a87b783c0c1,180.0
eb8a54dde52e8436241c322baa3f95c2,180.0
4f0fa92e598fc48c2f7771e220791a55,180.0
838db17a7ea397c8bbb5d0b4d48b1ba6,180.0
41780f5332fd74783f7f527fcf58d21b,180.0
8b2e57215cad7768b0b04e84831c3102,180.0
600a31717db69f20de0e48880a1030f1,180.0
9f37cf36f568771b31e34c57a123729c,180.0
8d602b40ad2841e5402806ca03a7a0c0,180.0
71230fe4a71ab6a004067dfe6adaf743,180.0
7a7155625ed41db5a24a123ca185d7e5,180.0
999a5a0c6392eb8b6d55c52de803c2d5,180.0
9dc8bd747d598a1a747e3a5feba7d580,180.0
fcbe3f42ab6dc11cfacdfb880a746ffd,180.0
219f6aa1ddc83ec7dbf2498e664129c1,180.0
be7fd77bf39879f67d00f9f8c433b46d,180.0
60134a69479bd4d54c03fd5076bbe984,180.0
a6dd7e4c30e1477bbdde0fc4bce93b56,180.0
c5579007e4d4b4985957c919a7d40923,180.0
11787df0ce15c1f8f9810e452fdf3925,180.0
a376d33e913d46ab63dc70ed9153a1b8,180.0
d83c96e43ceb861c1ae810521d467133,180.0
871186e2f16364a2861be9b5abdad193,180.0
a61eb5acd0c3d2cb6a77f19c5935f0d7,180.0
0b712b6da4fc29dee43125037bead5fb,180.0
f6711380491a31e279445b3b8442af80,180.0
31916c2ef56e3981ee1aa02ce0bec4b2,180.0
b9561d2c56cea4a34708b9ff796a6d59,180.0
cb93a9fab20aef775dac6e14672ce6df,180.0
291de21e7af40531dbb32f8af3309cf8,180.0
c65f8c2ae45d86473a324911183b9267,180.0
989dbaf933f4e0cad8b35f8ce7db9545,180.0
460120cb864985d447516e2a69e244c0,180.0
42e6dab95c5c9ff9067a6d954ccdcfbe,180.0
d8b1047c56cbd858aa50fb5bf85976cf,180.0
874f40462e35f44f2e849feecca4c180,180.0
a871b98f29f12889ac15859d049e289d,180.0
8849ebb37ab6a8c2b30bb867efc32903,180.0
758d50f309f2f5f92b1d45497b54bfb6,180.0
b7fb62f14c17de6c1cb77ed5330dc869,180.0
5491f5b2f7ef061ae1fb0b14b0fcb434,180.0
569de3aecdacc79742e292a16a8aeeab,180.0
4748b3055f838bb2685924aae49b1aac,180.0
eccf5f0bc39613de60c5ca015a5541c6,180.0
c2b84ffefb0440f4c8a3d729ba3aeebd,180.0
a6313ed993e2435575b8adc16b15b829,180.0
74617dbb7f2de4ac9e4119a90ba82afc,180.0
acca74d2a60c03b46a5256c02cef9244,180.0
3363c6dd97eaf38cf514fde1ba912b66,180.0
c6ea5fee4779628bf4d55977fec66560,180.0
66edddd2f66c4db5b7958299be8733f0,180.0
69d0df381d9cf6f2169d64b4d3eea794,180.0
433d2e1477547cc3eec3981cadaade64,180.0
7cbed7bf515e961b7f7dab842f9c1627,180.0
df95b8f390d3ee2f7c0b7785a6e1f5c0,180.0
213ce6a7d6ded42b67098609314c1c69,180.0
fa336269827b24251d7e6c26e09ee32d,180.0
b41c9f4c41248fd5c32bf537312d889e,180.0
8e11f29cca8a639c168852fec0c5e607,180.0
56e1189772b79e5a9f717ed219371205,180.0
cbe54a9694c81b90f1930a589d1cd7ac,180.0
6ba0dedafbdfea05e28bb3740df29bd1,180.0
0dcb15a53acff7313554506cdf66b6ae,180.0
d2679c6827c9f5794e9c0cbfb82df5e9,180.0
1cca1abf9fe910ae8f0ad2e332a3098e,180.0
400662918a1713f22ef6c1e3de648609,180.0
b3e798968d182062a9ced85f8143dde0,180.0
d5420a7dc4c5c1f95b7912368419f59f,180.0
33f9e026fbcceb14cefbcf0f22f1014e,180.0
00949af96107ff1f55bc0f09e913686d,180.0
c9a67b1df99803321bd59735c389a6c5,180.0
6635f0ad774d21d6c77864862d8c4acf,180.0
68c4ac73f19217101bdf5c2924552362,180.0
bc494abb149186263f1818263b2214b4,180.0
494135b0bd5233d349196e0df60d2211,180.0
56a07304681f6f1dd79921f75cfd56c4,180.0
e26e08c2affcb04408e2f30cb37abbaa,180.0
b8e1d732cc707b8359e633ed95a8e55e,180.0
50fb584351c6138fc5f4e986b30a173e,180.0
4f814750bb04c10a7a0e9ae3aaee7478,180.0
0c42229f9ebb31ce346a983185d7743a,180.0
d03d5c0d58cfeefd79f0b7af50bbfb87,180.0
98f40e5cd4e7f5ff5d50b78baa32bece,180.0
9c2c21ecaba90bc6a8e1c97cd97c6353,180.0
ca31d18d41f96c51b9b1835df0370805,180.0
278ca3f32674746f15cf6cf2012188d1,180.0
27c83dec91d18902c419a034bbeec47b,180.0
fe5d190924c6b517e0f356682493be0d,180.0
3bab4e7cd9fd72391f090911718978d2,180.0
aeda955c84b2a855165c2049b66b447f,180.0
4c2ce84551ecffe29ecdc34876746c5d,180.0
33d810db5d74c5fa123dad0e11475ec7,180.0
0c851ae2a8765037fce6c6482ce93c8b,180.0
d52c717e770aa40d3c16072c3f2009f0,180.0
7854c608823d2e5419ddef9232a9b076,180.0
7890b92d81dc0d0d7325b2cda4cd14a6,180.0
d0ff95120ef2c65ac39e8c480923de55,180.0
85302c7c3468c88c077efbeb114665ee,180.0
cb7141b48591460e3eebb5b6db52a94e,180.0
40ee87d482e9533fdf81355945aee27e,180.0
719f9d5899f3d358cb2c624ca2bb18e8,180.0
162063595acec23bfcab0eab134450b2,180.0
71cc3bf088359c35394726b0334ec7c6,180.0
f99b6ec614acddef0ee27db739c82a42,180.0
98235737c9dddb3db5fe5a9b1af8918b,180.0
6ea8b8c44170030252975e4c32c8b214,180.0
a2663cf48e786b502fdf0faf6a07454d,180.0
83b5f2b720344397153281b6f4021d20,180.0
6199f0c831c304b3f10a4b25c3a18ca0,180.0
4fcc2ca1b68348af7bbbfcc445dc49ec,180.0
977fce68136a9397a3ea45244cef6c00,180.0
0be3b3c1bd5eb9d58a57b0bda7d72ec2,180.0
1096853e9f9a4dd0071b983a7d0501bd,180.0
988f1b1b4d7922adb1b70297950c5da3,180.0
af240c0b6fd782ac3d4665c207184d29,180.0
c979180a3feb8095ff043e84781fca21,180.0
8f6abc9f0ebb17ff05eceed089187832,180.0
07d39c9c43a03208a3329192bfa03a01,180.0
baf8357713e1821091ed36007fb1c4a6,180.0
da1a87cad3822ef3a0c70db2aececab3,180.0
ce5c8c732842b0d9dd8b950e9d70358e,180.0
a61eaeaadf9c45eefbda461f552dfa79,180.0
cae9d735afc2ad81f179d5c3c785e089,180.0
9b414a49c9caedb92c273141857ac918,180.0
4be0673ac019fce3d0cc595272fa9850,180.0
61243a439b7024dbc182245abdc37c2b,180.0
47227568b10f5f58a524a75507e6992c,180.0
628ad6ffbb4c46d6d1781bb4360ac2dc,180.0
7a963c3034d1ada261ac346c56843264,180.0
d265c86d8b40bed20166f5b45befb303,180.0
48ecbda544d2f1197f4255e6a93751f3,180.0
698817bd34dad4f1bc65daee0293a5ea,180.0
185493af1240d6356f4ab3ae4033ec00,180.0
ae9b61a69c752fc15eb4944d0c7f0544,180.0
0134ab2fb213ed322c3ae3b0e051582f,180.0
979c0ccc4e88416b4131dddc48e74da5,180.0
376085f5d0619f4cc1ea6cc1eb6663d6,180.0
29898bc3bd6a526500f6a9f478141873,180.0
03a808b2b6c6da738ff0f3ca8ae8f9e2,180.0
60b2dc4d4414526a06f5fe22755855b5,180.0
c3d92a27cd6ea267a7b86042bbcc9681,180.0
05486eac340ae6a8f4837c6ab027d5ed,180.0
32cb0dc27ceb91adb151c23ba2a3da27,180.0
6f8c3bb5afd59f8cd5ae6c8105293f19,180.0
977c17aaaaa190a607b8488d8a37bd72,180.0
620ca2e5846d5dc1c8992cb4ecf74cfd,180.0
f999d69f765c22961155f7c9347b3292,180.0
6e6df7996166b5783047dde933d16116,180.0
eb7ae45f608ab856445fcff54aa3567b,180.0
c17e22ada66b6a0582a07370338adcec,180.0
4615d07e73e4c684ccc9cb865c0388ca,180.0
6e3d860db76bd64da1a5a6bfa81c0450,180.0
d7c6202c81ea8e87b8c1afca9081081d,180.0
f544d0bb140c7e5fdd11cb593b6a000c,180.0
0af59dbe6e966baed8513b1093e7228b,180.0
e2b04b6f3c6db2cc2233107af21b8b7b,180.0
8871d0db2013a98a58576b50ff9a1c1d,180.0
d94798aca29a07f34830885775aa2b06,180.0
ede1cb1f72cca39d7966b210fb3bb14e,180.0
fdaa2462e375d8c6e2a00da969ac30c5,180.0
b225c8ec2dcfe0d944358115806f4eb2,180.0
264b02b4faf59b7ad0b4bd065056a804,180.0
b63c5f2fdd730a3507ae297ff4832f69,180.0
c267b23fea7c2a54a6a7b72ecee7eaff,179.99
5275da994b65c2c904c9d609d245c51e,179.99
53c24bb7be42c7387a2396d66822b9e4,179.99
f976a6aa7c97f6713c9b39e5bd74e04d,179.99
95e4cadaf56d0ea677e395ab5a6e2bd2,179.99
c3dfa37c8b2db3ec83bddc50eaf16729,179.99
140904bad39d04d7e6ad4b4d82e1dfde,179.99
fcad74a7e0dff27c33e36cbd78280bf9,179.99
5f2b267a486f2c8be982c0281a665937,179.99
ac19b2774646d3b0b421c2bc58163874,179.99
a3b14fdd39729ad50cb9f94515df48b3,179.99
52003bd1d28ef8b5dcbc44f335efd98d,179.99
82645746abdce9793cd3dda43294b2ce,179.99
9789eba872e53ba9326db5b3f184672d,179.99
40145af8781e070b66bcbcd10099f420,179.99
459d1f01d74c4244a02f2cd0c4ca2489,179.99
405ef2d7bc62d7812cf4a77d00458d26,179.99
f581423e26b5520519407f034c1e5680,179.99
cdb44232ca3c9151d9d4d20dda6c619f,179.99
44eb5bb75cbb334149aff43d1572e63f,179.99
3782f56019b01ac198bf586c13dc039f,179.99
29f4c5c4086d5058694817ba99ff6798,179.99
63dfe11df76c3bb1ad0df4399e484b02,179.99
c9e11bbf1fd45e98439aac0550ba1fbc,179.99
519c2ade7c1ac88ddb2a0e01477dd70c,179.99
267894d0c4c7fa22ff3b7eefca26a46b,179.99
b3ffeb7d2f4abf9efb45ffe0c21799cf,179.99
97859d4bc3d358aacfedc0eed918be83,179.99
ef3da544901e9868b3e3c78075f99386,179.99
4828a6413ea05bd3e64c16b7adf755cd,179.99
89ee6b708a15037840b6375b8a82198b,179.99
acb90fc3f8c6dea937542c6bbd92aaed,179.99
7dd1cb59a4ab082a16acdf30d0bfa8cd,179.99
c5a0f4b9e4131b697c6820b8f657daae,179.99
50da1de48ef66bb80ccf7a79e98f697c,179.99
5d67e31aa8cdc36c984e4079a287a60c,179.99
662e7e9bd13e776f38e16926bbd3a448,179.99
32c96c2835fc20069a4c0e229e1290a9,179.99
87a881096307226b4dc03e9fa748cfbb,179.99
142929d98bac5b572443026400ec0322,179.99
0d3fdbd4697ff7426b3d0fbebafa60c1,179.99
9132adfc6d71e0a95f4f3bbaccfb30f7,179.99
bc1d38df5dd1a4b4a8e859cf4458fd66,179.99
1eb99a314855cb67eeb7e425572eeff1,179.99
3a38b933c499fe2100b9b58a272cf9f8,179.99
51260b6df0b2fecdf113e4d05a199266,179.99
3626626e7ac7f0996aceb204c71844cf,179.99
b2307f8cc75c461b1187c98a5d91ed2a,179.99
c2706167b111035a511156dede76030d,179.99
8acb0bd584130ff9d0ce34868ac90173,179.99
82c91e8e62d9d79bfcf9af9a447c5dfa,179.99
f9101abc91870da87ab5c5c0b687e5cd,179.99
243a74d750e4a5b7cc57b953746cdfd0,179.99
9323f13e6c2405265af9075dc4e23ddb,179.99
a5fb3b16bcb08fb9f1290f225390b829,179.99
ba89127c5ea50c5071899f1c2b5b71b0,179.99
7446fba8e2913f81ebd64403ec81a53e,179.99
4b2c1822404badb9d24841b907cf9afe,179.99
65885bec34b119129adba2ed3f4ea68c,179.99
388dddfd2782f08bc557f2d504526dd5,179.99
7300cfcf40dab53201229f2bfcd4d5fd,179.99
49e714a43f8bd467468c982da1b1873b,179.99
a7416077f173333b46faea93411e3872,179.99
71ca22f53f754920cd75ffae69cf2343,179.99
a6158e68df6fcd19fff7051f119f2072,179.99
319804ffc63eb8b4270a8818135a3865,179.99
e16043b6c48d4fcfcf5500300001a665,179.99
d20b51ca1b75f352d433945310a4d92f,179.99
72819a9cc7032acbfb6c3fd6dcdc26d0,179.99
0d9ffbcdfc8f12c97fa5f1e669eb03a5,179.99
b5a87a2466545e708201d9f1b85a2bc6,179.99
6fc5d660962f2e834ec51f31fae707d7,179.99
b7b9fc03a71452c9ca2b9aca57f9d350,179.99
376b0d5753abc221c779a46ba028e9b7,179.99
1d5647bff95270b378279649cf42a8c6,179.99
dd2b0396d98a4435d214a2cb44d60663,179.99
660642ba131f6e30f6c316449fb6f07c,179.99
a517fcb18c6a81804a6b51f3c4de3bb1,179.99
0a17774e2dd7d6ac0358feaf1d4c1513,179.99
922bab90749009d3f97eb23d2e29bb2c,179.99
d40595ee850219d00530ba2c43cccb73,179.99
154404292cdb376ac4da07ff6e1082ef,179.99
ddf98a7aaeadf47dbd2a7fa2e82eb3ed,179.99
3a9a5991344f5dc72fd450fa6defef29,179.99
457c8245390b1ced9adff0627ef06543,179.99
b015c1b1b0b5b53f9010f8b7d95d6332,179.99
0c38911b449adfaaf4c34c0f28daec66,179.99
c41f490cc00d7e860ba2f20d525fca3b,179.99
eaab0fd3ab53f6e3dbd6ed4e58d7176f,179.99
c99a11e718aec7c3a6136757b0467d3e,179.99
857a78938d4eadcbc110a9123dea490e,179.99
77bcb93bc3e478b31dbaec0f96d3c3b6,179.99
8202d4224132e791fc09cf22bf5850a4,179.99
92dcd0241fba4e4253f99460cb9270d7,179.99
5e0636e454fbf409d959e77c49a9e70b,179.99
695021d70367c5f1e0d45fa0a7094622,179.99
ab4d1e8f94270a845f887b71343b4814,179.99
9f6618c17568ac301465fe7ad056c674,179.99
94d721a32e13c4675216bc3b34f12272,179.99
ae8ab5de162deb29aef7372793bc798c,179.99
14c797619e18e0f0e8bdf933bac27690,179.99
5b7c81fc95d9bbf5014919a329e55980,179.99
85f811b6af8146949931a11913719763,179.99
56f529dd0697875be243ebde725dfb89,179.99
c27849db0f50615c2db4ced603ad2a99,179.99
663ec855e4d69efcf3c4bc9290d185e3,179.99
e6ada999348e720b4b7f6f25533fc8a3,179.99
36e98de15a293055d089aecf4f029d81,179.99
06ea9a21fbcbfe8f45d54cc717db3c7b,179.99
14c9e6c08c67f35306e26da826b1b4af,179.99
a647ace45caaa650270d4684cb8831a3,179.99
de6dff97e5f1ba84a3cd9a3bc97df5f6,179.99
3b8c77deb5df57efd9eb00740ddc03b0,179.99
225f19f6a66d9619acd23171fe3863f2,179.99
a8efde73814dc81ff114f0980fb6386f,179.99
b0b4ce3ece3e118c4125c0f8ddf82b85,179.99
eebce0dc22a7313282abf129f7801877,179.99
5de7cb38f8f0b00659315a271cb3e051,179.99
5f5b81ce642e4f5b3dc6685cf9478a39,179.99
b0b613e9e97d82c42795abe6687ab472,179.99
4d36af0b2f66083f21a8f7d549647d6a,179.99
5a29bb3c06beeea41656884b0a459d1c,179.99
b951c315005eb420b99687b9b0eec54a,179.99
17512f8f575d5c56299bb07f941c2d58,179.99
329014c3035be8b78c9cee2f4e6c6746,179.99
bf354810e17773bc2d0d71a6ede7fcd7,179.99
aff521ae3a328c4c9601f45f907cc7a5,179.99
4e0099decd80b62c892ff42e844baae0,179.99
bfaed4a456a1cd28e5ce16ba9ed3baf1,179.99
c40ea936fccdfb98bffbb794c89d2348,179.99
dd68aa8587cf16acac6821866ea125a0,179.99
e5d5e70c2fb2cc7a620f72f70d65336a,179.99
25cccd60b48558d02884cfe4ca56cc70,179.99
2d2946312ddf1d3549995ea0d0b7801a,179.99
1dab77a61c23145ca78fc425fb96e387,179.99
d9a1e98c40e9f2718780ab89fd85a1e9,179.99
acc3529bdb650f4442cc91f8b40e9a7d,179.99
5727a6a9809a24aab98ff74360a25702,179.99
4016bcd0cf90a7a3344a571cd6a4dccf,179.99
a3d0f1e0bd25da3fb9e002c697d1f86b,179.99
5b78abe7e081624cace02bfef1076cca,179.99
3c68ab97a9868961c8497b3ce754a992,179.99
3a93b7b28f2d50b25c5bbb089d9b1f3b,179.99
24a9d9ed5262306de7a4b0925ada06dc,179.99
0d926ad8cf82ecb9c3dc17bfedb9ae92,179.99
8e04a9a425644607a1636ccbeb193f84,179.99
0ba3ac8dad569436d0c77de79c102b01,179.99
0001fd6190edaaf884bcaf3d49edf079,179.99
d1c6e90ab127d42b75ef2e548b4461ac,179.99
022d8f488c8a3f6e686848f2b2cfc54d,179.99
d1e7b1c048065debe2f1cc08ab2f6488,179.99
e5df8e6b6b461889d592f9c6cf406e87,179.99
a250793aa840d6e7eccda919003ecba7,179.99
32922171fd468b3f070fd758d7fd1f26,179.99
235cd28e6c7f72bb6e5337a877334598,179.99
6bd7abba56ef81166daa2f3e9f1e6f7d,179.99
e50c141902b23ec63f8b407c3c037b9a,179.99
02fa88c1b03de13858abb54758c93276,179.99
f607992590df1ce8b149279c589e2421,179.99
80f96051386679183cf545a68d3314c8,179.99
fbe5c1c5f309046936a6c8554e524b83,179.99
494dd794d228c8012ce6ffe29abb4478,179.99
4918ba73173a0a5415bd47592a6ceb6a,179.99
54c9809e0315ee825c01a3bbe1cd61b7,179.99
d75654891902c3b820abd3545048c592,179.99
9dcedc76265e3bfef169075507093ea9,179.99
d4a8166779d8d8b3b662152300284c2d,179.99
33d9f03cace07118c281874c2aa6e22b,179.99
ace95ea4a743131700cecb1b4d201609,179.99
7e3454d387158c5f9a9c2a112ae4d265,179.99
a73c818c7e2cd8ea248d8db42d14888e,179.99
b969d178c115a1b21422307d1062b352,179.99
4df495f45f53d7ffef19adf91a29f177,179.98
e4aed9317758d8d67a37d70936802791,179.98
494581655b5393bdb9195817e1314b43,179.98
308afed7ca59239797d7ecd2ccd7c956,179.98
8310245246ab7219bfabcf7217b9a452,179.98
6b79d860f52c6cc1b74140f8f7e790c0,179.98
6abd5e60b6594841f12fe05325396959,179.98
8b8f446baa0a9364a2feda2c3bd81c45,179.98
4039e92b7690e25133678378b7b8e6ad,179.98
081a2d41949e652a50988fd39febb4a8,179.98
15eb63626515b70de392cc4d9009e2a4,179.98
b83afb5eb04c3e8bcd0fb3f903f02ec0,179.98
065d53860347d845788e041c0dae53e7,179.98
0ace2b9bd28eb550128cb036aef3c4db,179.98
82c13b27571f530d4e03109dc6605536,179.98
8584ea017286d27074784842fe9945f0,179.98
72faf3075f590421c984b38197bbf833,179.98
293ee146b914cd15eb250e690de55e4c,179.98
1453fb48451a18493f27e2e36cfb0962,179.98
d8c7a6e8f9e10ebb4c1fd2d31ffd485b,179.98
3f41011293e76e1a6012bbde38eb41d7,179.98
9d3f60afb962f188a275d0ff6790d3fa,179.98
d55f7f8407616bc05b915b7a6561177f,179.98
5ffd5a0bcd9c75d85e2b2969181611ce,179.98
441e8f9ce668a66fc69c9026a92fa862,179.98
f3649725d51b964e8708b6960b3a7bea,179.98
1d6d086151df8c65fd7ba9e26c7631ca,179.98
6487942d4e64abf0e25a122fb215677a,179.98
6d54acc72b9bb27db5e46f04fe577e74,179.98
5a3dff5b019c56fb6a8f16b5bfa25833,179.98
c707ba7bcdb0d504e6f30943e310e74e,179.98
5eaea72cbd8dda40b6b7ac932be5c393,179.98
505ee5518f572ff3d0330e62351f24db,179.98
91484f301a554c45af42817457a14e2b,179.98
8dab403a99c98e28625afc038bed2bdd,179.98
bfd48619370e956879b4698e2cd623c2,179.98
206be412d24a2671defc55f90bf1662c,179.98
ae4ea94a9194fc1983a936c91597756b,179.97
111dd94da5edace3037f01e3c06d81b2,179.97
64c1209f6fae0cbe57bd7e39469506f4,179.97
a8211e31a7f2b3f3615d0a84266be63b,179.97
607d0000aa9de05c99eb26ea53c69011,179.97
0763f7a445bf21f1abd367c516f468f8,179.97
0922ca5cbf709f1cbbcf0121e4eaba91,179.96
2cb5c5492e971898f891f51efdf57042,179.96
d737e63d3a5d786844e474d5cc21d6c0,179.96
dee69d036cea58b986511e88b20ad61b,179.96
182d9222fb34c94a733d670e57ca38c9,179.96
b6f4ab34c080a9fdfb070a6630cd65d9,179.96
9ac96fa3c882ac81d2517a22ea506225,179.96
a0685cea093b1930e4d9a156d60ac507,179.96
bc0030a83d0030a9030331ae69ba97ff,179.96
8903fd96319b50a6c641465f4e61644d,179.96
8435e0e187d4a9a24ca9df8649e2bc9e,179.96
7117d38240c00f27406372087b55d1fc,179.96
6a62a87141a2d2f37d565bab22fda161,179.96
18f3077d69b15607009c3d0d581f5015,179.96
a716b64fe8dde0cfc6a3204fcb473237,179.96
9c464748a0490b27157df14d1c633f75,179.96
44a3bf8479ea498b81dfc90ca823e4eb,179.96
e4e92c8f4fd945a7c43fe7c78e643218,179.94
972b98e458def47c41a327df83f788bd,179.94
244d30900be58e7912de872ab6f81f5b,179.94
1a109d4469445a83961ebca889bc418c,179.94
046ca7ad3a85cbffda0372a4af0c8855,179.94
ade86093a862018edad215097f99684e,179.94
9c8e51447d07719ca9d78cbaad9fea43,179.94
c21ad342c0ece538a14ad12f2fa17fc7,179.94
5295bdf8e1bdc8e646e556d8285b9da5,179.94
24436139c80a4ae51c0e3a98469ed7d4,179.93
cc2b95448b7312b132645e228992f095,179.93
11328c35a950a33d1c0759f809806384,179.93
5e2fa5546c2cbda91ab09183cc6f1ae7,179.93
2c9948887f75cb26e1831f13d88676cc,179.93
a8a5317d28f26fcb8a7ff631c76258a3,179.92
20f0b1f991f8670e4421b202c2f8f454,179.92
821f7b250a75b95fd34c47673b1a7bf3,179.92
34cc905dace2e2377b839c6243f36723,179.92
bf173716098c076e4e00285843e37e5d,179.91
bd1b88786f972966bf49b41f47fb09ba,179.91
f7e12fa6272eb4c6f54c7d8aadab4349,179.9
5054c030ff40c8dc6de75d4241035577,179.9
f62aab8e44728f92519f52c38bba97b9,179.9
7a483a6e302a4c1c8879a20ea201864c,179.9
c3494677ed240d91c99a1011ca05bbf9,179.9
d156b6d121b154d0eae17d8993d4dd40,179.9
86e497487de3cf532c87f53275ebb1cd,179.9
4ca73986cd53bab1a0667f59c368eb5b,179.9
6288dc3376baf4aaf53a42ad5a27dfa7,179.9
2592409d9cdb96ddbad1f10c30cd2b9a,179.9
3cef4d46fcd245e3fe6705607bd1d9ba,179.9
cabe6638d5f48efcaf5fab4aafa60647,179.9
8e8f17531981e12cd96f9795a5c1176f,179.9
84d1e67ea6f7dc14604511ed8bf85220,179.9
f8897ca2b66630b4d587f8daab079c08,179.9
31d542804172b7d8478fca8e6c47eba7,179.9
26da56b4fbd69a10435bd728443fd107,179.9
28419f064605a15eb2038c4790b4196f,179.9
f212aed6927c04fe3d890ef49b288997,179.9
f1101e2dfd2d23dc07f79cfe14e2535e,179.9
23ad6c6515035baf49e83b3ab9d08e8f,179.9
252cd97f480386c6a29c455a74852bcf,179.9
46b876ce0c7611ab7ae7c2b39e154f6f,179.9
697cea79f32e1063d631e0d4b171f94c,179.9
a4f468579e5d216ea38ab6c2356a996e,179.9
6027e51fabf39978c11517a9b644b457,179.9
2de7c1adffd1bb406b6bd0b76ddfe85e,179.9
6efbee10da96b631dcd2c0f3dcfccbd1,179.9
aaf3349aea48a03e9d7f4900f02b4592,179.9
620c2e659b5d119813362bfe4bbe8634,179.9
f343b18b1ec901ef04874b9ab1a1c366,179.9
15de0ec010b2ebd460855dfffeaa9845,179.9
1712037015e4da310d94103085ab94b0,179.9
cc4f268918146f839fd6d93f92f20141,179.9
09f43bf7af6341180e8e334b0cd50a3b,179.9
f64dd9c3e5de7276aa2a3ff45273e47a,179.9
a2dd9312a61b86e980d5cdc67ce10af8,179.9
7c4eba870a1fb7a63c11d56bddc76497,179.9
a1969cbeadaa21df9f2ecf832e8c7b0d,179.9
eb6f73ca82467ae82fa85fc19910ed72,179.9
3c5be3902e3ee65ac45caf629dba3d41,179.9
e22f6f7375ce901862749066baa3b410,179.9
d2038fc66997336ea2fb9a7870fc279c,179.9
92898e4ac8057d4aa065733b68173995,179.9
6fbdcb5b4167b52374230ce08df932d5,179.9
cf38a9bec793e2d3c5fcf95ff666d925,179.9
755670260fa6ddaa37ffef9a56c62af5,179.9
54c4a093ba4ad08084d0d8c7d5f33cc3,179.9
e2b23b5346debd052a2750aca8834ea4,179.9
02af9983dee3e98a57adc7b02f17de3a,179.9
5d44399566af5c2d0a047663518179fb,179.9
abd2006bcbd417ea5d1d6356d76bc39d,179.9
22247a600d3839ed5e36ffd6838add47,179.9
945ff008560255cc327d509beeefb54f,179.9
800d5a2850af92d17fed3f58ed78434f,179.9
7ac9b67de74b34e14f2b547a8eb818ae,179.9
c7ab430e67a31db80dde9505dc371fd7,179.9
b2879c8c135a510dbdcaf2e2cb9518c5,179.9
1367595e0b2e19af7d65497c6332de14,179.9
7e25b8ad63a30d56ed4065640a1c47e0,179.9
690474935a97cb10f555ad60f07e8e64,179.9
303be88e30298d86fb4b2f794740a059,179.9
bd55b1d19a6ff08e7436c50766a1fa5d,179.9
0e068d477b784dc327ce26836411eb00,179.9
05bd9751942c8aa2386dfb7459379105,179.9
9a2d62a0c2e38209cfbec8ac62865efa,179.9
c75ec7b2a6db11bab5c351449b506192,179.9
0e8ada3654b94e0d569b44233db3c9dc,179.9
8d8b07cd0a8ac41bea325661b57c344c,179.9
4e64b967799cd7d6db22d2895b3bbc4f,179.9
fa990bebf6f54b2afd8f2bd514730415,179.9
06497bec842a481bd823944e52528944,179.9
da2115c0723c07a68e9062f4d5aad9f3,179.9
d3a7c4a756384c101585cd13190a00b4,179.9
6fa1e8de9cfd0b20e7328bce6789facc,179.9
1bbbdd3468f6b74b00350a5b699f0315,179.9
3f04be4f88546351e2d895e9fc9d0a7f,179.9
6662991993e535704cf68b4931ffd7be,179.9
98ef3111c052c31ff3ae78c26c0cf04b,179.9
5997ffe50c62de1654caff67d410f8f8,179.9
8dddf27adc934a43b2ab68289ec22651,179.9
2c4635620ba30da704d3bdc7be49ec5b,179.9
527f94af22a69f6595cd35b3b09d2019,179.9
4e1694ed2263e1848c522f88f8a0d7dc,179.9
c02efbe53a1febd27cc6b0fb9544d81d,179.9
22d32625b59ff10115c8863926933a99,179.9
9e870ea67399650e8c3545a25d13e4d0,179.9
84004e88cd470bb72eb252f8c9553a66,179.9
820bf18651a64c92a919cf664e31635c,179.9
fa41ee1cb6d2ef05a172aedc5720330a,179.9
6ab98db5b69a208cc166997a3fa31c45,179.9
233c226032da9bc305bc5137c64a99ac,179.9
42b34449473b9f9a218abf52d52751f7,179.9
218751f47454855f63dd09ed692e34fc,179.9
cc520e111caf2d8356003f5814dfb2f4,179.9
833f9bfebc6895534e9567939653e933,179.9
f773ad68c6d12ab39621c0c4ee7085ac,179.9
a111130d854825238d604b8301e5886a,179.9
b7f21cec11d35a647deee185c3881474,179.9
f284fec60c47ff9d7995c26517865ed1,179.9
f9ef0db14774b4dd1e59705b596d6984,179.9
b60e676e8b6d16e7e63ba66c383072d2,179.9
93ab62313298ee21a6b93c60d79443a1,179.9
2835fc229807133f646ae4245e5e6150,179.9
34c44f5198dacba9936078212bca4b61,179.9
da757be0eb9978feb09365ed3bdfc679,179.9
46acd0958d406a5ef836023f8d1e5a00,179.9
8588989971302386a38473265806affb,179.9
b38a6889b9d5764205a7ccfbbaeb3abb,179.9
fba53798d5df8a99b4d6569bc9d62370,179.9
eb02a36eb018df6508dd28c2f2a96f7e,179.9
731a2e445bb92b757cb2fc658826d80f,179.9
758f0c7c33755ee08645b2c472640d2e,179.9
19a5ad83696253b7997c545cb5a3130c,179.9
019017e9f8b2c0e399f1f00e6e87f306,179.9
d8b4cfef6d141610bc76d1682fb2df7c,179.9
37b2473707a915dafa97480565bf05f7,179.9
90e62e6099a2dad9ded0f79af4e9f980,179.9
cc5ca2692c6a034c0803f7558b313f7b,179.9
f061fb5b66f322f1c707facc636f1b10,179.9
a96bad6c2f0b23749afc5b3ff6e6365a,179.9
69a31ae9d37da2d7f5bea9bfe729b280,179.9
396f796f89ba2ca820ca123faca256de,179.9
7f4ad506dda90ab3711e25b220c4ca77,179.9
2f70a857939aa0eee49adff3cad5f74b,179.9
31dfa81667218110f94f93dbd22273dc,179.9
007732425b3cfb147a3ca928ce907cc1,179.9
b0ab89eb69e28e62f5d721f0b38fc381,179.9
f17efc061891b8702568adecffa94803,179.9
7cb765c85242eea08f1aa4dd273ae02f,179.9
8a5d1bd9b510a91cb37072a8bd930295,179.9
6dd8061076ca8c4a4535fd4030998207,179.9
f72019308430cb68b9846a32d37db6ed,179.9
67cca9aa6ff6667f1e6fe8d5f180acbb,179.9
4b91304e9812a64851cbdc97d4bc60c2,179.9
366dc85996a888a01cd43864949768c2,179.9
addf804ff9cb78ba46f8347beb614dfa,179.9
e1a947139beff6d76856cec5f6d6336c,179.9
9967754eff98e1e791eb2ea767f3a648,179.9
2cdead18d006d4e2fcc3166e71f3f8d6,179.9
a18e4a6af6ed2d86ea103da9e4ca0c6e,179.9
78aabbf61cb7310258ff80e339d6d464,179.9
29ba390ca4b030bfe8c2d7154c5efa21,179.9
0e5efb825769ee00937205f7592cc160,179.9
d57a120a63ef1c58d8704dbf52553318,179.9
32ffea59402a367c36b5e5ec8c35e459,179.9
a6f8b61be585e6663e71479ba7934960,179.9
8b64736ea0fcfe3d222766193b68cc52,179.9
652ef9556765496f4513c5ff2784cc92,179.9
7be0c64fb878990a23edc4db7516bb0d,179.9
ed3dc75383c6ba932ed43adc4bfdd287,179.9
03b5e9c6d19a9bcc8015ec2660ae1936,179.9
4198bfea408caeea241577a5fd80a348,179.9
330ca6b207006779da875ef48faef608,179.9
57dbd4390f23a099d2948084e39a9c84,179.9
5a2bf02ad139c6e245415f91991a2e0e,179.9
1837c6c28707afbd624c47502b6cd99b,179.9
3b1b6e69b35643992c8af1ffca4cdfb9,179.9
399c6c81654067bed2b65f0265f1282b,179.9
13be143b779c1915b1c83bb20bcd6831,179.9
8e8b8bdab69c0b848ed680d4f60b9760,179.9
7ebff563042d025850e4dd2508267fa1,179.9
c2c97a4df7be5639a8976ed8b8516e81,179.9
3d6cec95d1675ccadefbc78fdb9633a4,179.9
1deefde8db592ffd43422b02906baba6,179.9
d516dd286ce60a28390c588e113a6a09,179.9
a234da507a5f205f769bb15c6b6f984f,179.9
b11a64456c2fe322b98e96b458b512bb,179.9
b21a5f2bdcfbef67004e8572bd4ba9f7,179.9
9c7d82f5c79d496c6427f47690852dee,179.9
16ad5865a7312961bef41888610a109e,179.9
8a1adc2c105929d91a4f6dfa371a0827,179.9
c1254dd182176b5a248a2ef49537d3d3,179.9
c623c44fee67e4877b7589d8016d1678,179.9
c8d05282b481f15f12dd174d888b3b0d,179.9
97695065d34f80b2740f3b21f7b58493,179.9
5a415018369bbb00d24e82a344be5b11,179.9
8a97f6fb59a5e99ae5d9e14c7d8040d5,179.9
91b908a3599b613c9ebc32c50fcc1b3a,179.9
8fa215d5f711d5763a7c11e7cc0cd79c,179.9
a470dbd1e941a09ba3130dceedcb4822,179.9
f6b4f8d8ec46e8a2eef187ce2073cbb7,179.9
92ad3fa7e8c36426785e53b628576c56,179.9
fb7481b0cc9f7ef408c625a696cf3e51,179.9
5bcf79ff100effd92013b55e05f04869,179.9
ca5272c90747dafc99a824f9cafd63dd,179.9
b9269719481dedccccbd738332211605,179.9
eaaa741bf68ccd58d686370d01a88ec1,179.9
c734c901f7d73b653259fe705606a75e,179.9
a02fef6f590d55ccff3354172746e1d8,179.9
c9c6721f8c8bbfa4b2b96de27d9fb3c0,179.9
a988ea25d99e3bf1cb59a94c3450bdb2,179.9
c0a0a47b6d1a780c7e6a247078168ec9,179.9
d54e62fa217090b11232a26706a67604,179.9
35df3f7d420979703a49a172c1716a0a,179.9
622c8e6dd2f3d6f07a232257ee86e6b9,179.9
031124e0ea15f7bc530757fef9d35da5,179.9
3d6ac2c1525fec617090518a900b4cc4,179.9
5515bf006d2a0e06bced9ca65c312036,179.9
d734ea4ad80213d54fc4325c5094c955,179.9
0cfaa39c9decea286fe63edb1cf51507,179.9
e57a124568ca435c80fd78dfdc802d09,179.9
8cda4bd14575a660f2bb6638f54857dd,179.9
74aba88f4bfcb37413bf591ff9160a05,179.9
e758443211dfead853b497789eb50c86,179.9
101bde446b970893ef813dc3e88658a1,179.9
df939eb2e1f58a07066431a50bb9bf55,179.9
a0aed67ecbb943f0137ece72e30ad913,179.9
7d915f753d430eb03e6e8dae6fe41020,179.9
e705e099e9e08d5b78c6416381dd0728,179.9
3651eda190f21d4aa9cdee8c5860dde1,179.9
dbf791ec86ecb06477b1e6d841ec9b3e,179.9
86d6acc63819436badea3a80f627baec,179.9
5ea240c07b656d3b4437a5fdb6e49467,179.9
d890d1f2c4f7491d86b272dec333120b,179.9
f35e1aa8990c39ac028bd44384d805a6,179.9
085c37e1bd86e91893d40d211fae62b4,179.9
a13095308a72b0f3b45f224b80ee65b0,179.9
347e240bb2f7b5607cad9677cc5f2e3e,179.9
cc965eb87f92dbe0571ba70f96602e9d,179.9
1cf59e965ef313acb7995db312a61740,179.9
5bf2c693d60a0ee874569a3efa988b6f,179.9
29b77c09f86219ff14e66f31852f9b6b,179.9
3d3ae6743919022977765165cde71b6c,179.9
c27adebab19f24ea9f44d01453882eb9,179.9
963544f76b9088090629e464c5947091,179.9
4c239802ee77c68a42af4eed24eb6e0c,179.9
ea53ff8d1d4b00fdde037a071e637eb6,179.9
8678d7b0e380ec98afa6bf2e78dc7578,179.9
af4b49ff1d866fb55f0550973e676ba3,179.9
40403c2e9eafb740165e436a1949d5e4,179.9
1b91e7f083184b62bebd74c6cf0e355d,179.9
29f77d7d3d44736c2e62c2ae78c90c26,179.9
b6d0ae20431d0f3e9d26bbf4c311914e,179.9
a3d11dbcd9f16d462fc5835c36880940,179.9
e48d7789f6df4397bf00bff9c80110f1,179.9
514bebbebbdc4253ed06adf5ef6d3af9,179.9
dfeeaacf3ac43668f3a468f71b2cf65b,179.9
ee5f433d637f8e262c6a65d2f1bc6cf0,179.9
cfed44a643330d0984539ec92412055f,179.9
101d39bdb54f67679b8c00266d255091,179.9
39b63c587a67ad257832378a0c2d14ff,179.9
6be3dedf61ef41f55430dc20f3d64899,179.9
fe20e5d9ad97fe0bf421a94b7a17da6f,179.9
d15aeb0e3ad60d4aedbb5b87e98154d0,179.9
9576af8c129e66193e28e99a06fe2dbe,179.9
51eb019c1cc1c3ef8c339c08f5638b28,179.9
2500d872cf428ae97a335ac039d9ec00,179.9
dc64cafc0368f3afe3581fa195275935,179.9
d1bf39dbe7edffd63bd0b06407b12446,179.9
592e40170cce9817780844caf7c0a2e9,179.9
2fee49377a6cc2afe9eedf9f9135d1be,179.9
3c20d3e3823ba488501529f45d51b02d,179.9
ae4b6534cae9a56678c7eb71960055e3,179.9
62286ca771b7e7fc40c28aca1a8a4278,179.9
0359e57f5d0093284997d0cf36a75e7c,179.9
b496948020f25e717805832d6226bad5,179.9
f253f58c3e8f21a0997f6332ecc0c01d,179.9
e38c82cb78ee25f34c9f5f7783fb0ee7,179.9
996043471e5f72df3824858bdc258270,179.9
56afb305107dc22aacbdc241e29c6791,179.9
aa66f828ef59ba66ecb3c9a146845632,179.9
5ef7713ac922bc8f27692ff2705d67b1,179.9
e3fa22e3272e681790daa32be5a29243,179.9
44b31ced7a446f3e5e6bb7f1b958765b,179.9
457947d8c467714d88bbf3c3b9080009,179.9
01fa120273bf003fb142073c53b27e86,179.9
105de8232447ebeb61ad4448d5549236,179.9
81ef50fbfd524d47bdf3346454a908af,179.9
ed3cdd51c53c26ba8f1ce8234595c5c5,179.9
e9598233464134a7e482b5d7b3b6377d,179.9
7b2263dae41524e8a4b5ba0f101c4ddd,179.9
d247c3419a9aa4ec6ca6fd6ae2fa24fb,179.9
06f3fd76e17823db11f5af33cc79ddfe,179.9
cfd0cf1de6eb6298cd8d89a662a96f76,179.9
ba23b3d74e061865d0c30fdbad7ee501,179.9
1bc4e5edd7f3daf69e78e21831432c58,179.9
93b714c0a47ab24bfadeae5a0d33ce12,179.9
37b1a6ea6445f0a22764e0f929913917,179.9
ae3365d8ada0959db3ef7f3567112b78,179.9
31af030fb466a4b0921a9a1ea1d30dfe,179.9
82e4ff97780b2534d136e95ee95228ea,179.9
2d1cc6fa6d845ab8b3389a26d9c63b29,179.9
e7da42975653f8bcc8311bdef3847164,179.9
08f25914a47aef2e25c337a19b1a482d,179.9
b13e22ce02ce3538542c89fa6d25ed79,179.9
3e66d46ea1ea4b0c41a363bb6d9b7c86,179.9
841588ec55d017bfc541493da447ce61,179.9
dd46295089c77ce6e11f35d38c0ad464,179.9
999e3c7a67f519385382c467f76c5393,179.9
02628c7e9eed8af6043c70257a7a87c1,179.9
ebb4b033a7cadf1c7d73e8a7bab49594,179.9
2c9bda7cfb72f6946d6ba588a60c4039,179.9
c8830d8a8312a8b3b74370c4e61202ec,179.9
da511073eaee0419031bfaddcda9c4c6,179.9
f09fc8998d4c068270986edf79e4e761,179.9
d632b70a707a6d9e5ec9c17ce43818f4,179.9
d9cb5362ceac64faee7d4ccbe948f925,179.9
83a107eb8c850c4ec768e1370e689443,179.9
e4ebb480961982227066b59eb6c50860,179.9
b3c62a5df61ab4d3fb52abba2db12081,179.9
994f168b1d27da378b7171109ad4709e,179.9
2a570033d6f9a2c38036de631298dd83,179.9
93e1ebe21d58e74d7426b3e8d5e94c5e,179.89
fc3cadc0c1328b099cba58d281368351,179.89
ba682ab005cd6617c7d3384aabf4a45b,179.89
4abfd09f7c44257a2dab53f2d9fa04d1,179.89
ed1083946003bae3e6a6c80f0df6a647,179.89
ba9e2ff94ab776d05be0cbd067755c50,179.89
9efd0db5d0d6d9c6559907be1e6bb288,179.89
7c912bf7e7b05be2cc0a11c603a6332d,179.85
5db443877524f04312886fad87e08e49,179.81
44e09b2bffa224531befe9482a608f58,179.8
6680ee2ede756c3fa20357158525bc98,179.8
80f5a59072be0a806e82821201438e87,179.8
f653c60411d7c29ee2524922d2f5e39d,179.8
b371160fd327e88b578d64afeb088756,179.8
58ccace0f4b7abcab017ff6f1d534d7b,179.8
010714eb89c36dd92fee08385cc1dd6b,179.8
5943ec866fe75db57ffe5396c51b785d,179.8
875821ff77f94d5c8960cccdc48500e8,179.8
33be5c7b3301e5729a5fa7101700a5cc,179.8
9a913ef439fcfc71384ce3cf53e7a780,179.8
6da16227a15e57a2242748406e95844a,179.8
1f2cfb50a08d37a4fabd78c80c5d1712,179.8
e7232b4d5318177ea3ab911dfb920cbf,179.8
febea3481938a4b17570c46cb188996b,179.8
fd586069669833b4011c44eb39e6b011,179.8
466b378a3d77d64aa19e741c7f72b204,179.8
eb71a8a0ec47f063615223cd037fa9ea,179.8
12e1b6d020b00c08afc46ec721e0160d,179.8
c5b0e8747809dbd77c33e961212674f4,179.8
eef37fcb3ff9f4de67b5378e23df22ce,179.8
f38c843311c015d30911b4bf8b2d0a98,179.8
bd547868155fdb22bd7f86e7c6c8e20d,179.8
2f1a3baba1b833c18c5da7b721b360b2,179.8
e346c520f747b33c5e589080471cb18f,179.8
6078d4d210247a79ca7559bff4d79ffe,179.8
a5b789a16742e6834fbd27892ba5eb60,179.8
f0a44676cb97b8d7b986aaea97a53897,179.8
174ba94e0f87a7589153a6222062dd21,179.8
0131193f8b1b149f85f1326ac337effb,179.8
e92c289ca9f7ba2ec64490b043208e2c,179.8
2205062cf6fcb1d20614d865945329da,179.8
8e870498ca6259ff0bf31c720b9f8687,179.8
7b6af10470b26c401d18e3083e271339,179.8
0d9eb1c3a4d6a109a54ae0ea510d2c8e,179.8
c33e208f16e8651169ea8d6212d4d46f,179.8
486a90d073c2351d2a053f214e2dee56,179.8
2f78db89ad83714c553069545f054582,179.8
0fea3afc6a1510c9db75d349d28af974,179.8
ea80930c3eb5464c51744bc92c51a0ae,179.8
5ee4b94ac8cfd32373f33e359e565d31,179.8
46bd443127658318bcdea0b367530e75,179.8
603836070f1882347e4800d647793d88,179.8
f7060c3a8e6970cabb0af29d2864f4fd,179.8
4290511b6f1ed049dc3c4dd2ffdca616,179.8
9d16277a64e8e80e96ef2b7037d9364b,179.8
01ca0c5af5349f53a4087605008e9134,179.8
665afc1d1409b2ef4bf07c1bcd130719,179.8
d688baf4200a4372b4d5e54b175506c8,179.8
4b8ddc64bbb358f9251fa9e8ec035899,179.8
adb8a86c72b4a2451e52a6c197a24c08,179.8
01b44b1e958a6a9d32db09ea5a1e77b0,179.8
7c9e2de99b4d853ad2849bf211810bcf,179.8
b434038f25087d8cb775ac6167d6d87a,179.8
71a06801bc27c0d2314e8c7deab81adf,179.8
117436669e184f4609199f7301fe4cd8,179.8
472d1c3099357b69de912684ce58b4db,179.8
81acd901ffe4bdfd9c0472376f874ac5,179.8
08999a20d9741d9513c368676f5531c1,179.8
df617ecf75e122f5982420b0495cae50,179.8
1c5b37d20011c637ad1a5b6d423c7483,179.8
7aed8da5ae4e0e34226c47f3bf041956,179.8
5f6106098e8a7d8d4f33deb3fcd97ff8,179.8
5cc51e6ea1924baaac699d04adb7f3f3,179.8
0fffabab5f1cf705c6712d7d94a72ab7,179.8
1d5803b2e458af7efb6e4445e77fb211,179.8
368c60fb3449c4dfe62b3b23358f8966,179.8
e2b8cde8bc3beca3a50806f1dbac53f8,179.8
b7af91e583caf05ac071ad39e1d86700,179.8
cca89c1caa9494d6a314e6ac71d1b159,179.8
c6c30c875a37fd22b85973acf55e600c,179.8
2448ec629f325bf8416d7f2b5b412d9e,179.8
97976723d84afda08b4bfc980d17e2f7,179.8
5db13cce4f0d86bd1ddeded4262b0db0,179.8
1f4bf2b0e5239249ee974e00f8734056,179.8
5da033622290ece3ae580551684fe3f4,179.8
c6018222eb46fd32b78fa3300a9636d5,179.8
058abae409b8feebc30f284da465a1ff,179.8
9ff88efe6c5c047c8894c5e6c2cd206f,179.8
f7c0d5a379b38678cfe086ea1d2da350,179.8
01f122c4617c17afeba8f9bf49babfbc,179.8
a8a72553d270066753aae3e20a8d035f,179.8
48e30bfb9ea502fd3f633322f09250c1,179.8
f56ff455dcbb84c71aacf57d552a4f3b,179.8
cdb2d7e08c5243701392d8b232a8a6b9,179.8
f4608a440b868f3f57f378c4b8cd643f,179.8
ef5a6ca97d80cfe694da8576c7442cbf,179.8
9a09e1150a3e2333eb93d3c1612bf15f,179.79
175cd17c9e0cedbb8234469ec003c4a6,179.79
80838cdcafdf698b203534ab9a14cc91,179.79
09e2826379ca2fed821563c9049a0a77,179.78
4aca981c051364d3833ef3371b943fbc,179.76
a4df6d0bbafe31cc3039d2f760239dc5,179.75
690172ab319622688d3b4df42f676898,179.7
cfd291abeecfeb65e06539b6fcf99b92,179.7
680043a09260a212d1dec021dd1efadc,179.7
eac9c7f6f691a424305e7a98db80be34,179.7
64e3c3576b1c76841c56d4fec94c5264,179.7
f916f7f522319c33cbaed6092d12f085,179.7
37ffb68c39bd78aec200de254446972f,179.7
76ff993eda8abab1781028a0ac19ed0a,179.7
378a3995b1ee9e90d80e8e57e6e64862,179.7
ebd60a203b55ef9750c0d2671bc83ad4,179.7
29ec4290a002cc0a65ff669b7a61679f,179.7
bce76905ad97b841d0dfd550f4e16b1d,179.7
bf59771b1ab3559105d03691c8c99794,179.7
e7a85f7732b63aa1d69776cde5991ac8,179.7
5dbd9943c27cf63ea4f6870686305f26,179.7
b780a7d8b32ede7bd4edd751c7765172,179.7
d69707d828e613d5e042ac0de8ae64bb,179.7
c6ad98f73419be6655a1f88f97e8c5d2,179.7
6aa76a292df4d63fa578c73ee479cbba,179.7
4446b59d06b177573bfebf6be6ff37a4,179.7
70d5b566fed999d6368bff3a8da63e56,179.7
599db69c933e5f5a111f44e413ecff87,179.7
bb875551873fce53a11ae027c51311ec,179.7
3f45cc8587c58a78556dae4c3f02c410,179.7
b48ad91d707041578581aefae1f7c385,179.7
25af3eee6a8c3cde69480ef02f135957,179.7
99c7984922f1972dbc63eaf6dfab7e7e,179.7
8db0be73eebc0c7a758ffbcdbade580d,179.7
bda4f1d82579eb637bb31b4283a673e4,179.7
fc3e9c3f1e4fce4c1c6e5aa729982c30,179.7
8a337d8b00d61bb535a26fe68db50a11,179.7
9bf6ae6fa1ba108c092ef3e6c4ed93e5,179.7
e75e3f20be32a23e4cc20abb982fc31a,179.7
42568702f6b7a0d94ad168a4b1dbe0eb,179.7
4e2311c6a3b9c353851097a679ede20a,179.7
bb539015ae0ed4d191977a6ff3a2005a,179.65
76468fc2e290875c93f53af327982889,179.6
82c237db796f9f22d3e8099e46c50c7c,179.6
7dd489c17d2651b77fdc9834bacbf359,179.6
43f4903d8905cb8f4d58ee79bd166e93,179.6
ce8959f7f295750ae35716f912e44dc0,179.6
def539a7ca0a7f33f09349a1dd13fdc9,179.6
34dab2d29e7a5017203b99b484a80c96,179.6
9d2ac55f79eb6e680f3ebbd5c6f47b9c,179.58
be2441cfdc22969e0dcf1a01ae2ed7ef,179.52
0b735f09f901e6fd1903f1e76b4269e6,179.5
7ea93403888146228962dbe5e238a903,179.5
c7976e50c4fa15500e08efe74193b060,179.5
cd24dfdff8d99033e3794d9b104c95d0,179.5
907d77f631b9ca3c2e1f6e38c0905d48,179.5
23bc2804a5d9ee2d56d3b5b2bfcdbe1a,179.5
55840ff4caf1d80ac296d0b1ac968b53,179.5
d2713b16319699ceb2616a1a387d0ce0,179.49
0beac38aa6cad393f933d71c2a4758b6,179.49
b60d9e8c839b29710877205b1f4cb6b1,179.49
7a185d1a7b35b67cc0fa426ad845f666,179.49
2cf9e0cdf87e31f8f72fdf33448e3453,179.49
3af18ffb878bd1e4821d5d9e01c79d01,179.49
a7d57addeb2318a047fac951b35db06a,179.49
34370e8e880fc8e2110cc419e0b6f5d7,179.49
8def6a09a4f43a314e904cc8442af394,179.49
3b3702fc4b46a726bdfd0b51733f6f69,179.49
46939ab7bca9dc469adc0c86acaa1082,179.49
1e512c6eb672d5c4b47268752d86060b,179.49
5be96cc643f055c5ec688661898ff816,179.49
4012a377e719108fd66522acf06dabd8,179.49
d0fdc4eee859debee52ef91f106c963c,179.49
a8131efea21bdc71335f152cbd7767f7,179.49
a16c7e7bd772bc541be94b7a25c1a906,179.49
1d9f74e07b4bb44ceb73e68c4f3036ac,179.49
f022976c6e446362f8a6e5b795605001,179.49
e797451a7e6ac3ef0dc569b73e144aa0,179.49
ecb068ed465cedf47f532f93ec9687ca,179.49
0bc2b5ce8a4431c1888f01afcb9b3000,179.49
0c184ac73648d0a5017faf2430636ad3,179.49
e9229af15bf52bb68f6fe8e17f09febb,179.49
72304a5b10384c9f55714eb77abb1965,179.49
6d1e40ca3883e4f90a1249bfb13856bc,179.49
93c9596ca6e519e3932fe4f29f8d54c4,179.49
e2aa60cca12f694c550a5f58ae651a9b,179.49
d28af23ed5eff79ffd0464bf67d45b8a,179.49
9f1cdbd535e0a870f052c6e0fa30542c,179.49
ed7dbf50e141a0b251a3186bb2a69901,179.49
8779b7cd60feec38f2186e9ebab8b034,179.49
4fd29aeae729d1addcf5519e830d4e4e,179.49
95200d2b14a993f488affb398652a2a2,179.49
7ede38656037ea4714b989da45f8a44c,179.49
c3b836aea9b06d84b1b9d38b41f137e1,179.49
e8153efeb6784f17165fa9703078ac2d,179.49
83edb7d15328afd0176466244495a407,179.49
653f5d3367160dc1985d939aa321a3bd,179.49
beba15df134f002d757137f7ec16eafa,179.49
a650aa35335da5e5133f1de95028f08a,179.49
b0cccb80f399ec0c307474e044791654,179.49
4a0a2ded6abf7e7c16291499c6840de2,179.49
37d1749538dfc2e600e932c4f26d4805,179.49
1ef4f54ffb06ad14478a7b0b8eeb6571,179.49
101f5ec287c719f599963ffb18a1f38e,179.49
666c0f64c30e46fc3d1e3c6c1974224b,179.49
18c934f4cdc994cd04eb13bce3f47a18,179.49
7e54da0c70661ce35754a113fcda1208,179.49
1e04f6c665111394a7c7b9fa99e4d66f,179.49
fabf975614e7e0d8341f84283a681467,179.49
912c39e31c96d11b74a4711d64c6740d,179.49
6023afab790f2d759b4ff1fc7faf3882,179.49
835db60e0407215c179aacec8574ddc9,179.49
1c493ec5d1ea416ebfad2dc2a28fe25d,179.49
776088f1eab3de3630b0b9f96ca838de,179.49
68323fa98e660b153f32b459be15849a,179.49
d62fe8fd4137b91ddd653cccd56811b1,179.49
31a216554f0e747a8f43d1908ed1cfa2,179.49
840b51ea15f639191473c482b40b76f2,179.49
9946442f72674215f0c83f8be53826c6,179.49
c7e19323cb9b0dc5b4859f5a03e861d0,179.49
dcdfe35bfb51be9e9a791431222fb73f,179.49
b275c3a32500fd86fb187b62b90c0d6c,179.49
af9e6b10595811f8cfa732c179697ac4,179.49
7cbacee4ede6c8145c498e1b2091bb24,179.49
8efc8e00b4373776f0f3543e043fd768,179.49
f69e46a55317ceed64b22737d25f7d27,179.49
e8adb2978a9295aa6e384d5945d4a60d,179.49
be3862982671bf7ff18268ab9f4cd585,179.46
f45a4d2cb74a959abd0c06714ce8e843,179.46
078415c4440d0cd9dd8c03392d3effdd,179.44
8aac7e3ddd515089585bbab2b7d85aa8,179.4
e68dc3ffc3c7c08cfd24019575d82589,179.4
167ee70e0133482cfadf96bbb2d5d804,179.4
b5012b5d4b4174455c8f108d1be55316,179.4
2db1214d4615da67d9b35f7084542bdf,179.4
5f6b544cb597780c7495e93d0c470c3d,179.4
452b4efdbe9336436e03596e054a65d7,179.4
134c4f058da5373cdb64f3b4d0c2f90a,179.4
e4b7cc893dd622cc71e4ecf9569d4d34,179.4
504dd8e916e67a34a5a7308488ed88d6,179.4
b2f1d78b0558b84fa2260d71a7a36850,179.38
f86df632fc1df8cff19cedf257056e5f,179.2
d1aeaf4af6e5fba532e16458013a1b56,179.2
5263febf1413e9a60ceb7b842008b7ef,179.19
138a999557347d9789ddb469ad399fbb,179.17
10ebc029e8599d55cc747177255804d0,179.17
93efa0bfc406789dc02d73233c812097,179.1
e972fcfb5af10aba3067698ccc05f611,179.1
fc5c09d0b99197f393e86cf4cbb0cfac,179.1
a0b3a9b52d4d1b0481a563bdb2c55e6e,179.0
27ae7c8a8fc20ce80d96f01b6f19961b,179.0
6003f6ddce876108eaed4aec0167e894,179.0
3f632d0fdd1a8ff580710beca22094d4,179.0
811148a7f154ead231a5f3c0ee7b667a,179.0
2b6f9a5c8518090032e4fd1114cbdec0,179.0
3acf1e8de9fc5bdbaa875a2b01f217fb,179.0
13eb55f95d60ba5f35dc8dee498b3c7d,179.0
797e47f5ab7bfd84bc11a737a210e11a,179.0
f3e49ba0a33ed964f5e7f20b9ae1c478,179.0
8463f3149ad34f205ea17fd97caa66fd,179.0
39e783e9b865e06b09aba599d5999411,179.0
dd17a047f6e979e723bb5fecc4b78df6,179.0
6acb9050cca51269fd11bdffe67963f6,179.0
ed9110823898cdd198055975a58f8cd4,179.0
366dfea050fe0b5bf7476a1f7a4800c3,179.0
fb47721204e8a34767aee552bebf77c1,179.0
21f3709294148da4889522e4d1683cbd,179.0
627cd5d3fd594a3dddf26e03c3f2048b,179.0
83e13b29bbe822b83e6584f42be5b07f,179.0
98a17c3039feef22c54ed675f1506797,179.0
bab507860ed7ab1a319b041abc31f37e,179.0
809c3dc9eabbbe4e6b03198d239b6e2d,179.0
e29cc4f41448009e410f26c706020fce,179.0
d6dd924c65c66ad52e7cf5983c18f800,179.0
07599e37fc4ddfd2f177fa6f8230a9b1,179.0
5a02bc676ccdb9f5a34db49796b1284b,179.0
a390197b5db471efb8dd6b2f6b2649f9,179.0
3727a3314490e397e94c7d276ba8aca8,179.0
a5ae902c29eb236d0a9ce2052b2e4232,179.0
958010b935cffa45cf155732f46113f9,179.0
3327a56e01d175d6a2885ae4452638ec,179.0
7e717f19f1be475d462d048552c7e0fe,179.0
0bdb2764e5b4a297f0d500d8458c8593,179.0
3e46be620fcaf37ac9efd5c713002d84,179.0
2d144557245fd98dfdec25bdcafdba76,179.0
9b62e9f3bd76021066cd9bbfb2859c62,179.0
44e72442594c70bfe12611fb1684ff79,179.0
ea40c0c07dff310bee6d6b0f9518f637,179.0
bdda22735ca173eeb4725c8d8dcce39d,179.0
9a7689668b3570dd860177d7ea481402,179.0
512ded1d728a366069702fd124de9a6c,179.0
25c2b44f44746346e8df6fbd7ca25540,179.0
9765c88aaeab6304142cf4ee2caee6fd,179.0
5e3480ed6c9ceb5dddb254cec813d651,179.0
570955d725f29b313e9e7a73ee1a2c1d,179.0
8584492d0dab36e713b96246b0500d54,179.0
b06cfc8fc756e56db7d7e8d374883b00,179.0
79b516ac255abbf7531ea1ea5b43d0db,179.0
d9640e2b44e3b7b5b31551ee62cc4a14,179.0
c8fbd8d74cc5bd9a6c5caa16a55bd1db,179.0
b4c4af6dbbbbafcfd8d6863fa0fc6e61,179.0
357a22e63af7d01fbb36c780009744b0,179.0
6ac5b0fa04fc8ecc0884f3a7c8406209,179.0
a8ce6a904d2d16b128b6260b147734aa,179.0
67f21f2c8f0354e74fea999183f61ac3,179.0
7ae85381c48ff61620b51be6c33eded9,179.0
479fd4d4bc4307595d06249bfc2f70b7,179.0
cddeb067e97baf1b1a1a675490fa8ff8,179.0
465b31d7c23135270135b437d3d15fdb,179.0
fe827c1dbce8d1b8e4d12beb310efdc4,179.0
7afc8d277545f890b30c2f750106ca8c,179.0
2440a337424eeaebcd57c183f71287ab,179.0
09f4eb3d9181512ee7fe4bb6fcb5b1e3,179.0
f760951c8c3d425beffe0ef8369dd880,179.0
c8d80d8d1c6f976f76b02d540c8ab5e4,179.0
f104a90b742e0d6d7bcc10dd187bc2f4,179.0
7f52447b010fc613a7ea3b7718b6e7e9,179.0
8f7f96570b1d2295ba13eb9793af291e,179.0
d08b08671fbf37e28473475a9721a33b,179.0
6f510b16fcaa737beeafa19c95af5df3,179.0
23c6ca6150d5e6f0bd50b6fd7ac82aeb,179.0
fd6201ea30defd9bcee3bb0e09c6d2c9,179.0
20a38eae4d019909633a769ff6b53402,179.0
b4e58d7a8196ffe7232f0ee83cfb57f4,179.0
6471522ef0977f7402fcc46ae568c083,179.0
6de0d4a3d285eb49e012d03404aa652e,179.0
1927e6eb578828e81b7b9ded6a48d5d9,179.0
9662a6e2918ac93d63f687e51219d027,179.0
30bc4543eddb2d5677f3ef3245826c2f,179.0
9ece0d90f73ec59bdde04341bc4373b7,179.0
5d0ce5948d35340bb6edf34595d1f2d3,179.0
f6a51667be5d74a02fdb9ed7947ab21f,179.0
cf8ffeddf027932e51e4eae73b384059,179.0
dc1772c9b9f557dc7d7c33040342840d,179.0
afeb16c7f46396c0ed54acb45ccaaa40,179.0
43d69f3028e428de6f7316badb382658,179.0
6c7040281f5d03503ef2d5866bf40896,179.0
a93166fe7f216671c235ade81f9eeb1c,179.0
4c22099dc6da223a432081168cb89137,179.0
491689eb90a5e67c0967a80dcab074f3,179.0
58c2de441bfc36468e7afafae4931c38,179.0
2be4a0dedfe97478360ce6cefcbc9cc5,179.0
a2680ee078aeef301cfc25f7585b157a,179.0
981da8b1932e85101035b14e52d8d88c,179.0
93a5e793bf8dc1e6cac4e312568ed7a6,179.0
5a20ca312082cc032cb3404183049384,179.0
57d3993957c67b16b2ed5bc02f65a2b7,179.0
fa3c9c28979e812523cac4180cf5bbca,179.0
09ca1779c44a99be8f22fb0acfd3eefd,179.0
c162256b133c76f79181ce61d66545db,179.0
759cdb645105a48ae7500311724659a6,179.0
0630577acd0476a6b31ca9aef210f00e,179.0
1e863570fff8e93ee7db14d56d826a6d,179.0
a70fc00f4ad360bd48ea7e3603fed39d,179.0
5109b8e49bfa15c2481451462d214558,179.0
627fbc501cb70151429b8c8c5d8aeabe,179.0
7104377ff862cd25542730eed8873d67,179.0
714297caf60e50119e701dba79157c9c,179.0
ad4a181dcbfd84ad41fbba776d1ea5f1,179.0
928556f1e278269601edb5c022cd4b5e,179.0
64cdc06f388a59d50fc18582e3f8e513,179.0
3159cb688e741f7fb4fc2b7f4b207f7b,179.0
c01b3c4d988ecf7508a87bd501efca2e,179.0
c1637785edaf603b308a7559994ae929,179.0
ac9bef273ec4a960cc03143b79b411e4,179.0
538a4d02876412846b966a3c057395e5,179.0
a81d4356ec39d9b97f8a4a515b4cdc76,179.0
6220c6ab35c110dc7945b0bba49dc486,179.0
cb119e28018ffea7a8dc693d1aab7322,179.0
bd6487cd55e5619a07823b9f68f2feef,179.0
877b95e5cf3befb670d923578f765b35,179.0
092b35907abe6494490f6b3fc12f439b,179.0
65a7f0e7610bce61fa21f68d27d43648,179.0
6dcc24988b3cf3be1c025f5e6d17fe49,179.0
7919c98d539dbe20896f917500ffdba6,179.0
cb6f428bfa76fcf7cdb49b85c70819b6,179.0
724742c0f7780260f91d86e47b62cd6f,179.0
ddb4b59eafb402e9e5dcce9204b5aa21,179.0
05389eed76026df7e3492a16dc57733c,179.0
0bc333635d01d085aaf8c0c71dc9e4d0,179.0
0905bd9a4436e519b45948d992a8a04d,179.0
ab106a7ee6bdc144f6c299da92e94a42,179.0
04861ff600ae6fcb9356b57355ed641c,179.0
834f4cd1936a06f71ce38ba1c790d142,179.0
ab23e42942c8611fa3d2b25e29bfbb32,179.0
bb86f9f746c4a4aac227fdc3192d0112,179.0
0148732a691a6f017cca48bbffdb172f,179.0
fecd996a56aa84a55cb259ac334e0a93,179.0
8f14f3becf2f707936e250675b488a83,179.0
f8cd5ed6f5b1ee9df0100eeb8aded5d9,179.0
537c2a32c37a1b1803f55b255f2fce37,179.0
19eacf9da678ec98c1bf610abaa3376f,179.0
60ce238d91a401c87e09ac0bd2a571d9,179.0
2e2aceda14bf519194b25f568876ab3d,179.0
7d7f3cc7c5c055168d53b850be481fde,179.0
7bf976a7045a4d8032c71199ee5b3adc,179.0
1e126171f67fd52ffcff334f4a08d5b7,179.0
bfc6917bd44b28ab33ab8a1099413d20,179.0
456f257f39966a999921929415b5c40d,179.0
5f62afdc1739c7386e50cb62d45c64db,179.0
3f0f45bd49f7908548178ad90f2e8f6d,179.0
6b050f1ba5c959b835b2b1d7f777d493,179.0
33c4d5b1ee390847b7ff411084900cfb,179.0
ed4134290a6458712e109a4c68171571,179.0
b54c3273e3f408977b01909ad650b7b8,179.0
b75d829d0bb6bc36ca4ea1ca9e4e05de,179.0
0443e05743c50517e46e895fddad6664,179.0
ce91ccb151759da0c0674484384a0b45,179.0
6ee4303f27dc03360f9f7fba88cc644a,179.0
3d9b09381c665bcd5d0bcadd0c352c5b,179.0
8c3311e2986b4d0585b9e03aca32d64d,179.0
9cd5e05a30f36125715250b8a012d354,179.0
cd4fa374324cf1ea4103aa4ac082440b,179.0
47edf084f7b21dff8cd49a49f6f9a041,179.0
d2e63fd501db865b3ecb38ad833375ff,179.0
e1f20ecfeac4826af6cc57666a2707b0,179.0
cd3b21a9bdd5bdaf373fa170ce2203f1,179.0
b42b9d560b787688809b95ff0f48bfdc,179.0
113b6d8cc505fbd4c1ee50ae3b834c9b,179.0
23304f69dac259edcc18688d38ab9250,179.0
67dda4d650a7d633ae5849308bd98dfa,179.0
5fa7cd781c9f6a804a129880359ad5af,179.0
efbeb4d5e42251a2bb13613342e38382,179.0
316c698bdf2ad2046b2a3b5fcf9a4fcf,179.0
7c788d83e0356f02c08005726563909b,179.0
1d1a37c1b70cba4e4a95c2c71a984d05,179.0
a512255ffb0b2189e4f2317a93e39bce,179.0
73b659d3fa440f212dde93bf1cba93b1,179.0
1a8b66704e28000bb4868451e12c6b43,179.0
d2f1074c804f3fc7596085d3517fb032,179.0
e3c5c4be8d1f1398a937afb599399b3d,179.0
3efb8f2e2198b482a4cb83987c2a0024,179.0
cb42776f5a28d606a9e0599b45e92186,179.0
a22eab892e46faff3ec0ec311cd1f437,179.0
5813c68e0a19eb71c5a0c79d644e1b5a,179.0
77f5768427f2e8bc2958b4d206581529,179.0
0eedc4b5eb923e6f72de7ef40ee46162,179.0
5c460be259c9a70a1553efa96b294e8a,179.0
9b72c30ea879e3e2b599dfbd4e8f71c2,179.0
d9adb99127f2778c4d837a7ad4264aba,179.0
cc8c2d369602910db921cc22d09aa33b,179.0
02044ee0862ebaf88a067ba1f74342f7,179.0
e5117c3807c2abb93db1519087c179ea,179.0
f45dc44959f8086d22e2d52553f15f57,179.0
4c5fddd41ec35898a6476a8048079ced,179.0
38bcbbaec8a2b792bbe4b14bd5451fe7,179.0
a672c01a8706789a69a3ab1da540a965,179.0
0ec177ccd4e189f07a265e98ee1abe0f,179.0
b52f2910ff36fe94d5d1a2d96ac1ce43,179.0
4be022b979add587a31a17c74fe42ec0,179.0
d04bf5aadb423afb90cc554bf3d374a7,179.0
c360961ef98b0d4b28357b7fd0387673,179.0
da7dc15b6dc174ec1ec6949c73dcae60,179.0
1288df1d9da5e124c94b06a6ba3ca50b,179.0
e1d4f9b115810a63ce6b0dea47172847,179.0
c11041983dbb097b3e7f8054edb680d7,179.0
c05d99db2bfa8952fe2a0a378799f4e4,179.0
51ed85a93d25b1d695fde7d13ab831c5,179.0
8240750d69ac44318a7cae78341633a8,179.0
58d2109e34ae1b206734bb932063bcbe,179.0
5030a4d1a017db1f978c6ea1260d1ac9,179.0
a7ceb6b7f4879047ce555dbbd233bccb,179.0
42bca2a6ab49d3415f30b19f265720f1,179.0
d5ab28cc3a09431710c8b8066f168ee3,179.0
831bc4457a38cb2e1bd53a4f015a0528,179.0
b7f13d9d3479ce3f85f8aea0db3b7d4c,179.0
1aa5da509e3020542dfa288c7ecf1649,179.0
5fb6c217fa89e61c033f8499bbad0140,179.0
5ddf228047c20d7d18bec7c7c32f81fd,179.0
7b26bcf0f1e9f21e7102c0fa17087599,179.0
8f826ddf72ed29e7b422d33d82e0d183,179.0
a23bb087dccfe3c78336749a1818a423,179.0
3abe005e945a20bc0eb53214c15bd8a1,179.0
758ca4ee2332bce93a8be678115f71aa,179.0
461f03df681f6f248f35e924ad547cc6,179.0
206b92df8c881156a32a4d6f759f1bf0,179.0
2096ad3b905d084c9496b1f4289d57db,179.0
06f51feba23580cfca0f581994fb7789,179.0
ad0d03e2b961f34fdc46f626f6862f00,179.0
968bb6f1808b5eba71a2a15041255f09,179.0
63b392cf71e7448dd8060bd98d3ad4f2,179.0
16faeb522c87bb758b216abeee3cf4a2,179.0
9ec69cc126229eac3f0b2abc918d9a23,179.0
ef1ceb05e7a48024426d5b72079380d4,179.0
c8f703ae3b123d57768eb29b35889129,179.0
cd62038117be9143e5e19f43f6a56e24,179.0
be0e2abfe1e57a99b37f471ba7380aa6,179.0
961e6433caf29ca532968cf0a62a99cd,179.0
7e66fcdb02521fecb4cb2f6b4c41ef7a,179.0
74ff02ea2ba0dd5036a04d1459173455,179.0
9fcb83032e28a4d71c3200004c46f62c,179.0
d18c5bce9efcdbc323f5fb3cc9b395a6,179.0
533a802ab85028e2ac3771bab3920e8c,179.0
a25180756720f0e372a0a5701db97a6e,179.0
deb4fed7c4cda80c3624ed839502b047,179.0
c3c3683b042e9629d28689aa2fb64d3f,179.0
aaa1f05f871d2a7f27e32e58981abb26,179.0
a399e13882d097e64ed0e25b2edcd6ab,179.0
8e20f087ea52d83311b8a9df03ab67f2,179.0
92c79ee0697a68bcbd251dfc2c2fc779,179.0
6ca7c0e971c24ce0931f148588ef23ce,179.0
4d03cb0931fcffd7c1a4b13e8da6437b,179.0
ca6d2d41a751a2d03f9864958b89e448,179.0
906fe65de139f2901f158fa1b79263de,179.0
f0f8173447c9877eeb1fd5691d571f45,179.0
f10f498c2eeb29358c7e5d81a8b0c91f,179.0
aa6436a8b6c5ff6d1354f0a5ebf3169f,179.0
50e4a36718eb14d411ea14069da5ced9,179.0
69af979c9ab523d12442dae4b6a18ec9,179.0
e08caf668d499a6d643dafd7c5cc498a,179.0
79da37dffe50e32dd34b9b7793acc919,179.0
8bfcf76b0b18792e11b2fc7ec0584e10,179.0
78d427634ec98904f8cace487db29329,179.0
e3396866db806ab204f8b769bbca8e35,179.0
9f0ad38f4f1a9d5677c296cfaee107ed,179.0
62aaae3eaf6f655d97919594b388feaa,179.0
a236d513e2cb6dc970712b0f22543041,179.0
d2ee19af0e1f9c75e2a4f19a475980d6,179.0
aced25f43b03cc78fa8bcb93c7113d25,179.0
8fc068e919f1f4ed178bd040919755c4,179.0
5c5a396e9851e85e964c551d92286877,179.0
f89df6ef365783b667b626aeaffc5e2d,179.0
944da8dc6dbfd378263bb8bd8b4acb76,179.0
f748a2b9d53bc319d80cccdd1ed55a3e,179.0
9a1f57c8665b8cfe232da92bfc983b82,178.99
48f34dee22146ef70227a531ba14ad46,178.99
69d8d9775287ba592a957eba2211d351,178.99
8d0bbe35e14a529f293e0c550c4f6374,178.99
2e72ee00f14fde45636abbdc4f3b08cf,178.99
fb034e95e07c905c1962a47e1babcaab,178.99
16c0611f3a08c752bf104023af02da40,178.99
e03c007f725788d7bab57a0f8a5adbb1,178.99
419de035a0a31527733258cce22a7bff,178.99
e905991b2a4def2d46132b1101483a44,178.99
baaf9e2d0a88e523c46ae1a760bf0eb9,178.99
d207633baa19cb97d98840f8e2814f32,178.99
d4b016b28c26f2da830da9b0e1d235be,178.99
05f66300b5d8ee50ebe7f31fb7ab89dc,178.99
6d418d791c35525053afac2ad7fc0b5b,178.99
9925489a4232af07111f26db403ec8fe,178.99
cce89a605105b148387c52e286ac8335,178.99
ae22402d31c0645bd39d69d37df3013e,178.99
d7a488cd8b2ccbbe2829910897f0f589,178.99
27d43d8e32aad3f6c41205c94a07c06e,178.99
91721b6690bba7032a15f885b4ebb190,178.98
128188e9cf187ce458b6b77b468fccff,178.98
7fbb366983e4f58b78aa290785a1b9dc,178.98
02033fca76b4af0eda65418e673b5a57,178.98
4008eb96c0d03b654fe77b09b1ddaa12,178.98
c0d816efaa1ae8616fddfaab7bf18c76,178.9
93f981296c84d4bb5e58924a81e11e0b,178.9
0bf5096392485d6f11ba8db5224e73a7,178.9
339330c8fb9b0d9f9d5a1e2bd7e29ad7,178.9
064e67871d53f3fbfd15385a0ca3a54b,178.9
0c15d66c29d5caa12e5da17d1e5e6077,178.9
1b4f0369610bd9e4d237aab3a993bdcd,178.9
9608360c7bbb4f54ed8f146749f434b4,178.9
b05df7fc4b04012e503b4950aa27a8d2,178.9
d2f71573dd23cd9672d89d9c562cfd14,178.9
79287bcaafdde5c793b996fc40bb7d9f,178.9
f23ac6d166535aa8bda1167c6384951d,178.9
8ca6de591aa429809639ced73a479312,178.9
d2cc2064cc10dfe0fb9d2fc6ad12884d,178.9
6f6f9493197fd8a9e12ea66d6e8add5b,178.9
e6add8f4805cb6a382c26548daaed9d7,178.9
26b4925c0de7714430d267979bf3bb3d,178.9
7ce9891b75e0689350d20da70cd08eb7,178.9
fc1d80ada6741dcac4c20f6da659fb3e,178.9
96ea57fa9cfeebd7fa51c5cc238c6126,178.69
a3a70ea035d8bbbbac5749753bd89f2c,178.68
0115fdf642d451174def967bd1d55350,178.6
bbef3ef694012e2bab3cc7ae43e063e0,178.6
e5894d67ab3b433aa6219918e970baa0,178.5
21da586f15d2ef58e078fcaf93531052,178.5
cc764da4abdc404ac9519756af7149fd,178.5
f4fdaa7dd25d23ceb2b4d11491c09c67,178.5
ac3e01509ab5a9e7bb1bb344048ef81d,178.5
1f1d262df96204aa695fa4f0075ea33c,178.5
cbed58dd8debcf99b6cc64c35063ad7f,178.5
99dd4efeee255127aab6b84d50e1dda8,178.5
b0c4781da345dec9877d8971c0ddfe2e,178.5
e61b859a115436605a21c45e607fa6b7,178.5
7d25e23e75e9e1bb537fb651c89df928,178.5
302037e19e5e8b4a502e3d66d59464e7,178.5
3a44b68ab84f6287350e8e97bbb6a3f9,178.5
04756e2ee87fafa85f80184649453aaf,178.5
e77b73994f8340d6f3be93f85cbfe45a,178.5
940d5acb47467a9a136576b8ec497c29,178.5
c5f2638141123a751e472f59b10c943c,178.48
93c6f2c4efa28137204432b25e5b919e,178.44
c10948fe5d50f2cd031d4db6a153b35a,178.36
6e2c7ae79ed263e82a5d4cacdff17326,178.36
6d1b839adf629f558b435f4a4f3f83a3,178.2
d065ae68746a9a4def87315f2af5a5ec,178.2
aaa5e08722a68431c83261503552ead9,178.2
88ab67420fcf1508f65898bcd20e8582,178.2
d42e5bc093be3c0811a2155517721375,178.0
4060eaff420701b5f99515c846e2dd78,178.0
edebcc95c310919931356b64dbc65035,178.0
6737682696919bd8d9f5cd4894676348,178.0
a3cce16d1def5991f7314b717b373ab4,178.0
5a28571d0bd67a0c80288cd5dc8c7b36,178.0
4269b7f508bcab4a6efbdef0636e4848,178.0
9565ff8f153c31c6e79dd5286c96867a,178.0
7d5e2dffb600af537e752f0e89c59b68,178.0
c7ec40da7b433a48b43ed2c2db0101e8,178.0
d6f95b3738c4ebaed63887e69825ae92,178.0
900ba4df9838bd25ef994e0483fefb49,178.0
9d17a6d0a33240368a86fb3136148b53,178.0
7ba55e28fb6e70a1e8c52759b2e107ad,178.0
89286f5f8c322c87f4ce449f73759b26,178.0
1fa24fc6e59f9057e4122afbd1cde978,178.0
2ed973ea37080a94b7beaef7458b2e15,178.0
82f6a7b92692b8658dcde6117abdea48,178.0
d699f64b223f98ab755be189008776e1,178.0
96b3ea36ae6536e8d46ac247b72b9364,178.0
0b95c7c3e55a8aa954c1134686674215,178.0
41b9534b9c3c350df3cee8865cb0ce4d,178.0
191f7ac02aef8691dcf021de4eec473e,178.0
ce706e81decc274e0a5a183d1690385f,178.0
b31ff72863820596a3e7bdc9ebac3e54,178.0
7a8497861d01f7d387a2ad4d4504d6b9,178.0
20157ee8db3d730ffe2ecf3db2cb7532,178.0
1e2c638fa75913b65fe1dc2978620ac6,178.0
8b9da83aab7e0dd9a053a6c11aead43a,178.0
e9d7605b70d39bbffcc43b726039e84b,178.0
7c970ed3afc2cc695e6b4ca38954bef8,178.0
46c067477f18c5a3bbb88b1f2f942188,178.0
e4746f45c535eb374011aa4cf48f0a42,178.0
6266ee311ee0d42dfaa7963d78342a4f,178.0
6f967a810363042cfb1dde2417d70324,178.0
793c6305b1e85bc03a82e464e28533fd,178.0
b755e5e8fbe50646f3967c491bbd9c62,178.0
80aab86612ad0adb740bd10897deaffa,178.0
2f37ca7ce30fbfaf6cf6eea538fa754b,178.0
ec8475867514b71ceea3172f1312c533,178.0
d89233bb26267fbe7854eb9fde2ceb84,178.0
1fa31689dce56e0f4aca4c2828a7dc36,178.0
a3cee2a97bcd7357f8e276c84834d695,178.0
3219ad49883f21b989a17875c73ab863,178.0
48961cfec533cf17b135ded190707882,178.0
c147dfd02d5503b44c65a2660bc63cfa,178.0
12b71efa350b860b4bd987771b9c6b4e,178.0
4a0430234a732034bbfc3584d8821339,178.0
3ca9c178df280c7759485d997febb7b0,178.0
f7b57537fa449131d8d98ec0f4e1d0ba,178.0
69d14927f98708eef99ec0b5d3e2a37a,177.99
631c90faa88b1f2e61a640df5ccf5ab5,177.99
8cd7f0ed495e8f7f39ed6c305c1c7250,177.99
92b8cf3a3401ec888202af5cbf218819,177.99
2bf0486fc0f5e5a9268f10be44770dcf,177.99
28d0de17637cefa3a21e6d1cfdbcd749,177.99
efa4f524eb658db8211c15b35a225b9a,177.99
ad1cbc8c0b2b1bcd16739bf4f609fe1b,177.99
bb897f462207bcc6d9517184aa0c43c8,177.99
7095b09dc166171c75c9e2d0afc434bf,177.99
0b55a7a7e7a10bc49daeb902156bf22e,177.99
916cb5df0371f10f45ac0aa1f49f3651,177.99
7eb0c64f6cac0546cb22ce7640797300,177.99
4d42435d173517c3f79098cee92ea787,177.99
b443dcc8f15d5f0ca85a5ef3797ea38f,177.99
f4ebbed99d7c749c44024de349f73c9a,177.99
7a2a4f108f5de77e0e1ed87dc208a267,177.99
d0349571985dc0a748ecdd1b6bf25750,177.99
27cb4bf5cb4bb383dfe3e61c4b9779d0,177.99
ba3e8c7215f0c4648bf0811d2cc50472,177.99
c49fea04c1fb3dbf6e5e35226b5efcf6,177.99
decec7e48f3d663f795b78721893f388,177.99
4b778a2d8551f8e6e81d3d07af3168f0,177.99
f6df5969f9120bc4448e888d5dcf04c9,177.99
33172265d2b2cd8c04496680794341fc,177.99
15220c6163daf6422c2afa69504e75b3,177.99
6c51d0ee3472d8e60c646d5480f08789,177.99
35cc86e02062cda7f52208ab92493200,177.99
0d9078a58e9b0292d4304f64ffa945c6,177.99
a2c917a801f03b4c7b602b5979acc235,177.99
19da5c0be0e099275881417cd8fc7c13,177.99
0e72af1dbf7a7c521b03af207c03d86d,177.9
6a19e6fe3bd7901db0c718902898de90,177.9
02de82179d94624708a8832cb0c97a1f,177.9
ba9f01f047473c3db12adbf0b68cdaa9,177.9
1bee2327fc9d466e7cc69c631f6edac4,177.9
673f9ecd301f44cafba9b0191ff198ad,177.9
acb6cc6ec99086b8b53c858a0731c189,177.9
87a53518635b34bf0dbe32e6a7adfc95,177.9
3ab2e37cdcb21e030531f957ebf7037d,177.9
d59d343c11fe1e3a6ef3fe56f1729f52,177.9
cd030cc7d9fe30c0ca7889aeffa326a4,177.9
20b30ab102c6c4c8fb9bb49bb24e4bea,177.9
0c72632077a893989155f0507aed5927,177.8
c4144aa564aa4b24b96fc0c7abbcbdd1,177.8
756432ba64479395ba75780b3e231702,177.8
d12161a358a2d89b50d9bedd2f911207,177.8
dad18fc78e3b2c9cb4e189e80563d2e1,177.8
4562a2d3bf681fef8f12d7c1c77a416d,177.76
bfadadd0d97f4c52f859c1c4d809edf9,177.75
8b80d650dc2282d7175ab30a8b417280,177.75
4595b0e7d3a66e4925e5bca1b1920758,177.75
85df45704acdf1ff318576830a282d19,177.7
873dfc3de3c07eb7b9d6430e07e7d154,177.67
58a8751ff71711afcc0c9ef64235b948,177.65
0a2e444bd70cfacf79d005476d8936b5,177.65
54ae421973032c25067cdf03e04be610,177.65
6dee228367b25017c502f04147a44e79,177.65
752a1e24b22edf31a897379138ad174d,177.32
8a67f4176555ddc74a6e897968988a74,177.0
373fac096ed8d5b05c07a122938463d6,177.0
00426311a53f3c052943c88b692a3be2,177.0
640e434ec3d0792f339955ac55798c63,177.0
0e369984255ebae345028d4858c3877c,177.0
9820e5ca96a381bc3166b135b064b64f,177.0
f45a92b3df5e28c6d60e80bf4d1b67af,177.0
2d3a07b7b69973a8118724ddd6495600,177.0
8133147c1bfe4c00340064eaa286d0b7,177.0
2f3d217d111ad7e1c8e3cb02145d7000,177.0
811dbd93ca80a655bef10c57d80b0fc4,177.0
8bf91721f97176a3e2a6f8a524355768,177.0
713be237a62bf47f7bc3acb21f0f41eb,177.0
99df947218ac5907e8d38dee73a75940,177.0
5b65b0ceb491a0ad3e5e774507171f8b,177.0
4b346b47b84bd54b2fdac6fb7963f1d5,177.0
d5ef2005eca8ab3356125c50c6baa8cf,177.0
1141b746bb3d5b1597f7795b5b9a5fb0,177.0
5f09aa87610a98957168855e0b781b09,177.0
e22dc4324abb82bacd88ff9173985e72,177.0
8209a3936175e3005c195b126952c392,177.0
e9150170f167a3058266eb4907a0547e,177.0
e92d14ccc82701f029cb7e4da504eea2,177.0
5630883ca2aac86a5b62bc57aacd1e5a,177.0
f08339cfb2ba529657df3cbd1d94e895,177.0
0b27725e97cb4b6100a8a01b288cead5,177.0
a92814cda208d3b99d729359a729f77d,177.0
6a575fe9813b011bf94d8185ec600045,176.99
2918c74d2ff44c2b3299d08fa6578e50,176.99
4889663f71ee9ec7d63cc79b7fe776f6,176.99
af36102025fd8041e660558de504dade,176.99
5509194da789aaa612594cb987c5d451,176.99
04eb85b269fac8936404c595c4699e3f,176.99
05fd3454ddf16d297616f9167700ab80,176.99
887602c8a91e14ec17654855a6a60e98,176.99
91b789900931079575ec4039758423d5,176.99
b1c8eaee7a170ae1856abe4fdbe8091a,176.99
d738c27ec39bc3dc997ca02f61c2616b,176.99
374d73e55f30027caa809d4a2496d65b,176.99
61a39d14e096f31b0d84c33bf54ace42,176.99
addb846a89c635c622bc369a2b6bdf8b,176.99
3eda5c7e6340baf62f38dec00856a877,176.99
089ea40cc02be2cdda62cc19b646d5c0,176.99
6f31890dab6b8c8287e5a0d7a58c7302,176.99
ab195e144742dca0e61f2a3fcf95e333,176.99
47c6be885d341b573908326d75ef5907,176.99
14e4fd056129b209f512b1070b405ccc,176.99
dcfca4b1f0b7341e8810ed4b9ebe1b6d,176.99
0c61c4ef63f4af3d1947ae372c5eb9c7,176.99
85656b4b0f9caf3178455f3abff2b142,176.99
da40ada73d08b254639ddc4939223921,176.99
44531082b3d85aa153e1da6af94114f9,176.99
e7936bc511477310739929f93589b2f7,176.99
eef45f8941e908eed712af490be3ac7a,176.99
e87047759f9456e7b684908529381df9,176.99
a8b45d3d35d2d62a50ca248376db52b7,176.99
d291d348d3df231748e584445f34fd98,176.99
e60a039c1be831ff11b42d99a76f738f,176.99
2b8784fee7592d8c11a970f175cb5d71,176.99
a4f809d1f8681ff7b4c03a3294528963,176.99
8f08459a3c56d498990baa07ec4fe68d,176.99
2633beb70257bd835d7574fb203b6ec6,176.99
816db053da03f4a8dea7f4e44aeb8d15,176.99
9067115ae8194f77f3f22f8236ae8bef,176.97
1710b798ebdc5db6665c815b90a64999,176.97
54b2e1f570b9493018c0fc2dead80220,176.96
6cd17044d36a4ed98324c059259d52e0,176.96
09ef509fc555b2d216fe3ed055d30411,176.96
d79d1e2655c0b0f8b345f0a384414e2e,176.96
359657fc25081d620ff7caa59068e261,176.96
083be08831dcb47000463797ec323855,176.94
fd0155e73e71f879a2079171afacc7c8,176.9
2ccf8938c99370e26a1a6e9717654be5,176.9
6bf3d65c15bc4af3f6d4415216be6cac,176.9
13aa1156568232cd6cbe66e3601e20c2,176.9
bc88c2c13118238d476e8b8b9403ee82,176.9
87e5dbec1cdacf711716cf07f8b8498b,176.9
5909a65431ec7e73aebb28a25cfb8850,176.8
bad57fa21fe32c73f5f5a0e59de2929d,176.8
204d8daebd63de26069fdb27665c65e4,176.75
d0d87358614b385a2720002e20d2df15,176.7
e3ac420eb3b549817e80918d8f944362,176.7
002ce108ccf0356ef5c8b1dce3c0ae29,176.6
5708c0f571740069a74aa7902b11932a,176.5
4e215db752d0c3ac49cdd2868b371587,176.49
63d457d68c7351a548fe4dff68b4b8f2,176.49
0829a7f317e4c74aaf5651b578c781fd,176.42
8aa88312c488118f07c808bfaa821483,176.26
2de102caadd34079fb9a896a0d09f7a3,176.26
3d338ae6cd95dcb8c0c14d9af90055f3,176.17
6142dbf032917a89d9fdd387b8258cc3,176.0
a1931e533b6f995e49dba248308bf26f,176.0
b1e13877edaf63421a7af2fef00f2f5f,176.0
69c60496cf5ee5f5a98b071c662b35c3,176.0
aa08821031a17f120fe2b34bdc6bcf14,176.0
e423929b7362dc59bfc3e9dab3acad7a,176.0
85f6549a336f5dc9e1cd95fc23d2b60b,176.0
e0371feeca60d2f50eedb7a969eff167,176.0
e3a4077cf3ad106c942f8a682505eb97,176.0
5397164e3d29e792856b4e9e8d80a69f,175.99
ef6fffb44c4dd02c0e35d6b6f9acf31e,175.99
c09e462cce0e66748b9152a2421e68ed,175.99
06986ec3d270896f79b12b4b0982e4e7,175.99
f8bf72976f888a5dd8c8fbd580eb0e6e,175.99
c453f2f11d99b58f83619407921ab6aa,175.99
167be5b45cbb0ea5a6ef63a599c16c8d,175.99
9cccd2dc2b91b1fa0e19d3ba831e948a,175.99
e0f7e62942b9cd2755770e13d2de1ac7,175.99
21831634eda702776bee4cbd95446d82,175.99
19025767fd014dc53f487acf433f9402,175.99
0de81b04e35176808cda689cb88bd263,175.99
dfa50f00a7e926894dec66844109a59f,175.99
f446eeec63337d146dc8d6ac36c7c58a,175.99
d49398157dec1751afd66073d61c5443,175.99
8645ebcb173665f4205a188b1ee79b20,175.99
5baf161a86ace9dd4f26c0183b4c99b5,175.99
bb83abeba94ed035926bc7f143ecc0e6,175.99
419a334020201f43279b54476743c7b0,175.99
e8d7a637131e54daa4fa756969190f96,175.99
e7097960c7662eb4f785a1a4c8f5c59d,175.99
3bcf1cad74998c8773a13cc46a2e083d,175.99
4e00fe683e7c8bf30fbd92bbac680fb3,175.99
0b5065817c2e406c9d9416fd353330d4,175.98
41b3d2c7f0bd3fc5eaa95c6c451949a0,175.92
3c473ed8031b6f4e249ae5f13399bacf,175.91
660ab4ec5eaa81a4531ad10c2663d79a,175.9
baed4f7a16a34e439c36ce591c70980a,175.9
c4d6a7f1826d3a1cd903387966764d2a,175.9
b097036ec194b8151f619fe933161b3e,175.9
6c3ca4abd5a5e76fc6072d2c47bcdc81,175.9
3389dc87ac49f2f060848f60e38cd96a,175.9
a5acc83d0613fa082aee11996117121c,175.9
672aaf2b9c8ab186e20451bdc13f5e7b,175.9
c8b7d6f94ed82f63ec835ef1af699c1f,175.9
75468b1556d284aae0e3b57fb4eab7df,175.9
2f0a08c546cf9453b83cec475c4c786d,175.9
edbb3244742b7421e1701ef5a9ceb173,175.9
335461915e4fdf011e46ae25afa3a1c8,175.9
dd8803090eae7cd25b3eb6b86d05da47,175.9
6bf76c69e625cc78ab262b22e6cddeff,175.9
9fbabbe4238be3f2033ededc2d212b6d,175.85
7b27139522c36a37118d6eb8402f1d85,175.8
f991d29095eba5f61d63b568250724db,175.8
bee5adb0f998843fd360cfed6e6236c3,175.8
2c12f9ea6567e1395d740ee2714f7339,175.8
9e46cd038b5901d785b0f1c080cd3f22,175.8
ce40914475f12c24e87e57bca904be45,175.66
e3b7e1d95c0fc141ba579fe399e81e58,175.6
00e7c7983371f6e0c6ce890040d431db,175.6
8879c7d78891f3ea3634bf6369c02587,175.59
271e0943b7a9a4f94c05483f6c491e80,175.5
e50c59f4bada8680913f519f6f104e06,175.5
c6a8ad7ebe9290d544f7dda8c1492bde,175.5
24b4b26b3282a2215245b414819cdae4,175.39
da94b6d4f10776be847cd1869a2c677d,175.3
09346ec9309d948658f658d1ae15d43e,175.25
3b4f9ebb3e9698afde1d95156d5e3a92,175.06
e6ae6d4bb3f3d149478ff1752ee09bcb,175.04
e810731c38fcccc622e19c3717c64c4f,175.01
9a6ea3f79c338967a71cc2b4df4bec91,175.01
906d4c33b92be4db50b50c3c43964795,175.0
7221af11f031fe8b9088683a30273cfc,175.0
9c991443e5f8f7fd0903a2ea9ec7a0ca,175.0
7d3be011d4a41aacfcdc7399e67d15df,175.0
49458e71378c6be16ff3b21b6e83676c,175.0
917c39bcf95bb9f97a6c0f8379314ef0,175.0
fb52eb341179dfe943f35912b96505e8,175.0
d4914fdce3947bbb342bda7ff7333042,175.0
f5fd359780c6c132348b31e90805b3bf,175.0
61260c512475ab1d7519b332199e8c1d,175.0
17ca162f67961b29c16ad5da0b75973d,175.0
961606fc288ebba02a054162558075c8,175.0
a05f88744e7de808ee2378057e2b033c,175.0
c6326604c234a96928cd7f255f358978,175.0
a6949eb2d9805fbab7e6d40f90368095,175.0
594b34fd289ad46d208bbcf008762642,175.0
a927d98ffdcbf42206d896c538c5aa65,175.0
4bd00237c4d53b54a2f6b67b74499cdd,175.0
a4406af7a4cc74fff4ab8ba1d52a9aba,175.0
21035b3a6ea9a9e6f6c9150f1091732e,175.0
e2d43120d6194eb301089477bc9cb52b,175.0
49a5cb9469b39dffb92314ebff1efd28,175.0
217f46422137f2116d050d1c02e924a1,175.0
355c864e8743e555033bfa491c918a05,175.0
e064430444b773cc0937e64aee670c02,175.0
3b9375de9837ce03b6516b3a343ad6be,175.0
06a2aad63bd0acb89e39ea3c8dd8263a,175.0
fe11aa1e04561d1a152e302449bc045d,175.0
8a81a8a29d1c4315789ee15296746b67,175.0
62ca923cee9de768fc20844b87b649b2,175.0
491609eeefc72ee67ee5b42e63ba9859,175.0
5b819ae762ee1d0424f92fd742a8ed7b,175.0
33b637b65158f77c5944eace3237c3f2,175.0
c3189548cd373b2d1f4d190e5008fe7b,175.0
5ea703be990cea78e9615d9a636ba28e,175.0
8b5ac3704c58f8ab8591a68d5427f41e,175.0
5fabfc1789ef20d8cb091f4babae56a0,175.0
7622d1fc55809b6109b7decf63dd8529,175.0
c3d1f7d1843910b559fe6ea1f7f09c7d,175.0
4e14b1a6a95b6aedafc0905c5e914dbd,175.0
110cfcabde5f5070e596758fd20ad529,175.0
36cdc8dbf199fc4fed2822ddc0d07c7d,175.0
48131e6c0bf7bd798cc529d5cbaf3835,175.0
2ff59de37854c7f6805146fead21e42d,175.0
78f47f58b2b6a086cf8c8fa4656bb3d9,175.0
fb31ae52945c45377e1ba9644b7f78e5,175.0
bc4a00d1ddd57fed221dcd933e0cb3b5,175.0
b8111b1e2a3aee2ee77da5c7ff67b394,175.0
0176d6c1606400bd49c88871e15839bb,175.0
4951ae40c746cbd07eecef33fc053e89,175.0
aa04f4a6ef53a5e85ea9e6fb2a89d043,175.0
8bbdb1412355def8cec751a5632cf0f4,175.0
f98b0694c7517f313358ea9f05f47612,175.0
01a51dab2737347e9b62bd2616a16d22,175.0
45c33e9c8c978d7bee32d4cac26a90be,175.0
ff9602a062f03021213c2ffcfd7f7e9d,175.0
610080385422f68df555845ce3b081af,175.0
8e6af5909487bcdc2610d60e5eac1f81,175.0
7c868eafc87e7c5b92079b47c291f603,174.99
3d095062e539b5602456c77b77d1f18e,174.99
9c396919c4929b24f397a4ea7b4ced6a,174.99
52fe8f0d46227cecc08e692dbe3c16fa,174.99
a32f47559c061e57874987531be05098,174.99
002ef7e55600d44ead53f7c1644e5222,174.99
840b5c8902b80e63aa691ca5cbaa9bb6,174.99
2428ce92c7cecc70052fdbe27248797e,174.99
326f21ca375fd20981036e147b65ac6d,174.99
91643592e78c6ee466f09aac4663ccc2,174.99
933c4bfb97a8cdf9711b9d4fb70e38a6,174.99
600b59b21a61468ff709c357aa600b93,174.99
c9eeaea4b6584bad78925309aa79ba46,174.99
59211ee5ee45529e88e15aa981413567,174.99
5cc56ee044870a357f395d0c325274d3,174.99
1432c42a35c00d1c9415db9c40ff472a,174.97
2278519c37e419c5da259c8c82395b99,174.97
35864582d9b9cab28936cdf255711c5a,174.95
ee92050607377372efa97d9dba75af38,174.92
2ef0049219fc82f93b6745d96514752f,174.92
4e0cfad7fa27ffa947ecec52cf0bfc20,174.9
39523c1ff374843be2ac90cae00e8e04,174.9
3580bb0836c4408b4b03c8ea4a43c147,174.9
0e48cc6ff4697cd603cd84a57d3732d4,174.9
148058a31cfe793e8ec06bd886364af8,174.9
81e002e37c83087d148d2062bb1ba395,174.9
ad7cf2b9a1898e856ca5aa0e635a8bd1,174.9
278bd592e79315f09047f589279bf742,174.9
1e91f4e8d3d47b74276ac6c6ca566c8d,174.9
345243f3e37e32114d9cf17eb7a11c29,174.9
a4156bb8aff5d6722dc68f605d8fa241,174.9
ac062697fc30d35bd5bd10d4e71095e8,174.9
b4f823a2a306bee716dadf254ac2f2d2,174.9
04c81659bc6756aec0dea8a3fe320d7b,174.9
1671f344bd401d0cc0ba2869cf2ae973,174.9
13c8bb7cb4c9d571930eec060bf12c05,174.9
5745218a667013d784c68fdc707cdd16,174.9
dde3f6a475d39044e793c94010308629,174.9
27a9cbe94e6fe0574f9b16c5ece47fd4,174.9
cf96b5af1c0b18a84eb35a144c85f142,174.9
bbbaa74c8397d487f8a22d52330f9275,174.9
6c1ccc08a44926bbfcf90f475942e84a,174.9
7175760685e41c5a8c27adfeef1f55e2,174.9
5fffdb430f630b75465a5d5dfd37ab44,174.9
b856cb85055fc8f310de189eafa4ec23,174.9
2f58bb32416886045970ba0c48719094,174.9
f5fec5490721245b7c3e23cdd1cf277f,174.9
746c709f5dcc9721282005918209635d,174.9
423d188bbcaf056ef7f42052180d4363,174.9
6d9cfabdaf17081465bf60f32321eaa6,174.9
c5d1b0c941bce8ce8c2b3f8273684c8e,174.9
4e86d60284ae4ccc334b942df3cc388f,174.9
f1705bc97af56d046b5cb6fc66f21c5e,174.9
4220690060f453982ccc4f2269401a81,174.9
c5c47d4e71b9f73cc3abb67cfc059637,174.9
2d994a14e9afaada433bf6e7509a8272,174.9
03867a4d63736672b9276bef85ec277f,174.9
06e7aeadaa608beaaf6f34c4fbb0e09e,174.9
dcc60efa738ec9300f4befe74b6cf82c,174.9
076dcea2eb6c8dbe9354f7c0d8670a00,174.9
e4bd3ba6e36d2562f946ed90035c9c3e,174.9
480858488b4a18a4d0aa2eaf2901f009,174.9
80e0e62eee969f07d409129a5b2908fb,174.9
0352f19bde56346648596f642638c657,174.9
473cf41d825106ee0cb03b99fb38c996,174.9
4450850ad98de459ecea38e7a1323f56,174.9
578c6b9a577d79103c6328de248eea5e,174.9
eed088d4b99839a66f46721d55b7f388,174.9
6644f96e1da51ce92f80d0c2793199fa,174.9
fcd3b5fa136fc340d8720e251c3ec8b2,174.9
7a4e8b61d5570efb155ab9bf4a0659c3,174.9
1fca14ff2861355f6e5f14306ff977a7,174.9
8c35c389e9173ea034f49910d86c5fdb,174.9
de0fa5b9e4ce52eaad23baf90de3a6d8,174.9
88f605ab8498457b1f34dd6ca7ccffa8,174.9
4721d7c3cdf29bc7cb6ba13ffa40d73c,174.9
d84f2788580b9d5e4b1e36d9af83adbf,174.9
cdd6b7850934e9ef0662f077d0d94671,174.9
1fc0dd80f3ef093992aafd0a8dcaf281,174.9
e9e123cd1d3227c217e8157b72135287,174.9
e724e3027c657c81b466b6dcb418364b,174.9
12e244bdcf0634c2d48e7965647f06de,174.9
802ef306f64b03626d4f32b411ff57cd,174.9
d4e7cb01d336245a67f8d43b21c82269,174.9
cf07daf0688a1761ec0bff495ca12dc2,174.9
cba467dc4bb88078e1af5f847b89174f,174.9
b98012e4b861b35a2b4cf3876dcbaf78,174.89
f90c4fc69ee075a663c05fa16b2e61a0,174.8
4310e4e2bd5d1b8f38cbb1c3a2136019,174.8
dcbf701e4ac18e01395ca9e6267e642d,174.8
87cedb842a784e3a1093f953da01afd4,174.8
9657efb78172fb7a670a4831dfe82a93,174.8
83d91af0a4ef20bdf35482111320f447,174.8
6b70af3ce8eb05169ee8e67e661fc9d1,174.8
66b908567e8c8d5efc047d3df29ea72b,174.8
9f3ba5021e7a34b5e5eb9dc0dbf866a1,174.79
e908b924226c39f055d910e21acdef87,174.75
0cc0541e7a0d369f4c5c164695166802,174.7
aa7a0ff82aeeeeec79a4e7431f28d6ca,174.56
dc5cacb3e5b312dbde82dae449a8eb6e,174.56
7ca93e75d64f65590a631b085c32e869,174.47
9600b4f513892d945c9d8cd2f7fc1955,174.44
0090571a7077aaa71825c98f660695df,174.42
4fc51fa588914fea8f3fa681f148db44,174.4
b1b4f0c5c3d900ca65f0d79b18ee1587,174.4
9816d0326859ba1eb4e164f69079c447,174.39
995a364de8b90858127c4c131f8aa442,174.33
0800b1a9b387519a58e8905f745f5f6b,174.33
b821d548247d9c319bd595260efe677e,174.33
33a67985c1fbd0aecd11cf44128a27fa,174.33
ec862d3ecc84eb50ec17e5c261d55088,174.33
d013a9635984f984b4a5eb85285898a5,174.0
37ee751f742df9220a0f7a73b618f7a6,174.0
233f73a4bc9db336b82cb23cf5ff2701,174.0
89a38ba4d20d8cc109418096b0e3cbf2,174.0
5f32eb5f54ab39d065ef46bcef6eb6f6,174.0
0b4e456c57095f6f805c6f0774fb79f4,174.0
2e13d8aee4a4b6ba67b119efad66a999,174.0
ab388c4334590b87f33f5c372d87ec15,174.0
acbb67302cc6dd998fbe9f0d24633164,174.0
8eae9b7ce7fe19155f390b90d7f1f750,174.0
47635932256cd809207e385adafc9a88,174.0
d59025c30cdd8d747f2acfa5fdc2925a,174.0
ef5c01ebdd912188ba1f81f4a6b9a902,174.0
66a2736494ae92777ef4e388c165cf44,174.0
e5679d11d9af9e08cce677c25c832ce1,174.0
c9de6921188c1882c48bb6ed884809b7,174.0
9d9cfbce48737214f23bf294daf3c6f7,174.0
b4118c50b8cca915cbf3a374e1232016,174.0
9897219aecb9d3f94e1e37783c5eccdc,174.0
07bff5422f6f580b0ebc4efe3cdbbbd1,174.0
73f18be2e5cfa08095fe3f24975d1b0a,174.0
aa4c5b95810a5d4b1bf2cc56e7d76cd6,174.0
ee298a93185413cdcd448b734e65f3cc,174.0
9ac96931f198ab99179b224796559427,173.99
32e996fb9133ec148b1feb82188415b8,173.99
b2e1d8e77913616416eda2a44f3700ea,173.99
4afafdf40ad6ca2dd0ec8c1ade8db795,173.99
9b44b356e5b71eac310f1e3d28d145f9,173.99
234e3041fff1dc27bff9ddc5a7bbc7c6,173.94
33158e40adca9e94c660c997333e8b28,173.94
795b085cc42ddd4b1f21acf716c176e5,173.93
f6cc975f9ed5f7d6d78d5f8ac711a7ac,173.92
01970508b13705f57b760db5f8f63217,173.9
e851a26670db4bfe21aa1f87177c40f1,173.9
889caa9673bf7234670693f70a8adb5a,173.9
9bf9b7910168a6981da76b34bb832835,173.9
a7d4c8adee1bdc53d350c9df14819237,173.9
015041e1136a20f44f9cf4bbf29df823,173.9
51722798df7658e633810cc6e0fa40a1,173.9
4bd4059b4062a3f96f0f4f88af70fb91,173.9
25bdec6ca1766477d546ca79def205b6,173.9
051d8948abf627dfd3483f6bcdfbfa5a,173.9
8a37841ad3480537ef81cece1aa55083,173.9
5ec26a46ab05725360623cf3f0c78232,173.9
7d8c3a90378f108950bc1f34e987df90,173.9
8af54e32ff7637cabbca5d77f6b5cdb4,173.9
92e2508e660317ea7b5be007a5e38e7a,173.9
05af4522d26d0a46926e0337ef153dd9,173.9
3ff64bf4067f2b8c240397252473423b,173.85
0263aeaed91e6e4375aa412acecf9c79,173.8
3f1b54aa1bd161f6840b4bf436b47588,173.8
acac9d60332d1faf167269f17506722c,173.8
5b00c9bec6116621a96c23e8345eeb1e,173.8
f840dfcebe8ead89c4809a63d64b0dbb,173.8
a9e6b6a8984c388507d841184655052b,173.68
90452d352349254ec634a77c0730f087,173.67
114587c7c5ddfc7863796a843fa2a415,173.6
48f74010d81b2386bacab0759eecb33f,173.59
bf4ed9934192b87c282aa83cfc3b831c,173.42
beaefb15f57098290db7f598c19dcf87,173.35
af90eb9009c119e7d3349fdf659a91b1,173.34
ab12f8bc68260488a55650e09e442297,173.25
ecfdc745368d54527259bf2f3a4ea110,173.25
30a0b2c2da053fc6e7cfd13eeef55f7a,173.25
e61c6b4b92338a130aa2f9f2b1b6a6cd,173.2
7d498305b94fb1d7f3e26e6fce47e4cd,173.2
2c2e3a0b219594cbfaa91ce4d83fed81,173.2
a2e02f003a155f5ca89a4fd48cfe2068,173.0
3262946514cd05bc2855bd1514f780a1,173.0
db524d69694d9b945d58f4dad03d914e,173.0
2fc563ccc1584bab47fd47ad2b376086,173.0
a049003658eecf3b1d87246e326b3eb8,173.0
2aae5c44e64d12944ad4a1f93105151a,173.0
fe3f1771c5a751fd38b941155cf5be01,173.0
e9806f0cec46b8ea205a3ba236ff0d35,173.0
afab37ef329763c37b47f6efa67f2b8f,173.0
483d9226608f90c18049efd44ecbc7b6,173.0
af8f3d820b6f704c37c873d7a8afc374,173.0
df7d4901e5cd14de227ac09a1d09d59c,173.0
760658188339a7b91c7a4ca3c315b2ea,173.0
127854ffab09fbc17666c0783a1f1159,173.0
e7171b8785136cf7834d62f0227bcf23,173.0
f40e11fcab48bea5f847eff467a841a0,173.0
3d9b3665a39eb741b1ae50706cbddb8d,173.0
9e251e05bdbbc4d3d7098a5f29c5da9b,173.0
ff349ea42c06633992fc3c94c3da0f58,172.89
49028f064e4f19ec1ce88607c1b40595,172.89
20efb5c040966aba7e0300047a229831,172.84
c4bfb61a02fa753432f5e5cabc107e28,172.8
dc5e62af617b1d8983d41a2d42c36162,172.5
3df7ff0b86935d5249e4d6cd56b89131,172.5
7a3057da37cb5d48e6f526f1877419a4,172.5
b9067875e231cbef9ac17a3a366a0bc6,172.5
389aaa3d9c15ccb07e3b2185c4a8273c,172.5
0ae515e96084b7cd1e63340172c0990d,172.5
10dbdfe9635224a0a2662d03219fc1bf,172.39
2d1dc0adf607e9d8955024090a9c6a8b,172.33
b81c6fd25c64143c04f4d107c6f8457a,172.33
8c90a66010b027458da5d89bfad7b24f,172.33
fb6a83f99f6afcb8fb97f8164e819d4a,172.33
de74037ebc271b8781a9b7d703924ac3,172.33
bf805337217234812b07fc38f9c3a896,172.33
ea06be215e742396fce5dd52375f2a00,172.2
4bc8f7a705444a6eea9eee3dd8b9102c,172.2
77da57fc4d1c3f144250271fe00ac924,172.2
64ece241ae357ffb4989f7970a6f6adf,172.14
351ad5281a1ebe833af7f4fb1f203aa4,172.13
ee82195a031367f16d90b71ba8fe0b32,172.1
7ed9c4e2fe2f30ce855cc6b6149040af,172.04
5ce6bccf8e7fd0fd5ee7fcb87cf857ba,172.04
34e34d2119cb8e3dc26e6e55a0719bda,172.01
3ba38209ae8f27771c90ec6b410f2043,172.0
ad0676d6d6e115c03a6d60dd2c9a00ee,172.0
0dd059e02831e97c8e5b1895a62eb290,172.0
607bfb98b36de78ff09e620965132fe8,172.0
a6cb65db63e510b12e2eba546c58c06a,172.0
a947822e31f502d0f6297cdee1448a73,172.0
cf3683cc93783df9d38bc06a1923dc0c,172.0
ac273047ab37c8e54e6622c2a58ccdf3,171.98
301885a94c474b91e3701ddda2bbdc09,171.98
d73ad9b9d4bd1fc0dfdc66db5052d09c,171.9
4fb4db0a6cdb200db3d8144c5cc328d3,171.9
b2b6a80eb03f1c08201222ebdc059442,171.9
16ad0e153b12087b00ff6bba67fc0bac,171.9
fe0c5425832ac53c3be5cb4aea25b60f,171.9
ce92916d7311f8b3b9e001361d02068a,171.9
75cd9dacc8b13a881bba4a7c9b63a13c,171.9
4b5e5b4a8e3b88986e4b7fda76311ded,171.9
0b938c5c0b785c5c10dc10a2f5d65783,171.89
8a60cdad54c76dca4cb2967400af00c9,171.8
29956a2d27615abad8aeb1a74d4968d6,171.8
fcf2e90a30d69843bd526fab018317c5,171.8
6a30130b2d73ea78f12bf8f477304e72,171.8
71e5bce2e825f8bc773f6c355b6ef33a,171.79
e804e7ef5f81657fd973fde6a032d3f4,171.78
976098225a2a5d9ec2dbf9294b71efdd,171.77
ba42e1814205f030af1ecffbd2450712,171.77
6c081dfe77db2d63f336f33043f0036a,171.57
e5e4541aadc3088d6d85a429c146413b,171.57
df2939f9c79221e4653ea43744090d21,171.15
313fa2c08f52166a94c81cf9c4e870d9,171.0
99bde2b1ffd6565ce57e8c0bd634572f,171.0
2681443bacf9d7fa015a0d37cdfc2657,171.0
4407dddca7b3871ab10fc818835140a5,171.0
43dba26ab5410670330c828f8d9f0b5f,171.0
760119a92dd09c116c57f97d1d1bf346,171.0
532007b4b7629c6cd70fdd58e963f11b,171.0
5f0fdca1383e271d2ba9daae64f119e2,171.0
db0ce16f1da5ed3902c23e6ab85b4c75,171.0
54e45f61024a906d5ed85efa3cc79c4e,171.0
0c3e6bbb4d61582f912d3acb1adb8981,171.0
33f3a825848a91ffae2d8be709630522,171.0
44e3a4d56bff0ee1e71df577e741b7a7,171.0
50dfde165a2543d1410257c2593f5843,171.0
e516dbd004a6367d636cf7f5bfbaefcc,171.0
f6929c03c4fa102f05cecd8480ccfa4d,171.0
18361f001ee56303d300a4ccde8f773d,171.0
6927801c5cf0264f207efe237120977c,170.98
bdb3e5fd8dc8c30b7fdbe43e818bb2ec,170.97
032f3aa672886e0ba37ee901091d13b1,170.97
9b81324d4d7308a459ae94e43ff27692,170.97
08e5b7d999d037498bb7f2b3ffa1ef68,170.91
1303acf77db8cb1ef32c56532c2127aa,170.9
23dfa700f73ff0d3f5aabab3256d13fb,170.9
ec65c0f50eb9aa9d6bf2a98c7624e91c,170.9
dbdf23b7ee7f22637f2fed7b2f2d2f04,170.9
54c27244f167fa3c4f4c58c1297d4df9,170.9
63b14ee5567bc4c0a388fc9c91eae40f,170.9
a806dc661ec39dc85784ee8d92b1fc19,170.9
cd8c7feb6e5a1f734ef52ffcf4a25c6a,170.9
91d98668d81671694d440add6ff4db2e,170.9
53c26135cf44344a6c00bf51771980c4,170.8
b49786f49847d2fecf5ba2d455321642,170.75
68d67a1f9155f67a999de845a292ce20,170.7
e8a61ec3f416548b5d98874406ffd216,170.7
2341261ab32cd120f68a7d10d7b418b7,170.67
d42c529859ae5df50882bcab138a2d6f,170.5
d0f9758f9967e058470f9b0b7f18e1cb,170.49
c2ebce3c867123caeef82732803f86b4,170.3
3f2c91cf99f9896186902778e28051a9,170.3
767a7d8d37d25b8ceab70da4bbf1b628,170.3
bf72b85664d38b97e6e3a21b6eb02b7f,170.3
73c26315a261beff993de96116b6d605,170.3
ef679ddb34f8f011599d10e88c859117,170.3
400bdea7f3cee3d1d54dda43b762d369,170.3
50693b901fe3758bc5bc099d9c25cb08,170.3
ef6d866cb6bad171b3286fb79a281660,170.1
26fdf0e57003635d18db997a0c24bb47,170.0
80770d52513e1f459d5a1abce7a10327,170.0
77ecb0c9e88332432bb2b846dea32b2b,170.0
5c18204fce76f05ea2cce79dd159684d,170.0
bcb9a6eebf72617582dc1b32d9f96401,170.0
d0e91472876e34986a2a61f2461e98aa,170.0
2c129946f032bb0318e850a5e6b8fc21,170.0
3483f6698dbde1dea17a2dcc5020b99c,170.0
3ae9f33d719cd332ec9cfb388ec7c078,170.0
ff4229765dfb3bec46909cd5856eaf48,170.0
2a630b816f54a5bdfa3b922779745556,170.0
4da1bfe6e373952b0ecbeb6b54343fb4,170.0
2d61700a423619c9079c538ed61967dc,170.0
ddb9ebb22b6b4a9a93532d5b61f78563,170.0
7333d9665cafc87becd764fb7313cf96,170.0
ad35419bfc1690a388c7fcccfc271ac4,170.0
07e64b2722ddec4df9b603e96def8ede,170.0
3a2165661e60e1228dcf99a3e2b3bd78,170.0
3191517c6289945562bb344f6c6ac41c,170.0
9ca7ead018eac070d9bd5e5604e51d20,170.0
97de3598245baa770e5de733a1f7273f,170.0
d42ee2c04270ba237933c8bdd5e1c761,170.0
ae26dab25ea158e5cbd6c638b5417d17,170.0
eec852bc54cf39e34bf8d29856df9be5,170.0
d1bbefdd8f2792e76ffd46b849437853,170.0
15643864e18a9fcfad07392e13e28c55,170.0
13380a1be72467ad40547095de94ed71,170.0
c7612e7a71324ad99ce4ab5ba49a51e2,170.0
ad09d64abe2ba53c0e7ebf343898af81,170.0
a1cdd0992516e0e8a9c90b38965b47fe,170.0
46f54b37f0933babe0222df0744290bd,170.0
93cd96511720c79840c463a530e84fe9,170.0
883fad5fe34ba612be8d2047895ff139,170.0
67ec51af7454dc3c8a271b5d9d80644e,170.0
258a9a5463df41a824ae9f7cd9d7ae5a,170.0
25fd5d5e6a1ab3e25399c96c96ad49d2,170.0
e271b94a2dfb2eea947d8f70a27a6cef,170.0
68a9d3c0bf69c9cba801481e649385fc,170.0
1c58ec030a9b8f96917dfc55118fd2ff,170.0
5247e5c7e9037e74343f13bbd8800a6a,170.0
8fc70dea5665d92f2c43ea665c223563,170.0
eb3fca4e06e504332655bbfc8b689609,170.0
3fc5a0dbd1c9b084cb85b7f2a1ebdffa,170.0
30777bec36591293bd4a24e6fec0f797,170.0
e11b6fe01de40f2b7fadd6fb0c01985b,170.0
f5afa12435f1d113ad3e53d1fbbcdaa9,170.0
8b4505f19ee61f3d79dee672d6adfbca,170.0
9357c546130d6ef751b30ab4d9dc5e93,170.0
33cf5d74687e44c099ca607099f8f5ce,170.0
710f79302fb4b836681bfd921167167b,170.0
90bd3163f91abddea340d03ca4eaf140,170.0
9e5336e351aa9e91f0be9f38f189d097,170.0
66febc71bf0586881bd835ddcbfd34e8,170.0
373e936792314f96a1e0ac22efc99414,170.0
ae276b606353e67f123bd975c556599b,170.0
f8db74f90cb69ee798432c01baf38009,170.0
23a68c52fc7ef8de7c0b7a3a431bca21,170.0
8708cba3fc19dd3882abcfd20b6229a1,170.0
f311cdd5c8f22cae58ea2495cebbf047,170.0
6f0a02abf3285b0667fdb9c5289a330e,170.0
8c4d6b0b94bdda396e839a02feeaff86,170.0
112a2b7ccb2d89926da59b967775b8f8,170.0
e41d728aab3d0dff5fb070f93eb61345,170.0
d9d2b41309d4a7d5c6e1819e1c724ca2,170.0
460316e38d4d241fc79d4f6729f8f7f6,170.0
b7fc8e04ed80320673fef972447e3551,170.0
5a45b62097021e8329b56d929aa1b6fc,170.0
de43c91b27ac6a591f999040a7ee9342,170.0
4231adc0342d4df0ed221d4dcc6dd867,170.0
3405b496cbf59272a563bfe5f23caec1,170.0
8bfde2e8ee1c470784cebf3888dc3368,170.0
084e83571f0a839a4c42cf340a597baa,170.0
0a83963fe3f4833080dc7847b30cee76,170.0
ed9906094c482db4ff0708204f6165bd,170.0
f26da87c662e29c4680a07cf6e7f3a97,170.0
0c21e6ca6ea55cba835f883bb68350c8,170.0
457b75db3a997e15b4abcffb8ebcc8d8,170.0
53c00128b4cdd554611efd233859dd88,170.0
ff56a290f17f6ce95604d2e7c1bd3ab3,170.0
180eae39552bf810179a896b88693f79,170.0
7d76cd344587475194155e6f1479b00a,170.0
824a057129a435bd0c0fa281345ed874,170.0
17b4d0277079480dea89af22967e5ac0,170.0
796e0c6b3690401bd5592b7ce89be9f2,170.0
2b641d0a8bb26b8d5a6e653490f3902f,170.0
fd21c14f33f4bcdf2ac9b4073583ca64,170.0
a0f1806a93811e5dd87821e891b3024c,170.0
ec932452f1cccb28ab8c35b5fcb9d595,170.0
49accd6e9750c00a209489187feab7fd,170.0
72b6edc052a8e2605aaabe29f5d5e008,170.0
d4d9531a61ad95bf3b57d0100a2fb792,170.0
d8fd788103297a589aa37f024dabba52,170.0
cd9844b06a03c881a223281b601ed8eb,170.0
c74b571fe3a58c082c91e2fdf1448078,170.0
ca6b8369d8147a0ddc309d46e5a27f27,170.0
d5c840fbe5ae01e9e21ae4ba2a0070df,170.0
e79ba74d49aad29056945edd15f596ae,170.0
045113dd9def11da63eed78d7bd66571,170.0
1314355cd90fe9019e54bd1521df0ab6,170.0
49c5edaa0c1b454a55e3803945367f3f,170.0
418b556d05e82d296b2539d2d7cdfc83,170.0
3aa3badf42189513115df5858d5c2678,170.0
cd8038ca905be15371c29a2c7901eccc,170.0
f31eb05ebdef1ede72cebeba759e7c92,170.0
21897a8288df87a6764af830c3098bb5,170.0
8990cac44e4d7c9bb1de0846ad2fb02b,170.0
3efe8c14fb961e74166b2b32cba0a386,170.0
833cf609a6aec4b27901837d32aa7117,170.0
8afad267c9c2be0a2489b9e51218c537,170.0
d0ce4181898b96b8fc24e7c5c48c9761,170.0
2eeb124977d63c594092cf08f7122729,170.0
b02db5f33d926aceb47b5355ea2222ff,170.0
0ffd6b06e24c9fa1e0a6768a4267062a,170.0
5f95fc209875dbc344dcafd0122b739e,170.0
4332d7c872396dc12e152afb8b8147d7,170.0
b9146f775984b701ca403bf80aea60e9,170.0
b2ce968dfdaf1da5b510bc7f310f8dd9,170.0
47c93c1b5a9d5677ab6610844d2367a5,170.0
752655de6382f697166ab67dfaa9b8fc,170.0
7b9ceeead56783d37ce8c18f1671dbda,170.0
31d42a8bea9c9a90ff89130fadc78477,170.0
5371cc1698f54400f167d8fc79d6ad93,170.0
14abc38209ac63b3da1249632c8cb072,170.0
59365a596fafb5488c739ac1e657f6ab,169.99
dbf8d753cd1444423d78566e4148b363,169.99
c92d229c20d50e665239023196185345,169.99
cc41c8de84aa86dddc709eb5633946c1,169.99
30e94070e398e38b4210bc35d84627fb,169.99
9da6254d98f02499baa9f562e545e257,169.99
e51eb6ff135391a371b5a03a800d27d1,169.99
7759c30a7e23c7cb3aa0c2592818b1d0,169.99
153d5985755b0fd26352e485753c7b28,169.99
f1dbb65831243a89ed188627cb2ec97e,169.99
fe10de536606eabb822d6f46f125cf68,169.99
00abf30c1a93c7c8b509cb80a22e4dd8,169.99
0ea66986b3704c6a5212c9327cb5a27c,169.99
14ad561f083cd19492c62dbc08a85c35,169.99
1fab691c0fb4a038875b2876180007bf,169.99
ba7bd8c251c6e523206a75d970a5cc18,169.99
f2fdb2409d1c2b5018b19767572978d6,169.99
0a3be6888566894976245d7cb56c0235,169.99
d64c5598555304b3aacbd6e9d07e2d4c,169.99
2f724c23d8cf21f1583f8a4c53f44eb2,169.99
b32bbbb56d8b6e00aa05998e66daf749,169.99
2a6380a3c3cfcc8fc84783942f7c5ada,169.99
2e7a7949ed59755832f8877b154bb202,169.99
0875689047010271a4f10a03196e565a,169.99
e43f5c61528c73c0175b54343f6b425c,169.99
823b016f05d9078ff1956dc216da4e07,169.99
9c155d8731e0b25e5e6e46908796ee52,169.99
478cd57af52b763a386a2a2fe791a230,169.99
835856fd2134a5d6f63090a9d9845a98,169.99
91e4bbdd2efe36c6411589f946d91883,169.99
89ba44b1047e2e06f48cebad470b10d7,169.99
f694b9863f4fb1282edf4758847ca86f,169.99
d01471154bebcbc2d05c7d6073265fef,169.99
4aa098ef6289ed1ae1c5ece300060d31,169.99
ef27ad6a759b60d8a7d93688c171aa20,169.99
074449d94197a408f2ff3bdd985a20fb,169.99
37d5b13601d5ebe147af1734409cf181,169.99
89b4427a50c31a3a75b286ec4494ae6b,169.99
932e550d543be2239a656c3ab5f1621c,169.99
4ef218a12818dd5526da5dd679987396,169.99
a6cbd05d6dcc7d0202cff560dfc4d4bc,169.99
2e8e0bf9b784fb7069b6705ec26b0c87,169.99
5c26e0e4ce3f4010770fb5a3137dee77,169.99
30b882d792e7c674b96146e7a4854316,169.99
12047320874e3c4242d2a8231ef70d1e,169.99
7544e9c2b30e2b6541ba16b664011faf,169.99
5829bb0fc54e1af9937b154763b18966,169.99
af06df1640aa1b80da72dc5687ce5a92,169.99
69b904a580620dd2898f30a0ce35ccfd,169.99
f427a18519274b4ab884dfb90119300d,169.99
84cb4824ee3f6d0c24b60d12a8e5bd00,169.99
90d23f29955fce59c41212f0614a388d,169.99
69de6e98cbd456c73122e8fd3a20554d,169.99
2cd0b919411c93078b6169037903815b,169.99
8cab6013b5bb046a5b91c60f05208cba,169.99
c7c24a8379c7f5593529e88ec2c31a8a,169.99
30c6c7a5f5570eea755284d1775568b8,169.99
ae06196c4d2b039dcdd1889bd4992f65,169.99
d027af2c30c18381b9e2519b5b95c701,169.99
e16d90c4a9c27e82cf3fe238ec3ea836,169.99
0fc8a32d72f15950f51b7d5b66b79825,169.99
8c2c2843abb880842d1b6bd2fccab395,169.99
86951205f97e9b611cec1ac4a778b1be,169.99
8aa0d22a3225923f4386d2dcf4717658,169.99
553aadd42b8ea44fb45880816dc859d8,169.99
3fa0e65430d1ab5e484fe8d3bf2ce2c2,169.99
9bdbcc26a8a64db59f6a269f1a88083c,169.99
2b96f99d1b1838b59e4f19960bbad123,169.99
c40f158d06c86288d0d3f32b2984a1b9,169.99
bb8efe79c2c42a2d9ab089ca35832fb3,169.99
349a8134922e31b8d28023f4b0a0c6f4,169.99
eb9f81343ccb0361b66606660a0941c2,169.99
0a9ee4d9030acbe428769c79d0c4da69,169.99
35d72520dd66b6d64c485b521de8fc25,169.99
0928350f4927941ebeaf342287da507c,169.99
d06e5452256e12e440e458ce30b18ba8,169.99
af9aecfbfe94b0369dd5e0d22e525b81,169.99
9acc463224f2913d510896fb47e1f8e6,169.99
2cdbfef7526be4ced7b73926dbc61a59,169.99
cdca23dcfb75887106ea8bd3295be0c0,169.99
b188623ab77ae9de645b334565353c69,169.99
7730e8d98b2980e26a769438d611dca6,169.99
78d5661572968e9b17462be561afa42c,169.99
41bd8f0bd48218356c5a35614de0465a,169.99
6735b40b16578deeea15f31bd8ccb2db,169.99
137377880399a56956ffa7264abc42f9,169.99
00ffaeed5dc4a18cf44151b40f81a96f,169.99
f27266fe6e92b04127153535e6234636,169.99
84e85061282f013a94d02fd9341bf527,169.99
732b3392e5516cb60017547792c7e141,169.99
c0fe767fcab876d0056471c18e1b01f2,169.99
8bebcfc55190b8055b33881744673c18,169.99
7e1fad5c261e84cf8bd9d3f2f5e4e7ef,169.99
1b1df3f7ad4fb62fac0fcde671089db8,169.99
3e0a38788f7d59deb1f826cad1aa35a9,169.99
4bbe99234f537431b51482a386240d49,169.99
e1d2f4a8673a4dda0838ac511f3fc8a7,169.99
2db1a414c23fd5195a1a90da12cd28c5,169.99
219819dc0d3df55657865808c63e2ca2,169.99
34cac1feffdf92823e422fad16bd8397,169.99
29057f1de7a5f228191cc77743c744ad,169.99
4376bf84d8dc27a1b811ee03a0ef7cca,169.99
57523f30c7d806147639a898f023a462,169.99
049c199936ffe4c8b0ceca25ff1be148,169.99
ada58a0547c1f85ee8a59b25331c7016,169.99
4bb7ccd33a3f0a14d73ba4f48abbfc2a,169.99
aa536117aaeab5084565962e0828a224,169.99
d57d4907c0bffedc7eaa6a8bad9d3249,169.99
155716e7d7dbee88852ff931b86889aa,169.99
ba047c458b551f90b71a844f404d597e,169.99
a29dedbff456ef10995f11654ac33ef0,169.99
e282126399eecb8506f61840a0d65c15,169.99
f0bfa7312e95028272337a8b6a4cfdbd,169.99
1568d0cf27776d57552118a63aec65e1,169.99
b75740288b209973aa736f4dd1b65502,169.99
eb97846f551d8d032bca44331f22dcb1,169.99
6daa8f0dc2e558d601f7ed53eb6188e0,169.99
39dc7d2e2958197d4b40fd11fb78171c,169.99
683b739c969b6695ccb79703e84d2181,169.99
8fbd5b048cd28151d592f67319423ae8,169.99
27c780104447b3e818131d9e17e58c00,169.99
5cedd34edc16d4695d35c75eb4af56c0,169.99
6c600072d9cb0bfcf713667cec62f67e,169.99
1b4eefcef3c75cb129309be3e28e5fe1,169.99
e215e63f573b24af6225dd76e2119c42,169.99
62273eb405fff4f8f8937c9a0cc4d5af,169.99
6dedb64b7cc4bfe0caf12f060f14990b,169.99
72531c142b7ed4b96616f425a7058b90,169.99
6d2d97c4b749c780e25335540601cd60,169.99
44dbbaf8b67c55bf72d394075577e557,169.99
6001397758b75b1ea4f56dd10783a6ea,169.99
b4ee9ca3874d95a64070f4ae06350f1f,169.99
d36226a75bd645b98eb282c9ac967eb2,169.99
4a302c694c98bc59cab354b78647fe32,169.99
ede8b3656ee780560a8edb66108f5fc1,169.99
55301531b32179f1220ed9cf9e5d4344,169.99
9b3107e5f5884a87b7971386908ad2a6,169.99
9924d9f4a1fe48aa591d0f4b596a0ec6,169.99
8f8b7a582620f3717c11fde831e8860d,169.99
0a791f1725cf14521669d11593be474a,169.99
efa62c03d176d71ec447fd71f55dc12f,169.99
21db802cd8191c5514054c036edd3ea2,169.99
69fefe761b19d32ae23f141f73004e4f,169.99
797d1e3741fdfda577a9b02cab82cdbc,169.99
52d7c0657734687b64282a9b4db2dffb,169.99
709149b32638dbe23f758382c325536d,169.99
884cb068b728ba5182193c49d631513e,169.99
16b44956cca18a175a2cab5956fea5d5,169.99
ff726e16b7e716c6781a22bedc7381ca,169.99
4b89b43382d62c52876fdc2d67bbaf16,169.99
a37aca35a5ff14fefa24de86e12048f3,169.99
ba6b908db045e2700baef18f408166bc,169.99
f100dca2fea4be39e1547226e3cb3c45,169.99
7616b63d408b37afcdff25c1c94b1168,169.99
149aa6e315ac2e3c0b7e804a23e3f8cd,169.99
b986675a148362c7cbc38095d4d54f26,169.99
345a9015c65f954a3828232dce3a2d0e,169.99
2ebe5a19fa6072db3987a9e074fc1adc,169.99
0b4442cad8eab4b19f6f4bd2132846a0,169.99
b89de8f8af3fdb65cf3d973495f6b9ff,169.99
c29945462273179c02e7f3066fab959d,169.99
936c4a5189882afd96a500e9650c7222,169.99
91f1ab8bf361598b065535ed7c694086,169.99
4a48b28dbf436ba2317b6dbd6983511f,169.99
7a55dc07a929d8dbef76694c3e454978,169.99
9e7518667075b04bcac1c301ded485f1,169.99
451efe6b44494639a089b5f2209bf88d,169.99
47386b5cb29e8271feec92541c623e1b,169.99
aaa8ba61d84b61b5c3ff2ea0f5a98daf,169.99
224be26e78c4863978a0906fd0378725,169.99
f25adc5155fc751113575f08abdb181c,169.99
a0ce4f6c04746a55b96b6344e07cceb1,169.99
f073db9b09570039769829fa79d05428,169.99
363424d16e12713a1afe0f46f3ab51e0,169.99
bbce8db51b94aed05e4da1ed311bbbfc,169.99
28eaee40e9840e3442fb15d7c3655af3,169.99
12faddf62f37091f5e6fd99f47c601e0,169.99
7ee8a4fb1f82a72a8be3b69fccb683b6,169.99
a0fc515e385cfcd3492a839b02f57cef,169.99
36da551e41edf8d0f425b6dd458bfce8,169.99
0e04a0d0de3a7dd87a6d7a2931525f3b,169.99
efdd9e894ef573b7168acb6b0d8a5d1c,169.99
79085ed5ba49870c89251a91ecaa5d5a,169.99
341639b9cffe71e8c4a12cc5276ac193,169.99
9563ec54d6b000879e4f319591d78003,169.99
8713490761730338d44c032437698048,169.99
7ed80899c1cc6c7779597683fab0ae70,169.99
5a810369c00ef52bb2d30faaaf81453a,169.99
e27702751ec7fac85bfdddd986cc03ce,169.99
e6483e4d87d4b29e45d299d8c2cce5c9,169.99
f19006ed3d463cfd63ff2566640b396b,169.99
09fef67c127958d557d5fae582d5091f,169.99
f65a9d5dc0c49064efc04ca1d4667935,169.99
5679e316d4dc59bd429d5851c36ed6c4,169.99
abeeaa3eae477c102aac831feea6c8a1,169.99
b9fc6416c13c5387ce1652b003b18057,169.99
aeb3f13efa29908738bd76e97ded252c,169.99
736c8aa786302c5d61fc8502ccba8586,169.99
76d1166cd86711d8ecd7ddda52920ffd,169.99
9193133f3eb8df6f70cc93b069b56f09,169.99
0a88fe358661f9b9cd87d419e7bffcdd,169.99
a23719a98faaed0e45e77564e1ec3f47,169.99
22b9321f022b2c6574492c71012dcc2f,169.99
1739c956a6e824670823a1b7cd970ff0,169.99
75a42562aeef01fc9bca24f7bb6bbf72,169.99
d114674a4f5eabcc39576906c20a7254,169.98
ddb9c6f0cb74c12eb34320c2055fe311,169.98
577e972ceb4a6f3b510610c00bd12dab,169.98
f5c85dfdc9f8a3de031505da6472580d,169.98
d101df6a75bb39768e2dab7ce5dc125f,169.98
4a1d04ab251480dcdcb41df0c5e41e92,169.98
7880830b6f139f1683dc3f19ce30ff00,169.98
cd5197b832fad889118cb4ec1483b4f2,169.98
7bdb92316a87205522ada80a430b87dd,169.97
c849d0ca6e024f4f72ea8eace58ee21d,169.97
19ec2ea35bb682c9936e2a35e4a212b0,169.97
4ad611a1b940916b2164d8957ece3036,169.97
577c74c217aca976789bb195b3f57b20,169.97
98dccee26e74868b47788bdc35e48a09,169.97
110e36a213e543fb9c57e6f7268b1da0,169.97
37adbc0ce0a15109d42f8f3c461fa9fd,169.97
21f278eb70a67b20a0ef209cef3e47dc,169.97
e5e2e7562eeaaffd57473e3c3a668fe3,169.97
7ea5e0cf1199c4e783c8989bd28f9561,169.97
73c06209128aca5114406d84b9d9e3eb,169.96
94307d2d9391d8a7162e8f218a6185dd,169.96
0147fbc5c91112d914a4f4a480a0f09e,169.96
077bd25440fd3380b58488ca96863cd5,169.94
e22b62ce9c894895e17576fc4c701103,169.9
17a9279dced128e0aa1ff1642d7fc7ff,169.9
d7f3c5688f1d04e1af261ce65b5540c6,169.9
42cca1b19ccf60fab6d9a6ed56aeed8d,169.9
3a877e5eba37d36c050a3e5f11083e5f,169.9
afae2e90dfd0d2e98b0a3c5727682725,169.9
00f539ee95c97870a2a4f261a2d96ba4,169.9
edca01260dba3857ff20e72ba3b45ebe,169.9
9c43c3ec193867224172a528e99f9205,169.9
2a05b113978f1620a688760fa3873b8d,169.9
88ee40a99bacbe60eb2db44b445a83d9,169.9
ee5d17d6f2cc680e2a43b6751e6ac93e,169.9
eff15f751d5965e6f1d3c5870144cd31,169.9
8fbfdbacdc92ddd984f024f09e62408e,169.9
35ad814595f534fe564bec2692ae47be,169.9
36be9f0a93e20cb6cc1f1a184acfd94f,169.9
c0220048be27a3faa01fab2bc5d5354f,169.9
3601fef50dd65e732601ad4f29005dbf,169.9
d3d0223686600adaa14e86bbf6701f92,169.9
750619a6b23aba34dd4aca4bf16ef038,169.9
58803ced08e52f5e3b028ef81d8c9563,169.9
9f6fb6b6e0604706e549f43b15c9c0d9,169.9
a2ddc0fbb3e8827c322579d6124b0c6c,169.9
6069e96c176d200c3495d72244ae535a,169.9
57f4770b4fc8ae0c610fd9821dc38403,169.9
9ac3db974bf3b1f393ad46eb82c1adfb,169.9
19d12029252139d6480df2681d6111b9,169.9
10617eb08de4394dd08e19b5ca6e624d,169.9
09436a6184161df39d8528de4e13b7dc,169.9
1f19186e80a1db14a79e2acf2f21fab2,169.9
5c4c2390111b27f6f0289038407b381b,169.9
b710fefc4bde32cf4e439ecb01c0745b,169.9
e0f38b37c6f511a9d6219102bb2e932d,169.9
7f148c3a12b98bfccd2c119c3c97a9e4,169.9
697100d1e9811a011dc96a0887406e50,169.9
845b4c2092fe097a53ef3bd7797d4095,169.9
493e9e88e6700b55039008b0482dca90,169.9
d1af1251ff8b9109624062f710192be5,169.9
b2191912d8ad6eac2e4dc3b6e1459515,169.9
0a986427b1138350ebc9779dca1e4993,169.9
8e0f91b6706847cd0aea9d834d968c4e,169.9
122b566031d84d7f2b2c3ee360200e84,169.9
4bf97f85728e222d60123b493dec288b,169.9
02acb517fba465aad1f1332faaf4b1b4,169.9
61178d6f03f29d48cc721d9f5f5f950c,169.9
92074364e1af80a6ca822ae3141a7d77,169.9
4fd89297e50c29c4ab0cb42acb820c9b,169.9
4c7f868f43b5cff577b0becb8c8b7860,169.9
56ba07126743e448497da8e3d14ad665,169.9
4b8425aa99b63584eff7343a4d942996,169.9
1224bdfd619a078b06b63b6178979f41,169.9
771e9ae78c4416f6de0bf7821e34140e,169.9
816cad5b6c83e24c31f8f68063b060c9,169.9
f2e656212075aca396c7b6cfc8a64168,169.9
cf2eb83b0b6636d455c57e6c048e2df3,169.9
7015c89cd26ef46ee3d23f5d8cdeb308,169.9
77bb44ceacfc4f07d131076952bb2177,169.9
8ba3070c820fce3edee16917b2ef6de9,169.9
c4f0c7701cf183ceb6f4f05a5e6db4a6,169.9
b04b6615b7d79aa0f12528796729d1f4,169.9
b96d49fc07d7b581c713d54f1864f1cf,169.9
cf199055fc9c6d7cf39cc54ec67638a3,169.9
029f546fde4adb1892e8800cb49b694b,169.9
b470bfde759425129d684b306fce715e,169.9
66aeda5555542d7cc245264c97dd52c3,169.9
53fad88e309dbc92945290896ca10a9e,169.9
22e91bfa903e38dfd2ca23f7e5d650ae,169.9
1e693b1529d492f7e34a9ed0a166119a,169.9
97631da0103fb552f92d7917af5c7a5b,169.9
a3f5324ac97b5118b3ba3b5730d35502,169.9
d25f7f88b70fbb89645f64ad62135049,169.9
549cdded930d5f270e6f7aca23ce1f26,169.9
6f5a5363751e0e9093a2628b5bdfc5e4,169.9
f80fc8c638c8616af8789ae5e751ff13,169.9
e28c7984cdad31abb88f1e19cd8621e1,169.9
845519929407bc7db18f15685fe6badc,169.9
d16c97e2fa91a534e64f7c7348ef4716,169.9
5d473f16412277eca74166ff9fb8aee8,169.9
d9a8e0bb4edbcd0ad3e059682ccb768e,169.9
738d82f781a81bb119174f7f69f52d31,169.9
145518c9a57c1bffa0c236496f09b80f,169.9
fa201b6b789affbeac2780ea9acf8c46,169.9
06a70917afd2dcd59396e1eac836c646,169.9
6641d4bc99bd20a09ec8c66f4c7ae0e3,169.9
7949f58c22788fc436d73186a078e0ad,169.9
9a8448971700f88cd9be5838b9ead071,169.9
ea5cb9da00ef93de9dc60b6b4286589e,169.9
6ec2c6dfcbb89e788ce8aecaee505725,169.9
a086fa78ca272b05a6404f91bb04928c,169.9
9d1f4537b5bf271b2acdfb484507104c,169.9
2985a45ede6266a319c63f00edcf10c1,169.9
bc37570c504680a0d92a3a9379e47315,169.9
1a8f3e93337a4cada74b085711912682,169.9
3e8a00a5b4e6ef85bbe42e0c5482070c,169.9
44ffbbe638352715960ef277769549e2,169.9
11dda77241f7f71d51f1c55688fd1c62,169.9
46ab4ca304d63607583e422f38618bfb,169.9
5a68256bbda0c9039b25af6329d39a38,169.9
4092172510982221e3ebc76e03409bc2,169.9
91530372f9c5ba8c930edc3dbea6f2c3,169.9
8c5d8ac145099d539f1019827052a582,169.9
359046030b0923355f2fad902c6427b1,169.9
86c0003573cc55927d66373f55ddbf6b,169.9
e38e5708b32bb082b4d7577236505a87,169.9
707d97395daf1db01ea1fe98ba748879,169.9
1033b4922196d44bddafa67bdd942a8d,169.9
40b3bac8fe032b2ae6fa23cb2d614a89,169.9
0da511c15dd976bb8df4ece33cfc38dc,169.9
4aeef35c6b3f3b54344ad40faeb4b656,169.9
abd4cf567f36e6394e9d06147c4b125c,169.9
3d4518b37926b706d7e89ecfe3cb4c36,169.9
1b7b1d8dbe1dd0fe3b8e3e73e07f570e,169.9
ea11bf0c8fca4333b3f7faf02b228c3e,169.9
d2a61eb2b7221814d9f6a1ff402454b2,169.9
320773474ce0a5af09d0de44321739f6,169.9
40390a1ff116b1f94606d89075be6cc5,169.9
83fb8d25e88be5dba999342b595c4ad1,169.9
da5966b6db30f0c9b604687e7882c13a,169.9
2894d1f67d717f4ed8bde367b17e0005,169.9
4447740ba0a171df89769758c72f15cc,169.9
ca85f1de72b224e6e79d9c959f6c384d,169.9
7e05898c682a8f567e1e23aae622272d,169.9
986c90c93b95ce4d823f9396c9a25751,169.9
82ff01ff3cdbae8ef85c10481d360d1a,169.9
9e96cc167f107914dff240045ec850c8,169.9
9816164cef05016d195013441165193e,169.9
5ac6f62147fe4ea4d5b0ea4dcc077a09,169.9
1a5d72cce00fa0131bc38619c67f05e1,169.9
5bf36e4b14c54f22f31570e9e8b144f4,169.9
90bd9911aed064dfc625750fbd83ebca,169.9
649c5da2e4bbb5d9778cef1e5175decf,169.9
ed52ab328378a443237a02204d369a87,169.9
a59f009bdf8cbb72ebdee3164a852850,169.9
df7f9fe8ff0d2b843c5633d156a05682,169.9
99e39303c6136e74340a46d9b858b3de,169.9
c82002d04d02d08b4cf13520c5152079,169.9
b2bef38366dc077d98cbc04d439fa233,169.9
0840d7dc97709287f5fde4d15a357595,169.9
096651928eb1bccf690c61c5bf74e7b4,169.9
3ef7cff4efadc6c1d152008c75e7c93a,169.9
b557ba6be35b6f40ddec0f6a151226c4,169.9
f3d88296f0ff23854c0ca706bdfaaad3,169.9
e3d123ca587e904151c6ee18f3481f99,169.9
e89602b2442a8d65407ba198d614502c,169.9
7730643d49afd7440aba90e12dcd64b7,169.9
c1fc54fe404b87306c70b6ebc8dff004,169.9
37be9132c30097517fd6acecbda58ad5,169.9
48b4fb5cf81ed49f44c9ee9010bf7832,169.9
ed7e6711e28e714c0f736356d4b7d889,169.9
fed31fcc728474d8a9949d0bf1f47fe6,169.9
13dd964c7fed51af56b9f113fe590071,169.9
5fbc79a993390667e9a461e24d9ce21c,169.9
0d3fd248b9091835bed29763f4eca9b8,169.9
e5fe29371fab568cd043942ae42365ed,169.9
c0ed8f3c7f69868393ea6e9d3e5de98e,169.9
c2f95153645e6d3add0e3c41a8689bfd,169.9
40e2d996e2e7b68e453e264a377ba7f8,169.9
ea234d0423d62b7fbfeb07473d3a201c,169.9
c0e4e6a34cb5fd137729e3628973f35e,169.9
4ed1342e230ebe5cb1924ec8e5b68d0f,169.9
54cea802a045d175aec6375889f82d4a,169.9
700864a2937ee34dee15a39ef4df15a6,169.9
4a37008d0c29389ef1c8632e2c4d6ba5,169.9
c8271bb8b445bff7d05f359714f06763,169.9
f15cb2508f4645327d9368c3402e6907,169.9
a1f2fe00ae439dcb254252a38dd4e286,169.9
82754e9037879ee7d90e1facb88fbc86,169.9
41ce6b8924d1d2850730a60910da0dff,169.9
d5aeb3e4c838d32937c36e7e1bbb6095,169.9
a7d9c6298e865b9ba8cd7d5878ff8472,169.9
0451f20d74e1dfcbdd2af858531e6a68,169.9
03ae9ed4f94758b2d7b66356b797add4,169.9
1b15834bfed64f5f839895896a2b4b0d,169.9
bd6b1b234d42b8a97ccbf2ad0eb46e5b,169.9
87601c2e5f41dbe016d4693dc1ba415a,169.9
ebdbfeeacdf735db5d354e2166254591,169.9
e6b2757b757b80cd6c7c33c329e9afdf,169.9
35d7cb8a1edf1e3b3addcee35432082f,169.9
24e2fbf2466ea2ac4ba5541f92c4ef8b,169.9
f6963c402e9578d2b2d1739e5fc00e39,169.9
94592fdb883217ce1d1c1436fb77890e,169.9
d51d980e3ed06eec0c963264d8b94a0f,169.9
625c35ed3eebf2507520d9cf3c8158ac,169.9
5fc9fb8a9bfbcb5e8a1b00b2a52b012a,169.9
86bb630ecd16f9a56c9715b40834f460,169.9
7d0ebafe650ddaaa9bc8ef84d2ea71e8,169.9
6e004a147033e6cd1b680c75b14db293,169.9
4df51d3db5710b8e9f26958d04065d67,169.9
c25756a47621cd045fbfb4ba621ebcbc,169.9
f0e88593745900d1712f11d546bf2d2a,169.9
c32c81e28e06a9bb6d3b24878e1caa05,169.9
ce915e7052985989f18b0ba2e35f50c4,169.9
b6c978aad575a4e08cf4781ede4fa129,169.9
a8675255615b3a42f92339f755cb1e04,169.9
f5d1b27f73d5f8ee3a0f4a4237cc1d41,169.9
7dd6f8c3cae6fc87760b95313f7d8077,169.9
0395ccc69bc49302782458b3d24cf3fc,169.9
6419daa620ebb5a4d4f273524c190bfb,169.9
88d87ad44ce535620cb1e78dc9f72347,169.9
2d2d3841593ef0eb759cc05946cd6932,169.9
aebfc036a3fef8053e9649b7463d0599,169.9
a57274dcdb6fc292e2782a69fad35a01,169.9
a332da65750aa1c1ed6697071c478ed2,169.9
0f706ec7f0225311966ee2f5358a47a6,169.9
6fbf49020855ca62bea99874ac92e715,169.9
403d0f281c358682cc8cfca17c2e71b4,169.9
b0a556928aa7ebcea400790bfc3565b6,169.9
9cd51a56cf2a3d0c61525bfcbbcd7039,169.9
0403515b897169ea1b001e4ea602bf84,169.9
b03ca09111fbab1d3dab28a28413356c,169.9
53bfa978f4e762d508178347469febea,169.9
5c4267131706cf9a809cc1a0aac2e80d,169.9
345498125da8b61f64def813c4a2db79,169.9
4d12da03af6b4513c13c61dcc5171626,169.9
2eb8fe9f9cae4b5b98accf78c075b2be,169.9
48f8c4f0545adf1581cc6c077b7b88f3,169.9
12e4a19dc6e45ef98cd54b0f15c18db5,169.9
6811eb8a30301283e739fdea3532ba97,169.9
e9103c023409f32b75dcd70171423f1e,169.9
aa4d5e529106b2c55313938226cd3f4e,169.9
55749e3dc08c59d2328867f072b0801e,169.9
53d7f82516d4a6e86839d3bc7194b877,169.9
0c7b9210b550cd224cda4f815573fc56,169.9
88ed0ffd90c7e0c8ab95752a16f01d2c,169.9
9210200fde8b061e36a929721ddcca43,169.9
401bca71c4004b9d06483ee401f7374d,169.9
82144a8f1a65c32941b8ef245fede864,169.9
4e99e5342705c1e76c35f51ad0af2722,169.9
fe7a1d455874b636182ada5aabc23cb8,169.9
43d6a236549309414a019142fee226f3,169.9
4849374c3189ec40c89b978357e07e0f,169.9
55c8cfd7006148e9b649504def2a2f81,169.9
b558dbb371f5e955bc68b7500fa46fe7,169.9
84ded8b079a1aa215e8cf4c3399bcd37,169.9
d5774716ffceb3b77efa1c03fefb022b,169.9
bb6b4fb08e29775ec97351f44f1fad1e,169.9
0ddced8bd93128a018d52ee7d32bfa2e,169.9
6b6659a060f8afbe76a660d091ebb6bf,169.9
58aa64563b04243d56f5958ed33f5286,169.9
689d34f193887d19a45f5a32f47c717d,169.9
a413b3b1559d33322bef30c42f3651f6,169.9
cda21065f2893613f957663d963d1b67,169.9
27c6db37b1f4e91aa4a4c1644b904799,169.9
033c00bd7a0ab85d4df111a754b5fd22,169.9
9b1a48717126bdc8e50629b877339de6,169.9
7ac14fa8a3597d612e0c45f195d05988,169.9
f07b4ecc1fd5b9d86e247df2fa58e2c1,169.9
db508645c64a215d060fefdf9610784b,169.9
81d403f18add253c6ed54f5105cf07c1,169.9
e8e82fdecfabb6a3ef54820ec9073eba,169.9
c43d99763db3d440eedf3efb8fedb524,169.9
a6b8cd6ac3560d95ea7e30614c7a41f9,169.9
ba7243079ae1a34f57b4d15c4fd85892,169.9
be4b48d66cff1a9eaa83eaff55037d32,169.9
32ba9b4e4152e566c753b9a00237bc9d,169.9
6cde1d78f199f11a10ff3b1673a82cb9,169.9
2dd2e0daa048c8e7bdf18c2fca50725a,169.9
41822338d50653aa6e9dea52ce5b947e,169.9
b1d5a1a3bbde8eabda72534bdb13e41b,169.9
19a711e98604319cc859cd5ddf70c1b4,169.9
70fd0299eba8564ad88ff541dbfd9854,169.9
53eee7f6d5fe3cc7222e75c874581af8,169.9
b848a0e45ab7cc370ead566c06c250a9,169.9
f5c69b009b68c89c1ea19a9311907436,169.9
d2cfabab7311785475d0925f287e37d3,169.9
e5fb6cd64fec5359007cd7aaba77ec82,169.9
ede05252ae49fbbe385bbe41aba396ce,169.9
201aa779382d46a8f743d746f12e102c,169.9
3bc00bf50071fd7da5442c0bb0ac3f82,169.9
51b75181fb27d03715acee2ff779c905,169.9
93b1e92e3e0e0e8ef80e6623437377a3,169.9
0826150e089ab7d5356b412e9f3bea76,169.9
786000552078dfc8978b80847daa4369,169.9
e5675d86e4afbc561a4beec7775961ed,169.9
3b940651229cc6be297d34f994b583fa,169.9
439ba79fdfdb1ce36d1509be55a1d7db,169.9
19cbab4c65aff684b92904fa72e78cb6,169.9
9d81175f83b45c6a446a8d3dfedd1a25,169.9
5b81bcdd0bf1486ded3815d4955b8701,169.9
7484acee0a02088b435f2b52344b4944,169.9
b9d3bd71c5017c0154b2604823f3bbcd,169.9
2df3cd2a5c57feeccf98a9eaaf01cc13,169.9
5656c0f19d8894f19e73e8a285136a1c,169.9
921b4d839d9b65c512648e14bd29293d,169.9
1ab643f32a4d584b7a56a9de6779228c,169.9
a92f20c6aa106705bcbf1b72f5921ecd,169.9
c7d0eef78d78a2110d338daf21a1ded9,169.9
e1116881a056131dbfee70deaca7a1b4,169.9
5bab9be874cac635882f63b470535481,169.9
58abc50932d82c0d93a282ad8d47757f,169.9
6e340889d05dbbe467a8de3ac31ba55c,169.9
95e3388b5dcbb48857ce7d634e15ead3,169.9
e307089fd89327dede362fab6c2c9d70,169.9
9f5436553717cfa4a0ea9296e309b856,169.9
6c9c056a7b831022a3456383b3750269,169.9
2005627c4cb9a95f4babe067d2c37f8a,169.9
89a7f5483cc2b2c5c8ac274323a2150a,169.9
81aa7cc874954b14415ae4f6da25ede9,169.9
0ed3394970c378e9243c2b7fb8efa496,169.9
2f834024c6443d594fe3dcca76b4275e,169.9
7d5bb66a437018329f3c334e0b1d305a,169.9
6375f291ca662cda38bba47ce8d767f1,169.9
65ab7119dbac155fbf2012978dac9fea,169.9
7a37b4155f68fadf391ca54d5ac9b719,169.9
40697e315a82521b6872e4bafe0ed122,169.9
bf77f36fd7def22e383bdd67c28fe84e,169.9
0ef47f2d4519d5be12cc87d038f8760b,169.9
7490dd457ddcb2b010e76183a693d008,169.9
38fa25096a695e1972739e2dd6821f83,169.9
993f60535be5935dba6ea0fd2e71c092,169.9
8a3e99fa5a51279609ea8a0aa20bd801,169.9
abe7ccf10a2f6af1c6afe529304d54a0,169.9
bbfd6562ad0326487d9e5c8e6433fc8d,169.9
835e2ccdab532dbb2bf4f03247d096ea,169.9
2d80d86138d24b2b609a00b8a2739dde,169.9
b950ce6e86bc77fe267e9575f6a790ac,169.9
73d765b0b1b2c7649280b69676c337a8,169.9
014f3e3c0e2ca31a15e844bdf3a25cfb,169.9
384a027682b0ddc9d88f4aab723d9730,169.9
f3fa4e33353f1e3a7f0012cedfaf5cb6,169.9
aaf5645b8879084ddf3bb8795782ad82,169.9
ab09aefe10cec72a25451b8335197447,169.9
9eae8b1b98146633c65773c08c98835b,169.9
55630e211aad19ea1c0a694c63d3d2be,169.9
f4f30cbd40f21ac5cd9a2915293ab764,169.9
b1db6a9e4825928b4d4490fbeab7c412,169.9
15e434f0b851bcf791f079859e01ce9f,169.9
119e936a72d10c6ea12ab6129ffd9a79,169.9
162eb826a0678ae969912c2f4edf358c,169.9
f882d8943a6e76b0876c6affb9ac2dfb,169.9
33492e6f3dcc16afb6a9fb8f8cd62910,169.9
0068b31b2dd799c334e7b6283333f84a,169.9
5416a712082f252d95466d4ee9f2e4fd,169.9
c37295cdbe08276517e2f4ea77bd85eb,169.9
37489b542cffa7c83d6a8369d8a06ea7,169.9
04cd1987a809f1275e80cfa0030b39b3,169.9
ca40ad78f1ca793104d83c568614d52a,169.9
2817f7dee69f30623b6eb103c171c26c,169.9
626a74ca6cd084c974576167d2ad3edc,169.9
e5c4ecd26f96f4c396a87c36e270d66a,169.9
a6195f49275f8f8b2e54557531722145,169.9
c82d7cb984499a33646e2378f2624f9c,169.9
ae3462b3c800713251a4735764c7f4bf,169.9
d99a3c9547e0b00f07d2bfd684bbbf11,169.9
06924cbc5d26492a79fdbadd872430ec,169.9
7e873842536f3366356828354739dbce,169.9
c5a2f7e6d26faefb2a40da15e8eb3e71,169.9
adfdf9d6cc5472ac0df3d6cdc44f566a,169.9
faae3f96ccf16903b53b768dedf6aae9,169.9
cc32707d2e2f7c92ab449f9b28154809,169.9
02a9c98d09a951f9ae61e2f677922b1a,169.9
41ab2e5e7d423b1a7796f181cce560cf,169.9
7225c68afeaf2d5b575bd6d1aac6ba0c,169.9
0142bd3182ef8b08ecc4182dfd4ef811,169.9
d0836b848a9c6d8fe285a19b028df814,169.9
d7ae20bcd9dd7181c46d59b6faad8eee,169.9
8f33e94f957ad118c65e94fe36aff3d3,169.9
110b52a6ad38588a501ea02fc1156d69,169.9
bcc899d69a3c93f883f15a72dd015868,169.9
d8680d7af781392083d4255c8e19379f,169.9
7bbdd0e5e266e1416ce3dfd8ce4785f2,169.9
d2e283df85b37eeb1cf37fc3416a2686,169.9
c0c305fe80a99e5571ec7a5432459b9f,169.9
bfb1667cc8be7009f45c56b62f6009a6,169.9
54a636900ab95a176a1c2d46290608e4,169.9
2498060e3aa39980a87949fbbc7ae316,169.9
ea9d1a8e7a07a876deed9c4a822df5da,169.9
951afde3032b870b7ab26328322c2175,169.9
2f2dbae2eeb2f76a1f1201875073624e,169.9
b10f39e5294484ce6a4982575ef56570,169.9
34f301c8700bbcf7e0b01c20ae8874bc,169.9
3050b0a7a0f1de5eed8db1c7d211cb13,169.9
ced97a9646c3faa02d66ac532db985cb,169.9
9c46deb6b8ca01d0df7e67b255e4fa97,169.9
eb4f40368c958563004db00314d45274,169.9
e90d7b4a637d8c58d8ac83fda7726673,169.9
176906afbb1fcb0ede5ea13b6fbf2cdb,169.9
19828778bc743cbc74d195dacf2e28ea,169.9
52584132eae2a44eb993f99d1de4e6b5,169.9
2c1e2464154a3a39aae72700a9959b8f,169.9
f8367ebba926834dd754de8692e93a1c,169.9
9f013819439467d13f6f19edfecf468b,169.9
8611feeeaa6d278ec4b4a5e4ae947fca,169.9
a585bc2d80028318b3edc2347f3c4277,169.9
e11d54cdd142275dd29cdab42fe2c086,169.9
52f69439fe573ea3f687e0e66470b28f,169.9
6661e2a6cecf3a60ff9b6e614ebf9926,169.9
5e39e3191dfd85aae4d6142570b57297,169.9
33d565d7fe6d0678b43f83a2a1c420cd,169.9
d4b77c3d658c49d2ca05b26bca941ec6,169.9
430faa4c9224e8d08dd34e09c3daa1b8,169.9
969f82ea6c0e993d213d162a61e53fa0,169.9
0799c43cb2d6ed014fee088f3f4312fb,169.9
237ef1499471be17e7f082cbbc911c90,169.89
c0717bf8d4587e085bfb7bb4e8a52e33,169.89
0e030dda2e8d63beb191f52346ac0fbe,169.89
53bb5604662705879bbe3f11a25bda0f,169.89
f34aa7e650b544b7ae00cc31aa12349a,169.89
51c6d78b0966e3ea78adb5f8c7be6c5a,169.85
fa3a8736d5ae8f7df9b0a4154d0b14dc,169.85
927439c5ea8bffaae7b072e1550ccb87,169.83
9582b93f8a5b04336d13454b876e72ba,169.8
95831ea09cb4a648b5f7d46d25e9760d,169.8
5e2887d4b14ef6fda88a614e8eb36e7a,169.8
930ae890c223dddbd81d9870d9701ec7,169.8
bc4e77d40d57aaca04d0c5a52d452ccd,169.8
7466835454af2415d592e2fe41a09c37,169.8
799967dc41acc279321517694105ea40,169.8
4bead48ffd893945ec2ff5be738e91fb,169.8
972cd773a42450ed39ee9e1f290f3529,169.8
e6fc35108f2de91f9ce95b5aa4d15836,169.8
72822883dc4f12b4c4c118e01f1376a1,169.8
1112e31a003d7a7ef429a45db0aee71f,169.8
0dfd0d69ff0b50c8dc4d6b7a5619dcef,169.8
afe2dbbbff26049c1e7ad8538cdf3390,169.8
672b006efdabc0ee13568350bb6f29d0,169.8
0a8a2e50c62d53aef475281ad4b18bfc,169.8
7d49f4183bfb4a71d4148ac24749473f,169.8
b8c19e70d00f6927388e4f31c923d785,169.8
b3a700964f6f6afd6d7df555d6e088a0,169.8
c4a84cf3df4df3a4ca3f7d8856169ba8,169.8
97979d55a21d30d70f19963d62df5de7,169.8
70e4bf1c9bed1dc7fa8832de9db14206,169.8
9deb8336dd9a075a90ad8adb3459e4fe,169.8
b3238c49535e70a13bc79e930519ba8a,169.79
5ef0a2ed80e4536888c1339032ed3965,169.79
d2e68d3ebaf2dc8deaf4cd28ec5c9da7,169.79
e07454c15288f90421e2fc0075940bb7,169.79
a87042dd0e4de5e6ea62369bc379c88f,169.78
20d4c91630e708521b70462bfe7a8418,169.78
15b9711d8c8b0dd668b1399ffef68ec4,169.78
3fec546fda08f460b090f82fb63bda6c,169.78
c187c110ca6ac2860ff5b0465d452761,169.78
3171941d2a21d87fa11134ea4bbf8418,169.76
3d5be0e69a3f7bf64a6cce753cd74a3d,169.76
61dd7b5fa2d0506e64e67ce18f3714fb,169.76
4877c8bc9b7438703b2e63ee5396335e,169.75
20a8ebae8e5faecb3b19e232aa3937fa,169.72
d3b762614ca7c8a26ae5dfbdef1bf569,169.6
4dd6d98ac5cadd43fde7a222269c90ad,169.5
a51697fb881f6f08a3780d094ecab25d,169.4
d7b03ef4577510e4de7c52b45b689d81,169.39
2939201dbb94797337b7e580fb86cd32,169.2
51f6210c02eb2afeda1b62f940bc39b8,169.04
fd03d461d47cf24785f5e7ee7a1c9708,169.03
337d7ce662818b9b44e9978e79373719,169.0
b47466b05aaa9bacb7b8aa2302c2b525,169.0
e01009144dc56be3a71d2f7b83f2243f,169.0
d69b0d9a08d615405bb9b1cf80fd4134,169.0
96730a0e560b264051f2647442c048bf,169.0
bc2ac49dd63b9b0fb573489a92da0d48,169.0
211ccf4cdfb61d29517dcdef08deed32,169.0
15a1e1d176ac754126d54e0c861e5883,169.0
d147fe71273c081f3d0481211ed1a7eb,169.0
fc6408fa8083f3c01b1f287709714321,169.0
1bf52ad367e94e6f4e2db513a349336f,169.0
06deea7d56068efd37c65f8daff0e03b,169.0
b9a8de41629ac11ddfb40c3b80593758,169.0
d6390fa5ef00fd7645498bdc63c38e50,169.0
5f160ef1c18da3546c4b6454f2162972,169.0
e1979cea70a08572ee93f5a366d9efb9,169.0
62a048051b74dea9eab930b6c0d50adb,169.0
e3f30ab2f9f27b28f0415bdd7f8e4a92,169.0
941494ba3e1f131752d61d98c4c0c622,169.0
213c7704baa0006844081034fc1f0659,169.0
1c44a2f8860aa430a2d4dafc3077753c,169.0
8e601a5bc7400238e02a0f077f1db7a3,169.0
36bf46cc485c39535135c33447264e2d,169.0
47521f9c627b3ad768f11779fc0f1fe8,169.0
7505971887b32c2c73c07aaf67c88b35,169.0
827e9a69f1088bb7a0346579af090eb5,169.0
e0d50842eb1d45e542c592466bcc06b5,169.0
a6569ad9b99c7bb667f0ec4224ad7ee7,169.0
310b5113be1d68f9a292a95238bb4a5d,169.0
e2c6a543fdf9ce5b717cea3d44ff1949,169.0
e34ce820dbfce68d02a20686e4c9949b,169.0
2a7395da07867a067c01c65fce78f479,169.0
ed464200108d2cc6c1ad30de09064a2e,169.0
804101df19b9e3e6be806314f23892ce,169.0
83f9a2d3f4a98dcdbfb23e433998ec34,169.0
80cac977e2c0f7c86d46ba03d8a6ccce,169.0
d89ff434ef3b5628d6736b1669770a1e,169.0
dfdeaadc8b16289da161229b0fea3ab9,169.0
a2a7143d7c9767d8d6795920e88354bf,169.0
f79a79ee780df2dff33e4f6f6536223e,169.0
956ca505668348db97e2ab931a66f491,169.0
7f1843fb6c6498ae7aac917592a03abb,169.0
0c1d9404907345641777e5dbf8062c09,169.0
12ad82511e00603d0f878b5fa67cbd1c,169.0
41339559e17405fd2dd66312dd70e52c,169.0
99d720f5d4a0b956177a91e4651f1c7a,169.0
dacd86bc006c12e3eb2a55020cb8dc7a,169.0
7f611fd3f7f0890f58f11d870355ef49,169.0
bca2f94b38209f0053cd08495eb44762,169.0
1586b0d408bbbf16b93d0fce9468894e,169.0
9c80a6e1fb3ca98a63dbde1cd2557985,169.0
294f3c954cd5bbeded15385615788448,169.0
52272e973cc9f7e81b6527d4b780d720,169.0
8eb8e314e5fe079b653341b597470571,169.0
b6fb8befdae4a1e9bfc7eed84dd852a5,169.0
9f894db50c8048a9a6a7b242f449a4a2,169.0
2f7feb441b711a5e45325a48fe830fbf,169.0
30577af64fd5fc68789a2f1d14b848de,169.0
98acca17d32ae965f9228c2ae9f71f83,169.0
da7ffad22e58bcd1a5116f8fb1b661ef,169.0
802bcca31830ba447d6ffc3d71d5da80,169.0
858b83c3311b466f345309e5198ac663,169.0
ca178567ce46af2b0293311d0d63be20,169.0
bd4705e051aec9a9620287a6333d7c56,169.0
65a60febfb84d9080ba940046cb70dc0,169.0
5532f6945389ffa4b2ffabee3075b9b9,169.0
3c0ecc8a742c08f13fe380e4a7e5145d,169.0
fb8d76cc917e3fc3c6ac3a9beb0d6831,169.0
b9d52ad17ca3a9b3a1b97f8ca19ad4a1,169.0
5ffc28dba523459f96579e4af297055b,169.0
dc0ebf4ca1f76e51ef0236126af5dcef,169.0
9be4488544e1d864a50f80fcfec66efd,169.0
e42274a986c58b500513a7d57a4fed2d,169.0
4d5460bc8bfd86c0d6fd806789af0f7c,169.0
463ebb2bb8608b2f8f3e3b04351601d1,169.0
a67b88b996ddde574b43e59664dd61e6,169.0
3816366333bcbe1daabd284b6c4daacc,169.0
ee5c2e36a79081c2440e61990ec2f3af,169.0
f0cf419b35306c7d6ba2fd5109fcfe50,169.0
b64d905e4718b7007eeb50d4c4eaf500,169.0
1d432d596d225cc4fb606b6502c123ac,169.0
b91d240f382eadc3b867e8a28a56f7ba,169.0
a930e8971b7eed8b6fd594e8bc933058,169.0
1d46f6ccc4985ed63a309848cad48bd5,169.0
c4dc2f61b3a3548a9a879a265f8fdc92,169.0
568c81833b6a399048abaa240f19927a,169.0
532106a874f0e6d89668d5aa4066d9cd,169.0
ae3f264a566530ebaeb52b2cc1559b5e,169.0
3ae277cd8512be9edcf79c749218d3a0,169.0
40502efcc32e098593b0f0d13a009b7b,169.0
89ed25d65f84b1f97909a80ac1676090,169.0
6074438d127875b560ef2a659c6fa741,169.0
cd3f821b92920ff95ceb7da103502eec,169.0
44e28727116b6aaf62a51b276aba9247,169.0
a8ec6f530ddf7c8887b3dcfb12464025,169.0
e72af34d36bba8b5eed2dc2b418f3e53,169.0
95d30ed2ada241476fe5dabe6e4ff4e7,169.0
bcea74fac119bda14e26149fd05c050d,169.0
f8ee52a6749f4bb130906affff58823a,169.0
95d4a8aad28fc10255379db381d7a677,169.0
7b6c535bcfb880d63f8e01d209ef180f,169.0
f0fec35cbcc1ab5ab6cc6339950fee20,169.0
58a58a121055c2c15bf9f2d39f78a555,169.0
1188830c8320a8f9abd982d8deb49330,169.0
28a2569aa4f48970d80fd943f8a79fd7,169.0
5f7587c3961ed679a9e4ac53be2fabcf,169.0
b27682bd2c95905f9733e5af679c3688,169.0
ef183189c0523a0c16c6d32c5e73ef62,169.0
aa343f31299309e502aff3e0e5504e1f,169.0
51316a30363c2c36855d836cb563e76d,169.0
26a79255059d6bc824df6e1e97def249,169.0
c49c65685c94e4fd3fe7ac1cb425f86f,169.0
319a82faf7395dfc64bc0fd158c34f11,169.0
78a57370d161a773e20ae290539b1a5d,169.0
39183ddffd0caeebdcd53dcfd486e000,169.0
9a4a662f2adad6ed0a31fd0d4221e1cc,169.0
7922d00b8f74ce4091159c88dc5e3bf3,169.0
f909d1f1d804fcf266acd8b68eb25264,169.0
c35131c89c7ed378ee2b8380276f1573,169.0
0b171140ee2baf7b6039c45ee04d8abf,169.0
e0d0e51f1bc61b27465dd7c88d25874d,169.0
369a5c8dc8949156048dad71a1da7412,169.0
60c74a8ab6f5911849bcad1ea24e4052,169.0
ab874cd4e96cb693eda2458dfe17bd29,169.0
30aeb7b5117f7b889862eaa74b545e2d,169.0
3117f05fc361408aed349e8aee87d680,169.0
305605f68762a66d8601f01fb62a97f5,169.0
2d9765abf313219e40efb7770ea42025,169.0
b7c298836e032af92023696084c6350c,169.0
adf5c61bd0137302fe68600545f5adbe,169.0
b1a148a61bba3952914af2de990e5493,169.0
92afaf8b08037607081765e9a164cda5,169.0
0426c2ed75d4f79aa5c3090ec537375d,169.0
15e61b14dbefc4eff85195e9f2f056a5,169.0
f0da7047cc3d5cf5a2e12d48c5a3c683,169.0
2ec52dcac1e5ca46634a06ed6fca36a6,169.0
b43cfc5b2a646988816394648576738e,169.0
045042d40940bdd1ded5fcc2207ee31a,169.0
cae95c9edd6def3660ee51bf1b154b9c,169.0
f8508e9ec506a046a25f3a4a63d0c630,169.0
652bebc636b04ff76896479e77c7ec18,169.0
be169d57b327a59f2db49cffdc6caf13,169.0
6bba8cfa429c7e0de271fd8240e49d21,169.0
73969b20fe25029e7ffabb98d15fd650,169.0
8e48c167166a5f5d252955cca84f4701,169.0
a148f10ca6771ae483a760a535cd3f2e,169.0
adbe032ae548ad0ea9f5af1e8fb564eb,169.0
9432ed5b2d7363a1b99291be9ba4bfcd,169.0
f16962e130603161149712806cdd212e,169.0
5d8821d1963846a75b6dcaf3a14b5633,169.0
fb28fb8b06eeedf8e25812ba5380872f,169.0
9344b423626861add3fef32cc25a52b9,169.0
61574bd1bc8408825d5d4293093e9676,169.0
cc8b0570332e15f77abf874fc2da154a,169.0
a6aa137231a82a6c8587f8b6130338a4,169.0
892fcebefb372d07f764baa338babe36,169.0
85a9defbcbb5d1fd61c959e35d48fe5c,169.0
2736939a39d44074bf7db6a1220d5d41,169.0
8e78dbe65183a6e99960e0ce46b373ae,169.0
c797ffdbae65b56c177d3c1368d03628,169.0
bfb2b8355e699b53e863e2a2181b4bff,169.0
2a73c0df0b9ae8d6ede300241d3f2c4b,169.0
acd83049e45a80aed321d7e6755669c6,169.0
b9f86a618dc82af6999e68085f2e7c57,169.0
2cc1a78f75112803b9530faa8b01a81e,169.0
4ae72d0daf2448a49bf98ec1b8cf68b5,169.0
52e6f8d0061d8cd1f500952398e1c8ca,169.0
ac909d4d7eea34a00a8655edd9073c81,169.0
f5fd2458603abad7e210f21e31a16cac,169.0
671d695d18f4e956cb2cf8676da962d1,169.0
645c3f2075121d0d138bd8c19d3d77b8,169.0
211ac32c2e3b192015e02a82a167f6bb,169.0
a11b2ffc399bdbac01974520f8ec98b8,169.0
18a7334e84d18a1258eb22367af3498d,169.0
7556d0bfbb7faa8478c1dad423343647,169.0
4799fe9675b9a46fb5b6737a494b2d2f,169.0
878843e6fda7bb5ae20940875a5e7548,169.0
c681bd40e6293ff56e122d6360aa233b,169.0
20a73b83014dca8ee7bfe6fc4a4692b0,169.0
6d642bd3b5d938ac910451c9103b2100,169.0
94e6eb73f0774b8be5f3f7aa3587b5f1,169.0
f721a744762d4dd9f24a20ebc548dfbf,169.0
c264cdc70ef83d574f3060b9e83f0e23,169.0
38d56040455a30932da04243fc8c6ea6,169.0
29dbe7f526894b88b0404a0c9c396150,169.0
9ba535d9f016f0b68a7fa5817b8ce979,169.0
083578aaf490ea8ff298cfdf186790fd,169.0
c3ee7decdc6cad76fcbfea4c360943d0,169.0
42d7c7a6251635276d0018efeaa9f7b2,169.0
af0444fd0bec2983bc41d5f9874ce221,169.0
92fb3369b344010fed8679f47e99f9df,169.0
f2535a9ec0e80cb35be208202acfb968,169.0
eabc0ac2cf33061b6a498f226194cf8b,169.0
74a8a3b6fe196b1c69c14c15bd62eb2d,169.0
ca251ecdd89ad513647a29bc6b8373f9,169.0
15e30062d5439bef7f97946eb4999f22,169.0
e220beae1f3059a3f0bd89f8d2cc0e6a,169.0
be85413da1f0a4162e820af847044451,169.0
382b9743a55339461109ae51d3f3633c,169.0
8bad53a8b3d92e08b774cfab3f42267e,169.0
3ce3808526b96beccb8f0b4c690ed876,169.0
90e0cca9678279db439534443b863dbd,169.0
79844317129f35eb854adc7b9ef9ce39,169.0
b8e931a93e49519678f09993656fce3d,169.0
a2d1e0478a84c06555dcd2e1adb8ba7c,169.0
303020d38fd6cf2ffae75ad54e1b7a8b,169.0
f4e7ab7598cbef510a638a6068fbc56a,169.0
574bc1bc07d89145ec04fd7a5eca5c3e,169.0
81982ee862da4aba30be66bf27406df2,169.0
bdebf3864c17651e6fff4ef53f155b05,169.0
b6daa921d099d867a0158161a910f20c,169.0
e0264110ce1164881d4735194a9d2b6c,169.0
7f459c77e3b1f10548d4b553bddf3f6d,169.0
cbfbc8f298774e3466e80306f6cee1a2,169.0
5fb8085de28030617a63b8c24dcb3ab9,169.0
eed2a3b3ef8121235ebbd241866be47d,169.0
b44d98adfa0a51737b0cf5e4c2bf46e6,169.0
3a60ad8fb806284f718b6539013dda2a,169.0
c7e04083bffe04edab6d27fb982dc6cc,169.0
9355c14f322f84c4cb4e0bf6162dd714,169.0
092bddeb38f366d5e8e2369616c98e5c,169.0
91e4d048963e92e24b9376fdb5fd421a,169.0
66358fc9282c24ef2163204d1803774a,169.0
5b2695ffc73db84093637a9da2436697,169.0
23a749a15c5fbb6adfc59210e855f02c,169.0
f28d21980a0a6f0d169722ee9b0d4ac2,169.0
4e8484e21601c3a1c41f0127ad68f0e5,169.0
d5f9274053a3e93adfd38189ff32dc44,169.0
7894c81ead8ddaa0d78631085bb3ec69,169.0
4729a8816e36c44ad313045dbeca9562,168.99
a0f9c54dfd7f6c225f385ffc4753e0fa,168.99
e04249e50563e2d0c28b5a8f6d86dccc,168.99
6582b23efa7ebcb533c64649530bbe60,168.99
ce248bfc47e8ff2f5eb99214e99f412c,168.99
3880eba5034584724992ca0fb55fb91f,168.99
fc09a873aa71b2e8e25f65711da23938,168.99
03cb35ed4ea247307302f9f4ea94ac87,168.99
b25b0018e1b95590a4fa567378d28bd2,168.99
85e6bee910c0820fdcbb1750cab14205,168.99
0c3f1f9eb96b95c93273ec13bc77bf94,168.99
2168d2d4dd69ec09a3693345212e5c05,168.99
286131272a9af4b27a80c43b7c0ff1db,168.98
1e57c443e89e347a469a7a94b902e9f2,168.98
502dc9015b331ead5e41cc9b05483634,168.98
a0976b080c0c8ac3189bd68da77209c4,168.98
68a8d355bec6e846fbdee48e9a3e3611,168.98
b88c9099324e9a5f4c9fc6339207ac5f,168.98
c7d0a5ed2493d72a81e5dbcdef58b621,168.98
12adb3903f52347f3e6123ce85e264ab,168.98
59bb3226605fb303a122de2bf5b54857,168.98
e38a0b2efbbdd258b46bf5aa7c0d9d01,168.9
a87fd16f6038d768abc2e463f80071e0,168.9
0b15496cbc114f48fa133a72bb4ab7b1,168.9
e56ce4689512e697224175875860f077,168.9
d7e491aa011edd106624e71e844f2f4b,168.9
26177af1e6c1eb0bc6e2d9b0c180b50a,168.9
4ed3708020c892c07d400b298a09bbd6,168.9
f6303c53ed74970b484444018e552276,168.9
17c5a9997801ff12fa6faeaae9748630,168.9
bed9755b0f311df74364ff0eee0b8297,168.9
397b7d549b23ff5b44b642b19a8f4a07,168.9
d71aac5df6dac25e0a45e04a3aad1bdd,168.9
1557f8381ff99fe787e0f0403ec62aae,168.9
e965077e709d4f5097fbb5b20651ee44,168.9
7accad78821efdf3fdd3ad8925d106a9,168.9
5f0da02ddc5814e24c420575d2280df1,168.9
6857d55ae17d45539558b8ed881763f9,168.9
c71404c91b71b88e6cf39286092af14e,168.9
637dfd77a043d1b7fffae4efeacc13b3,168.9
2fcbfb11699f54fb8cbd3593c6250840,168.9
1951367318fa142478b26c0fa8c0c136,168.9
b944bb22321bd45c41e8c80019664269,168.9
30e29f069eb150845319d80fabf966a4,168.9
81a82901839c23acc4de55eb6bd08a2f,168.9
5afee57a15f6ffc73b0fadb9d38710b6,168.9
e7c57cad7ca45409fc3aa34a89b51c01,168.9
41548bbbecb545d0651aca9ee3ba746d,168.9
8f0330f6cfa5e1fa144a24ae92027eee,168.9
f4dfa976955e05d8f25d9d1262a65f36,168.9
f8697e4617e4432a12fc827fe807f2b4,168.9
e66d33cb50becd445c9a52eeee37adbf,168.9
70eab72a101b54d817840b4aaac4574e,168.9
a9c9532060c9d245f06526c633d2dfba,168.9
75671f1507d40188c0cdc8c21a5d1cb4,168.9
f5f1ac51f4b9a8ceeec0df3536ccbb7a,168.9
1e7c29e7721fa63c78c7db1a634ff5b6,168.9
298c05691a9e47be24da23dd17c2a019,168.88
94a369742b38e698214f0c6587f324aa,168.88
f9174e0cd78caf5d444cab8479868979,168.85
cc6acd0ad91aaeff9d3a67fd55b57196,168.8
58f28288856f391fd920e892adde9393,168.8
65b9e6171c6a2d994dcb5a6305317066,168.8
277d5d2668f2e1413803830255aea28f,168.8
32b84239e3f3904ac162d832454770c7,168.8
179ce7b20547f6b553f8a62336e77a7e,168.8
a07376bae88bd48df71a590d7191739c,168.8
f215bd697983e112b9b42330cf503c50,168.75
0a3b87d87696c62cbe1d03d58d2021d3,168.75
836d36fe0e20e7fe17d828cb4af09008,168.66
45031d4ebf49057a0e8cbc4a771e16da,168.5
cb8886f24409131b3732dad249f2af69,168.5
f1d38e8625e7be8d56728a32ff69ca4e,168.49
4633bda7d6d511e0846d74188f9f2af4,168.48
f31d63c4d056b33dfff95a433ea2c464,168.48
3b33e2fee0e33e2bca2cb29cd5efd875,168.48
1427b52378052888f13f4c29ee584981,168.3
294224ab77ae8aaa31754ec26833ad8e,168.1
394c66f853de6f122620585a7b14bb91,168.05
e827cfe8ae27a8222683d7f17d5baf0e,168.0
116024ad64c939eb13b4e194d5ca2610,168.0
08df78f80a35d0c06744bf5cb0c1402d,168.0
d94cfae3194de8e6915bd8adb4e6b77c,168.0
dc3f176f60d9cb50f4c72657dedd9824,168.0
bc41a708ec6dabfa8b01320ad60ac6a2,168.0
fd667d6a6784c49bfd41e1ea9e9e6a3e,168.0
70868ddda788fcb4c2b9f49958ce130e,168.0
5e81b9389598c126ef13a101a7fc7471,168.0
5fd0bf8a4bd7c3765f1f68324dcb2871,168.0
80463b3160eb97d89c576a54700a0e91,168.0
c238a7a6b8fc156a606a9577031bfa43,168.0
1ddde5a696caa6d5f0130742338cebdc,168.0
17946ac9a78c1ae62d8f86ba535769e8,168.0
7829cf5aaf01bcfb86fac75d08e2a223,168.0
dae5221bda68a557972606b040facf0f,168.0
09b0a4acbc34e89a6a7ea6f71aa8a6e2,168.0
6a9fc70f5a1961e970e03b8bd1c27704,168.0
7e468d618e16c6e1373fb2c4a522c969,168.0
87070d5708d689fec076a187eff93a3a,168.0
5fae88aaa1d609913d1af660f27ae198,168.0
9388e71431ac086bae43ccdea08d6167,168.0
d0d213ed2d6d390dc1cc1e6f45706c8b,168.0
5c14e1a67adfe167ba191f7e45311de9,168.0
c4d487c947c5ad7ea920219a141c75ce,168.0
04c4e37f0223344a2f02527118f33900,168.0
b7919647bde69acc948baa47823d6c75,168.0
64058e47b0b554f449a7c61c432b56f0,168.0
57944e2cb57ce4358ce5c33d42963261,168.0
6bb04633db5504037783390c2aac8a37,168.0
db0c677824d04f451ad5c1e68c99579f,168.0
4d6c393e8d157f91ced96c5a89beeb77,168.0
24f50fba06b8004f1bf24305037023c3,168.0
7e1485fc18aebbfb8dc5ec5008db0066,168.0
9d4603d9f8c3b22b9aa4d98e08b792f1,168.0
6a88bd2686e68eb067b2cd308762b1e5,168.0
a40e5cc003cc20e1a2c61234844cde00,168.0
734d134a571d5b19d6a04edfeee25d93,168.0
5b5a1c69749fde75db616506a1ee850d,167.99
e6d75397641b85cbeffc724a4f4e3fdd,167.99
bb43ad860331b5cb19e33357a187b7b2,167.99
b00098edde8dba0f25e767294abfb16b,167.99
a5f29fa52fe06844c85996c91c3f1d02,167.99
ab95418b637c62c3f1eae85f50c29c21,167.99
0015f7887e2fde13ddaa7b8e385af919,167.99
15e68126961e816a65de6b9d19285142,167.99
2a7c6ea724429ad340a8e09777aa2145,167.99
733f9b4333309e31dd4e6c88f04937a1,167.99
334b5999e983a9e9194c3aa9dc41c6a6,167.99
8b4cec2486696187fd2d2d5c662774fe,167.99
fb6b2ffbd90d13121790ece0d783211d,167.99
1ed0c832c2dd99570a59260e71768bdf,167.99
c6afa00b0ced2096920a19561088a577,167.99
5445838dbccbe82afc8f04893d954fdc,167.99
f8ec0585a994417a4bd53c5156689ddd,167.98
f6474b13a79e71d79897857b8b6c67d5,167.97
703cd2dc00359d094d521dfb00186250,167.92
0c828b1b8e436e8a4bbc26e8debd2895,167.92
01271eb2284947f2e2abbe53fa15730a,167.92
996595f66cb179af29159ee6c539dc10,167.92
ad010e59e66825ff57778772d2b9742e,167.92
9c8ce3bdfe54ce63fa2411fd302c6b61,167.92
658bce102db06c8750a7f481c7e14e28,167.92
25751e4cdda6d1c387781a1b9e93e72e,167.92
c31341c27beec5c9fd9485eb20072d45,167.92
d650366fad052046dd37d7438aaf5f74,167.9
1de2e3663214c8abbf613349c05aa921,167.9
4cfa9cdca0845923fc4c7b759b2f5c21,167.9
3140cb09f7ddb4b1c065456a372bd82a,167.9
35ff5c9e1014c64117a3b3f4a92fbbb6,167.9
1c4c6fd6cfc21396ae93680bfc5c34d4,167.88
a9b884c0cf01e7b65fd39f9d9cfa604d,167.84
2733a4e78706230ef8e6da9fc7f80444,167.84
51ee0f032ca8ee8e08c07ab531787d23,167.84
1c46b0aadd66e5872fdd69395c3ef376,167.8
3acf76fd65fe79bda708e80f2b7f9b6e,167.8
0f048b69dd555b33627091aaaf9c87c2,167.8
78cfeec6e3001828529400f0cb18c8cf,167.8
3be90202886d6cb57a63f578f4f70cca,167.78
667e983972ff288d808315f519970c0c,167.68
e44c484a1a434a9526d5c258699af977,167.68
cac2bb1e674222234cc6d3b3b22182ee,167.68
2f29e4296fcfda62283e171d804d3966,167.68
c94af12e653bc8bd263bb56c2573c36f,167.68
5d5b87f8daede7b7ade03d9d96a54c77,167.68
f8a7354efb295bc618ca386a32460e0d,167.6
42ed87227ff8fee413033011215654f6,167.58
bad92566fe5c1e2c35651d6e2c7136fc,167.5
fd92bf50851f9d351ff9f16d79a31971,167.5
3a41e82c72d600bb188a53377044b902,167.49
5c9c326c6ba02d6301cb8c68292316f0,167.4
c6e04ca05bff626899b98ac1e68a03d1,167.0
9fd502a41b84277f49be75af6fbc2738,167.0
ef8a5aad3ebe3ec27cfd69d5617c5c1a,167.0
5f2084f0ea46590ba9155c03bb9dc978,167.0
ecbc2ef8839c36713bcd2f52c61b0e49,167.0
7414fbad34386bbe9daf9d22b831570b,167.0
db88c1b5e13678ba205ab7743da9a272,167.0
94a1fd95e0206cf4f438d24d15378685,167.0
52f838b3b224273fda779d20cdc0f259,167.0
f7f386a18c04859490d4df0b71867ca9,167.0
c5fe42e02849647dc3e28d290355a6f9,167.0
29df9d84d5c2c55f18ca5afe1701f031,167.0
ec3a243dd7e47824066db2ecbf683723,167.0
9a24888390afa8d1f6cc10c4d342875d,167.0
3428f4c30457380e2fed1f1b46120813,167.0
943340262b059ca78bb13c4ae929c636,167.0
bcaa0dd68f572f199c618b11b0013656,167.0
1acb698ac3abc056a22d474b83d60ff5,167.0
e3dd4a892b03eb2a71e4edff753f78bc,167.0
9bca1f1ee89cfc3207037cc520ac5978,166.99
b54ba1f54a807f0bed4f7376454e7de3,166.99
a075c0b70aaef6aae7d29efa27a26949,166.99
0a8d8f311ded35884ca1efd7a8321fd3,166.99
711f011a1988cc9a77992e8a3dd4c689,166.99
d8457d5a5e980f0815434f986cd24227,166.99
2443f76198478384b6147d593fc54b95,166.99
4410b688abf3a740eb252990826a8947,166.99
cc9e0c2d088a2b71c3b5f067fafab259,166.99
9712f52bb03dbf1e5f778230d13d96cc,166.99
1d17518d9007bad277ab15304c6207c9,166.99
280aa7f3ab12ed7c00216fb78fa0d065,166.99
5b881682dda54e4e3dc332b6a8297827,166.99
c2435f2aefcb4a3b7fbfdfa47db46af5,166.99
bc46e1900c9797ebbe427178196fdab1,166.99
0ac70273f5c48c825a5af97661eee95b,166.99
21249ce919ebfa3728a482f7154fbe39,166.99
561b111cb008e89e7d7b821cefa626bf,166.99
4cfaeb298b91a9fe95a03dfda1afa390,166.99
b65a320a0d214027f80a904bcfbb94b0,166.99
76f07d247039cd77e1cc89cebcf82aa5,166.99
14bfbc2db2edda7a3de50b204bb81e33,166.99
be9aff62a55775448c9ded5e198350e5,166.99
4b014521d313df89599b997dc8b12041,166.99
996e0d7f08d29b4301784932a81f2132,166.99
ce7ae632446772c1abd5351d374dbf35,166.99
a93d50442b6048d2393da05c5ca06a3c,166.99
1642b8087a8ca0c8592becff7e183c98,166.99
7d06054cef84d3145a1b1b71bb7e1072,166.99
acf6a22037e1d79fb496b269a5490e8e,166.99
1e1e5231546c0e67ff2dc6d3d563f085,166.99
db13a417a95ad304e9674468c17ade85,166.99
64a5588ae36dcad4727549ad89067d54,166.99
cc3848d804d534ed7492ed16935f2cac,166.99
e40110f034ca7e6eceb06342d37a011b,166.99
104fd8a3a47d8316094cfef655298f78,166.99
35e35286d46ebf8fe131036cd85c54ef,166.99
32e2eda60c2fa771f3cb69ffec1f63ad,166.99
1b98db36725c927ec85d606746f4817a,166.99
e3b69efc2115373fe6b3a9dd760fe777,166.99
c26086f444b532f5f856437d0b422712,166.99
7e1cc7ea671a5c655c0ed5f06c897f95,166.99
d2110324541912e3b261b172f4a09027,166.99
7676a6b51ce4574665467c5c9987eea0,166.99
800b8e27cc9f087414d14c84561a6ef6,166.99
d950b7e95e9400faba66572054b14ef1,166.99
8cfb41228dc47d399f7c9e7187c345a2,166.99
d226fa8846cd0fb905b59b9dcff9002d,166.99
86ad106f2775aacaff72975bc434b8de,166.99
07b7a2a5a3ebe3920967901fd96c0a5f,166.99
e5520637c495446fe29714a809c6e72e,166.99
16668424537b99f118b25bbbfc45aea8,166.99
ee0f4f6da95026ea8a2be6706c658227,166.99
b302a3a811c3bf99bd9277343384da54,166.99
59803495009fd20d25c7a207b6a6fb81,166.99
68998236e5b627c52c5e17b13898ade7,166.99
d43e617665b9a99e6e9b0ca80101867c,166.99
7a85a823eed61d724a4682d535d7342f,166.99
609be7ff5867d28e0a24797c375b4a2f,166.99
17c1e97e812a1af21d9378c5d28e0c4d,166.99
2851bfbb9bfb1505274d0d9bb2173635,166.99
64d32a4d85566bcbe3cf6feb51635e13,166.99
2bea8d10a33e90cfa74d5ad0bc41c28c,166.99
4b58a44a25cb035cb195b50c40342172,166.99
ee91aa7ddc7d5f784c3fecc0b553ecc8,166.99
21d33cd24f2d3c53dac9f3ccca13d0b0,166.99
8e1207f98d75cb9596e584860409c1d8,166.99
b6cd2f3aa040216ee50c6d1347aff1a5,166.99
17d62cf511786fc1707088b9d1542883,166.99
69f18ee8caedb4862d0e1b772c21ba11,166.99
e8c0df39b8ab2cad38c5504ae816d572,166.99
af2dd33c352ba6c493b012ae2017fd6b,166.99
3271f9dc34c1d718be03cff03dec7acd,166.99
810b7ace159ddbdf9accb33dd980f591,166.99
7b71311a202c67d2daea38e2c092b67c,166.99
23527f840cb0cd645fce474b5da35280,166.99
92b28bffd6f61c055ecece37f93c8e5b,166.99
ac754190c3f23c6d841cf343b56d8e71,166.97
48c4f594261d0b163beef0785c42a5f5,166.97
63c3f9b7518ce37a22cc22651ff532ce,166.96
bc544aa58e763853480832008085049b,166.96
9eb0e06ca6a1fde2c265f01092e1028f,166.94
93fff67bdcb09ec8a3dc8926a7c1b3c3,166.94
d88efaaddfde753a7d05f6b1cb1b5411,166.94
eb01458c81d62a979b212b8d740afe4e,166.9
0f4fa1eb4a17044d57731292c86838fd,166.9
e0cbbba7a2fa78ffe362f2e99a750d7f,166.9
f1452c1d5261b64ac857117bf23835c9,166.9
aafe79f49e24b36218443b413e6affb5,166.9
0554215db356afb462ddf6089c4f6963,166.9
c07f2bf6906f534e25308dd71d4bb97c,166.9
2ba0552c5032a5bd4164237204912231,166.9
d52d0c11bb53eb1d4258f54ea1b1f004,166.9
b6fbaad4eb3a0794111683dca8122610,166.9
7b529b315922db17e9270e88c72d6773,166.9
c707dd313093317154517ee4bdafdbfe,166.9
f5d6c53db4d6e6bbc1a7bd44b276eabe,166.9
499da3e498c2933ce31488deb6ed7810,166.9
7cee5343384a8cc476c390eada3ecbca,166.9
71854d76fef6f58914143b5edce7b51b,166.9
b041cec79db612cc381c5d8ab339fd99,166.9
33cb709a35a14f28d9783682d9ec187e,166.9
6f8df3a3df9b40c5f20c4e5cc03bc0b3,166.9
964a1b658f1aff1ca42fc6adbec6a304,166.89
85b41877fbf1c748f0b47229af39de4e,166.89
742180681070ca64b3865e44676b373a,166.89
138e80e19b6bc2bf940a17b938a67295,166.89
2f828c8fd3bd532b883a922be810bd72,166.85
be8890ee2591415e42d0dfb5a6232db8,166.8
982d36c785912f44bd0f87ac7d8a7073,166.8
808c4699ba2367cceb9fbdb0a38b9fb1,166.8
8702a62684cd9a0ad5a391017c6939d6,166.67
abcbf882876e9f017a6055061a92b48d,166.66
0c2d410b960c5762f9c574cf779cbc02,166.6
0feb4570bb79ad1d9418a224faa1d93f,166.6
d4f243fba8f7e8213c43f98eb04b6213,166.44
b7039da8de38f21de8833bd957b19365,166.4
584a48000c599c79acafff0af5cd4cf1,166.4
7a4f856dbe52b7cbb2c19b2fb79f03e4,166.33
f19d9e3b7538a7bd0228b221d42ff6e0,166.33
fe456136d4ffb57748df6e72be44b82d,166.33
567cc1b3fda8d297071e825c702513d1,166.33
2decf78a79d783fb2baaede413ff35ab,166.33
eda9e4af546874235df9495fd7d9485c,166.29
a7a1911136db0463fd6b28688921bac0,166.26
9e7a0c5b509890c8ed65fde7d8a3302c,166.02
582302abe5112d45149d760acd6e0c1b,166.0
d25874df9c935b4461068eb2f04fed92,166.0
85a0c55326b884ce95823cc6b47f448e,166.0
3a6cd46a9e28dace3c4f72bec2b7b2fd,166.0
15de606e20783da1172ce080e95389fd,166.0
35cc12371670f472b711f691ed7f6edf,166.0
106a2d44b8756af49c5c3299fb8001f1,166.0
fa4560374dfb90c4e50a7da55cb5bf9c,166.0
a10bf76efea959603e21cbfc13bbf221,166.0
2eb5baa5fc118975682ae91596bbe78a,166.0
16da76d46d02d0123e095f79ee3532ad,166.0
e2a1ab008932ae1211651ffb0cffe7ea,166.0
eeb1498af1ef1f5c9c612b6130298f66,166.0
2fd341d2a33ae116ab3b2e7feaba2e40,166.0
95da61d7f174a12e6b0d212df70c67a1,166.0
5248cad808d81e452e3dcbf7904d2a40,166.0
a03c1b88f4d84065d51adae18f0b6578,166.0
060592398f1a2f3c13c369c7a37fc4e8,166.0
b23ee95fb2dba205de0f7a0181778b1b,165.99
c0cbf71f864ecca973178595e04ae943,165.99
ebcbc52ac10f080c45481fc62ffb367f,165.99
4d6a71e3cc10bf25e81389394f4ed0b5,165.99
b99848d1213931d9f3caebaed06b8111,165.99
e3ffa14bb67e94d44caa315f274c8781,165.99
50599cd17dabf229e699f25d0d592551,165.98
967804e9c14eafdfbbc408e15636e4a0,165.9
a24ed4d8160dc994bbe67b3fc741bbb6,165.9
b05cde1812838d146a1976e80ede260b,165.9
ae0b6f32627e6336a10fda276da71881,165.9
25615f9f06be32ed26c7dc0f4baccee7,165.9
3781d7c24d2229264855dfb1f859cf81,165.9
b1a61930f7a035bc34f86f22eebed4ae,165.9
bceee60ed28986b6a4a5be0e2a7b3625,165.9
60c8baa971d3781e122f7ff8eb3a6be6,165.9
dd0ebe50a2f4bf520764807c1d5ab294,165.9
06e91d7b3e9c206aab9bc9fdfecffb26,165.9
7146a5caad8b48f14f5a41350f02cf84,165.9
01a14c29b06fa1ecdcfdc1b0afae799c,165.9
3b89fc56988369e6a4520e14735cdabb,165.9
5a0d601245e8bfdba9ba3b2bfa3eabbc,165.9
a32f6f5b04da9aac4458faab366dbdc0,165.9
7ffa51ecfefb0fd06f8d129402ff5df7,165.9
c220f2e1cccbcffc95cfe20d771d33fc,165.9
2ccd50175f866e2f51c3b1cdb12f55cf,165.9
33589ba5a512e47cf70035b6ca345250,165.9
afecd87de20b72ea2bac4b7cdfe977f3,165.9
3e90f772b0825fa105cc50b5b98fddfc,165.9
7ed8cd86353bf8c4e78091c8f84fdcd0,165.86
67011afc862e48b537aec0a02f7afe3f,165.8
358d340407453a509997b8298dc1ef5b,165.75
22d706fc2d2f4c596540cbfb9d0ce330,165.7
a15c67482d2f013c666533a2ea5bfdd1,165.66
1cd89fa8c8e91231c0c1a15165f668df,165.66
cb6284bbdb4fcc704700310867efc4b3,165.65
a6bf868985556478698f51cf124b1567,165.6
64c6902a27f9ed0d53fb7afc77259a8c,165.6
7b962215806a3c1e6bdb02a9489ec486,165.48
e4c38b4ecb77d531fa6729428c7a41a1,165.48
179e91a770ae20a05066598888a0d3ae,165.48
d4a19ca31d0808ee188fb0b6c27f96cd,165.4
dfb3fdcc688ded87fb75d226bc3d3eb9,165.4
724e8aea5d2dc6ce65e9a8c6e07f9392,165.2
bfca88bf816c31d01923b1da0fdea9ae,165.2
6220c0665e1834766a50a791808409c4,165.1
f9fec28e6ee86a722d3d5ff5e56d117f,165.05
81a478af8cea558a5a07090725be2acd,165.0
7ecab6f3f9ab08d676b6b9984779c9e0,165.0
fed7332ea01f08de619d1f26298d9179,165.0
786f59012ae920bf8b535cf145d90a63,165.0
11f97c4dd8b6d059ed605b615bfaef69,165.0
54f0f481cc9257023435b76aa5e647db,165.0
914f5d77198dea1b107e105471d3db24,165.0
60f8b5f37d4c039bba63e8e25b1fa1a2,165.0
57856512eeb5d55a99c26b58906b291c,165.0
6ce3934a71cf3aa6ff51b5298ed06d9e,165.0
3f56dd50e9e17610e6ecd05e5d40f1fa,165.0
4098ded78e423489732762e2b21180b7,165.0
4e70430bf88c6d3f3043216f39d39e24,165.0
1c7d4bf8876c3a085598d708c616563c,165.0
b08ecc6bd3a04248974edee362d8ad9a,165.0
053b2e588e54bdf1d4892e8e96fd6f94,165.0
4205cff8e8c084e073c7c3d8380b98c6,165.0
1e141bc0578f55009f9a7ba90d846d75,165.0
2dc678eee633bd28a1552820a8fa6b26,165.0
c994d6b0515f1e1fd246d40214d32fa6,165.0
2065367b25b692b29bfb6b079ee1df84,165.0
5e86df719b4c7d4d72ffe697dd458e4c,165.0
20e25c40b1cdd5ac516a4c74309b327a,165.0
e1aeac227ee1fbff8eb722e14d52b080,165.0
60f3c199c495a872615c48f1d2abf372,165.0
018a1c3096d2b2bf4a869cc213c03345,165.0
7bced3969d47023b7ab580e4cfdda7ed,165.0
6161425cbbafac1081823f055f12cd98,165.0
3a0c8119f309fd45eba9438633c4bb90,165.0
698f2b2d8f6d7a629d2bb5e1b09fc527,165.0
4d8923819294bffca3edc507da304801,165.0
ca128dee534f460d25eca0fefefd4271,165.0
5b8778f3698739d517bec42c525ff831,165.0
89d62100264f60ca62619dd012a12f00,165.0
831a42ccaf9ddf33998eac4e2391f675,165.0
af3ae1b886ed576265f3f71e5921ee95,165.0
9204d31ddd3d006667f483558776f556,165.0
9bd4ec3645cb38780110176b72910976,165.0
2d5c589cb3b6d04dcaff177fb7013097,165.0
7e1f018f45f99375dcfaae0fe8816b4a,165.0
adf1188c878b3485a0c5c402d95fc692,165.0
b4fa300c78a41ad74748231d43b1423f,165.0
33f79984eed79b3bf692c17db97c4334,165.0
b23b5baf963a07d533c0d86567fbcf7b,165.0
bd9db7149b2c40d17315958f3f21fc8e,165.0
4c8039ace6fecb11982c8b00ef53fa23,165.0
3613715ccf990eca10b1bb75ff9f01ab,165.0
47056197ae35c0b1e8e6230dbce21a8b,165.0
b0804e19ba8017080fdf4bff1e1418da,165.0
fcd8483d6bd11ee87b1e041869ecd2b1,165.0
1c1d5c08e6bb5c421cca6e2639ea456d,165.0
0ece24df71f85f723dfd3497d309a2e1,165.0
af81a8c415a28b1ba710741f8e2562fe,165.0
d4803d4990450b07bb8241bbe150cd31,165.0
17afd45c52122a6b1bc88f5b407804d8,165.0
d026195b06a3beb9859c96ba6f9b9aa0,165.0
82dcb4845567454470a5d9638448d800,165.0
22a4b8a7912abc2b02051dca85e02564,165.0
0c47b248d221de2c26aa1f823e15264c,165.0
250693cc963e32cae986a193a69593a5,165.0
abb44240bac59983fc8b2dcb425b190f,165.0
44f630d01c16b97d086569cb171ff290,165.0
5ffaff7ef372cb9be1247ef069f79fad,165.0
312ab567f56d954b660dcca797151e01,165.0
ad10ccfd2201e0587646955cea584e37,165.0
1f8ebd8e48d64e2bd8de124817a01a60,165.0
6f1619fe6c0faacdee5d55e1204d9128,165.0
0b7fc1bb205ec431fb3f60ce4960393f,165.0
37d415bd491fd36cd68811e570392623,165.0
1676edf55749e467544f15922750a231,165.0
e82c5a6dd63e0f9da0b2f8fce63465ac,165.0
cf24c4117ecf9a1768fb2e6cec09f4ea,165.0
b009bf94e2d4da3b78ebd40d62fad36b,164.99
e09bddc2b1cb1ef0e2e4829e02303212,164.99
8ef275e924ff8b859b1fad762be80fb3,164.99
37cc3556e6997fba7ef6c028a9d233b8,164.99
71f81b818b92414fd5af0e4f7eee2ff6,164.99
36e0f840035e7f9bacad69b27b953a02,164.99
ec3d1f2a0de948e4b58318e642b2b95c,164.99
d0bd0b10b6696336a0cf1df6a25ba21d,164.99
b9da07b57372061cd82dbb1df5a6cfd2,164.99
572178b4530a9a986a59205bedea0712,164.99
644f2701d0e0045679a3c1d38d8bd55c,164.99
00b7c3578d5231b0b60a62414118652b,164.98
6ccd912fc9bba583a8094f2251dcffe8,164.98
d996e65771a851556bc07ba968d873e4,164.97
007dd470bdcf9dc8ffcd44beb79dc18c,164.9
ad0ef39a2494d469bcb348a4273ca27f,164.9
9ad05c7dbb22a5c9f31adb8fcc73b48f,164.9
f09f24eded6cdd153f9c3d778168b564,164.9
e596ba17afe432cba1b517c2f4945aed,164.9
897b69e78807be3c8576c31f6018225f,164.9
c023f30c1147aeb0358474f3b1dbc707,164.9
0ac60131bb66f24dcdcbbd6cc502c0f6,164.9
d8297abd5bb5a4e26734e8fb3b57a79f,164.9
8d0bff7849251c677974318829e488d2,164.9
f387af8fe303eae6417485949704b5ef,164.9
9a17a2d857d5a38a7a959f5cd1d1d015,164.9
3972e71685615c37216988d30a24d4f3,164.9
5569c91b24c912d71c6120524b91b30a,164.9
24e7a173733006aca99832f296659e62,164.9
d6e4c0ddccf1b679721fd6ee028a6f15,164.9
05532b1940ad190dbf986712e00e716a,164.9
cd1437f95cf93146c0fdacd572480dd1,164.9
aa7e921d28e8f5e44bd4791422bdeac6,164.9
69ed85715d3bff3b648ef923daed0056,164.9
90f9c01a499464834ab71ad103053acf,164.9
d99f8b1e9ab4bd423659a3fc04bc4e05,164.9
6bc095de9379a75fe58a5aff2570f2a8,164.9
d3bf352e55ea73207a288f035159128a,164.9
8983e99a8423de59026ef4f955f418ef,164.9
5dddd4fb5ac360cc2ad914d015f96a49,164.9
674698501fcd2236a40169c72c802d12,164.9
b738e54deb887952988fe0b9e7bae515,164.9
019681cd120e7fe89ebdd06172639f58,164.9
4db197e249f43396789685f78b90a530,164.9
65a23aa6cfab2172891731a229c0958a,164.9
d846e991a0424d917f3d887786e846d3,164.9
d534784ad25e4d6e1aeb1f66ffb9e09a,164.9
af1789225641b6acc60f97f3f32f5673,164.9
2d1c5e687c232d5dab274e9c7d39e197,164.9
8b0b7e9b7100d32941b3cfb34a613b46,164.9
35596f8957cb98a5db59435c2bcc5816,164.9
a11c50e3975608fe4155f18a95e6e296,164.9
781d747c16dbfb9977a8b4f6fef6b652,164.9
7a0a0dff83aeefda89b6ee6d372382b9,164.9
ba1ef22fc88cd9a2fa164686e91b5692,164.9
47a50cd83d2890b1adddaa2ef6548670,164.9
39f19a26208db7920bc39686dac40970,164.9
5a5d8dc362bb1a87be5052f2dd82d4d8,164.9
819d8a9b81c0d3e3204e5b80252660ca,164.9
3b05eb53fd64dbf2e21454026079e02d,164.9
5114e5f07499661d3c1516419b611d8b,164.9
dbf750cd1c54a2b7e13a58520dc1fe5c,164.9
a75d628cc336f8063b6f3d8b5e973fc9,164.9
4fdbaab85bcb2657b6b6c9fea1b0ccb6,164.9
606eff563eff430f88394911d8f868d3,164.89
dd67b422d0754d9cc2bb3f5db51a903b,164.89
0d1c2dc5009dfaf9722bc97439e6d82b,164.89
0a7798689bde326ea921c4c1f9b2cf48,164.8
9523328a28afcbb2b4e2e7e49d729bcb,164.8
737fd7369b88da2c4de05ae281df531c,164.8
cd019d6344ea7dcda9bad9fe966a3951,164.79
e8bf7898e3d1f0e694fb4adaa8821b7e,164.57
c45206e382316020fc79fff63278a3c5,164.56
dc7a1a8e4c9a1328df0511792fef6437,164.5
2b834a626df3c2ecb913874033a11213,164.5
f819ee076bb9edaef215114f813e9738,164.43
1242ec63ccc71cdb960422c3f26b9400,164.33
7724757cff7bca2013491936a3b09344,164.33
01fa97994accc8a76cd66d477a124ec7,164.33
466aad6120bc9aa6be20d8dc0e9b6e1b,164.33
8fde6e46aa7c31d5651f7fcf932c5ca7,164.33
4c76d92d6fde25bf9415c77794dc07c5,164.25
f0b2c1bf100f2ca96f092740bbf1156c,164.25
00f4202fec304d8f984a33eddc630e0f,164.0
7b04db5fc2871791e746a62523da9dbb,164.0
731af31383f967851892464b78495dfe,164.0
0f6c5adaf04a4fdb0387f73347dbffaf,164.0
09a9ef35990d77c960763ec0c5a269d3,164.0
7bd9480c95eedaaf65ce1ff380212157,164.0
889cd3474f77acd3ef0855d052106597,164.0
a025145a8a291796e40f137c8fc3178a,164.0
354958fbd43fe35519e2b51cf974b99b,164.0
5c58d1ea5a893380ecdd96dd6dfd5ec5,164.0
3140c5d46f2d38e4f14a9675359d6a27,164.0
7e5563984d6291832da8b9fc279af3f9,164.0
49c6a9bd8786031fa02ef67014dd2bc1,164.0
26fc31b3e822e305474cacc185d399d1,164.0
c05a4b76af8d8ea32d4c949d0731f726,163.99
c2bc0fec1b0b38cb85113e952d7bd112,163.99
e3afdef8e94c0d1bfa5d378d0574ee54,163.99
adad10f09b5e2a812583654c1b3d6ab4,163.99
98fa62e348f4aa8f69b6965d1808fb38,163.99
76347c0f8c5b76a50653080a5aa65238,163.99
841a10b36f795c595b69ae09ee5b34b8,163.99
c30dc83700d4b4f4e9a1f852bd60a3b4,163.99
b362c2d95a52eaee614ed6309a832ce8,163.99
71f310a2eaf45763a9584f85dd80d1a8,163.99
76efe6e4900b23c6bc5190ea0b94a783,163.99
44a89ae5208fbe0ca6280cead9622fda,163.99
b5d25eb3292eb12a072039a8803e68b7,163.98
2722d60fd1027ac0dda8e5fda7105448,163.98
d06d665f5cbc5c4d6d32b95e3366753a,163.98
032a4f800b7a9732de3c85e44f672d37,163.98
bfe94f549c2eaf050dfcb6332b9ce759,163.98
37eb563f19e35c3d7c0e6218854571b1,163.9
de270dbea5d94e6436d844565b1c52aa,163.9
8423a6559b5a7725b82a75775a5acd64,163.9
816642e9995c2461f2172469e78c7370,163.9
2e7fd5e6703806addad362fea6bb549b,163.9
9a07fda0035700318ceb77ce80c7e42d,163.9
1304ac93f1f11eea17208a52de500b24,163.9
f8c20f233bfd0ae5da33f5c8ec5ac192,163.9
4e5625bd8071649b275dcce5f9aaec1c,163.9
fde106d687f66d052aa9b6b169f250d0,163.89
b268037507b48f744a490734e38f979d,163.8
ab90b458e3b80fa071ad72e10a69ebd8,163.8
3cb7adc7e73bae83c6f907892e6b0784,163.8
37b0c1a6d621193be536b00fc69f4da9,163.8
e3b3735a02b529ea7dd29c622dfb8678,163.75
a0e0e61ee7da5fc5cc8333cff7f4e90a,163.75
bf01f3a04b580fb95c093bf4af56255e,163.52
b6ac8070e88a2e3a2e9550bb08aad925,163.5
ce9403cd06a5c60d64f247493d6c1af1,163.49
a30ef261434ed7152a26b65278af7f9c,163.4
e898b5ef24833b9cb9e2d4f00b937595,163.19
29ebad1a53479f85b1ac6801f47e3362,163.17
5eede8ea10ae483cfbe88a8e4be22b03,163.12
1856438e1615630ccc65ed9a11394213,163.12
c395be79a22d8f63692e48a68edf3199,163.09
fd5ddf911dca5e102a4856a2ace88a09,163.0
e5f10ef99fd8ebded4fe354af56450f0,163.0
d8a527d4870db60ec4cb46a8dd8f1c69,163.0
670a432cf10d38da64efeaf03fcf6385,163.0
86f83e504f1f7224ca34deb792a40e66,163.0
9438a63c1d4be3c9a73c551d59804886,163.0
247a290f66ea274a4e123ba15e1b086c,163.0
10bd2414f584aa38f077fe620c1e6dfc,163.0
142a4e4e5238d5ff64a7cd659ec0f95e,163.0
a5c75f2a835d91d32a32cca335ee150c,163.0
1e43f63c1584c4703baf3b71577f0bc8,163.0
24e69f16d58f72c3cf950598399a16a5,163.0
ed1c6c1cc4e0fff91a4f76e79670b188,163.0
6daa07361d72c59bd20fae597b1afb42,163.0
67a62a16e3ad15ffc36f2c37147bde63,163.0
3807775dbc0ada986e045cbfca95acff,163.0
72cb30eee8406d375e223bf6532f6c4a,163.0
38ba20d8a900559297b3ff7a81aa750d,163.0
3875fffcd2bd0a6284521422cc2abdbf,163.0
38e0361914e4c2f5254078d7b06e7eb7,163.0
ba7a7f2622947469f8c163eb470e2727,162.99
2440bd5050e5264f2759bbdcaaec1b5f,162.9
5ce1196b90dff5896ea357e261224cbe,162.9
163177629004a65178fbab8c502d2637,162.9
683bbbac6e389b506414f7153b7a0d0c,162.9
e851ba3c0645a64dccdced98e9dd2d97,162.9
15ece46f6d57c5e2a87774451f9f73f8,162.9
0125bee4b30f40607261d06f47b0f38d,162.9
6f22ea7756f7da98045431aef6258c01,162.9
deb5bcdd7bbe002ca0f1413592e2f23c,162.8
723409d11424a9f6ea00c73150a9ee1c,162.8
e52bdb0106b6b7cf4307905679b11761,162.52
3bef7341efc8f099c1ce8dbb59a409aa,162.5
6113c09ecad35510dfe95b16699bbf74,162.5
358c143b159c4ab9ad749f57537bc382,162.5
ed1bc108cdf80c1f0930510f8a38142a,162.5
479a708d92ef3330718adcdd9946fbb0,162.5
02c61d2bc19f626c10dd080efe7ecfde,162.5
2718b88837b22bacabdb53fe203c069a,162.5
b8dfb418e6cad762b91febf827d4b2e5,162.4
dc9a1a3430048c7a2cb6431cfe9bded5,162.38
69939c97e2030cde60b3a8176f8dab3d,162.0
254f8b79f6adba215152f0b3c57fecd5,162.0
78b8e3c0c4ae2e5332a070adb9f5f014,162.0
9deae8e142f721b7896a2621515c85b9,162.0
e82aa49c904185344fbfbbe025433ba5,162.0
7dc3c91fa2bd2415f1b73543020adaa0,162.0
a8af0900a6bccfc9b49d5747b4e0c094,162.0
f57e94320f9f8c94e5c239fdb1557846,162.0
59b108a428266ece834bbc25dcbe23a8,162.0
e673336c4f14e065f1f05d154ae50993,162.0
56a5e4fa7055699b07bde561183ea999,162.0
79f38356c8c86dc2ef82f5609cfc0135,162.0
d29d92e86e87e8732c9558570df752ca,162.0
7be5e86707d943ee604ea69e6b61dcd4,161.99
1118a9782ac9c9080b3f6fbdb92be7d8,161.99
345a1ac3ca53330b45af176810ac91a6,161.99
38c5ad2946f9337bf423f1ac342822e1,161.99
e64d63f1e2d292e774d451d7b55f711d,161.99
fa3f6cee2a3049c504e8995b38da69db,161.99
3273995840902d252440178106c55f24,161.99
6fdc71b6a2bcc3d3ef70f8a53c3d039f,161.9
1f91e5b12976cbf0cc92a143dda96e0f,161.9
927cd6e9fc974a3b4e48db435890ed8c,161.9
71f41a260a74dcae2f3da6f20e8f1b5a,161.9
1db08c206aef92f4f7727a98db210397,161.9
4c9b48364e100b48b70b65f7223518bb,161.9
8250b931afe432f9d9ecfd211d078913,161.9
1071adb636fc88d3329940274c15ac17,161.9
5370e275eb7b56d78bd41f03c6446232,161.87
6feea03756fd7ef4fb37d8f7e44aaeb9,161.8
e181b4b143315372522c1c34b5eeebc8,161.7
53a1c334c7e3dbf57ca4354ba5e93310,161.7
4a652b352b855e5e22de8d83490f14e7,161.7
6308df43e19f572096086928db705f23,161.7
d2444de8891a512538c0a0f8487382a8,161.7
84c17812858f1155ffcb307ef1ece533,161.7
4e1eea7b0e7ae6e0ed69d9017f4641bc,161.7
970c6b00ac5ff5a99bf267a6ff1b80bb,161.7
6a830a6e6de059a41ba310fc217a6bd8,161.7
4c932732dbaccc94a29104748b603548,161.7
44d64cac6b7087a085f02d3895df8028,161.7
be34bf56044c5614fc66d97251c0adc6,161.7
5c4939501933003b9471f87a5c4b1404,161.7
30cf24ab088e505768389f0be27ea37f,161.7
232905d9f2c8a5a2df45a197483a029b,161.62
de32174352c348ed54ee768145fe72d6,161.6
71efa359910b8b3aeab9a78a393b60c1,161.6
e190b8172936245229e18611c7f908bf,161.6
7df2027daaf624fff7a43f2726f3a69c,161.6
012c207234cf4e33fd21cc9bbcb2d1a3,161.6
65e1faa1535d1b4ca089fd7b9e84b5b3,161.55
bc1e2e1688670f650404bc89665f3b78,161.55
c7b8dc07b9372dd03d9dc1131fdea5df,161.5
a8a98428f2737557e14f0b085fa0d90f,161.5
7606a0ab620848954d04ab711d463100,161.5
4dfee415924b098c74710e32070db47a,161.42
51a88ba8580d25bc1185deff1d221521,161.42
f7be82a2745ab37efb4f956c800a734e,161.42
e156f2d46c95094c07278d9524a2439a,161.42
a3e97fa8c85bb70ec9b30785c7116682,161.42
d3588db32cf2e767d97e157a9b9a753b,161.4
e98e177d7d60c154a7da57096c1680f4,161.25
0649a5d522a71ed3e9dab59ddd11d2de,161.25
0b740973d0afec9625bbd885a48c9faf,161.25
37c9b8758f5973da26ea6a1912251b3f,161.14
4e09d09cd090c8eae85ebae0d2961c4e,161.1
66cc929741c3d1d277e05b4540bf9a8c,161.04
9840a2dfc996cade0dce0f64be44ecb8,161.04
46f2c4803802c5c0346f522d038dad5e,161.0
0502d707915775b984e0976f86be4e70,161.0
a83105a7f769fb04c0209dca18f3d17c,161.0
e815a1228ed484c069943e1fbcb2ec60,161.0
bfa946d6497267cfd3bf8cb0217f6a5b,161.0
a67fb0e2ca6fa0b8da696c27c9ae3392,160.99
30618802562d31117ba648da7cf54645,160.99
dec52b4b346dde7f75f0b2f21b0955bd,160.99
6a2896a95ecb9df4c195ac3ba4139cf7,160.99
558d10ad25cf808e1f3e532951991954,160.99
9b575914ad2a492bfe7653524046e6d1,160.99
d6d2c18db765ea84370d9b33b9e3a006,160.99
a3bedaaf2a73a0804292e8b3e5f7ed93,160.99
8aed5e76471af1470607b27d670075a6,160.99
cfde02285501dd3c859b36322fccdab4,160.99
dd9fdfd1c2d9c13f398bf35eb1f18325,160.9
85cddd29cf48a333f6ae27c38b0142da,160.9
0df4d0f2511dcb498b5042e9c9734d78,160.9
00a6e2753fc2652cb87386ffbf5792b2,160.8
7b530dd0b6024eaf341aae361f575254,160.78
b509ac0ac5749b7e1b81b48de8fe7236,160.76
0c958dd9059fdd562462f4268f573fbb,160.76
dd558dd7a87c9021c8a7608c6c769417,160.75
f52d6c5cdf9a2638cf24e11bd300c158,160.66
f2ab252accb7913d65a397454e010e95,160.65
81a3e7cd170e78eb9298e035f5afbcba,160.65
ae6afc29caa139045be869248a6be15a,160.56
4c0d7656f453224f96e4feb7718271d5,160.56
7ac0cc6086ab6987cb2bf47141b2288a,160.55
8baf5c99074e0862f7cc7b09db517026,160.55
70f6569fc88c303a208586d7199e33ef,160.55
0f751fe5ddfc5d40e6e4d1be087558ff,160.55
81dd06147dde9b3e5537100b7b73f9fd,160.55
5d53ff4379fe5b9f2d798ad420f65bc7,160.55
8ed72b2c35d507e2683c9614213bd5b1,160.55
5465b7f5a979c889d268c5e502aea50c,160.44
25f558b2b9455e35297fc86ded1e0586,160.44
4427dd566bcfaa58251f2bc671d371d8,160.44
b463e4a266f4ac39d80497ee637c90bf,160.4
608be3b5a7f9463f5392ef063cea96d5,160.33
20414f12194b46f9a417410d9377a39f,160.0
ab2edda563a03f3767a676f16b29f45b,160.0
98261ac4c9595f4d742f83d911922cf5,160.0
32811f66cad048be39f8128652303311,160.0
4a6e1c44e2055e46c2e15d69edb81be7,160.0
3f6df3e18533041a83b22eb7b412894d,160.0
1923aadf7e0c0b25d5d48c12641c7e92,160.0
3a214c7413071d2247bbdcc535d5bd10,160.0
d989bb99a2ac80add9e16a77da2e009c,160.0
d1805669744b0cd80fed4d80405d75a4,160.0
19eb39e6ed9026791878172c4a694dba,160.0
be3164a09bd043a325b0f661781e5915,160.0
44eed3818fde51e760d3f44036eb757d,160.0
3c9a5d288ed7a341eea51d6aa657c612,160.0
60582a6628af83a283474d8c94e3ff7a,160.0
8f825262875c0dbab7311036e6ade6f1,160.0
7aa832bc19de6e6b6b4c4d5a13302469,160.0
0cb9c2acb9820a501aa35c2209108cbb,160.0
6cb6246c85861518fed147189260bf00,160.0
7f703c87824245e16cd3a135bc5f062a,160.0
9bde12d0341ecdbea6ec186534c5c50b,160.0
ef163ed0721d0ccf1dc5e172487375b5,160.0
c00a1b8f752435e3a7f02082066f77da,160.0
e128b79f608b553e65e9f0dbe909aaad,160.0
17393f9d8000b7d8b8b0fd32265ddc57,160.0
b800b81c8b628fcc01ad98570e8b8715,160.0
cc989f18e4bef56cdfb6157afb5f792e,160.0
168f6a61a508eef3903cca3207e9682f,160.0
6203febf07756d9424976ade260a21d9,160.0
bf3567e4db3afd19b8c2d2d8b3fce39a,160.0
0092770b2a1471643d88b60d6b804464,160.0
84046645ab90d775e6cb9be687a30018,160.0
4a4df909c2ef2c499e5be7d87d6349b6,160.0
b3e37f0c3d63bf5b5868aaf6feb3dba5,160.0
bebb9511585f29e23eddf2394cd9e3c3,160.0
ad6000ae0601cd20b0dab65dae6812f5,160.0
4ae40d8d19e9465ddeb28ae58cd5eb2d,160.0
1886971071676d7bea37a3a458a07388,160.0
31c8fc6d5400513f830dd45b914a3ac4,160.0
5892707a70dea204bd5b404dbc02993d,160.0
264962f8c8f5289ab19f1275c25b321d,160.0
732106e865d8889d31acf10c70d3c234,160.0
69f07139131eb94ecb8e5b5d601b1f7a,160.0
4c5f600b0af36d34eecc8e2b1bb63ff8,160.0
aa8ae15ce20e0627991d9c3e7ac0dd14,160.0
706294ee2bf13bab8e5ed8ad240b0406,160.0
bb3283015ce6171f960b3f0470c59551,160.0
688289582ad02e4b73a07f629d7ddd22,160.0
0d5ad5130aba65dee9bb68e0496c37aa,160.0
00c6436d2afd5923cba3f19f9542b140,160.0
4eebea291949576a28945c39356dd65e,160.0
b2ccf1076d543d3af4d19d19ed4eeb46,160.0
a9b440dd10180f222e61cb9016eec6c4,160.0
bd574f931adcf2c1c83e06ffb460d917,160.0
d02c08e99d8a8f8c8b2671a71149d683,160.0
71dd5965a7687ffa18fe9976e8ce0e14,160.0
4dc755960dfc89677457aa98e0e4d4b1,160.0
61dfb2ae9399454cb12545524d192978,160.0
2b12d993ccc5aff119d707e95729df0a,160.0
c05d3c1fba5e86a3c980f6737860d56b,160.0
db0e8a0fae0cbc202a1593ef422fbd45,160.0
fe62562867d5d0c5436148415d2de769,160.0
a714af914cd870f1e99245b1df9aa161,160.0
c9cb2952660c937cfa3a7e9d0e06b955,160.0
2c3642e1392097fb4af76a76fec16a46,160.0
d92f0d9f8f7203756c3006dc6f9efc71,160.0
ed2cb6882fb72357912fb1ebb592eb3f,160.0
812a63ff144b41eb8a0a01ed1b654056,160.0
38add232fe69139e5bf22ec141a8d5fa,160.0
5e6e72b76179c156b3e332b43127ad4a,160.0
7c842c2505f4d3650b86f949b1bb456f,160.0
36755d7ec5d892c462e48ca5098ee156,160.0
d85e9495a5564a5ff27d3de828e383cd,160.0
ba0ff1667f88b3a0da55d80dff50b0fb,160.0
998f126b3cb8b108a8b7784019afa475,160.0
e93a01a8ad2d943db17fa596e51d93cc,160.0
61544bf6d5b15f5dcec75603b22fcda8,160.0
a8ac62d90741ce564ba4786909e17872,160.0
d811f93b6445bda2c5efbe61b0d881cf,160.0
615e08c75d2c15cca541c181358bc5b2,160.0
7765de07b0b2a50bb229b89784efbaff,160.0
38f922165655e82d3738da81a442a33c,160.0
bc7bc166a8bdf0e93d73758882248ba9,160.0
196f617ec14599ab7ceb83a6117fd9e5,160.0
073148eec23ea309392759e3e9943d4d,160.0
d74d3f409a5f2efa2445b8415108e184,160.0
837cdc06f07712aecc5ef8932f4af38d,160.0
d7ce53e72912943db6ebbd0c2d5e9c84,160.0
69ca21797c2f506e1776ff086dd987f9,160.0
7dc49bfa56ba15da4f212899ac74f19f,160.0
72b154a83078118969daf89bbe7fe225,160.0
9f5d77b326c3bb316e829181dfd6d192,160.0
94c67b1e5d3c7f6833e400b57aae7285,160.0
7611a01c864ad64ae6fc27f18713df09,160.0
2b730cd68350263273094dec76ef3073,160.0
c0fdb02cad803492e549f8d6e785d441,160.0
d1fa1e219ddbb850e40ea06fa1be83cd,160.0
cca714a45e5835370a3da95bd5bc6b1f,160.0
69ceea521dde4ffa999e3dee362d658a,160.0
0a4a8ee3c788108918b12f21435c950c,160.0
4b8c45f8b7d4885fdd94fb1f6e2336ba,160.0
326e8dc32f5915b6209d6671d7ac7315,160.0
7da197a421555f9d5858c2a35ec19f2f,160.0
a3d76d50102f316892f29fed23c28e7d,160.0
bacb470287effcf681e17db354675ca6,160.0
b6abf1bfc44b9480d8c0f06c3d7ddcdb,160.0
5949e53fa3ca207aab85533fd2175123,160.0
521c8850c0be991b4fe5416b89a5b8c7,160.0
e501da5430e735bdf48fb95e70d3455f,160.0
6f8a90f42a1120e42bf3db98b595040f,160.0
a64c6e8ef34e7fff66a93133937bcde2,160.0
adb0a9e419aede0bb7860ea6544ddd5c,160.0
91ea92a2f5eca959c7b4260f5537be3f,160.0
99a84f3bcda9feee6fda3b7e30cf9b56,160.0
43831164a0be75b0bd8fd92cc8c6b232,160.0
03cdd9e78baf4d26f27d09cc8a29e774,160.0
014e22ebe12fcc0f03d5f3ed1d15f86f,159.99
af96b52dd49cd0d1a9d4447d2321d3fc,159.99
11ba86af0ea78e6db913284c2e9902a8,159.99
986c590aed8ad278ffc220f81b2d8e4f,159.99
611086d2305e396ee944223283d20362,159.99
18c93cf94b9ce20197cd914715d8258a,159.99
518a8554eb5cbe488d4232c6b5385aa1,159.99
ec8c1873e01d62c2b7392da046d525c9,159.99
a33ccd0ba17bc25e9e1a0be5a0cc2c74,159.99
0aee1a6ecae235be1aa484212d0cf261,159.99
ad5bf58044ff40d216e23b93b611e0f9,159.99
47fd6edc01627caadab32c666e18ad0e,159.99
91fd140e38421fcc6f81f31e07d21275,159.99
2ca947be2dbb0219314e655f888bd799,159.99
238fd3e6bf2e5a4f8306d257a633a56c,159.99
4acbfd869b07aaa9aa54f931a52d3f8e,159.99
4290bd84a6ae4fd0c1ade7aeb39d81cc,159.99
7dfd10dcc726950fc6171cea83872351,159.99
94ed4f73e041f303e134d5301242aa20,159.99
c7dbe081294006397bf28311fcadac7f,159.99
2ab4c04d8d6160749ea57e125c32a6a1,159.99
a8b396cd7edcd4340e02a07685084cd6,159.99
bff3154a4457a06b7829afb3d237231b,159.99
0739089fe721910a47eca7ed9c938b92,159.99
8d7683a495eb362937f3956fb4608b44,159.99
20dd120fe361ffe9dba9fc1afebd5c6b,159.99
3dbd92855d83a915f3bbf865329003f9,159.99
704458c6514db60176c4eb59bae24d30,159.99
7d3c0ba8155647b727341f17c0f74ed1,159.99
e46ee66987bf987bd494d1ca45dabff4,159.99
c322bb3d55b2c6c71f93c9c93c07e8e0,159.99
b24e9a085795defa18ff35f0674cc63f,159.99
c2a7fc350843a4acc78dbbf7bf923755,159.99
bd985ccb5e83e8fea3144ef00f602de7,159.99
4fb3dd18946b6b46d97df8aaee3fc552,159.99
0b312ed4cd3253176725070e0567b01f,159.99
ca5ad2e5560559059de5a5f5692233bc,159.99
e33cf661b208de9a62f6912b95809ab0,159.99
9760003b855b1ab798274c3575f5995e,159.99
e4553eecb382ed27e953fba29092a0c7,159.99
d73af0494d5b899002c1c39c750a6bf3,159.99
a3b261d6bf44645e797b4cb6b9620809,159.99
c11ec7da7848a25b5c2ae31f66fcc02f,159.99
ca4a0be41498e3b520de83bfe54a16ef,159.99
2e9e329d24a9a089ba5b571826fccb12,159.99
cdea0c6f9570d87de1f7d901543997ec,159.99
b6c9508ac754543c016be35d0a3b3857,159.99
5ba6dd4a38073be5904f836367f74b20,159.99
c2b80e257177ffb559e4d99dd5d06d54,159.99
a854caf1b1cc61e8c864be51d1e4338a,159.99
063720fcf0e8243cd82180e83332190a,159.99
d134fb2706c33e5677f2f9995014dae4,159.99
9e93d4de75ecfbe7d59dce254b4cf320,159.99
c1937fb00658a73317253a822b2a52b6,159.99
15649dc883a22d86b0e9dd1466d39057,159.99
6e253207f7416d45b6275e2c63342236,159.99
a222a300bd50d750a9a05dca4031cf0a,159.99
5a90682cd27ad9775778b346b7d53044,159.99
3ce6cd85b3aba2bdb4c1aecf14f5ac60,159.99
724eba516ed0739bd049fb295ce929c0,159.99
bbaa19939d242e851e0f6013c627af35,159.99
f9af1b2b5f714b1c3f46b9683df2454c,159.99
4df1359c081f4d8d5e650694a59f8244,159.99
cd910613d00220375ffbb3cc9b3369e8,159.99
a4c79e8a9d9fcb82de5dddf33918fb47,159.99
57894ab2abebbe1117f2bb0e499f3488,159.99
c8fbcdbe0f00eac7bb22aedc4440d540,159.99
aeaac9ee4a3514cf3da5f8cb07eeec5f,159.99
470690b6e34c7158fbc2127a87406e8e,159.99
d386575005b06f165208d28d5fd7d344,159.99
a503450e1372c0ed9209725cf9dac71e,159.99
485abc56a464a56ff6e9f9a752ff4308,159.99
bf3acde8a49fdbb80ab6fa27649203ac,159.99
3114436e1d68897b9f70955b6fcd4018,159.99
4065a3b991692f38fe78269614303234,159.99
334fe8ebbb3e2b25b3aa48b431e6e890,159.99
0a4ed5474727fc500c7ceced05c84129,159.99
8c4a94e823813e9e03460f5f42ce4fe8,159.99
1e6e86c36785c218182b1725886d9dda,159.99
962820313fda4b002abfd42659afd2ca,159.99
c6d3ee03a9993b5903fc384f8448d62d,159.99
8e0d5257ac46d3f8ef385707ee27fd0e,159.99
e5dba0f0f4df2f0af52b42e9d5eef77d,159.99
ec84a4abc8b1a0923ac19c6f28b85388,159.99
ede0af891a1bd75e55b44eaf6f6a458e,159.99
392d4bf53b610ed3764b9fdd6a3bd63d,159.99
cc7f0346618c7ea95cf78d9df10e9711,159.99
b9cc7bff1ac00970ba1247f36be4879d,159.99
481764c481eb11e1bd5237f068cdab80,159.99
8534c8da1681eadb3523f889c78faa7d,159.99
846ebdc9aa938e421601375cc2c28279,159.99
86042d37503c19914f7c6d1cfda24870,159.99
79dd6d239bf598a7bbec4b0465cdaf15,159.99
011671897080a38fa57f3c190a310d49,159.99
b2a6600fd626ac2b80a6dd5f98223029,159.99
4c2c6a3a31581db2f488267bc1a6ced0,159.99
6f6cdfa84080094bdb260a7a9a6ecd56,159.99
ea5fb295581508719fc3b766e451d5da,159.99
2a05cf4f64b566c39a63f84314e9f336,159.99
d1caca8447ffa49ec825d20ac0d1425b,159.99
32d35b37495c90b91603ed706ff912d6,159.99
e8c9c8339045038a4802cfef7d828f41,159.99
201b02837037e61221e9d5af486474f9,159.99
45dc3919a8935305b31679758922392a,159.99
6565af20feeebef7ba6555d673c9b418,159.99
43c9df3440bc8c9934f5aabc6a51f0eb,159.99
0c8acd798290a82a8dbdebccdee32859,159.99
c58c69cda1b5a94f50d4655cee86e59c,159.99
e40a86e78d60c103d448be6806343e52,159.99
304fa891a107d45e1cd28801830aa4ff,159.99
81bf6261811882f97b22874b1c2d9cb1,159.99
1856bcad63b2f42566260b1a4bb68841,159.99
913f6c1bae683c704e97230b008eacd7,159.99
e56af368707175509455ff15952b61bf,159.99
b5819fde21e7b125acfb1977d116e4b2,159.99
c83db752df8e7cdaae6f13ab0c2572f9,159.99
cbf01abca3c8356551f3588db955256e,159.99
5684f8bf0ee27f2003ba2380c4ba8b08,159.99
32df5b33f0b3abf4b75988b73732701a,159.99
2fd75bf9284bbc7a1ceb9163297c89a0,159.99
24f5f4ebd84cae15572166b02dfd84d0,159.99
0b813ddf68690d0aca83a20391ec4a19,159.99
cae6a647977d2efc095607e5944ed486,159.99
591cb16ea1a6d8f7eebd0a349593bea2,159.99
6bf9f7d192d869e5bfeb7c8a94b8c003,159.99
6968ea6ff6368619de4d031a15d5c9a6,159.99
3995b998f83c97b26bb5f364be184a34,159.99
c34ca842cb954be537246cd2dd439329,159.99
ee2df44c9c465039e4d893c20edc1151,159.99
376f08a4928b577b7113659f1c2bf415,159.99
842d0a578fc9965acb84ea548c9f1a64,159.99
b70ec054337f46427f14298591e9f3e7,159.99
f814518d7099e9edf3060a9aa22c43c9,159.99
2fb134171eb8b58c2cb3aef1b480c14e,159.99
7a34180d4442d594be87d3e69bbf0ba0,159.99
03787ef7555b94c1a63477e7e7441881,159.99
3c1f10511adf3a72a288c95ee29dcbc6,159.99
b15813d0088198cf887bd2d7f86fb6bd,159.99
e8e35f57f039d94c91c28b9c6554f564,159.99
a00774e666bc2f0af970ff157ecf6f7e,159.99
f86397554a5832c14ba104c85bbe7c39,159.99
8b28757c02e88055f669bcd0e5567bea,159.99
254cad70ce6055052d59e64f901aa25a,159.99
a51b373c427132a77b112ca10f502c4f,159.99
2e552907be728e91fb7033c374a4facc,159.99
b38d194bab9cd3c2d826174c0fcb0b18,159.98
59954950b484751adc5d8191bcd1f8ef,159.98
01ebd7292a8ec3c547e0876d1aa4b3db,159.98
13aa59158da63ba0e93ec6ac2c07aacb,159.98
a19ca530fbc46743d5a951219cf04f2c,159.98
0eab5c860fac0aff7a9ef8f11deced68,159.98
01f96fafaa1d1e365ad47f54fba4c106,159.98
06535d08099971aa6f56a2344a3856ec,159.98
c9ed0550462229cc04b405f5cb52d6d1,159.98
251a9ae4d295b0b2db74f27d8217b922,159.98
e80cbdbc6b5a428ecbdabeb46c4945c2,159.98
e540d2a7d8f2f8c1bab4b66234baf0be,159.98
08d8a9c4f2e95dcbf53038507169e6fe,159.98
d7c08a7845c71b10801439677c275d1b,159.98
2e6bfc32b964709f5b065f57c809db2b,159.98
703eb89c94533144bcad42f92dff2d4b,159.98
d9982309b78cc445ff3e067de15f381d,159.98
c9502c24f6357c5e81ffffffea56cf7b,159.98
b3d23946a07fc5c0938b3ad2c0a7df85,159.98
3d20577b680eba8c0f24f1012404171b,159.98
3206488134a279bf34e2c028b1e2156b,159.98
6b4e082b14e562a79465f516bd129f3b,159.98
e929359b766e13979751d5249dcfe40b,159.98
63b26070f0bbae150fbdf658b6a8a089,159.98
c6deb133925d7eae8f2c812a0fef2745,159.98
1f09757902b8881d55a29f5380d546de,159.98
65d99e66b6e608240d1bdd2743bc5a1f,159.98
60ca9940a37e53472bb518dd85c53e3e,159.98
7d4c5b3d468dc1b5f54f9926cc5a172d,159.98
54ce593c879d3d84082ab8d1cd076472,159.98
08d04bb6463edf9dfe9d9ec2f066614c,159.98
768db0b5fd40b2514b54bb802cf9dc08,159.98
61d08c372ebb31964180a47ac8159b52,159.98
94e4969b72d31602e59dbb8d2c7c1d09,159.98
9b183b26474ad71d43c693f5614d2aa6,159.98
9979828cd758bdd9bf0963a38a7b112e,159.96
9bf220b8bd3b9fe60ef57c537a1476a3,159.96
4ee2995e626e330876459ac7b9e7f517,159.96
ff82e32ae70caa86b2e3232c9474fce4,159.96
fb346c3d761e9c5650bdacc89f89cf1a,159.96
2717c5939d8b3dbe3d99319e16bdb6f6,159.96
f15411e1a358276f492adda4038eb839,159.95
7142a9aefd6e1611ce523421b1a2b807,159.95
ff299a256be6affac0ae1207c1b4a9b8,159.94
ef818121a19d344c36de34bd067b03c7,159.94
cb1134effa844529035effe06a2ae01d,159.94
25b1719c0299fd49ac7adcda9e05da38,159.94
6f9bb1cf1aa360acd1a96aadeb478989,159.94
5d46c6f789e97a55abccf09df0f3c597,159.94
1460cbfc1a51e99e846715bd9e430f11,159.94
f112b34d0cf6556f7c5c029ff5c67ba3,159.94
f4e35567dd4a7698f0dc5607f1f065ab,159.94
247221ff3f92128e610419fa3f63dc1c,159.94
338e6042821357f927ba8e5bc128c832,159.94
e20180b079f2d5685df5563e2483450b,159.94
1dd626464ca63eff653435fa35ed589b,159.94
6a8ab1cd5158c7451562253ad39e8eda,159.94
a87d45ca887d3d335a94649960190869,159.94
3e251018f693358df9fc7aea86db02f6,159.91
9018b88fcc77a0a7fa71b70a15375239,159.9
df7e5dc6c512398a722860afe9548e18,159.9
8cf88d7ba142365ef2ca619ef06f9a0f,159.9
fed6164eb076a32849ac5d4d3cf14480,159.9
1dd28f92d803938f46bada3f189cd5e9,159.9
9674e05d82c3b6ee52c8c9800b3f5a1d,159.9
0977ccfa0b60832ce18f226b73853918,159.9
350d6ffdf52cf7076a9f3d8331c42927,159.9
1b4d105211b13b833f020c713d4bb56f,159.9
1ff23faa252154298c3e52a1e36c1cda,159.9
0c65e9ad8407c5104f5a8b48dd3d737a,159.9
0cae7459bca371e0607a9c1580c6dfed,159.9
9c7ee04a7b576d6feb1c49f2085dc653,159.9
36a95299dcc99992ac71defa090dc4c4,159.9
85a32fc38d734c835c333a0a19c66090,159.9
e76a54bc0d393fd9e7d558e9f981e426,159.9
f0bbc828c2f3a154ac29c3736047372f,159.9
4acb0cea53596e589d79dd40271c725e,159.9
0dc8040ac9937fc813da59b9542f6651,159.9
baa600e4d9d98a86bd334869aeb7cf49,159.9
064a57e6a257803d24175910385593ca,159.9
02b9bbbd5bec26b61cfd9bd3944c2ffb,159.9
62d3d5126a9e6607e62fc5a79363580f,159.9
bd0d433f7eb2b8383f25d2777d8e4241,159.9
615728959216e5763f67a04b25d2c442,159.9
bd5a53ce0ab1105a8f94409062806014,159.9
7ebd893a2bbd6d8ee6cc10e19ce6904f,159.9
e047f484b8447314b1a1e55bdefa4ff9,159.9
1a8143e7bc6c680c81719b76eb8c79b0,159.9
bfeae3a6ba2dd0e5ae0a6271f8b0355e,159.9
fd905acc8e4322baccc7e50efb4b8947,159.9
a4c27c991dcb5232a8e814cc83ca8a57,159.9
f4070dd9e6712ce1432f11b759975fc2,159.9
1a87ac7d56c7f9d337a271a7c157184c,159.9
cb95eb60ba3fcca766af7a54daf3657e,159.9
b5f731062e61f41953ce53ff565d4353,159.9
da395ed894bef0bbd15dbae4d55cb329,159.9
52560782d3a9780e44c7b0ab1dbfe4b4,159.9
5e6ad19f435e97b7ad8b05d71ca6f032,159.9
f01211dfab10bae65dbcf5b62aa3a82e,159.9
a706c0eede2ff801b399d1e556cae21d,159.9
d6b83ccafd98258fb986afe81823a923,159.9
ef1ee73b331068f9213db9fc2ab2611a,159.9
5bb8de60ca2ca8b01a5ce471802fe10b,159.9
f1bca6ca3ffb26937669c3bc18d20ce7,159.9
c40f2e43a18cc547a7ce187df484d641,159.9
8f7c043d717386cdc50669c78a43f85a,159.9
5e460bb0200e228818c3e928df8230af,159.9
9f9c6e909d0dca855df6e5606a15bc67,159.9
20b482fe0f494bf34e0aeda7e9c33fce,159.9
48714233f2b7355320ec3bbdfda8264f,159.9
0473034ec8cbbdc1db543b6c3615c625,159.9
5b6645d1e59d1b4b58b20406885cc136,159.9
576908744ae56c9cf061c40a434e2a24,159.9
e20f7ebe60519101415e9e8078dd2c8e,159.9
bab0c43a2325bbc9ea398b00f8db0717,159.9
ba8832dcb9bd10625d712651ec217efb,159.9
795c7957e005b7c433e0406269b6aa59,159.9
d09d644ae171858274e3c166df961b4c,159.9
502a6aefe839fa4aac24621f172f819f,159.9
6d00bbccd1380d2c1e23820193b1a53c,159.9
b68c49b9c29f5a6aa75b3c0cb741af32,159.9
c4e2614627156724f3b7f23af512e5d0,159.9
6c496722271e456537aa324397cc46af,159.9
965388af53ba64f8ae52157dcb8a25d3,159.9
902533054ee08fdee588a61239aa769c,159.9
b7d7863509dce6d6350832d9ec068e5b,159.9
26c41ae59ad5b339b1a33a20b210af68,159.9
bc5c23727d81fee31942495ddecec14d,159.9
c755d10fe5a60e634531af30e47e8089,159.9
80539ad7394132cbb7d036fc3b0250ab,159.9
226a2c47a0fdae2d00888c49d64bb2d5,159.9
70dfbc5428ff29d98db3ee06aa5dc0a6,159.9
4b98719a17e513d97fe6d782d6e93f25,159.9
bce0adf484fdef747ca68871cd487d44,159.9
60a122b72d618a3f4be7a338231b747f,159.9
b4e237973ec5c3b1c17a3411e0633f30,159.9
cde3d6f35cc850126ef374787cc74222,159.9
e19d9cd545762d92ff8781dbd7aaa4c1,159.9
4cfd1cf4ebdcc9beb01c7b267359dd1a,159.9
afce25a8c7e74305b67647127e1ca22c,159.9
5e5744dce2d5844c78f197f1656a870c,159.9
82ca82180421da21b4e53373f8f81bf8,159.9
e5d2e5d5a118426869969e7edf137611,159.9
d312fa5d7119e7be2538e9dac623aea1,159.9
8709f685a85d5c65fb7e7a9a77e97182,159.9
9ba9c35fa0972a58c9397672fd9e0111,159.9
0d83c016121c7c84866901d7c29676a3,159.9
45a5fdd83a9dcd5745c0958868fe76a4,159.9
64e2e80c6c053f95af9f072968fc8196,159.9
e5f4af2cd45b5712ea48e82ebe27f4c7,159.9
608b235bb52e5e23510caaca87b207ae,159.9
1bb24fe0dc7571ac3c3846460c93edff,159.9
391896deec196c10c6829f9f4e4ce719,159.9
5b6030a690297d70a2f2df507c586bb7,159.9
5b1b1346e003cb0b49f547bedcc21f5f,159.9
ab84a87c8967d65aa5109eba12a09761,159.9
d05c4e03658b8be32ab5d465ee33496e,159.9
dae590e0dffcfa789523be6e018a307d,159.9
6efd3977e557c4e2c1ee275282e44dd4,159.9
7c6e199246ed624a0fe923028144eea8,159.9
e53c578177e0730ed942ea9b1e0ae7b8,159.9
8d3ea4ce4db4c0149f00a88699022ebf,159.9
18fe01502f6161167cc115274c79bdc4,159.9
ccdd3e6972b355d26dd72d00ad81560c,159.9
3c3e4944db82d06e6413f8111e7a7a5c,159.9
b8e495ee58dee95b53dc612ed49bb0c3,159.9
61a90100c4c577546058330f1ee45df9,159.9
0a20f53373edf1ca3cb2cafa85203d33,159.9
ad3e37df6501f1ff58f06204c2e92f0d,159.9
89d08063d07129349239d9584c768a9c,159.9
bdb2ed7dac06fad9b511c81eff95ce07,159.9
048991ffa9899a2c39481b7d3251a561,159.9
ac618c81651b6ff8e20a121385f27320,159.9
a67e506cd165ac11715865f5cc5cd5bf,159.9
f6188d661010819b1eac0c417e0c4cdf,159.9
0dbb188dd63b9205f0f61bdf16619f4a,159.9
5b15099cd3c044e51c9d267a0d5a15b8,159.9
95af04f8ed0a24215096beef497e53fc,159.9
dadc59c73a39f1141414b61bd8f1b223,159.9
50228fe7aec9e08be4adc6d57f562ca9,159.9
06656bf78bcb39c3852e16abd900c1f2,159.9
a32a92d1ce4dbb02613186c1bb03a16f,159.9
5d582f1e23008801810225562c7cc50c,159.9
8ebee0cc741eb27e8501e4b4e3c6422d,159.9
a58d209672cbb888898e6648f801eaa8,159.9
e57c26f7888cbed458512dd2b53d7180,159.9
f1d80d778dd6cf4cc24fc6eae0104408,159.9
7b48b5b2beaf6c45ae643345213f3f5b,159.9
0009a69b72033b2d0ec8c69fc70ef768,159.9
07da8351231ee38e495f9858a6531489,159.9
41ce2a54c0b03bf3443c3d931a367089,159.9
0d1d140a2eba714646e5412bb9ffe112,159.9
c415a738f28c07a932696776d019070b,159.9
9039a6869b1432fabcc921c86c8ed4cb,159.9
b7d9cfc07534e3fa839cd6c4bbb8f29a,159.9
4fa00e989992cc755f0e1fe2a1b89ee7,159.9
9517bc0cc0531f3b191708822d0cd1aa,159.9
137cde6ffb788ba7d5f56000bfdab63b,159.9
e01eef36486c022771ec0797c59bfe9e,159.9
cc0a94119a98f1c84c85dbcfc346a3d9,159.9
be9eeada72fc848dd43a78665d8fba1c,159.9
af103b3a9791e738f592b8fe4da31c40,159.9
b75e2045a8e8d24563db59cbe620e8fb,159.9
1c06e71f1c3bf003fdc2cf7087d825b1,159.9
5d9c68cecce34584576a3d8ca55c21f1,159.9
9886f1a91d50da9e35d66b737616e15e,159.9
9936978839b9dcd4ae74bd2f82e37fad,159.9
5a67a288c4fb57c40eca425c8a20158a,159.9
0da6c4c584cd72612e829dcade815e57,159.9
edd24957d66c8ce27cdf701398661cc0,159.9
f3bd6b976e5545bb49c4b004c37c21ff,159.9
d3e55b0b841099abcce7e740851b2c57,159.9
3ae6743add4443f5c662c762fad84f5b,159.9
e429e9c1813eefe513506a72930c991a,159.9
a0c67776c295e9b4a2b4884c6a24c76a,159.9
d1862ef0ab18eb880e34966266bd781e,159.9
25a4d8c5a24540395cda3d9a9d258c4f,159.9
b9df829bc3cc02538e613e6ec4c4cb90,159.9
ddb787f24795793a5224f6ab98fc8dbc,159.9
49ac285378c4259393ffdde8471df62f,159.9
7fe2d7e1ec48a4a9bf1a46f784fbaae7,159.9
9adc8383886b0a2bd1736c1fd1b972e1,159.9
5500c1fe2f5362793e7f707b9062ee17,159.9
6ba6e5bf30ec197d1fefdebdc67ffa21,159.9
09e2f116cdbdd143542837276b1e91ea,159.9
0ff624414ba63f57af8921508338a509,159.9
61077f55e443e26ba5368cf308ba71b7,159.9
4a3d5744c281ca00b0662c8d46d6c484,159.9
7ca97a8f748763692686642e9b617ff7,159.9
0d15ed47c04aa30a0a5911c8ac2290da,159.9
e4df5880b01ba6d4f9cb7b9188bc80e5,159.9
53699d6e8947c101e636796114386bbb,159.9
ae7109e50c9c2d88e5a061d5dd142835,159.9
235def1eab8de4d14600df59fc1e4ece,159.9
53338024c32e3b9adecda91f84a882ed,159.9
8526d7755b62b8997c276e1a475cc694,159.9
38ce12876088bff0ac800165af832d36,159.9
ef62c8e32320e6ebb699ed93a41c6fe3,159.9
ff0feea3121816d8a9918cd346d2ab7d,159.9
a04be466d26664aa21a464efca20a9a2,159.9
d3084f1a3218cb4163951970222ec084,159.9
e4225b65a7ba5fe21b285268584c2736,159.9
73990deb5ebdd6a47cef90ffb5945d2d,159.9
0e8a0778316431f599840793feaf829c,159.9
ef9c9cc784a7c676cec3f5abfd83982d,159.9
5ff4a63a058c70534a787230f7ad6ef8,159.9
a4a00c41b5e3ed88bf0e0bb96576c2b2,159.9
ed18a0580d4fd2ca6fb30b5ecd58b5c0,159.9
148bb9f283f5eebbafda782b05d5d4d7,159.9
f3da27f81cb6cfca00032445c8e7a023,159.9
6d15ef9e2f0770889d141b9ac5ee4487,159.9
9c3a2de4bd076318646ffd3b7677e135,159.9
7ec1ad452ada8f78aaf18022c32ee61a,159.9
7815125148cfa1e8c7fee1ff7974f16c,159.9
380d799be592d2596c25a4e8cc8fde65,159.9
555b1e44ad963442f965bb44230728ac,159.9
965d1f24bce3dd938f7e63fbf7e0a0b6,159.9
07d8a1e034609304f93d2fcb6b567c0a,159.9
45827eca677573230a90c99866439c97,159.9
621be08f9f1ed3b58ff3cf357bd45b5b,159.9
85d3b8bc192815c053a302118e117d92,159.9
5d0a1762c0f0dd867d87f1292aa74222,159.9
f11ecccd7f87930c970ac8f2548ce3be,159.9
d3a8e1ea909151a954accab74ea6b663,159.9
7822a6861b0a8c3a5b4ed5f42268eab0,159.9
5252326c6b990fdcde424e82efe2a7ca,159.9
2b62d4b90a5c620b13bd4968b7e2e1b5,159.9
9eea546120409aca23a75a64d9c26878,159.9
3dfb495ec8f6000b978490cba051c21d,159.9
bda3c56dbd200fd227650ef3d73978fd,159.9
7934be0941e6d506eb37c1daa97c56d7,159.9
7f6cc609946a187554550e1a9192a46f,159.9
8a4976f31f4c12074f026ab5244d7ebd,159.9
a5797f5d047ee57b896d3eadd781012f,159.9
f9b3163aeb846f90e9a63989e5c97c7a,159.9
73972ebab4e51cb62797b62c40beb536,159.9
0ecbac9608e740d7d0a60756a0c4e8f1,159.9
6ea69e7b352c252bd79bfaa1f68059b3,159.9
a9104554c614b23afc445ac39a802173,159.9
e130e0b9fa4f2573df38d4ae3e87825d,159.9
5906102635e5715ee056520207b101a0,159.9
2bc5ac1820fe645c7099ead353cb9a7c,159.9
4a0063aa59c49a0b2d52b93f87b3d358,159.9
1d337e14df05fcfbae4c24fdbe93c9ba,159.9
4e09b5a438e739bed892cb3980e5332b,159.9
2f4c908cc556f016966594bab640fdc9,159.9
cfd03e2bdbef45d8d27ada56c4ae0348,159.9
eb04e3326a06d50f227469eee29fdd3b,159.9
7300450cedf7e4c35c243c4a03c1e8a6,159.9
163268204f062d206d34096330db60f6,159.9
95b3b7c94de0ab5ab654a3d68b7e47d9,159.9
fc081ae245389c9660e0fdc15c33a804,159.9
65855f1523c77cf7936981daba756ae6,159.9
883b94b34925e9d8684df949c3984715,159.9
0c03bb1318921424fbd501cf9072bf89,159.9
5b45714ef05cd86c20bda11b3e06b0c0,159.9
45ac624cab170d0d09a891f877d9d89f,159.9
90b628e6e1e90b38b06cde74092a0ced,159.9
f32219fce1a2be3c083f34b2169eccc9,159.9
026953f1072329fc12fa80eb8930848a,159.9
85d7ff05a9a3db8795766481dbb38ed1,159.9
549872714e135a3f8b09a89c9698a4a0,159.9
590512cdc06475cd6d3bb1db092822c0,159.9
b7e1cdbc345ccda77104fde38f626d5c,159.9
f5a52030b68cacf77cb5545c51931ef8,159.9
242857ffefcc13d9568c6ce10011ce43,159.9
b543260a569103c1b2001040989d1dae,159.9
06310364d1a86fb500d18a2b70a26df0,159.9
2a448cc5163cff9c1b88d9f7848900dd,159.9
cbbfac864bf228e31822cc3b8adfcf5f,159.9
6ed87d23528cc70b873dec58ff082130,159.9
17c07670c24a672a8d2c99e9c5f14977,159.9
b4467cd694e953f5a158868b25b78240,159.9
45719828037a9bce929843bde52b2500,159.9
03203e8daf33389fbd94c31ce3161d6a,159.9
88b3e8bff879958140426fb393a59a99,159.9
9a7a96ae72427d119a20b935bb0cdc1b,159.9
4ba9fd7a5198e6ee9766e150ff2476f6,159.9
1d0bde0533c8bc42fc1362a0bc554429,159.9
6ce505c51013373ffe38339fc149552b,159.9
39e52e1fc6a7010d5955e2ad06340510,159.9
1300309886aad22fdd4ed0f2d088cb3e,159.9
e8e4bcc30c03e247b55776f9cbe69b2d,159.9
143996da049e5f4d2bd6bd273fcd29fe,159.9
2e21b1aeab76585106972bb64bbcc0aa,159.9
da13d09c1f518e44de59f89ac25a48a1,159.9
193975bd76673bbfc641b872f90df6ce,159.9
65606708771e3c8e13de274735faf690,159.9
f96828ffdda6ff5745cd9ae5454323b6,159.9
b0941d2a497ff83097f4334c9ac59d8c,159.9
8fa4ca9ce2d4f069d702bb56e2595679,159.9
c9e7c937d961937554a05768ef8c6e28,159.9
c913ae1bc977b139a50287f6bd0b1c19,159.9
b7dc6d5e912f8370fe0f15b92d81feae,159.9
61d1d67b171087d5bfcc5afaa0238c31,159.9
45cb0fe36535222805dbee60662f9dee,159.9
c8a9440a54070574df4c5059bd0bce3b,159.9
0a807f350a7bd316e9f76ee5382f16d3,159.9
6a90652e183891d3da8d47a2d64baa91,159.9
515d4304a0705a9554732348709f76e5,159.9
90d9569ce4726c06bcba015540a62494,159.9
ef06094ffe03fd32a68618fafac1e377,159.9
299d84d9cf972bb72487b9e76f02eee3,159.9
027e8c3fbdb7694e9b0824865a13388f,159.9
5ffad35cbda506f66e3ce02fe7461539,159.9
2ec4467dada4e104afc5b57443546202,159.9
913a32a0484c74b243581cd8b1821ae9,159.9
2af65fbf463dfa4d31eaa7f716757bf3,159.9
97172fa0d75aa231bb031e8d71b0f0a6,159.9
40a6e923b893f7a7d8dfa9a118d341c4,159.9
697b9b5a146051cc3f5d2e4fd5783ab1,159.9
17497fd62d5b93c7d1b720271f313439,159.9
345c8f1282bb1de3aab9a51095bcfd0e,159.9
137105b0420e2f6a83fe51bd237888b0,159.9
5c2bab9a09604f016d9ccd13242db649,159.9
71277afecb5c7487d4c7f39f6697b7a8,159.9
cc6a744ba14a060493fb64b97087006c,159.9
86bf3bdfb50d3b479ac3508e8654cf86,159.9
ae663525fe6109d37622e3266d18d2ad,159.9
53bb96e83411514386ad58ce123a3f55,159.9
3e70cccac729d32f6903f2d33858511f,159.9
a53e6d8f6610cc95f21f5ee30693f5e8,159.9
b115955f333cd97a8f4ca448caf47e45,159.9
9609746d9d84c1096dce6a95b3a9f7ed,159.9
f1b3152055c1dec4a3d1eb8c3a7ac929,159.9
f9b659b91eeb363feb311c590fe4c9f8,159.9
30dbe53824b3fc7614a23fdfffe04359,159.9
6a9a12e6f2dfaaffaf61d48d35c2e08c,159.9
2edaf07ef089f710835c62966310c02e,159.9
0c1a18f3a66287a0088e541e9df09e51,159.9
e4c1279932f34611181c734b62006a92,159.9
b80a097ea46d3cef0ea29a2b2ce06375,159.9
397814084ac415a056853092f220a4a8,159.9
7544eef54d4c048f168199ed39b6698b,159.9
d79fdd4de5f1ae8c6c19a515c89431a9,159.9
4d69348be3bb86e3326bc320185c5438,159.9
0efc639e0f13c6dbbfd28537aa5f57c1,159.9
b8f700d1d4aa1a148845ccaa48e04638,159.9
126ed0bfe9084c1d6e25f7a89c92dc5a,159.9
f960d7dc815b411946b16feb8686fb02,159.9
f4fe4648d8b034dfa1cf8dcfc7bb89dc,159.9
7afa357fbff83bcb64b6e80d6731edc8,159.9
7184f07788503ac3f80785236fc693fa,159.9
5db1604d37be97a2b413c219be3b8c0e,159.9
2238c417bc745d8fa7d7389d8b22154b,159.9
b883a588df89f847c6c7a84e2a7d185f,159.9
b833010ac6287bacb56c8d08bb49383d,159.9
d14c83d94088d39c39edfcd45bab137b,159.9
646464b617f373b9f310ddf457da5215,159.9
aba6d530c41d8940fef0541fae854b27,159.9
83a9dfc5c36fe01ed1ca38f17e5d9d4a,159.9
c1f66c1aa023b8b5a0f65327465efc7c,159.9
e2d0342b86f07154dc8c13d41e36130c,159.9
b65dda35fa1e480e28ded92bd5efe474,159.9
49c03cf95fc171d13848ae72107de156,159.9
403c18ab4dd89d3ca5e3690c73832ad5,159.9
744d7d775d60a6152affb2f46976ef2a,159.9
52dd8a28ee8b6900288c481efddd3008,159.9
dbfad0a53ac126e84b2de23ed0f5b7c6,159.9
ad25199a971f5e90e17e19846f615d7b,159.9
dbdeea4fb8e0fd4d40712789930a2455,159.9
124c96fb17eb2fc7f1611d3ca83d11ea,159.9
f0814ff81dba50dfc754f561b40f89b7,159.9
ed7a6b3de20e5e5593996b3605307300,159.9
9b505de3fb7c438e77f1a1bf5cc17678,159.9
66ab6682e54b8fb80c249e2b7652447e,159.9
b7140a4b63f7ad250e00266372f28787,159.9
0b66eb99b1af5a704c8bb97390d2ea76,159.9
b049b4481eca74b1f9914208f59be120,159.9
2b2afcbaf841e918270a8b35f2253edc,159.9
df77f41a959a77fa0f3e9b375277106d,159.9
d2b896ff2ad7a94912a0a55d26a2ec5e,159.9
5110631c95ad19d06d5633e9f965d253,159.9
1be4bdc654d6c8852647215506507d72,159.9
8832232b097dba67d540a76f6ba88795,159.9
c4d9cce6be1cdccf5d4b0378b7420405,159.9
a328e11781c6b668cea0a2bda09ed9d3,159.9
5954d708e6d4a5dc72b497abce05ba85,159.9
77181a5f59fbffb14d445117ff040359,159.9
cc4806fd92b5bc52c76bd55c80641b06,159.9
c676fda5be6e3ff0dff6c131495beafe,159.9
0499e8d702425ef8b10da2172f9fec96,159.9
8dd17dd3cdd09eedbbc5b82e905433d8,159.9
5f9872a197a2225781b1f0b8573dd14b,159.85
bfa964abc76d954af38e02158e4c7946,159.8
c42f73ace92c8109fb462219dc06a400,159.8
f620701a6e9f1096468511e9c2406a67,159.8
08e56ab98cdcf2b7de382408a8efd626,159.8
296eb95e34f2a94e6a317c9a38e9c277,159.8
610ca70ed9e25f55a7cfdebd6e77b53e,159.8
70138f96db51881f3619af1ffd1276ab,159.8
bc811bba58c6248c49ed3811b6654a1b,159.8
276963410b4f8035297d2afc212105b7,159.8
35912908cb996d4e7f287edf06b1c8f2,159.8
31ce650a18a3f7a0c506fb4bf728867f,159.8
fb1bc88739493ba4c50529dbb998a628,159.8
5c92c75f28189ffd8cf952b2ea478b76,159.8
47137c233bd4d05e6de41e8abece55d5,159.8
6fd262c97a21f451efaabc65cf1fe098,159.8
d87971ae8acd4eac7864f054e44585f0,159.8
24da4ce30940cad28575b38a389b9388,159.8
8fa5f134e902516a13767d7841a201a4,159.8
9cf2f5dd2bc0b6bd1b8d4f8b74335868,159.8
cde2d71e54a0bc0290fc52f99074a72b,159.8
72489d31a97af15877047f405726c01b,159.8
810a5491fe59470da18d8c7c65f867e5,159.8
dbb8e2fa66d48153c38fb4548c4166a9,159.8
a31825d0c893a0c13dd57cd8a6e22b93,159.8
b743e951a7b32483ecc00e7b465b3335,159.8
dc56b538928bb9f7212da239e24cda3d,159.8
e166fcb0b227d4282b7d11bdbe3ce82b,159.8
ca090843ee5ff7e0f8168d693f8b60c4,159.8
1fb6b836b3bbbd5de824d8d2b0e24974,159.8
e6e46fddabfda88207cc899d3231ce05,159.8
af7ed4a121e97a66394c6703635bb478,159.8
fde5e7ba4c6e9331a61ba59626589d83,159.8
8a19df887008d330bdd7aad269118f79,159.8
129c15e1eca8b04118942e1451546fb4,159.8
82c8e9be6934206963b7810a78e9a41f,159.8
d7df11c500868a6c4ca48e8252347de3,159.8
b31e3de2a253154bdd28a4f1f252b1ed,159.8
c5c49531a2382c251f866e8c14dfb3ea,159.8
d8c38dd0361944b518966c4946a386fc,159.8
1c01770539bc4b2310a572df971ffce0,159.8
97e094571319765cd343ec2e0c5640f4,159.8
2c9796f749bbe5a66e0b9039e83ce6b3,159.8
7ef6a0d32dec6a869a11d6186e7bc683,159.8
72430ca7638959110ed1dcc035402546,159.8
5c9693cb2eeae30839b78d80d5239676,159.8
9414fbaeb018e9d39ecb77ff898aedf0,159.8
21558b7b6743818a6667a0bae27ad407,159.8
c11f2358b2ff06ac8283b334b97b4f40,159.8
86bc7b8a34a40c88ad0b7d0cb8de17b1,159.8
399d9ae24a4f182cdae8cd53a644a958,159.8
60b7c6b75aef6b90ad544ee8b85c7901,159.8
bbfec30263d2f8e19e695453564a007a,159.8
189aacfabaaf9aaea8102a7f1af153b6,159.8
8253580dbf1da6612eabc98200a8e702,159.8
e02dbd1535bf6e8476e1766faec55668,159.8
cf9982442670461b134a0bcd4faad2b2,159.8
f2b28382d5bede3054c6874d41a2f11c,159.8
f43d9a5994fb99bb2e14160e12666442,159.8
ded515b7d98b7d3425a9e26ce985e31a,159.8
2ab798d772a25a203ea9e71bb0c9f89e,159.8
cb11798c6f6e786afc3afe6a0d34c87c,159.8
a19ee41c625beb383062e65cbe62149a,159.8
a6d8c2fa92836346256c28d885d9eea0,159.78
c22dbe015ce7e51a767e4085d8920052,159.77
8604bc41dea958600e8ded10ffce9125,159.77
df3be1c92fa27cda84caa922db80c785,159.77
4eef378ad98a010b62ff45bf2f9bdcfc,159.77
e3099b0fe556c1f1630dd8ff91989f1f,159.77
629c063ae504efc5531dafb30fca6ea3,159.77
87279ee4ad47e57bd884877c18ad1f4d,159.77
de0c8d1a8c0334c970833a27d1d960cb,159.77
2b829a337fad82db503dba0855ddb3ef,159.77
7920ebe0de6925c9b6a7900675231e7e,159.77
b46c283a16cf4f0b2533514b549c66f9,159.77
493995f180abe3880781d71ee5788885,159.77
43981e5a9d93f53478bc206f92df4b71,159.77
64932044c77e072f5a6d118f05f254eb,159.77
9500e026c2321911589ba8264ad6be84,159.77
6e23f752c781b8caaa3bdebdf179da86,159.77
5cdf3d04ce2b852b63a52afdc6b9c876,159.77
df03ff7fe4a7b535f40d9c359aa31d52,159.77
dc5c9983f7d2fe07a74061ecfc3517f5,159.77
bc337d05e7219a4b2408a28c4e269790,159.77
3fac8674cafdee6b7a6e33ae7503824c,159.77
a41f7c579dd43b7e3de0b0a5a5f796f9,159.77
3453f7cba8e9d583f249722e9bd22038,159.77
ac7606bd855b5732dfd1a6550e394c07,159.77
ce26ced2b3dbcd2e283ad3c688021fec,159.77
58744880b7ff3ca8c7f5fdb3c6eee4a1,159.77
faadd91de8b5f0d5487aad688f998014,159.77
a07f5d3331424e82b9b329f311a53646,159.77
83664b90cbc9021dc475957df7cd4144,159.77
6ee742b6c031381f9c4b3bae20de470a,159.77
22dd57dda1a7124a255bec1538c5668e,159.77
867cbd39f5519fd4062ed75e3567e76e,159.77
0df3d5778dbd8d8aab957be806bb9be0,159.77
8efdae919062dee558a1f89dd6e62bf0,159.77
21691bb6e6986524cbbaa74ce9086c98,159.77
a280ef36b320f176238aca454824fd91,159.75
754582123dc2d1d268954366598a1e51,159.7
11d4407faece8a6220c06056f36dc9af,159.7
03c1a904f35ad2f91e103b348cf53c3a,159.69
8c709144446a29976affde2dcfe063af,159.6
86077345114daef70e5009a273c9d8c9,159.6
e0bd804d0705c39c21fa5258cbcd7b87,159.6
ec43686dd7b2f48ea65475606fdfc85d,159.6
7aa6a8e8ed84654a683a4c0100dbc0e7,159.6
b2e3d091b5b6524577a1b12c46729c8a,159.58
012ca3bed937a20fa19642e8e53d831c,159.53
393465ffb9011b6c69b7364328fd9044,159.5
75389af458abaf28cce96f5f719211b4,159.5
c2c6565d28436b02f51e2f1fc8371119,159.5
5ec721f1279b850510ac109a5cad14c4,159.49
a307dfcb0925dc89d342bea28aff2058,159.49
46afa5018cb6e3d121c49704ba4bd938,159.49
929f29371db3b343d53e200d3f2d2fd6,159.49
f2183922480268c0f1615ae3d86f5109,159.49
2ecbbe6d957d18f3ea50549bf5569e39,159.49
0f67e09bb9ff7f58f3a0b68108be4396,159.49
3a798c1f103b0128f41d4d665b460135,159.49
a623f9c1f640ca6742364b726e5efda5,159.49
2c5432951b606c37c8256c7892f58d82,159.49
85e8fc76b13b7e52621cc5a28a13ca39,159.49
39cdc05badbe44c2619d8f25dfce3632,159.49
96ef8fb77cc2818a55b9f63961183f4a,159.49
2a51c71933c7ab32a41cf66b2c797882,159.49
e3f2ac0537ae2216c0a6014c8d1745f0,159.49
18a8212a303f03734133d7cf22edee0d,159.49
9ac1fd75f48d0f50af8400cd461495cb,159.49
b89e9470ac0765974182763a36b3509c,159.49
dc75e0a58a28420f6dfa3714fdf39222,159.49
b274e17102f2eeb17a29ff10c4581a2f,159.49
73b187bd731583881d6a95419580f53f,159.49
9c9178faa09a179b162ecef96f0e72ce,159.49
e6e2f4bd5dc5431d4cccd258adcce955,159.49
f7dfaa98733b2da4332ec38335d6d27c,159.49
3db6d62286946e62a243790edb0ffc7f,159.49
820e141efe617d74379e4e05836806f4,159.49
889b986c4e5762ec5892d2458167cce0,159.2
fd2ae8c714a773f85ef1b53fbebeda1f,159.2
3bd33a92c58e8e1d7f9ddd8aed1e134f,159.1
5802030cc7ef2230859ba910d312a219,159.1
5947dd99f7109397381925bfcb2ff545,159.04
3a6092e4b060b3742ba23b9826064953,159.0
d488a306f1a55b796ae873c49b701c46,159.0
3c25ef6b21609fb9841d53486a453dee,159.0
fe358e310dbb69bcfc06224871577528,159.0
63414adf3534c19442e12f9cfba27a70,159.0
4da0ee944b4f4740831a82067b23e5dd,159.0
64e9ff6e862a7b8d3072dc4f1d126829,159.0
7674b7547e4ac856317c4070b1703146,159.0
c5133f3af61bca30d537c753642b42e4,159.0
4b7395d051260eca36885f07f32b5f73,159.0
0a11cb0fb65032da800b780afcc1a1b7,159.0
20d3e36b53a68bafc960d7af18c91d85,159.0
a2ce3bbb37aad72f3635ecea09345970,159.0
fb01cf3e5d102b65a1039db1459a171d,159.0
4c18ccf1d0a65835d28bde50706c66c2,159.0
5c5900f95b97a43ce03452532b9ac643,159.0
99756ae345fb335776682e868965182b,159.0
b73cbf9c01a0f36287fbffc7905dce70,159.0
322d724ddc5df1fef8a5e344d13b4989,159.0
66205e3a618b3b66a43af512f18d23d0,159.0
f23ca065556c1594117bf58e15b2db66,159.0
00cf7bb323cf933b841728576c4de744,159.0
c4d58f849d0a6d8fd0eb4c6743febc27,159.0
f2be8c3486681610dd9649534c41f7ae,159.0
8455da4c0f77acdfe3dc387545a13a5e,159.0
b8314bd695a1b3373a6f434d3d7caac6,159.0
24e1a42b856457e1d82e583454007f41,159.0
b727b1a23df7aac384bf3b4ffabe70a2,159.0
37750266450eef3226b92346f056b786,159.0
a7a72fdf8bebfecc166fa99ad92069a7,159.0
39f944145e00598d075faec0bb1f447a,159.0
d0b07a67af7987fb658cba045ac56923,159.0
540c5a15f1ca23fd64771963cb002f98,159.0
e881a54d9015afa438c2cd619aaf2f7e,159.0
d16d0af538e904235b4e054ac80bbf91,159.0
be1013a9e2d92667fe3c7b8654c639d0,159.0
ef39a324543d636b72fc7bec637077ce,159.0
f647c2942b961ad2c0a7c00c59da9083,159.0
3c73f6fe4ca4dc02556556c8842972fb,159.0
56e1e5a7f467ba40dcc0b968343753d4,159.0
650a73a3bd9b9aa96aa43406dd84fdab,159.0
ae741f089a165f8bb8b0737a6b903c33,159.0
a9d27ae943179884354286b37d064e0f,159.0
d6bf7156a0ebba7f8fa34df19e4ed24e,159.0
9a7a057f5e9560593d21cf17220b04b2,159.0
525185a800077c70130ecd1c22addb06,159.0
8141fa15295fa6765313f1ff94d55251,159.0
16e5d9bf132da949d11e978e3ad1bb66,159.0
9494976788eca99f57d31fb2ceb3d13b,159.0
476249756d8e4fae218d4f3b6af0026b,159.0
0ada8a74b033323d122247743366e898,159.0
303d2eb8b98b4a19a0de6baa132923af,159.0
5739b7feac165afca076b1597217d42c,159.0
66caeea4892e42446bc4b464f108a5a9,159.0
fb66001ed80569ba8468b508e63e8129,159.0
a0e826a80a3267186e6d63d1dc10e34f,159.0
cbf77bf17677d1ded025f71e08c2193a,159.0
691a9ac19fb412b0d505002b885a664e,159.0
0b39d705dbfe16398432a7a048591853,159.0
38e8b91748adac314f46a476f648f8c7,159.0
84c808c10ed2620dd1829f47959d9835,159.0
20bf84a3528832d4d61d80ba03be4a9f,159.0
a72dec46c717c9c54828035b012b82b5,159.0
da6cc8104d73d2ed1e3ca5e3bcaf9ceb,159.0
a9558995b6d102f6216229476ff11b3b,159.0
fa0b335825d6b4f4c26d397ab566a12a,159.0
906f75ff5f7787189179654a7db420eb,159.0
f9a7440a9dd3908ed9822d7d23d5d605,159.0
85bc87d9673932d86363aa6616850eb0,159.0
e9a6568264ec01dbcf4501a138e216dd,159.0
0ea7708758e7164bb0448c06d7560b95,159.0
fb497fa42c45ae32dacccb4c252b6a75,159.0
3484ac4cd652920526c88e742b747efc,159.0
f7c81fde70c898d6c1f8790c9da862dc,159.0
ca308ab8422277857a637369e1797daa,159.0
873951dbadc164fa5d61eed16cf38770,159.0
4e7afdb91c131ae7ab4b3e2f423ed6fa,159.0
77ae74c04570dc67a52d7bb0bb9d02c2,159.0
0ffb96fc3a3a64a4342198b4803d8934,159.0
f2339ae279065c55abadea96d38178d0,159.0
aa11646182eb81a2cd1a1ec900603fbc,159.0
31ff2c8266e8e49a331ce18e1c77f61b,159.0
b403064ab79055c7c332d922feff2bb6,159.0
95b22f9b8c84114511f3825cf271baa1,159.0
d63e2accfa24bb994c545dc9298368ec,159.0
eb19f77ffd29917f353d12152b0c0de1,159.0
45f2eb7dd794a9250ef2b9f2c8e60606,159.0
4bf9f58ae9877a24ad03ac204eb89652,159.0
9f35c2a214b9d0e2a6cf6d1e11614705,159.0
ff382fb3dded5459b186d410201406a4,159.0
250140565b02546b115981ac3442ed86,159.0
519ad2758c5dd9fa6bdac3d2b23a2d8b,159.0
45c4444133e260eb729533fbf3b1837e,159.0
5feb8ef6c9e1b2ccd51d363f014c491d,159.0
35c202508df32b386d266f1cd73d3bf8,159.0
96e664af0b18d12494b2a31ab2642c45,159.0
d04148bcf1de38f8aa9e19c74b2c91e1,159.0
8def9d598c2a056d7d5f048bb2a86f88,159.0
478906b67f7916ba12986c386406054c,159.0
e782bf813dddd4e1671d3fe1ddb4c480,159.0
987df3e053b3b660d0db287dbc11e123,159.0
c344799bf5a7883eb7ba4b14a26b861e,159.0
d3218b1ee2cf90a014d666ecd143cd34,159.0
7354130c5fafcc715d2f1d774428effc,159.0
daefa855bea4e5eac9ccfa3267b10b34,159.0
d117e2d169c937e91f16b0f48673d575,159.0
922f741f35942da06a3d19400757dd63,159.0
121c6e0fb5e68761d78dd726a77e9047,159.0
02f0b823e1d7f9b63b25092db3208bdf,159.0
4f86e2b6bb393847cfaca4bf4b1b82f6,159.0
ccbf0a0971182805a8c2ea16cc185544,159.0
23f25c57cabe3d0b2bb6c26448abd410,159.0
e7371fbd9ae2588b4557034d8511bea3,159.0
44ed3932b2a2b54817fc89ed47138012,159.0
f2085b31ca99c19ce9203a2cbb344dc6,159.0
c47a4cc40c4b8ca461432c5eef3b7fef,159.0
08c7e9277e931b338a239e83980b067d,159.0
3223f721ba6af6d7361670b433dc004e,159.0
7c397262827fc3b4fb1eaee0d480cbbe,159.0
28e504d085ea728a2e15fb29b6d19533,159.0
567e09a51ff57f2f6ef54ef2dcb742e8,159.0
3dda9e6c4c336587def527c9d32eac08,159.0
5b16f8c57dc45e6afd9f5c8a9a5cca6a,159.0
1cfe83f86072c0597cde0a10aaaf7bab,159.0
c4e38cf472c77b3b0053dc7201fd39a9,159.0
fd0f799263c58a9fd3c65d72963046aa,159.0
8e9bba8e9800a9bdf85291c468b3607f,159.0
2f08bb2fb46afb0cb9375f5e8be8ff85,159.0
cd51d1cc76f75fd82497e8f838ff9b53,159.0
c16e0e88c09984e5956c444275f35f67,159.0
4188d77568d27a1ec95c6d521865d48a,159.0
75d97d4f099a7005bc9b6daa258052b7,159.0
b0e2c3d5cc9ecbf6a89693a15231ac7e,159.0
4c91265edcfe58dd5ce2dcdb2fba7813,159.0
369a3bfbe0d193b57a6906b4f5f93d8e,159.0
3926fa22f9c8f52e376682d14bdb0f30,159.0
167f719870c8451d651436b6e8cd3f97,159.0
b46c44064f73e6285798a677368257bb,159.0
019a09b9518cccb899cde6033ca0af68,159.0
301ade42dae8f56c089f707d49b16d0e,159.0
83803ad661a17dbfd4bb1d1504dbc659,159.0
077b2a02936841f3f6d5af88d668004c,159.0
4f444b3b5cd86e70e2c49210020c5ba9,159.0
438494eb27072923f90611c1a83f9a41,159.0
c9bb1eb348a7c12382d8288eabedb2c9,159.0
383b7ca1ab9eae02fb73bfb22590cfb6,159.0
74db498590882c1bc2a01aebb32d7bb0,159.0
16356f40e7be1ae2120278046fd3f16d,159.0
6f6318810bcd532ff9ae0bda46011ead,159.0
9723ee0e006c0f3ddd9fa3759078a57f,159.0
e36989d340a15c6633215aa83087750c,159.0
9f20f64da0300fffa0000849c3b607c6,159.0
e593a233adbfed5cc5ec383f95680901,159.0
f6363f477cb5fe9234b523b40cb395f1,159.0
1292d40b311ed71dfb5ee06f351b6fc1,159.0
0139721501e0a6fe8f79253f6794ab2d,159.0
2f70159435ac1cfc015410b83084620a,159.0
b040c88f891090ad0e7f55f789d6ed90,159.0
567936cf4ec7231dddcc813cd75a5ee6,159.0
a53440704e1fc48561e2f04861a0f902,159.0
1d39c005fb892105c6db1a25001d952e,159.0
7fda0b995d02b9df9f470da7c65729f5,159.0
51cfd300bbc06c4c9de353b7c56c0dae,159.0
1abaf0a998b6b5157867e2311edba42e,159.0
91144b33cc295f0d746be2292acdae34,159.0
deb908d63b07cd65667ac2e526243abf,159.0
41fc6dd0d3fc7ee578e1a8c1f4fc4e13,159.0
52406ef85b379a256c661b5edcb78135,159.0
022f451efd6098c908265c022c1e06ac,159.0
cec67855e440dab26bed6e4f780ea6f0,159.0
d83407c66c173399b2eaf6c429ed5e56,159.0
8410370c867c4cae1510ff62163cec28,159.0
ce730673fbb235448dccea069e34b64d,159.0
7ba6760dc784ed6b1aeabe0500dc40b8,159.0
c28c9e32edd814488cc6764db3066efb,159.0
f50df10e94888c89877c349b940b0b3b,159.0
d43a36f935d6249dfaa042db93d346fc,159.0
9310deea6432dd2625106c03b88b7c83,159.0
d17490b0aabad2cd852076d5635ffca1,159.0
e95e1273db2c542bfc5d439d377eaf2e,159.0
474655b3b66a0f79a3f8b4f9c68639b6,159.0
803694c5bc5970e4eed265e5d31127c1,159.0
4bd05c36a7af81eacfdc7dac9ceea97e,159.0
abe5649ff35a84e683fc7f4ab4296153,159.0
14a178e3bdb0ffcd4c55f794baeea18c,159.0
d356c20816dc75a309628b5c17d89468,159.0
1cc9cdbf6072b4b59de7b37081dfcdf2,159.0
ff6c3212b27c4cdb484f84345be9c79e,159.0
864be4b17b6e5edf03a49ea6cd50ef13,159.0
5decefaaf5f030d53b314debf4563cc7,159.0
542d1cb02266461f5f230278c7f075a3,159.0
04c3d77667ac0f0a7047e8d222b7c803,159.0
7543ed5312234199ba6d6f98e5ce2c9b,159.0
e1006a67b576043035eaade88824a0a2,159.0
25b663d58983a5a6ba7ae7e8b1fe28cb,159.0
bfb3c9e5be070e932c96b362dd441807,159.0
8a83cd2272d6fb105959b4385ff872ec,159.0
97e2d4f46c1eedca1005f8a981f906fc,159.0
62f5b4575bfb283f4d0cdadae46589dc,159.0
876a2e72947d6a479c85438160717b28,159.0
9408366cfabe249cc4e4680dffb79c5c,159.0
f4219f4850ab92e0b8dd6644f2c71219,159.0
f17cb09a8980e4f5a0a6b4df4707c089,159.0
fbc7c597b3ce5501e425b94532f86340,159.0
19a5ca80cf395c030351690c416e5a7e,159.0
f2c995877a18094f7db6037da3d927f1,159.0
77ffb9a3ea5446ccfa121c32a4692029,159.0
4da2c9c807e40ef2c7c78cca34ffa0f3,159.0
8f7c6c6a2f7450a91577241b44b6ea7f,159.0
3f4696db4e5c88ce4bd4d4fa2bbe318d,159.0
382b155c9a94793ddbd99d8f8b0887f8,159.0
ebce6fc6a9bec43c687015788821a9e3,159.0
12b911aa1a2831e2ee7c2e5eaf03bedc,159.0
2682c514169a4920143bf0ddc6cb67b3,159.0
c3a0ef89d5928df649654012c9516158,159.0
c051437f9cea2ab19552eead2a350259,159.0
023cd48849ba0870ecf5157ad5039ef2,159.0
0e4fd4d8d6afeecc119bb53e5b119169,159.0
37c85c91273baf6a4c844e30c26b7d6e,159.0
c31fb63e9a0d4f50bced79f442f204e2,159.0
80326990ee607892a2a6c4c8baca53fd,159.0
f355a75c8359c91b1164e7d814064e44,159.0
38bd3f3f848e80040f85ddcdb8f7670d,159.0
3657ad6af6f097cac2927c15d0c48100,159.0
08ebd8171843fa54338c3474439144a2,159.0
346e4c4851420f6d7cd86655597a7671,159.0
c3e716bfcf62d9dbc2016e2983f19401,159.0
a0e5b74e20d78213c2ccbbde9637332f,159.0
71fdbaa760e25ef2449d79d1c4264021,159.0
5e29bb9b184e9f3bcee13db7c02f13d6,159.0
13abb6f0e084f2f8d0d7724779c16805,159.0
83228eb58f7e6d22a60b331f3d90b03e,159.0
6e93ab5b7052dd417ac1c295eed8e843,159.0
01a9cf1ab208a3ce5a4cbf6d5877bf49,159.0
f8e7c51f77db399c0ef8faa310c26bef,159.0
ff344e297e03bee1955fd3b4cfcd19b5,159.0
879d78959cd0ccca3dc692f59b9bc7c8,159.0
224a7f5f722f3b4e25607e01897bbac1,159.0
16324800ab15f5fd4d14eaacf6925e90,159.0
37a5fe17fc5ddd12a508ecff5db05a09,159.0
2bdade632102b0fed078333e9d3256db,159.0
d49f34488544f5673224c7b359f4a17a,158.99
9c38a9ad277601382ee3ce64e76f8acf,158.99
119462e9d287bc17dfb152ee17ecdc54,158.99
8b1ffcf82b6eff47a8e286c00a74ff7c,158.99
b5cfd134107d931d1bf1b191e016a4b9,158.99
7f51c513004ef3f35e834c142f286778,158.99
12391d981c9187cbb96775aebc92f772,158.99
7031864739c61a5d7a771f224a9f295e,158.98
0e772d9e02b17408e716f35cd1dcc222,158.96
9a2087e92eea09f99ad37c3a9114c18a,158.95
51ce96915c12887208b633982c4d8435,158.9
665529d7b38b94e83d5ddf8efa19ca3b,158.9
fdc82a10c4b12618b31a50b68c5c3a6d,158.9
1126badc0ce9eeea60dd0fb8c2924313,158.9
73079efbc7fdf6ce0d8b8c4b1fb8698a,158.9
b9881ff387a33587c9530e4f8733a2eb,158.9
d29e47a53896a15a89594f91b919553f,158.9
53b7ba8ca42bc273e3ea9ac533443d74,158.9
3b5011d2e09ff6ce6e2ff1576e3acff2,158.9
061ef7eda5cb54d9ccde7f54ea98f7fc,158.9
29b42125bebd7816a4dcdb2895289de2,158.9
d1affff67ab622bc4f1bdd597a0762fe,158.9
7c93fdee2bef9805081b51d931b99bc7,158.9
965cef866a59a3cd6d1e92ba0ad2c779,158.9
987f3e6341b00da1302e1b6867eda73d,158.9
6efd038b1c60be0ab8d554e9b488a40d,158.9
5958f5b5fd615a8898caed646014c55b,158.9
99499442bbce6e9b3d7e62603a05b591,158.9
2c60943e5f008960cde115632694d93e,158.9
e7a63b4918f846a8352704fb37e77763,158.9
4d60b9bf2c64e3e1b29c297752050aa2,158.9
fed85ea62f27f9c001d9c9372a35488d,158.9
19a045432879d6ddb4fd5611a0e2ba5b,158.9
f4a0bb1d50071cee5583469f5710a57a,158.9
29cf3c28e1ecbd9ef408aea337cc344d,158.9
b01592e974c5b73b5adc1cafc1ebb7e9,158.9
e2a5b7496e1b7f7852b00fafbcd3bb52,158.8
31256979d0a35f42596fbd7ca81282ee,158.7
30e77219a355a23da7a4d33dbc113b65,158.7
4dfb74a56305f2e02273941a2905115f,158.7
2047d319716b4d8b858394394eb760de,158.7
edd13b692c82a56009adfb70e6f74391,158.67
dbeb153b43157234d65f324e5816bfba,158.67
665a313366dfc254e4cacfafd78b1fc1,158.64
0ffbb5c6cfa7c87b6e40a2d72774ed70,158.61
1747f9c28aa67f867b8b885a67f820c0,158.61
ce3babd1fdaaaa7032e4241d050f223f,158.6
3ce9063b1f550cca16b3946b3c4ef694,158.54
56fccbc4a18cfb8bcd783482f1ab5098,158.42
f3b198bb94854a5c2a916f79dcf980a4,158.4
7d9c3f29dad31b17f13fd3a928ea4955,158.4
d0aaa4008275a2e9127dc79e6142367e,158.4
3cbc2f75bb5bd1f95dd67b5d1555a399,158.4
4999ed198018f2b49b17e3d27aad9253,158.4
49a68cbaafb9101d1b168de68aaeeeeb,158.4
057db29b6b62733f807c88f2faeb1f39,158.4
e177e4a8061e528696ed9e5f54ee92c6,158.36
d6ae16638058915ff2ad94b83cc19e52,158.26
9bc097d18d2341d608b1a4c9fe33bda7,158.26
3afdea3f022d21b67f365604eb2acb1c,158.2
b89a6cb96ecf6dd11030932a4968e7aa,158.2
f30226ef42eaa266905c938a2ac58809,158.1
5169edf26de744834d951d7481bb89b6,158.0
cc268320e77ed6ba7be0107cc7ad1b8f,158.0
4750fe3df8dc3ad2a6aee8a8c65c675b,158.0
d4fd73b5eb04da7927786173ddbbea0a,158.0
5d3b65dee5a46179efe2b367b3a65680,158.0
9c242b314a3640d13a97aac4e172f966,158.0
a4a5788a4c236f3ff367fdd26547577c,158.0
b589575e52d81cad82e93862c420442a,158.0
ef2cbe9cce4b8124e9bc080b429451a5,158.0
49d961bb46f05e09b8b67629558afa84,158.0
4763ff59bbbc8011967507144ed4fa60,158.0
76f0dbd7491610a96786b3c2c544ac9b,158.0
c1e1e15c2553a234e00a55f9abb07a63,158.0
df9c907a19d1c599e071af85fcb04f92,158.0
28a8b3e9e93103e57dfbe8df0cdbce5f,158.0
b3b0bf1e95b7311948d08aa719d09562,158.0
93e2b668f75cb137a4318ad4aad0a984,158.0
498c737759c2eddf05f25604e2f9c696,158.0
3b07ab4324b9b1f80d87fddefcb9f6de,158.0
9cc971992ce857d4f7ca2cbe0e6527ad,158.0
753fd6ea5bfbdb42323563c2ce2f9003,158.0
d74f0f48d2cc9237ca21e110142a3cb4,158.0
ad0c35291897fe7676b70f34277553e2,158.0
5f63d186b5f09cdc96557cbc824f7352,158.0
83f80dacec9b7214a86e64d568bc76d1,158.0
3c72e14202808c9c147aeccaa0ce63f0,158.0
e4a3eb8317fb4ee1e9ff88f3ee5dd0c4,158.0
9b45fdfe7e8439a4e7d2814b3eb6894c,158.0
7769eebb90b7a387fbf8087dd60024d4,158.0
e95d937c7456ef0f947990a9eaee2b1e,158.0
b97e0c31fc40604d54a7bb2248d9e1b6,158.0
8310ed73d01e240966ac0b8127bc68b9,158.0
618a7b555a9053cad4401a556694b649,158.0
27a410dccb395b6ce45963874d158352,158.0
2c9b75eb97b0fe65ff2e32fd4cf62767,158.0
085c3cdfa4c43fd07818db49409f7bc2,158.0
015c9c9ba7524dcb69a8a6d2f383db8c,158.0
0e1fe033ad8a4dc4912bd1910d391e7a,158.0
1510278962879d204243606cbd1a9ede,158.0
b2fd080b765a476b2b2a5ae373d51e40,158.0
9b7fd789af1301927ba3380e1efd0225,158.0
1d93c38087f43927ad29cdbd73a1a01b,158.0
da439a6171097bca575bafbf575b7d48,158.0
2aaa2dfcd1c4475ac4c077cbb0b72691,158.0
9f58ae46e670c6f8c3111b7d5ac30a12,158.0
da88fb151f2bfdf7e7c8da4c41dc67c1,158.0
1a569f84f0d009ad5ffe957ac8471572,158.0
b7e86ff5028fe8cbcdff42b0421fdb79,158.0
1d8512a5d47ea41e5940a0a60be7e644,158.0
da173ab54b24c00d03c7f1ce36824f9e,158.0
c852c0de5625170406baddc488a0f780,158.0
2c143a285d05f7ed636955c1487082dc,158.0
2fbc8b0a61f041665380a5a931b321a5,158.0
c6009ed886124053d438bda8e7e8e7ca,158.0
b8b4f0721839f23a4808858f3348d881,158.0
1928f2939f8f9c70fe35f0413061fc55,158.0
529906e040afd74948661743fb67bed6,158.0
ae4bdc0bca693d35b29a42eb56cac1c3,158.0
d8e392ff4cf70df9743697280315c7de,158.0
e8430195f2db14c574e72de0d1d7c735,158.0
7671460b5fc94be0ca976374c1a1efdf,158.0
fdce09ef013f366f4ada7c2e5d22df6e,158.0
6cb6c3977a3d51c6ae2bac379e4aab7a,158.0
0f46f6d2defa501848ba031c8ceff69a,158.0
e12442fd928531ac63187816f2e6e860,158.0
97cba178632e2fed3edec61ce374fb60,158.0
4dc4eaabbe6f83dcfce7ee1b31af8c43,158.0
eb19d6117ee958ab1e3e3a2d8b230083,158.0
28c250c622ecb0309adc441f549d9a0f,158.0
db226443fd1202670a8e85dead125d7f,158.0
406a0bc4a37f2e94c87b90b6c2a9c921,158.0
07171815cfd9a9aa8ee3dd62767f3ad4,158.0
30fb0bd8a8a4c9d315bbaf6bd295581f,158.0
fb43eef14fb744a98fe655d3ee9547c9,158.0
a8511ff4c9af6993a47f196677453cee,158.0
5c4a2cb7cf6f6dba62e24f7405c61425,158.0
b9a2d8954b869df9efe2e97b6ef302a3,158.0
34db9ccc15a061318cdce4914490cf64,158.0
1601b57bba160dc36168915123bd9278,158.0
60dd5ea5f8bfa751e88c6ba644c486d7,158.0
431bc21b8bfca2c89d71be1c9d2cbf78,158.0
e8ed13a7d30ea447608bad258f7b82d3,158.0
6715e300551864f06d4deac32cad0957,158.0
78bddc5123d56f373d240a46bc3a97d2,158.0
ce6437db085f8e5a63c7f918f61691fc,158.0
d7f0e97224e87c4a571980b74994a951,158.0
fed13cd357eb1d93a8a42486619ae798,158.0
4a5252cf92ac5125bcae8715b989a870,158.0
3f25ae79ccca4a4202201980bdc7059a,158.0
649f8fbc25f8c08532804ebc4f962738,158.0
d524244808bcd4e2c485fa0cdae9f54a,158.0
4e6826e816d3a05869a1157eed92c4a2,158.0
872deb900d7e77d23ab72edf164c9be9,158.0
cfe75ab6c94e28d2fb65a562c7e729c6,158.0
3d585c4e4914b64ce5ef202ed17795a0,158.0
d81eec91dac9e0886753b2062c26b1ab,158.0
b98042f01402075e60d5cb493b0fddc7,158.0
fa565f5c63b5f4853a76cb7d9d2bf1ed,158.0
fb1d2f6f3278583e93a12235803cecae,158.0
48c7a67e456b520e7f307887187458f4,157.99
7685918f2b5285f1d3b3d8dd381b5de9,157.99
e2584410bf1f4150b5f2334c01bff6b8,157.99
eb41a1c7f87e6e71b1db055df78e913a,157.99
4bb501a36223029a5d6db635eeb86de5,157.99
f92612f68ce1fb8a3b2fad4cb553822b,157.99
d503771c01369a24b04e6151ca9882cc,157.99
890a54fef64cc9262ed0ce3a729a2b0b,157.99
b1f2fc9d43e2448aaccb1eab8311e7f1,157.99
59e332f4d0312e62e17ae68c81aae8cc,157.98
79545b43c39d43c0535fdf3c2a982e55,157.98
1c3d7a65ccd05610b467567d6879a2f2,157.98
3ab22580c82d3db7531aba1fc5fe49c1,157.98
97997f46442a864ca0dc6180d3907099,157.94
2441a0481b3df45bfabeee5e7567b5eb,157.91
5f932996c6408714b55c073f7fd7fb69,157.9
c95f04df0950db371171123b5675448a,157.9
7dc40753aea06d3bfa51f793fd839669,157.9
d5f2b444d2c4733f0ca232b00f0ede7f,157.9
5f7d5048f92d15f0ee1ff49d63175577,157.9
5d0529e7825d35f43ac5c524454e5a0c,157.9
b77f06832fda847b4b4604e82f075535,157.9
6ce02ad1cf761c5d0dfe8a6c1c023433,157.9
14448872be54e4669cc888babfdf4bc5,157.9
5559bf647b4f700749b919fc782e10b3,157.9
47132669a97ed8d24702c0f8a51a91bf,157.9
7dd3ca97fe318346a390afe61293f89f,157.9
571663f5e6a035e2e7acfaf578c64f93,157.9
c9233ba6b5bc56e3863402f020a416e4,157.9
dcf7c4a309fd8f1b1bf410e08ce5dd5b,157.9
e76656ce4486a41da00e471277b1d1e9,157.9
a7baf79001a47745d1ba7e68812f055d,157.9
b686164fb97b8faf0c6acb1556838ed1,157.9
a0509811b0419fddcd821664a7309aaf,157.9
cd4e39304155e9faf215ed66d28f6e5d,157.9
96f07b2996e653975a432f648ddf7d33,157.9
dde349ab91bfc0a8136adadc4d994d5c,157.9
de5eb84a5a8ed2d3c0d0b7311a2010d6,157.9
6494f42a695d013bf1049297c42f0def,157.9
f3799a6efc9956211770b7f5554a886e,157.89
3e7b413594714db992bb14c4236ffe6f,157.89
05e8586e1ca488defddd47b5be9179c3,157.89
1fa3275d3db9f7e865fff12a76c6d460,157.89
29d638a84ba5f8b7a4b28d518b854fc7,157.8
c047c68f42cf14e79adf7ff885415324,157.8
bc2bf4d3460e7dab7c81516fc7dec8b5,157.8
b979a7dda393bdbbf2aabff02dc14a25,157.8
8f9415469618cb9fb859cacab18cc324,157.8
0fbe8d6603447c975e197c946e84aaa0,157.8
e7ae50c200e82fc7d197354243745a88,157.8
81a1275bcfb9293d363987cb4150d435,157.77
1b3ada300061b03f4944c669e5030ca0,157.77
9129cf8276a56e1c8b1b61ed8cacf484,157.77
af3fd22df097ba996e6a79ec214dce34,157.77
6d682f511e7be36a300a8ab20d1053c3,157.77
c9a9f8854d077abb9ec32b1fe9076a77,157.77
33e4f721d5ce4a77810690e77b51ea23,157.77
a1306c28063b41c54726e91e24ffcb3a,157.77
af550b25195546a8ed88b2b89b1d0fa3,157.77
9561fb5984d862e686beec844488550f,157.77
2f26dc195a3316dc8481f1b1fe935c94,157.77
d42f9f5f246e48d21bbde0765ca3640a,157.77
8558227007218197a4d8ac26e41ab22f,157.77
0b81ea8d0894eebe6bd8e8618d3ad548,157.77
d6708bbbd2d419475869a84e41f620a1,157.77
88977a0c1c4b9ee4ca5d6f12df4107ac,157.77
7082b385393bd99f9c75789376a81588,157.77
cd7333a35d439e7d2c03da35747f0d78,157.77
65acdabe561c40175647855bd9c61d07,157.77
f937f9c4e3a73d5b981f233af9b27f49,157.77
7774aed347f74a1c12aaf3c628cef273,157.77
a4db066a833b0fcd698e7eeba2d73fe9,157.77
7c16089b205d76e0e6c1b60525521316,157.77
e3537f8ac0fc4fbec3fa84b697f45ef3,157.77
5219321f4cfa568d79fce57113233d7c,157.77
d0ddacba5cb9f6eb8b0c500d6ae93e59,157.77
9c0a49da7cf7fede3107389f707c6638,157.77
70bbf6c3c79d50bbe43fff88f778a647,157.77
b4645427a641aee53c205d38e34dd5eb,157.65
ebd041ed34b52f107ec31fbe185b9603,157.65
73d09ca227c5225e02b98e99f20d0ebc,157.56
882582df98d24d5a38850e0ab4e76c18,157.5
06212d81da710ff1cc3a5dd1afaea410,157.5
9ada9369c351ab0b41d93b98d5a963dc,157.5
526441615839170e46ce165be2760060,157.49
4cc013147ed779e5e5cd70f483e28a1d,157.49
ba4ec83bdd2a861c366574f0d4cef56c,157.49
0735e7e4298a2ebbb46649346570476a,157.49
6af08ad4a63b906451406de974e3b87d,157.49
633fd0b12f89cd6869975b2e7c393335,157.41
d20bc6c62112b142b4644ae1420c97aa,157.41
5e4f709a4a624c0ebc1c53a2e3ba7c80,157.3
7dbefc296bc3eff6103e48871bdd9806,157.2
fd9e470681250f6e4f164ca3ea31157e,157.0
8ddcde02078414346afd031adf6ce3e8,157.0
724fd59997d717ff15ad781e2424b149,157.0
5117ee6a8d286f41cebb2d0ba52f8de7,157.0
1fdbc491b5d027c76d77bd7c916dcd14,157.0
dd8554c8c748a675f913ea89a7b86b76,157.0
7cd4fdbf9ebd24da18652aff9f9137cb,157.0
cf28b3b37de0d44466168e557645c5f4,157.0
ea0b4bff98df39909d0bab62c60e0725,157.0
686ba249f6f98cc2610b58e5b9982e6a,157.0
2029c97567a35f65fd61b2b78eb092f4,157.0
93a449c8c999a89f29461ea0d7dcef4b,157.0
369e8d5b3fb4177c3c9a6623f408cb1e,157.0
e63ff70885e7f2f2902b2775a43c9d9e,157.0
782cddca87150c8ef0de9f360ffb7bf5,157.0
e2844e8136dafbe26b6f32571c6201dd,157.0
679b47a0e9e57e5f32b43a333b746f55,157.0
dc0e146d1028aae4e6737f34073a444a,157.0
3f11d1b5ece70ee5d68c4648f3e4eaa8,157.0
9c296bfe22d67feac315424199ca7b3d,157.0
d7ed9faec75b9d8aaca43b8c18b2f524,157.0
7dda8fd8754df0adc18192f2a0749264,157.0
157174b2ef72b1c700c5b65e7536d6ba,157.0
93c6113c1d525c4bd1e12336662e1fd1,157.0
4999e129610251dec1e6fb712dc15171,157.0
3308d5e4694a8b8f2170b88acab14dd7,157.0
ffc97eb567d22d3e39a56c61175f9838,157.0
a3969268e289143c8a672a9d36942206,157.0
30655cf58eb5718f546e6dabc8a860dd,157.0
6a239e8985c0fc11d1b57b9b189f9302,157.0
8d0cefcf69559a014ec1ea6e8ebca2ae,157.0
e559ddc91d9410c38d576e423ffbb67b,157.0
b793fbd5689d463bc149ed882d44c6d2,157.0
a8dba309b5d223816d3baa504542c819,156.99
26085b5bf36c821ea31abe21056cb86c,156.99
6a368a84640ffeddd3d37a46e26384ed,156.99
be19dc32fdd2380731782b48abe63211,156.99
5aa439f5f53153b4ba0aca0c5a39fcf6,156.99
11eb05d12c1bedd3740c8e4b91d84d1a,156.99
5a3ca183a31a2561f9a3d743a301c162,156.99
6ed3a6f46ef83d356e7152ac4a4388db,156.99
f81532a2b6cbd4faaccaef2604cc8a5a,156.99
cd985227e7e8ceab7d42757b44a5039f,156.99
461ee11aeaf3041731370e0d1e5adaf6,156.99
45405b626a4056adb9220c5596687269,156.99
d963a4114478c61b46c9287d5cc18741,156.99
9530b9f86c2f46c3e66ffe405c1669ab,156.99
5c13ef4a096ac39db6bc827024b66542,156.99
157475701b1e42fd2f2aa734881452c4,156.99
0dc30fe0f8e3ce6df4c628ca41654fd9,156.99
dc7dc47999d1b3c4c2f6a085a1a76eef,156.97
08c95eb831d93a76079d7e24a117db29,156.97
7ca34205b38053505f971f4545081027,156.94
ac1f99b3b74760ff892b893f3f9157f6,156.94
7d5bfe0ecf07750475619272cdd9b6d4,156.94
948d597661f84f3dad5c9075f23fdd76,156.94
97c9d8b2434624d9179f776ee63e2fc7,156.9
2deebc28cd9f7e51805a1e0c1d6853b0,156.9
32cbb3cad9dd1ccab31b01a36c2eed7f,156.9
b29cd4b6b9a32a9071f8ef282588b18b,156.9
e02c7d012516647a8ad7b408edc8374a,156.89
26a5c57589e5377416c0544bc8f9daf0,156.85
c658d700b1a119fabf40a73c0e140f7c,156.8
61a81040aee00781a11ef32ebf346f1a,156.5
e4eb839347c15a4998942e6ee3a032a2,156.49
d8dd1f88f7fd02a5009a383f57e48006,156.45
c9c56649a35abb4aa29797b17350d423,156.45
ef0ce737cbf4c0d6aefb7c7281b658e3,156.45
480b60f05b6caa21bd6edbea402d607b,156.25
4e25d8a3eb725a54cb86bebd52968a98,156.25
f961764b9600b0fd7ba8e43a21daae4d,156.2
fe510f4e4c3ea978c714418b91049d9e,156.0
2382733f0f5edc1be5b3b4e3a6ac0e17,156.0
99595c44b1f16a0c965f236d0bac1cfb,156.0
6976b13183e54d7c9dac5d94edefe662,156.0
fc21178c7e1580988c8d748736a40bea,156.0
92ff4a1cd03e989698328acb4c3fc46c,156.0
23beef0385f944fcae5cb8d4ba23522c,156.0
de0bac8d2ff6055f46241e3939e30a32,156.0
31e5072f5abd6e9d71b202e9904d1355,156.0
c58f80dae9018187e447c7d13c29100f,156.0
b4991c29412cab05b66fd60adb81dcbf,156.0
a72c88547dfde272c230dc57c9f04dda,156.0
28423ae8e61c1263b93d65790d9de166,156.0
06cf02bf583b05fd91bc8eec0f1b4c3f,156.0
10aa8b368f3ed547197e8bf71b29aacb,156.0
78fd916635f6a0b05a86a3b62dd67e95,156.0
0f8fecafd09b11360afb11f83bd0afbe,156.0
68f20e749722e81e95a294b21b2763b5,156.0
29db91941bcad91da8de98da8eb5d8b4,156.0
23d661035c54c208be4efe7ceeba7821,156.0
5b8c0cfaa1c0eb993a464dc9d9d0384d,156.0
14a98f88d2c17526cf1f6de47ebfca22,156.0
c5223ed17c50a5c0c3f51a4b38b565f1,156.0
76df24431ff482962bb2d94c79871ca0,156.0
eea7c7cae7cb169c210ed31a5b25180c,156.0
4b3be93841ef35f823beb3265b173159,156.0
573955e60264b88c1ceffbdddd8ffbcd,156.0
345558fbe90bd23ed54c5489ed4b7626,156.0
3c23b9abaaff0ca38f4116be91be60dd,156.0
ae79d9b3da28bd3788980967842a38da,156.0
93bf8aea22238db071f484d0ade255f1,156.0
34a53c28f4e30da0b45e69eee581a0c6,156.0
1003c48609c8afc8a24ddb9305f9d772,156.0
321620138e47faf163d861b8dcd7119d,156.0
9b208d7e04cbcce3ee8db0e48376ba02,156.0
602b4e6be5cb77a7b9eb85ee3aaf4f85,156.0
dc965c402585418454e732f34c9d3e84,156.0
09d1557bc553526e8b15d877e8b86650,156.0
038561d63c7a2c5cd26f05914cb27be5,156.0
bf725177f884f54d91f03c29eff25683,156.0
36aecba54dfabb1b1ded76d471555414,155.99
55ff36e7153537cb8aaf5bc849131475,155.99
a6bd6725b70ed51d4c079b42b1880c26,155.99
3975ac6ad466b998b9ed73750192cbbc,155.99
97041c16f13d77339e0066c4f41364a0,155.99
d581cc16c2132da59f81791d5672bb5e,155.99
0a95891690ce6cafb5d1fc15c45f479b,155.99
418a04c8b80afd21264a413c8c9efd18,155.99
d7b9004ff34610bb3451b130ee2bf38e,155.99
6513d90a63f4b94c65c7b39a8205a75f,155.99
9b3319404f3dbecbc1f7fa9261a91c61,155.99
b5983676b44fc48efb58264d12ffce30,155.99
745b217bcdd43c77e53db795a8cce73e,155.99
ca5e08a085e90fb92a7dd0482e4073b6,155.99
a0dd74c26f554c5ffd5bb25aab74fa1b,155.99
cb64e4b6dc20fde48260a4ec34197a09,155.99
76803832b0aedeb887f1748668a56312,155.98
224dfce9628d0b53567eaecab61f5f4c,155.98
06d970f4d3006a575508a217a7acb7e5,155.98
e6ffef20b193cbdbbf025b02799e075f,155.98
4aa5ea2a21bba03f84782a1b07679084,155.97
2daf50201a5e309f6be0fcb20ff2ddd5,155.97
6b0d003dfb0131daeecea514f9d4f3ce,155.97
b09b3e158567acb2d422df42855df6b4,155.97
ff18d77e35600709ff43a4644f9eaec1,155.97
b602aa1422b1a94687b3cbd667dccfdc,155.97
58e372cf770f91c3f6ccff91e83aeec3,155.97
faf87906fb8802a80785bb04380c7608,155.97
e2718ad6471c175b7ac38890ea8db4b7,155.97
a77b0439890bc483529d4452eedd68fd,155.97
830c072c1506fb76d4adb3ec52058ea0,155.97
6cc74c60ca9f1e86a7116ade13075729,155.97
b72d6bbfbc9d7ab8678862a7ab3f92c5,155.97
cc3c3b45159903c0b8f0777dc0275e60,155.97
79b4c20b6bd8e73a360328f99c5242a4,155.97
35a3f6f5b9151af0f60414133820ac23,155.97
a685e039c2149f0278def380b654b0b8,155.97
4bdb3f63051aa4597f41468de9c64d39,155.97
eab62436056c6ce3853a17dd6892951a,155.97
0b3a3c105d2d5b981fcf34c111fb18a4,155.97
59e6711e78382f0d326f719117277141,155.97
7713e861b6b25bb555804711dc1a57e8,155.97
b6a69993d6889b36b68f7855f73d34cc,155.97
c618ee064d6aed1a5548cd0146342e68,155.97
58281a0f2e7cf112033f164b20034665,155.96
1e88b5f20d4c915f63c41dae61f1c23f,155.96
1eff81ab2dabace9a165ce9346ba7ffc,155.96
9ced49d0bd7708f54703e002aeb7a77b,155.96
4ae477e15a54cbcecd6f66edafef1cd4,155.96
1ca497489db5c49365ff4725b1a4d192,155.9
9a64b4746d14603ca0c87861228a2001,155.9
e70c671c60cdf3f27f162c296e5d7e0c,155.9
f4db74faf1ab52d4858eaf188673d8e1,155.9
5147535c11cedf05fd1adbd3dfc40599,155.9
dc109143a854eee7071a9b8f222ae38d,155.9
d50f3acc865789f7e54e26595c5574d1,155.9
9ccdd15c9060a6ea0d5f0abbb7324022,155.9
7347a3e55864090d9ba9034624273f03,155.9
14e2483e0c2635d3cd24ad5e0507c925,155.9
e4338d62c76f8fe7406c55071f50e440,155.9
b00c9975137725517d30c1f11bdab7bd,155.89
f17c076880d67aab82e92fcb3dab7424,155.8
8bde51b69bb893209da799421f62eba3,155.8
b5da2b9eed5cdc1ee96bb8ae16e0e19c,155.8
cb831c015f5b26cae7cda73671c7510f,155.8
a3fd157f7e33775466211eef291866b8,155.8
a947dfb481280eb7ef13c1c05727f340,155.79
a0edccf84fb09993f9a6c7afc451be66,155.75
2731fd84e6a05d548640607a131f185b,155.7
0bb40a0d7f0a7d3380f5543254ee0dbc,155.6
f489398e8dfad1028b7e94874dc9fa29,155.55
7d8b67a0d473037495f19350c169e775,155.55
8b4460b91c9db1e8cfaa88762f825259,155.55
8fb44e903c53eaad9c5379733823063d,155.5
3b89e57966dcd01fc701714d480e4e96,155.5
d8328c8f7eed994c605f576e590d014c,155.44
6470fad7c87e2dc4edf0d527b4641c6a,155.44
726d374afce579bca5195f4d84dcc741,155.4
ee3abf5e5a86dba3c3fe3c8ce3481740,155.4
f651fadf067034d6d5a186390b45289a,155.4
40fee1fd0baf564218a0e83a6d2a546b,155.37
4ac77c067bc945692624809372bd4ff7,155.36
01d7e86d9cc4c847baf866cf8f0d0536,155.32
c4f8ebdb558f6064130ea0b705f65997,155.29
e50282a57bfcb1996979f08a9c82c765,155.13
577c0e677251c5891fe5ea9764503e63,155.07
8aed2b9a0c5e28b55b9c3a70755f9915,155.06
402697a18bebdb6c855efa359a039c2c,155.0
903dd6707176c6bc79c11b89f8501ffe,155.0
1aafbd6c618138bdea72b569bc4482d8,155.0
d9b4a26e122e830decf445a401ff0506,155.0
3d8e1f7bcc45c0bb5538cfaa0d1a1437,155.0
9251bb06afef9669c59fa288178630d6,155.0
2e9a3c93d2ff06bffa5cfa7201ab1ec7,155.0
144b53cd31f35cd3d90944d275d93141,155.0
bd4494735eaf4a9f61773bccdccbc41c,155.0
3cdeb0f3c53346d464ab1c2bbf768375,155.0
1a39f03ab9c2ad4470f8c49d97cbd6a5,155.0
512f4662f36d120d1438a5ce6a5307bd,155.0
eed9cec509f28fe1b2744f653789d7bf,155.0
b8355c60d2d4ed37c4a50fbd96d629cf,155.0
131bcf801cb9c02140783e20153249f9,155.0
98721c618b43935849baec57ffb8dda0,155.0
511c58590688ebf8dc5356bab438f8c3,155.0
cbc4da078da70f553783f3f901a8c858,155.0
d7b72444b3db886d81d0baedba5e3300,155.0
2512566f876344aa76171ff2fb134b98,155.0
5ce71cdf0f83ff207aee90e0069e1f42,155.0
aed30fc350a9f6480062310fc0fc08e9,155.0
510183129e0db0787eb3d485c0367f0b,155.0
83f4216232e089eb36f1ede07df6bb24,155.0
76229876f6fb0efccb975b8ceb4afce5,155.0
b26703924c569fa4f11cc90f8161a043,155.0
c82db19ec1f02359a3ba17d5dca4290a,155.0
fe6104f311827c6da370d03f8d54df05,155.0
58c3f1f8f62a2cc4df8a9ac599fd6d91,155.0
ded39065fc8497451c408fb756c65a4c,155.0
4f482d99f4056116c5c9fea55a63bc86,155.0
b1b31726e0f06908abd1d752f98e0d4b,155.0
c94b3908acefde4afdccd5d19480fb36,155.0
b9b635e308a441c0b4719d6969880a59,155.0
58e41ee664edb6b56cfa39832d76d01e,155.0
e16cf97d3d5183b6516d4fa8a476285c,155.0
abf6e5a27ea027a46312283be02c821b,155.0
d7a77284d0a56f6b1ecb8c344b60d3e4,155.0
25ce51bb7c5d09ae44f343dc41af8463,155.0
59c9e900784c31f835c751a70ec7eb79,155.0
d1e1e6357ad88f9f2849304c44884cf0,155.0
8d0ac85590ac364947222f448469095c,155.0
7613fffbcc653b261d2689ad77741789,155.0
93f0c8eaf1b7a1c951d234d56b232e35,155.0
879ba647fb33e5abbc085e25df942716,155.0
6ec09f6887b146bb77c576f4f07c6f1d,155.0
83630d4bc2cf2f95fc1e41b054deb8ec,155.0
b08fac8c0f68c7bfed763fe5d78eb557,155.0
39e73876ccb56f80d2ae60b888dea740,155.0
53b477738eb3cef69bad14219f08ae6a,155.0
67e84fa925f3a03fec2e363a72432552,155.0
3943ab310b409df9d58ab083922f6382,155.0
52d594f502a5c3328e8ab6815bccee72,155.0
3dfe06159548750f3766901dd35c4faf,155.0
3be2672b8530d0f4d342c18d907de378,155.0
6a6d612ef8cd1790b313f65207c2a383,155.0
2b90afe122d662e96837a5441166be32,155.0
058d38732ce7f213cc8f62ffcf8fa0c5,155.0
bffccdc4f614a1ce8fcf750bb0a7ab9d,155.0
d63781bc2b6553205f2670580b30f9aa,155.0
1dbf434ac2c0271c0a5222be25c8fe62,155.0
5194b960e905cac68a0154a2d7cfcb73,155.0
5b7debb4d76067f7a0ad368028a89898,155.0
c5d82efcfae4a61553a2fee4a8309bf9,155.0
bd7c369fc94a4b21dfd069c147e85620,155.0
eb1af103834509e4576f379f39d3953f,155.0
725053273ea08ee2997d63e7a36b984c,155.0
08a01db5764bdab850af621dc71a35bf,155.0
5c19afd44aa5b737ea4459ab0080193b,155.0
319dce58caddc33d4965cfa1e107d692,155.0
f94ce64db2a1734b3a34e61957627187,155.0
a332a08774332cf3a10b73e79d8a5d93,155.0
5844a62772b729f3f92ba756dc9411e5,155.0
581ee503fd22bd36c99119cbfb230237,155.0
d7d1ccd6923eea9afd77651827d074d5,155.0
47b395f6b2b34956a36e9bc97cf06809,155.0
7e27f4fc651dbbb8ef84aa9450dae2a5,155.0
721ca1652b2116e623cc4e10150239d3,155.0
c691fa8d8cf769ea3b4b02572b606a6b,155.0
054f7fa8f9a8f4ce7e983c0efc2341ff,155.0
e995d6e83758ed9aa3ed2127fd24cc66,155.0
5fb39a43ec716936e83699ade7a664f5,155.0
b1b7a7a6b45f0c48bd9a2c169de0035f,154.99
b2d6caa5f3a72fa199a4815a4678c82a,154.99
55204f8702cb4ac85c8577d061a88aa4,154.99
489df64da2a93a05244fc7edde3b328a,154.99
27dd10f1b20e6b39cdd260a949cec32d,154.99
f7b33db289b360763ba82a6713db8823,154.99
89610c63a51a5b2ee28d3b69c6bfff3c,154.99
a85c4ce1598da0a210287d8af78326f8,154.99
c58715ca3ace911c2dca3f824abc8b8d,154.99
165412115747b056d83956cba0e9833e,154.99
8622c629a0890a4ca20d1e7016e1a613,154.99
1fc0f7cbe519bb5ed956596274e0c4a8,154.99
3ee189647295a370a1efe464e24918bf,154.99
7c9be4cff0a3734d50e7dba63650beaa,154.99
33a5b6fda716a4b98d433b09a4f99c12,154.99
4c3ab0c3857228a1dec7003434f3fa87,154.99
54fffbb66b635bac0e36b284797a581b,154.99
4368b90b06b8eec19d7d150a2257d1e3,154.99
b41e711f87202c50ba7d98ca8b5a7c84,154.98
cecf2800e753cd1de4e002dd30874adb,154.98
51114600137b7c46ab0384b834206dd1,154.91
996b18b4ff1e2f7cc85722ef402d1a23,154.91
93fbfdd65e16d784938699b2af7f8b27,154.91
663422ed729b1aa171b0b5d740827771,154.91
eddc5ddb5496488dfdf0c96258861610,154.91
7afed877f51f362443ba1bdb49d9577e,154.91
f1cf04d23b4eb09ac829c8504b6a4e1c,154.91
ab6c292f7ffe934c4f9d7d7529e7ce2c,154.91
68d1a1a291e491307ff610511e25a860,154.9
4a87a0eb95dfb921f88334b7873d9410,154.9
5e23eb6b579778f0fc5450414008f4cb,154.9
2c069e58cbc8b600e8e4078598ee2c35,154.9
4019c8a62bc1d577f20482e60b3f8250,154.9
882d6bef7ba1904c9c0db3f7a4bc8fd3,154.9
ce4e32eba7db619730a32134f6ef1325,154.9
f5e5a13035ff20d21a46976f22e5dc5c,154.9
4031f7682787a54257f1eb640c759f15,154.9
7edcd103e0782177badf74dee2b18125,154.9
6bdeeed6223206743d472ae1293f46d7,154.9
b5c786bdc9e15e28d33f2db4ea2f9875,154.9
912ceb67f21aa8b6b8716984d027c8a5,154.9
bce717de943b9b16756121e882a9fb9c,154.9
91c9fc1d296a37a38a3f6bf21b818b5e,154.9
a1b0421d81bffa8f8c7cf153f5a3ec18,154.9
9a745c47c228743d4a7bbb9c94e943e9,154.9
b065dfae5c48e97372da9efe325b9bfb,154.9
e3626ed5d1f2e3a02d692ec948b25eeb,154.9
9e67c0ac3887a0cbbd8428dbf046cc9b,154.9
6e4eb34e7f4d526a82726712aa17c02b,154.9
cc6f5db7dd5f6e879475e65899663005,154.9
27b04e3afd2217cfac1020a7da0cfc25,154.9
e9d262259915d573a19866fc07d862e5,154.9
0f2472966982432136bd3dc7098d5bde,154.9
68c3651d6752a9bf3b7797626f200e06,154.9
59fb6b6e4bbbf5ca5d6f05d469d97ea8,154.9
267857a70e88ed1fc513cac53030a5fc,154.9
996dddfbf0751298292794a9341ceb95,154.9
a28c4592ffac2cd667bcd6878dd111c2,154.9
29e57c6ac5c73af2dccafc3677593739,154.9
4563117c5eaa1c6cf7de150ca8d727e0,154.9
8ac0a23bbeb76d7c5244660c19f9d552,154.9
be536975aca27e27b28b1a77c0c61f86,154.9
b58cf9e5b75bea368154886bcfef2d82,154.9
19120755286ce78597e0b3c65207bfc5,154.9
24b175fe0f414529d36372ffbb5b2768,154.9
c244b3b62032ca664b49ee1c7e696b84,154.9
be64f74b2773efd8d765f8417b65d276,154.9
ab39d94556c66bc0ae68d7912dc296a5,154.9
d30240349203d309f2d1c1db24c9d9a5,154.9
2648ef8cd82f3bb5f79d18def3549549,154.9
7c4f2e603bef4befd6c7ea4c855fc817,154.9
cdf5d3222d200deac16e4b4c2e97b519,154.9
fa862bbcb6d5712cab0a6d2925b23b39,154.9
3d6646146ec066f0beea6c37ef49b705,154.9
97ddf73f360a8a7836067099c248a75c,154.9
915c7cf80b20bc406bf46baf757fdb40,154.89
dbc2118022733d001af07ccb8a0df0d9,154.89
d38229647c61a836c961b3c045c42a2b,154.89
cceee7ffa972348a332be8e08842dfb5,154.88
cc5971e71692e94bef77a9cddcc880db,154.8
0503eb802fe69a16beabc757cdfa27a7,154.8
8b86ea1169fb96d2658eac99258284f2,154.8
21bdba219d8d2f0f3795d2d97d8e30d4,154.8
6dbfa12b33da73473d07c931f4d50996,154.75
b7770073b02ed1d626a027ce86a4ff82,154.72
11abccf0ff641d344604f0d9e072f91e,154.7
c91c30cd04bca31b0898185a149163c5,154.7
5795eb268a358058e245b83429d1cc8d,154.69
c0cfd65a6d4bd318ef871d81a9f387e2,154.69
eaf8703c9d2a4ca025cab53e61a82ab7,154.69
c7425219e008cdbfc8cd8c88379580e7,154.2
7f59e76c0aa7ffa96374216e3fa5a4d5,154.19
ae2431c2ff77ba2c43f2191cd00d9cd2,154.17
e532665b23b3d9fcf965342ea38a1ab7,154.16
c2b33b013ccfe4de377fa0e06c7f6ab3,154.08
acb4334d42e78620fd025c2da7847bd0,154.08
625243048f1ccf53f22fcbf49cfc1cf7,154.08
51ec194d0f9af88a547b9b15fd47d390,154.0
203204fa07c4ebfad4d5c75079f32453,154.0
99fd0c20b4645bd61bd6795a8ce33ff1,154.0
220f4b53fdb188674895e3c41dd688b9,154.0
208cd697668b60abf6c27a842542f29e,154.0
5a39e7d39440b67d24d8c1873cb65ab2,154.0
b2333f7e589f125452148e1bec4b9fcd,154.0
dc850d9e9369c7304c3a5d5111276419,154.0
f2dcd384c468a77519ac3e8731ca9e04,154.0
ed326eba566d15b5ec9193e2fca7f929,154.0
fb92391db333011d9c394f9e9d569d0b,154.0
d1819907684da852e53bc90058c7a11c,154.0
342c4258969c528c3469db9acaf6b0ad,154.0
e05514718390ea5c5de170c243b30fad,154.0
b8f48f9883fa05a9e6fa06367fce7e87,154.0
fa0c2f65b5108e4a65327a1c31f63e2a,154.0
2acc0aa04c8ea6b0378fdb3928cd819a,154.0
9d8cd38359ef7bd7197fe4fb0ceaf038,154.0
e56e6ada2cd04a5dd2726812fa82a7bb,154.0
b9dd6c551bfe1ea46e2ca722708df61d,154.0
dbcdae75dc4490db8007ce62565d512c,154.0
d43631902ab293111a2fc26aae11c230,154.0
4a913a170c26e3c8052ed0202849b5a8,154.0
ab6c885fe5639e705ab6ad8237e88c96,154.0
58c543fbae6cadb9167d1f62e0020908,154.0
914cd02d51a7024210cb68c41d4db0a0,154.0
228197f0dbebc485b65d117dee5bc7d5,154.0
edf16944c4d033cdacf0123ce27592d3,153.99
b9872ccbe97da52e7cbb4dc300eced7d,153.96
1efa6313bceb1c18c02fa46f33c6ec77,153.9
9f578aad6c6c21853f44c0965b35193d,153.9
76b2a09f520e22fb95a73f4baa4cfe50,153.9
5da58311c38580e9148202a5ed52b9e0,153.9
31a8654d467ab5c0d7a4a273272c460f,153.9
37e91a62224d2e070cc2cfe7f2f46841,153.9
7bb24975d38523436e659b5c2c17a383,153.9
af728e0bf96a8d350bf03ff43dadfd75,153.9
13431a9121307b4780fd792c4d248684,153.9
7c6d2c5a15f97e2fdf626ba09c19bb07,153.88
a567d00cce9a16c45c561f6c3d0d6cc8,153.84
5a6cb5527c25e5b4e0264f547a089635,153.8
042d3b446910e8338a3a8bad1dafe7e7,153.8
07c7a0b82302514ec1c6135dc7dec4cf,153.8
7b86304a80fc04dd20a7f6ba3c700375,153.8
59d8f775e59cb4feccd4fe7c23216541,153.8
744712b9c80935dedc6c1995e32bfdd9,153.8
f62992f4db18d0fb581bfb925e104fdc,153.8
60d76c8b07dee343a0916bbc6ca1d6f9,153.8
d5b02fce9c3b6d335a9cf3ce1163a8a4,153.78
ffe74a03e68b1c23d2bd6a1ecdc2f3d7,153.78
f9c59a6fedaa2f0bc67cd03f30f02421,153.75
1334da127df70d32ddf5a1a27c675e65,153.75
f647802ba4732b3a5730faf366ae6607,153.67
1b9fe118281922def1e4e536fa317d71,153.6
534b1baaa8b375f0fc4a2088dd5b0f68,153.6
a9c26b8bcc884f48fb63ebcd705efbe9,153.6
8dadff39785f12f024ca4af07bb5077e,153.6
1470ea637a213181fd75f1f67921bd40,153.6
b9ed552047d9caec7b90ff5f1cbba509,153.5
ac689b1fabb72a1bb917134bbf6f0d23,153.49
e3ba5dc186f78dc33ea7d927d8005119,153.4
b6c313eb381d6eb32ead79acc1117e9d,153.4
85727ebde1c2a3f68b9ea3f864382dfd,153.4
236b2f908248dc4231c35c2153db2c3d,153.4
89df8b7264f654f2a8b05894acffce11,153.4
ba2cc716ccf1cd5146cc1372fe0fc165,153.33
db3234528c502acda9991fd53d7223d6,153.2
a948eaf66310b1a8fab566761234bd3a,153.2
8d4c810bc640a51297ba21205495bbd3,153.17
7991bedd6132df109af2d9735ccde51b,153.0
c92b21c93e0e1b1a5cd4de124784d8c2,153.0
eef17c66b2901892bc82af4ccbf1d70c,153.0
75435919ec1c2171f20033e15cbaf004,153.0
aac9f83973d2967fbf6aa72e1b9d6975,153.0
df85b96ba2ce3e49bde101b1614f52ac,153.0
84b224ea75c50930c04ea9411a1084d9,153.0
9f0867a938d2e4e4dfbbdc60d402f20d,153.0
948c9d4bdc59614d3b428b93ccf84d25,153.0
4823dd520ba3df9205403d2d51e241d0,153.0
58f76e4a043d24cfeaf71cb24f22854f,153.0
e5230e9a583ae21824f212d9a8f121a0,153.0
34b18316e1c66360c7d2603da9a8b0f3,153.0
4aa821f5896619516a18776c7df1c143,153.0
d2057acaaa46fb53bb687e30577723cf,153.0
c40c7807639289e3f1308ac6e5bc104f,153.0
d3dc0682d51ece788ea412c9d74deb67,153.0
45f8082a5dd6200883fb282919dcd8a8,153.0
4889ca3aa8a3294c66400909597bc40b,153.0
ec2e75f6adbc293fa28f42402f4a0720,153.0
b3b571943141ab082521521118c6037e,153.0
8cc14e8aaa4fdb80dc8ccb617382e3f3,153.0
a4f6fc82eefc6a54376eea73b27df682,153.0
dd92455fa493b7eeaa6a3369589cc4ae,153.0
b33f12eb84ce2fd376a58202dcbb8a67,153.0
c7b9afa9bbd78d6c03d066feb8a789c1,153.0
d71417bdc4732253d051aea71d4141b6,153.0
1fa2b45910fbced4c773f679a75ae54e,153.0
970e923dfba9a92316788f875593b923,153.0
1128e70fc04372f83dfc47af3566b836,153.0
9339fff4d569ea2da62a6a373f68c5a8,152.99
fff7466a253c0e59499ea943462c10f9,152.99
4d31a630dc3cd14ed82fe2930834841b,152.99
b5d1c63873b83d5f19219f4c99c4f957,152.98
c20207a17418d1aa04f5270a8018b8b7,152.98
6425d1369b270b096dfcbce176e3c59c,152.9
3e5d741931b43c83b021b890a347b4ac,152.9
d8ea195b140dbf4f97812f4848f4676e,152.9
12fbfc2753644bea26a74338860183d3,152.9
bf061308493e0c4623290c2701189955,152.9
6a14261933e6337fd29022acdd3a26cc,152.9
16f32f6054e6bb6f8cb8643aa46927e8,152.9
d3bee0359b17267f18ad65628bbbc537,152.9
249993996f32a34654f8429baed4a7c8,152.9
6f3ff429d5c4b068e63ef27beeace380,152.9
6ec0f068eeb7a1906252032ef310d39f,152.9
377f28aeae8dd99d9a5209e0b87837bf,152.9
1f0a0fbffbc7ced5304f208ee2e5b0cf,152.9
34d6fbdfebe31cea403f3282f5253ed2,152.9
b9e34574be980df75b9142b558bcb243,152.89
edd33f337f01e490cf1e95da2957fcea,152.8
79028b5530181ecc652433ad2f88df2e,152.8
90ed84eba98a8891cb203e89cdada422,152.8
ba922aa3fbd49b96cfece364f92bdb8b,152.8
616b84358bb0e1897e5f5b2bcaa6a241,152.79
5ce24234240509e09f2d9821afbda73a,152.79
a584daec24287b6e6760e3784d490d36,152.76
a91d30bc47334a1ea8facb96c936c114,152.75
64f0ed97c13c1388088e93454db40488,152.72
fe1cc174642276d82248a481bc4c083a,152.72
a9d22560ed91d7c5dd7dd3a059e8f76d,152.72
7568bd18487fbdb632e296a69422aede,152.7
f3a470fb89b28664b4fa41e2cc3bade2,152.5
d8511462421830ed1cee388be55e76b4,152.5
d522ed4f4b141a73666f0c80e0c99818,152.5
bdd83d967b2308a3c858da8ca0a5d5cc,152.5
939e0c3e47b5402a26179847300547ca,152.5
e822df92236671cd7ee6fc19384d21ee,152.49
1087c2f0be56cb7332e81555bf4ef863,152.49
da42c4f5f48db6c2e09ae4fef214098a,152.42
08d9fa34b8f63361201b4f2548c3c384,152.4
5c4987d487bae4f2314177c5dfadad79,152.37
4eb59d57e9c25a5d668bcea2100316a0,152.35
c8eb478c319bba82678f40da13b3fb91,152.25
be2ca92c57f791f34a8eceef7ed06ae2,152.25
b37279e6c509b47596afcd9ab407f3f1,152.22
ee910160bbbdf7ba4b1dbd4dbc1db3ae,152.2
aa1b97330d826b205aa0814a87799607,152.19
0bfea02831694ac939ae7d1ad14287b6,152.19
70a4e6115d9256bcf1fcef49250afa85,152.15
216564348ba1ceaffb29b28e9a105ebd,152.15
9b73b216865f11a4a7451efcc70357cf,152.0
15ac0878ceb20ee8e0e74247318bac63,152.0
7b2245bc30466be2d86e7e007abc8ada,152.0
31f0b79edd49b7961c0abf48b7313ca4,152.0
a636253950bdabea9ceee877a4078586,152.0
a17a7b3ef3d9a5c528919354288dd99b,152.0
4a12d191a342a5dcc0cf27866bc9478c,152.0
5f8fe568347c41b2b42b72d72ebe0d67,152.0
468ecdd67d8337de4f01bc0c6523e35e,152.0
054a61b5ef37f443a58664bdea26488e,152.0
d1bdbe1eaa8dbcb597ce1366c7396261,152.0
63523bbb461dd0b8fffa47e82833533c,152.0
6bddacf78aac366ac0a67de6303d9db5,152.0
6c1d23433e5c3b7c981571328ce7d6f6,152.0
fe5e5441853b0f7d6966a3d53aa13518,152.0
1aaa5eaa9dd9bafb385aadc1930ef8e4,152.0
da9a7d8638644b34c6082c716a565cd8,152.0
ee3a92568460bec769851bb443197a7a,152.0
66c61e3684210d473a218ab1ccb86d9e,152.0
f76b4d4179541aaa5f17fb1dbcb34d84,152.0
eb270aaf550cc012a7b6ea3af8abcd04,152.0
7c84df634f2eb14bf9149dcc122a0ca9,152.0
60c23b4f05e926f24472f5ae2ec6b89c,152.0
a8fbdfdfcd4b5f2f67dcd87ca80add6c,152.0
3c132e075a4ec4a7899ddf71c4187700,152.0
15beaa3fd34b24664dcb4fa7a31d4406,152.0
2c294c9fdd5d9b63c26e6fb27a39475e,152.0
0bb1f312072d547381118b5dc196c1e3,152.0
5439c0705e236fe55615eea778047fbc,152.0
cbe6a717d37978ec85d8b6c08cff47e9,152.0
979a8aa060214efede0c9c0ee7915325,152.0
9522d39cabd497bd4bc5fb1b226cd5cf,152.0
c5ca55921eadae393812fad0ecb14c50,152.0
09041c3c23930a8bc1fe230bbc1ed19e,152.0
4a984bb438e7bde091f75e16211ded9a,152.0
c1e297d0f9c9a661bb83e5d692a66555,152.0
6d63646d305d56dc162e0f5eb7edd697,152.0
490505ada88798841420c07dca1e4c39,152.0
fac7ff3b0fbf8ea9452c5257d369b8ff,152.0
7827353a0f6bfe72cd81adc0dc2f8a97,152.0
9aba659eafa32cba35f67ffc653584e1,152.0
837e1898172239a282b2a93b5fb1e3a1,152.0
90c7a05edb5d7a794479cddcc60b8de5,152.0
6e726e39318dcf12b4fd82367b0315b9,152.0
f619b4330701af65eb83e1540d775550,152.0
610886edefcf1ab6711acc4e94f45637,152.0
351576a5d351dc7c259a97495e9eb075,152.0
7b46de2ef0b70225f5ead1ebcb2954ac,152.0
0cbab479f583876bf94810bb85aca618,152.0
ee6c5c4767991ed570d1bc8e953dadd9,152.0
4641dad4727af4e3ba6e53b0380f8f39,152.0
44e901b8be5f6dd05a27589aa95f7679,152.0
f506a3e6d91d7d32b36407d69d9d75b7,152.0
5fc6c91894c2954d8d5a1709e3b501cd,151.99
95ebcc4d6979728b4d9993a0c9b6abfb,151.99
5bdabb0382d0e9b16869f7e6b1ccda55,151.99
d02cc92f5e33eb58d9ff4d5cce6ae901,151.99
520a639ebde74dba27ff8cd45874d67a,151.98
0a0bbfea197837368084c3f9e261036d,151.98
c237d8004d96d415d3b36567708a87c2,151.98
fc2c4598b5694563811540d01c98fbf6,151.98
e624987b8f8a9424f614771d13698100,151.98
93d5b6ca3bc75fef4023ee0d759948cf,151.98
3a16dccb1c97f2ce9f9272fab067d967,151.96
ecfe85562416d50766db3afd92b0f31a,151.9
83f646283cf2aee6c89eec4139deb462,151.9
36ff08e1357f1f20911a508fa79a4d3c,151.9
a3586509a27757e4e4825418e8f1174d,151.9
65cf39cccbe70432b00537ef75d14254,151.9
7fe27842c70ec6d61ee78e748021f378,151.9
60f582870208015bcf97da37b505fa2b,151.9
1c2eca232f8c616ae2c923acca50d5ed,151.9
a3462eb52c92ce66a03f2eb65b58de6b,151.9
780486d22d6b4aee560876981959fc9e,151.9
863448d5dde6f842bcea5bcafec507f3,151.9
aed82065b343d8ad3d802fe259e945d5,151.9
d788b6fd55fac4cb266bb00e519c4b87,151.9
976590ccdc83ff872a87a7bb739eb1df,151.9
97af56180481c3433a9e28fe58501211,151.9
e4ea02f816abc2c366d5988b65ced86f,151.9
30cde80e58789a99caec00d5802c4cee,151.9
3c41594aff9c0afdb81a35dc18102522,151.9
cf6d71e407921204f7013d828c25fb28,151.9
4ce0c6e4d7b908ea1a35aee4fbbda890,151.9
fe7ea98719885cb3f1e704476f4f31a0,151.9
2b3a2fae42ef353d6548f1b7eed8a7b2,151.9
a92daa58ac5dd4507c9d8846805f68a8,151.9
6d55eafc87c38d4ddeba83f97f62cf77,151.9
4b29474c60ebdcf9372db1c79c2190b7,151.9
3a98b6b07067a82c428f574a415666e7,151.9
9f74f559f6013fc7c526c3333c7ebc2b,151.9
0d4f50463ad5e8dc3e4471cd7957eed3,151.9
b277a176a8b8fe4f944d7df34c50259f,151.9
a521ab3b55dcdfd47152d5af2a0c9555,151.9
f2ad4abfa3daf84047b848a2e8153271,151.9
4480661363e0f2f7fa2d1768c3b554c4,151.9
e0c396c670d880b3d892fd834aa6a154,151.9
00da45766aa7d360508cf25434334a8d,151.9
86e84cf56a414caf580bc5b1a97bdc17,151.88
ab1261c8d8df84be427a3300c451c9ce,151.8
446f733c55cd9e94fd80d12eae3b9d09,151.8
5f4f207f8beafdb253623b83c3015847,151.8
2e1e7b3519fa8aa9e89903b63dfd2bc9,151.8
4ad8853ad8108ecc6b8efbb445cde607,151.8
98796dd88cdff48e7b6816f863a0643c,151.8
81a205d31dfa6c690e259d839d78727d,151.8
dfb8efcf14ab981879b8a2cdc810a496,151.8
f6398ecd9c86a2280e6e4cf8e5bb9fcf,151.8
b76858182a9cd7f6c1ba482c53fdd2ee,151.8
a5d427408fc3114f56e5b528b65fcb35,151.79
f7046a8b240746366664bc7462548824,151.79
f201f8d2882fad39ea91f37ba357dc8e,151.74
7a33b68891edd3370f13fc2adbb312ac,151.74
e15fc5eebbb46681049d28f79fde5419,151.72
f90bcfd0da9c6d64675bf7e956f828c3,151.72
8ee3fd6fd24dd4a5a53bd6127af30d2c,151.7
48ae3070d7a4aabfeb92cd766d8d15b0,151.7
8d8e4f7961914580fefe9e4ccb4df76f,151.56
a7b7579d62a5682f0908d8f62229e467,151.54
c7a3b25d61057a214ae89cd169d5bd49,151.52
c039cd6122748ec8473ee84299db469e,151.4
15afbf8ac67202642376cff3d3a5843b,151.3
92c225f7c50be5d7a6fc60dd0b750dc7,151.3
3f49f4889e6b770c7864854ee9b552fd,151.3
54942d591ae054cab4f5e166f5d03037,151.3
70e652de9a39b76185207d7996fcd947,151.3
72d374526cdb3dc7404a888ed9d7eba0,151.3
19934e840cf3664dd0f85c1e0b06859a,151.24
b1449a43a666cba48f485fff0a509b8e,151.2
02286830664a352f63ecd02e620fa897,151.2
ee9da0765943a521ee53135a2a6c407b,151.2
10bbc2e28e8d9aada22254f4d45a9fd4,151.0
46c19710e4ec96f3c532cb3ac376b794,151.0
66089d379d76160808a199e00164be15,151.0
1914983150c51ae44d68f1734e3fb4df,151.0
f0e434e9cf3e503c26360844e2040253,151.0
f597de4b306148f8269a02c7dec0ec6b,151.0
26e8e802cb73999e3590693b1f97a00a,151.0
d9dbc1673f25911995d69582277aed40,151.0
b0d0fce932ac7535729c50e497c93b21,151.0
b70d5f83bd11f46b13a82b2ee6392eb2,151.0
61c40fbd64ecfee5270d6f9f2202c484,151.0
b5e633e94cee7ad1b81f39f88a4ee6e1,151.0
e7a0f485bcf6d7a609621d5cb5adab3e,151.0
0be39985ec47a13a76f780957f516a6c,151.0
6822dd282ac1554e7bcc5e1755465ce6,151.0
f68c519a9da55d40f6359fc1223e1e0e,150.99
e5969b5d6ff813ccb25b96aca4a9debb,150.99
293cfc4bf7fcf2cae2e68b9d6f3b1a89,150.99
d6d99bb4414c24f4bcae748c02d7a111,150.99
450ba1ad7318e1fd45d8ac3d9b33f1dc,150.99
b1136b401997d5080066c794ff616c2f,150.98
455d3b0a4ba690caca990d8a6ae98f29,150.98
198866761455c414ecbba438e7256653,150.98
15ff28a1c17f0fe90484f845261b81ff,150.97
9f245dbd9c58b9856a0cfd5b2a481a6c,150.9
96563a6cccd0e1af7719f9a67929f13c,150.9
53c9929d935e123dedc107a5be8edd9f,150.9
595a590ba9c0127d59855c4dba71a69e,150.9
f77a0471e6b4c4d6181d1134e3c78da1,150.9
172f6c5da4c886b4013514d6de6b44b8,150.9
eb182e82ac7e70870ad5e0ccdfc4bede,150.88
f73609d2a35c0eb14e3918d3eaf41ae4,150.82
e86db863d546c8a44d1cffb976c0f38c,150.82
58e8acc1cb01e1f8f15f1413019d0457,150.82
fad87edfbe29cb827c5ea4c8bbb9342d,150.82
83e1c85ed2cb9893ad0cd7e5bcea2461,150.8
501d2b1bc552e31a3612c5014aa72255,150.78
61759d9a9dd34f40b92662ee9036a9b5,150.6
9f7bcb19d79216545a88e5e6aa85262a,150.54
b7c088b0630cf05b5f323708333c0d68,150.52
119053da640dded32c4fe454527f73dc,150.49
57cd7f8752db725b97feba09655b9a2d,150.49
991b6e88c5c983654861053d33fd7e16,150.49
dbc7759aa7e8ffc99969c2799716c2f2,150.4
b1256e57a349bb234c311e484ed8cd6c,150.24
bf190d6af2a721491dd403d53ce2527c,150.0
86a7245fffe6a418ca1658a13ecc4531,150.0
65ea7f5e0134c0596d687b04eb47d33c,150.0
8396833b4718789710e84ee8e18e4268,150.0
ce0809a5eb4ada3a764f383e118c18a3,150.0
d6851a9cf4328debeddd2f63212ff9e2,150.0
69fdad6a22e2f768d0e0e97da37a9cd6,150.0
22aa400bd51a0858f743c1e4123d1fd9,150.0
9906c44b485432db112526c0a5c2f24d,150.0
79972dea61158c428fbc2d00d203a500,150.0
f4643666652177473bbdc283850ea710,150.0
76a2132d4e4cb3d86f5a4d37f93cad3c,150.0
0ed5a576ad6a0847595937434ef7c0d2,150.0
3908618aced0fee488ae029c752415f0,150.0
6e8e627715e129ebad7fc89ecc2990e8,150.0
07a557af74d3f7cd33b2126b6b982c89,150.0
e8217fb18c09c697dbf62a9ff30e812a,150.0
8235352de660467c26016a0a8e7eff8a,150.0
0fb46241bc33c52217f4f777890f5482,150.0
bdab5a5fa56036a42d69344ae3006d0b,150.0
824a5faddc63a548d02afea376eedc98,150.0
2a8ca956e86443110f087a53ae82b52f,150.0
79a569c7d0617c27504aee953f5ea4ca,150.0
75c8bc2109f5fb856317aad61dca2dfe,150.0
902d4ba92d35a4ccbe1bf118744985c2,150.0
e865e63a5fdb1e8a91eb0d8f6aa3129b,150.0
4013e6a6ae8c0476d72909e1f5de3d70,150.0
86e59ec2cd8b5df5094ce062df9063be,150.0
d1431ab18d0b3986a70188adf3bb9f37,150.0
1f8001281bdd2472be96407684a262db,150.0
b16343b95f5346a9933144386af4caab,150.0
802868e9b5a5edaaa3abd1f4c28f749c,150.0
d3091a8817c68a2a62dc728cc51daf3c,150.0
6096638d1c65231c08ba8d33ff598fda,150.0
627055fd09524c25b55ef0425fd933cd,150.0
e1aa8d411fb0399eabfa209b16b87bfe,150.0
587844f18dd724c6865c9067e6d01550,150.0
2c7fd840b20f1551c8a151f86349f19a,150.0
1a3e662389c7b8b69c4b59a8b07df75e,150.0
8c8ce2f09220cc6ce56968f17a6e1c69,150.0
d26d39021910c806c4dae58d3b287f4c,150.0
27cda559c51079a52420a3366d38517e,150.0
add3e04b6e35f4df7b08f92e0b7acc71,150.0
d5474fd02ad681bd3aa0e1f62b962b4f,150.0
50234a251c35e59ffaba3b0a8342b37a,150.0
96d0b462e6455c019d2b68764af1a611,150.0
8a6594d563690312b163bf42459162ba,150.0
e1ff709c0e719a336336dda3828c1aa3,150.0
00ba24d5e8869fd25950fd26c098ee20,150.0
b4211f38ade936b62d702e56ec4068da,150.0
d2ed514059b5da1cf8241f8c9bf2b345,150.0
55fd274bdec1b0405283c475c44a40bc,150.0
60c16eb41f3a799f846a7789e5ff7346,150.0
5bbf1bdde9a3471cb400f69fb9c76a29,150.0
8a18c4c88b1fdab8df6d2b5af90694b9,150.0
bcfd1a30a681c08c1ca5b038e5a8868f,150.0
2c6816f982a6897814acd1aa00c7c316,150.0
10616e28c110f4763ffee709f0a154fb,150.0
95a0c341250ca779053c415545ec2d02,150.0
aa2efe1edf84e625777a77aa2d18ba76,150.0
8cc6d7a83628e3166ef72617ec268777,150.0
99ad6339006d930e8bff6f2bad8e13b6,150.0
6c3d3c9604547cb3a17adf0f7c6c83eb,150.0
0e8b055d3ccba0579aec511d1077dab3,150.0
d20aa42485318f592100ebbe9ce180ec,150.0
6640f3a3b636cc90633936c9ce48b128,150.0
cdc7e49dd029bf91db3bd652c2353ffb,150.0
cb77f3d2b5dc3e69b9cf55ada50e0c09,150.0
88255d1ee3d1b15b26adb2fd286b08ae,150.0
edae9aa824f15c8806fd464af085ab00,150.0
fadc97febab65183a4d0f43324de83dd,150.0
3e3f791730f212dfe837272bd313fb60,150.0
0099bfdae84652b1df38e27c0fc216e3,150.0
98725303cf0d5184eb3889f3ab21b87b,150.0
cb4be9a063393bfe007a290302727b26,150.0
b8784b9b324a424247aa76e81211c4ff,150.0
e8f40c9ffd0d29d9176fcc2e97e8b29f,150.0
624772b98ab9077613d43ecdf26c5001,150.0
948e925399aac2699c6db563a3c201a3,150.0
e5d33c5cc7dde34deefbfa6cfcd55ced,150.0
e60e08d06effbf35575193d851fd8007,150.0
0c43610fd930ed4eee8f18b6a89a1755,150.0
1efc3e831bd27060077fa4113a602c85,150.0
61e1054b32ea27b4a6ac125c02f51709,150.0
9cf42547a1ce7ce81a82b6760b4fa475,150.0
9b190196ea7f4ca95c4f5f94a4bfddfd,150.0
739fbe922070edbf540133cb8a70f889,150.0
b390fbcb0c905851f646e4434901847b,150.0
09f5cf3f546f034dba3dffbe08fe48ec,150.0
d527d0a021db41ebb855384f3f4cb5ef,150.0
412fbdfb8fd10fe210f249a438349ae2,150.0
a81a65b8827462e9fe311ab1848f82ad,150.0
549ef037d5530887209688c8bb62d4c2,150.0
e67264eaacd7067c9b03a87a4feefc8c,150.0
9805434ec0ad1e8f656a4a7b3fdda315,150.0
1e34da36bb68dd1d93a0f40afae7210a,150.0
a4f2b838a51b4a3de8ff5fd7562507c6,150.0
40c72408ed17990879b35e71bdb46025,150.0
e5c572f3eee5a867a24d9e70b1f45c05,150.0
5066428ec61261380bd6272ca1555be7,150.0
1a7a79d7a95b83ab82bf34f68f0896ff,150.0
f7adc1671125754d305c2d29d2bbd075,150.0
328625c1a96603950042ecbc70c6806d,150.0
8b733ff0734d0dca3d50690e9c9bc6be,150.0
cbaf352110520ce35f32c8e4e22028ac,150.0
7afdcc5588cb048e9f8cee953fca36e2,150.0
dd925b2d7036191dddf80b8d2ad36162,150.0
0e747b71e41262f6648648e1f7799d80,150.0
edc3af71b8cc7f247a283f13a9427551,150.0
ab7476e954ab9cce9236b8392606624b,150.0
203f961e80a1bf69c9590ad12ccdc58f,150.0
1f54c6618660cad09cfa77c20f05e825,150.0
401827e8f25b227f54075e36b6739463,150.0
f3f04ca677b9e1062c2a5fad64c046cf,150.0
caca87282df2b6fce5e717b93e548b92,150.0
78634da98b79b4c53d247cf3afa889c5,150.0
ff361c0d307ae1d980189154e73fadc5,150.0
5bfbb21f7e1a74e885d4453cb407c0e3,150.0
33bbc1b15aa9d39bd8c8b65f8ff0050c,150.0
7f53d69112b0f1181f9e4fcf45b0ee9a,150.0
436f56dcdaacb0a631a8dded7fd62bdd,150.0
79af00341a7edf65ba773dee228d5008,150.0
22a6db51b1357ce5f7a02fc19e677390,150.0
8a3f1d8e69005d13f5fede4c404d5470,150.0
79d91f6e603cd745fc42fd6c57e005a3,150.0
38563843fdf71adbd87b421a7932d94e,150.0
ef3372b2f96090a8a022c2d0831ac351,150.0
7b7ead41153dbd4eb51cbe0953cacbbd,150.0
ec0f3f17fefb4dbf276256fc07115b18,150.0
4fe6e159f06434ef5ddae50ff1fa6533,150.0
0ca1fee2b0a940d345f188b63061bae7,150.0
35b76a23094463a80bd6f5ad1f2eb8d8,150.0
35bf42c9aedfbb7735a9cd711296f57f,150.0
565ab5b150fec651f51db8783d2e645a,150.0
225c0949be781e5efb085b4dacb0a4a8,150.0
2b241a129c21fd8db7bb03ad32d165bb,150.0
f3d2136779b53dee8984591b042e6995,150.0
c6afc87168ed229907f48e0b57f79ff4,150.0
59e7ef2706c9ab5445958eaeab4246dd,150.0
fa89053140d09081b3a3a4608a74c083,150.0
d3cb6584f820e1ade0b4c054fe5b0e1c,150.0
e8a7dbfaf5a4bc723367f8d91179a8d5,150.0
9df76debbc42f3b3bcc458fad0f4eed9,150.0
401f727dfc877a589db90428d30a7a34,150.0
a3ee40021295b82c14ad9934bc216bd8,150.0
666f8b232312a561691368666b90bca6,150.0
5508dabf6c08f39d67b8d1bd41b121f9,150.0
9fdb460823d003d8c9cee8a9fa8a6caa,150.0
46ebdabde58535b8751aaf7e6f21fe27,150.0
2826ed4f0eb787f543924575bbe8dfdd,150.0
24faa20dd67cdb36a1efd90ca3d84550,150.0
9e94facb3975996f4922820fc31b96e0,150.0
1b92d0389b1610552d686d9e9734af53,150.0
744e512de8ebc8f28c301d0c4e874293,150.0
10b70116f12d6f64f25e04e219a8036d,150.0
22f9f88866a23edb1a9a66be3970fcf7,150.0
fadd5f316ed143becbaba151fd4b16b1,150.0
bf623f05377fb0a53548f51e46ec101b,150.0
fabf96df570f9397309836fd077c8ad0,150.0
04ae58c675dbb11f51e6c9b23e368c3e,150.0
8802f2a5879f0b53708e5ee21358792a,150.0
b1ff51be5960d3ed39bb63679f068555,150.0
82aaf39174a8d63cbb372586209315e8,150.0
851085d7c3bb92c48e50fe2dcc8e9bcd,150.0
2cf009122c9e8663f101b48ac6a60ff6,150.0
23f3d019173ff48ce15b82adb8c38927,150.0
51b633e4aba90ffc11aae5c2d8e3ec6e,150.0
1cd146c5b0b02ca65ae036c0dfcc2f3f,150.0
7bdc1d4c549246678e5b86ab4f8e3bc5,150.0
50abb603ddaaaf168342706ce6861eb3,150.0
4a5c86222ec3a2871fd3585051434053,150.0
c6905c5022f61e99e31ded5f939e702b,150.0
582c658b197e8497bc5c72b4e278b85a,150.0
73910b1013f7de5548a01ebc4792cf57,150.0
b1d2c7d46f26ce68045c03211a289f99,150.0
2d143929faefe132157fe22c40f72978,150.0
f2e25f6f5b6b91207fae80a1c29d1a2d,150.0
d60805f01a84d8b2d5acae981e3c770f,150.0
632716214ea050e8e513962866f8ed80,150.0
01e5e7553c95f21eda0aaf0da6e0e4d1,150.0
83ee5cf0c8eb3b69739ff435c27eb6dd,150.0
75191377eb49aed024f942c68fa2e186,150.0
8c76a7242d91d55fc0d21204466c748b,150.0
9c4d6870133ed18936397f495df246c6,150.0
a05665ebdbef752ab0584df83dfb1ce0,150.0
c8f1ff3238c9c1e3182968395fc2313a,150.0
0916acefe664698288f758bbf549a53e,150.0
3ab5ae0b0b6c2225b6072807d82fac8f,150.0
97fc384eaf80697d0a9a5b5e75ab5d01,150.0
5a5143c3afc1d6e64c85c19d7e0b202d,150.0
7b6e9e865f38a9302c055f5a9215b66a,150.0
06bca569f6bd4833c89416af4672db63,150.0
16cbc4e32c7cdb2964442a15b807711c,150.0
70360e02ab805b07f9f7f0a617b72bc6,150.0
a9a5f5b10619b48082f7388822d30cc4,150.0
6ef189a5fb5fd30cda5d5e7aa2f96e4f,150.0
8a2c3cea6ca7c17b8b72946649a74dd9,150.0
7d03d934195e2c1f1233ad74146aafc0,150.0
82a781c07728515614b37ed49101b063,150.0
a4f17944d4366b55960e5671d66f1f98,150.0
13e70e15fba5664bf7b10019777d1868,150.0
2164e53f1c9a5e34acddcfa68e62d461,150.0
9057be89fc10aa537f28280823bc1095,150.0
59320045cf9859a283301adca55dd224,150.0
705468541e41b90b271f714cd374fade,150.0
98ff94917d9bc917b63d1d49f35975fd,150.0
ff30b76fc9c812f006ee87f55fba0e93,150.0
31cb67b7313db83a08d6aa86d1eef8ac,150.0
d585539a86025f3c784d6fe2edbd8f11,150.0
7dac63a33586b73a5c8a449641d77596,150.0
a3c0a165194392d6f1feeaea3e8437ef,150.0
226cc869d30bf575d5d2a0060dd34828,150.0
565f86d78a5b057917366c58362a85c4,150.0
86f4a2634e15469b99c06c273e6ed2c1,150.0
0c32394f859ee81240ce97610eb2b6af,150.0
bc2e9fce754210e9aea914d1fe98d331,150.0
80cbadc786014b90f9ca6ca5eb2017b5,150.0
fb669b7a4d4ea214fb00d2e4cd70b321,150.0
c9fb84e88f11e478d569305888e89920,150.0
e60f612c9536bbecceaad69c53388f2d,150.0
144717d8af78109c81837d3935735d48,150.0
c7f0d256e0f8039292b3ce5fc27ab310,150.0
1e34ef28ff6a12d56dcd123746e11367,150.0
97d489c217105f10af366a8e67bf4dae,150.0
a6b4b154bfba44dca48c9d18c99c2426,150.0
5c134dca7df257cb7068eefacd04e00b,150.0
8534d27412cfed8400cc328d24b76414,150.0
b81f97938953164b250166b7d9dcd481,150.0
808e72d7990fc975be7df4ce5dbed165,150.0
9118fd0dcc9459a4ceaff8b478718a36,150.0
92f8771418e7b8dff78750306809ecea,150.0
6453a2d9099f39610bc937d33b3aa9cd,150.0
3075961d97e9b94b55ae2002725683ae,150.0
3cc9672b7b30a285f3613aad8480cca5,150.0
ac312444c1b3a645bf132fadfa1bede4,150.0
14f19cd312c81ec701cd8952871b02af,150.0
2e360b57e1114f727efafd74b37816f4,150.0
08ad03bbb59f24c6f7842e991d1c6324,150.0
ab1402a7d01aadf42407ba95d0ca0e62,150.0
9dd7b7e6d68c3ed750cc7defc8a77b25,150.0
c5120593ae070f182abd4f50a81de05e,150.0
e32964dbb1ef9fcd089eaea349e3766a,150.0
612701fbf6924171d1968e9cf7f53e6b,150.0
e4210fedf32208730477bf8fee9d663b,150.0
1148833389d584122a7e8b60b1f8c9fc,150.0
aefdc01b9a9038b0a534f5442de46956,150.0
3109eab8c772e5f8761f25a92045442b,150.0
b885ff39577dedbe1fcf4682be87619e,150.0
4c6fadd4f9adab49e2ed14d1960e67c8,150.0
4d0a3ab9510d745baf706ca6a6a453ef,150.0
4d89aa17cabb9666287aeec3288d07fb,150.0
456c1e01c8ed3b83aa8fc564119bc81a,150.0
28e1c04a30cfe195befd08e9e399180c,150.0
3b54d85abc4690d0817b7b18ef469fc4,150.0
49193addee8cc5e2e743618ff4064101,150.0
a946fddd59910320e672defbfc66ca99,150.0
07aab738b58fc42a719e00167d13a7e6,150.0
081827aeff138dbb3a5b6d8ca7eeac23,150.0
8d117567c56145436df4b0472ddffa62,150.0
5d880b1217c1ef3b99ee42e52a79b92a,150.0
ce30477e5bf86ecc45ad74fd8adda309,150.0
deb738fd96ba60f027852db16b23efdd,150.0
8e921bf23e862c652097101085894db6,150.0
71f8cd490677ee95362201588c0eaff4,150.0
600a6b104ec3030369aeee14fb0a5917,150.0
a046c690e0564ffde0ce611b5eee2c30,150.0
c7128f460704b9a96f77b698bc521be2,150.0
1a9679dfc4dafed8c9bc8a907ea29e7c,150.0
f698168406d73d68e0a9ed2ed6abe23f,150.0
3fd271c39629ce966d3bc0d1958cdcf7,150.0
17fbdfcafcd87f99ffdab597341f43f7,150.0
0a84f5dbc13ce8afbc36bcd1b36a99e1,150.0
bfd60c18d33201661d6e6e6030b0b43e,150.0
26ba9c75a2c176cefb3311caae8af3bb,150.0
c4a52e51855bb2501617758f2484b199,150.0
a95d7818d3600d96f3c26a24b83a6584,150.0
234136c2d853818ea042c2500999fd3a,150.0
3eca1899b518d242fbdecdef1451d807,150.0
5c2462d7cb2ace0d8725188fbdcafb8d,150.0
6c0884dc74447fe375a964ce086d614a,149.99
4d575680ce2505bef7485ecf1badf1d6,149.99
c81491642e6cb5de152793df9069b300,149.99
7029a3107d8d456eec9c11bb8684c1b3,149.99
42e4121e8de37d7ce019530aadae9f3d,149.99
7089bc699da551ead2aca09f75273371,149.99
47c5ae6e22cc53ffa6fbf89e156de3c7,149.99
05a9e7f2eb9b68b7b7a74696782af52b,149.99
136f8c475ac7abd11f3c8f93c24f88d8,149.99
e1beff196f6fd3f593afac2bc3131e4b,149.99
56df243d9620485f06c20ca3325ca706,149.99
7961bd238ef76f1e6defc5e33bc9457d,149.99
2e2eb8ad6d17a467de51278c54628200,149.99
69c33417e1600c0d34fc935cc21bad16,149.99
c3f6321d8e9db88a79f98deb484b0871,149.99
c8d433700b1c338a728db9a6a4da19ec,149.99
2420d2f9ac4a8263a87cc41dcfad471a,149.99
e55e22f4aa75f611b05d755b60f0505d,149.99
7534d8ce1242e3de5f26e17eb929591e,149.99
c5fcae9c4ceccb3bd3b8c816481359ff,149.99
1f5856eeda57cbd78ba0dcdddd0439e4,149.99
decaeb61687071ee0fb5a7863b398032,149.99
85b0efda75c7b15c684d13e4f0792ce4,149.99
e806a2e7d1f1f49eeb93379e66389e6e,149.99
d4d6b4b9d85471149150ceda6dee1501,149.99
dc1c74edc2e09c2e847715c002ae310a,149.99
248df208f5f2b43913897e9789bb4ea9,149.99
eb8c7491653975a994d46668fad3d7a9,149.99
d080fa5f9e3d29b16b7f2a70c897188e,149.99
fa99f5ddc38935d3f0fc67c775b9db1a,149.99
01571872abf22fe5f1be95d63d768575,149.99
d7dd2b2a9644847e092a739891e4697e,149.99
bf1040a92c9057abbd5b9b714a7fa018,149.99
0dc854e2d960e065785a2725be47c82e,149.99
893957a63c1144295e7b1e3f3020b8f5,149.99
fe4cd49a6a118fc3d433903c6b3187b1,149.99
e0d060bdc77f63ff3947e1f383393730,149.99
a7df6cb7a8debf4132e292cb793cd105,149.99
47c34bcae24080749be1315ad1fc2bb4,149.99
c7675af0f038a858a108d39665c1e532,149.99
6be53640c1d4a90f0064be51c63bcebb,149.99
89e5d8080ba777e70327f8a5538f4388,149.99
51e7f839f6a6fe7f83310e01a35c4a7d,149.99
351633ae7e74377d03e8287023f9071a,149.99
6afa201524991b8651d2f8bf560e9697,149.99
5d9e83a0b5fa076ad8bd09feeed0eca6,149.99
fd760160917efb9e954141e9363e7173,149.99
e3a89345d860faa5a9431ec4fb1e307c,149.99
23786cea8b640b4add6ebb373091a6ac,149.99
0e3ab8ca2f217ac576613e69840d25ab,149.99
d4f8e1812fd0113f69f5144bb4e584c6,149.99
ed3a502932ab63e9bfb5a0eadb3b63ff,149.99
31ce4afefe39aa36a75051e21e8ca600,149.99
f4acb283a42faea79a3adebec07340e9,149.99
bf31c1d91f9b4e7c8d390099541be3d7,149.99
742b152faffd75c6805b67df287f2c15,149.99
c216dab34a55ac810d2d7c92be816c2d,149.99
77c2f46cf580f4874c9a5751c2d88474,149.99
079f12eb1b192642da96011b5befc023,149.99
afb284b37b350270338851f499c2226f,149.99
cd115eebfb9859498e984e800023bbc9,149.99
53f6dc92ef4059ea6cd863b0f69f0923,149.99
6a99c3773d7b59274c24abb1efe292b5,149.99
d4f4fadb21d0971a79cbbbd9bb66cea5,149.99
879dbf04bb9f856512c1c0e43290157f,149.99
4f2aca9e9d7d67b1b3f30feaba2323c6,149.99
1b68647cee091c5dcf4f7200ba5dd760,149.99
ca405391078026cf61c08084376df2fd,149.99
b253f8a8c5e468678030c70c065393e7,149.99
e255bea28fdeb105b85a23947349cca5,149.99
1b19988b0ffce8dbf14f2b435900108a,149.99
a9acf77b6991d6bf1eea76ec090c2a4e,149.99
752c4baa3bc37c6bf38fc2faae997a79,149.99
32434d191e4705613fb94c15626989e0,149.99
f2c3ad2403328933c71e5f18282cd23c,149.99
2264974950820d368356210a139ea46e,149.99
50d1dbd71843c3b75aeeba7e4fd841fc,149.99
31ad1d1b63eb9962463f764d4e6e0c9d,149.99
4721c721366c0149c5f5e89bfa7b57ef,149.99
03c8a5c09464a476c67708e0ef65078d,149.99
ff621f1352e09391cbcd31ad1b20f1df,149.99
d782ee1fb732ce94cceb663a9f35ac08,149.99
d3806fa21465451e5523e90253e2457d,149.99
d49c6823ea64985a6cb50d57d846cb5d,149.99
c23a45dc86efd0033431970e766c7d0c,149.99
959ee56c9ea607f736163d3bb4f09055,149.99
a786100ee43299742402a4b3638857fc,149.99
e561a3f61440b031d3be286a696d06eb,149.99
43ef3b43c4703892196a5f4d4e41772c,149.99
54537c7b19c52766510964c6173013f8,149.99
936d6e2a7d66d0b100ff47f821e118cc,149.99
f5bc53444f46ca178517d520d40bfdb4,149.99
da460b84e3998a8d67a9fdac0ab9f14c,149.99
a816e8cf96f6008bc1b6d8959654ed95,149.99
cacc9f2f5d2c406a6e4a889346161d8c,149.99
ff5ca282b802097cc7182d5f4b58d199,149.99
cc9122c06d57f4321e9125b1d81828bc,149.99
abf6c27878d1fe953f3aeed7df8a4d32,149.99
11543382154fb169d777c611e577fb8d,149.99
18bf2e9fc3b33ee5bf6836399bf4bea5,149.99
5b842dcd4c4fe8e9a15487e3a72eae47,149.99
c6045ecabc5f74048d727035f82c3826,149.99
567edfb9219ec706653d253ba2759119,149.99
060b98efde121ab42197e801840411d8,149.99
30f2d3deb835a14a4b3b23a4c3b7bea0,149.99
5faa65fc45f1cf27ea90df480d25129d,149.99
16bdf9df48a96d7c0b03f48259e0e890,149.99
b6b72958984ca6262d9ff5b54ed4d16f,149.99
17a924f2cca65378fd53c6f6696999e2,149.99
badc0ba5662331cf95342caac91ae654,149.99
7efa4ffd3323a20dde6d1b3fd22c1152,149.99
d83913dc23a7f3c90ff7a10d1b4bd4c6,149.99
3483b8aadc6a150114ee8f761e7d3c8a,149.99
a3032c4334b7b245d32e2c923c2f3c86,149.99
82d38cd139e90ea545ff49b9c8a2fdca,149.99
0d5e5bd2273df8e099aab124c278fa6d,149.99
02841fd8efadbaf1b2e99e29822ed8e2,149.99
c1bc1aaa41d83c84f70faad9a89729b2,149.99
504fd80a4a9646dcc77ddf93b1c66c51,149.99
0f24a3bab61713ae6326c93112b0b368,149.99
382ba68dec58c88eeb698f87a50d2740,149.99
58299a6c7b64a6a0fa2f6f5d463fe108,149.99
8466b5702d9358ad9085cd92f30ccb70,149.99
3c1d60349e1db4cbac79fe57b73ed57f,149.99
47acac1e16bf1f2bf6ad556aba1e4e86,149.99
855f98ff1ae09e6e906dc66e2d8eff6b,149.99
5cdcc9524616ddb4388642e9fbfb796c,149.99
1ea6e83f3f7e635b07ff88693fb6e2b1,149.99
4734f4333bded5aa9666a99377672440,149.99
b0da3230a8679856a83333aad33a42aa,149.99
6928be51d9496f1aab5da8f15a21aba6,149.99
abcc88626b6df4cc183bd4cf459bd9f7,149.99
ff88f2ccc66b4c9c2c0256274f51b4b0,149.99
ff9c535af2f9325df8f3c81f30f60b8b,149.99
805555a6b9899dc153d8613a1a02c098,149.99
e4dd07851ecba1fb21515fbde984dda8,149.99
6e599ed4fb3710b997e820461e1c6a6a,149.99
9037fc09ec1a62e712969d933c4c2cb0,149.99
c561230659c12a017bdb3a60786bc97a,149.99
ca68daf43755062d6b719a1b36f92eb0,149.99
a0c7aec11a5f3ec702888d67aeedeed1,149.99
e76699fec544b3c510460f3f9a94604f,149.99
4776e7e1e52b6f3157692342c51477ff,149.99
fe3d5d84819ddde6e98f37b43831c126,149.99
add018da2166a6af8cb006fc6d79a819,149.99
0636c00ff07cc01420d79a193b3496f3,149.99
4845235707703796b625f9c7b967d6dd,149.99
56709d22278c827e63faeb5c22340e27,149.99
15c127866ed4058a9edde9b6ca63b62f,149.99
657bd5dd862e0780a9bbfa171110cd93,149.99
3a5394905de8ec12896dce1ab2c8d1ab,149.99
838bc2ff67963202eb29e748923c15fa,149.99
95773c57ec696be0f61c1494049d5ac5,149.99
9eee33666a68d14a3cfc3d3da1a876dd,149.99
8bee272411a353ca2acf026c0860d24a,149.99
c2806c0df394460d6f97109ffa9ff60a,149.99
c70c4c18079a085fd17ba3f91f3687f4,149.99
eb1f5775cb6c152c959d5a76a8204baa,149.99
14e7871569ad7387e9fc4e84d92dce91,149.99
a87adc695f5034edd84b4e60f8188d44,149.99
364fbe9334877bc7ca3da92913b2cdbf,149.99
56a4785d40ec1f5d200aa91a085048bd,149.99
2155e6e404e41736933c696382c1328b,149.99
18aef611c590091fc3f183f0d527a11a,149.99
edb6cd94abbf0498720c0d11e5da17c1,149.99
d20bbabb669a554138e7d3f97cafafd6,149.99
eb29481be7eb00b14982268f9ecc3cdf,149.99
91a40cc40254f748df9028c2cfce3e69,149.99
9ad489cbfca3108732b7ab27822d27ae,149.99
7ef6e35412db5a85693dc0909481ee07,149.99
1d7d49c93f8ef7545dee138fbee100da,149.99
8e8d4784516e71494188748e6f45f260,149.99
03811cba01cb0741c318e1545b04173b,149.99
96bf655c5a1979487dc8f2eb06d34336,149.99
d042569e31dda17519847f4bfc9bd327,149.99
b7eb8f8399336228bb39564d05bafbd6,149.99
4b0428f336231fc285fe5cac671a24a2,149.99
757278049297402a04deede8bd3816e4,149.99
61a382dc46de6a3fb729432181a69516,149.99
a1d6e13802152289fcc45e318966308d,149.99
21128c7bab1ce9de02ecd04bee493880,149.99
a89e53e23892b105599b8701f6353a5a,149.99
094341831b5ed4a4bf31a5d068bf485c,149.99
dd697a2e78207fa7b19293cccfb33729,149.99
5eed10cc8c372ca465dd35f531fd0338,149.99
c1055f5a8a55684492575d082da04127,149.99
8125ae45f81d37b7158be0069ed0854b,149.99
efc09af87a17c5e3af68c5c2af9768ea,149.99
72aa5f0d097694365f0144c644db7d04,149.99
30ea5c5d1dde9db53e5a0f0a89474f29,149.99
f9c989b75558c119a7ce8e9f3c2b8f45,149.99
4cd0596665c1dea639509eceaa844e2c,149.99
65f2494b7f5169c8b680f5d0c574f1b0,149.99
0c2e7db0f28a375d8906d916eddbbaae,149.99
eebbee10df4f9ca1b74e4297ee600855,149.99
26e1fa61b30f55d0ad6603ce7dfa685a,149.99
40ece3840f58de35c2c47cf9390ed160,149.99
8312f4beb468fbdb53da67c16d66ec73,149.99
c0c2e80254e10e47ab732cb4eb307aee,149.99
44e17592d71531e574a502e8329fc867,149.99
dc01aec4b6fe0cd30c5f345eeeb915ce,149.99
a78a279f5cf0cf0f217505c4fe856432,149.99
e8739af3ab67b5b2c8c54c8e798afee3,149.99
8423fad39937957cb04dd5528c746a4a,149.99
766c2f70aa17fa444f29afb40ad857ef,149.99
3ab0c6e6d82fe8be49235a826d38f9ca,149.99
2bb1ca726bbc111af8afc9de186d9028,149.99
72f69fec8952b98662e01f015c972571,149.99
367089320bed8da18a9e9345917d7425,149.99
5d9b63267a7c9e53f6cabd2a9a0bb708,149.99
e314b1b0829d37e817b515fd2a5e194b,149.99
59941cfff43c8432579de4def65e6be6,149.99
e7225c2d19065af16a37d85e6a0248d9,149.99
1c0424aaab000351a8ab54c5a343101a,149.99
7365b52db410252fe2550d7897a79a6f,149.99
28646998f8d7d0237109673944bd8157,149.99
f03ee1479f8cf2a655f477c17ac01ff9,149.99
edb728db9a06856757f3add5fa7520a0,149.99
b5118c4012f1395f7143b9e6084620a5,149.99
d4e93ae4dbf6a273340fc20bd7908335,149.99
63e6159a468d15ffee3037bacc550c29,149.99
bb4fa4aae850a6b2b01d52468a947b5f,149.99
dcff087012e7cf0b21e5aa1e83f12a20,149.99
55cc6114f9fb967d84fc85d6e7db019e,149.99
1512c5040886006dd88e50b3300e38fa,149.99
578ddcff7a50bab1b23f58ff48ae1043,149.99
32810b0f4b9819d00a42b73956854780,149.99
cecbb20844830d963fb3cfb5b2ea39d3,149.99
49dd36f80ac4c79a0b51aee305604b0c,149.99
451f514eeb408967d01eb0688a390ff8,149.99
1a2568d169d3dc81cebfcebbbb7cd9a0,149.99
8a48e881e1976588ab0b76db90754ed9,149.99
e3ca9adedf7464a8e2c2802ed1fe3757,149.99
c4946f6b1a73da68ebc674422fedfdab,149.99
f6355b874877aef487df847d39337321,149.99
fa5c99aad255623425930613d438daaa,149.99
4107cf3182f56b9dc9ce104c7379434c,149.99
60a27a1b80babef80d8b370259139469,149.99
33b3ac58c257992bb9f0dff11643b8d0,149.99
a5acb5aeca07d29dc93bef57f887b1fe,149.99
bdf4631215753b66ad1fcc3d70d61499,149.98
726e584ace79aba2cbe1b1fb84ac40db,149.98
481dbdf8c1a918a2b475da7f8628ff19,149.98
034dbf527c403a97312d2d20abb0d0d3,149.98
f1f24f1979b19c75294283e4681ae7b6,149.98
4b003ee1eabaffe8ff8e6d75394a9b42,149.98
ed55195e5f7b431131890fa5ea06eaa8,149.98
b14a788b10030beb7ea368ea345caf7e,149.98
11244cf8d874c6d68a233bb20d738c53,149.98
2aa80ed97e46eea9e72138907912799f,149.98
f21fdacae3273ac85cc6e33919cae43a,149.98
ab443ed768f8d61a0672c68b756c5d0f,149.98
3ba877fb77cb9ece0df17fdad93f64cd,149.98
edd13a1ddf89812084c9545dadc62505,149.98
13cd53cfa0c597ecd72e7b0e85af5f90,149.98
8941b349c86c4d2d9bc5487da97276ef,149.98
c6306ac21fb4ae74e7c95593dd0ba5c3,149.98
13f086098e5127ccae2a020e4fabbdc5,149.97
4f1499a33d2d5ae89e66928df783e7ae,149.97
056b8fbe81db69afef46a5c38b8f9732,149.97
d5bfab9f1388de7fbea1a997b3d1b45f,149.97
260653b481f6bb5ec7cfc7650b4c4608,149.97
89c1a5468ace3f798921747d80c7a7bd,149.97
d71f9e25f2db23f5cdd2bd4d931e23e9,149.97
d513bac7cc42bb5a6ee1acd1e1a3be62,149.97
be7a83d198cf17da19a8dcb5ac484126,149.97
28fe9f87d0b08da04643718893816b30,149.97
c615ff17e5f5d7b06a416472526e785f,149.97
16c0ebec0c65bc08d8ad17f0d74bc01e,149.97
ef360e23b75ef84593c8811138651af3,149.97
94c2f45091985c47b4c4fb301113f0a4,149.97
6aa32647012138b0c6cc0b2ea71cfd02,149.97
8e74c6f59833b01dec6cd56211141d6c,149.97
8d71726a694b711311fc6dee2f28ed14,149.97
a555a5df7cab99101ffe4ee4e349519c,149.97
5c56eac4abd53ff05e2e44b3e0a62ad3,149.97
5533d88e32f3aad3007323b863aeca53,149.97
8531319b5937edd1b7518b1a5727361b,149.97
3afa07715c980bf768a77337d193f7c3,149.97
932f93ecc3d17448732bd6ea06d6a0a6,149.97
73553d9ab66e14cbc9912ac44f14efb5,149.97
2dc08ea6c3c630859c8b7a3e13aa2b2b,149.97
cdb99897893ebbeb4c7d6dd693953e24,149.96
c300b72ded887db4868c8df1a1923ffe,149.96
520bf65b8e69b74026243f7cc720c312,149.96
2f3920a3132d84a8237f777afa4017b3,149.96
36701610f09fb06017249cd487f2ee5b,149.95
be6d6b80ed0d80156defc8802d89eed2,149.95
da134898266eacd500b876754de64a37,149.95
dd1a12426ed78bacc77fd02911ed1117,149.95
0fb80a7fe135dc3abd1469007f5b9ac7,149.94
4b5eba565e8ef05bb726f5801be526ea,149.94
b9b38aee92229fb6ba88fbec878f1743,149.94
2de3c6bbbf7519ebf48c6b28a2416227,149.94
a82b9b34045d89be1440c237620e3261,149.94
22906114cf2407267e7fd374e742df4d,149.94
948c311225a9a32ade87d7fbdcf5dd65,149.94
c796c3a313dd75ad22941134a3f004ee,149.94
b2b6027bc5c5109e529d4dc6358b12c3,149.94
13217f2016f2e928059f108350a26623,149.94
13c64c249f9bb07ec019303bee51bbe9,149.94
c0d33d25a96ddb5c871de6bf0ce88c13,149.94
c1bd03bf0a51f89d26fa62e10a00aa66,149.94
515c493d8f1b823a519394f98cd5db01,149.94
e55ceedb8cf0ee98dc7141b6597840db,149.94
098c96d2631a752965edeaafa21b307e,149.94
0c0bf0fde3d95689bc2241cf6d107032,149.94
b88d262675f908d6b0a3958c6a091e74,149.94
8d7f8d52118558f4c05875c0147aa4ff,149.94
e8e70bec13e1af66ae46c8833096aa0c,149.91
5e65da8ad6a8110e555eb93a1fd38f3e,149.91
528856e594c25f1afc08aba07e40ccf1,149.91
a379939b4e880bfb2522dffc9ffbb54a,149.9
a46b4e70ca3ae048f937fd95563faddd,149.9
d9bb214d770804e006962de56667ef2e,149.9
36bce2699b4c741f2bb5676ea3d5aa88,149.9
1f52ff2844a8fe02f1c3f21881920751,149.9
483da61b9de320d057934319d30504b5,149.9
4c9004b01af30ce7bfbd35333b5da18d,149.9
3582e2507041f4f95a243c5033699acb,149.9
7d1f510b59f54644ca1277a2d87473bb,149.9
b80eb4b2239dd384e43dbc22ab6b3446,149.9
ec0710f70b0a66de2e21b51a29b9850f,149.9
56e48a07ed300dcb0e37986fde979433,149.9
c3794a4836b0f1f979c4c6916f500abc,149.9
9b689a53cb49a96c7ca5f1559644951c,149.9
1e567f9af3198d75fe6680035bb0620b,149.9
c9f0400e07ab2446a7485f67d31c51ea,149.9
15f0a9d284218264647a2317760f06b6,149.9
eed993e8f243582c4f4609155e4dad75,149.9
fac757b1842182c2765fcd9ae73eb806,149.9
b4f105f920d24596b9d6176136919fcc,149.9
7ed3af4c1229d471d59188560293ea2d,149.9
d0bc71f7637a651cd69a6dfa7004cfc3,149.9
daab4685358496bbfd69f4c8f515f653,149.9
2df6fa407bea6af2e165b3dc8355d382,149.9
a84a9b8d2b70bff50d9de093b75a0ca1,149.9
488e01ff31939ba46b4c8b1781c342a4,149.9
672612210e5061344b84fd4bf0028b86,149.9
650b8d581bd67d61888f8ea779e34e7c,149.9
e108246cf006db9c2deec7df929f0df1,149.9
b37833a9166ac98f4ad7d6a92e1f97f2,149.9
3339e961a42d66ab7c01613b22d6e943,149.9
6e38fceafd263d906a4a198e5c5f98a2,149.9
c9869e8666697b9bd971ae4910f37ce6,149.9
94f2df7a6962dca3c10c7c3afd9da33a,149.9
aed1f7e0b31d7d3151cb6fc31cae2904,149.9
83d30a7b0d6516ae0f0192056fa6561c,149.9
fc1d5dec9fbaf2411afe15b60eaefd61,149.9
d0a3d9b5e00f5c0d77be4ffd9c3b32a6,149.9
ed4299a50d0b1a4065cda2bcefb91703,149.9
f974d5a7c970aad387e0b3082c6082e5,149.9
79e111d9cb72821fef9af1f728e6d697,149.9
a51f6a6882b34bee79a605dedb9100d2,149.9
e1e5a62021941108f4add835d039e217,149.9
4f35ebb1592ee75a4a0d34f4c9615090,149.9
ce0421a97232c2a1194cdb66cd3ebb9d,149.9
c8ca9d914fe6f62398c93c749e90a74e,149.9
1c3fe95fe2ba34b846741bf6ec42256c,149.9
c6abf566917bff29d29997f019b128e2,149.9
4b4e11c84fed713098490bfed5839f33,149.9
c81ce28738b57eee041bb18fbea8660f,149.9
51a0820cfb1192c56c7a9c2ad51ed728,149.9
950314649912e547fbad1fe46f7ca854,149.9
03959f8a4aa2ffd6c471d797b3e95055,149.9
d71ad0d7565ff4416f25fb0572a31b2d,149.9
25e2c3b9b260e4075b6cf64ff700999c,149.9
ba15d2abe9d748ca9cae18cd1cced72c,149.9
4fd8067d665f555451b5787cddaecea2,149.9
cfb7b32743b749d40fcd7244f0c4db76,149.9
5f12d78c47adb7e59ed5aca5c52a3357,149.9
68aef61e65c7f37762db4a94c9d022c9,149.9
a06b4234539b780ad912a4704112dbbe,149.9
8c7986a8516cd0fca2760e8cd92acfdc,149.9
830fada6ce508f4799c9c927fed6acd0,149.9
b55dd01c30f88d056110458becba6bb6,149.9
3cdfa7ea91e2fbae34e2c0e692614818,149.9
3a3faba3a2e550830228b7ddef538358,149.9
caebda8f22b128797e51f0badfd72783,149.9
fe6a32160715340fe6b26874b547d2ea,149.9
36e70d326ab414aaf5be6ba0eab5bfde,149.9
ca74f87d0fa45cb393e5189fda923655,149.9
44c788d8ffa07a4963c9b8bd8017d151,149.9
2f2c5e82aafa1f1a3fe3f7660a97fc60,149.9
5ec0ad25391736213eb2820f4626a887,149.9
566073786b37e7216ae4143163dc4499,149.9
65aac1297cd0a4877068df3157002005,149.9
8b9c46cb78faa340ba59effb94b5c672,149.9
1a07b88192a246615a42ae06a0a7c4e2,149.9
ea4f873be6925958ebed930e5f18f72d,149.9
e3fbec62102fa25ac23f3444551f59c6,149.9
702b544f72905c5e25b73bb12fc5abf0,149.9
a9a1cd2b24b0c26d1aced20c9ace4e60,149.9
ed6d9caf318cbafd8d5fc5332d98ebd7,149.9
1cd0357869324c7e19803a7bafe707a0,149.9
0002414f95344307404f0ace7a26f1d5,149.9
3226948d9970bd5ebc7f8dd841d4d5f6,149.9
e1cd35b190e8d2206aaaa67610b15b68,149.9
db5374a5a0de70b9b226cc07f00c7de3,149.9
f5c1a4fafa3aafcc044513f848e82cee,149.9
8b97935c355ec9be1897a67de022a398,149.9
ada4af8902da278c18ba8834a1c1faf4,149.9
0981cb5376215f2570ccacd95d6ef3f6,149.9
a37a37235d7b3be3e2f95747ca589bda,149.9
a5fef962b76277b1f7be4cd07c6f9ed4,149.9
15d4a8f8aad90eec05f5e827e212ffd4,149.9
40ab1870554d1cdbf256d2610aece700,149.9
0f43bf2b2c2c726f9af8eb75d0774fcc,149.9
4fb7af6814466893de614d219265d0af,149.9
aa2df251bcd1c88412808a9c322aa857,149.9
96b019c51a65fa13726d6b48e65f096f,149.9
d330b8e10abeb519d7711441f327c95f,149.9
bc80b4e6fc53eccd155fd449dbefda27,149.9
bea4ecc43785fb915bcbb46171f23b23,149.9
67b040308c4180844a54dea16ef1c5eb,149.9
f5e1e4c71ca7b28a6b61fb4db9442a8e,149.9
33cf74a005ea61264680485113c77040,149.9
85d7e15edebcc92f98e52c8b48a159a3,149.9
892b4b41830746635f341030c1564ad1,149.9
d8c88eafe65e8e7210a84872fd488edd,149.9
57f23b901652eab7f1e37d43d6fdc273,149.9
b4ad8dd9f06169d62e679ae887070d2a,149.9
1e90a99fbdd15bce1f9d56876bbe4969,149.9
ff1ccb6180f6464516836891ce1f2ca1,149.9
6326db5a7fa1bed7b29c5a8c08a3d4c9,149.9
8f9141079392b07ccd5c74727132d89b,149.9
209b7e0dd7774132fa4dcedca65fcda0,149.9
0098c4d01b3588b0b61ac012e5e4b228,149.9
2b8a2569bb942d6448c531e427cc2193,149.9
74eeb796ef7b6f78ccfb0602376bc8d3,149.9
f73fe7f38373c066da9781eb5edd029b,149.9
ca642c7f935ab921b7a1b5cd397b2372,149.9
3b72a3c38225ee4c2eea454e29a0a94b,149.9
20a6f9674ec04f9947f4fe2ea8851dff,149.9
2d55edbcc093c74fe979c9af3f37de63,149.9
f7d40cb36f4e11b1c99b85ca8bf742f8,149.9
37f821765d8ac920b59ce7fdeca55a61,149.9
f33c9d0eaa22a1be86ff276c1516e17f,149.9
cc2b7cdb839e54fa6f55fe78acad8783,149.9
812db10465ec8fed84262db66f615f87,149.9
fe30315710d9aeb9e870f0b7c869f61f,149.9
c82cb2106ee57d610d888da02a040b6f,149.9
7c89c189dfacb2f7ab36db6a13414178,149.9
4a4468855065f3194a120ebbea06e6c0,149.9
d8c2e63fa92dc1a800509bd565f3e79f,149.9
3ec61cf8cb2308eb5657b57cb3dd20a9,149.9
820cedae2b3e3671ecca1bfd514e9002,149.9
0a887e506b9ca97cf5c00190118d6c54,149.9
92148a85c89c0da621cdc0e1810a23f7,149.9
71bad65633c705d7ffb0751cc2b5057d,149.9
1dba772601939807153437cde6fa35b1,149.9
c7db870d125da0f8f7e2042374762427,149.9
26ea9638666b7ba410fb22400c5e7dd8,149.9
a572792aa6ba6ead6491799c102b1b0e,149.9
807d86956a0db3499694b126595bf311,149.9
a45582c0ba251755a37d0f41a590b7a8,149.9
3687f50a22a1c1fd70b824bc79ba4b15,149.9
7031299b4e554c4c88cf92dea380afb3,149.9
28c8cd18a3ff842d291c265fd0972698,149.9
e987cf82b8a19cb76904d0e1c59bdeaa,149.9
7b3d05c4caf39a73850b896d45d034c9,149.9
c43867621bf95a848e59bbbf9dbcad01,149.9
6c8dc19e9aa79a2c4fe646270a690ee1,149.9
0eed1698388ba8c1fe0efa37ba6f269d,149.9
2db53092fc4dd9c063d54cf52c0d68b8,149.9
7e6b8b2bdb547f7343c0d28f2ed5662e,149.9
822cedac71f599de893ef010bb28d955,149.9
4f4c1fc9acea17a745dbd2a0eed70403,149.9
4348815275d4689bcfa8946f858bd222,149.9
47d3027e3dce97a4102da39a523554a1,149.9
478778636c75019554439f75286a22e3,149.9
2edc05853c8ca0fd4f85b9e13da17c30,149.9
81615092e749eba5998aafcbd72b3113,149.9
43da0c62bc3c477f9971d4c687fe781c,149.9
36bc2194dd0d911e897fc2db8ac76827,149.9
95667731d4b44976df7595cb7fcd48c3,149.9
8362dba21ea63f9d95cfcdb196f6a5a9,149.9
b52571e9628f7136123230bf6d3ad7f1,149.9
f032b7eb7d1b197203f63cc311e4fc0c,149.9
690834a6694434cfb474ee30305154f4,149.9
efa59d77e8708ed3ac9e0ae96e42c615,149.9
60295e486ecc60549fd858f3eb8395f1,149.9
a1208bd625ecc4195a9a93c9c1b9865c,149.9
c68471819898a5f1b3c4ecb4d65aaf2e,149.9
03c42b210f1e9fe31f69458ffb08eb2a,149.9
1459b919586d464598d816e4163b19e3,149.9
d280941cfae11e3a639136ab708b2c1a,149.9
b0696a9afb0d3178cfd6a94f37f453de,149.9
bff05ba0b23f43e01bba65da2404ff94,149.9
aaf08c4c8dde46dcb828662722d43a13,149.9
1867fd3a705e13f9043a5411e03958f9,149.9
5a968869bd6a16f0a56d22cdd8b40435,149.9
acf9d0c3415836e92b81bce2ecbe20af,149.9
1c78a9d0b5bcf38712fb4465d10d83fa,149.9
67fcfd9052233afa10b632e4683f6f2f,149.9
78242b9298bd20ced17015145f4723d3,149.9
53d5f2f6e7e2e373cef9855f214855c5,149.9
d06974cc9b629b0bb77a7c8a43b6e7a4,149.9
a01f848aa7cfe443739f20cbb9a943df,149.9
26998418b6674006d6ef5cfc44c398ee,149.9
2c72b46ebe2c2bef0b66aa223dc030c4,149.9
d6b4cb2688446c34786918c0f89ea613,149.9
a13300c8bde6ece2e8e5155ddb4b62ec,149.9
7dcdad5d0fa6c24c72a9723226e3eff4,149.9
556ef1455006f752a6a3d432a8a8791d,149.9
24f975454d8528ca3f05cdcc15329f4a,149.9
c61d47ff9a3b5b642fceb5acf80c6596,149.9
043563b734e56fc7efa52c47e58d339f,149.9
6620f3561e31ae438976c2c4c8981d1b,149.9
5184f33091b396cb111120bda63a9332,149.9
ba229cac800645c5c7960de7bb42b777,149.9
09e038e546d675d90397d0069311cb0d,149.9
ab132cd403ba599bc39ab58202cfa789,149.9
b9e87794761e14b51c94a8cc96a834e8,149.9
e84108e0a42d2fcc75aeb0580bc46c0e,149.9
9efc935546f7ba8592220765a661863b,149.9
e2422f56e6dd19624c27b58c1d622d42,149.9
59390e181ea3e52762859a066ae9df7c,149.9
e39af7797ef9fc32e6a07806a9562437,149.9
ec935ccb698e597b61d34c15ff136313,149.9
b6fba4f325e0a771a6e80d8fbd035925,149.9
e429e3d84062a519aaa2f9355dbea8eb,149.9
7700eadddc5206fa9e00bd2868f08d14,149.9
62811f652afa91300cb15c6d2c35fb1f,149.9
720f9eb7343c0fb80260074ae6c3fc35,149.9
a562ab1e728449e3461829dfe2e36f73,149.9
e8e6f046acff0badcc024299b5162917,149.9
ca3b3b0a7b395e376473b89a0e350fc5,149.9
5722fd06493f8c727ba151a2e0bc40f7,149.9
adabbc26a6f26169f9ff8b5dfa8903cb,149.9
809476bf737c26ec99167089e755cae6,149.9
95a1f083a4b89920794453885216b486,149.9
cd866103686af47c76617a55875dbebe,149.9
3f44331491977449e9c1dcc16d007028,149.9
09aa95fd4e9472f20a0beed7b6ef0681,149.9
d26f92dad3a2f62023e3411cc7ae6721,149.9
3351733a48384a9f9d530c58316e6aa7,149.9
9c220f3764a4e5a34b62cbc96c21c1b1,149.9
c00e20c9280d6f5fc3e698c952a3201e,149.9
f529a0fbe1ebd4622fb563b430cac7f5,149.9
bf4f335181c6d1217626c42b84fbac03,149.9
1d291010b33949bf8c1d8b1338d15daa,149.9
83cac99fb2abfb992f329be5bbba18b7,149.9
0f7539c4d9c543cf35febd8ff67fd159,149.9
ef7d14a8b9f97073b747a5434e4cf7f0,149.9
080943912c68cd66e846438e3d0f4d11,149.9
7d95f28e19204d8967a228cd7ea11896,149.9
3b64f0c5fca1d47605fcea854b0672bd,149.9
4c36169fa0fb2131640c936269b87ea5,149.9
a2b04cadccfc3b95ff49974295621275,149.9
1dc1b2d1270f3857d9689e01dc8944b5,149.9
feb6ddf0ad2cc6367d19c0f2009e19d2,149.9
6e9484377e5431903ba209552cc45e2a,149.9
b62de7133cbcb894cf0fa524b3c98b89,149.9
51f1a09c5cf431a3ffb2ac3d0ac7a73e,149.9
7122f92d44030f687a8d75108267266e,149.9
b3463717a38fa75fef664aa8eb8c68b9,149.9
8bc6906f82a4f742d3ed867c25d03633,149.9
776c9eaa90ce902fedd2ff4aed3a4d40,149.9
f4e436254fa712f857b16c173c6d1151,149.9
2739c30019a6f35c05f16c9fa4f44e92,149.9
76ef757e5f703c07ba565ebe68553f43,149.9
7d6686ade7e6f02b2f3945b36d902fa1,149.9
388a6d24e09dfca3841df183da7b0b92,149.9
56429e2ece00752a241776df4c271596,149.9
b17ac2d4ba142dda51133ec4ccc22314,149.9
8efd68e0deb1e8529af85979c6115dbc,149.9
fc65dbc709777157c273bdd7057565d0,149.9
dc238912e54163b9714b4a07ef017a9b,149.9
6bef7aeee709b60763e7cf850e90db76,149.9
c48d6023c63a0bb2b363cc2c849a70e4,149.9
b91428fc385c2c1ace6de35869971d49,149.9
1724da28f25126a91d620bfaed8b1988,149.9
99cfa33517b4d40116b8f33c18ea24c7,149.9
def2a292ef87bfe23266c51d5a8ce0d0,149.9
9ff3e5a4fb6407d7b20cc3fa663c0395,149.9
4f614c6f09ba481a66d79bd39081da60,149.9
17296c1b3fa2a73cc61cf32378a0a042,149.9
1c74c355e4c0a69abc509b60421941c1,149.9
c8dddeefdb81daac2796e6dd3fd3a661,149.9
234811afd212dd6c872ab11ca0eaf804,149.9
6b994d4f438ab832290549dd01b35032,149.9
49f6c48a95ac4eecf06c6a01b586e14e,149.9
a32e9c8f717ff0098cb8f36ac6ba6362,149.9
6724a6cae17ace276a06cc89e89fc33b,149.9
06e663beae776e2f679ae6d7ccfd222e,149.9
0599f126a96e82b600270dca9776effb,149.9
8c49acfb0572260243fb807b44f94200,149.9
79e8c1737d903a4055c4d2aa87661bf7,149.9
ca683c50ca0dd0c98b72cc2360669f62,149.9
7afb28b4054bfccfe93c5d52982a46a4,149.9
6bbd371a1f2217cc0ad1bc185c0e2894,149.9
21078c8fac1a0e33a4ff86590d39e060,149.9
f25d8576442f2eb5a76648bea92b1c01,149.9
dface4a39e0988b07091bee092e06a0e,149.9
6d93238b479f37dcdba8183183448898,149.9
8b0a65f9fafa46ce4ae899a58b1a10ae,149.9
db91a791665fab255d516b921f1c826f,149.9
2730b508803cd84b892f1a6f93da0f70,149.9
f84c099bf96cf334e76c07a3b319b1b4,149.9
76fdaa48984220f3067ba4a59725a18f,149.9
5a2d7291ecbd025f673ee972a24e7611,149.9
c596bc25904f9043dae514f6a26c89d3,149.9
99e5ffb6f6a73fce0c4eb14560acb6ff,149.9
192db3ff008dd51ac5687b2a37a0b02c,149.9
ecbe0bf872587f3cb5633f2b5d9b9fcf,149.9
edb18897a1ab021e4fcca9128b308c9e,149.9
7c6c03e06257a7db4411272575ccdf1a,149.9
a840c0d240eb6afb1b5f0435ec7b9d0d,149.9
352f4e1ee3195dc6f4e4a906afaeeb3a,149.9
500ae07bb835661a89af13841afc2e44,149.9
b7204e7f766871c1b9e3f0ca7d745076,149.9
914bc54a99e04ce218bc7ba0c40caa8e,149.9
99178d9df4101d6d43e3d5214a80fe32,149.9
7a085850c3eb2e98ea58e13502a3b4ba,149.9
468a33d90073632f3d419ec748c83fc8,149.9
27b27f073e03bcd39e2e7472b2030710,149.9
dcc70a05d8629326f7ab1f8072cacf08,149.9
2b3cca7c1075363076b3ef74f31c30e8,149.9
67b3adaaaf04d61ffd3fbfafc0d6ea74,149.9
1a2c5e72ec0730bd2dc38f854761d1e3,149.9
7bda2f07225f6395fb23b58e2f7a816b,149.9
83f88341610abb047d8cfa4f0e19dc91,149.9
4990b5e2dafcbac0359044f3051f9f11,149.9
04293309a0d09ff6718521058e1afe19,149.9
950ae87062f753d4c60dddad6d549a17,149.9
9e43617117f81bfddf4b3ec7625752aa,149.9
2b8f9ecce7e141f30e103903e172c021,149.9
3a96ce85a2c19cf08a3f256738830cfe,149.9
7e401acb52d31ac97cb74a337071c3e4,149.9
20d1593d84770bdef84cb9f3fb4e033c,149.9
1d664a33f118a2b1dab70bf077984316,149.9
cfc8c6693c9077a52cda46c3b01d500b,149.9
3140dc6a8aa86c1775cce2f62aff2b9d,149.9
68ac50b4985070c79a1bf8153c381918,149.9
76cbb2f50d9907cf49c5fd75d7ab80a6,149.9
cd5e39e7ad16fd972969901c9f95a553,149.9
85196fa7d9cc267bb18a09a42a320b84,149.9
5fa5e3a33498a0b94a81f930f32997b4,149.9
8570f89a7a3d9a32f6c6d33865d41281,149.9
ace839d3162a61fdbd51b08fc3e60a39,149.9
f9bb705a6d800dbb127ec638075fd849,149.9
abf9c96f49808f50484572868f1f9dcc,149.9
2e463a81ed58e3ef5e49ab14d311f9ed,149.9
6c6151509750f656712f230f8ea8c3a0,149.9
e4ba7046c6af14b3fa80882af86f4087,149.9
432c8b4df960ec2d281a90a77bd51ce5,149.9
f6cdb144990183171068ee3199caa965,149.9
943ffeba4ca00dd9979a19d864743508,149.9
50e2e211862daf99d434538a985b5423,149.9
b6349bdae88bc7c85c4aeb0cb604dac8,149.9
3bf26406a9b6c1f4e476702b5e0ff00d,149.9
fe5d7868a941d04653c278f177a1d42f,149.9
f543d24d24bd70b892d97a064c5c0fa7,149.9
b400f2f5e114db9a66e14c9d8103158f,149.9
693d02fe5397d7acda742a75d955610e,149.9
5ff644aeb0ab2f7ddb5d28ad9fb702b9,149.9
9ec0c5bb4f39470f0198f148f4a8943f,149.9
e903a9269d45d790749851d32f9f6f62,149.9
cbb1eca90285dadf3f1bf7b5848d8252,149.9
71ae2df0198f8dab9a73978e46b63c6f,149.9
a0b2aa76be2d444889ea8544f1ce13c3,149.9
e8d643d5a300509924e52300a3d007f1,149.9
ca2c8da904afb50e7bf8708acea51f6a,149.9
05a77ea6f0049cb8d1604d562e8b4c7b,149.9
f13262e493e128d15dc1b5de35fcc5e6,149.9
f12f332ebbf1b1f68126b31bcc25429b,149.9
ddb1b2c2aa460a5532a28067b1adc06d,149.9
30b7231d7aa4ce41b31274390cf9887e,149.9
c9c082e00f8e245fb30df79db1964cd3,149.9
549d18cce1fd46ab0ed45a76cab1f23f,149.9
6d03156a5598efbd42d0021d5f30bec3,149.9
2437ed5f9121586c4399bce8f264e2e3,149.9
cfd7ec5aba91084c10b80fa03a128a20,149.9
c599a0db8bdda37b57b248a20a566446,149.9
7d54c6e032a2da0620e9490cdadebdce,149.9
530ece68f2b24f65169dfc98378bca56,149.9
45e6b3e3126887fc3767adefb71c97d3,149.9
ad4dd64d7f0425f4463b626f361a1ae4,149.9
b9a29b8b3d3a8e6f24bca58de7c25693,149.9
3320860ccb3634183ac6746aa1e9264c,149.9
ba936b691c12f67e4c24f195f5d2f5bd,149.9
623a307787749b0101cfcc891023119f,149.9
4d0f8caafecf88bd4e5578f488493246,149.9
1d2a414889f397a2f5e4ab18dc408a58,149.9
05c54d191e1209713117327c72caa8ba,149.9
8e3760cfa61e9800fe663c7ff9f43ec5,149.9
5f5291cb7cffb794706cb8d245fb591d,149.9
e4dc2f565cd58a95a1f952a6a8e4e74e,149.9
813383030172c9bce8bd0c669ba166d2,149.9
cfe95194b045abcd321d5447e8391c4e,149.9
b7bec5d1581b731f6404c0cb57a70631,149.9
cf83620dc4939775a6860bb0b9362f74,149.9
66d087bc8114c87ef0f800c00ff2b64d,149.9
36f9207e4dc61ce2430b37d4e4eebbb2,149.9
4d1e62429d88723ea3c9a72fb4c4ffe3,149.9
57d000e7597dcc539927d4f7400da3a1,149.9
ae98ca07977906a78cfedffd0b3b90da,149.9
13d2f11be371c03d145fccd8ddbf318b,149.9
145af662031450cfa8bc9201f5868ae7,149.9
63dbef7ec1d45a732e855e839d7c3e31,149.9
d16a12e3be31ee48928e0a5f8a837ad7,149.9
630485c75bb8e700c589bf101f618bd3,149.9
d73698c8fc11e06d4e414969c84a7d3f,149.9
fb5daac77831c1a8947d7228df0ef463,149.9
fdaa01ac8d468391bbe7024f7700c43a,149.9
e2742ef931c3e60509e74345605c5370,149.9
020b5927efefde521078d6db7ef0317e,149.9
3ccb27f9c7ee205656acef98c19fc061,149.9
37be9be04f319e4c87fd455fb54f59d6,149.9
acf9d493618557e6bf542739f7c1ea8c,149.9
10de1d2f812b134f7659b081e1f72c52,149.9
f2868f631fdb3641e73597e907963008,149.9
2b4c9493247e124aad7ff80ccf25d972,149.9
45ee903a8b62062d099b7c58fb4cc127,149.9
e5c967fafad127eece965cb53f225d9b,149.9
ce641e2f9ffdece61389490656cf03d9,149.9
480ab762bbcc6642337375d34f848df9,149.9
e779dd8c124598ef53a375b0a636fbea,149.9
7a47e4aad867b455906f7c4c5347d764,149.9
c83ee755c6457c8d152e4e5ada671d33,149.9
a1e89f19c9574524ae71e53f9013d979,149.9
c530dfb9fa634d361f72012f8deddc76,149.9
c8d818c5d5c614a9042ce8e23ad8f125,149.9
cefe068f60cf3cc1bee35207c6e0e876,149.9
4a60dbf4842521021274dcd3d7591e05,149.9
0c09b433fb049996631021002c9cd554,149.9
d26bf697b9a9b789939a28d0a07d5487,149.9
42c0680560a944fda8f8410597dc76a9,149.9
2eb0b6e54092847b7512ce715684c15d,149.9
853fb87bfc4f12205fd6a0f05109b995,149.9
95b61375b8db1edef592263d82896801,149.9
ea8fe7750632253df84eea3d7f0ee1fd,149.9
66a32073e3383a7e7540bf30a1c416fc,149.9
5ffd042e693ebea70bb9321fd4ea8749,149.9
6892fc610c58fef96c0d77c049870cb4,149.9
0dd7789ac6fdf88372827ea3f88b4395,149.9
c30edba688f5e5116e3d8c77856fa165,149.9
185f53539955ab85b3b2e5ff2c8fa7c7,149.9
1f02ba98e5ac2c5d7e3561429733c129,149.9
bffce113a45caad00826f1da88a365f5,149.9
673f451239ecd7f7dc3d4ae5032a699d,149.9
3ebb2313b3dc80faf4ed6d711ab7f53c,149.9
322f36046dd936288a20347c181996df,149.9
0bf1cd44cdc21a2be05e1917aa554f0d,149.9
85b6ce716956cffdea26fe7feb2379be,149.9
8618c996b56dfe9588b3a555af9c4ead,149.9
1c483ddd736dcb89bb6009ad15471e21,149.9
23c2f0cffc1eef4b0dae154e4d1b2764,149.9
ed6fcc0b293e7864b2713bdefd4fd460,149.9
3380dbe062b329f11a5e5de5552c5c34,149.9
df90101175bba909f4966543a9c2036d,149.9
bd2a328b9b4edaf2c99ac219ebd7366e,149.9
ee7efab90703aa7d4932a44c1dfd6baf,149.9
5d547edb8110d2bfeeedbd045491ac93,149.9
b65aa10f73f8debf8c1563301bb00299,149.9
10a1e2ad2a1671332d2ba53f19253bd5,149.9
13e21a595d9bd190d457a808e8b4431b,149.9
5ae1be4283fb91cb5441d0b8f533eb1e,149.9
665b29c55f52f8e6cafd124ffc2b903d,149.9
06068b0a0ad0813d270fee5969eafd5b,149.9
b9c504b633cd3d85d4128856a67209c2,149.9
34d8e7fbd4ef064dc9fef296b5a69931,149.9
a996449b1a83201ba86b95b20cfed295,149.9
7beb7eb7d52421653db44718ee4e3e04,149.9
f20442e7a117475c8199e9285fdb5ae7,149.9
0b87eea12c9bc8ae36b6e4c551f4770e,149.9
a0b3e86a78c7bee0145b32c4ba44d500,149.9
645e1750385a917efa7cacbce9dce896,149.9
0e266470a9aa5b96f4bb26e095ea7d2e,149.9
7640595377bfccfde8539b69fa0efd98,149.9
933781c2fe801634beb7c62734cd40d9,149.9
4d4f0328a3d73c9e80009295207cb349,149.9
6f2cf56878f7f82151b0ad02590192c0,149.9
df67eca31878b49e4c27f2bdb974f753,149.9
54dee92b2116939d66ffbca86bdba777,149.9
84ef121a9470fb9e16993839231c66d3,149.9
f50f74cdbbcd7aa7c75b1674ae919c15,149.9
fc326475445a5ab9acd69c20f52633c8,149.9
5f15513fd19ab7f204e5f6b75375212b,149.9
f42a23ea4c0be840e45a4f60a4c0f3fd,149.9
7c9bc8d79415d32a5cba4114cbe607c0,149.9
3def67e833a97dc122044972328d7226,149.9
59623c6dbeed829264853d9539f0b9b5,149.9
f884cab2a438b4660410ce8df1d77d24,149.9
efd22fcffe47d73526c48448b1c47292,149.9
d94318baed6b8508abf89b3056bff788,149.9
6b65f327f139a81fa2324938128d7467,149.9
0bd00959bda7d317449b8ae1749225be,149.9
138eb7784345a6df16c545bbadcdc9c4,149.9
1772349bb1163316ceb2744678ed612e,149.9
c0cd13bc1cd404a4e41e887662df7821,149.9
5035374c3dbc630f2e7b94479238d566,149.9
ba1c84ab6667813655a3a7eb07ef4a9b,149.9
e9628d590eb072c2063446c00a552895,149.9
1546b3e5168a85e73bd978716d69aa9b,149.9
c534087dbd39994baf9ebcf2e9fd9ade,149.9
0c4d8a4392b18fe20a9a5f0a9189e0e7,149.9
c398fd7e5ceea0de7aa38c539c061e1a,149.9
233e192ed835b34252d45fdcabedbece,149.9
84eb939a8522197f436d4706e6e079ab,149.9
f1dbd5b4e2100112b354805ad704e604,149.9
744472d5342f14d99da7aac037d88721,149.9
58ad68479691db6a7a4cdb3c83184080,149.9
442a8d84f052ca755b763932022a8bdf,149.9
d6f56dcbe9973301888241bf50ff4c50,149.9
2ed90ffb1b6c71daacbd9acd0cbb79b3,149.9
5d981b7a328ccdfc41d79164694a6b51,149.9
09261c6cf80ec01c28a569b8cb8b3484,149.9
e9af954eb418b346e2b856a952ff34e1,149.9
a74d22d1fa7ac7e321a09c49fb1b3b15,149.9
417157086f4579206e8054d39cdc213a,149.9
e2c58f1e51bd85bcbd584fa798847e49,149.9
111997ec0859f110522368071ef7c63b,149.9
1ad3e0ada7c941683f3dfcfb804d01c7,149.9
29c13f323716a5bbd7356343e45d9868,149.9
03ffaf40c1fc47ccdf91dfd08f8ed901,149.9
3a054aa178999e64e016747463e87796,149.9
db23fd2de7d425a680845285a7c4c040,149.9
fb11202eb711bfb022738e48d945e80d,149.9
09a3bc3236329de95ec9cae4f72cecf0,149.9
66d0ddbc2448544e0e546a0dccb782f9,149.9
7dab7380954749219dc87deea26d4434,149.9
81aacb01330a99ba172ab125371d356c,149.9
52d9390024b97381b0088a515222c4af,149.9
a98e6344e3e2c0c8d612f390e428b824,149.9
24c696d961e37f3e72e7ab2a766390b8,149.9
58f5438d2d90acfb562eca64525bceda,149.9
41db322bbc128ead2b4dcb94280a9ce0,149.9
5541e6fbe6ae0f7e94270e33e66c696a,149.9
00e7c822a5cd0647e9251fc711276ea7,149.9
7add1817e4b937b1b86a729146d3e2e3,149.9
8970ed2a42455d59af7ca18d17aa8b8b,149.9
30dc4f27dcf5d2ebf9a48f7799229ad3,149.9
206314a71bd9f1bc91cfb6491e17e98a,149.9
a12a3ebc7f6266741d29eda03bad1777,149.9
429af1faa9c02097973cbcc46dcb148f,149.9
0914b60c8996bf572f981782bd422b5d,149.9
fec76147a9617544fb83398b2dac62b2,149.9
4bccb2dcb37df1357354a61682497024,149.9
c9ecc0e06e2ac8485acc3a539d0ae727,149.9
64a9413c0d06e2170ffac2219c86bd19,149.9
662a98185dfb9aefcbd608bbf9e72f8c,149.9
9025234933533beefb90c0600ad64363,149.9
f9cebccb059f0b4d65601c2a6cf4ef82,149.9
b52235ca8b69964a51277bf9b1546eb4,149.9
244f1faadf05eaeffa26feab068bfae6,149.9
fab37fa4a0d46b371b157c6ba187b76f,149.9
652950605dbe0ab0be6b640cf23c12a3,149.9
6e2f130b4259627650baa0c9ce0bd645,149.9
b7ebfcc821920caa5e81eb829adb8ec2,149.9
60b2620611c1fd25c9d812a6850fdb4c,149.9
40300675258d243c158040624a2af978,149.9
450aead36b73adafd410a19fc1ac6cc5,149.9
963d351c455e0aa38af6e2628c4e6eb4,149.9
2f6920cb4ff5b75f35052670c3ef6760,149.9
9146a82ef0aef149115d9365555b4343,149.9
9bbcc57d44cde58fff7d4871e3c513d1,149.9
4c3a69a70ab3aafd4c7024377c9c9821,149.9
2cf0c0ab9108b6a0c3382fb387643d2d,149.9
f7d7a109457a1d2a80a681cf379a015c,149.9
adb5acf675d7aa2740ab319260930714,149.9
21e75066ac5c6d2f1e4c16e6a01da500,149.9
dba0672d5a3558c6fbde36b9d03fbfa6,149.9
59b114ec578b82807589114ebaa6e354,149.9
8fc638e860ca4a98a87fb01935b9dbbd,149.9
237ffbbf597b3f69a3946b4de6864da4,149.9
35a436968e81c497c7f713bac80c42d0,149.9
3d10d3d5947319b132a01b9332e5b437,149.9
98a2d639991fc713adc2c95e1b5a3c51,149.9
9ab0653986d1b8f8ef845a8625863a30,149.9
c5b4ff6e1567dfcf1c3b4a17d82e9f25,149.9
3bea25450797f4a7f50cd3082af21139,149.9
f1496d0e9e877ce1095c2927f59d7bdd,149.9
d1c715c3201e2a54b45c12a6ae5e0f67,149.9
3fb25fc9b3e15d10e46b7bcc3288f537,149.9
6630c34d7fef13e0ec591d96f6c24362,149.9
f33b497e61563bc43e61de2c6d2ef1f5,149.9
9f38ad900ef8cbe439bd2b18ac419203,149.9
a18b4eb021ca5546fc672029c7ce50a3,149.9
67e006c137d605a254b58576a282ec5a,149.9
c3dcabf8ac5a6e6eb0e29104c4c31b9a,149.9
2cc0306551b1482603053de8ae5719fc,149.9
95684bf2d7b6a3587ddacaa82a3f5ee6,149.9
42dbc1ad9d560637c9c4c1533746f86d,149.9
525fe4903a5cea320f17dcf74c2a1534,149.9
f5383e357cfe5999fbb5d86f07765cc0,149.9
3888015de3760a1c1c74aca7e48eb4cb,149.9
91ab3a17f5312a32f85bf6d567488b94,149.9
e42c9ae9146df4772428a04c0a3f5068,149.9
3ff2f90922ad16093bc27382a477e364,149.9
40fc7bb3cad2cc3c6829a3a9977500bb,149.9
d2000bb65d12d7c93b7e27e6c961757d,149.9
c2d9ace6123e42fa913bd6fad131bf09,149.9
f5ca65d1ad6deb11a9c5c37d948093e9,149.9
f346b807b1661ec6ca272e79fc2efa04,149.9
5620b482dd82a92c989c7f4d456e68e5,149.9
f30392aa147ac889927d2ebbab570e9a,149.9
f6a8283a091af2e766f118cdfa683a99,149.9
bfa626c2cb46016b3eb733aa6ac04c2e,149.9
2f059662cabbbe808822d7e696a6b1a6,149.9
08694effa5271573bb42ce0e483e3e8d,149.9
baf4d614d7be4e35bcb1483cfc2d0be0,149.9
12c12ffae8f42f1ced8772ca1c708d51,149.9
7c721f8ee69460435bb2e8b6c0d63995,149.9
c0c563d66d3d0182b86b18db6eecda05,149.9
f6684db0118cdcdbe308f6de0287035c,149.9
45d40275f2be030c1ea7198a16a53e67,149.9
72b55045ba227f2f40221ee830993778,149.9
a51d85846771a83871867ee079b819f4,149.9
a0acb3880824e745260bae525ba36edd,149.9
92877c6d2ea6146c990bda7156322c21,149.9
d564b70e32e3a90a00477b7a1d3f0e40,149.9
c36f59caf7733f320200dc0ef73e450c,149.9
ab23995b2f7c718cd8c3b812ffd4d2e5,149.9
7ad2923d155f5b99d26250b4fe0acb3f,149.9
c28f8e0e6f19fbeb9d27cc038e8e957f,149.9
264d02bf55980e2934f42a50c221e97c,149.9
eb767df0326883ff913470b7890acd6b,149.9
965197bd6c55afec34066df71c5c1335,149.9
1baf4b4d0360f77e66818f48b3f095d6,149.9
59a83d4def5f8b7b0e745f66b429b5b4,149.9
d0e6a905034cd0d9a2796d88e28093e1,149.9
71c5bb8cc5706d93c55624d75b9bcdd6,149.9
5132492784e2cb68041fb14b457bfe4b,149.9
d8b137e462d7f9a924b30933c057a539,149.9
b1ae8978938a4a36dd3724b750b23d6c,149.9
634591dd7e8bc907a41a5a0d6e450fe7,149.9
83ea0aa50e10d3e133160e2a05b758e9,149.9
b4a63ceeb0466c92a04c584e251b4579,149.9
44fc7a654b5d562331cc277539523708,149.9
52cca23ee11631112799571f10c134d0,149.9
6e153567dc52ea59c0498ef5383e9c7a,149.9
0d3be98fd17e4f6b118f90a23637c4c8,149.9
c80115adfd169640586a764307e45894,149.9
cd07153a3e03b42c948bafeec3ff9b76,149.9
7a2f424f3285ca1f05eef3e8ff9b58c0,149.9
5bcdc05f48d3a5a88df17d3a90854122,149.9
dae894222706742ca8dd8cd8ff891917,149.9
a262ff96bd2edd5049f3e9a759232fe4,149.9
09dab3740fc9939d1978f358319cc0eb,149.9
68645a64c1d4a9af8f3f89e5f450b3f7,149.9
becc4df7209ba4c554f456b3c35b0dd7,149.9
8796425b3eb26192b3d0b6c0f1b2b998,149.9
47f42fc76d39dc06f9d301d2ceb8971d,149.9
7e98e4c9e5495039982aa17bd724e543,149.9
0f7ef6c2fdb723b0ae2f59f371646d24,149.9
ed47f5f38f4e80122bbf07d20e5dc3ef,149.9
f62fd19f3c7e6972bffc7ece723b39de,149.9
5ef06f93b1fbac078908745ddf166733,149.9
e97b9fe83b494b6069bff28d7dd39fcb,149.9
f61421856963437ff3a44d62eff0d656,149.9
0a0afd6b325c47238bc79033025b5a9e,149.9
12d0b44639bd33370315a182ab78a18e,149.9
f19abd77aca5aa71058d1969d407b963,149.9
e13b1d1fab9d212d258c2e6d0f69f6c1,149.9
f70af1a55bb443930f41137eeaee382e,149.9
9bbf7c5d49d559d76ebd1d3a5ad8b5ed,149.9
2f26bf00de89ac3d03038b4b775f9bf2,149.9
4a1df5a4506db56dde35b8ad0ec08f40,149.9
90ce0548c953a250526eac9fbc2c2951,149.9
f990f7ad7ae0e14ac81e2149d7343561,149.9
bc9aac45e306cb97ea8e5081feb5839d,149.9
52f2245eb76402e2d7dc2e746e298790,149.9
d4e2b78958020f76ccb03034b94b1a43,149.9
335f6adf170fc79daf3d75393afd97e8,149.9
fed0deb0907fca94424965a141873c39,149.9
eba08c6c5c4434c829e3c14613faff54,149.9
5c021e3084ad3e3217045ef92245ef06,149.9
59547f435401505e7094df807237212c,149.9
fa689a2e5dd5f3a3745cf1158e586c18,149.9
a46011afb86fab5c2de785a72351e8eb,149.9
fe15b3297ddaaa9458ae5489b2bd8791,149.9
b7a530c512ca7de885521441884f4ef5,149.9
1d2ac5fe3c5d435969d1c325bc7c3885,149.9
056bd303752311d2f70fb0b259bca6ee,149.9
41e8e79dff11a420fa5f43a7fb053034,149.9
5786168154a608395ebb733bf42117b0,149.9
ede711793e4ba5acc372e3e6430ec5ad,149.9
d64874264dadc5194c74b21d992eaec2,149.9
27a932613712b4de8eb189a30a3877ff,149.9
9a428744db0dfed3d2f8692667442f65,149.9
db0900b1316983cf17883bc825c2c212,149.9
a394478a3ac0de784c01180a376a5775,149.9
23e316f7e8bb8cfede1c8bc743b5d949,149.9
49ca85db68c41b902bb3e77280c49b42,149.9
35d43bdadfbc9f9dfdcbe37914bf4e1f,149.9
c081e5560f2bc273db90a62b6170d30a,149.9
9fa9fdb373ab71b7d9081e43795accd2,149.9
aacd2c89b47bcc2aa875ea9b1f64955d,149.9
9dec830daa11b124295669f31bb56e39,149.9
8718d4a503631c298cee26422d89442e,149.9
d0e502290d1b7a834b7c4616c10cd2ef,149.9
0a6d6d130bb7aac1135874f5768ae229,149.9
a58f63c9d52e1c3f3a753987d21d62a2,149.9
ce42625f9c07335b024dd1a1e8a6fc9e,149.9
8094bd1ea8a8453c1855f06552200117,149.9
7df315ed766f2e365382e051a1642270,149.9
dc1ae63bd9c387114b602a80b70b20a7,149.9
f0faa07436479fef2e7adad085956bfa,149.9
2a924be148faf2fb7ad71c13b6109926,149.9
28b35f0ede96d79ecdf3d2bb790a22cc,149.9
4b4bae6b6b096a30f61fd61b3762e5ff,149.9
a2c1225e98e3aad59328023a46846df4,149.9
11880ff6b80b15209604ac1e4a5e64e3,149.9
0c2f74f093d807cf61e0efa724e6978e,149.9
7ce5a437177a6a42ca15e3a62a494ee7,149.9
e2d5922a7a58769d397823045121218b,149.9
22c84693fe0e3b1dce11069c6f7f448a,149.9
7bfd6f2f9f7602552eec22e3517699ac,149.9
0a41d003cc1f61f988e15625679c1d67,149.9
7e9c14aa98b813d67d62fc449809340e,149.9
288544a7acdc67a0118c3bce401c1494,149.9
62383c983441809ec8977c644dd37a54,149.9
b9ed1c3c7e68c101d9c4bb52fd335b35,149.9
51324c94dbedd0d70823744ba9d51225,149.9
e42a0192b918b437a37f3dbf12b49f4a,149.9
5f798676abe9fe538e2242c8c07ae325,149.9
edaa9852dc9c501799d0062442a05a52,149.9
2c4c10219e88c96182dd31e470b89c6d,149.9
1d0da8bb4dd97014f97ee0e96df2be75,149.9
dd4f0fe50c8b7c85ef603903c5e2e383,149.9
792e0b99080e4e1ed931c023ad523a5f,149.9
c069f5b87e9489ae68c3863baea33bcc,149.9
ee356dc1282ff78b19141fc057037a08,149.9
a7d532b2593c5577a4f831bcf6605208,149.9
676761aed74e8c2a56f78ea5dfbfedf7,149.9
ef1192e27b5de61a028229cd14aec176,149.9
88f96ddc00a7cfd77acef6618ade7522,149.9
f59ce365bf34e682beb1ebcbac349dbf,149.9
3abc6ea6997457982d7a6f025c4e0786,149.9
0f4680c4ae80eb5eb7a6aa6c436c840c,149.9
53fef5f17d9b971d709fe8f999b79c62,149.9
9f102e6f6cb706fd6d34f95050a312d6,149.9
c08ef557085ca9fb0c59f6d820a0b059,149.9
0013280441d86a4f7a8006efdaf1b0fe,149.9
0c3c9fbd68d650006c7eef90d8d1f37c,149.9
039e022bbbf82354bd7ea61f3d2d8339,149.9
257ff24d22f126adcedba98db34c483e,149.9
6e99733532423390e0d537024ac60812,149.9
f2676ef361959c938b35ecd32321adce,149.9
bbc3f376031737e9800139ad8765867f,149.9
bfd41839fe9e5918668e940c6460c671,149.9
0eeb4f0372ef95b3a1ee7c278e2788c5,149.9
6f065c44abf2024a4cb9ee299921ed6a,149.9
70e9bf3b922f78fb3b684ddecba9c2e3,149.9
511a4d0fd15ef186a3103e38ef910563,149.9
3054e9226cf13ac6a363cd693d9fbfb6,149.9
96362ab13c5a9ef8d09e4b439e8cb416,149.9
6f33f93011237ac8e47e0652b5da71de,149.9
a7565b77bb0f0894d7e42dc03ea3f850,149.9
a383a40e05a23d144cd024086414783b,149.9
f9be33a8e12a5119cc8b39be23780bae,149.9
00520034b873d2cdfe098fd0a634d03d,149.9
25a3a47970e525f12550605082758b98,149.89
3f393dbf92325c1adc3e28d4bb1db009,149.89
bd89c03e638dc238d284e1873e366171,149.89
de133572975e6589e01ead0ed0e408d9,149.89
c782314cc13de5571cab76c232cac725,149.89
e4ae26185e2acfb426239f3da098bce8,149.89
9dc4634838a5ef569c6f8869c55f6dcc,149.88
25580d3f08755af760b457ab95662c9f,149.88
4cef903992d3e9ed29973815ddfe3e95,149.87
26753513441a5bea0e70e60c4713d04a,149.87
e56ffe8318ebaa8e036399ca8809f975,149.87
db4bfe6f8f3a7fb9635e8b0f2219a719,149.87
92b3ed4e56744717c53f21d894fe1169,149.87
57e95f462421f19f7f38515d6ff55fa1,149.87
472b23eb25c3eded31d5b227dd6b8e1a,149.87
e4071d8169a4556bd975b0e54771fe4c,149.87
b6edb7a52679daccac6fd260922362c6,149.87
b0f499373858acb08d14307f9969da01,149.87
91e455beff1f9658ba509cb45983fc19,149.86
ce57da1d592e7f5a8606eca47d71664a,149.85
81bf164bdfd3c3c8367945888f18f05a,149.85
7422267f46a52991b0a78f0e10e1ca65,149.84
d066605889f2209871ba356e9e602fa6,149.84
6dac8c7b9424e39244722510acbe31eb,149.84
e878acf1e2ac4373cca11582ccb97184,149.8
6689d86d2dd1f71cd6b181e86d866ede,149.8
b1f9e981c87fbcdd97d9399bc256d494,149.8
0e0baf7742b23bc2ca9d12425f4d5928,149.8
9e38a0715d956ca6c48e44feb01e3c00,149.8
68d081753ad4fe22fc4d410a9eb1ca01,149.8
c5361a925018d4f112472445da6abb84,149.8
b31f9f275c6f4ab74a60d0bebb303f0b,149.8
18aa3c47321254d8492205fc16b4f60b,149.8
3bf7096ca4aa72588b26d99acfc1a823,149.8
5b8fd2d89503a79c1090906a4e559c5d,149.8
2339e7533d5a6fad8b3a5b6e3f1be6c2,149.8
7296759d3f62aaa038c223494740137c,149.8
c7d1e6445617720dd981429fb5580238,149.8
0192b93a11b1f588d6f19888b82d02bf,149.8
363bec0b3084aa6749793f6406708b99,149.8
94d084a49f9651e3289193e6871094c6,149.8
5a0e6eb50e11d5cb0063f682bfb6d0f1,149.8
955770ad791e4fd9f7b797f565055ae8,149.8
753bc7d1b2d50787c5b275751d89dc52,149.8
8475bc1245abac7e49488d01f3b8f98e,149.8
ff310159cfef87d3dbbf5341637bd4a2,149.8
3f36fa8566b86af7d9abd7f931f2ef73,149.8
5f78591f2dcaf59c014ea6d8934a1f91,149.8
98ae06813e0146192ac3347558abd028,149.8
67401bf7da895105fbf1b67ff146bc10,149.8
0ae182964a91768e18dc1770c29f8d32,149.8
bd724004d9c0736e3cc2039972928de9,149.8
72889b03d4e898e80bf55ea7e36961a6,149.8
d9fbbd82d016d6056e9e08a685d73cc0,149.8
37deb7c0c365cbec914968988aad92f6,149.8
05aa1cdcd7c5f9e297b3b5d89ae5e1df,149.8
ce2d5c4b99be6a81c3b3a9639d168d9a,149.8
00b6731ea206414be73f8c73bec1951e,149.8
105788b61e5c818bb354138f728cc37c,149.8
49474459ede7f8da6d91842919d03b77,149.7
acb0af18bc8d75a5f0995e1198c44131,149.7
8e343e49837144656a76f9dcecd12175,149.7
9a78f75b77d6d6c49f563f1453bb113c,149.7
2fbab47bd8983ab033f868c8e0134f45,149.7
b204bef503807c5ebc6ba01bbe17cab2,149.7
0bd4b2650d06ce9880370c6b5e4ff2b6,149.7
312a3a9546b2ee455c66ff62528eefd4,149.7
2c4c488a9712b143d5c1aaa67837fae6,149.7
e298df72f16d80dc506e0509f104925f,149.7
db8e95a7c8bbe135f190cb4866fd2404,149.7
0fe716f72e998ef9288404dcb9d3d051,149.7
9fe7ac7180ac1ee5482b89b07f7b7737,149.7
bd30c8ec7f7139af7195e1f7f031e131,149.7
4296db81df225793d5229d71e003ae39,149.7
92b9aa277769ef0bf861d4fdf17cf5bb,149.7
fd3348decc9f430e0ac4fe8f6e295b2c,149.7
5929c48788d2352bd67271a7025b4bc4,149.7
0ea67385838ca5b2819a5422c7004a40,149.7
56e0d7f255712e35eca5efc820dadab1,149.7
7cbaa85e0ebac50c20576511d07df810,149.7
12775da2894f94da4152af87ee34b1d6,149.7
5fd4c47ed0207d4a978f81aef45b939d,149.7
7dc0e5a1cd93b2037b5705566f784f8c,149.7
2252a8e7351a7c00efa61874788b7cfa,149.7
4da02003088ff69e3a0ae3db17d648f6,149.7
319eb855f62e79c2fdede2f39ce16b27,149.7
49d4f082f2123654113d5182d599f345,149.7
93bfec941b9c7d59bd6bf995d844a214,149.69
9dada6035f2fa20b18915fdc4067a378,149.67
9d0ac9f668494a6a1d242c6a89c39c36,149.65
b546f0cebef70e009c2fab7ff38cacd5,149.65
b66f32f79a08dad505caef424246177d,149.65
39c4545c05884339f82340bd79a8a679,149.65
340ea1e30ba5b8f87429cc58cb7aedd5,149.65
567376707a076e91e727a4cd8883be4a,149.65
76fcde2a57279f102b7b7907816b5301,149.65
eb285763921cb3b806e3d925bf3ca94d,149.65
433213c150052114940ca5cea0eae794,149.65
65da32471b3ddf2bd35af98c8023eefa,149.65
639d8567cc1c4963745cbbbf059ceb3b,149.65
3bcb76a5de2acce5b211750a30bfbbf0,149.65
9508b3e20db239b2e109de122417bfbe,149.65
306e7c7c95b0e0a2d2c221fada96e6cc,149.65
043dbb0e26536d1faa2c5286b3dfa926,149.65
a234687d6b689082f980faf6f1f48924,149.65
9aad6db5643769b3d802a87328ec31e2,149.65
b866be3f3db9c467d60fa850efdfeecd,149.65
1135ecbf1ddc0da7eb2f1f529cb46708,149.65
750bda3d846652e304dfc5f3914dd8b3,149.65
a987323541e7aaa37af318af901fbcc7,149.65
b3ade267c69f240d19dfa6a302d0803a,149.65
f63472b56baf790031d3a7d0f19c2d47,149.65
7afd70f551aed27048b27f155376a4cc,149.65
8a3edfcb25845185d88c9466e067fcd2,149.65
dcb8ccf8642ced8c655b5cd038af93e2,149.62
a6f899e6783a09f47bce511ffb9a2d9d,149.6
ea7f7e38c00b5967985cdbce2ea81c08,149.55
603e5fb8eb576575546d8880846aaac6,149.5
81f23b87c6d4f9f35623839be4c81a06,149.5
03e3a430d50d6e1123627d133c65d5c4,149.5
7faa56b79825d8ac2a793c613854e981,149.5
a40f0cc059051cc7b1ba5465cad570ae,149.5
43cebded17ef78782f347b0bf5eaae5b,149.5
7c3b4a82fa45566b31589d16b39b940f,149.49
eceb20c8e43dbd9bfdd32f32e3b17bd6,149.49
58abbe3d883de2e747c3b0485bc0c26f,149.49
397e69077924b1f68ed2b06c2240afe2,149.49
fac377fcf30218090635992d2467f12e,149.4
6dc03b7785c3ad8b1f2f69a96afaf0d9,149.4
14bce5f40a57b5dee99e2ef17f19829a,149.34
d7425df47f8b1f5432216fc66056e270,149.33
5ed5a4dacb093b32fa33cd369643f9a0,149.33
ff88c3fe67d72e79283259628c0731e1,149.31
f962735e6a426364b5afb3a67d3ffb16,149.3
b5ebd20931e0aa305e53e7a18d65bb06,149.08
7106ec9a475922e353e618396d53cf4e,149.0
b7ef6615929779df90c8404205b319e0,149.0
65952c83b682892cce0f55fffe3240c0,149.0
8b58775be04ef0b69a293030dc8f2bfe,149.0
780ff6bc7942587a2155f1edaed26661,149.0
40914400a0c461354c9486dd7ce67201,149.0
b104f8e5aae38a58aec1bc28bb05ff15,149.0
92beb79b41e627ae95ec5379b248ba82,149.0
0c3abed07592371aae8849458ab83360,149.0
8f039377398b08c900778a60909d1e49,149.0
eef334d286867001f368d3b4b240f1ba,149.0
1ac1963cfcf8bda4b3b64300c5b11b16,149.0
a3769a6e70dc4fa874b30d62d812942c,149.0
3ef4000619707b4748f57bfef2243a88,149.0
93b78af37ecea7e653b2f5dde69ed23a,149.0
07607659be36fe8f61630b1e89afb53e,149.0
a35d47ce1242f49f967829e717bdade4,149.0
1e1cd2b9f6e858d7e193700a47302cad,149.0
662dd549d8031ddf3dee06db55dd4c61,149.0
2e6ae98da5c04efadf7992e149fd1155,149.0
0e077e2c9e518b1443382b33e00ba95c,149.0
ead486b9b0298af5652eef24ee57fb24,149.0
84f8b9390929250d60da8e06ecc33e66,149.0
94d10d7e314f6e8440d7dea79a838106,149.0
7595f0de4868abaec15c442659fdace2,149.0
23adca7b92ea9f7c40e60be117e47c6b,149.0
2cee507abb562913583ad369e36ca57b,149.0
652af637b5e0eec2286ec5a8104816c2,149.0
98d0d7b56387880c76e991775addc133,149.0
eaa701838126e86dd60ee4e44d274f21,149.0
64d0b45a2d375f50cf34382f6949d70d,149.0
3944b82e37ee5e185759759a68c555a6,149.0
0e7c1297b25050b5f624ff53aa5e8c7e,149.0
2be901279a0b7dc7983e27705c8eda62,149.0
fbe13bf8fcd0adc756bfec5e66a492f5,149.0
d9706fd1a7a6464dfec945b5bd3d40fb,149.0
1aed89625cc79e63d3d4df40671e3d95,149.0
5430ca76b0c30e4a9b6da922f8c29b56,149.0
c57438c44211c48b6e71a6e50c40ab83,149.0
e0e0a604825249d7ae9ffacf34133135,149.0
1c6ac3ff406667fe162e1f060c271b44,149.0
4a299ab1a7b9fe9a892f9d95a87faa4f,149.0
c5e373b646a140a5c8c0b8b67d41578c,149.0
83bbe9536e41c6030e18624172af90e8,149.0
04d5e61e7fce0006c484f168e0b7bfdc,149.0
14147d5d5faeb0b1d408f87e32101331,149.0
136880fade3bb7ad3d803f7a7a7506c5,149.0
f4dde3802af44d867d21fe23d5ca3c1d,149.0
c892abcf71d09bf32658f23ed1878b06,149.0
fb60e1236b474808fc33b9d2bf26d323,149.0
079fe6f48dda3d0e11ad3a7d66c86d21,149.0
916eaf991fa5c9981e39f525efcd4bc5,149.0
1d1304f7c4219c811517a8efa5985b39,149.0
9c025d5516aab09dd87d24084edc31aa,149.0
57209ea26353a908b799bd553103dc6d,149.0
9e11a6e0ddedc8a1e7e8a69c25a16ae3,149.0
e0ffc77d2547b25531918a0ef0d4900e,149.0
5ee16d73330e44ab4611eca44fba31e2,149.0
501c45612cabee0dadab5d98677809e1,149.0
bdf752eeb242f4658f6abceb10e234e6,149.0
2dc4db7a0495f02e107ca167a7a62c4f,149.0
9b4efdb2241fd3f1780164c4e3ca2c13,149.0
3984ffbe9e8f2a24ecf719952d27bf08,149.0
5ad00fc41f0c73546227681216f7df04,149.0
8aae4cc8fa817181ae1fc6d70b9ee059,149.0
ebe041d745f3b356107e0ddeedaa91f2,149.0
5f37908cd42604693554fc4d693d8831,149.0
359b60906e054b0e8cb0310043d5a375,149.0
04c79718e69bce669782d1cdbfa6f138,149.0
f96fcb934eb3b01321a00d5a271215cd,149.0
c2cccfa82f467cdc30aa4d6093522ae0,149.0
b6868e9d74f44d57435a65e1bfad9be2,149.0
16aae56add6dad28b649750cb6f7a1a9,149.0
7a366704a9562a585054e6a2c02f33b8,149.0
f9fa6e564d1e4b3292ff8df1402c34ca,149.0
1f31077338023a5f942a3cfbde373d48,149.0
3edd6632f0023b2e66e1cf3e7814c7ea,149.0
9393744f4214f430a813fee1316567e2,149.0
64d8e8b44d4ff5c2974d8d05d73bdd10,149.0
66864c22377ac8bb2a1ce9ecef8f1f7e,149.0
7e3ab6709f035a498a17cb5a9e9e0b93,149.0
d3208c1be815d769d22cb30ce5c334c0,149.0
645f164621ad4a048163ff95076755fb,149.0
5f93f330ff0dc45aed4db06da679d7dc,149.0
be5b31d927c5966440f2826da46e6449,149.0
66b8528f2144c6cf919795323c4d43fb,149.0
09c873413276346d1cbfb566ad323fe5,149.0
6e303c5ef1cde172b564c70285f61214,149.0
712c7208a74371945033f50996bcb0e1,149.0
5a88431d6ebc9a79f999c06091ae0370,149.0
453305a0ae6e3364c5cc6a224dc7a944,149.0
56f735ffc907f93942f622dfa0010ac4,149.0
5864fb114a78ab4aedd6cbd78b64649d,149.0
39ee7d31641c3f04b65dc46f462ffabc,149.0
7ec2b3ab3c32f06c03da19590065fadb,149.0
0880861964a0c3fba8254313913d4846,149.0
16c28846f3848f93920879c1c6e0e4f3,149.0
c305237d42bf1fbafd47e1dd16046978,149.0
62a560d7cd4acbf08bd96639d10b5794,149.0
1f7908129bdd1f9bdefdd4b8aa0b1aaa,149.0
451ed05885bb18ac6af35202ae30148e,149.0
48917c6bc62665546306ddf9da1170f4,149.0
a522013962bdf8fbae9cfff7541eba9c,149.0
8f73e4a4a7720052d07d8533e242c264,149.0
e226dfed6544df5b7b87a48208690feb,149.0
e6213fe9cfaa822b49088fd66ea9263c,149.0
961b5bfb86c1fbdb13f2b162d9fd78ec,149.0
e239226c9cf95ea632088e498f9ab858,149.0
8df658f8c3ad9760b45cf6246f711fe2,149.0
3cef4697e20e318d151c7e2b8566e704,149.0
704ba5716f38ab188cc867722addfccc,149.0
67b73da9983e08fd2e278531a7062d89,149.0
18c3eac6cbd75dce23b4c6a230341659,149.0
ee7b0a64a42fd92a3144a38c4f347a9e,149.0
8323f575b8ed7b91e5856f51f7e33684,149.0
b226a663d199c9e27923c73a74d6aed7,149.0
96263cc7984dc43d894baf9edbd4e314,149.0
ecc64422fc766ad378ac0123d5e64df6,149.0
87ac0933b7f0201a64c8f04e34bdcfc3,149.0
c24bbeb8111fea27eab791a37e665210,149.0
c992debfa22b28e51e968fc6478ca626,149.0
ccafbef5836bb3f6604cd55c75d54b4b,149.0
f61344ffb27f53f1a65d6efef45d1936,149.0
0645e6b17784d5955065584acabb7d25,149.0
1da26cb23f428136c4e46eba7ed28dff,149.0
e58d429f0a9f1706d5634b5b33710843,149.0
51157afd140d7bfe150232e37a295eb5,149.0
8e64729fe31042626548bb4844a9b1a9,149.0
6d207800b2bf351d5589a2355a5b86d8,149.0
5108304959a328833aaeffce6203747e,149.0
2ae02d89d070e76870a0cae2a307f488,149.0
7ff290e59c82983e21d8337602e2ff6c,149.0
e2ff48f36d5fae7a4b203af47c9dd28c,149.0
a9c3ea5497bff2eea60207db6c513717,149.0
efc99d32a78cfb0bb489007a27da2c6e,149.0
2b22de01292ece3dd52531b13e8ddcb3,149.0
81a8eaf2d00263614778a976af4c30d1,149.0
f2fc5c6aa68766fc4dad7fcec0da798f,149.0
e54754d2e9742ee1060d207bd1e0b070,149.0
d78c49cc36006df4427476c395aacf7a,149.0
1b4619c88bc267fa3b710ac3ca68800a,149.0
0ccce07336490a0be9bbcc78b70ff35b,149.0
36fa9776dee38b20734cac9f7a382be4,149.0
d6154b35746d6957d70e8187799faecf,149.0
9a55894987e54a4047c4bf61210cd35d,149.0
47594e76b02dbddd84852fc6ee7488b6,149.0
91efd983bc7d7abb0b86c11911e7a939,149.0
a4c1017188a10ac3de20036f363b7fe2,149.0
dacd221c6e61590fc4e70e6a64926dd4,149.0
3306ce07307e9573fbe74c22cae74a82,149.0
cb522acbea137ad1fc7324606d247321,149.0
5495ba682f40bc95e925273f8db0c169,149.0
f855fa86c95a0c15d441d399213f8ae1,149.0
c49deff8ee26f5749017d2f8ad810b1b,149.0
a00f18ff5bcf5a06aca882cf83f57127,149.0
900cedeb67660eb8320be7251896da7e,149.0
0d443e5f5c30261d76551bd8f689a8a7,149.0
927907194a41831695e363d56ba2c8e8,149.0
460aec2ca51fb345f4b1ecdc663bdb66,149.0
156a7210c6a717b04dbc076b8ff2c528,149.0
50ecbfb5620e40761c024319ff82597f,149.0
399d1e628c48b7c3b6389098be566cfd,149.0
aabb289abf4c3277937c216d0729f36d,149.0
edcb0d489e8bf0601ab2ca4ebde3bed1,149.0
0e8d765796aac54580fe7f1a3a6c5e86,149.0
7a599dba82fb26f7c6647b863dfc500d,149.0
508302a8f9d5d4bd3d29d770286549ac,149.0
514fd56e2405925fdaf25f9431b38e6a,149.0
28b132646cfb40a0d9be48913dad6047,149.0
da973a9c1fa85eb83771f202ed67fc88,149.0
4150cf7549e3776c9c3c6b54349b23f3,149.0
7196e7b72271a04057e5ec119b45947e,149.0
1aca54bedc0e34c536834dfab6f3524b,149.0
bc71e262cce8735026fd6858ceeff0fc,149.0
e0afe6aecb9f6406541ff71b13fd9aa9,149.0
24eba626a3ecd25108018ea7b111e766,149.0
34d0cc6bbf8e377d86e6aaf103d4404d,149.0
2b41d57ae795717911bbde0cc76ceb49,149.0
c93628f3179270d786e3b86127cea956,149.0
c6c67979c6a71ae3f43fb2fc04712e4c,149.0
fd70b09cd1fd10e0a24d7a477b3333af,149.0
896f1932bd8ab3bd8e27bf16193fe1bb,149.0
ed754566e72104e594b0cee23c4feb02,149.0
7eecc872bb8542c147aac6a7b801ad2d,149.0
90e8a15802c871cf927f0b4ce81e0947,149.0
e47d3e624ccc9b27956e4fa3777b8e51,149.0
67375d4b0ffd1ec02ad8e4c84f2a9cdc,149.0
42133d569eb767022f294492c6f552f8,149.0
bde48ea5472dbc2099004a0eae12bbf1,149.0
d123b52ec1c7f8e6e25f7383118a816d,149.0
83afeb3ec13bd0de7db12255e9cb4035,149.0
8a71989a36af953b1f3917ae919c4f3c,149.0
dab10f9270450da7df9d3bc18f8ed570,149.0
c9699958c6d39f1ec7c42b06629dbd5d,149.0
613f2c0ca4e0c3c8e161fa092f9ed98b,149.0
3c03fed2df425b8291c5913c52b51b84,149.0
77bcab6dd4a3f32f074693436c534da6,149.0
afcecfc07b494b0a0cb85728dd093df9,149.0
c3bb4adf79d8cdb402731cee2fc0f861,149.0
f0d89f9809dfe5b705baf55c6f6b5d71,149.0
2cd340f0483672ef400892090c549289,149.0
a181f2c0ff9c02e25356c0b204fe2fbd,149.0
a3c07a5d858fa39abbe44ca22afbaf03,149.0
15bfdceb03d6b5ef90c02a14a9bf7ea2,149.0
23e9a05c114b1513d55e235a93d8a6e7,149.0
b0a35e98a28ce055c5090da452a82973,149.0
6c4b7dd5c99515fe3de7a8a79f0c5dac,149.0
a5cf58a2f2deb1b4fe6d8496835ae8fc,149.0
fbece8dafc6de4b62cef0d4df0228e7c,149.0
42c73f6fb9c46216dcf705cce9cc7dd7,149.0
e7923ce10d3bca0edcec4e3f20723fcb,149.0
10f53ef75f23e5a4d5ad2df4de7c6324,149.0
790cbac97e71291719b52249d721519f,149.0
4da71b283420d156c50159242d0691e7,149.0
7f9e38df3bdcc0a32b5b330288cf7b6d,149.0
861782a28c13ab2bef0a7d1fdb70bd37,149.0
ed421f2bf6c0ea955e4ac8a5fe646b94,149.0
f903d45628e30613796b655e228d612e,149.0
27c90094367caa279beaf6f6e0eb3332,149.0
0d9eca4e834f2d5266531df950fcb6b8,149.0
f18d040315191e5cb9496d84186075b0,149.0
3bb999062e7f14c42c2392ccf3e30e6c,149.0
608d1467c0aa3e122509bbe443173525,149.0
a47eef7a7043f321d272a603771704a2,149.0
a67c3300a47c8ba4b12bcbed6731c7ca,149.0
b5653ab4c41ba71e717a95be08dc31dd,149.0
084ae656b4e00a699f6f2ce1692c07e1,149.0
c8276c7dea2e79481adcd0bb48873ec9,149.0
e4bbab9eceac56b0816883d12d499736,149.0
deeac34ca5cf90b9a09d1c978d705463,149.0
3375758b2fb28058dece1e3036b24900,149.0
b2a02ae01aec9cbcc071c887b1ca41ab,149.0
b01e659ea32e3dd23367daec082b74bc,149.0
0ffc8e8c374a394b0715d65963d641f1,149.0
dfc5a96ced6dc9547e39a2e8e8df2192,149.0
d38882820e53cc96b6c04c82bd024d0b,149.0
c5cf24cd094521d9270ff310c36fff9f,149.0
2713513e2014d3d6181fd3ed037d4a80,149.0
36aad88aa6b75c986f11eecc4380bd66,149.0
c62d3321fbc841fce665169b9f3218a7,149.0
0893ae80a887e2e2c177f3162f05aebc,149.0
89885df937157375f2aea4ccec60d274,149.0
49514292b7c96900328c314056e19641,149.0
0ac81c0790cd08bb157bdc505f4ab215,149.0
6b5657ba9faebbefbf9a2fd894ef803d,149.0
bed92abe099aacedbaf421dc231f0e82,149.0
be930903506aa698f5dabbb2c0ca2c9b,149.0
40bbf05156775873f7c2540c0429b95c,149.0
fdbd4c985b856764d8a4a30a3cdd1d8f,149.0
d066bb1d9c73f09ddf40e60deca1b926,149.0
cb2e11bace32ece844401b0cae25430b,149.0
404ac566795a813df33daf72f98594cf,149.0
f36e1b14a03badff9ecbc7533a6943b1,149.0
eaa3b132d1e0b5dde46a365869e7a5e0,149.0
60f67a438666394c312de0582e1aee18,149.0
87608b39402a92d8234efb049a82d291,149.0
078ea5f10bc5c1fc06b34ee38c7ed24c,149.0
e9a28f7782d12e6558605da9afaffe34,149.0
9203c398c857def612b4ed2bac557422,149.0
7f6145b6842fef7c66459296cb0813ef,149.0
617fc8fd035377d90276d2ce8cebfa6f,149.0
af34fed7ecd8d47bc98023d6f9330188,149.0
bab6dc8016673a19a902c5b3a34a690a,149.0
50e3114b98cadb043f6fa08d104f3433,149.0
bfa4d52a5bd197fec9654daa897d31ff,149.0
60968a8a342573e9f88a5507a0e322d1,149.0
c10560337ba2abcd6973626d18f2a0ce,149.0
55078458f6622b6a47faf210f19c838d,149.0
67706437accd008e4ed2bf17dc076243,149.0
d98a954d2c0d995688a33b6f8b73bb56,149.0
6c8c6dcacef23de010f797976a3a1790,149.0
9fd11a8203e2f396c2895955ae13e1ec,149.0
5c7e0f8f6aa8e9d4f5703d54108df291,149.0
ccdc1fdb952df6ad0db18f1e7786777d,149.0
5609249b15221c011b00969d55035f06,149.0
a1922ec4d4717efb23f7175f5de9a9b6,149.0
0e2552774c1ffb9be624567c5b4dfe76,149.0
1e5a23e9ddf45e71f18ed50dbcefb79d,149.0
640cc2572fb312376699744ed394f935,149.0
9f75fe65a6e57c44f6adca8ae7340bdb,149.0
e7a52d4b67cd24ec354a53e89eff0429,149.0
f687f0de29ec2bd67dc6505ff1fccaf7,149.0
9256fbcdfba18f428fd2325633fb38cf,149.0
203a0a75ae7e8fca0962b1913ef3a91a,149.0
66941ffc0731c1c827d9a5c6121cd9cb,149.0
49162725edf59a77fb0d29f4f2e1af83,149.0
674db4844d0722cfcd381ba363b3541f,149.0
fb10dfd11e28e35c964ac8ba36c7690d,149.0
1f41af4ec95a7ff53a851760a3dd9ca5,149.0
db147afc51da134594884b8ad4364d35,149.0
6952907ae6fdb446b191dc46845b42e5,149.0
0c8245c152ff3c334a3e64f49f7bc33c,149.0
8ff3e7037b1a4e96d5dec1f247273ffd,149.0
4d49b718c66c129a5c769fcf693a9509,149.0
17c0058d0378dbfb60de56d8ff83a4d0,149.0
7091487e9d654190e69d58970b214325,149.0
dbc848ab648ff35d09fab22b07d525de,149.0
b29f247848bd47bb534c6c2d40f8bb2b,149.0
8b8d2b8db2dd30be0125ec43a76aeab1,149.0
6e881b0f8bbf41ec6eb160602b44d292,149.0
a6557f6a9a47396b574b9a5b6e944192,149.0
712ac9c596bee080fa8b30ac51b2a4a1,149.0
774aa06c60fb3845b46b5d97508521f3,149.0
6c0c79e9da7535261f65616290ddcbd3,149.0
541b98cb6ebd8e11ee8508bb7e6fedb9,149.0
04bceafd0111719988603d18dbac84fc,149.0
96e3b5ebc1882bf98d365fdd18f49465,149.0
2fa31352737393319f999c84deafc5c5,149.0
66228be37880f504ce2dbbd32c4ffeb0,149.0
71d768f0401c468141199473dc548df4,149.0
353090141e210cf202e8666fe8835a63,149.0
2802cd2cc702ec60c9d9a108a721cdbf,149.0
89bd3cf6475e5036e8e417aa3851e548,149.0
adf4f9800a136326d927e594a15d8247,149.0
58703240866cb2bb2a44139147547da5,149.0
9c1e141643cc2c164c2fa7c7140f5317,149.0
085e2dbcdbd3235701eec1d6fac9de31,149.0
b4f4ec258e451d814ff7a373d237b6d3,149.0
c23799a7a4ab562338447cd8446bdb95,149.0
dcce3df038a0a13e25b904159c902a96,149.0
414efb60391a008d3ec2bce97e0c925d,149.0
061a2277159342ce2a3bc5a603856fca,149.0
c2d8b1f31bcf589448e5d2b7a8d401d4,149.0
c25d5f7876f3e6b0f9069c11b0708b93,149.0
e25f3c0da7eeb0dd9bb46770cd17a61f,149.0
a02dfdaaf5b634d7684b11d1c9626d1d,149.0
814eb5af9d95d35f13f1e6e77847aaee,149.0
a2db5b8ebecdcc046aba7a1991e73c6a,149.0
563c88d60cdaa237cb6e9eb0e291bbd6,149.0
1feb53cf8faac88a98197cc75fd8175e,149.0
3747cfcc18da3cff44fd440770d92d97,149.0
03dfdec9ed6605bb41453c46fac2f2b1,149.0
5fabfab95333c3c3641f4cd20f86a56e,149.0
3d4c473f325542281c88efce5ae91375,149.0
4e5443c34fc59098f461139b0e48b477,149.0
5b5ad6ceb42c743bd3bf42efaf927b09,149.0
8d3715cd0e1d49020db4ecb2812f68cc,149.0
9a38416b70621c73c76690a5cde38c0b,149.0
b32fd4cf133d634bf41e5bbb7d09febb,149.0
5707fdbd6e18f4c752674a5053504a4d,149.0
9ec085e37e00d2cb18450ddccce283e0,149.0
a30d1fca30923a4b621b888b3abb0365,149.0
db7822800b949810547673c25902bca7,149.0
822f4e63656257d01644abf5ea76623e,149.0
6955b02fbb91a54af55310ac2ce3b3c3,149.0
e4412072d401a4c3bc29c976497e0186,149.0
6303896fe7edb9feb7b93bbc17bafc09,149.0
abf6671124e009ac0b59ca2a8a3ecf3a,149.0
c78e1ce3a499d6979069f82c20c9178c,149.0
05fd588b0794938274d5d0d605021a28,149.0
be5b2407d2c040ac93d987080f64fcec,149.0
7522d0cad9b645e773d640d12cb4a38c,149.0
d7f5c766748d1e31c16f498e25bfa6f3,149.0
9bc5bb42034600fb2893a25919005ebd,149.0
2cae47942c8ec4b0b35568cda80c913f,149.0
beeca1dc645ce7cd996e0db5978cab77,149.0
bf77f570c34b1a6960353879d4ba4414,149.0
98a95db6578e2df8a4786793c89944cf,149.0
4e26cdaac1226b5799e32256519c6d4e,149.0
ba503b67e4b3b4faef99f1235920617b,149.0
9051b4ea0d87599f7f23ab2efb8cd5d2,149.0
a51b06bb0e2403573a1f623fa182c632,149.0
ca8e64f053b344bdd8de796e3e6e5346,149.0
0b85fe0f29638fecccbd53288d8cf0f7,149.0
25e478c307b5543559a8a7bc74b2a068,149.0
0948314b0dc7e18e7e125269b56bb27b,149.0
bfd7b93c28335b4b8cce03a5133c0114,149.0
d0ded10ea1879d9144131c80f05be330,149.0
c87368f0131696c39951652dad18ff37,149.0
e720155cdbf375e262f69d2e1d85d63f,149.0
eac8415de57259873885a7db3fe7ef18,149.0
f10bede7fdee22ce94b43d2f699b7b51,149.0
d3d7dd13a66c2d1362de5251fdbebef2,149.0
4b1bf0fb3fab75d5d3514922217262ac,149.0
2573207acd565358bd39471c79676c5b,149.0
89a187407adfc8a32a4d6233a6a237d8,149.0
817a121930279f106d917613b3efa66b,149.0
e9137323c426e06652900161e3b0a105,149.0
e0107dab0fea0e47d30a07eee47d067d,149.0
79298f6a8720081178c7741e3eff8216,149.0
337a8db159bfa694f3fdf52acafdd344,149.0
ecb3cacab8da3c0858a498a608630308,149.0
27d6d357ecb2ca60d9c2a17072be4980,149.0
67f3e907dce402e696b15f9308ff22ed,149.0
931b4625cb00b378f07ca1a17fd37381,149.0
904c9a7f393dd1602377ebac952caf80,149.0
8bd06115c743d1f722bc020dac2d3f40,149.0
d83753072568e192f71fd5848f98a30c,149.0
d9cc52f8687d008c962789641cb4ee0d,149.0
94585f4d164dd1117626d9db77c597fc,149.0
acf5ff42d19e917a14f2da1e8b81cf9e,149.0
42715bff8f22b8dc62e5055b1e9fef7e,149.0
35bf8740c8b1f9ff9291e069d7621ae2,149.0
a0e94be606028d202f449cb466f47081,149.0
0bf752a3e1a9a91859d9760834a75acb,149.0
956315c42ba4d48828bda0aa5234b6bb,149.0
e1276a078b5016e0b3a037d9194f097e,149.0
84fb94e88cc2e3e090d76e95dd6236d5,149.0
6439ea90707454d13d653853845f5721,149.0
2c697b3bc2b09c044f9580ce16d5294f,149.0
2f5d425fd3094d84a0a7d9fb14412279,149.0
214da6d258e415ee782fd14c108be3a2,149.0
fdb0f83896fae5207bdd32d4f3d9fe48,149.0
47965c9b60a3f765a6a7c285e2ef5027,149.0
d231f1ac967fe67f2853f0075012744f,149.0
8a019cbc93b5aaf2cd852bd7a93fb7f9,149.0
3812b56733f6771e29363fede485cd6a,149.0
2122031cd11c82d905572a7958c2a117,149.0
63de55d73d31e831e9652a0d7a70df94,149.0
5de02bda3b4477547636e31d0bc5d0f5,149.0
b95c303652bfe9fa2d4851ec82983c2a,149.0
57b2460e5de27f86aae44617c16fb7ca,149.0
4255814e8b080bbf487d6e0f837092e4,149.0
e150059980c5dec1705b169f2be39044,149.0
c04d524b349a3ece930bf77e623cdbfd,149.0
4032cde8ae95228972fedbfbb48bf6a1,149.0
9898e8eddc4e40527c7cda1dc8ef3a9f,149.0
76e096c68fdf19c14e89397f91d10159,149.0
c7cc70a59fb54a90b89405c8e34f3a67,149.0
babf1ac5ad2b84176d68be5045ac8c78,149.0
8153bf38caa53372d335a611651d7ae1,149.0
18f912a4801eb7e8c09165bb4006bce9,149.0
e4382ec62fc7e2f00f5728c2a5395c11,149.0
501435a1d820f757937d48ab56c9d9e4,149.0
e200b9823371b1da02a7ac74702a1f3a,149.0
e3efb89ac66e607b7f17cce348abba8b,149.0
2b628f30ef83c278e5a911d9d78293ef,149.0
ce0fb071e08e4abd8134fd3401b23456,149.0
b349d1bf2b2d11bd7d1d066bce229ce5,149.0
acbb229e2d5d6029df9171da81524406,149.0
92b41d8cc0de13afd2fed016933b8c8a,149.0
c1d8da410642f2db087557428519b6e4,149.0
6e68da0701c0b489f68c86b9546cfbaf,149.0
be060a38284f028a4b7231b6865b9d7a,149.0
bf00c57dea34fb09f3156995b583f6a8,149.0
31cac48ab63105d3f0881d4e6dbf3584,149.0
fc821401a1841453aef1515d55b09399,149.0
36c97de8d5d1c683eb313ee1a4277ca5,149.0
01690063395d386d320ea8f5a60cdece,149.0
d588273738545bc6a0d30971bf72e938,149.0
61fe8bb74fbc2eac555010a7bbe4914f,149.0
fe52371de2f4b439db8a13ce74a64bc6,149.0
13ee665987aa0e4a0774873d690d1ff3,148.99
c9585548cd0d00a3ab9fc16671ce1f65,148.99
918727941e109f15a4e8f28c64431f78,148.99
655cbe6a7b399bcdd1b055c1eaa48e7e,148.99
d4ae6fb4f627d842499fed248067a69f,148.99
2da229948f4646c1c67dbea35a198606,148.99
b8ae52eba45117ca56310b303a029ffb,148.99
6d18a9e76b7b95ff185b3ac7849f81e6,148.99
41c2040a93d27479733b7d7b943e1ad1,148.99
c9c50e93a64b30608d9fc63f83a6ef19,148.98
1889ac8eb65a179df94e56fd8c1ca933,148.97
09f247d80ae5e78ad36a6143b80967dc,148.93
2b039e6da2b5cc14db88cb39fc3d06ac,148.91
bd62dc4bf97bb0039dd1d87c34b6dbf8,148.91
ff7505a145a2f4880c36a4274005840a,148.9
ebc03139c4eacc7f77065c3dcfd98612,148.9
0489975a325480c9e385e9f135bb13c3,148.9
f035bca183a9850bcb629a58a365b70a,148.9
e9a257fc7c4210bcc7112b930429f9be,148.9
718ac71e13610e09fb91104bb59b99f5,148.9
35e9e8b0b64b79c90b6047dbe5ea2728,148.9
a476a914981c6b23057d6d9112e4a53e,148.9
4df050fc48129599aa1c863a3557223a,148.9
9ba5919968cfb78690538026ce50d670,148.9
835c64056c71ad9d093dc7166f22a8a8,148.9
303fb7551f5f1e31c71dc4a84e202375,148.9
1050cf3840c2e8ec699c850f1b36c767,148.9
94074895c5b185e9642b1a66a3ef05a7,148.9
86eea35000c04725662fe48ecd33828e,148.9
763f69d62147292383080e70b397c3f0,148.9
a92c8bfa458db3ca83aa9c9a01fb4b69,148.9
22e9b06384774854fe0716250ee2ebee,148.9
abb870bab45c948810c0625816e0de41,148.9
72a46280034e63cc3703b1f969f65733,148.9
cf229ca0398f5783366474af2b0e7178,148.9
cd7d9fe7420121bbc44d7a997b8d2d1b,148.9
0a6860bf531cbda0c10e174657d4e375,148.9
1b2ae93ce93f0b820358bd22b27a9837,148.9
0680214e013bf3ee08069f02ed2c0d80,148.9
d9c31907f4ea9af9dbc3183716f5a200,148.9
1e871ee754202374f077f3fda15025f8,148.9
b249a228615f39c7b6fa3bf1f2ecba9a,148.9
169054d8c530156c7765ddfc7c652897,148.9
17be158b549a978345bc5fdc895815cd,148.9
7b4363fb15ce73b01a5679cf9a81e96a,148.9
a8dd3c1ab4eeccb2a1bd2aec4f8d32e0,148.9
a4469901a1b99d810329af218d154768,148.9
d5d644b08c0a9b23cff92c649963ea2b,148.9
e2296cf6cb7592ec351337ad27a9e760,148.9
b7f2420efe789b808ff326af97c7b8d1,148.9
e8f6f2dc565be3effe09647d2aa8d8fb,148.9
05c36681ebcba4e5116cb0046aa1f525,148.9
ca8cf5843bcd138bd1e81ec9f17531cf,148.9
427de05ce0608c08a25593eb6e083123,148.9
554c9763dcf0b0d75321961cf6c76d6c,148.9
6cf4d26988badc72190d6d77e63cfaca,148.9
505d085a8a78a493b0b1fd4a95d43fd1,148.9
4733ae003f8ee471b008a1bb07cf1633,148.9
b6d34ee4551cabdcd60be5390af46822,148.9
9b29ffc82f368ca303abd6cafcdf0096,148.9
a9a9661d1d1f3459d0cc29a9b93a5a49,148.9
6722ce55e2e440fdbcf925f4b3c01f31,148.9
f64b0019808be5fc86ed8d413d33ea3b,148.9
aa3feb1d75f1019a22cc8a83c06c1c63,148.85
8cb759609b468ec8d01195f328535068,148.8
e0c16bf3f9dcc2303aac70772701268e,148.8
2fa0203e3d4f0dfac0f2f3f1f07263c2,148.8
8c89ab30610f6af8d8724259d0c5aa80,148.8
b2e6ad00199e893fdee50615ccfda0fd,148.79
31613d1228d85ed1b96fd2801085cb95,148.75
325821eaf351939223d500b01e4f2c17,148.75
7d0e81fd7839f55d9bdae0fb295128c2,148.75
e2a07123627e483894d94c2b77a00132,148.75
157746cf254232fc1b21a9bc733ef867,148.75
02cb3b6962a2d852ff7beaf4e303c71e,148.7
6b58b82f79f4f6d4b1663dbc9824ce15,148.7
179c51ca556550022f1563a7a6f23d44,148.7
2115063f9a5484613a8092cc67ac8b71,148.7
42cc774ba04ff98d3a0d1d5688e82696,148.69
a185ce376d3eb3ab5e85d248779cdd7c,148.6
fb44731890feab95ab8f71e54fcf3dc1,148.6
e424136ae114fb9f64bcf55d0ec7d224,148.5
2834eff6cf7bd868e71858ea37ccada1,148.5
f12afed3b77d01de0d586131a3ca763d,148.5
84c43602a6a9a5db29c1f2b9087d803a,148.5
bcd0281b473e8ed4e0a1e37d73e059f6,148.5
f37e018586ddc359d2f1ad32f64ff8aa,148.5
79718a1dd008d064a07683e902214896,148.48
98cdd0afc57e8b072658ac1bb19db884,148.47
a719472fec09c5540edb0bae9cf81e44,148.44
85442da9cbd169529443a1d088a56346,148.29
a8356b1d42075858ff3c9b3a95e11190,148.22
1e876547ea4be0528954ac23b1e48c0d,148.0
bbafed830860c0e9a0c50b6371c462ee,148.0
dc92bb0592372c62b31cfbda4653c56f,148.0
e4b73f0c9ebdea67a8300aaad25ff939,148.0
2938121a40a20953c43caa8c98787fcb,148.0
bf4a62c86fe1f911d4ebe1ab1a9ded08,148.0
163d02fbf4c0a8c056d41c7a0862f596,148.0
f15f8e8e29f606f908de87a8f7ee14f9,148.0
5a2c7356585fe56576d1408efa029ae5,148.0
9f676b4421baed4cc735a7367a44957d,148.0
028514f8be6e8c2adb9d0b4647ef3a39,148.0
437c6e906ba1e09eacb6d28d1de3f061,148.0
94e9ce89950560f017f6f411e9819093,148.0
59cf5cb68bd4206911ee0674d0bfb73f,148.0
6584694ce00fc6b2b34cdff1220ea928,148.0
dbf9370e912aa2b06bdce8da5671a532,148.0
8d5fbfc7a221e6103e9ec6df26f51a3f,148.0
f184af34654e6c42b67146220328aafe,148.0
0a917cf6dd04df0ec24e6178401e8569,148.0
c9d341558d0b897fd4bc48e55f1572bb,148.0
c7056bea560b2728d84ba5e1e1472bf0,148.0
3bb2ca99ebaefce6b686af18c74833c3,148.0
88939fbeb041042ba1af676b28681683,148.0
16b1ae6ede88a77e625443ab2ae0da09,148.0
910698aa47722627838e6927a4ad45dc,148.0
ebdffd2b36f13a7dce4024f3fe0f34ed,148.0
e506103f74807102963d7f0d9f1860c6,148.0
30fdba86ed2166bf2b09b3c3eb014f1a,148.0
26ab8393bfff9a3854c94fcadb0b2865,148.0
ed71acb598f20ff831497c147d62abbd,148.0
0ee9116e24841febd9a2debcd75cdfa0,148.0
af7177e092a630042e08c4301b7421bd,148.0
0c514e0396feddf312e4522c38c22247,148.0
e02b0a31345a94677bcc33aa9bc0909a,148.0
5af132d142a96d5bb2bdeedf3a1835b6,148.0
6ddaa55f55b803126109ea0246790bbd,148.0
756443b83aba78cf471a583a9a712f22,148.0
70e12437a260894a3f038b53d44b01e9,148.0
240ab70435d02cd9730a051774515854,148.0
8946bb7694a658f8a6424ff87380f7f2,148.0
cd083682e8c764991ab00ad9dc7748b8,148.0
248224efe0c305ad9ec1a18568e569b4,148.0
bd15f9ff1287103a05384574f0525d58,148.0
60c0622ace374f7f29cbd0e206127643,148.0
ba53b621908f52203a18cf2fc0af3fea,148.0
c3e6ec183b30f552fdd43a367f096d4a,148.0
633bca8614f7a9f458a5e0d222515aa8,148.0
69ba3a372c54f057939e1d3045d8e653,148.0
fe519670d2d8c9305e94315ecbaa45ab,148.0
464f37f47dbc98222cf250140a6cdc11,148.0
194217f100c929d041ca22c943cbd3b9,148.0
17521e58bb7acc353b73ade610b1b12a,148.0
c6edfb7641b6f29c6bf66ddd61108cbf,148.0
1cde694a5779d9b3d230231c52fe9dbb,148.0
00c1cef22f54b3d3935e1c145b0c6ec6,148.0
c97dea389274283c7b7407ae8cf809f8,148.0
31d79ded8b09c0a871f049c73f2d331f,148.0
d610f3f7d9676ea7a49e0246047bb7b8,148.0
954e58351016ce296c9b714dad1c5d76,148.0
55ee15dd218c486567a23a1418983f90,148.0
e3a2ecc76f9a48dedb531f45863a92b1,148.0
4baa3934e31394dff3a7e881bac601a1,148.0
00660e817a39486a37c26b071d0741f8,148.0
bfbd8bf2ed9bdd9618a433e73942cecd,148.0
9e241a9965210ac822859a94c0f33162,148.0
223811908c4b45b0238ea546789c3c4b,148.0
ff02f44d3f50bba74d4e8679fb6f8a13,148.0
728e8273d534bdc419dbd96ab60b0098,148.0
ebbd756cbe9b47eb7c826b4736e96c43,148.0
7701e6a040e1fe2cea10e5abdffe6df2,148.0
b486f1603eb026a5be2e007761fd803a,148.0
9637dbdfd402476721bceb1525cec2d5,148.0
3832b0345716cf35407858cc6a08ea17,148.0
932ad206940b5c2214855afe95e16b24,148.0
568a5fba0811fbc1696df16fdc0c7375,148.0
15e8864e8fee53b6d9741f1a084a1007,148.0
9f6e2202869cbf505420da86479ee290,148.0
0363aafa9c54bf423dc9aace78f18f29,148.0
aa9a203efa1c66ae5dce0e279ed362f5,148.0
902923d7d935a0c229148d3ed265faac,148.0
29d72e553ceab57d2c3ab9bf61d6e9a7,148.0
0f117c111e7066f9c983a45fceeaa534,148.0
5a5ff214d077aa3eb285242ed7e36c4d,148.0
ba82dad40a1950a7392679dc46606074,148.0
8ae3bda18f32c07a6b7920172f335d9f,148.0
c4fd402d92b11f47ef07a2412e96fdf0,148.0
9f7a3eae3a5b96c05358e8308e4db1b0,148.0
1bfca1f99d40c95582780d71b54b877a,148.0
33b73fc80b274c7bfae9141cfd17735a,148.0
3ace70c2a53c63bdd0f8b12c02b1e4d6,148.0
f239edc4401c9043a2c8f37fe164b273,148.0
d18e38a7904a961d6441cae1e536cf08,148.0
c2c7d500a4b8ee6bfa979833a61249da,148.0
dd2806a552e8e9bdb0a8196c0f192dd9,148.0
c25cd276761a3853d551e1dd81c16afd,148.0
5cdc04640789f888b985d651877ac11d,148.0
73eb345e2b03af4125d07ca4a250d06a,148.0
91f9de3e080ef6be6aa8b5ae3cae1d4f,148.0
a68c6b39ceff533ed6d5fc3a811880d9,148.0
611bb3d5428937dcb7a0a7ad5cf13056,148.0
b60c51ace71de22be01c829273960649,148.0
a79e7a514a9d8f8b9f0a6d89adb690cc,148.0
c4666d6a182f4846e0ea4a35e23dd4b3,148.0
68a0f29cea50706bdffa949b1624bbd4,148.0
f06ebe91a8ef0795bdfa9f8cd148ca59,148.0
2cf11b6b0d123c72731303fe0b5d0490,148.0
d7beb95c2f002bd33338f92d720e2f64,148.0
c0cf2215b00d08e71d80d9d353103fdc,148.0
e65b1829e83ccd4edf454c68d6b87e65,148.0
9e4d9a54de808507f6281dc71adf7a19,148.0
826459bc63377f4313c515d873ccf8eb,148.0
2d78b0188c99bc38d9944aa2fdb67258,148.0
b3e5565254cee458cd39deaf6337e519,148.0
3d980d06fcdf515c0b84481a74973986,148.0
00bf0246fe43d0dac8842035f21f8a76,148.0
83c0a4c79c91b162fade02f2550af74d,148.0
c484483bc93fb4b372ee28d77c5a5632,148.0
11933b54094b0c1af8483c4d91abf345,148.0
996f20401a511998f66f74f30cfda76d,148.0
b4e8fbb3187f1d377d6f6a22951e88af,148.0
fde6d4f410c038c07dc7d504cd4a540b,148.0
b7aba705e32253c6d5159e0155ba4fac,148.0
04f08e3b608a6e4f92edaeeb2514272e,148.0
78c8986ae34f3ea1cbeeed9c5ad29f40,148.0
b3f1a1af87346b32841846beef824d39,148.0
6d43775c3da9d5532adc74676415bca7,148.0
9632189e7c39675d6984fda2932d81d2,148.0
644ffd89339a2d2cd3479be46dbce91d,148.0
aa19484ec6282b1a5a8a73035bb402ed,148.0
d3ba320dfb5cf664b1437a2c154aa2de,148.0
7a85b2dba26b2d96a81bb3f4bc3dca5f,148.0
51fe34b9ac5cd71384bad7afde1445fe,148.0
96da9677673906f17526f0e038e826dc,148.0
62f7de825bc458cc12c2f6bb39a397f5,148.0
3823d695c3047ad1fb0e48322d6c926c,148.0
fde1321a08bd8310dad05e3006676906,148.0
caf7dc5f0e2966d341184f771f92fe4e,148.0
d1819fae7c40c1b27eac41a68186a593,148.0
58226f65e8043f2fecf5ca45bc00f460,148.0
709dfcf24ff2e0d89178a5fd58c78cfd,148.0
64de6247edc57084cd878a222d47dd64,148.0
2d23c506ea096fbef6af8adfdee0121c,148.0
cb83a5aafc687c5f72d6f28b4d7a73e7,148.0
6be9823eb869ab196576be1fb27c9f82,147.99
dd14cb9632c88fe275b99c61e12c9384,147.99
84eaed2673c6366031957b44e53b2067,147.99
221b4e0290833c2eabd51cf883770524,147.99
664c19a838d368c81b12d20087ae22b9,147.99
c24d9b328fcc64c56fd908be937bcf3d,147.98
86979f4c8980b4b673ad22d42e807103,147.98
503740e9ca751ccdda7ba28e9ab8f608,147.9
6d1f22bd0825cf224f21a5e3a5f90dee,147.9
447efb5f82d6ea044ec12018f2a69dc2,147.9
5e4fd80186282f6f16f454b24fed62e6,147.9
ead5b1c1525972ec23a1c9bb49ebae1f,147.9
7b3e9422b4c8dcb4f68ce2a0227a1959,147.9
6c3973958e6e188294b2e77b1fa50ed5,147.9
9e36e87b2ed55c78b24bd7a4b58be3a0,147.9
1ad3802505f427339707ee3d01e4b8e9,147.9
456f56a8c8737f0f4590964e32c944e4,147.9
2c9e52bb3f721f18122e80a7157915c0,147.9
5afb5f268ff16842dc87548c7bcb4690,147.9
20c5793de26452510ca4dd8d6d27ddbd,147.9
4aca2ed77ba05b6d84b37337ec35ecd2,147.9
0b990a3550b758bda642b10c7ff76cf0,147.9
67a53f6c3a9fc88bd9a6594eaa7af0d1,147.9
831eccb6e48b600352b2d8f2aceb3725,147.9
752a691fe8bb2a1885f8de621bfa903f,147.9
990670426160550fd10e610fc2b6f713,147.9
ca24f52b0ee858d2afc596af46643d68,147.9
c3498e41d1549d56c4cbde7cbfdabeb3,147.9
5d305b9adfca9b56ca8cb095226e104f,147.9
53e7e398583fd2dfe791d236920eba9c,147.9
a5c29c5041ae005b9b27fe575835ef3b,147.9
c58112b9e009984efe84aba77401f3b4,147.9
fad7d23c35cc53861ea7005b27cbeebf,147.9
f41cd30821b697ff6f6e7795504222e9,147.9
b2d679dd685c9580d766ac171cbc1e2b,147.9
2dd4ec81ccf99ecfa406cfb755e5ef35,147.9
178c86cf288290286cab5a70b0ca98eb,147.9
32da30d0502c3ffa90f8f3f267d098a7,147.9
3203358dce6a6dd1a5d190113a70b68a,147.9
9570c760b3bbc424b655e3493ee375bf,147.9
9f90ffeadb14dced29a638b80900d38b,147.9
11fed1c811bad9120464349fe781821a,147.89
8bbab60533a9749783e4c768cd5a12a7,147.88
1a32b53faf914452175c5464561e8f85,147.8
640cc066f62aebf3f02f10267b3b5954,147.8
32534433c18f0c05c7b2e78f94ff3e92,147.8
3da0182bf2c012534b9d85923f0c38b1,147.79
648bd227d87fc8dd1af8c45230a340c3,147.7
46a12f26b4e591ecaf6b86f5f5e2fdbf,147.7
b82f3c3423d8ffd289353c912be332f0,147.69
f23c04583f5fdd6936a0cbb51f3810a6,147.6
25a981e4c777512271ec9d578f8ae214,147.6
212a3604c770c9b1fdf5523e2b702dbb,147.6
bd0894dfa25e1220154c2424f2fa8745,147.6
7a503ab0d71429773305ec84d3461e60,147.5
6b396d9b6befa4b0deb7b570ab0df6cc,147.5
7bffb6d111f174bd77cb1a8e8d737812,147.5
438ad6d81467ace11850c8a96818ff42,147.5
782f2405f1685183416ae504fabdc09b,147.37
7c28b8a36e097889e59fcb967ecafcf3,147.31
f8195b904eae4f051d7ef4511a81e732,147.3
7f19d565d956cc2fe3f01a860e841ae4,147.2
f3b35651c56555457ff68eb124bb7936,147.14
1a79071381f3d25dc59bf650e6b63475,147.14
569c1a1374856d156162de1421ad9f59,147.14
ff8b98236a695505512aa2ea79e17c98,147.13
8c0808d8499f18490444a09b7c54e9b5,147.0
9df66a391248164f3e286f6d5b84002b,147.0
e87997d4b2cc76882dac94784dc41ada,147.0
8c4a739a0897f0706505e419d7f1e4ac,147.0
13f66294a7b84c6c450e7b0b38d2ef6f,147.0
66a3f1ed46078cbf7bd14618039812b9,147.0
933ed96b9264f37332ad5e04912c7691,147.0
1bde7825953734db2df2dd6a27cfec02,147.0
4ae3b1e0d62d3d1563a8b800d1c1d14e,147.0
0f785087559e9facc142d63b1a81d70b,147.0
b278d66d9d84790351ae0d243d957448,147.0
f52cd6ef242b7b7a48f5823b7dbb5758,147.0
8a9a29c82eaf2a506eee8e4ea99a5cb5,147.0
51852f3324fb6da85fbecc2420ef251f,147.0
af8138aa5b27973d5ecd882bcc3fd296,147.0
f0e0a5c3c7830a05b01d2ba588ae76f2,147.0
52994c30c7cb9d776463cacaef4c028b,147.0
15074bf19189089f296f3016dc640cbc,147.0
c9002a3702a1805640b4d7349ccb531a,147.0
7516a5549a2ed8cd17c45e49e82544a9,147.0
79f601e6be21ecaa934e0ea0897323de,147.0
9f973a49bf25d6fbc095b3b5663b7235,147.0
f775aeb6ab62c3044f1f717dbdca6923,147.0
19fb90488e680e7d1370daebd669cfc2,147.0
73ef5e282de27dd8d7d50272332f2124,147.0
949fe116e7f5d351f06328b4cf97910e,147.0
7ec34e03cfead59804e2ae99d09014a6,147.0
b97c2a086648b68159e6ffb52f7ac452,146.99
355de5b8c9f5ca3b0b7484479c376137,146.99
e34d3a140f571b7c43b606afb0d5c015,146.99
df3b3047bc5c1a8f41b128b649d37d83,146.99
94da0318e77932de7618aa1aead5fa77,146.99
238b88db8e5251890af4fe539f06fc55,146.99
ede8227cb317f0794d3df6d6407c5d28,146.99
d9c91b17b789d306e319ab6fa9140346,146.99
86154d1d9f7bfa63c082686f2c694d94,146.99
db3cd82f04f7b72045a8217f7f510739,146.99
e4e3bba332476f71fdea5a78311ec9c1,146.99
4ba9313b3dba077c6ed84aa8a1279594,146.99
c10b88c988a53a341a80374467f2251b,146.99
9af746cd830ce99190aec58cd5fc1c82,146.99
0808e1fd27de920368bc1c0b7bfc116d,146.99
62f5429e292bca23d4a850a84e41ca4b,146.99
46402f6f38e465b425db684e5987718c,146.99
74e0a4d621d8f450a9bf033bd8e39123,146.99
4cd9e0172b581ae5abbe2812df386e57,146.99
78220fa256494297be69b602223ef6d0,146.99
96eeb7beef017b1a01a5ca8bed913795,146.99
9a5c701a70252c3bdb08d51378595ce7,146.99
bf45a4524fffba803efa07f225cdfda5,146.99
45441e07ba053836a57ea85af22d56be,146.99
fb6f154449a5398e2ff6ad8d8c6df862,146.99
3326a1d23ec9e0dd4db7042f80c0ba00,146.99
6d8c8762e59d4c0884797df97b65c312,146.99
61d31d36aac99d19682300bdbbc174ea,146.99
ccd330b2a68b43ccc7456bd7b62e679f,146.99
f1aab544f6ea956de2b071ff4f6cd3c7,146.99
9a1f0d9e703c947913b178a6a50d4c56,146.99
65dad95ef3f74abd39d82a32b3cd405c,146.99
6231b6e4d05e6ab8e30b6fca4afff42b,146.99
4980e09ebf3bbc325bff27e0bb00baa6,146.99
f004d31d81706b3f328f46dda10d9ef3,146.99
a5b68a10e087c33ad9b0736f87013735,146.99
08d4e964cef9f27d99b0a3944ac3e40b,146.99
dc4ecabc2c2df5b8ac9e3d290fcf2ec3,146.99
5bde64bcacb187185e1fc17b685ebfae,146.99
5e0116ac8f05deda37c92a3ab3788720,146.99
39956a419d1d92294fa20b02d3ba8664,146.99
ceb608636dee1c78b0329ee1143640d6,146.99
ce1017457e1ee6481db53a8110db18c3,146.99
23005111bb3890d6caf375df57ffcf79,146.99
9994ee45bae579cf7fed6db8c45e0eff,146.99
863b241a70ad9b999ecbaba0ebcb4a16,146.99
636fd957f57d4c30891ea36b788d1a98,146.99
4bfb2494e1e38f25d36f128b44a04e06,146.99
69d4bf26c29d3e86be7ab9126b9a7e4d,146.99
093c53ca0c7fd7fa49a193e600c54e91,146.99
19bc24edf9d888bb0454aa373dbf6a35,146.99
37e486ad485015c1943cdec434b54723,146.99
b30f166025700dc3c9bbcd544537aab6,146.99
1bee76a927995b16bc122faaa93899d2,146.99
9130678dfc845aa2faa851e82cf45b83,146.99
75a4d1eec127caaf80d943aedf52ba3d,146.99
893aaa512b586b2f2c106ef02ebc0d5a,146.99
934a673b8bb916473b761f064fc69295,146.99
ed0d1253fed97fe35c2ac3c747e76147,146.99
057adf4557a4a3544a67ea4221b891c0,146.99
140727696844603ee336dae15c30fdf6,146.99
c677750d5335515697724f4668b11ebe,146.99
16945739bbf3e4f5c2ab429606de8267,146.99
4cf87362654eb863bfe2d0544539cf79,146.99
a5b586e0806638420b6429ce3637a212,146.99
8f5960ce9ff2bc0e6f234d3cb35edd30,146.99
5c8dd358cd43e858e1a25ba5eb9de22b,146.99
ccf45604e113bb9494059aba9817b285,146.98
264f0c7b9b379cc7cef751679ba5fc37,146.97
06d58d7e936fa3072aa438a94f62a667,146.97
ec7234ad72696a39eb528dc1720a962f,146.94
5594c844f9280abc665ba2d36b31f324,146.94
6317139e006f3489468af3fa73632dca,146.94
6bc8efb6149f90ef23879c8719da3b75,146.94
d68bce55175ab0466c8eff922d67c543,146.92
0bdb9c395e2e8642bd9a303c4e2725c0,146.9
779f5d757814bc15d4835560c27d12f0,146.9
5837bf9247f6da39816b125d64e982ad,146.9
55bc475023176cd0a21a0be147b1ddc6,146.9
e85ff8cc3cc2c09bdb9204dd7930c0fb,146.9
dd6ff79fddc7e5fadda7b83b2bf4383b,146.9
95ac0014a9d1cd441615173651fa0a1d,146.9
43e812d46063b9ec7d048031c9722c78,146.9
57ff13230528d1b9ef2269694165b361,146.89
6d56ad9812301a8ddeec1e96bb714d2e,146.73
817221d10fd8831a6a1357cf8fb5fd61,146.7
771460028f9bb4394935112dac04a6a4,146.7
77b2063010087502d849d81480f6420e,146.65
e8ea47ee27f388f989f2dcb0957d97cc,146.5
8c2cea1c9adb39f9cbf4867647dea1b7,146.49
00d4a861a9e1ec05df44712a80bfd55d,146.39
45988957bfa6f0aacd30ac05c0a3e680,146.39
6c8d36117b83a89b24d41e231af67429,146.39
2bed03fb5ad65fde6b94560ae5713c0d,146.39
553deac20f9797416011bb287657799c,146.3
b95cd133dd19a62f386a7afdca3b2360,146.3
d7cf6e6f535ab1be102e3e7ab5185139,146.26
4bb35f99bc715e6cc22932a5a623803e,146.21
d54a719d682be793981617390e7098f0,146.11
bdf4c05b0e0134b6f6ba6e7c7793849b,146.01
979896ca231b5548990a725e2ad5773f,146.01
09c804cb1bb9c05c716227a2dd3d6116,146.01
afc13494642f88d253be56a1e353e261,146.01
b2b389bd4487e2acf145679f7a957876,146.01
9d6760bac5cc8c62418cc949a05bf660,146.0
74bff367924485ad26b79d31e5623874,146.0
3aea78863339fe213efa7be1ed4299e2,146.0
6a324b18b0839168aba2a21a21044ebe,146.0
41e6032fd1fb2f76526323b4c68f0e93,146.0
6208833ec713f1ff2b12eeb8cf8d9260,146.0
a49b340eb7eaf792b528e4188f797815,146.0
c7c33b8ff508961ccc53a5bc09d90761,146.0
223f5e3208f2fa202a8ff706a4d9b206,146.0
1c2abd27f038948a53614d666b5d46ec,146.0
f445bec4e10f9b0252da3607c053a41b,146.0
c9d9edbebf9551585140bcdc31ca422c,146.0
9a6458f67b94f41958d49e92dad980af,146.0
15e48dca580bb25bb8074a370b8de399,146.0
84171de389927066b2f82ff038e94cb7,146.0
4fd7e58e0d98fa37ecd1fbc0042c67e0,146.0
16c44b4965467cb77db8cdb4c306a54d,146.0
c86e8e6320baac2c4ffb96c11f4ebc4b,146.0
821d7f1ff453454fd61a5d19111a0303,146.0
05f9f7e304de1bd029ce39f107848608,146.0
36bafbf5ea6442ced7966411c8b9584f,146.0
08021a5b0fd2fce83fd1f11b696b1b9a,146.0
0b43997a4269e8d2aad0a3a3b05e3bb4,146.0
11c261f43a86acaf623959e3dc1ae433,146.0
38fa174df046c2ecf4405b469f8ff03d,146.0
b20d566928943834c831f5db761cae5e,146.0
1d5df2931e99249a390507fe1309db45,146.0
70853b66bdc999fa3b86d867d34ab156,146.0
cb5631027abb1112379204acc679ad00,146.0
07c5a6a9d224de547f569a5a1d01be7c,146.0
e9fb43f6ae5bfa218dde1430df4a8641,146.0
d8dbc8388e99acb58b9ac6f0a7f6bbfb,146.0
9c338ea8093192e203bc16add78c123c,146.0
01e466f5fd2937b4ea4a18eb9963f9ea,146.0
b71d37b2430a0b3e0bb74cb6e7d52c3c,146.0
085709b417e35242b89058f9235c92c6,146.0
dd5fe640c8c5edd9fa2acdad4be7d4bd,146.0
6b05eb38f90c1a3b2a3b28310ee78d9f,146.0
790115d3a438c1f74b85de5e413c4a2c,146.0
de109e69fadb52d5b40c1fc211fab539,146.0
77d9715f1f8189f299ef47380319485f,146.0
fe12c203c95f0465d6ede6d584c40b81,145.99
cb053d9f0655f7215f2f93ca31ffa428,145.99
19d3540bd1618486ffcf21bf260c9b0a,145.99
8106b3528fbf066b77aaed82346c0d32,145.99
3fbb7a2e73ed30c7d92872ab35c85baf,145.99
21acca2de271c02fc746e1573535ed3a,145.99
a8b9ef5c2372a6355e6bb3cea1dac02f,145.99
4a2dd9d4f4e3b6f3f69b5ed6804e6741,145.99
478a458191801f508d150b40e8dfa5cb,145.99
8903c964ca8937927f6d200363326f97,145.99
aa0fbd830c89acc3d79d311ff43d0920,145.99
34a79f5a6da69d0473adf86a8a622f56,145.99
dbc1a1b144802a54bc5b1addffcb8067,145.99
d558a46ba4dd583c224349c628c52c56,145.98
1f31730a98a4a284d44af847aaaa1e45,145.98
89b38155c3932e00912173b7aef3dc94,145.98
b37ad61561a4c8c53e4105a3ae90fa34,145.97
adf523f65682ebee63b7bc4810e19bee,145.97
0cd37b96e1f5c5d8152914365a58ba0a,145.95
a0d7296689347a9f6c7a89b03281db68,145.95
16150771dfd4776261284213b89c304e,145.95
319c5ed662ae2f36a7c5fd3f5baa4008,145.9
770d8f9537fcaa28b46c57d2f99aa0fb,145.9
9b21003409394a234def7b16a139b70f,145.9
6febba3313a197d966a3267abfb5e227,145.9
b84ae27d372e283f9a580cb434d9f435,145.9
696626f107879afb5e90ec50ad32d1e7,145.9
a81e019902b04fe0487ad6b899f67689,145.9
bff2b870ee120640525a516318df69f2,145.9
128f641bdaeb4fd8d57638278d6e22d6,145.9
23982a817b35161e034f66e8dabadbd3,145.9
ee218228d0ff9d569459b1f1e7a2c2b7,145.9
7698bef62333112de2621e68de08bccb,145.9
48484f48de7aa7c06c79b32d8a232793,145.9
fc26e26d0f0a0ff9e0e1962f6899af3f,145.9
e77764740f22b4cb02f83070bc68a49f,145.9
0f684a3f14d10efbcb72b61453fc70d8,145.9
83f9b0b0944c671084d7458c71d2ca03,145.9
d3fe25b67cddc1a46644b30c693cde08,145.9
09d2d62001804e7ae2af3c29b13cb36c,145.9
87109c0a75a724d931893a7a0ec90d06,145.9
286151ca7dd479857e51fd9c240a8103,145.9
c63ec7f1e7b5e7465652930f83c5e3e6,145.9
2a1a08facf3d9c72a81525e7c0a84d23,145.9
e0a036f5b8f574ecc5744cfdafa368fb,145.9
59168d27c5da6a50e3d1f03d482e80b2,145.9
8961e2d26072cb260886b927a21573b8,145.9
c715072863363b451f8de00e1b2eb9d4,145.9
a5fc87720b2ee6dd805edc6cf48d2e18,145.9
75d3a2981d8edde1ecc2ecac7f82e4bc,145.9
bf7d23b644baa9c3581eedc55f9b55a1,145.9
1d51ab9a70ead50582098a67457ccd8a,145.9
a9c4afe35d4118f574a3173117e1a3a8,145.9
79a0a48f090029fdb61ab96f1c7127b0,145.9
30e6c5b40bde9fd8d765a2545509384b,145.9
7b98bc96af5ead5d853ffbec70f51b52,145.9
cdd80b2081f42efba588cac314068473,145.9
abb81fc0cb80ca9d4e384afc58e49717,145.9
2a0e09a47edf7e14b7225964d5b2e42d,145.9
866797f8cd1ee4b1311ed5ff65bc6b0e,145.89
6ed05c8a41811fd62c04a36cfabdc3fc,145.85
621db81dd0257835e7dbb90e5305c687,145.8
ed454b70314eea3ee1aec9434ef6c45a,145.8
419d47845be9e84b0f437ac266b17da3,145.8
278cbb946121e3176cf31ceb50c1f201,145.8
749d30cbf1b9bd281f3a8be978f6b8a8,145.8
8577c691ca9cc57be377d20076a58e29,145.8
3760c826a4b281eaa5df1bb856d54c0c,145.8
8d670f03d4aad9113c023b555c8effb8,145.8
f05c53bebdacd2ec3ad47cce69c03850,145.8
bf9d1a59dba19dec327d6bb5a2e81088,145.8
b4df057c1d0ad86a5600fdecf31d45c0,145.8
e9a8ec739f5a59dece9f715ef4c8aa3d,145.77
ec8f5bca72f4ef30971298e5c1a7a8c4,145.69
ff7808b1c90725d05ce0adf5d45b8c56,145.68
00a572d0c25a9ea5e283ea2da267ba8d,145.6
42157fc13fbc7530fc640b8d44b5a299,145.5
c7693063f3ceb1ce930b140d748b5972,145.5
261ead6b609a42124905dfe9786dc1a6,145.5
ec969a27db96260fb93c52ab2c073b5c,145.49
34187558ea2cd0d9f69474373a707779,145.49
40c8f1f2aea77109365cfada5b3bebe2,145.35
4212cb0b515edd1723eb5dade9852916,145.3
f785b0a48b707292f98a12752dc7a95d,145.2
8fdc97e55c060142e1ad8fbf97755403,145.0
c6955e041a62b1c6ff9bfe57c4ce5b31,145.0
56592057a862a75cc27d9be9b90a2ef5,145.0
2185bf3ec325c64b51adea2ab19aa708,145.0
bab64fc4c1b4618e9466c1c88f74973a,145.0
be5019d2c52dfaffa0e4663e49bdfd2e,145.0
1ce70910bc16481433b771949f74552c,145.0
a8142a0c1a2c2410bfee58b01adcd3d2,145.0
d98ac826b20bce9ec55627b63505214d,145.0
4f0986f70a792beba9dcbf15c32ecd87,145.0
0f75cbfb0c5e796f04aadbcfad534f41,145.0
acc83ff0711e383c4c56a4195c706172,145.0
f542a16576b88cd885a4f797377df95e,145.0
7643b43de9e212cd2a0205a0ab34586b,145.0
dc5cdaee8fb928470e237d86e3a75459,145.0
45fee17cffb3963103972ea429d0d28b,145.0
df2589f419382084e51fe8b2215c10c3,145.0
3f9cf90712425af96d7d55fc6c08d450,145.0
f198681d09edbdab2cc9532cfbd58cf2,145.0
a90833cea2417e46c2ff5512bbf5aabd,145.0
9133cb90522f72e75f73e9a200ab61ec,145.0
b6610afc3fc8431efd6232b626db052d,145.0
7cf817dc137efeda5ed617066b719d73,145.0
082a5f831fc0b3835fcb0d6f1c196ce3,145.0
6e544db78613e468780690fcdd22a7bc,145.0
ee55320c214a7ac7be7f488c6a63da0d,145.0
b0ea0c1d77d78cb378c95626fadcffd4,145.0
db846bcd3ea0ef56effb856bd0266a90,145.0
4e88ed6941cca32d4a64d7ebaab3d2ed,145.0
c54f1cbae6276adf60d6e66d6543a1ee,145.0
6a42e10379280f1290c9d5cfbe39b3f4,145.0
bffe95eaced8211ff93c562d5e6c0057,145.0
72bd1c8873962ddf5f3ab148eea75818,145.0
450820a56bfb633a586ec2d5d080a88c,145.0
b133f8b6eeb1b73bb5a9f49b9c049657,145.0
28e063338299369124b14759ef655663,145.0
df356cdb085cb42613a303002a1c63e5,145.0
6a294ec7a846579c0f959db8704e0d91,145.0
01016b17e79a0a428384c6916b426aed,145.0
85241ef0e6f4c1602d059a41df6418d7,145.0
adb0a60bfe536590838a68ebcabe33ac,145.0
f524cd02ed38d4ed250fde7e49e4b9d4,145.0
7eea78afe38c735b5beb638c0a2bdfcb,145.0
417ba684f004a0a409878bbfe65cdf3b,145.0
c8640048913cc16502bccd9bbdacc0ce,145.0
a148e7991079af57b382db2592b7b16b,145.0
daf5e760f7e5a84520a3ade6f9c0af6f,145.0
890aeee0bcc4d977182d5ef06037631e,145.0
888b16e7a19a04a88229722ce21673eb,145.0
223cbd7350ea2f7d4ed8c5fd1b812bbd,145.0
c945b259f3fbb068c27c9646a2f9a532,145.0
02eb2cb944f2c276dd99a325eb741cdd,145.0
23e988565e7a5b46273af0b1f0f65384,145.0
db020f723e4bc1be8a09d3f47cf2c94c,145.0
a02db36cdd670da64c5e7c941dd95f29,145.0
33294108523155692708518bfa1701e0,145.0
a1c432ef869b7d93372a6e2a0f1a9dfd,145.0
05fa87701fb77d327e49cb5fb457a5da,145.0
8d0a9e28a092d4e8e8d97154f28f988a,145.0
0e7433ba0aa979efa04779bc77e8bfec,145.0
8a795f8302a07067181e2b08c8e9280c,145.0
572cc30201459bbb8b5c235a2a6cf6bb,145.0
1eff19fe44b2cb9e89168ff458dcbe0e,145.0
f78345da486d6203f7e3ccc42d09aa69,145.0
404e67122d00aaf4e82413c0355aca9d,145.0
794fe2466017e1c5dd5a563bcfe4d745,145.0
4b7decb9b58e2569548b8b4c8e20e8d7,145.0
2a85262d5820f1bc5e59867c55cea931,145.0
0d8cb40fe23920b0a6078753a31bb617,145.0
24bcf5954a5f3d82a83702a10241a3ba,145.0
cff1a732b941ddbd23d5077665a42e93,145.0
ce24092edd3791e3991bdabf0c09778f,145.0
2641997643dfdc59555956c47f36daf7,145.0
c1f4176c8405099a08d876c2794e1958,145.0
6f85f92f8b1e665f2ac9a08f17861ea5,145.0
11888d3334232a1eb08db5826129c8df,145.0
17676a92f096b72990eb3866a8c22df5,145.0
4e47c14e81dde330ac14adc0adf296fb,145.0
f885e93f1b6dc0b69e8b2a2eed52485b,145.0
394a520dc01e2dbf992d1bab7ab6d95e,145.0
5b477d525dd0c1eb93148e22ce5d3ba6,145.0
47aed935aadfd0216c914feef077b799,145.0
6ba7e8555e95549d99f21d08dadae199,145.0
22766d08b5c5b8f81c71719f725999d7,145.0
5427c155641d32fec69e0371437a4ee8,145.0
c9e8db356e07b9e3d5c7a54dbeb2584d,145.0
a89d66132d3056ff2ab8790816f200ca,145.0
8bc9c0365d8687a8e8d814caf1af821c,145.0
ad814d93306d7e3687738d4cee8d612a,145.0
31c43d592a664912961da43c0484db8e,145.0
263d510e1304ff310e0bcc2c8476ac67,145.0
446e77d0777423a19d093d39b7ef75ca,145.0
13bf775a749925a15ef7cc1985b564f1,145.0
4b21bce5b9e2a0b5aef68741cc80abb6,145.0
f2bc325d402d7f560681ec509ace7748,145.0
1a25d3ef5a6dcaa26f8ce2cd51eeea15,145.0
eb5fd8197c73f714f2e41223565baff7,145.0
6d02fb309e1f895017edf9308dec5261,145.0
c368fab675f0635bef29b452b5b5cff3,145.0
42ca0dd963baa088426c4dbdbac8b232,145.0
f7e528a6685f32dd35e5c47b81e93912,145.0
519579a0b1843161c9ac5cac2376caec,145.0
e7fb8d2c8a581e31b93defd84ee988fe,145.0
e2bfd6c5e26d3365ab8553471b537bbc,145.0
a48ba60be28864ede4421c52ae28761b,145.0
5b36c9f4f0c829730b0e2a4e5b26aeea,145.0
7fd76f149355246789c4a0dd1a2712a0,145.0
434ee50f2525e8d59399d0c4555625ee,145.0
7d755564d79200285d76ddc0378906bb,145.0
6c769a7f654fe95a45bed7d0e5d9dd10,145.0
b1ecedb16d47c1dad507d820395ab9c3,145.0
7435cb35064fcb752f79c20725c1dec9,145.0
4c594e94dfd6acf3602a38e5998b5378,145.0
8f41cca39f1d5a5cbed373e947d79e55,145.0
17dd3ef8f3646271ba727819c3c085e6,145.0
1458a88f3713f047a6d4a23a8ee0f3e5,145.0
9c10f9a20b72a0e5280f7190bb35d60b,145.0
35a19e7eb76e917f62eb26b58ace0d2f,145.0
98cea3d5a9481eb59430c80af600f8ed,145.0
6d12a6dbd030b8d275129c59aca0b128,145.0
fc378e1d9da68d6e4fa262d5cd5e2542,145.0
c54541b6572fbb34622dad2c048ecac0,145.0
8c4d8a373eea6f357c47d8ce57a82b43,145.0
031004fe0f92b09190fc8462ad2b4688,145.0
ead9975d982af12749c01f2d1e5dbede,145.0
52aaa28398bf43dfbfc64dc09278f13d,145.0
7349cd73302e7125d66265b35dc9fcb2,145.0
aa5e99afaf6a4dce3da0dee9f41beac8,145.0
f2213dc017c6992a43bc3c74b3de2570,145.0
a399db519e544aae00c545623a6b016f,145.0
0af8a25fb0b6f833724bb5818275807b,145.0
5c237eccb69f035f2640e0f3af060c53,145.0
748ccb204126f50c1afa1315a1cc0f07,144.99
bd472c511885c55391824319030c2154,144.99
33c079892847267e01751ae4c018aeda,144.99
256325ba5d8dc20858d1f997a537d44b,144.99
32b835e598d0770c757962836c16bec2,144.99
499b6b14e548e15a51fc4c38061f7e13,144.99
dbeabfe949d48f1d7e102d7df651ec8e,144.99
c8c205b130f46434844534e728a14046,144.99
2a8afd4e0b4e479e397ffd48f618083a,144.99
d306426abe5fca15e54b645e4462dc7b,144.99
5f91229ab5ab4cb035ba027cf63fa8aa,144.99
545d5bb570b4c8a58357fcdbe124e0bb,144.99
c9f6f241518c8603c0c46f0817ba487e,144.99
8771869f4c94bbe33e23bf3277d5ca1f,144.99
6074ed4fa5c65bcf3123341de0ebe533,144.99
50dfa5e2fb9fdfd6b1fd7e3a3d667a1d,144.99
c2591e2d32cd7bdb05a9474c594499ae,144.99
3232dbd5530719db114e87854dda28b0,144.99
d9598c0dd096edbcd137ba1e3b4c64ae,144.99
01187871d33eda6ba14aea590bb50d0e,144.99
64b63f682a4ce353e5840bc5b353cfb2,144.99
e7fce6d303c21699cef152e408b6104a,144.99
55f3757ef1ecbd686debb21f5a2521c4,144.99
ed9dccde62435446d2ba5eefbee6ef9a,144.99
a16e67c974d246977ab8e252636bc1bd,144.99
fc67f5d5228bebc0bd370df60b7687c6,144.99
feee0385d0f1a44cf7052d4d328df398,144.99
5ba0ca1093f2cb8967719bbf75083c5d,144.99
94e42ccb4c9e4e5003181fe0f7392003,144.99
d156adf822c2f7cf64cf09297bcbd0dc,144.99
115e82e1390fcccdbd8cf09000012a94,144.99
35066f8de10e6dd4bf75b093694e2770,144.99
5146d2de3f8139107458758bcb6d3db7,144.99
f69b862b6b4fa78cd6887938a74be7a9,144.99
7a94c207ca864300cbedc5db37cec069,144.99
9c4d3e9cdd1645fd30ac9f6332c93285,144.99
4e7656e34357b93f14b40c6400ca3f6e,144.99
e85fd7939acd7537326a0aae9a9ca00a,144.99
406c04dcbb14cfc2efdfa97866b1f17d,144.99
7cbcf4e827dc81850e52179c4552fe65,144.99
d5735cd5acefcf6f5993540165c4b007,144.99
57a16805e4ec6a43a9603e3a36fafdea,144.99
0e93b56d7f4e6ed8fce31e560d034421,144.99
81491a87178be12ebe301758e85f9c55,144.99
4ad966e1eefc576c04159e46a8e38b20,144.99
3bed766b475a1eb116f9bfa0121d75f4,144.99
bbf72dd998cf3a7eead87da199b0bafd,144.99
13b8e153aa2661809c32c7bbb75c2674,144.99
e210a988b0d03d53946227b6a9dcf3d2,144.99
e5a00cebc56db6889c138d626886461b,144.99
c039ce7bf9765930a077d3a0c2d0dacd,144.99
02fd0cffae342f16aefcc95f2cc8a77b,144.99
c6669ca16f1419eb3586c67a9cfc2948,144.99
c444d6c8dca3873fa507af4a27a2b9eb,144.99
db67f93cfef273cda9da18d7bcfe720f,144.99
62c022825499b4986512cd20f2f28419,144.99
2a9383dc7b74510d78fe5208adbc3fd9,144.99
9ee1afd234622551892cff9d2c11b96e,144.99
e6aa3c4bea880edfc850c4647a575b5d,144.99
4a51cb396dec2a0c8395363ebae19916,144.99
9a235914eec4e7732fbf6fd29addabff,144.99
b1ad9ed44c9f38c75ddabd01eb6f6585,144.99
025c7748c7e2160365a967df3933447e,144.99
22a10db84c0324464bb842e5bec1d6e4,144.99
2db52308a812d2cbbd9f0efdf50fab9e,144.99
062184594d2f701642d78351528e8592,144.99
46a8c0bb60e620c421f5828b3724e633,144.99
fe545ad78bc59d1a99427c3e5f99ecca,144.99
c7f26440b498a90f758f26eda34f1801,144.99
f11e9b6d22751ce7f65db87b615fea21,144.99
8e595e393b39a8843fa07dd9715232fb,144.99
3341be95ea1ab09188c5f09f685ca08c,144.99
62ebd1175fa5b4e5529ceabb27f72b1a,144.99
183cd2d0c831f0ed7444c34ad10262a9,144.99
12d53177e4683bebc84096c140330369,144.99
07f9050ef14834cfce65424d0b3c0ade,144.99
4967d2875ed8ae35f0cfc663b28d5499,144.99
a61481c1a07fe859c6c47398b3c0f7ee,144.99
4a5212db74866a8ba968afa84723c2e7,144.99
ab81dc95c137f31d229c1b9c4e901149,144.99
8c615e8041af01e1fb4e74907d70a478,144.99
723aafdd1030cac40ade9dfdce60cdc8,144.99
49aca3f38ce32b651920b1a706754fa2,144.99
59aa326c54df5e8a6d4d66d3ac319127,144.99
7011f4155b42c995054d9700c975f724,144.99
a3f2f76214e3712c7a3fa44c354c401d,144.99
1d877053716a2f3be7e0c13096eb75f1,144.99
9bb7c4f2cdbf2d4f9066b806594cf1b2,144.99
b47b23dadd6d8a6fdd1ef7f33d8f9aab,144.99
b9cf59ea6d3f983467e3959a23101a78,144.99
46dcf912d282f0e1aa9c3278ec488723,144.99
96c6a3143d7cc33bbebf14ab6abed0ce,144.99
eb3e00534a970a5f3309eac06880f0f6,144.99
97de1f2c8777fcb7d6000cda55786124,144.99
1d1df1aa038bf3f77072d3278ff03d86,144.99
cc78bdf21d2e7ce9282173a7c988e998,144.99
0531af5b48d3d60dbd7e5c7f5e754750,144.99
e227abaff73cf9f8e950b4f99e748988,144.99
ac984030bf8b2af28bd4ae469a16824c,144.99
08a78c4efe1c16dd148de52f13905aca,144.99
a8a23df854bb534c69e1ce1bae1ecb29,144.99
b48e9a32f934ca879a11ccc405e5d694,144.99
e49282ae3ee47bc3b2e30025544b25f5,144.99
6cb3b8343477d519232f9c92bd2e6787,144.99
a595f578686ca68144b97b847b289d2a,144.99
fd709023690c423c8e83bab1d36cd8b1,144.99
bb026a0a19125263b0bfe39a1e72b28d,144.98
3bf8c41d1072b609960bc3abc510b5e9,144.98
58abd785d443ebf094b3a21047613fca,144.97
8cba14bb8ebdaefa1aa8563ace8ecd69,144.97
aa205b10893ed2b1a174c2c830778224,144.97
ffa5d7160302ea1cc18a275a81930a42,144.95
022436c15d537fc7a1dd70e6000cbf66,144.95
b257fa82ab6a82951427d42fe49de736,144.94
79925e347717ba09f5e93401252216ad,144.94
2ae43c16840ea839503913694d662009,144.94
7bb9480c1d5413975d01c3caefbfb081,144.94
038aa59fda83ef09082edd0718cd97ff,144.94
539545039dc5f6f0c5443ed604715061,144.9
67143172a156bc5513b613755a33ebf2,144.9
87c95d378327768be6c40fae1c060ddd,144.9
ad5f23d9b1bace5cd40bb06d67f0f58f,144.9
6ce22bdc14d3764795a53811003ec29f,144.9
5eecda6ad529c01c64a0dc71cfc02f17,144.9
0f0f0c6250a06ed825b57b8233a2bb3d,144.9
1e963b5f838512cd33a77e603b7098fe,144.9
8982ed2c7a1252471fd28b6c56512fee,144.9
87d2005a4d6739b37ba77588e743642d,144.9
9ce4680135f65f93297fd3f5ea750eab,144.9
588a6c2298f57752c9458dd79c675f36,144.9
415383c1185f5e5a1b15c48dc014d714,144.9
950ccecc550e4ebe27f78092d17afcae,144.9
539c53212dac6304e4fa970272abe6e0,144.9
fecb57edcf7693f7bcb312957f3a5ea0,144.9
a9b0d1c26105279e1b8edc63d06bd668,144.9
f63218babcf381c98c00ccbbb66a6758,144.9
ee25ca35c8fa681df12ca9532239913d,144.9
473fa9a9c0acd10f52a4df4c52adc881,144.9
1023dede418d95202d1fe335005e1844,144.9
26d5bedd5fb76310f6bcc9960496668f,144.9
3b85d7e01afbab4314024cef7903a329,144.9
0195699b3388a65b55eab3dd04f48d1a,144.9
42f104a41e8e13c7eaaa9d8e11e7c7f5,144.9
0450a756a2643c1d41c2a139b4c3e2a9,144.9
c77d0b043f408944f858efe328a82738,144.9
c9507333f1adf471ae7b77aa0f137277,144.9
62e1860ef3884fd9e103e75783dca1c0,144.9
4e4e36c42356635776c1638d4b46a631,144.9
7397ea54948b521f7b64b333fe2558b2,144.9
fec0ee5582ea1ee913428817f09e8883,144.9
b5c36e7b16994772e98044915c5cdd83,144.9
99b12292a8da6a515b65c9532e061977,144.9
88337e7259fff920f8bb11448c9ee2cd,144.9
5584316b2da9c31a4896bb8a54c06fb9,144.9
0e2e92dd6517cdbf1de8261977b9af04,144.9
e1c828a8bb2e4d96ea7ab8542865f103,144.9
dc30f5f92dea8459e7b87805306934d7,144.9
16e6da5752d944112a52cf53291ed0b6,144.9
2581b03d7d7ac9f8f4969d54ddf0c07e,144.9
13d4bfc7473f56b5218e656f80d2ac67,144.9
06d529bccb0825265d8b5b73c66e53d8,144.9
796f62577d52d0b9ef08fbd43ef53d45,144.9
a45750bf0ce58c15f1b74401be36bc41,144.9
176399cb0f604acf4cfe1684fd80cc99,144.9
d5ac777fc5fcadcc6324bf3a39ef9284,144.9
afeb4348cd00d7c53b08422459d5b8f2,144.9
d92dad317923ebe6000da15d6e1aff00,144.9
f789ba37b1655d236b536758e073e0fb,144.9
2ed6fdee4db5f44a039a644dd2eab8d2,144.9
d504ed48289a486011aa8d8bb07f049c,144.9
29f183d61198775ba0e125f929331fb4,144.9
c04a2307a632d018118403bd57ce1395,144.9
d7bb9fc2cd7917c7ba0ac4964bf7deb9,144.9
a5f2379c5172a175f1f2b902a4d06960,144.9
fef97270172404f03330ef3a8045a560,144.9
a37642199abe998aeba2601b3f261e33,144.9
3d592ab2d4535befa147faf75be28176,144.9
cef102e266fd2812ecd629b5da0d4dc6,144.9
7b3924bba70acaea610883a7a9b3f768,144.9
ee4a4b5842e03fbaff366b9459e08b95,144.9
94e1d9d5d478d6c6ab184b542bffed78,144.9
6f954ca9d9e2dd198a72526cb966c973,144.9
129890a15e5868e3c3a8cf15f5483a31,144.9
d699d22b2c26086af9d5b38a601a2247,144.9
86e7edd809435f8d26c220cec1349795,144.9
ad952f398d652ee56946d467e18fab80,144.9
8234b853cf9ba4cee25fea1fe9ab0f50,144.89
84865690c08a970b6f1d9c2afdb44380,144.89
310469dd77c2f155761bee2e21b06ba8,144.89
542980ab4abd38838ea8a1998a879e7c,144.88
a441c7abfc240014644e511f5bb97ee2,144.8
c90688a2dc8cd5c3dc310d524fa20795,144.8
7bba27b49f066cf993f93f83e232546f,144.8
2d763d0f57fa03aec2dff29afef963d7,144.8
fe0ae410fb9ce8dd50a05eaf0ffcb60b,144.8
55297cbeceb1f300c3c3815e1485892d,144.8
ec27f1360f5b6f250aadf778bce052d7,144.8
9ece33b07f80053801f77aaf3ea3c87b,144.77
9307ff2c06e933b792862b5dc55d25ce,144.77
8a908429ab808be823f1df65872d1bcb,144.77
0f935d36c149c0c16112af59526bb453,144.76
8762f5a57da0d4ac0936522a83bfd9e0,144.7
1792c3344cb8e193a50596b21a777a5d,144.7
2d5bb2d60a1915c29811a2639374b6f8,144.56
c9215c202f283f26558cc8e3b469ade1,144.5
bc3389e52abbda44032300e38db97c25,144.5
ed6ae96460478dd6080dabe8038a246e,144.5
8da78168c72d3a2c914f509a58b85c31,144.5
b0ef4139112416ffbeaf57bcff1f1309,144.5
a9393533a76acd87a5bd1768ef52cf7f,144.49
dee1a312a2edd8671e8885825cbdd2a1,144.46
e82ac93ebcd376d09641417737b7e8b2,144.45
fff0f9fbcdf9cfe4d9328bd3a7af71d7,144.41
c0a7a9931c9aecec70be96594d6504e3,144.41
b8f49557ca89e75525b81b8973f1d595,144.41
faac546cb986bf69ac3fe11b519c3c43,144.41
c1536bb66dfe5a5f3f9547f58a085b8e,144.41
16eea50d8e5db016deda7008a9c6d5d6,144.41
453cc2aeba9aee3d111f7b2110267cc5,144.41
aa1228b6ba1197b9df59d360bd056939,144.41
e46aa2e872873ed7cdd3e055c9d3e6db,144.41
eb0424db69f42111ab7c8e8dcb5307c8,144.41
7324d9346e8232531da71467241de8d1,144.41
cd013fdda3dd0f600f300e67719d776e,144.41
9be914d71f87403b18d4008de773d816,144.41
fe543dcaf0106197870ae1c21d36076e,144.41
1ab2ae086ad3c25f52354abd033639e1,144.41
b81c7ffaa716801ef032807a715af762,144.41
4fb5b845134b29e0cf8ef1e5215bb481,144.41
cc385515e1e2e16798c876b78a024190,144.41
d6b7e7a65f2950210e2cf71bb27ef66c,144.41
e4c369918c62b6fc091b0a72c50c4cd6,144.41
307cb7e9453a86b2550537938d86e177,144.41
9e032eba20d95669b5f4c47f016f4240,144.41
3a04eb9c6f03e8bff298d4172dc8ae5f,144.41
f7092f992a8e74e9599d32afb7aa2e06,144.41
404fc488aa0d7e35e8544b3f6210aa10,144.2
6cc1f451fe942a13aec5fb3487b8ad1a,144.0
21e92205c8f91dd6361057d7ebccde96,144.0
5232d20c5ec7076cc2827b96e129672e,144.0
6d7c9077051d631aa0e2181600e7a0ca,144.0
f167fa9affafb87b17bfe226d61fec0d,144.0
bc1e1a14cb213374020b2be96ecaa39c,144.0
f297e171b9421ec5af62706faef3c620,144.0
0a42f79acdee1c80dc33cc9539e13b9a,144.0
d8c076f6f125bddf54ebbe55ebe1e92b,144.0
d288c3a2a18b2c941b3edf0973ae447c,144.0
bd0d5977c0b3bec77646fb084d0c75f3,144.0
8bbb438d93d80fe92752705099cf5716,144.0
08418b48e867cdb13eebbbc53c664e60,144.0
46fa17a2a17cd859ec50529ea1884a13,144.0
d1f34b0c6f453e386234387a1396ffc9,144.0
8b248b11dba02be9728a5a80ab3f4081,144.0
a6af89bba915546c49649eb828009118,144.0
f2c9297d0ea52ffa017fb7e898ac0907,144.0
a539b9d6f9045415d847df7fd525d2bd,144.0
d34082ae3c70367c05565ffc12f3ca33,144.0
10c6c3b09d214daff1750003e2d2f64c,144.0
6494470b3070e2a5e1f1801aa6af1c4a,144.0
6292bb80d44fd214eacb6928310b1812,144.0
f1dde6108ccd95c8341b628a7ecc6ef5,144.0
895bbb0f6027aa8b3a841fdb10711dce,144.0
86f78e419a3ed5dcaddf3bd5d0c4adae,144.0
7c08087045374bb1d3d72120ba4f1cc6,144.0
8e87b142722e70c60a9b7c42b6c3f477,144.0
353aba3ea1d310ecca8f0e596715a0e2,144.0
8ada7c18012c71ed6bcca881c7d5852c,144.0
631ae9150948def4dfd72ad426e5fdf3,144.0
bc4107b4d96e42f69d48eb51dd533e1b,144.0
5d96ef49b828a20fef0ecd4512e04b2e,144.0
171eb932f474693b8393a770d6b57040,144.0
d15ea99185ee0b8f6bd7de88a8ee9444,144.0
f167e6da031e35fb2d552771ef64bf39,144.0
fff5169e583fd07fac9fec88962f189d,144.0
2cc7268593ff3c42007d3d64de2c809d,144.0
718f0610afda348fc62b2bba11e8ddf8,144.0
c67765fd1f96be3c1a92853712a05f93,144.0
c4b9e722bd618cf7da9dadf3ac5ae5cb,144.0
9ed86c5702b8b4de57c3444769159a10,144.0
3c73c0bb13894303e385984c31372d2c,144.0
0f16a3bf59027a68aaea6d31286e28b5,144.0
78500017ab0acb2ba158219a6fda23f4,144.0
fbfb33cc34116ccf95b043f7cd31c692,144.0
6fe4c0620357f305a66b6419431864b6,144.0
de0944cfee0d3c5e328399740f56e989,144.0
e7b72a7e6f6364b5ff0830ef7ee799e4,144.0
8e7952773b680825d0c65e05592440e7,144.0
498fa6a4a7e975bd0c9ec575e936c1ca,144.0
89cad968aa5731c56bb79061d08385a6,143.99
564a7f18d810e7428fa8d183a6fbde4b,143.99
603583f5202f4702d8d3b5449c17b420,143.99
fd27500b625c69162f90013679981a27,143.99
45aecdf5a12c416d48ec218648603efd,143.99
861728f9a0d9bfa588e238e30a20e278,143.99
448d3f4f1b5f4a142b0d8736c66ba398,143.99
24965a26ac0ca8671c6c057ee371c06f,143.99
698e55af1f6f37f7f304a74eb93b85b0,143.99
73e3d5eefc213584073f9781dc3e8430,143.98
f89e4237764a0efd10acddd6f0bd18cf,143.98
76525f0c94f889d91e4335fae56eaaaf,143.97
2764cbd0d0c961d12ec1a2a3bfbfcd6d,143.97
2cccb8ea24cb1aaeb3aaa7710517705b,143.97
b882cbae40f34e60a3ec3efefabda4ea,143.9
d364f6386755f2e23f0c2d7bcfd9a146,143.9
b91c70a3709d00bc842dfe0b08464d79,143.9
0bbd5833a02f8f7aae1c7692bfe25320,143.9
df707c24918c1bfecc01f98bb8aa5bcc,143.88
6921224e0e53eea536125e700611b01c,143.8
f26b410808fdb0025e406bb921bd96b2,143.8
39944720ced378393477c968a26e0402,143.8
62f6fda250fc0df6e11095f86f4316bc,143.8
87ce66add9df2248ba4ee66897a478da,143.8
015895fd0bf723100a64b0ead7c69cd6,143.8
09dc6ab8331acc30ed0e578301d5fd12,143.8
e80698680e591dfa8ff35fd27af65f7f,143.8
faeecb7cd127e8d3758d25093c410a99,143.8
2b2579545226dbc47bbae14b3e983e10,143.8
010ff86be8e9b1a1ae1868dc64b05f21,143.8
39f117fe86a62f63d38a487af97fb68c,143.8
d83a7e09753bfb23e7f23853b6f91ee9,143.8
63b05f55c0ba62261a42fc7a48bad9bc,143.8
3da647f1441ed4b18ac7a0ded0056570,143.8
3fce8cb477f908ca1fb25ec11ec0ca36,143.8
d368886a76f81c673c6b7ff2ee6a5547,143.8
fd05d735f77ead5f285db7dc288d65d5,143.8
bfcb0d2ee3b62041a02adbd550acd095,143.8
c1622509d879cc1ff9c0e10c340a3fcc,143.8
7c9bb8bff624ecf6de67f46280b194b2,143.8
cc1ee64dda4ae8455b07b22b6fc9f290,143.8
0577d52683decabca06a622f44194638,143.8
0c5ce79848f718f81dec0ee02829d074,143.8
7b4205ad0699f380983dfbd2f26f67e0,143.8
998804bef4876b662cbcd7ab71d79229,143.8
5badee45df2987d35d692a6d851edb4a,143.8
44e6bd5683064042e52ab15dcdb56d7c,143.8
74d9abd6a35eb64311c49aa052e32f92,143.8
4748537243b6dd724560fe319c0d0b3e,143.8
5040fa07fe05b812b0ff00513388490f,143.8
d1d259ce7187c9deb7e86de58e65a81e,143.8
a103e83f0190404e10491c929ba9dc74,143.8
61d9476f918bd29584995cad5e940dc8,143.8
794b8e1820dacb6050f7c374fdaf5515,143.8
3d65e1ccf1a3b05e204ed59e8e14af82,143.8
4b18fb110efbfff3ebecb22c9127f816,143.8
6ab5adc744d5c894470ce74466a78a27,143.8
419c17291ce5dbe142d80c0e75c8dc3b,143.8
762abd3204b184a51c371e6c7ba15611,143.8
03ebf79c58f0c3be1cc8895f1829ca79,143.8
38324f340fd5e560c9f635a71c23ca9b,143.8
8f43eeb988c31213d67b0807a9b6f193,143.8
618574d8de4772230f589e9e6bc858c2,143.8
e308a1f443d3d72041f8ac967ec68b75,143.8
1f5bda3dce0e8818a518c084233e8efc,143.8
346b53f3b9d4d463d32641e88c68d85d,143.8
091f379e0aa95540e88e00f455738fd6,143.8
86e22883736a519f6aeacb3be7ca3a31,143.8
c8e657a3fb2421cdfda734babda66e37,143.8
320eefc764d8d3c3b9c88173c7e46943,143.8
b26f177937a176ef76f32a7c0fa03f02,143.8
57a1a4f67efcf3baebea12caa5ae3ecb,143.8
9bbd165a1b2443025f44284e749d890b,143.8
c052a81ffc514ccc770f2d0247fd2e37,143.8
6abbbbd6bdbae28de92a83df0157029e,143.8
44b6e4637c442ca2e33a5fc2b9b7a339,143.8
48adc72445a356b2021e9417287f0dd7,143.8
3fd31a8cdac8f844a2c4607ea8b100ec,143.8
ce2d1e6c59d5e30df0838b2e82b0438e,143.8
d0d33cd9e51cbf33e9f855370e6805fe,143.8
988f87dc1c5d8d6ae20f62d7420a0aa6,143.8
6d547f62fd060718fd2a268a4fa2a1fa,143.8
1e72e36effe5b90ecb0881fd77496950,143.8
a80ad6e325412a61b61145b3f81bee3c,143.8
5f19064157276155bd49bce992a378a4,143.8
18da0750bf5bb2807da88223aaf6117f,143.8
424c99b572a8dcd0d175d21dec523570,143.8
d4a482cbaeecc8d8bf7c2e5d38fc5898,143.8
e998acff98f91507e5d00ca8b10e76e2,143.8
9413305b5a13836d2da295fc5bf9d704,143.8
52efe753f546446eb1a37bb701656442,143.8
e1d741992de9b6058d8b905d0032e990,143.75
59699572fb53609e196978771c89a9dd,143.75
fa70d6b1e9a73119bbbf5c9bffb84b5e,143.75
f18a529fdb25fa6ac42814aae9bb6431,143.7
66248865be7641119877386694de1598,143.7
fd25bc76f44942a6262e0faa6bc1bb8a,143.64
ef6241c94ec298e06091fbafec584539,143.64
073d9752205a02fe743263d3d781cce1,143.6
46da9ad64162a07e5830310786802dd1,143.6
63754ad635e4f739b73382c4a2b67d5e,143.54
fe0d2c3b6048199a658d47a9c023d81f,143.54
7caf08a38e40462c6a40a6d9bfb27e59,143.54
c7833cbd562aa927ed4cadb97a4964f4,143.54
6ecb390e8056057a25a1b49c37206958,143.54
44acf7fe39d22e91aef0b95baacd7996,143.54
aee21b4b5c2353821f920fe3a0799320,143.5
a321e7ff150748b73bb114a7af786911,143.4
65a8b22f8c8c886648f53bdf0bd7072d,143.36
acdd7adf35380db2a7a3bf279f7f7753,143.35
ec367d9328f38ee210f6dce68c73f5b9,143.28
25370debebc4aa0de58614a2478bf59c,143.2
eae8853a34f1c31040a7e6c38142c547,143.0
49b48d914aea2f9925878eeff60be388,143.0
350110bd65be64335e112291bd986a9a,143.0
be21429a47f9e357db99554634064f00,143.0
076ad3c88780bf209694cfccc6052540,143.0
20091e2dd1dcc3a5a32cec435515a68e,143.0
839f8b9d7d44081527d6f7ddc9465c6f,143.0
715d679d44d3aee77a9592f6fd8c26f9,143.0
f1e385cf7166b007ceac8d79c781c8ab,143.0
62cead6bcb096984c493d6121222d104,143.0
85db83a1e38c9d4f92da1c1e210c5f80,143.0
5339f401847301b76dcf82f4a648f5fe,143.0
5f285ae4dfae33fb233cbfb5a1ebedf5,143.0
1d405f8af09a60e4b409fa2ff9bdac35,143.0
d4ced6131d3efa76c2c20fe6ad1bc3cc,143.0
8fbdc0ea3d82eccef184000af3dd06ec,143.0
2558577bf1246b4a3cc846fc1fef3bbb,143.0
47f1f1245c92a6897e654d5f0c0a3f0d,143.0
174961a996b85068663a956eab55c2dd,143.0
a0efa97e2ef6571ad6ed747a245d1278,143.0
0f8291de5ba3ebaf8fab41277da00105,143.0
7446ae9b7c1fd9519aa903d4fb16575a,143.0
bf9fdf8f5bd0f6b92c34c78b1b8a1d23,143.0
89cbdb9173db99ca0b8975af363d7e11,143.0
c6c24ada0446273472afa129bdc6d29a,143.0
c4f135e4cc9e64295cdc7cadf490b642,143.0
9c7ecea05ad1df98c1b2d7e030ae5a0b,143.0
9193190ad33400f55c47c4e780595bd9,143.0
816a87e60d13ec9087b3d07a5e0fa654,143.0
d8c177c235dc5faf09ddd22909bea731,143.0
e3a3727c218826c94669cd0f5c035c52,143.0
5787c53dfb820eda3595a3fc7162f5e8,143.0
e285400ec8226041d495ce319fa3e870,143.0
6eefcbb934fc4db2d70ac7fa4759afb3,143.0
3036f3db9acbc09573e6b3d1b15ded84,143.0
560a8e01b6209b466db525b3f3bfbae2,143.0
4ac92db0564301eb239e8df281c45fb6,143.0
0224e997c339d3b6edb3ac3fbff60da7,143.0
a83d4e5635b476c1191ec35b5fb941f0,143.0
f044b72faef8f3d120f2c58024a8fb08,143.0
a56944574643fc65a4c8753d9e0c37a7,143.0
0ea55f51279af1244c938482fb2eb488,142.99
0560a02593f282955f85da2db087b078,142.99
02f8299d68b913a3584db28a189be007,142.99
740f2d1e3b5e6991c71d0b76ac933df3,142.99
7c90e33e5d5f35063ed43b54a5957cdb,142.99
32528e4f1eaacf4bef51744ce7827974,142.99
ccf255b29886e51b62641549f3c2d9ce,142.99
0f9863eaf7169595f5a7699580ea5695,142.99
5dff5fe82f3bfdc45f07589a4f73bb3e,142.99
36a49b54cbbe46996c20730dcc059f30,142.99
a4c800a16c71d3bb4b77665ba11d8525,142.99
81396cde975bc2d2d859247510aa71e0,142.99
c09a83740cabeb9e62ae874c6636736f,142.9
36d53e516a44e61c73a33f25619f1980,142.9
c78ce21cb11b3b0ceacf5be3e158f502,142.9
ea83d8ab453e5d4792f0090be8bb2cc3,142.9
6235fdc0283c91ed37062e632727809d,142.9
505dde6cb43587c90ca012959662763f,142.9
33652f0608d6c65cd11765b3e42aa243,142.9
819de07331adbd18c444712e08d51dc3,142.9
1d0696acbcc828834294b845e3f397b3,142.9
b1e01fe019f8971e431021f94370cccf,142.9
3191981f84b69ebcca47bce1954371fc,142.9
8d0b32e63e627ec62fd798ce668efc7a,142.9
2f790f1be25b2e553acd934454306f4a,142.9
6b80582697a102880be2d2eb683c754f,142.9
669e56d17b7df023ff7559d3c8484222,142.9
2822a34d0c3c77c47b7a1716ecd4d408,142.9
fd968a9c1ef34fa12e2e96371b589664,142.85
a93e6e1bad3b9d95239b7dd652a1ff13,142.8
d0e67c1c3a2d11850ad41a64dc5189f2,142.8
a94de3a1486c2bfa6324956be90b911e,142.8
a4f28ed68b2f9af8945705a5b6a6703f,142.8
3545524b94d7564dc8e66d9ca95c367e,142.8
8738ff633d54ab19562fc3b7d23f9fd0,142.8
2ea3c1a8474fbd79dc4862f7ccf26ced,142.8
6f7157ebeee120bb8fbfd559c07d275e,142.8
66446be15e059663cab1f9b17cf6d3a2,142.8
a0c4b356a906e7401fabe51d2727bc35,142.6
5f4b2469ef500958180a1e9bd6edd1fc,142.54
ddcb940dd1491991528d482abe3c2d11,142.5
5836e8a2c2943e441ce6ef8b80d70df9,142.5
4f45750d162d7f0bed9188422896ecdc,142.5
5fa3e7405bd851a51f1e1aa56fc145a0,142.5
eefb1203ea84c235aaa024ab6a3b3b24,142.5
8e1ec396e317ff4c82a03ce16a0c3eb3,142.5
3fa3c3db2ed313c710d56a86f4d71f85,142.5
656cd8804dd6e53c365ce118a74c11b9,142.5
a13f758577dd5c5b1b1897f294c2da52,142.5
846a4b8f5a1ef6bb498fdea341f425a3,142.5
5342683414d08cd3656392950ecd915b,142.5
1285e7456591a89200ad22c4015c09ea,142.47
7974eb74e94d3f3e1031f74d1b97ea5e,142.47
884909e6ce4397ea2d53b086601162cf,142.44
65587a73fe6ed4b379bdbf1f27f95bb3,142.42
d4e2a66624eecf6b093607d3263f9d07,142.2
c4f1698f4fe9cb800d734f89e278a760,142.14
185c9124371e3faa4e4199e70d945b83,142.0
73f569075d082f990036fd174cc328b5,142.0
147f29ede8714f69f9c35d43b6eb4bad,142.0
20fb4fa6cf9cfcac864b9625e0156853,142.0
f3d3a9c8877221d95577fc2cedb58821,142.0
55f921a7c10f0d2fda0fef7981f21a03,142.0
772c4f98240f0fd217f9ec388b2bfc89,142.0
2d4bb41e36a71f12848d9f85655d4eba,142.0
ab8f9b7ac7fd6927c569c0233a6f0633,142.0
81772c512e346e43fbd7cc81f60b7af6,142.0
300fb5178ddbec6af36a9c042e4ffbdb,142.0
9b8ea202f406114ad504c7a3147cffd4,142.0
4bd68cbab903de02b182d59b5ddedcff,142.0
f803bdb9a0886ce56d18b62ace9f58ac,142.0
16b167f5424e2d0d097bf0abea502637,142.0
90aac89ef19b7b6d5817ab9608086b55,142.0
ddb83a5b3161520fcd64863c1a266ec4,142.0
09ad9d1167eae6f24c762b46f6470aec,142.0
d707092bd024342cd484143f8fd20a55,142.0
065c3ae02ac77bed6a7303aebf08379c,142.0
d97fad07a651f184b161908a56958e67,142.0
46a03952cfd0f2d4f7c9bdaf6921d7fd,142.0
0310b25c98b10f9c6d22b9009455df37,142.0
7c0a2b85cde9635f2d029375a1074816,142.0
65560c2f677f3f45909f7af70006649b,142.0
a64c4b3ab7406e717790566ebf570407,142.0
282145334ce859131410fef262f98bfe,142.0
25e4078d42ba4b106674df3702bc066e,142.0
be2abc57e92c541f83e8be9e8a8fd1af,142.0
6c066824b81db30f3789b3c494b2852b,142.0
b5be0356146696b0db07f1ce08bd9092,142.0
77a32ac57bf375bad458eaa8c91159c4,142.0
bcdec9d721222854e2bca0c80c9980b3,141.99
6efe6238680c57d7c67367acf30bb2f0,141.99
81ee76008781c1b3a72263621e06d5da,141.99
4e980e0ab8106b6976d795063aeb3a51,141.98
966f8c197219f574e737b722cf1dbac4,141.98
ffbf13c83712766447907c175ecf4b61,141.94
56640cdcfc3857f1292dc9cd68d1878d,141.94
f48300b3e5f02355017a4fb7b3cbf165,141.94
e8f22ce5168c883e9fad86c1ad0be28b,141.94
3f14386448ceda077f073218a95e855e,141.94
c3fb17f728ce93cf95563c72cc009f09,141.94
5cfb23ffe74b81e0a0cbdf71e27a4021,141.93
948f11301fe3a9d560599e9385a969c2,141.9
a9c0084d26d27e5606169d2ba260bba3,141.9
1f0803a562ea91738da0b55156525e2f,141.9
13f86f2817ad6c0bf092ec8b98c42012,141.9
10bf0b019a1b776b9a90629397367ade,141.9
209ad2bfbe7e0b781a5d22d92ec099f3,141.9
5dd4fcd1d55de7ae96cae3fa0ec13839,141.9
69a08b6125c4dbe1e658f5410fa5be95,141.9
9859dd92e872dbaa60ca3cd5f0d7ad07,141.89
9032dc74d30c8939efdfc6beb53904d9,141.8
77cbedf4e47cd5ef93dc76c8e48c6cd8,141.8
861f6faa36ba09bea7e2c2e336ab2e30,141.8
65095fecef8545e033e0b83b85e146fa,141.8
a40ff2b64b60d5862e132e9bcd1a71f0,141.8
2e13a3858bd2ee59880231d5de81bdf7,141.78
b62c66b99dc904ade0b5568a95fe904d,141.78
1840ec1e113cdef52138fba79e65848f,141.75
444a5cfcdc5e76437c038ec2e42e4ac5,141.75
9a4e0069a7fcd20298ee1634f0b41a4e,141.7
32300a21d1cf6478f4c03c36dfb4cbe2,141.64
05f74b0eb7b097f9b6180c90576decbf,141.64
ed40e92a9f7a1e3c77774cf6f813f3c1,141.64
71bf942d4b32f3f76c91966ad20c076b,141.64
804e210975d02fbfc866515639f30135,141.64
32dbb571332b3f2cb1bf946ab1cede82,141.61
af5b7e91f763527a2dbd49268dbcf583,141.61
76f5c40bbc0e6a67810993ae4904b081,141.57
10693241cdb6f6538e240723a250a957,141.5
6b419cdbd0dbc828c9fbd809cd6f983c,141.4
d6658fb848aa2854c95128fd08d39c52,141.4
d89b1257a6d34bbbbb9d3741fd88c3b2,141.4
82189789fcc0955a1f54c4b48c171652,141.38
72288e6222e21e57a3a4fa04f16298dd,141.31
92d6832c5ec0be03b1bc69a3e9e60758,141.12
19d189579778a415f48e0ce76f07109b,141.12
06c3432a700a69e743fa666027996994,141.12
aabad376799f97beacc0d8b52a9bfa84,141.09
e8299043927a80150a49daed412b9ac9,141.0
22acd7ce3bf3fbaca5f099905149e918,141.0
6ac7224337d1da0e6d408e6be63d3222,141.0
4e174aa8e13f63c3621881c51edc9b06,141.0
7a2b5e2c8099b9d261fe168ee55cabb0,141.0
5037d4e6fc10e6a32707edff10d657bd,141.0
937e64116b8e024eea0b4c0153692fd6,140.99
e117fca322db0612b8282df12aa3d1e4,140.99
1ad269ca33deffffae8da0da0d0e1945,140.99
5113d649ccccc6c261e97e82e2fadb0d,140.99
a06cecaf0e4ef892030e9938afddebbf,140.98
1809a4d9621d6e57cbee32249da47055,140.98
5cdc78f9be4a7e1c3622c9d22b8af377,140.97
1f3976ead47ec831fbcad735afdc537e,140.93
6d865ba8432f331cbaf5d8b4220badeb,140.91
a994d209770941c5131c5c658f9370a5,140.91
5b6c9b4cc753bfd2ba753bcb51b56a56,140.9
fc71b69bc2e2341ee7074f4b9396fb95,140.9
9343ad636d5f8c53eccc5229f6b6ffe3,140.9
22132aacc53ce55d47071188569d0c1b,140.9
50c0e41541f173964bd64e367bd37171,140.9
017c416d7047f02aea089e0ce017e7bb,140.9
c4acd09d0272bf794475310d5a14981f,140.9
a5accda9e28060c70a2607fd29ab4d59,140.9
31546615dfbe77a0bd8de97d6186d031,140.9
7c7401a534412cfa74c30efe54616ca7,140.9
0e6b3f03fc1d953048dcfc22be4282db,140.9
3f871f8c702035acd8a2340dc2082274,140.9
d5c9fb2945460771c8f0d7c9473c0828,140.9
d8f596477e39e35d2da1bdd85348620f,140.9
22be9dd12bf9b04ef446b193422db6f9,140.9
00c9ed767059efd304546d437c9d171d,140.9
3f2d49651aac6322e00f50492dab09dc,140.9
4b5887808bfa4aec1089a607cf5e0398,140.9
049f23a98a27f9901865e0f54f0e4ce0,140.9
e37a641cec6b1b08f464a3cf50996176,140.9
07294607d9ae24c25e268aec7ec6d681,140.89
a34baf5c13401a3ba19b85216ddd906e,140.88
5feda98324014ed7603a197517fa6f6d,140.85
9ee07155110b11036bb4ef6350157ed3,140.8
3da151283555f08ba83a9bafed7a269d,140.8
7af9d19891847b24d1003c709349774f,140.75
286377acb883b9f000fb16b91729a5d6,140.7
1098ce1ccc3bfaa12bbe23ba3238d29a,140.5
94fb73174290f8ffbdba81e43e64bb7a,140.5
7a39cda163dbcda9f639cc2902adc6d0,140.5
5160b4bc4116d4ecfb0679a4598c2501,140.5
a82d3fdee4c861501662ea40616d36a9,140.5
401f18788389eeaf3bc1fe8da020fea0,140.3
7ffef7ba261467851a207fb18744f4f4,140.2
1524370ed333f67a5def7e451aee0a60,140.0
48ddea2904873f05d8f627b165dc8a77,140.0
6b09c9068f0143baa594184b79cfc99f,140.0
77e71d7705bc1e9ed7f466abf1bc8c8d,140.0
0c874ea1ad6b13fb0eb47582136b6b17,140.0
162f0611c82d228cddbe4c1c92ba29ef,140.0
0f077bc300c67ba6d69ac5302b42cd3f,140.0
8f921238b5674ed3dd83ca3119383bef,140.0
9a1dbfc79989fbfcb8ff2b5e509447a2,140.0
b6fba90f135c69997152dbe370b48f37,140.0
40d27646b244c9b66fd821672dde0d4c,140.0
c5b90d0229351c62429a0aaa3a5b65a5,140.0
fd44d124e2a3efe1398e5b4919b17413,140.0
00c120d7afbe4803d4771a8f3696ec85,140.0
8e9f6c81ed885042f78bf4db9b926f85,140.0
1741b977c920605ffb564947e40cdf0b,140.0
394e25e597831b2eecbaccbf553efc0b,140.0
94c054d064ed412629f6981823258717,140.0
a85fcfe5a8e1ae143d339a18516ad663,140.0
107c1643b1a92f4749b18a5583ec924f,140.0
893322fe32b6324feb35a9eedf977675,140.0
16961e4900ce6f06e72342487ffe2297,140.0
41a8b44b5199e1a781daa6f67b8ccb16,140.0
ac16695d0fab1a5e22f7416bd75d325f,140.0
eb1926683b7e7d8b5634bdb8c1e37d27,140.0
1b337a877720669c2f18c277c5dbbf69,140.0
a7ca11bb456bde34525e2c9049530c8e,140.0
9642a0bb9a77aa2ede0187891ff98976,140.0
ba9872439094744184c4a480082458c8,140.0
f26fce0d0ea5cd4f464e88472db6161b,140.0
fd0378f2a2b488cabc3c85bbddfeae6a,140.0
f85312ef02a373029bcabb420bac7606,140.0
a015288a903c5a2955b8ec9e7f470ce3,140.0
91d39abe6855463cc3c87bf364c3b43b,140.0
47ae8245cfea34ac0c57a04fb956a80a,140.0
e97eb53515b9fd98a3db45f4be5e70a2,140.0
1c9e2987c067ff59e82bb5222c426869,140.0
4efe086525361180013334e3fb689dc3,140.0
3e8e7112a59814fe7007bb864f3cd3cb,140.0
371ff128ab740c6a5d7e608520ef898d,140.0
6ca4c791dfb84fbc05cbe68d7d7a95be,140.0
b3fc16d081f666c06b424c822c7a0457,140.0
145f4c0afd867119a41cc9c0a43e450d,140.0
6b043d042efab585bf4752d7e9dd24a0,140.0
6a3392d49966d00c8547fc17d85c2490,140.0
f6776493ae32276dfb0c49984b8cba5b,140.0
b7836c761c4794953149d49ff2c9cdf2,140.0
7b04de8a33e536fbb4d6a69451277537,140.0
053c7943cf3218c20664c01973f729de,140.0
4eb36ac5c2c84dffaf7bc5bc7d5dbc25,140.0
2b2615fdbdbd7f81776f95163acbd096,140.0
acec81168c11c0d01d9d5955a3d507ab,140.0
788c4f468662b94cb38db71ab5d5e177,140.0
afd087e97215a023e1b25a1d3b820218,140.0
a705c03385a9a29e2fa2dd80cb688541,140.0
4b6cc748c9b98d12cef260aa6d33d5b7,140.0
db5df2109cf7f549cbd44e3b02d6a320,140.0
6400436c2f08333637b0cf1b769dd334,140.0
f1def85ade6e5b754d5f84a958fd48c2,140.0
b0ab7fd9a303d4cc6e6efd2eb326ad0c,140.0
d75f7a65c23672520fa4dc4125443ff9,140.0
d4d6670e1258513bd852a41914b4f1f4,140.0
f7c730eaa324c05033ac44482660fe07,140.0
612f74d1eba3246d977ed2fa4b166e31,140.0
7c048d504a6cd5c838c119b9a5837669,140.0
6d9df9db5e31093ce82edb4850bc1029,140.0
dcb8e12dd5c76cc347741cef1979b6cf,140.0
28227e8679c1c660c0d6da04867e63d5,140.0
01311fef2cb7553344ac33c95e196db1,140.0
af959a566c69d8a74b81ba90648f6cd8,140.0
25f13b156875d8101f5b0cbd1d1fda75,140.0
3b8faa7c46f66ef0ffb635716139e4bf,140.0
6c95355bb9260a9b0abbe3e226bd7a16,140.0
98cea627e0afae6f6e71fa86174b819c,140.0
9e719f78889c3f9ec9fea06852eaf6b4,140.0
5e887eb80d189ce9c80ab2d56d4a0f29,140.0
8ce176ffdf9acce55dd2f84721589692,140.0
0bc2e73bd83fe784c8e9a761b7c89906,140.0
9bb96a6ebe14411facafc8af15f47c4d,140.0
cc0c38361d064bff576ef1fc19336cb8,140.0
b123952035a68c206b896798af8b1b48,140.0
d43a4a97de399626a8a6d2a05c95a185,140.0
cb7e1f3f76ff67320ccaaccb20da3e43,140.0
164706183c9e343f182458255c5cd8db,140.0
a82a9ed42b002098621df8124fefd4ff,140.0
855f0b8c477c57d9c5d0210c260459a5,140.0
042193d276acb3484499d9cf145ef90c,140.0
76b08b441e3d13c09ff7b38512943aa0,140.0
6f48e6b45dd4260e3067e65407358d65,140.0
71efc8a488f41193c13fccbe44411151,140.0
2aff521038707d414de8632a6bd8ddbc,140.0
e3ab519b9f2681e43d1ecc7f1cfa5a81,140.0
ccfa081d0d0b1c9eefdd13e11d02fe39,140.0
1604b4e7e39484634a197748796f7fcf,140.0
1a663679384785e911792fb4a86d61c4,140.0
6723644d9ba48cca8d848b1f18c70841,140.0
721a12abb906f7621afa0d517ed29aa7,140.0
d23dbe35b79ea70cff4cc930c890ffc5,140.0
edf0671289afa3c587fe9bcf46969567,140.0
02b81e78d15d013c5de9a2e89ceddb0b,140.0
b82fcfbb09d3c02e8a173bb8b02e6504,140.0
0153b54842840a90cf35a8cd645c6732,139.99
6e5579939594a12931611fb2b455b08d,139.99
581092512111b45075e21541e61092f8,139.99
6746ee7b44577373241b9a9d933cbea6,139.99
14555edc3920d5f094b0f2278bfbd438,139.99
f20a4091c4067e44bbbb9885e0c34dd9,139.99
297916106d18bcd2f6324b3303d2358f,139.99
d3195197238054c36312c802372c387d,139.99
7c88f9e6560eb826d135c5b234704036,139.99
f350152f7910a4105a2ed935af32cf10,139.99
8c083efa6a8732ae8413a694e5cdf1fa,139.99
1bda61a5d797758b542169dad729f429,139.99
fc5858c9e7908b3a59fb1b5d7ad09650,139.99
e99e1e11fa176e28f882fc339aeba6d3,139.99
6e14fc1f239d4384a91b043639b2e3b7,139.99
c97a6229e71d7085feb5a37bdf2a3527,139.99
678dd8fa628fe74df013bbfb7a244c46,139.99
9729ae176b0457bb03d974dade5f5bfa,139.99
b28a014f45c0c421660918418a592cb7,139.99
840ebf0107844a440bf64e877ecb3b2b,139.99
8c393e4cc8dd59ba1438662fce873576,139.99
da9ef0f242177bd1de0ce7394f41a6f6,139.99
cf2e8218cb5e9206e72db2f2fe7d5b78,139.99
058f7261062495732fb3c35b0dc6e662,139.99
1054024bd1fa65debe204930503ed5a2,139.99
f1913159750548eb81dca4b69fbd5e0c,139.99
cae42b13efa7b8b3ef6757d1c2aa2d06,139.99
062d455086a1666bca3aa1c7d6ba7a66,139.99
afdb934f9b8d854c2d5cdecea2783899,139.99
c6806b56d02b81f94a7579c5a8ed9363,139.99
68bc16b896692f80d3b8aa23bbeeb848,139.99
bf048168b14f8356e05d04dc16e9c9c1,139.99
ed960019adef94c49b1239970f74b604,139.99
94ffefe39393f5189eb81b8a023fdb3d,139.99
9c58d0e1a56386c34bf6fbfb2a2b9128,139.99
2dce2b50607ca4cda61b851e571cd505,139.99
c8881515a45dd6f97054f6501441e421,139.99
02077904459251edd6b421b05fae711c,139.99
49673e7454cc72d72b42277eb3c2e871,139.99
72a9e09c2ec8cc990bf5976ca6f4ffaf,139.99
0bd2dd26ea71e853a5c95cf31a7a9c8d,139.99
a62a5baefbc81700a250ec92a072809e,139.99
aaaacadacc4a1f2d0df016ddd73609cb,139.99
38a97cd6fa87a4dae5c345461d6a2601,139.99
4e69a1799278deb1af1d206568b92f76,139.99
efe9fcb063deef55ade34b4d7b6df704,139.99
9192efe29732cd3f91347e6cba770ce3,139.99
b57504f62d129f5eefa6fe4a035e0e0b,139.99
b18c3b2965c137609a80f4254444c0a8,139.99
d138e885e09fa3ead931ab87e1811706,139.99
22b5712522c61f4b2b136a8df7a73234,139.99
51d9009f107df3256dcb608b5cb40a7c,139.99
4789cc608a76c22397fdf821a2bc2e88,139.99
84b1334ece1e0dba8a2ec7746f90bca7,139.99
6fb4f2354f36e554ac80141e9128f528,139.99
a3eac38bfaffe2975cd0e424ec86a556,139.99
5dcef2fba7e67510cfd99ea3851b58fb,139.99
cb7ef8c9ffb93651ed0c35b48c7a7a18,139.99
e377292245ecb36b1a471babbdda76de,139.99
429fb96c99c8d00bc88317f8f9a3fb4f,139.99
422290a11dc46ec8ca6fb7e6bd45dd1b,139.99
b19902c08cddd929447e2b0532505859,139.99
5d029f6ceaad42b4a10bc7e14f37e8f8,139.99
0e35139ae7579cd29b171f419e64e40e,139.99
b35f1a8faa9f7afd849b001e0b622972,139.99
960d47c0d03beb3e76e8772dd879e7d9,139.99
c86f684815143f5ed9259aecf7e16909,139.99
e5245a61cf63870720b6559bad5d35e8,139.99
c1a8c3346940f085805f42c662cb333f,139.99
0d0ee03c8b494f3343e61156cd13738a,139.99
6f6e6dbb9f7ed1d2df0645ada4f39565,139.99
939eb45bd46d770f10b41d0ea2bcf68c,139.99
556960436775082c323282512ab48129,139.99
cd3147124027e587f16812db10d12aac,139.99
5209b05b5563ed01606cc30cadd672d2,139.99
eaa818282a335e15f010e4a6a3af9de4,139.99
820de2e9858a6b2cc4d6100007592252,139.99
5e04cca388614d2ee9d7967921b1a67d,139.99
2d548a05639982756145f816a600751d,139.99
0d4f08a71e7d520c9422cccaeeebebc0,139.99
8a2384d1b9ee16f3fc7114fc0c293451,139.99
e736f5ed99e8006c42053a398381a116,139.99
e05ff8716962c594a923bbd109178b31,139.99
fb020b857592347a758d07307d98cd86,139.99
84c1606acc0b24087addbbb85be4ee28,139.99
7dbafdf9724d2baeb787a3ed3ebd7bf1,139.99
29bdfd7cb1c6a9ef72c7ddddab1fa3c7,139.99
92c9293ea5fb93ed5ee02c0060b5e677,139.99
de94f0c27ccec790de091fb1c61a374d,139.99
52749d51c74a23fd40b2d439d5c37857,139.99
8367f0bff68b0908ac9efdfa960dfeaf,139.99
b504fe42a7d664cad29f108299f51629,139.99
9908bb812211943141a3d2787e8106cf,139.99
9422ceca89675150ff5b567cf89f43b6,139.99
7e779148dc9ac9f7a27f32ba4025f03b,139.99
e93fe682b610d10753091905388c433f,139.99
a2418b2362af6503b38a99e2259cf8ab,139.99
e035fe3b3ef405941ecbbbb0790d1f10,139.99
a3cfaf4970bfede28561aa474e43a49c,139.99
b67442bfea418c7574cb711bf521d040,139.99
54bca645ded187f38062b20452a649f7,139.99
7dde3f61b0d6ee9bdc693d33c0f421c2,139.99
d824ec16e5d17a3e12b51b5b6fdeb2e5,139.99
b78af1eb8561b53cb6b93162ecb34e49,139.99
571cdf47642d41bd003318f7db08eeca,139.99
407f9b965b69734ec538ebde7febf251,139.99
3a38cfdf41dbda6098abeacd30ec2d3e,139.99
6318e5484de466af8092d9d252c3d6a2,139.99
461f9c2c10c3c00e79b5cae634b5acc8,139.99
adc42898a8fb68eb3f10d09767c1a158,139.99
1badfbfeee64a427f1e3fcd009ddcee0,139.99
e48c7c057b69c92110eeb16fa5d4136a,139.99
44132e7916e05d731a6e73ee520262f1,139.99
07bd847cf908eef9d0191a253bca90a2,139.99
b43fb5e872cc859f6cfef355bb3c6a14,139.99
b705b7bcb8909a7b65dd36a6c2653715,139.99
9c8f4989367caf5cc9fc08254f3ef547,139.99
7168bffa8f2e9386b085b2f86c3f3076,139.99
14923ddd6c9bda9ff1a4b2d3ae13bfcc,139.99
868fae7c2907bb21e97dc003ab746c71,139.99
92db187ff0dc8d7522e0cc82713a1ea0,139.99
736dd0d4650ac60d526cf4d878feb562,139.99
376b849049e148db18c8875c256cb511,139.99
536b1df32316c329518b521111cf5496,139.99
7535ae0b4ff238e6aa4492565c3b5e98,139.99
87fc1f623028e4400913dd7a684c8d3f,139.99
c46fb1ad081f67129badf67837c1727c,139.99
27448b6cf41ae50239a2f76f956f8b58,139.99
f051af5319b6968fe90ae56977a50904,139.99
899ae8bcb4bbbafa09b4023c1777cd1c,139.99
a6e53fd515f3e439c4fb6b8eb53b8011,139.99
6890c1b7e13add84a58fe3b0c472b18f,139.99
fdd0411bec46e2d9a15590016b897dc3,139.99
53d66b5ce010fe1b3a39afffe43bafdf,139.99
5a668c917ec042a5ba843d5d90233705,139.99
68cd91afaeceabf5c63c34023c845dca,139.99
5fa9330ce14c7411ff26004839204d41,139.99
bb236a7c776991c064b371715a445b78,139.99
49b7f4b8c8763e53db25cc894be8cfc7,139.99
223345b23d267598be393e1b629c098a,139.99
26e1d3ea21548a63b4679f4e93f807cf,139.99
3e80ad5803a931d5e32ccb67c76ced6c,139.99
05c3bc7f2c3c3a45c39595a46c76ad58,139.99
67a37fb3a64e54057411563e843c21e7,139.99
d214a4a86c30fcb8f92dac5260ece938,139.99
85675f367b34dac25df491a4ba9b0b03,139.99
28968687a38c3cfa28f5ad351a41f35e,139.99
8e1407247fe5c1268be459f9b9d0d7f7,139.99
0c6402878bcf4a5a361d9008210101d4,139.99
e97e0db2765185fa3e186bb32344aa15,139.99
058121c925d509639cff976bf1742b82,139.99
25917f573b745e578189257ef1f60fea,139.99
3fdc2cc5cf1d6a348be7b362866d4e09,139.99
3036fcbb292e7d1ad4c25c254b5e246f,139.99
fc570b6557c9a63780acb28007d313f0,139.99
82bbc3a3f8c7639732ceb00e48488430,139.99
ee88eba0ecbbe5b6417be16b4bbfd74f,139.99
9fd4ec1d165657c3cd5ea945678c0686,139.99
45f813908ab4d9af7d710e113784abb5,139.99
4e92e128754432b15b2b198ff79e53fd,139.99
442d01aac55be68ff80be4de320fa60a,139.99
a5c511c90235732009b456c9b3aa9e30,139.99
21b45339b407d6a34ff0f3a8833afaf4,139.99
7c98c68d6cc9df555079f55937b795ef,139.99
5f9cc0db667b3735869602dd0575dc8d,139.99
41f6743f15781c8e8c3ed21c10a52c3e,139.99
d179f9e9c42bb8355300f094908ebc7d,139.99
5a073c41c1e7729b4538e4018a6cd170,139.99
e1a045209a4b99f7eec4692093543fc8,139.99
957a3623c0faeea984545261e16f6e5b,139.99
0630f4893eec49ac76256eff922b792c,139.99
0d690774ebd4f0ef28e766685ee29d87,139.99
2606fdb8c8893c74925740125cee168b,139.99
ef3edf510363b4847b3cc48ccc293aa1,139.99
7d4096ba1f8acb8a30c8a066d7426ddc,139.99
bf0005fd4c56f911e047c23806d5a3d8,139.99
5127ea0ef8fa50726cca353b637500e6,139.99
2e6add09a06341123c32cb1dd28005b7,139.99
d0ea9e4c581e61a68de4994445f4e5ca,139.99
9deaacc2a9d6b105c1e27790708843b4,139.99
c50d3c4249e1bd0372df487ad95d8264,139.99
f08b3962307cba722fa392226a16c26b,139.99
55b416182b328ad5d15d7a0e6c8f0383,139.99
3c9a7cf7435eb8c2afd717c62809b521,139.99
afdf544a50f99cf8bd472e2867a883c0,139.99
04da4cb5962496bd80f5d2d9de7a50b2,139.99
914ef20b010c05ea572b275471f43f29,139.99
689c90c4e7c7ce8c153b28c11bf8dba4,139.99
feced49097543a5b319c39654f895082,139.99
3bf65193b71f8b81fcf6167cfc13df20,139.99
ec20e77b141fc956c615c55eef6ebd80,139.99
ffabac359c29ee1a640dcd57f275a2f7,139.99
9c964fe94972e8d6ee8498dd08d47b09,139.99
2376ec94b82677987ff7293bfd6d060b,139.99
3b810ba824e880d525a1a1687947f30f,139.99
72b02f1dedfa93df34149345e67bd4f8,139.99
9432681221f462df34a46ddb23b6e722,139.99
74995386e99bd410ea7472ee048f7432,139.99
8445054b3aa0f68751e0f1ce5af349e8,139.99
35ecb9f2f7aa6d35a5a12e17d73c55df,139.99
4fe1f12184b1d22b91608c08757d5f2e,139.99
03a7750fc7a7bfbd7a84b2f4f26b92f1,139.99
21643e2f47403dc261b9e09bb5937c21,139.99
45c85530e9c2aa38d1032295ab5b43a7,139.99
f4d603262cb2ec87b7b6fc431853f3e7,139.99
2c5491a76ec0a56db58282ea7ae70617,139.99
33b409e1d29ed99902a14c1b1f0313e0,139.99
69e8a7d6f9013e098e740ee6cf11650f,139.99
d99da7c51eda5585210a61d54fd1994c,139.99
0b698fd84ad40923ed1c5ca93965ab4b,139.99
bc30959eeaf47769b0846717fb9689a2,139.99
5ebc6424b55d612d20110789bbe0d748,139.99
b172fea144901e973afb5abe2e193106,139.99
263f9cd6ec31b2a2f80e4e26cb235335,139.99
268b639e32e5d28e8cfe379fc1fdd3f1,139.99
5ec74474854dde59f02205d0bd68abc1,139.99
4ffeacfa8b6ea5a14800c504dad2f46a,139.99
0d50229d0a7136cf545013bb7ec32f1c,139.99
403c7562d9692e5a762a79faf64b6e00,139.99
376c7f50236fad51150ba8d901db18a6,139.99
77d4d4c016beee36bf140f5789b92c8b,139.99
294894ee713acca0f4bce17bd8a15ab5,139.99
9939eea65706fa34a920723f50ca07d2,139.99
c5bcedcd6ebd2da4ac7baf7ad44a5876,139.99
912fa8ffe46932ef6b6c01d377c10d1c,139.98
4b90cd5a80fe5a2cd3741558d57d3e20,139.98
ec0ff90bfa31f26b55cc5314f4026c80,139.98
4c756c39c13545719a2953df112e4e90,139.98
a2635cad2b4d6831509d2aa37a8fe658,139.98
8e54cb7b798db514f7f39bf3c5aef35f,139.98
63f798bfe1116c4b855132edd9f87b3a,139.98
7e3cd1f802c695e446c446288bcffc97,139.98
e4ea31172318c9dc47684e1d3e0e5fcb,139.98
d8c75086006d46bf0e3f33b17a2404b9,139.98
11d40dac62f72f261e07972e70617fbd,139.98
9710dff12838bcb8c0c63ce65752c864,139.98
5b4409c0035f6db6b178b2d5b7e30ba3,139.98
1f4e8bd03181879e40424354c00dea4d,139.98
0f8feee05f830b2be5955cf674a7d8f1,139.98
e0b6283985b18424517750906ee61c2c,139.98
a16a13abd16a9d85e4b382ecdc192d33,139.98
1291f934fe7340aecf7cf73d56781a35,139.98
485467dcaa4890765980aed75761bece,139.98
e91aaba52c45b2044c6dc4319af54a5c,139.98
ed4b3b6e79c4968541563daa00d1fe71,139.98
581472f70857cdfa529a6a282f9e56fd,139.98
07e01746e8b90bfb4cab6ef323d33ab2,139.98
b877f2518fc1d9824b0da20c2e4b60a5,139.98
c1bcc51943dba97f1f522255c3d374d2,139.98
45d631cd3113b427bd58c334a7fbeb04,139.98
cbb3de529213017f827c928eb43528f1,139.98
0a7a01c85394193b60b4edea15964d7a,139.98
2e4944041038aa2b71a74eab8d9b819c,139.98
4ca401a8fcf817e3bbee5408eb4b2e9e,139.98
3fb4d17e4a2870060d6becf7e248504e,139.98
10127aba366db1abba5a47e89c03df66,139.98
35aa31e7aedbf179ca3d56781549c810,139.98
947d3f2b286ee739782ebc5d08c376ad,139.98
20211f3cfcf1818d8e0bd151f7007309,139.98
f8342792b37394f1efe85d0e78ae1775,139.98
db76ebd0d51c2b3cc44d84cd6df46336,139.98
fad8d229ff3512c069a5b776952e9cd4,139.98
7313aa485d8969d6cb3970d49e9f457e,139.98
8d0ea3ad63466149ea6e250961697eda,139.97
8f16dcb04fed5055e6002c49bb51f883,139.97
d115aaf6fb79cd479663952ea015e1f5,139.97
b0d8ffc1f570fed9489662b5a0378bd9,139.97
882a4e408c1653a16c5fb7fd54e6aeeb,139.97
a5014831ae993d45eeb54b1397bc3e32,139.97
2ea8cbe1f839c962bfb37e6a617c45a3,139.96
b051eaf2dfd726e0b6607c5ffffdc2e9,139.96
5c1394c134bf11d4139e06134c0515ef,139.96
af1e1f0117711e14bddc1714670dfa27,139.96
c2077147d664caade6db8ecd527971b7,139.96
5bbefc8139328a291147ac389f226052,139.96
e0ea4f96f422dab31934d5659c620dc2,139.96
8af87a47ba60bce3719d7e19b6d1ff13,139.94
cf328e9adc688594ad4fc88c71d74590,139.94
74a2c198ef667f0d4e2883108de0af74,139.94
c73c9dcfbc22dd5f107fe8ac7382978a,139.94
b4e2f9032306f3f68ef7afee47fc278c,139.94
8e1e8844385685014f126c0d6c39c27d,139.94
d682fa04ab665d8f7d4ede5b8d1dbebb,139.94
91bfe7a07b35a7caa17a1ab6c587a5c5,139.94
4e7b3e00288586ebd08712fdd0374a03,139.94
6dddb82049ca3cf8422968938e38fd8e,139.94
1e3512ce753ab87c643855569b8b23e1,139.94
1ae3847ae6c98b481b672104f0a806d5,139.94
6761270051135aff470ac0fc970e929e,139.94
41e8d9c16fbf082197a4584299fc7c03,139.94
7761db7d7db3e4698410581198304c86,139.94
349f8c938598fb0c3979dd4219739842,139.94
bcf130ec4f60035b99625fd5c5fc88ed,139.94
12a72fb5d45a40da92479e66e6dc3597,139.94
b697190995396d442349aa728da58c9a,139.94
bdb5eb50daae50a6f36eadc6974cc5a3,139.94
38e2dbe5056622691a88ae5de4e21b99,139.94
cf45e9bc7544ba97a0db03c7c7bf63c9,139.94
0c0466693c8e3f6f3c37044a0cf15447,139.94
8f2e3727f77beeeae4a86a3d14b550a5,139.94
5396ffb28b2d1cbea8d6ec46201f06ba,139.94
31982f03a9615f0b78174bd6662d4aad,139.93
ac4ce14e7e3b653fa44b616edde2ce00,139.93
b508f17766dbf8744877880acaf0be4c,139.93
ae20fd4e52e319ebabb9b44f48ba2c8e,139.91
57e96b01256ca49dcb17a4f75ddcc897,139.9
690ac6352bb46041d9e45639b236c655,139.9
f6e133f39ee37a47edf5772ae656baa8,139.9
97b2b6460d59f786baf7f4b2b3ba64d6,139.9
1d8a4affc06abc7f45a7bc907d06821f,139.9
e86338a2d7659e6794a36622cf6d8cbf,139.9
b6db31d15c20b950ea5002e99486a1f1,139.9
b22807c0e39053228ee7fb46fccdde6b,139.9
47c285be8b7e2871b65807d42e6827df,139.9
71c87b1447c3045b2cc7e46235eef43a,139.9
f7de0b22b237293845178f2ef9680c88,139.9
0563496f01a9c2ff5cce673601fe3c4a,139.9
e318052c60b8810a9f7fde485d42a0fa,139.9
3eebfdbd017a00f31af7809ddfc52cbc,139.9
ea66b28b66ee0d9ed6cc4fee30a704bc,139.9
d02dd1824902a30960455283214432b0,139.9
f174ef355ea4aaf8b3cc746ac5972da8,139.9
70964b463cfa1a74701003a366f62d03,139.9
32a81f532a1fbf51f944327bfbc52152,139.9
6b4b61ebc9f99f1e03209745ac55f447,139.9
64ded60f3124e272f4403c9fe551de28,139.9
9a19695e6d81c0eddda784a2026b70cb,139.9
241e24a2a5d48bf966167292a828533f,139.9
163691efc6753a5bb2e5c85987c59166,139.9
b206d33800162480f92693603b17751f,139.9
5376f2cf9c9ca09610de0c59583b0be6,139.9
e10ddf68b7d7d3d3afb54497e28ad620,139.9
869b329d6dcf12add510edf0e516565e,139.9
9786dc5471def34dbc65f537dc88566b,139.9
1e223899442e479b03b6e0056d14b25d,139.9
de5681fd7e98e07891a6cbc4c623113b,139.9
51842d4fb07510f2d2bb87893bb5bf00,139.9
77128668aa910d3b2fb6627ac64c709c,139.9
e819a5c8bf865a92a9f0d96f07962abe,139.9
fd6d24826df20a47edc27155e5c613ae,139.9
753599441cee87ca0d09e891e31800d8,139.9
e5aa3a704292f28ace5ad4416c82c8e6,139.9
6eb4835ec4d320eb3f58162e69173cd2,139.9
069f1deff35f9752a09c02f3642b14db,139.9
e18e455d09f8bdb9e3754303e9b37b85,139.9
967b79a51991865602ca9b19c8b85019,139.9
3707669efeae29044e39ea9b2bfa9f32,139.9
8c336ef3a545f8ba0b1e48140b1f8750,139.9
f3457b8fdac18622de498551383ae1cc,139.9
2e0dcf32decf3f71d385098b74d93721,139.9
6448c12f349af04cc3598f3d5672bca4,139.9
1911d37a93b5c3c8769f3d5927818bdd,139.9
6595555757769578104e78b44f7749cc,139.9
f0a67330d461ab7c99fbb328e33cf54a,139.9
888af659f4e8e4e05483cff58a449b60,139.9
01a1579cd07b292799675eeef1e9561c,139.9
4d2063ca8a2563066b6c5fea4c9242f7,139.9
e943e6bedea48751d312af66c93f0592,139.9
8c3ef80af590b71396ade3b7a82484f5,139.9
ce5a5964cd6cf4305cb68f14f2df4b62,139.9
2cb7447e1f39e0226cb412707cf38a09,139.9
f01ca018a6840c7c5996bce7dd5123cf,139.9
2ff074b1dbce2bc816bf81c3c820ba5c,139.9
a86fa41b9d57893b8b23ad9bf2b10427,139.9
872a7af223e657c4e5cc1c8262dd22db,139.9
d597b312cf0c17b32455637f9e257341,139.9
6cef447cc527164f978d50584d6827e5,139.9
9397159a057a8d56ca754a6e8ade5466,139.9
57e500590bf158a6014686a544f36298,139.9
c715d45b17b262a858a5ae4c8777b2cf,139.9
2584307af792d605f55f588694980576,139.9
6b8894ad156c065a00870dbd022c9d23,139.9
fa753711fe72433b2d40f06d300f097e,139.9
b82d00b824e63056f1a7319aff2af070,139.9
45caf610c28d6422b622f8c0c47b1193,139.9
5ec1892d5c9e8d9b8684599cfc01f7fa,139.9
d066f2a297ee3ce84bfa21874dbb35f8,139.9
4a6f6cd7b3fa8d3f9a370adfdad0fa97,139.9
913e1c5bc2d3a433d3886677298dcbf9,139.9
857fe2cf34013d9e05b48703c0460f0e,139.9
d08db996b93fd8da923b9be7e886a5a4,139.9
ffca1cb088905d26dcee8b7d3aac4349,139.9
de585d9d5ef9119705a445eb50800d81,139.9
dc750b2e3d945b9698f5e0ff28010d99,139.9
32a0f9a935752b492144cefe01ec5da3,139.9
b939726f0c84b51a4ecd3ff5bd61e314,139.9
76601667f2d7598d3974f15b2b13b6ed,139.9
dfc05ec4cd332bc05c602f36c93e5f6e,139.9
02565e515373d4e26cf406ab3fa5ed0b,139.9
6a5b19b0670d2e6bfe0ac7b4c858f58f,139.9
af61dab31295876e1570f9613548ff19,139.9
066d514a8533ab695dd9c730aec73260,139.9
3aa3e26fcdda0a303465cf3472bd2248,139.9
c729265073a5aca84a794993a491a27a,139.9
7632846a8baca18618e6ff9782b01d15,139.9
f6ec7c6e0151f752c79e2f026a90da12,139.9
b12b0e2d548eb838e2ff04eb9358c293,139.9
15320769a120466ae115811801292474,139.9
a1f6530f940d0e5f625593bd7fc29f60,139.9
6c4746775f7e66bf1e3e44bc3e9065fa,139.9
3550f969887c04033270aa6ec14c49e8,139.9
9e27532e607078fbff6344b7c1063e65,139.9
ce4831c3ea13b5ac8a0d030b838acdb0,139.9
ab3168bf3379c0043700ea484efc1f61,139.9
782439c1913d6f928285350906a9662f,139.9
9fc65745d2e6f175da441de056d4777a,139.9
7041f895a2fb5dd4142139e99ce3ff9e,139.9
5329a1b285ac348481efc2734780fa37,139.9
877574fdbff3531c20422802a8580662,139.9
b8d917327aaede6d6aae20322a726767,139.9
840833b0bf68bad85ab152ef87024316,139.9
9a764f8f1d863bedf08c8d9d8ec471d3,139.9
c5e7d668bb18948a7bd56396e9a261a1,139.9
bea5d4b394a04f4303917b761d701115,139.9
9eac01273a3af8693258b4e2cba53b68,139.9
8e00885d43c3f587e4d60b751462cdf7,139.9
8224427727aed017222978cab5959481,139.9
2d80f8e08f20e6969a874dc97b85df6a,139.9
56f298c3c06de7ccbb65d45171e17d90,139.9
ae5885f1bc253502b27227a59692081b,139.9
142c2f12143be3160f9c4752c85367f4,139.9
a08554ba3f0715d9ada0d693dc036a3c,139.9
aa8b77f23eb7e30628c9f69e144a28be,139.9
e13f009104ff6db9e8722ff60788a3c7,139.9
d0a1c30f503d889c6953722148dbfb95,139.9
c1cc319cd4cc87a520c08d8e403bed0b,139.9
63f9f01b26b742afbd95beb988883c52,139.9
9c32fd0f6852e77226bd2309dae25097,139.9
7dcf029782f48ba5e8dfb75ff27608d3,139.9
4c6da7ab2ec98e80e7c2dbba28b57cda,139.9
4c0e8d666997c501202d811cb61c4ec7,139.9
ca5be60ca176490157a53b88dfc30c98,139.9
eb37b4f81bb9b6606a2e4b495229e014,139.9
531d4165aa0c1d4fca04d116190313ce,139.9
70c2ec64eed5c085a23f42d19fab19b2,139.9
f621964af9a78f72764c33882820e953,139.9
8df60f4b5c7991242bdbde7c034f2057,139.9
7647d04d8895db7c1bcaafc5459adb98,139.9
b99655875e88535e49976ea21cb258a1,139.9
5c8e527f6e004497cd4aed697e6dfb45,139.9
d436a01cbfaa1bc15ecd84318b408a01,139.9
0d0ce626603ca795728958e76c79785e,139.9
02e04e4adf1a4ec2e262f8f942b4b315,139.9
3ecddf921de5c14ec1f8bad33216e058,139.9
78f2dde0b75935b85e0d45ba45ff23cd,139.9
0b859d5b44d9d4882ace2e2dc93cc213,139.9
252c6185f3c1f1fa5a201249fd902885,139.9
7927dfaf0bee1bf23b4e9203355497c0,139.9
c94f7091c75c2bf2aa4adba866d905d6,139.9
3ad7abb82356a20d7f2c26c3517291d9,139.9
968a920243024c3cecbae5fe32c17d19,139.9
0debfbe6eb17e95af641df3e543d5959,139.9
25d32598e801258a7a8ade492cf3a836,139.9
50f88b1c1d1f4fec543bea69952deef2,139.9
0975cbdd343ee157b43e6104eb9fdadc,139.9
803e74003b254a249b19a94758826070,139.9
1da59b9758d8279b5c078c11b09c775f,139.9
895b7758d3e195210530db84a4161635,139.9
cf7ce922150eda8741cc086fa1ba721b,139.9
b2f351b578d5fa960f941afe5379cedc,139.9
6e89d2f39a8b7bcc43316d5e8c4c494a,139.9
cd8d6a9573fc64b284dcbb9b45068f39,139.9
bd4395ee7d93d3f00931fb86112ac69a,139.9
fb4983913ad382e15c604c2e026767b2,139.9
7ffa70f414e42f6ba3dfc7475f346ed9,139.9
570a608aee1a7a807a1cad82ee9ba9ad,139.9
a5cdd4cdccfd0c934a809d305f65c6a2,139.9
b6e8ea3ec16b6ac5bc9207ad90b855cb,139.9
1a8552b5f5ee891178aecf797f750d6b,139.9
af5e2b059d78f3d1a30f352da43ca1c0,139.9
2902c21eef06f2af20f03c6ab0a2c263,139.9
dd2da85964bbf3fb09d6c632445137a2,139.9
88c1c3d0d402ba73d2fed9d5b71163f4,139.9
cc9ff086a2bd5f8a324fce11bcd7055a,139.9
d2f49302a19fe5eb90d76e10870e334b,139.9
a025d64ce8ec7af91db40ced500bab8b,139.9
85b757074a5477bf9975e7cfc3f574fc,139.9
dade53d3190192887535ca1264cd90c5,139.9
5746fccbf3921985147d1e85140e0e2d,139.9
85658e819287d22376f98a5318d4fdef,139.9
0b8d2ad15128237bd3cd846b803da9b0,139.9
cb8a6aa2beb0c6cc37ae74a14798a13c,139.9
4a293f5fca6868a2c0d69e89494dafb7,139.9
5bfa69738c5ba07dde7bd439f8074be2,139.9
a10f8faf57b7b124f519ba279f283791,139.9
7b499c7dbd0d6d1cc3c4bee26de8821c,139.9
9da68c26e694013eb8889cd0a24e3729,139.9
3aa98a0dbd145c27ee805e2f62a3df8d,139.9
e9b488a1f1dd0ff995f1a64e87026fbf,139.9
679b52550b180e159ebaf811fb542de3,139.9
2aba5a3c63d560154bc75ce4f52ee553,139.9
e42117207edd780c43fa5ecc2f85c406,139.9
a43f1d2370a5a5f59437fb8a30b0cc81,139.9
e23daca049a52fb8f925cd236f37283b,139.9
94a292b8351222b8c21609a7c1105ef9,139.9
93dc216515623e3e6ff8cbe437c1ea40,139.9
783d233e64f5c36e45794c0aa2c99401,139.9
2635f04ed41ad1fe54ae175944cba50c,139.9
ff5731378cb5629a451019021cc4cbbf,139.9
61fc8e04209b454798b344e62dc138e7,139.9
8d26289d2fae953a89034bab3efdf657,139.9
ab9b1caa95d00ce50e2402a1e46068d6,139.9
176e693c03b12688d3f796f73a542508,139.9
d887f5d3f0d496a8c4f7814ffe7048de,139.9
d6cf4dc1013cd7678d71fa00d606d2d1,139.9
6f6902e823f6258c17980cde1826c420,139.9
e76f777f29e83b393d786accf49e7955,139.9
a5dbb47a11f753332945a2acdf6e84c8,139.9
064f9ae5ca1199c397a8155b2338783a,139.9
9236acc20ee3f4564f40231508ecd25e,139.9
a0822dff344a63f5484f6f09dc6942e3,139.9
c6f59fb9f287fa5441ef584b503fed4e,139.9
b4f98a2a8fcc3ce83778e182b1560400,139.9
c98e48163a11cce4e5fd20b4de73dfd0,139.9
7d319cee0908bb2b366ca6d07a8b1b9b,139.9
0be2b81be62adccc0f01bd6dffb0dad4,139.9
f5dd9c33e88f071db885c5ce71a4f550,139.9
5bd0f7fc46098d240d44f74e5c4bbe48,139.9
c5b18f38bd238afe95d36b0ecc6a2b3b,139.9
d71a8cffeb2a8ca4ad2375b72d94c8ad,139.9
39e2660b6789a449d35bd48bc54999dd,139.9
28d0ce13f2e87804e85a7a2a0282c711,139.9
f11c865f25bdb3bee3e83d0d2737ece1,139.9
47c22d46ccec17dbeb4a1b4049014abe,139.9
e49116a8cbc85883007a293eb252a799,139.9
921822ed81e9c094d7908db16164a270,139.9
da820f92e794fd43b2806f52cf2f2109,139.9
333233d1ca463988424b1f6404457e76,139.9
4e839bbfb46074711253af232b429278,139.9
745eaa8698b4c162b69a731316cb890f,139.9
9003223af373afceda47a0d23b0dda20,139.9
949773df91bb741e9dcbd5a0a1849c0a,139.9
7dabb9471241c851ab2daff114751bb3,139.9
56b7d186949bcc60a3f5a730adc5fb4f,139.9
dc1a9007706c85acb1f1bc89d6fc1d16,139.9
4c0d7cf1595c2e09a3dab5b773475c4b,139.9
69a5de2d98d4729f8dad3add11022053,139.9
e6fc196ca78ced04d33694bdf30f424e,139.9
c2928a50aecf1bc4776082b13225e4da,139.9
5f9c259ba6cfe5bc61908671c4455f70,139.9
a0a7bc3b5534b1f758cfc59d08ba4391,139.9
8e5cf16a327fd2551d1a7ce0a5bd9f30,139.9
f68bb3a77af642b3618a3a67fa542e47,139.9
0d708e354668577599a4ec73b3b27679,139.9
e3e55fa35f62eea2d859f98e2317e80f,139.9
20e9296ee6e31e906dd832d82eed92ba,139.9
10cf0db79a8e68ac76562fa4d4be2e22,139.9
6543e7ae239ee97ee2f0a5b63eeeaae5,139.9
18d7e766f8591ea90d03dd350e7d9dc4,139.9
5ac92711268d4e0ec3a63f3dc96e6670,139.9
bbc12ed5c232b6608aeb60a1ffc9611e,139.9
818aaf45572baf9c377add2ac59950a6,139.9
8c474e13dec3293bb1a548dc4e4128eb,139.9
0ab3d6b4dbec9970125fb421e7d69f75,139.9
dabce7e137934de433d062eb02ad15f3,139.9
3d7eb40920458b74f2ca6f56785205dc,139.9
f56953e513949005732f41ebacee1aa6,139.9
89a1a3f72e06c63bae4a7e9f830defe1,139.9
c2c1b23dc2866a7449bdfd4cf6123e81,139.9
7508cddea10b3c5050b657e1ad1d6bd4,139.9
c08451aea5147d7bfe2f21b8bc444d76,139.9
dccf493f361140030072a818e8f0bb86,139.9
68648ee2755091f79fe88e87b8cd8622,139.9
7a40fc1758e9b16f982192f2ce2736ea,139.9
0223eb5be9da5ae975225c094452c472,139.9
656f2af665dcba7baee530ca3ac749e8,139.9
1ac30d3d231e7b32f3c8b1f4770f451d,139.9
d433a7052842b27ecc5ff0c94c3b70dc,139.9
cf59457e10b5553577503d3039b1ad7f,139.9
b012fad340eb3e8c7d7b2b193be76831,139.9
b81903860cd300ddda44b87124a88002,139.9
47cd45a6ac7b9fb16537df2ccffeb5ac,139.9
5cd8eeeb16e8db00d36b21d29b616276,139.9
502bb2b647bf2cd2b55e73381cb9699c,139.9
1b0c2dd1418689199f6f7332f7a96e26,139.9
1b4561197d2ab1ddbce1ed27f3aaf25a,139.9
3c91ba1942ac3625e57ca5c023ca2305,139.9
f6fb4ed5f9a3a545a5203054679bf2c6,139.9
06958f45f5a2881a4e60eb8f7283b2be,139.9
d6848f1f7a01a0518dbd1b7ef9801733,139.9
b835dce98400fd0669dc5756e8fabb42,139.9
7bd0af82474427b2e49a11e4da31c462,139.9
5b88b885457237b574a2496d634bb905,139.9
c41355e54aad18c85073d0c77dbe29fc,139.9
ebfd23469617d06d4537f338cdb39cd5,139.9
5ea2072bf6d8282cf452c471506c54a3,139.9
c351aaba4a76713be694a6f8696eabdb,139.9
ac0d00f96a6aacf450f7760968d811c9,139.9
3c37b657b1ced423da2197f90b1c4c5b,139.9
28ac8b8dd09f1c2adaa780e8ae3897ac,139.9
b1d8402502c16ac1fda54e0b6cd42549,139.9
215ecd6d28192482775b68824432464d,139.9
c11d593808566de4220559b14b75be36,139.9
a92c7dc386e43df776cae3f8c5bc3d25,139.9
6c06d044bd00f13419b2e34b2aaeba94,139.9
65d6c19036ee72ecd69d4e12ac643fff,139.9
150c000d94442e397f21cc978f925d40,139.9
873a279604826d4d7d043ec018410c14,139.9
7795ad64f8c82d9dc38060df2f3ceab2,139.9
96d3fe655ac136a3575eec6f7bd4d698,139.9
4bd7db55d506dfc2a9fb48af0727e7dd,139.9
be458a0bf361768909f847b9bd54c8ab,139.9
b8d6201394a9836b34de56193754471c,139.9
e9e2fd0dc6e825e6ba932afa33273551,139.9
961ab7d1f30476935fd856403381435f,139.9
3fcecbc27a9c9d1d71c2e0297689c1ac,139.9
2e574fd43d6cb5030236f75ba2e552a8,139.9
8621f4013557cdc559fe3644b5bc34ae,139.9
990b35fb87a1a6c60a1c676cbde1b901,139.9
559f9d302aa523b2dd718e956f248db5,139.9
9c1b5cf455be52ece5a16beead2e21ea,139.9
2d7ec557413376c4c299fbe64f6868a4,139.9
a3481522539266ce67d71dcb43026612,139.9
d9a14369332805c9204ffce41311e330,139.9
8c1c0c6b377c877fa3f5323aa147029f,139.9
3b1a260815b673185573bec5daed5853,139.9
b7b76a819a2d80afb942bf27080841bf,139.9
7c94ad571958671ff59db977cc541007,139.9
675faa6353e08d4f3509a628596f65de,139.9
421b26251df460215626e527be273792,139.9
12c4681e232d47d03c141538596d252d,139.9
bb2b8b9b95fc43819ab3ba6c5b6e3fd2,139.9
6f1d018964cfbd92f7b155ad2b03717a,139.9
0eea352a2fcdcb5cfd85ad85f9f20aac,139.9
588ef0ac9dda15671d5b8cb01687e8ea,139.9
0e17f21d1c39581137b6cbc8d14bea37,139.9
a345faefe1c85e847d027320e7a75e68,139.9
98eb23682f18837a3a22b1c7130d6a48,139.9
d96e56d19ecb5dbab5dcf308b5896258,139.9
3a8bf5674f0c38317b6a5d1c74d48458,139.9
d67e9d887acaa9d486406b55332f1f70,139.9
9f14633b2ed1374a45f4b85fd4241b4d,139.9
a751b57dd2b8363edf70ff739a358bd9,139.9
87150b3d9a793f5308d1f02a4a9a29a0,139.9
1ed42bb6bf6c4a6dc85a7d2a48f209d4,139.9
5b97e86cf344fc8159321fe9a84dbef9,139.9
9ebe376b5d3f517c3d18461079c1cc4f,139.9
f205274669193512fe69b7bdbc6dfe8b,139.9
441fbdd88f57c1f57c86c9d782fb09a1,139.9
c4bbd74031472c6caa3e0b67b86bb256,139.9
4a502d5a28b2fa68c06df518a308ae75,139.9
03ce4fbe5fd3c67bfa9c7b6f87dea760,139.9
bd3fc6f52431b710a9344958480be7a9,139.9
f08cbd00eae908d02c0c4984598f1d2e,139.9
0522e1cbe0a52204989d044e4d31fe66,139.9
0e3b2ecc8d50d0c212672aa10520e74c,139.9
ce68080021ef47325b14cc7acd673ab8,139.9
ba96c32ad232594262e9012eb3494502,139.9
d63ebc611617ecd6acb37f274224062d,139.9
bd08dfed0cf17e30968943b497ef14ec,139.9
d77ebe747b95a93530d2b99f2b2922a6,139.9
da5bd8e328c797b2d8f4d7199d5e94d5,139.9
93a991179d5b741e60819f8adc163df3,139.9
cf0ba861eff63f6c405f6baf9f06fe76,139.9
fcdfb1e9e79363aaecd65e096d0a6b74,139.9
9f5492d11e095846e5c39e55f717c452,139.9
09d9f64ba169a1b0e2c8d9690ef483c2,139.9
d5121cb42f70ed9ce2700cb9dfc5ad47,139.9
b3f260b31b70c5fcf87843a23466b2e8,139.9
3484006d8f49a3517029356d1d1cd215,139.9
7be5a334c8077a07be8f4255cb76ebf4,139.9
8bd636e3f2f38a8842f3d2cb1f68e5e5,139.9
1a9539bf502eca6d99aecfd13c7cc0a4,139.9
cad00c68174433c042bd102e1dcdc31f,139.9
7407107aab79b2f2f2ab0bdc68c948b4,139.9
8bb32f7f243ae653409d4aaf8aa66afd,139.9
8790cf1cb7ba8a4fa434bea0529d1c54,139.9
96f0f6cf86a7922f66a58ba8be3c1eb4,139.9
5627f4bd835bdebddbf03ccd77b117d5,139.9
6eb3edbdc2a204333d563dd147a09c8c,139.9
8b880ab73383ab5b2d89b1433cc10883,139.9
b0f4495f106f5fcd6cf25c48fd34a1f8,139.9
9e9880f137c3420ef35b5e1a43622e0b,139.9
684081f8e0d6bbc105f7a210a8d80d3d,139.9
98f485515e575607a8003b17e91990bd,139.9
61011b38e0c96a6745cd20950babd60c,139.9
47d5288ef362b3cebeead430d0fcf9c1,139.9
9b5af827b98640ceb1b528f07e0ea99b,139.9
b0d76aedeacafea1b1827b55f6dcdb86,139.9
f8b6eb66343026ff22458094ba2faa45,139.9
f2fd5f74881dfb8d8fd5e0010a0b86f2,139.9
e3a6db008946a77ab1ab55efc3ef5141,139.9
3f62271cc144183c56e7db438c8cba08,139.9
c0ff1e29f4d781683beca18200983257,139.9
9786febe4334aa427c23284149ee0912,139.9
ee6100728d86a653a0b865b4109b86dc,139.9
2037fabeb61ec611127657814c6a8a00,139.9
839c458c99f7ce55009781ef0a7b3300,139.9
6c35c047c1722366ee705c6e73847f80,139.9
6778ad70beba8e6b7e8f7fef2a2299de,139.9
616328acb98ad1ecc08506ba227fe9d4,139.9
848e93a53b21fd9087eb70bfe6f4d3ca,139.9
7676dcc955231ef8263c3de86bdc1ab1,139.9
8219ed06f16d11e061ca521bbc175c17,139.9
0e97ad6542c12412f0324dd07cb0daed,139.9
0f26de186a9840155f45c0a930f78dd8,139.9
1d9dc42c96752b27f0fd8ec4a07059c7,139.9
e03505278b34146e87c0b4eb41e4f082,139.9
68b92de9c42d4391b14d2889fe20cd79,139.9
b8cc34ec09315baecc09dd7e6a3bfdae,139.9
431aa8450d30ae25badcaf4186f88281,139.9
fb04e5eb553d32e040a1a83cf436a65c,139.9
8f1b17cf881a26cf3a71c0e91abab13f,139.9
604fa1090b6598592407c18aa0a31b5f,139.9
6145a1c208d95c11171e447c4368c855,139.9
bd3db989ccd5c565f4b708a39c0d14e2,139.9
ba5642b730704dc0f74b7cf715b41ed5,139.9
ba3d90bfa6b7848fe808642eec413a4b,139.9
226c533210b6fceb3ddfa7027f0c4df9,139.9
b3d95ced976e3195fb9218d0852eb885,139.9
79836f353f3bf93edbfb6145332ec447,139.9
0b0290e3b438fc7f16a9b256a7409bfa,139.9
b2091c657df9c1f4566e2e1c2656a13a,139.9
6f059b74889de64d5460dd3165feb0a0,139.9
17856f540114d991d7f8576b72f8efdc,139.9
ab521f20fbe5728cb41ce5a50bb1762e,139.9
035cbd7a946d33043056a4fb2d685fb4,139.9
ddc516c1e6ebded0c74cbfbe34f1269f,139.9
48dadfa44aa7911b2840495a44d46ad8,139.9
28c28a770c60db37d33d17a2823dcec6,139.9
b6cd6b55b4870f765704b5dd17285430,139.9
f96edb3f641399cade279262e38fe02f,139.9
adc6fbf06bb6d3f2e94e627158d44948,139.9
18fa70cafde8f76c4d24f23f5002e00a,139.9
b43b66d0bf62b519a78dec638270e225,139.9
c634752b39f45cf4ea21793800be5de2,139.9
b46f53945d890c2f7ab73763bb6fca0f,139.9
eaef21c024d74335f9cce35c9d96958d,139.9
9eca35b9c65ffe431d1159d7dc618355,139.9
79e58052cb3d1b4b88bad283a132936c,139.9
4da9032129660a890e3cd348e2c6fa6e,139.9
dc1de95ecee234f733b2ea358c00cc01,139.9
fada2bbe01ae55e2249d3ec874634f74,139.9
1af33836f8f47b2949a85f6f83e8faff,139.9
5294d29800ec8d04e1612cc53c92bb82,139.9
802606e1f9c01a6a675d8c73f3dc5fe4,139.9
d9ef74a91ad65ba313ff15f78c65159d,139.9
3050472410c271b388c03236d0bc6e75,139.9
5c3f787f9f65d352f896f5ddec1e4403,139.9
5c16287b152fc792ae436dfdd5f8e488,139.9
11bc83941d71647de90138579c9fc4f7,139.9
c3c26ad812d4a574aedf516594ebd46a,139.9
ff9fb29b08ea8f4564e23dac02a225fa,139.9
6de0a666300c444a5e012a952ed9469e,139.9
0c1095f12f17b8a8814c3b52b94084b8,139.9
fb23c756b7d02814a3f3a7a605f3db42,139.9
3dc7eb6da6c008460353d9a171e8fe6d,139.9
fa7ff73c5d702b41dd2f88e18484a275,139.9
805c27c95b765919bfa4d7153a30eda8,139.9
043166c34654da038d2d97c57ac27e6a,139.9
6ee76c3941b644506c8dc73861add1d9,139.9
32077254957a1045786d8999f60b0ed1,139.9
62d3c457010afc957d955568318e6d78,139.89
341c4634e0f68d32b278e42dc843b433,139.89
b4dbbdd11746e894f9d453268ee236fb,139.89
77acf6c07ec68312b7a4ad8016d3c731,139.89
8196bd96182b01ed80b2927b8a3ccb71,139.89
bd3d0f3d1788cdcc21aa86f223d60b7b,139.89
8d61ec6452053b7b174af0627f83d6ca,139.89
570bf883bce837f8895cdbfd2ebe1310,139.89
56f1622201c6d8b17b1bc57367841538,139.89
bc9496f591b527b0b165c0f8908633a1,139.89
83c9e096bf610d2e67205659d4913ba2,139.89
309bcb520bb8afcefb0dbdc3ce5ec2ef,139.88
ba15a56648e741b218314296f9647e01,139.86
035fdb541390672b9938ad46570dad75,139.85
9c218516f70c6deb239810bae75c305c,139.84
59dafb756573fabe8b9e507b2c220f69,139.84
d2c7397c64613228bab00803f9ea9ef6,139.84
15fbd33f76e4ccb6d4a8cf129f863e76,139.8
acad447a2406e2d43fad356e2d89aec3,139.8
e3e4f59b905c93ceb1f9da90f9e02be7,139.8
250a79044424d2bec1392a050b14c109,139.8
5614cf67ab985e69efafd08bd72381ea,139.8
5e57094d1ada2e661c8181b09765e0b5,139.8
b6c0aad38db369fef790e41254043f63,139.8
04eab1d81968c50de538547eaa7ce532,139.8
b768df11c1dd1aa471736252fc8780b0,139.8
dea0282651f3ab3a8621120d97f9bab7,139.8
f3875c080718c7e384875c4af4951afa,139.8
ab308900612e0f192d73e0051653af5a,139.8
bc1b70fc3b07ac60850fe4986e47e4d7,139.8
76ae44a2f3c28dfc27053d42ca2ff80b,139.8
c334c7c2376bea0710476a797ec92388,139.8
dc8c481511c857be2723f3a4c62de54f,139.8
aef4827996835761f7264f56ead80bb3,139.8
e70246c90e6f47e10fa5d8577d5beb17,139.8
bf82da04c80d7eaff5eeadbc1ddebf96,139.8
e8640461d21ee25de8988187e7227b70,139.8
e9c40158510e4577046c6a0b4a11538c,139.8
7712425a53e890f6ffcfd785aaf73f2d,139.8
a95d66809480de437e5e93ad6cda31cf,139.8
e583d14ac71d84ca68c7773687becaf8,139.8
f57991014cde59432cc7c71901b1f32c,139.8
877b18b6aaa2faadfbf88c43a9bd5c42,139.8
986abe57dbe26943f44426f181227fc6,139.8
a560c4900787eeb530847c4006739499,139.8
6d71a473407ed039ee5d203ac45ef151,139.8
d575e11a6155f00e7dac21ee59463aa4,139.8
02f168d7655c9268a8a7aa7dbd515c11,139.8
45f416cd82ad9c52c6ed085aabf3f203,139.8
cdf54352d65d0d97dfb6064f119af75c,139.8
f32407d844ff78bc0f0041b5fd29c1d6,139.8
0bf3dc9afa5fae5365b7bf3f44904704,139.8
9a29aa642b3884b48ea5a04729ae703c,139.8
adb4b9cd38cc8cf96110b37c02f7a739,139.8
95c977354da77e673421a2bf0f4871ab,139.8
e4da40842c77acf1d600712d8ddff94e,139.8
6ba7e84c04186c7d84b9c549337ad3c9,139.8
e117a1572482e4564d02760fc7d18aca,139.8
49d060225cea4efaab0882a62cc3997a,139.8
89e67ca2edc02e593cb7a37cce12c705,139.8
74e8de453fe87c824a4e2c3c69093b12,139.8
97996cf8de4a0999ad9ffd8a65c2f697,139.8
0c89a9e6294064d33266e47d26e79f15,139.8
cf93bb457c9af40c84cfe73ae4723fec,139.8
6f7ed8a8514d8791f26e4b919cd28d4d,139.8
5a16b379b53c2a6628ec9dfcc218bc63,139.8
7beecec5f95aaa9421845a4c79a246c4,139.8
013e5c6a0f2d8fef75ebb90f05b0ca59,139.8
e30b9a646ef5cf66d213d172db4d402f,139.8
b0611a1d4bd46ccceae275caf19d304c,139.8
4cee3893b1b6c2163c3cb0d202ea8387,139.8
df3450e94b312b2a7ef8517bd09a52f2,139.8
4f4ed20c56c49d645e19d6e63e37517e,139.8
5aa3cd667f15ab59d08f0467df70f7ae,139.8
66c15b77e666118d1fbbca1097c231b3,139.8
be42f75f109a91a62d487847c82d7eaa,139.8
87625e615967355b18866bfd41894377,139.8
10c23e73ba4e0d1dba0fcb959305ecf2,139.8
5aa8afa0ae712a56a4bb2fb070d575aa,139.8
0ec3d7fc969d0aa06a92af6c0689a73f,139.8
e1fa3e11507423349f9e0833b9698b2e,139.8
dd7c1a80971bb39440c1a9b6b814eaa1,139.8
a84711e56d7a04f229261f6c61d59733,139.8
6057b3230ae1277e11dd7ee7452f6b63,139.8
a2aeb9a5650ba6f97ebd3335cb0dd610,139.8
57c0ca1180ca7cc6d077b34a91cc685e,139.8
9e5ce657315b2bdb94033a494041ac25,139.8
d042c55565b8b046955fa68fd139d413,139.8
9cfee1a78f5e0820ca53ea2eb4180794,139.8
d98cc303c53b826e8a2187c4f04c100e,139.8
466462055d43360841cd19a81cc12e9a,139.8
b7036379c8ca6db063c7e288cdea5094,139.8
6be111f5fe0161f03e8eabc3b8df2e9d,139.8
9b89cfdb4e6c82015a5b07d0557dcc58,139.8
b43c81ced7435c5212e787b5b4c93513,139.8
d3a7a0e5d26621573e347f943861316c,139.8
a900fa42453c67e0168cebea8f69ff33,139.8
6414161f0e2343acc074959dad08b373,139.8
d420e75c9fb8c81b1108eb27bcda5aa1,139.8
0fec892bc0786b8aa341a872832a1714,139.8
91c1a9b5aa26614df29288c389940214,139.8
0d46b5f4d5aad845679221aa951bde39,139.8
f97aca2b8c62877d486e8afccaac5898,139.8
1ab6843063af57afe30595a3444467cc,139.8
bb5cc1b304adbd2fc941ff284aa1de50,139.8
29dc6045f9acedc61817755d41b1eab2,139.8
f491152c7facec74ef5e4cc2e7f86fbe,139.8
021212b1c2f127ec287d99fa9f6346e6,139.8
37a666dbb2abfacc9f41952996a06793,139.8
a0b6f2e2d82940cec8bf193f4f9b83bc,139.8
8c71a37e7ed016cc6925f0c79487773f,139.8
7b0a3a430a7e8b6183eac952df55cb07,139.8
7c21fd428a1579295cd2ba027ac639f4,139.8
c01c53ce89255b783aefd51c8df9c933,139.8
fb591f7ec5d9419e5a7de2353a87f06b,139.8
c38c9babe9e1c44bc6ca87218f060bac,139.8
df80437556165c0e8e85b84cb709e0f7,139.8
908a70e8720a4968e76fbf0a721c78c1,139.8
bc957b02880a599d6ac599b4d2a4bfde,139.8
7e81c56aeac78d84cd3d865a23c87ffe,139.8
6d7fcad42b71ecdbbb4fbac3f1dff7c4,139.8
5a191290110e4563a197cf74bae3f90a,139.8
947d490e87464fc7f56c57d24b98564e,139.8
f3e73ca7cd85db9bb9be47fc88d38bc8,139.8
77ea0ef7f3bcb00b7066ebfe8bca2487,139.8
500d19ce7db9f10540bb6a251379cc6f,139.8
02d274e6844e27614c6ecffbc7b8c7ab,139.8
6961cd49ead818e552201bfeae4db742,139.8
3ebeba9f61602359f1c6ff15d88d31fb,139.8
1cc2cb0e5dfcdc3eb9ffbbec7edb2402,139.8
7b8602bfd7410fdbd226bd6834947b3e,139.8
88bca84dcdfc1a670621824006dc792d,139.8
b22ca452dbb41139048975084d8a8f1e,139.8
936c196e9117ee83b795f8ceb31858d1,139.8
854f983619b24efc2aa702bd11f207c9,139.8
7a4987f0769f4540dccd1a3d7c6aec32,139.8
a4d021990afaaa8e7c8c41f9fe72d7ed,139.8
128dfb72bd29cd4dcc32059adb91c97e,139.8
491c7eaffec418db9bead95dffa95df8,139.8
2d6301078516b5eeb178587aa089841c,139.8
412cf6a277196304ae7644e7dd05471a,139.8
a9bb25e5e037a48e105498de8c4042d9,139.8
ff0da136fbd35fb34d88d49e88dbff2a,139.8
3e277dd291df189c1328735fa3137686,139.8
f3a9dbc025b4143aa112f200912731cd,139.8
e9c5b5a2ac7092e9cea253d18528ac0f,139.79
c6afd539f661cdf66e12f37802d274db,139.79
4b1b2e3866b27944860052d7dfd99f86,139.77
bd509510ba0e2a6e225d179fdf07a12b,139.77
58ee8c095bfa7fab72d5ab65d411c975,139.77
47525985b7fa15cc541c509e04fd10b5,139.77
45daba602d0ee2e972ca887d94f55209,139.77
605ebe3184dc4b42aa2329b78b416ce6,139.77
76b6210defacce600c169b70df4f1740,139.77
8e8e5ed96858fab2b61e16d8bce29ff3,139.77
0b88fc5d116430d2cd82962c039c3f88,139.77
c42a2f665b0a49c9428c48903a43e962,139.77
595654d4ff277b31070acfb68333f10d,139.76
c30def9299a42a45fc635a77f7aa8d10,139.7
38f1b7fd67b4c87f2b42f7956917cac7,139.67
0e27562cb35ddcd081de10400d14b38b,139.65
dbe8fae7c774caf4f8dcb30d7c51ba81,139.65
ffca23943c4b620ea24812018373fa3f,139.65
5bb539b873ec166dc8588ab1da327c03,139.65
982a58e89080cae9a8b94cde3346d7e5,139.65
862619252ab047cfee12fbe748562b50,139.65
880827853540620bdacd1d7b70d213a6,139.65
897b42a91c4c99a830882d3470ecbb5f,139.65
da55569eaa5bc38798b9c9fd67eac4fb,139.65
53b5afd7f0cb54fc2713d4f2de898633,139.65
522a6e7c1f1f992ac81be6abefa46294,139.65
6fc16fa677c8528424093b92165f7ddb,139.65
66647edc08dc0444b86bcfdf1181d0af,139.65
f9d9b073466a195f7eca5070e2aaa41e,139.65
dd9e6d0e73eaac93397a66b760d9809e,139.65
07e4bae9721bddba07155c1b1cb5abb0,139.6
fb54e4c6db413239a97873a13c366310,139.6
2f080fcf1234802c0a5fe69322892309,139.6
0332d4009fc4c2bf2cd0e1baf01d9765,139.6
fa8799a9ec64801ba2f667ae83c9130a,139.6
9340fee89818bd84d3a005f8fbfe5b82,139.56
69ad2710e68c0c7cbd5ed2e76ccf0ada,139.54
ef5334c2e6874f5328bf3dc9f3674416,139.5
75d126a99e57ae6ed59ff56708f2accf,139.5
ca3ca2d2c6dc52686fcb393fd85e316b,139.5
773032786101d756fc62073bdb3fa505,139.5
863ef3bf1f0e34cf5de7f30f96de4621,139.5
82358934501f09788dcec9c2b01f86c7,139.5
206470b6a1520866e1b6e96ad157cbd6,139.5
87bc0b31db47421f9c67a12145740887,139.5
7987b6603447377559edba58464a6759,139.49
67dbe5defb9537a94eca5964c22b9238,139.49
41453d3d3c13195c0964ae8948663b1f,139.42
8ae959794f60d02d60abaaeae9628760,139.4
0742a36c7ba2c76b3326f3d6acd9fc7c,139.4
ea7fb73adfd3143b75ff1080929c08cb,139.4
6f2424decc3bd68aee42dbcabb162fd3,139.4
f98fcdb5744e97037986b4c982b142fa,139.4
d75b9db917b3486c58876ce6ebe25746,139.4
f6dea24b7bee9897f6903fea35390544,139.4
c50a983bbba0fa121f0c93886dcd5915,139.4
6713a9e3f88ec51feb6aec1ce3e8dfa5,139.4
68d8144a07678ddc6c45bf0af744e865,139.34
8fef8148fd648f77be4a984500912912,139.33
da191fe6327a85f75e72cdbd1c616784,139.22
5717749da9b76db54162b8484a7b6477,139.21
e8fff6456a357707eba84dae9ef01dd5,139.2
e23cfe8665fa4689102b0717aa28b50c,139.2
0045ac1c0957bc92e109f71e4941fa49,139.2
ce4cb710ba906b8b905d1f9451f7797d,139.19
a32b6f71f1fab7f00b04a1e0eaf34e9a,139.1
f51f8a4cd6cc2f05541f5e8097fc444c,139.05
4b8217e87c8c8e243512a752fa2f1da6,139.05
22830823ff4ee06179343e49ff7f26c1,139.0
ba171f821800a7fdce134cd8724c38cc,139.0
8d157f0f4712e2106c44d2bc69e23567,139.0
f9571e20983191e5d5d13f9103581c11,139.0
41397863e4d52c8b25203f276d95cce4,139.0
507fd1858c4a4323ba84d2d884273832,139.0
fe9aa4a491ad6ee6219838c567fa3221,139.0
425f6c6bec6f98b846413490336033bf,139.0
37d096f38cac07f3f22df9b2f4d99302,139.0
4119037f72479cd570a2419dc2fd9b81,139.0
b04337a5939fac7b5a29dc741c51e8de,139.0
5c52e49d63df1645b3e2340ea8c29a9a,139.0
98261b9ec4a93f00af07fb130ca45f3b,139.0
0165051ac7514aff1b132007d915622f,139.0
fc408dfc94cec2624976c8c0d5bcea86,139.0
5816fca433ad77009526448784035891,139.0
8c2ab5cc22ab03b6c3adaa5f1efd5989,139.0
d99e101fd894a11db5843aa5de2ca8d9,139.0
555cc3325655e6de190f2ecebf14110c,139.0
caacbb68ff2f575e2459197441daa867,139.0
6a27915065062b0198e238306557f2a7,139.0
a373b0a9df3236a0bd069c9a01922713,139.0
16fdfe3c4f948f802baee3f32d1f99fe,139.0
c785a266d296a639e09081ff7a16a169,139.0
00d1bd043022c327bc464ded6b731f4a,139.0
dae98d1b8ced3ae53434a0d8715f818b,139.0
6e20e3411f6125ce6341690687c83fef,139.0
bb715c9131b490ed9aab3540cedb7608,139.0
c1940861d8b883968a7395396874df95,139.0
667b5b2ec3ffc38456c616b28951e49c,139.0
6e0cfceb2d49f48738767d48272a8ea8,139.0
527bf037fd84f0b73622f6b4d52771fd,139.0
236b941b765ca60044a5d20c7442e342,139.0
ed40897c76952ec312c2d26736d33b11,139.0
abd05c068df0dba58309cd1f3f85d652,139.0
735cdc6f61c25a60d0c9436b6205eda4,139.0
75b8fb170128aac9596ec842cf844c23,139.0
97396993d63e820df7610ffaa26f14fd,139.0
6608dac8561577f1f1a18ff05e9d1dc7,139.0
e3d5f8908d3b4fb38cb028a3b8849966,139.0
41d6eef6ce1a80013f40a19d3500269e,139.0
899b9fd41967382bf69843cd2343bbad,139.0
c4aef2591cc55955459c2c4376ee5a43,139.0
079954fc02a0b0ded54465ecc1f1e6cd,139.0
aa62a16b10e3fb24ecdefd7e4dc3fa65,139.0
fe9d789522315169a83d6740ffb2117d,139.0
85db54b09a38693e4c2ce4c613ce9ee8,139.0
4cedc70e398faa2ae5e711c53c31d7b4,139.0
6cd0023a7262f2b816862e3107508624,139.0
71fcd949093b2edcbc6486ff22de8dc2,139.0
20c34b5bdcca9dc3e5d43d3953e02de0,139.0
521aa7f67815ca2ccb46704be6095b68,139.0
585ea62b22e7805f0300e27a091c9d52,139.0
ecdf8a367907e779938b1b6410c45824,139.0
1e3cc418d008eb445aeca1e65fe1a9a1,139.0
1a19124c6250a1dd852aed6824b9bac5,139.0
0759284165b6a48d477306b72b1ed8df,139.0
902dbd012843fe49743fce302a7765fe,139.0
315ddf3319e828ec1a76fe9fb3b4797b,139.0
9015549e1e0438244f52123c59498fa6,139.0
da1458f8b69f70d86657fd60c7304b98,139.0
eace6dd8a0f090e33030802dece9184d,139.0
ad842d5f00835e547a2cc4c3867b7ebb,139.0
56283bef437a7c418696a496c73b9a89,139.0
9c0e68320c244cf91a86cfc2602ed325,139.0
addf5a1241ebdc753159a4599bf6a712,139.0
cdf31148c659090167c2868425d2a72f,139.0
4ad4f929392158a3bb76b3ec02a751b2,139.0
4298216f047325fb69c2e6bf63e99c7b,139.0
7f8a1c90d9ee5773dbbe0d70ac48b7c9,139.0
4acfee94a454cd67ddd87987fca05d48,139.0
176dcd8d432bacd4b0048b3b370f2e8b,139.0
170d57b7b1038cf7158b12025161b890,139.0
8f035924e913eacc68abf78c1b4dfe09,139.0
a3cd25e77a52347467f8af69e01e2f1a,139.0
917abca35fa6b3987e391741d948bac7,139.0
35b1a3161577151979b495f826641469,139.0
289ddef81062eb0bcc3740239c771fdb,139.0
24562eac37931aaefdc9e16c0bb0a988,139.0
a0e5d53655b9f400cffca490636e2fb6,139.0
c6442058d54408d422443ed346fac6ff,139.0
6bef26f5ffada3596c2e922c09a648bb,139.0
9b2ba7cb3cb15bba2ada6a34cb7188ea,139.0
492b8f095527d8bfed2668e923cb83de,139.0
632615afeadba799faf8226958a2eaa3,139.0
996cc20f492fe7046b8562c4526f345f,139.0
1549c31516b7eb9e9e6f4dae21ae3f6c,139.0
b2d9f8e504f557a08b70facea3e5e167,139.0
d34341f5b5a77c0a6af01365d9608371,139.0
2aa78400cf7d2609e181823a1a8b6278,139.0
15b682da279b92ef76cded31d345176f,139.0
c6cfc67be6e0e9cac9113fb7e5be0f6b,139.0
541bd8b27db2fa725be753519ccac60b,139.0
bb308532dc44f5973cd2caf17d15bd8c,139.0
131ae605cc2534ffa8e03fca81c54d3e,139.0
11da7ae61e194967bc6225ef4a5022f6,139.0
95e27d868269c41e9785c6028f1cc504,139.0
2abb163a3747d41bdb536e460f40deb4,139.0
33245095f70ea953afeb2b688c2ad210,139.0
4db0ecd4354b4c7042b9c913bdd59b77,139.0
87990b89093037efada2de89091ecbfe,139.0
45cb012906505930fa83d7f85939a7e0,139.0
8f37482013a6566f7d5610c5210a096e,139.0
7c39e1d850847549a7364245d341f35f,139.0
c41b61f4fa5e1b61423373c084975a1c,139.0
a7e11431c16c7321b2e8470daa9ff7e7,139.0
62822a707dcdd344bde99a17de154224,139.0
55521b1f0b80672b3c61939a06211691,139.0
cd4770c383b9ca3fe4a43d4dc3cdbc41,139.0
5b1d8686db6be9b73f405abac870afef,139.0
1c9b6c0b6dd182d22114cebfb353d8a0,139.0
1ad1f7447997c496a5381aa0d762a7e3,139.0
c3d2dc3bd2201a26de36bc82a4b0e3f4,139.0
20fca1cbbde1c5961b0aa5abded48c51,139.0
61acdc6986a8643e1554c395a2602779,139.0
e46a954e026813d17a304893da1e0862,139.0
d0e3351321cbbc1e4928cac9201c4729,139.0
2872a928c735de2b583371e7b3b37dd4,139.0
ec788a391fa19619a1ff95e233e1b17b,139.0
55f0985ba53a063474c1257047821878,139.0
e8e36e3a100b426aed411f2a8f8a2e0c,139.0
29f0540231702fda0cfdee0a310f11aa,139.0
0edf76acf81689f330973dd29c6e2093,139.0
a6fae606c87704bb4b297ba5e3b4161d,139.0
c6cf18b71c8f0e99e92df766996aae66,139.0
e8c4c210ad973d32a51464962e2b81b1,139.0
fab1deb9a9ec207df528ba82a18d848a,139.0
32c002400131fb12bb89799af9afebcc,139.0
f3e5a5817e1a67ff1a883606d5321b01,139.0
8e3ebdd71a4e6b4427438185ac38f596,139.0
a9bb7262db7f75330d596923bcd27be9,139.0
a54aad5eae4138da92dbf946b7f71531,139.0
7d4716432442c678d536d1d5eff97d97,139.0
f19b59fc51f101023eb15bfbcca65f31,139.0
a77f4a287082ca57b574ecc1f2685f5b,139.0
2f73503d3f3d923095acec18ce04c30e,139.0
b847591bbb185e19b327768d78af5a2c,139.0
0253a59a3f1b966f4ef92ee44336e585,139.0
b1577fe16fe26aa3e120b750bae28cdc,139.0
b2706ca3ca9a2846e387cb6ed9e74c5a,139.0
d595b92f8ce23b99619ff596b8d5ee3f,139.0
648e9b8478021e84252b8930c9d93a64,139.0
744a5734ea69601b880719ac40a5a50f,139.0
6f67142db4b6ec414dd624724b738f3f,139.0
2153cb587e3b6aad494beb2b208e10fc,139.0
f37fb2c140fb551fdb28892bf23f6146,139.0
64edda72abff7c840560d17937128c6d,139.0
145f93b9592c03d9d7dfbbae7e80c6f7,139.0
e9185b3210712b4d59df466551941825,139.0
e826899b27fc36edf4c85c9fd87f16af,139.0
f29399e2ba4959552fe86d37c46bb8ea,139.0
2da1ba0c63163f633ff084cd90fdcc25,139.0
d1a06aa8c01856b012f9cde59c3c90ba,139.0
a93aaf1f50fd874a8d2cf3413cc2a9f3,139.0
b0669f166cacfeef78736fe97ecfb657,139.0
839e0b6ecf44591f3cb20e0e4f1352d1,139.0
bdb70e23244bbca569252010f16447b1,139.0
14e56bc25680b431575ab69186e8303b,139.0
4b03aaf6722747883384c563c62a4720,139.0
78e0ffa402b3adede5ccf60d0976f89a,139.0
d57859ffa4eb04b3847a118bcc5284ff,139.0
a7b181108ad1e930bc3e161c9b60e9b7,139.0
985106ebf9db15b5b9519021e22af000,139.0
9bedb2b2aabcd702476cdaabaf178ab3,139.0
f89c1a6b9c966869e441e55bc14acddc,139.0
2918c7b5c1e83c25f8d09760067a86ed,139.0
35efe094e4bca7a3e54f93729eaefb87,139.0
961d8f488fd6ef4865acedb34a9cecc4,139.0
8dd6dbd5b96c1763204a1b708ac94dc1,139.0
3c36eb6d59869d20b01693b3523bc996,139.0
969d8a95fd033aa0d536264554d3a31b,139.0
20db7b93bdff3c98f343fa5bd139f85f,139.0
5e02cb9fb59349f6b16383308517111e,139.0
44f0975dbd512eaa8cabc7cd12b8e99f,139.0
dd085b75561b10ccba395d6069f4d5ad,139.0
5c5b9435e0b93f50915bf6506ebc03f6,139.0
61941d2c8a513b8b5bbfacc441fd9333,139.0
4daa0d0981e9d618145125161e32e609,139.0
25e7589f237d62942d86d3ba4a213bd7,139.0
cb6f374f4e636a14299bf465d2ee264e,139.0
0ec60d83bb2743741cbb96d398a0e505,139.0
c083986c66490615ddf569438d975712,139.0
6a1dff9c7a658f9ff8d0381334e0390a,139.0
91f2fe378f8c723cbdcc798e3164c9d4,139.0
d643887849516332544a149efd961b03,139.0
4d24fe94ae4785cfb2ccc99c7e6e310b,139.0
5c84a8216347ecb5dd3f89878d453966,139.0
68a0f75ceb8d5fe2ec088e848315108a,139.0
defb0e897773c014ff9bde0035716325,139.0
95ae8f8b2660ab72b433470f27396a3f,139.0
6cb393c4edd43586fc9eb664579e6622,139.0
a33988fde632872a5c5458823b9c2d01,139.0
2ffc1f71cc3fcf1f2baf2d9ebac6b29a,139.0
62db770757572d32da1bffc3b7d2ae10,139.0
15652e306d7c3e9098df857da0db3201,139.0
822a6d94daa01784546c234b769fa0ca,139.0
8a5d92601125597c036996e143bce494,139.0
c0b14a9776882d6ae80ac4db31ef2172,139.0
4d2ceb17ba908d924678476c38dceca7,139.0
94ecff39a1976a2109c62957ccda22f1,139.0
8900bb1e44ca6429bd3cb94995c4d99d,139.0
cfda40ca8dd0a5d486a9635b611b398a,139.0
1249530a0d9cbe688e92297163ceb575,139.0
621842279405f3093b306962d1d55a4f,139.0
f12e6b52ea56e2cd7e96cad489976ff5,139.0
d4dd8c03527a45f25fffb55a071fdf21,139.0
67d488055120635ad1e8f3913bc980a0,139.0
25b86c80578b3a629215a80564dc8896,139.0
b430789bfe8fd6a8ce1be69cd5cc35de,139.0
0f7efdb333a017bc95a8e3c0a930a432,139.0
09e3d637b4e4aeca1aee39dd87c0ce52,139.0
06141f8e944874ca3909311c370f2830,139.0
2467f4b55c35ab6b015f09d0312570a3,139.0
e0cb06a5fc2c774c1e32318765851dd2,139.0
215fdafcd664294d57e811905a65db19,139.0
c87654c6c5492c2615a6c135b017bccb,139.0
e6509ae83c3040ccfa84840d0c250d17,139.0
6f0e095f81fd43533c2baed64a7e9f50,139.0
cc5a222e7e65ce155017bc23f7327b27,139.0
27e82f4eccf1fc876e78a3c189303f80,139.0
865ee1fb8ad1d078203ed382830c0e07,139.0
f6365c594e14b2f842241a4845631c38,139.0
4ed298b95353f35d266831f8944d77a5,139.0
36b9676e6379e30a0df0cd7eddb48c2c,139.0
d6c5e3efecf1ebb34d1b7665db05de3c,139.0
a3f635854bf35a6dd0eb28c5bf205147,139.0
ce7415c21823c7a96d8f00f437557106,139.0
70dadbeed0be77f34405407a8f5b1024,139.0
0d24fa93132859e352e09be4add9f523,139.0
c239969d43647ffabd4ca8db135b7a87,139.0
68747ad98d585dd1ae34309d02338c2d,139.0
7f041fb8c11ee3f2d1c83b19df33fa35,139.0
cfe65a3ee75686d0ac417375b2d33d64,139.0
48de5b946513fafa92ce12456ca56627,139.0
173e7153a2524e46e9273d7fa559d42b,139.0
c2ca3a2e9a704a2245f1a92abf462ff3,139.0
bf5063c4f45464200ef0510c7a659780,139.0
6906ffafae86e29b5702189e0f1442d4,139.0
151fbaadc520b0f6a4a96965dd393a24,139.0
24b2afaf0a79b04374d8a7e0fd6bebda,139.0
6d26c6abae432e3e8cfec8309e20ccdc,139.0
193bd4ef43972b424070d98c008910f1,139.0
aa0533eb31ed3be79086f11bb2bec430,139.0
03bf8050d93c13d75b4e5f2bcb6f41f9,139.0
3cd3934aefffdfaea7e25af854533526,139.0
52795c832b0d1110c039ac511aa5e5f5,139.0
4e79b9838e9e9bf470ea2c60b5ca8c5b,139.0
f49349e32adfe9a9a41a136aabe1c8c3,139.0
a5e7ae88f3b312ffda6e89e6723dc4a1,139.0
f46cd0d55f9a7374df0fc224f138f238,139.0
35e44b2134df14f2551b361aecdc47ce,139.0
13045d129467e3098ff5b764fba0832c,139.0
29706dd8a6c7fd616521a0d9611316a6,139.0
9a6f6b9c441539f00a707301d09802d4,139.0
de773f0763895b484c5b5eb51f63d633,139.0
44d1e5be01114b520202814589267106,139.0
a4baf842746c9b377c5fe5ab016996b7,139.0
d2791613005cb0e44b5732c48bb8ff42,139.0
e04d7e850a68d1bc6dd43fc04cf505bb,139.0
59d0d3ad82b0291c4b095f20cb00569c,139.0
6ed3266befbae92b0eed83e8bde7ca27,139.0
d260c19e95d0f5ccb3b112b787bd61bc,139.0
fcf29fd085c55a85aec0ed8c7ec0db9c,139.0
cffb78db58e0c8f599ae18ae859f9a31,139.0
0cfe7792c4a6d243bbd920c0d71a9c46,139.0
970d1d8e9561b6ca86619acdbb7ed338,139.0
7f4f922b7b111237fc0e33a6533773df,139.0
08c57266985b0f9bda94720351457be4,139.0
0f3303966706b6737bc7a6a198d9caef,139.0
90c953f93f2106812b1547d61fb96494,139.0
e38db46321e8a8652cba6569860e5902,139.0
4f28355e5c17a4a42d3ce2439a1d4501,139.0
468fff96eab377a97c5bcf8f998bf2c2,139.0
bbb9cd869774a135413dc0aa80e698d6,139.0
0d29b43096b135fb39b1fb2e6bc1c2a0,139.0
e8acc4b86f8f111bcea1c218a5c9bb8d,139.0
144f48b143d176dee413c191dfb62ae3,139.0
4194848ead37f7778bef2a42bcaa4f8e,139.0
ad8def83f5b550a3b6e13f1ca084a6df,139.0
c8a712693691a5b46fd2d942540b36c2,139.0
b809f3ddc7909525d24c851b9582cb47,139.0
fafed7d5750e87b22e2c499e8f9599b6,139.0
5664095a14e3730b63cbecaf09649cb6,139.0
3e6851d683a6d2eb0bd91fb797ac8c4e,139.0
91a6d980cba73daae8c44f9dc8cbf87c,139.0
272abefcdb7e7438a251e6c92f1d5873,139.0
3ae98ac231e3e2df7ecfac91f184b626,139.0
f1176be13e903804b551776636647c0a,139.0
3e71f7d5a2ebcfe9ec526be2f88fe747,139.0
bcb0cb957b42fb885cf27294430be992,139.0
fcaff47094a7a066b8ea51bac7eb2d88,139.0
5e56866794c71350af872dbc88396e6c,139.0
2e8ef8c092d86cccf757dd9133e8dad2,139.0
51def764e5bbf0192ed1d8130cfce208,139.0
d268eb5ab77b7f0837b538ea3856884a,139.0
c96df6d3deff85d63641900cc83bd2e4,139.0
f6f66dd6fa586fba39dc2484d0ab4947,139.0
f134b34785e8dac47c9ef048c49f0916,139.0
0b3c2ca66f7847699dba330aeaa70690,139.0
8df8c71565b1b7c5d8bec24a7052ba2d,139.0
d7f396c0e3a3b362895f12f2163fe4a8,139.0
78a82b5613bfbb88286981a6a5c24ead,139.0
ac3fbd5c32d374ded966a98ad7ed07e6,139.0
5172f1196773bb1f6f912da9c64facb3,139.0
af7f6c91d4cd411589ac2e001c331dc6,139.0
e6b1b2e9d776e6657e9b243fcc56502e,139.0
85332b37abb410374a7910d6211e91d8,139.0
454e6236785cc7789bcdb331e7499c4b,139.0
ddf1bbbf6ee7a758dc41bc7cd17b7150,139.0
37c45c617af79121039feb49e7ec985e,139.0
8e518bc566e21e1689bf3f7b139f527b,139.0
7fc8ef1dd2d7ac610fde57ee0cd595c6,139.0
95285b629738c99ef620e8f7f22295c5,139.0
e216f6d4144d83b469cdf8c4acb1ce28,139.0
74b3e5226e7940426a40067ae969bf30,139.0
a222bb224f80be905c63736bbd20c315,139.0
fa16d4938e075cecd40c099fa81c6003,139.0
515e2ff4cde65f669e47393c5324b69d,139.0
3bed1a75ce48dad3e90b5c47c36b5204,139.0
f4d5a9f02a2d3ddca3595d199242badd,139.0
753f04c687e206d194a80881790877e6,139.0
e9cecf8cb178c26ebbe032e7836221da,139.0
6c84a7e4165c8c02ec3bd63f0de5ec00,139.0
cb130341d9f37ef10b77e69cec8a1f0a,139.0
58cab3af33e92b444f23b38cbb71c6d8,139.0
273e7697bb7a327a13c24c506804fbb9,139.0
bf84e9b726894ba53de7227af764823a,139.0
d8c4f44803e6a10deb628cc91e68b327,139.0
6c5c5d2e12d767275b124baf4a619093,139.0
e8c1b946bba51e3d1a360289a89c9913,139.0
579e6c506a2eb334f56576b996e356c2,139.0
57dbb262002b4a7448accfbb36ed2d0a,139.0
0f7d405173d082eab2ec926d5de71b38,139.0
c6022afbb064be6f432fcde8a15a2b8d,138.99
3ac3554cfef89d9dc27b406c903f74d1,138.99
5de65163f16a334e41782b7db3144ae2,138.99
bcf9cd830b56f139f4af1258ce8978be,138.98
57b50fca28ea8a0c5b2242e71e36e1f7,138.98
b5aeac2aa369884828c1c02a43c11f34,138.98
026ae2477af95b832998d23578eb4336,138.98
419066fc49b7dbe8e8c97ffdaf7a227b,138.94
38a82a516c3ba8e40fa79b580d9855cb,138.94
5af2a18351fbd81159881d394366f8f7,138.9
b49c8c35eff454db2be187f98aab18d0,138.9
618b370ac43ca5311d8d39d8a466332c,138.9
712d8c838062bc45d0567f4ea808866c,138.9
3d3a914f6c224c43dfb53fb6d29bdb31,138.9
d059c0ff27cf08f6d6c79bb6926c69b0,138.9
ee03dc41a3f34f6401fd3846d401524a,138.9
dd7bca43684435e7b50006a86cb05c2a,138.9
a5fa0fc7218b8e86907e98bc906d5a0c,138.9
969bfe4cf327c55f3dedaf7ba053a310,138.9
a33a47d4668af8ab6279b755180fb46c,138.9
8f0b26345ceb1dd629eaecad15b37e45,138.9
779d21ed2ce4df992fb2e25d394dacf3,138.9
4f219dce05e4878040dbfaa3308573d1,138.9
23c60a0f388a1d3c11354d5b31e09993,138.9
0e32e68dc972a0647c0b50affe1f6f5f,138.9
64938ba76130bbfe20ee8a87e78ec8dd,138.9
b41ae94503388788862a0cada283994c,138.9
4490b08d0ff0e5718711317c2ad9fe32,138.9
01eb75533d0297e3a47f6d40e866455c,138.9
fb177b79812dbaf1aa53dd3e51054cfd,138.9
884464478c59cebad4d681d3cb61cb63,138.9
043e4ab7fb6ce15a641ee24c596a1e4e,138.9
6bef722b6f3ec6e2a8b802714ebdf200,138.9
bccdbf6cda813e78a4bd5fcf7f8c09dc,138.9
251782bc82d793bfc38ff538aa37f263,138.9
b89a4d0f2743a6ac27a4393b5fb63371,138.9
bfb621af0210286456134f06b8b92b8d,138.9
74b72861a67b91be7b5c8c216b32cb7a,138.9
b28cfa829bf591383854c3fe2bc809da,138.9
76973f49a0ddace6e3d5c20720b177f8,138.9
a3dda9a3e80421c30c99adad855f1df8,138.89
2fcfbb38d054caa24f8520316d575829,138.89
235e60205492c88cd6f41bfea21f7b62,138.89
12de00e563e11d97d25becba03d0db2f,138.82
cb0ca8fe7c5ac43280983c6807cf9cf7,138.8
46c657a1c6f111a0926d6072098b628b,138.8
d60ed4f86dc65859c6053a3684d3d0e1,138.8
a98f8beee9d9dd8974996ce5f5f40635,138.6
f57cb567214570fa8f7de35933acdf5b,138.6
20fad7bda07c51e347aa6f947f5a6771,138.55
142d1f89c2905c77a85df38fb3a0ae7a,138.55
5707eae9fa7163a38f01a3147b1b046b,138.52
c5b84038071afcc85b592d40ca2f6d21,138.5
b121d308b7867f7c0aeba9ce025a08d3,138.5
c96b4cfef71ae1ab097480c18abc21e2,138.5
aac3180e5a9896effea16ed8c27d9437,138.5
f61fd1201d7b5d59ff65b04831e9de28,138.5
7c4b2901f3f6fc349e2709110ee34e3d,138.5
774858779c1de29d2be62401459a8ca0,138.5
80825fac1b288cd8a58c4ae40c66a821,138.5
6067f23d5b56e42a5a825880f1c5e3e2,138.5
125fa3d4cb9eb0e0fcfa62eeef9eecec,138.5
99813858ec519691ed3e86a377bc7034,138.5
c5013a85563e8c9067c4efc8f1195bc7,138.5
fd1c961261fb1ab2eabaad2c5b13aca8,138.5
792d60f8990ca759e432d4d95612282f,138.5
84ab0b89b5dbc8b53172eaa88f08681b,138.5
7bf41e9619852285ef47577944016105,138.4
40050a9445eb9acbd618fb333252b5ca,138.23
b29a643c63af3cf5ca1858a893cdbbea,138.2
4e8206cfd9d078fe620c0da3fc2ddd7c,138.2
d3824ffc020a43364ee0cdb7c6c31df3,138.18
d24e2cc94a4722b65c06f1912247f544,138.0
f777046b0b96f66f440c9194c817e432,138.0
bd3235c8b16f3eef2bab89dd3bce20ce,138.0
3f20d7b309134d57f870e9aa42a70e58,138.0
e66db6837953f6a350fcf30a81062b28,138.0
1584f270a914dd9195bb62af01fee774,138.0
48b1d0a03265df16113c62f570b22300,138.0
379b3766c44cc3a8b2dd64273f7d52a8,138.0
c78c34e7592e3ebcf506ddf2e0d68e5e,138.0
e6655eb60aefb0e8304f126c99b3eda6,138.0
c49b56c6877cea1d54e812b877881618,138.0
9bc32a462fa8f837c3d8a07e927575e7,138.0
37ceee20c9b4157368fa41a2dfa0724b,138.0
240f405164f8742968b0a3b32799317d,138.0
82239de58e13a902a1dd2ac7ceccddf8,138.0
46b4935e012e89972a35d8c39ed05ac3,138.0
b39a10ad4f8b0501542b837f4b6f46fc,138.0
5747a693dfadf504e1d46b358e2a9bb6,138.0
a25175f57d2bb768f2ea5ee2182cee83,138.0
39a8aef76e81e6c890bcb2350bfdb6c8,138.0
6a77f2bf62c8df424312c673f182306b,138.0
48fa9040aa250397845fe8cce75f3f6c,138.0
37ab85674e063047fd84ea82f76859de,138.0
30a92450d3bd26d8db8924d7d76bd5b1,138.0
ac9baec685205327bffcb02ff3164a98,138.0
a0a0dd13896ce11d4a9058e3e82d031c,138.0
332dbedc045320b8aa3355bef2ed5ccf,138.0
327679cc34d41d4c48ee5e55246aa6d6,138.0
f33a6f0e963962d41631564f969717de,138.0
204584adbb98b2d3c83a3552a9455470,138.0
e69d6b0170d42884fd9c5623edd97b0a,138.0
a537858810eb8ddfcfa501d1248a574f,138.0
7ba19d24f792ab4179cc00e4c1ff2ff4,138.0
12ec545e9215dba0af4404a1ddc03d36,138.0
b70e717fe0599c3bf2f69725b26fdf8e,138.0
6a2641f4a76f73594fed753d6d74aad0,138.0
45417c7ba584e71275cd7f988c71c1ba,138.0
68520ca38fc52a230773358e6589be2d,138.0
68fa28baf59e30e1b833f9a21c35ba14,138.0
977470fbc9b23aea3861a0defe6027ff,138.0
03915163a75b2905841984b17a5d949a,138.0
6b233da8495074971cae1707484afe04,138.0
94523ceafe89bf798b8bb3f8e6b8834c,138.0
c7fef5622833f398d9fbd2929c9bd3ff,138.0
972713eb3ddcba5085c76986935f26fe,138.0
6aab7c3dcfc8d7221cf7096fcdb40f58,138.0
a45b0e2ac459c0a7921a20d88205764b,138.0
b66e89cdf91390434e02035aafcf4183,138.0
86497456d79e8e74422e89ecfd8d4069,138.0
600064af2cd8f3883167c77f726454e1,138.0
bfcd6bdf7c82235d200a912a7b307d90,138.0
b59e0225e129db63977b9c728349210c,138.0
3db589c1c823079b172751f6330c5fd5,138.0
fcf34db4bf62be566ac41f0e19c1ae48,138.0
e933c6179317541b4db832474621281f,138.0
9dc43b5f2a289fa4e26d504ec141e07d,138.0
38adc9c78c7e523c4d11501c90585b0b,138.0
c30d6ff9e2fca6659a28c1c9e89ef661,138.0
166d8812cf2ee98c9ce154d2f28334e7,138.0
97375563baa137812bfe0f2b2131fe86,138.0
e580ce0715b4e85a46c690cef7406942,138.0
8ea391157fd58ef50df1378e29d36df7,138.0
b67c24cdfdca9a319e7c9e29e6e97f82,138.0
3bf70d98adff5db9b2292184cb16e078,138.0
78350701408e7391868458cfe89929db,138.0
c7fd3571ba905f15ab33cc108103bef5,138.0
1589f4bea320a405a122738de980c6e2,138.0
b094e7ef2282d9ccadaf5d3967a7b382,138.0
f96fac15ddb994992dbd5297fcc32e05,138.0
c29c2483aec7d84d37613bd1dfb86df0,138.0
1237d9f52275cf3a7396fe1c414dbe62,138.0
e9c6723e04c4e53e7e9c3afe383f3866,138.0
dd0530a5458545b42871ed1c67540afe,138.0
22c6f71e7f9441e3dc583b0ba8b3a584,138.0
a7970e9bcf747a903cb55978d562af76,138.0
750a09a70b7d253006037ca5187980c9,138.0
29a113d4655284e39b6d8f2a8badb1e4,138.0
1fd40e733da9e17e23bbfb5793a7f9cb,138.0
9a6dfbb7a20366b538ab1cbee3488382,138.0
79edcc2cbde50d98a69878d4980e5fb4,138.0
66e7c2bd54aca2f9dfed7187ef360506,138.0
0998fbfbcd689d31ddedcb38f3fd8105,138.0
707cb1c27f146ec76c4443c00accc311,138.0
004a2b3e8b026284407c620f4f01f686,138.0
ae9c29cf5f633b86427154bdd3f55c8f,138.0
cba9db4d1d1575a05da555cccd362952,138.0
3d780be456ac7e04fd6076475599bbbe,138.0
a9cb426b0db0ee6d1ba8163ac9518012,138.0
bf64e27eb5d3f4aa00b2299e43ad4e62,138.0
c3f85df1dee609015937d3d4807549cb,138.0
7c4e47338fa072729a94fc1b18e6531b,138.0
6fc895d23c35083f10fe3e3275d11549,138.0
5eef8c5a24bd948fac341c6ebe3ce41e,138.0
3922e40a232b96383899bb8b6f1112fb,138.0
80ded7f148068beb75d793df04bb020f,138.0
bee0416079a335277a9de7f044144458,138.0
e1a773b2a613cfb8be3b0cc1dec3c9af,138.0
97855fbda573a7741b13449d49a209ce,138.0
e68621623204cede934062122606c445,138.0
274f733b44442179c0372bcb387ad203,138.0
193d7079e0df65bb47766230e5387d3a,138.0
1c76b7133be1eb64e6314d5b0685f47f,138.0
126cf4e9fd189d2d64bc9b112fd6a5e8,138.0
c42fc702f762344fa2c3f3ca4bf7064b,138.0
54158244385cc06f2eeb73a94e3b2b6e,138.0
90e5ceff72c2844348d875011815f1de,138.0
1f29853d60df493b26e7ba886879afd3,138.0
03346340b055f4770567d2a28ca52d4e,138.0
a639eb942974831cb8c12bd71c43c91e,138.0
5ff80d15decad784ce17e900e5538412,138.0
b31700129fac4f7d452b4b5216fde4d6,138.0
a36b9699278f1b6a6dbdcbf92bb46290,138.0
44f5f5476eb92ebc9c4ab70c8b1bf189,138.0
37c0ecd9010b98888a02504c69abfc50,138.0
bd2e650f73a529c3dd307b6eec01393e,138.0
309a1beccf92e425e658cc2932b663ca,138.0
8f1bc05d9235c2cd8901f74410a5f43a,138.0
e174586749a453ebfddf5afd5cecde87,138.0
bd41fd4fa2730e255ddd4964fae8e06a,138.0
a39064d8efead91ba8c5e3617cf2a108,138.0
ae7c76a0d9636a9f63bd4e8b54f8ecc6,138.0
d9287300a4a22b52cebc3186370089bb,138.0
7e24ee162f84c3f7150eff630eb46a48,138.0
41f93e22a459e461cdf419379b90a249,138.0
b02b9820ffefcaa2700e368ebf3e253c,138.0
2c13b31ed30512fc84164e15692dcf53,138.0
efd005055362e06970c4f9b4576510b2,138.0
f3c2a020a7e0f738d511f27c3db860f9,138.0
15e2c54d007482bc098449b458ad86fa,138.0
ccd8e3459ad58ae538c9d2cf35532ba4,138.0
f7b4e6d3dc1e22181f6c07c25be39538,138.0
427d898b8a06d03e1e805f09d82f250b,138.0
7256b0bcca63b09f6681ed36d917aa2c,138.0
cbe4c947b4d90a9081fc935dc7a9bec6,138.0
1a66436d21ba38e8872534fe061b6542,138.0
f55634234244a7695ebbda7abd098b47,138.0
d21e2497e6b83b755f5e6f4c8d159ed8,138.0
d87f81e4338de8176d2ba14d81164666,138.0
97e0d5ec767e81e08e764aadbcb96206,138.0
1770a1b01f679a013b14e30f222910ed,138.0
360b9136547fb569745fe24b675d6565,138.0
3cd05ec631626867f4b37080dc98ff18,138.0
3d529d95e05b65b487203e06b63db28c,138.0
20f7d5a1e72cd09a5e9ef4d16b72eb1e,138.0
de481cb60487d1171ef850f3d818467c,138.0
97dfc69daf6225986f2f10cc3a1a222e,138.0
a6390fcd76757947a87b174efbee7b8b,138.0
ae984c23bb0ed564ac206f2ec57f772a,138.0
d83bf4a561c0f435969fd89129d03595,138.0
76b26b37ecb096d5cd7da0fd4fcb00b1,138.0
f6ef93ec627c040d36e4e4e3b7ea9037,138.0
033230cd77689ed3080a4d79b32132d3,138.0
d703cdda08125e2b263b92746af0f23c,137.99
0d10a0cda45ad0f4447a6dba4390b09d,137.99
e88a38745875de352d6a135b7d3f11af,137.99
a558798a2f1d319c9c8e1d2118972b6a,137.99
1cf722ec2d1f484c35c1ecfe752b263d,137.99
c9dbe3e1a4c214c3108f070b12699783,137.98
4706d0d4ae7d36f5b1c2ad217870e7a5,137.98
f0bf95715c175ad8e39251a421a76255,137.98
6e65c443e6d67127d9b1f0d14be75617,137.97
e15a69da6ddca9fc7bf178c28f529529,137.97
a71c8b5b9144227920fbb65d3de557c9,137.94
a35f4f7a7e34eb14993f3c1346434258,137.9
efc4c623964e15c1c247a2b21e79aab5,137.9
2429d9e3f4e102d447d0cecb4f39ef5d,137.9
2db3e03b1db3a836ed63120f3ce8e362,137.9
9da0a4eaab687888548003b3c4e35830,137.9
99772aa7c2dd8f667875b0769c05afb9,137.9
c56ed26e43d943b779814f97329e9371,137.9
ded5061729068b28e0efdc8ff1b1522c,137.9
b42845800e932aa00790fd8ef2bcfa57,137.9
f15ac90946f24de786081880a31b8583,137.9
a5edc7e1297118ad96ea3ec4ed031d57,137.9
4b7364595fb37841ba5515b7f7de3f79,137.9
7d6842530dfd5d6dd396888284433744,137.9
74fbb79efe8970851ed1762f096e2d4d,137.9
7a74aa94eccd47b6c280dd22bdfaa5d2,137.9
8d61d4e9db55270ed265a5def0d1b9b7,137.9
93c614a0e7397b6bf4173f3c62cc0c87,137.9
8fc9381fb48de46be39e00f9cac972fd,137.9
ca5c7d66da557d5c557b5bf6e1ef2eca,137.9
f9f0c70f7f91d4bebab7ed1cb0206489,137.9
735c67b1628759cb859e50fc525aa175,137.9
fa5bc8f480c2de2027c6f8f1e0e7c392,137.9
ea85434d6eb8e8b3acb85291385bc410,137.9
98cedac4059f0d6b7427623e3b760ca7,137.9
274d6a7e786ad9d69b87a414cd3f0e5b,137.9
faec088f82ee22f671f583451ad4849b,137.9
b3ac68842e5f6876589aaaa59a1e648c,137.9
7074b20d7eb3f9f5772cd7cb57943fdf,137.9
614e410701e4458d2fb475053d7a9b05,137.9
6bd8daf4333d1260039e94e9d1a84700,137.9
e7aa8f71ce6a66684f90103ab313cfd1,137.9
eb53d828e9c699ddd7c2c0f35a7d6a33,137.88
c832d152c856c6728494bc3290aae7e9,137.88
343b8c8b992d017783971ceb4db3ebd2,137.8
61d9f7ce8890eb093b0246f89c1c896d,137.8
a130d7c624db60ba317639698e7831b3,137.8
fdb25935b3091f24524bab7fff017e95,137.8
350de096e6fb65985ae0ee99cb2e68b2,137.8
c4a875883036b34ff4fe78e2d66512d8,137.8
91f579c3e52918f49ae6b6dc561b3c5a,137.8
acc6a0bb583b78406eea9ca0e283ee0e,137.8
5d0957541b90307fbd9c8f8216c8cf5e,137.8
be82df97dfd71eba6ea5ffd99caed7ea,137.8
8e89bdaf0aa7d88665f7db2745e3bb2c,137.8
cf25c789086e690ac0787d83feaec0fc,137.8
0eb17fc0fd65d49a0946e9af2107afcc,137.8
82f8501340d228f409a15bbb75b57edd,137.8
b628c8980981bbd641c43f9997717c9e,137.77
2f6663f8672f397e9d2c804b8f1b7ba4,137.77
bd3cc0839577a877bb6bf7a10dbd08dc,137.77
e72a02b24f008733f01b595c3b58200a,137.77
a53ec76853cbe552fcbf1e1745b37c7b,137.7
62015356bb2bebaed11bcc9bbd658a50,137.7
9fedb83ecf4fd35c0ce7e83d25035e10,137.7
14f41b6464ff102ab009a269052e7a11,137.7
f35aff4ab7e91c2c5b2ae732007777fe,137.7
041d75798215fd7ebffd6cf6b60bfac5,137.7
2cf8fa6b9491168438f09e16f82fd543,137.7
890d7395a44463957839140e1ed3c1c5,137.7
137da6b7c6f269c569e4377b37b84242,137.5
790df581ab0e398b8af6d60bb74894e7,137.5
c6dcb798b5f3502dbd1efbfd35bd7197,137.5
55c3657d0c8bb26f601ebc8d6d56e75f,137.5
9f1ad46564d73464434b221ba6ba08f4,137.4
5a520fad2773ec61cf87a9148102b873,137.4
4ddd4625fadce7b0ea6bc02c5bb84108,137.3
aab5f71172c9d9ed6a13eab7abe2b1c2,137.28
ce52946bd084285588a2d44aac2394ed,137.23
cd9df5080a35c3fd18365602a80f3044,137.2
e1ec5ddd749cd760a0c408a40ae5a4a3,137.2
a1a9b30f26ebe6e2649967b50c10b0f4,137.0
3505b6b5d1e198e50fcae66089393ffd,137.0
3099cf51ea3765844ae0167a2d6698ad,137.0
c54c318329881aa9e4ca5d8c7b2ab88a,137.0
1338b5bd76a840ce8e03af00f46bb86f,137.0
028f2ba19d9bc8715701a3b939a501d3,137.0
581ed420cd31ed56bec49cff51d2e42e,137.0
91254b187a06b9ebccc739ecc271c5d2,137.0
0bab2439d75a6b9559f2d49f3e499faa,137.0
62d5c37f279182017dcd13820676a511,137.0
30e6e854c81fa16f46a5d7f3ab025e6f,137.0
31c47eb6a649375d9b197598dcf1ae59,137.0
42fc864d451bb4b33b723bf6730a042b,137.0
f4b0eb8851d99f6697be4118cb4870e9,137.0
42d7132586f6d1b7f7be2f6d9a2a97dd,137.0
e7c857bbac41f5a5af61d63650c2906d,137.0
b724725d7ade53d1a623e28e93cb8c84,137.0
029e575b0cdb8a5696a502ed2f9391e3,137.0
f07196c2a344adfa4db6148f20908392,137.0
300b5f21e1b69c0a77295f8a85027a98,137.0
f51670c66e7e928844fc66261ed1b91b,137.0
66f367ff21d8f67aa80a9cf3301fa4ca,137.0
66878a146ff0935a6889a7646958440b,136.99
059ac53b914e0bfa1877ad8c86e4405c,136.99
b568fb9eee797c93e4f2c71a52cf0c99,136.99
957356191e0be5a6ca4bd5e19c1c35d6,136.99
9c54a6b24fbd93cd769c37d26573118b,136.99
3eb36db99e4bc4055ff570d968e76e07,136.99
e858b7e44036c184acabb93333066d09,136.99
ef8f2c2cb3624ff00393c9f695cdd599,136.99
2c572703cc177e9d9aeaeda37ee126a4,136.99
86026411ceb03f946a2ee941191ee906,136.99
25fb0e680ef70980bcd26f8a2729c794,136.99
ea477083e770db0655938e79149f8c24,136.99
1ac89e859c3f29c79cbf991d0a8a04d9,136.99
559bf7f8a3667fd2f4d0e4fd701d1678,136.99
76659eff52f4f1424e5d1585baa70c85,136.99
24f68e18ddb48a182d88e0fe261776c1,136.97
687dba758662ac064303b3087930c12d,136.97
1f0db9ca7038a575cfbe3aa28dd699c8,136.94
2b25f2ba843e1bae62f28c7f43211a06,136.9
709825052777ef639e8a2d7591e63a20,136.9
5b9227180f4dc629fe89b99a3b211dac,136.9
25f9e229977750c7c6d947171981014e,136.9
738d70ab609daf8cbba4779539682791,136.9
42bb785f5ebc990d77c23aa2e1d6f3c7,136.9
d941943a6ab8e6e06edb6377763879d6,136.9
1c1ad3c35a22aac00ba2c90156b27e8d,136.9
dd0cb909d16aa0eecf68d37defbb7f7f,136.9
b4502ebb12002e657227edb2d48706df,136.9
64bd17035b8606fc6f536bf2f1ce7cf3,136.9
fb1616aeb46e4fcc98b5535cbf520319,136.9
24c0198087e69da480e00cfc47b1a8e0,136.9
c9c97b8b79d5a1a42e8c245dfbe7c5e3,136.9
7bc18b1be0acb2d2e9d8da9b93a0ecb0,136.9
93b0959b3704e65ceaf6cd4bcdfea834,136.9
68cff7512cfd266a08e79caaad3ca4aa,136.89
cec800e76b1cc898de17926aa9e1e146,136.89
21ca1a2e14168f027c558201ebda6528,136.8
9027b069d034d8d8f7cf1f9652ff702d,136.8
feb6b22599ba8d9269ddc01c798116b0,136.8
fc568bcf7ac0d77c0460a2565433aa88,136.8
c178d6d544925594fafab0ba493cd645,136.78
4c7d77d15225118f3b463fc1f3a60d8d,136.77
e231c680c83114969e2b559abcc7de68,136.76
fc9fdbf5a26b1399e70bb3666cf7f9e6,136.75
7bff96d37d8c7bf818e55b9d72a1b204,136.68
29c763ad4cc65acf8f721f394755d05b,136.5
5094b2ab4ab45dae312e6ab507e29c03,136.5
4591c167fa180b735541d04dadb15f93,136.4
8cf82313e7b03288264521546f4f1368,136.3
cc5eb0cc159057a89bf808454eab21ca,136.3
5c20865188785e6f1386c397a2741f89,136.26
5562b9ca12dd2d9bc4deaadb6774e3eb,136.24
312f6a14282ff4c1415a75932bd1ecfd,136.2
7a33c47e68209572cbe68a6dc5ff0c41,136.18
abd06a060b1f19f33a3ffafbf6bba1fd,136.12
b0e3140d944c0f745ec00954e086c0e2,136.12
add346aec807a8a77bde008a6a3dea91,136.0
b913254d0a363ec86cc513abbefd6ee8,136.0
36aada8c807b66723073f6ee9add27a2,136.0
a1200a55004c545746c06d9de46d7901,136.0
f1c1b72a3eafb0be1e32cfe59c256ba6,136.0
2cea17a5c06d7322a3f8ccef29eb9e3e,136.0
6c59519f2a9cda4a71097ab4756bca4f,136.0
a97df828c72e38bd3a96aec10d02ee15,136.0
074de085ef6f81a46dd7118d6d8836f9,136.0
784ea06d707eeb460893a573fa879dc2,136.0
ffb0461e1e70c023890d66303b1d3d4b,136.0
474815429e8d4d94b034014057ee55ce,136.0
2c0c51ec6129533e2190459049b4d257,136.0
84f4922d699c6dab0edd9af96127daae,136.0
82dd7750451a28d1e779bac86391d1f6,136.0
91b4af9b2ac8383791cbdd789c95383b,136.0
3a6e442f93b75147358099fa79ac5358,136.0
8693e2404457b6e95581fc4dc776280b,136.0
cd4f23e2a5efab41854191b78cab6c38,136.0
83fecb7abdc00fe32d516ec12625ff01,136.0
5f9ffa50c97b5c99894ca8f4fb0ff5af,136.0
26997b17345ddc68675c19aad4a883eb,135.99
efa32e2c1c2454217b3c5c9b09f648cc,135.99
c7e113c903312c8a63623f58530dae9a,135.99
83bfec2b42fd4b848ad784bc32d82e25,135.99
b90b857a277b080d8078332b3636ab58,135.98
af990140f8d86900f33c6d996b9eeae4,135.98
57f667c4bf3f497494e09c259668960e,135.97
60b20675f7175e98930880120692fb08,135.91
85a8dc5070c4854a76d63086a1bf6792,135.9
960f251d702793f91105c34c974387d3,135.9
8beb74a4cd2645d9f4403e01425b5166,135.9
1bd8a424814f6274d14c1c06679fec78,135.9
15e47cc863e1dd92b3d1d5da4ee1b08f,135.9
1c630f82e544e04d286e1fc9e95c6bdb,135.9
593f33f8efcadf51ba720c187956f462,135.9
bcf47f22d180c8242c96c83bf11fdc51,135.9
f4d9f21684c6295872200e1548aa10f6,135.9
61c5d2e59d6e4a7c3e376265775092a2,135.9
ab3eead5a0680dfdd820127d25fea666,135.9
75a142a1d1b3491cab2167db4f551f4a,135.9
5f1e5d413891630c9942247b3e795965,135.9
030a8fd680eb0fa004cc42fd460da993,135.9
cd231250cef44820e21c182155927cc8,135.9
ab8a0400a0f42a7f9c3ef0880576ecc5,135.9
b2a65630374da38ec0653226f3ea4dbb,135.9
670ec71eb17d748055f9fa2a0d111979,135.9
1495c7e441ebb6a484fd2c4859c02850,135.9
b9c97ebd0f562ae172b3273f6f716b68,135.9
225008b45eaf94a20275ae749fc63983,135.9
9478e8ea0d3f3640a537d8a0ea237deb,135.9
ec44c35c1f4142d89e506f87f9ffc183,135.9
63ab28373bf460b24e583ace45fd4d8a,135.9
f74bef75a01750b1517011b59eb1c000,135.9
40caa670ce125e94735468e1f920651f,135.9
c017996652c06e2cdda218e87125e17a,135.9
296fe1735328e9105b25cabe7d781f6a,135.9
ad4e2cdd3a48b3232d6881c527678fbd,135.9
32217e3d1646bc53e60f94b1bb5db968,135.9
83d4314403a6ecbafa4bb78d58299b94,135.9
f1e7fdffd7bac5ba4e53b092a314ed45,135.9
2ce90a157ee8e425a0fb66f989a032c1,135.9
f81abf40350b6bbb272cb1e6d923f8a7,135.9
38d6cffeef5be009846ee63f2328d680,135.9
5a7b558ef33809090f2d5b40820aa2cd,135.9
70bcff60e160a0009c17030cdc375f6e,135.9
e9d118d97d5f24cfbc5a96f1a057f083,135.9
0ef335857487dc9dfc2df391ab328b5c,135.9
4fd9411ca561e17eb8630b243a940853,135.9
20b718f118c003df537023fc0f80cbe1,135.9
86503341952fe53c97b3aa4dcdab5034,135.9
52e7afdd9cd91f91e3667ab51a53fe3d,135.9
a43434ddd74de3fb686800674a4f1af6,135.9
49acc665a9c9ae87119f71f788854883,135.9
ff50bfb526a535449073de25d8703718,135.9
4adddc79dab2cd4d1dadc18dd4c1c14c,135.9
377d526461ee7bdfb44dff97141d6e40,135.9
600b187ea467a08adda99607af9d047f,135.9
5b5f4957a69d537a2aeadfa7dd2d09d9,135.9
6d2b59dfaa16e43d88fe7a306b38e17f,135.9
04199b03081cf196718a6ed694e153c9,135.9
808edf32ba781b5b1c5875a56cfe402b,135.9
c65e7b2bc42c66870cda484a1dc0cf6b,135.9
e4bd7f9d1e9452a72d1d0d40053905b1,135.9
9aca0bfc952e0fadb24258a836aa6815,135.9
f0941f0a360451bb222634e610f7ad08,135.9
d90143d60cffced9f991b7f72878dbca,135.9
714a50db626b8618bc77230f0795ec9a,135.9
87c249df7c0436a1c410e4e4bfbe1cd6,135.85
8b11a6a651a679c460d857345bb7dade,135.82
21670ce0ba4721029fd7c5aa148eeb3e,135.82
69307f2e8ecde3f2d32fc9ae6b03d426,135.82
570045158cad692d4451429defac5f56,135.8
525f45969d83e93945484be16947473e,135.8
0b240c246a1a3eceb71f40a707cc23c9,135.8
7a2b2664f27252530d93dbbe1895a107,135.8
8bf6fcea7060ca6e881d5cdcbcdfd78c,135.8
f9f9b6e4c0b5a46337ce2694a26cb3b6,135.8
921681820f5576cab1551e570e6dc62d,135.8
dc66dfa661b23e0774853b085f86b75f,135.8
76ca9e3d6e9b7f936c583be10089b971,135.65
1ff6c31571ee9a69f0ebf6327da0920f,135.64
e3de7ffaa6c906a8a61b69ff20591e84,135.6
5848ef3f994e18c5121d291e0daedc81,135.56
985047c40a948e9eaf3351f82f2b176e,135.5
8f6897eea837b76a043cefd94ddcf4be,135.5
44aacc0f416f18e5e9e313adcdbb1cde,135.5
5a62330b90ef93e8730dbb18880b08af,135.49
82bdbb438dc12b9df0cc2e0ac96db29c,135.49
a25e45534cc339ba71eb5c0de2a3ad99,135.48
648121b599d98c420ef93f6135f8c80c,135.3
d6e816a35e42165ae9af6c44209dc565,135.3
28415a926ebe9c54a072c7bc3c729b78,135.28
5c6dceb0afab23a9d5db737499265462,135.25
1be54c519a370b37153695f60e7c94b2,135.21
d5dfeda08fbc9fc305a1903925a91c1b,135.21
aa48045e1b356dad31ce9820e0170303,135.2
82e281923401bbece2a90eb6f90ffcc4,135.13
131f88ee3fc63ced38aec3b590a82548,135.06
da521d3e6d9cfffb8323f48f52556fba,135.0
5d241427165ce1fe53a31686710fd6c2,135.0
09fb2d2b184e3e8fc038bb62208006ef,135.0
155fe704ee1c6765bdbd1c466f8cab71,135.0
3328834615c63920c7aa70de65af963c,135.0
3b0fd9775eab322c7a98dc12b3b35a5b,135.0
1be66dc9fe8afd9130ffaa223074cdd8,135.0
94e25d694cced95a67dcf81c4077a9df,135.0
b66df3d8c09687e66b43c966f7d6e718,135.0
ca32af952e8e86e0f7095ce31896b85e,135.0
56e9a904b64114022e48cb90a7abe5ef,135.0
6a18a11f5c2b2e63b62c213efb995c75,135.0
694641abc740efed70f7112802eed054,135.0
17c806c1b700e6b9409959aeb544eac4,135.0
b1262a81b8c88e650642ec06959b973a,135.0
b22ca1cb1efb9b7b3dadf51aae18d481,135.0
1fb4a509e6d4126bc8f73ba9cdec80d1,135.0
954cfe56edc8052d49bc5b4715efbdf3,135.0
634538aaf116233d2280d6c093dd3528,135.0
93f3f392caa4b8909f602c29b76b76e7,135.0
3f1ea323922032ac23b7ef91f69a95a3,135.0
840b47362264dfde96bdc04f1d702d0c,135.0
9dd50ff077de2943d52b1f62995a7aa9,135.0
5e98755f49cf29e4e9e87d81d2f86db2,135.0
94779eaed3b9e3b1b2789fc6c1e0022a,135.0
58a6c377f5305b1cdfa593156d15b147,135.0
48b2b8eb61d2ae8ff26cc726f4a48894,135.0
8fdc898073dadecf0e586b71695696ca,135.0
48059e59369b7aa132510079add79bef,135.0
d0fca61c3a051f84c79b426f3e4db3d5,135.0
be64015bbcf67491565da07954e17482,135.0
ff4f727d5c76b9ed0454f45587a9c340,135.0
4a42e040bccc1ae4734e57ec61522691,135.0
80ab4585890fb5396fa66cb58066447d,135.0
2acd802c888c02c8d2b550a0c7b357d4,135.0
8072fe56abb47a1b7d193a7ee5eac857,135.0
6eeae7ec89f31ab3b7e96176250826be,135.0
5eeb5555fe1eaaa8b3c68b87244b68e4,135.0
9559221419cf73261de39b024545b1b3,135.0
f5b15ba94c99ee55726ee3d18db522fe,135.0
4096f24d2935605bc5cb80c294485ea7,135.0
ffc2b93107257d7387cab8801eb10042,135.0
af88f4b4935d45b8c2173518c445c249,135.0
ee07f61d1dc8259e953fdc1c6237dcd6,135.0
2f4bb8c2fc25643fbe67ba5c85c007e7,135.0
b960facb09e55b91fd14efb587eb5bb3,135.0
a30761dd5c59782f811c2b413af317dd,135.0
88938507407fa22c7077d8fa933aedbd,135.0
35ffa23fb1d2e7216a1ca7a8f2ed8ba1,135.0
ccdb06d85ada20c9de4363bfc9816108,135.0
562ea8b679af1969a0e3d27c05f92c1f,135.0
f484d469c4f4d363ab8df9af2f2bea08,135.0
789b8433c57dda539d9fe65acc4f001e,135.0
cc60b47ce769ebe7b893aacf8cebfb43,135.0
2a2e6660c4dbee3c79deeae65a419908,135.0
b503f68026d2399428f2e96529c73635,135.0
33d55044ada18b94de8ae67b5d39b43c,135.0
194c01d852a6b29b0a9b4df40ff3a4eb,135.0
7012918b3e6f74df5ac98f8eb735b12b,135.0
c5e4bf46280130708fbd6190c1b50cf6,135.0
eda6b1598114de1c2eb5afb5a6d21018,135.0
8115d0cc7c08310f8892c84fd64da3d8,135.0
c19544a0aaa63e206f1ca0f2ac5d4431,135.0
ac27243bffbc9c58eb62adfb58c71488,135.0
a9a94ae0e5ebf32b5e7325347d46916e,135.0
a7cfd46328adb24558e5e875834a8672,135.0
b425056573e43472de6a94a4327f3cc4,135.0
e5529ccffa8468799205a6e959a31bd6,135.0
8de55546e8d40ba8d5bda5aa4b70e955,135.0
411e19e06beaa243091cb4ffda774bb4,135.0
4f5fe5c6a063a0aaf01e32a773791e00,135.0
a82ccd7c6196559e6f92fdd3978c034c,135.0
b1005aeffad8459e85104d902eb0eb72,135.0
0187f8ae367bdb9efa1bb10c65145b61,135.0
4a5f75786d4070ba4c6ba66c37b6b007,135.0
5faa4eb65bc3e5199c572550c81bc7bd,135.0
8a6d9c909753f171131d459c4d86776d,135.0
d94052cc4d67e05442039c37168d709e,135.0
15a581dd2c1425a1a859d6dfe00d69bc,135.0
4dbc94b945d33affba2b69f4fcf1f705,135.0
ffdc2af7160aed3bad21cbc8ec68c0c5,135.0
b40e8b8ffd7f8005f3b655ed36676f87,135.0
4e1bf9ec00867edf7c5b3a70f37a1c85,135.0
8cdbc6c14192efc82405a1aff7d39c62,135.0
e09c21241771690bb28899cf1dc646ed,135.0
f5803a58d22330df48628d47d25093e5,135.0
4e9f7c472ba693814a2f590db355c0c6,135.0
fa64656cb999d63ec741f768ee6d8784,135.0
65443c09a5207313f5c44323398323a7,135.0
035aed905c76a63603e6ed5d1d21ae65,135.0
aee502ec5b607b81286852ef7009d3cd,135.0
782b4c4357dfe07b3677309d0ee61120,135.0
8fee2d5b7e5794cb5998ce266c9df1f1,135.0
aa5f87b79875f43b90b310decb62356e,135.0
e9f07e374acd86b8bebe0c0f2971ff08,135.0
0c8af5a21f97e8702d8a49fc3232036b,135.0
684fb41123159abd77da3416cf999acb,135.0
46572790cb0084deec2b90ca26dd5fd3,135.0
73afa8a3052605db510dc1fb22692320,135.0
0fb9deeb22eef8579c6104c8b1007f19,135.0
9a12e00f66d6b5794f5825e62dc55a72,135.0
fc067032141f0ab1eebb2097755ed067,135.0
d8f2011982cf051cdc4fe1a21c013760,135.0
f9de22ef0f044b7f27d5023343857b77,135.0
673560cc159eac21c63a171e1afc39b1,135.0
bc26872a97ecb20a76f5583ba731e553,135.0
96b8c8d2ce1156120d01e8fd16e40fc0,135.0
91776ece9ccbf384df0fd53452fa70c8,135.0
ec29b40322baf8525c3d1460ccfb6f14,135.0
e428b952c1e0d1092005f58e3123b545,135.0
76df9435c707647aca12bee2b6f8050d,135.0
4c2476d4bcf9b366b70d1616ac2ecd62,135.0
fd1ff46cceac2649ca8cc67148803eb7,135.0
3b37fb626fdf46cd99d37ec62afa88ff,135.0
583cfd6b691f0de917b193d39e7a1508,135.0
ae3b618ec1ceed5483f277c0edf1c237,135.0
55a0e99166b39634d9dced4842210f7f,135.0
f1000cd85936267cdb2aafa66f4f798e,135.0
2aea01d060864df3899978a97f7b9de9,135.0
ebfe1d2a6e0bc6f787ba81a4efcdbd74,135.0
26cad29ce2fd0d9203145f2d71b7aa43,135.0
940425068929ff16971a8739200e6c9a,135.0
1681471e9172d7e12ba08e9ac9e8628b,135.0
c8b9a3add5a69befef18e03e0658f3ef,135.0
9ed949e2c8a4babd308ecb886f58dae2,135.0
44e0884274cbedabca6f7126b6919f0a,135.0
c5937f792a8d1763a86a7e84fd76218e,135.0
c7b0aa1f694c455c10a5d4e9adc7a066,135.0
c93335dfd1f16630c560befd972df7d4,135.0
26acee41e2f75689a5615892f06ea0bd,135.0
15a79a154b59ad517cd8b807087ac3ee,135.0
c27b32e6237dc31d2af110e1625654f1,135.0
fc0d9a9e8bf3d86e4162d3d417653265,135.0
40344fc90bd43d22bf7cb4ef3be9e4ef,135.0
89c01907f673c71b5f5024596575a276,135.0
8c9d33f59db86369058cf6784d5b7163,135.0
6e4b305e5412b2204719639379f38b35,135.0
4e2cc2c3c980d58567618a5bf81da59b,135.0
640723015b42f134065fb1f17d15a496,135.0
ebe7c129a1d285eb337acf6f3791bbfa,135.0
2e23eff24c84bd8b13dbbba9ccf75b6a,135.0
a3d3c38e58b9d2dfb9207cab690b6310,135.0
9520f40d0e4b30669951a7cbc35b5b16,135.0
02731f7e9105dec7fc7fa715ccd821b3,135.0
5f583bd5c920b2bed0367740a4324d4e,135.0
8f4164f1df92c0171b66943b57d1714e,135.0
d53f4ec69c4531ee2230c7a754c7191f,135.0
c327466368ecf8aa5e1634da484aed5a,135.0
6355194d5dd91d52c9e79c84b5ee9774,135.0
64e2751a4b553c0976e7b8b3e25df7d0,135.0
1e929f9854a78461ed6cecf42cf66996,135.0
72b927c092dc3b076732901869b447b5,135.0
880d3d3c4199a399b6303b5417a8990f,135.0
266ef8e8154fa4da8479fcfc85ccad8f,135.0
f1e126ab83d31cb60575ab76cb77f3de,135.0
5ece0dfd49edb29d024f2710c8526c03,135.0
4c47ecc85fce7602cc1989de3f83fe4a,135.0
4c7f6cfb31eed96f6e69a01171b5f0f4,135.0
e029cab9b7ef3e78541646e7c261d67d,135.0
20362112f844c8a9416e4bd44398ace2,135.0
174cf4e5e95b5a49bac9cee9ef6cef70,135.0
86a98f38a86ef73afdfdcba36be9402c,135.0
9b3879ba197eaf4fad695002924c353e,135.0
257a6b66d3f2d3d5512de0b7ca852fb9,135.0
0c4a0b8d4ec522828d3c1cb06797222d,135.0
a25fb003bca8f89f1f293dff6a4bb460,135.0
7ac6d2ac9e318ec647bf58a9049707b2,135.0
b1c1ce38e32f5c8f25f515f2caf1f1c1,135.0
478e996ead8acef6cd1116876dc60d14,135.0
e04a3d281699153ba8b1028ec74d0169,135.0
568e8946c122a43704d2a779465f720d,135.0
b058a8f626a0a7584c7a92a025fc2bd9,135.0
64c26ea8310a299e2d0785aa77ee1ca0,135.0
9f26cf541e3e5cc2e1dafa5555cc78ba,135.0
aff6e8a1b38aa060cc8f8cffc39cc1b1,135.0
ff86631b9d2cc921e7c70cee04a93705,135.0
0a9901c032c4007854dfe4f67b42ab68,135.0
dd73932cf2c9016f4441115ab70f506f,135.0
dc4a85da9528dc8e58af9018f915b458,135.0
f8ca8eb1bb4f5cc811b78d1a13d57b13,135.0
c40503f3c48801c5c9a1ac01c02cd6a9,135.0
a74a322ca717a1cc1a81e9bb6c5f9f4b,135.0
de4caa97afa80c8eeac2ff4c8da5b72e,135.0
461ee6903e63e925b960cf327aec4851,135.0
97ebd831465dcafb7b8aba3bed42adaa,135.0
755988ebb76548960b6b01086b89b4ff,135.0
5d8613cf1855d00dfec57ccdba74f7c0,135.0
e7c34b715991e5904f6556017a3dde8b,135.0
6f8ee177ec3fe758ffc2860e644cfd84,135.0
c218529250a07c74ca7097f1ca468751,135.0
3e4587cc2ed066dec42316af7e29c95f,135.0
eeefdd738a57bdbadf9eec64a5a5dec9,135.0
77ab6ec3ef988005ffe95743990808ee,135.0
2b6cb6a4852a866c3b71dcbc7c5a2fce,135.0
976a0029f13e785119cba9b7f3328a50,134.99
e6524d179f40e399f0b96daff7c66e34,134.99
7808ea4b58654518cfe762d80eda6cbe,134.99
c737d4dc1b25c6627f043d18945822f7,134.99
10ef4a37047d54c760fb12cfe5a30360,134.99
7181fcde3f0ce4dc47a9d1c64ed15b3b,134.99
45ac302fd2581ec255fb247cf7731778,134.99
bcedc39b5161851e34292ddb63cee414,134.99
33c77931d736a2cc7423a0833f0d0650,134.99
4313634481aee30e8b455bcb4b786d17,134.99
1268526bf0726490d03a27535d35b390,134.99
99d2831aceaca1b7b08aab3d0a47f43f,134.99
01d7603b563bc426e2eda5e0677e714b,134.99
218f92ed28a063deffb920de2a41a0c7,134.99
0cb626f6bb027482159790ab08643c1b,134.99
c22d78768bdaf7ac1da407717cedac93,134.99
7ee349f8d855c56ac5151702a8bbf7f3,134.99
c4f65865007c8df12b5b1fe0d4da652b,134.99
fa816e935aed909bdb3a28e78f04e225,134.99
5e287e9ddb7ce29f9977a136ec8f4060,134.99
6707fe92f6f05df40924ac311f930d8a,134.99
bdc5f50689f6e9b7e3234eb7e5c808d5,134.99
adbc2217b86ee7ec989768e3b5787d81,134.99
aa680976703cc404563da71518e6b940,134.99
4847ee76209123fa40e1d2bfe8618ae0,134.99
a736f51ad0f016c8bdaacb9f62024424,134.99
b6b9f3f1509ad186e09edefc447078d4,134.99
2fd3615b81c01c8b491c674f2c7020ce,134.99
6bed5f3eb94ab029e369ec0cc3a32037,134.99
06d1ee5468d9a2c7acbbc36630dc6c87,134.99
a5fb551249482fed391d7bab51ea2be2,134.99
093e02292e3d50a0e2d37a5c9d77dbbf,134.99
0f634b25f5a963fdf1072497e5027f91,134.99
c645112b5c938ad3082211e7bd71423d,134.99
a17dd8395f84735ded00a43107b1b58d,134.99
8fc8ae50a5db16c2ef987e3ed64c3956,134.99
33cb0e2958def1ed82a542a45b13c982,134.99
5cc1b597806534b1fd8814a7a9d85230,134.99
f8bf759ca675f184f81ebf55846fca72,134.99
9d62ab31ead5388eb52f3f285d5d3a39,134.99
305f736d2711641a06f6a9c9bd837b00,134.99
0d3366a481bf8be969c8153f8d97b7ca,134.99
853e6282670724562250cbb046772e0f,134.99
370229d420ad45925025e146e0e6376d,134.97
f5a4c00b35faeaa5df60b49a2a5695de,134.97
86dc2ffce2dfff336de2f386a786e574,134.97
00c36dc4ec485e2500e9a669d6ea63d6,134.97
d2c9a1791fe5ba4464c24cdb4399654c,134.97
03a62f764ee7e4701929561d653e4029,134.97
2747a5ba134c0dd15f098207fc9130a4,134.97
2d053f37c5e72b650907a2d5c82c2937,134.97
e0fa01cb87bab8b36f60bd56c00181a1,134.96
b6182b95308bd0134f350c2ca015d155,134.9
a3409055c739fa7940d866b617b4c55d,134.9
3d63c534551c85a62bc51417745dc81c,134.9
fea39dc274368a2dcdf62995ea14d78b,134.9
b6fa4fe04493bc219a264e39aad0de5a,134.9
781eea806854d68b10a31603ac72a84c,134.9
7232481584ed1d7808e4d0502bb58853,134.9
0c6d5aa201afc2ff4a43742e850fc3d4,134.9
0629ffa463b7bb65e62829ee41b0934b,134.9
01c41ead4383471f6ef23bcf19aeb5c5,134.9
ffe0a690236043c15cf261a5d9fa5b5f,134.9
4804ee8e95d9abf3796b8f3824ea9b90,134.9
170de57eb76b3ff6a2badb236c0afa5f,134.9
47610d89c6fdfac969beb4fa9f5d37f1,134.9
9face96c098cb8d6decd476fe1eb5727,134.9
ce73c680985391372a7b4c9688a1add4,134.9
734d9a2647b79cfae19586ab63e5eece,134.9
a3b930d25e147f83840c5b4e774546f4,134.9
65f09de0b77ca07963fde8601c6be1fb,134.9
3b86fbb06ac936d02fd8b237538291dc,134.9
044d022e9a18015120a29d799ab789fb,134.9
ab26ca94753ef5f8b6bd8bd5477a4056,134.9
e799ee9277f49b60fdf907d4535a9203,134.9
87bfb5face8c78c45dc36a431c4e8e5e,134.9
60d42085fee30b555e6a88331ac1aeb9,134.9
069e2c889baa038cfaa80e585474c3e4,134.9
931c557bb82dd84248fca50e15eab603,134.9
c1920381ca76e6233bb28335454d6799,134.9
14b3b610a372ae3de4303f1cea0ea6f7,134.9
1cc7a08030ec2928cd06b4d38a84fda5,134.9
1622f2d9b3f7674f53e69d66f98e3517,134.9
4b7f446b87ce698f5dbe56b13230a0c8,134.9
b267fb1c501374f26f3af1022ec98b09,134.9
0f68974f7afb781c6ecc21db0db6cbc8,134.9
ed39c87d47bcc8c9cb3d809059243da3,134.9
7912cef0fe56d9bd9ac8b45baec145bb,134.9
935a368be7c475d126ffe4c185ec0ced,134.9
583fcf1074abedf44906d0ce0ff89c11,134.9
732bfc93800b812e36e9df56ba1c376c,134.9
14fd66ddf6349b2c9c874aa2094196ae,134.9
07473aa73a7244877192373a2dbf4b43,134.9
59ff2a7b48eecca51957c440128ea697,134.9
0b7a32b0c1338452e8ee959a40fdfbae,134.9
517d0c5ba97d755ff3401a0a4a1b9683,134.9
43b9948328d8612fc90f4101fd2487db,134.9
9930df106883e1ab12e0c62375313141,134.9
d8164e724d685e70abb1242a1fd008dd,134.9
443baba5542d157cc4f92ad95caea775,134.9
3517f8cb54ea9365c0af466376685f1f,134.9
aa199982564f53f710a2115e8a5689e4,134.9
2ec2126db43f8b996d2abf3043f33539,134.9
5825d0a5afb4964036925cf2441a44a8,134.9
5a92f50e7db09b8a028d911136084659,134.9
c4db641e1443376cfe2dbd3906aa67b8,134.9
0f7fa9801629cabf77e67ff1713ffc0f,134.9
e3bef767f6dc94074d9f029511f65dac,134.9
c7b0b905d25e2a24f93a9c23bd4e569d,134.9
beb3b8c698621119108ad626f35185a6,134.9
4828dec276b8e9249578cab092211e13,134.9
b0589a40c88f375b99931580b7f26610,134.9
74f3420d05bc68c7aca52b3b73fc9ae2,134.9
c4afd1cfe980f2dc3022f3646411cb9c,134.9
8afa8dff7b454f8577539ac25691558b,134.9
b5c2240b39a2731614276fcd9e2e5019,134.9
6ab968193fb67b718afdf6bf6cee1f5e,134.9
2749127e24c87fb2209227d641ba4efc,134.9
5b3733e7ead849aa9e2c7a2e9bb83a9a,134.9
20e75fcaff9e015835e787e7884d6bf4,134.9
9dd63d86de8d079954d0f8c4cb8a6aff,134.9
1955d7e0c5a0d6fc2fa2eea4662b8f1f,134.9
c9f162f33a749d2957c751afd7f7bfd0,134.9
a9d17c6bc7a59fa3b00076bc16ddac88,134.9
cbe770134a298f4be223c178e2220c9a,134.9
dad733d24b13b2b00ef4c1f1d2aa9a32,134.9
75d15222965d0df59f8f7e35ecadee8b,134.9
452708c34fce18a8d8f8708ea6bf5433,134.9
0e918c5caf715bdf6b49da1c250061b3,134.9
b85a55907f00013ed7b953a50de74e12,134.9
3b3d4b5a0e6e6e335b8b7fcb37c5dd51,134.9
980b35b5df7f8bbd1a0056172a6a2d1e,134.9
7a785eeb4a33bdb523fda4d791ce4e0c,134.9
8f2aed946aae77ffd67af9498559c988,134.9
b08d990513d3a4b14828642b56ae3c02,134.9
59e52fd9077d4599bc598e74064a115e,134.9
ed369d5d0e1850f096e478def9027961,134.9
68f8cb86c3336f9b795e0fec4331d999,134.9
46b7c21ebf74b18f89bb9ff218c9ad7c,134.9
c15ddef23948be80723bb8b6178b34c1,134.9
82e984ca94de36120ef7eb9388284c9e,134.9
5382d8167498d3069894e3d32430639a,134.9
c3402110088600cb6dc91977d1e53955,134.9
9293900075a031646a28dd6dae3c8081,134.9
04f9573f711359386b4fed690f57cd11,134.9
ffdbd1a1e9a23977e4d638c2b0ccd0b9,134.9
924ae879dd26064fa0628f0d2ee943b9,134.9
0005aefbb696d34b3424dccd0a0e9fd0,134.9
2fac402c3f6f98096688faadf805953e,134.9
c76b3c74f7a361753f9b9cae17614acc,134.9
17585af293db14283fc81f53146a7399,134.9
608504ddaf7e677eec291b124ab24093,134.9
b03c680b10738fbb826a6368f2fe52b8,134.9
c3e47ef7bfd01c96e06d5c23791fe289,134.9
2b6d4b977adc3032007a434c6624d4e2,134.9
86ff70f8d524fc65ed5f59c12384e411,134.9
271141b9ce12ac7e646925b1e1bfd4c8,134.9
d68203296f0f13f31f3c07d186746360,134.9
4e3294fea80154d4cec0c79bd8b8ffa8,134.9
e10b0382148f93e9b71137e85ff8bbe1,134.9
24c341217e0b00da43204a0c3b09f0c2,134.9
3f5c18c23d2cbf5c0df4d6f8b4f03516,134.9
f03f14db3b18bbe32c48602f3adcd811,134.9
ea643b850ffb1c9e12b2159c354d12d1,134.9
e8c09dff0635a09514761a21369d9c88,134.9
3da872e0be6b82cf0de436807999fc40,134.9
26486f121c10b3cd835619f24a7cc97e,134.9
5ee0e90d6cf5698c23a76ab1debf467b,134.9
6d20f21ce3430fe1cdc152bc0041af66,134.9
ad86ee88e13f543b00f6766c14b09496,134.9
e067722fcbc90ea29be6932c863fea87,134.9
66599e5a9fc902f2dfff653f31ac2af1,134.9
aba8474309cce50f19ab29cea5ff6b20,134.9
42f5a4ada1492abc600687788ab83290,134.9
ef7e468943cc8d80fe84e845e5e5213c,134.9
ed98a909fd98395ebe321b80d93bd150,134.9
952f3c5b88acea4882984111a06c8dfa,134.9
0add590abab4b6a32dd267427d4e0fa9,134.9
37ee2dc9e5c2c8012af3d17935d1d530,134.9
9c486e445f21a9e077e9f98ed915fd34,134.9
2e668e8d5ccc335c292ade2a90506ba0,134.9
87212a59dab079c4b2609ae0dde3d9e8,134.9
8b3d9d2414670d8f3a44fe4dfdf635df,134.9
a4eba83fdbc203894a86afba0bc15269,134.9
2bf1c80d9968dd73dd1ff5a5981b884a,134.9
bcc78ccacee91d2bbc5c5a93864b93eb,134.9
21a8a91514af3eb4ddc5b2c500b19a4f,134.9
e97b754af1f2cabc36f6004f44f5b62c,134.9
c15180baaf5da7b429190c033c01ced6,134.9
4cde552228a46393edb70838c52c45a8,134.9
fc095837bc58e78ea02238dc7d6d3e0c,134.9
70e6d8407a54a97e0985316f11f46ee6,134.9
65e05ae6ef38abca0b07edc37af14cbb,134.9
354c6800a77f0d4f3c1d08086499e0dd,134.9
46ad19d390527ea247f395322d167aec,134.9
3aec4688b93d6061ec5061721ad493a7,134.9
c7f5f60f8e2e8d7528c25644f57c885a,134.9
287d466084573ecace619577f69640b2,134.9
e7b450488b37ccb78581bc78df2bd066,134.9
5bdfca329622923b8db14b38df45504a,134.9
ddcce6518b9590ef2f19603869eadcaf,134.9
15f8be16ba77d8e70fa6c968fefb8a17,134.9
ec2e3f8a0268274734de9673e6915dd8,134.9
4c5a76fa6c3c9b993aaa8a2d37f2e985,134.9
4e26ab9c4d5ac920bde76fe5979962e2,134.9
f665e06d0376b22d2ac11e29e369d6b1,134.9
7155051815aa96d970a1a40583f95e8b,134.9
bc998a05068c9c63e54fdadeb5635b1c,134.9
56f10439f7b396c7c7b5445357c22e9b,134.9
802b04a8ed4c7b303d6d5277ae02b2b0,134.9
0bdaa2e4eb24874165d8a289092f7407,134.9
3397324bae6ec84322ebc64bd683db0e,134.9
c261d62d747a5edece297d1f1254fe2d,134.9
7d77d42024e7abf3cfc98638ca92c21e,134.9
e5185a1a40478261515279df8ae25a9c,134.9
35d0fd92c0afd25506d37f718310b848,134.9
3e0e5aaf61ff8e42e42ae1f14a71540a,134.9
6c552aa46fd3bfd27ef17d473f90fe70,134.9
065c7a8b3b3dddc203172b872a313275,134.9
205df4889b5510ff3f9d8a4ec4a1b421,134.9
a368e7a5ecc4fbc5f7c9bbd5b809244d,134.9
861634973d2f38fb64c5bb942e3bcf12,134.9
0235a81a0447bcf8bbe8a59e960de5fc,134.9
c4781eecc0840edcc02c29277533004c,134.9
91b0ff57126eda07b2d129bd59c2b689,134.9
98adb1ace438c2553c8eda1d1dcf1c20,134.89
41072e519474c7839dcbd5fa7cdbbb9b,134.85
f9f34ad555f478eb58a5b337c9b661f5,134.8
bebb261717d5fd18d378c249c396f6e5,134.8
177a576c3346d73fa4b179ee92d61dbd,134.8
bfd1c364658be656137aef5ce944a929,134.8
7d39c5d887661f6e1699374db64104c1,134.7
6262b34bbcd894a177d5c890e84c30ab,134.7
ff1a56726b7ea149c7423865609cc0c8,134.7
3a45751454c40ca3f7e90ff45c79eb90,134.7
edd443dc2ba51f8df49168af5ca2b24f,134.7
ccc028642cff4a3356f1ddb0a62700b3,134.7
d3acf0cb35c7f65f74ae144bcd967965,134.7
469aeb5870fb8934c9d14e8f8f036fda,134.67
88ddedb9f546eb4ac5ab7e2ceceb8cfb,134.64
aa7ccffddf3662882e50e67dbea2f385,134.57
0385c8d2e645df58096ed14446b5374d,134.57
4805662f4576e7b2c113ddb5bea8a07d,134.55
c7fb8d16c191ca0497f91b330341f45a,134.55
12b24ddf53996d91d74fd610fd1d5da0,134.55
e2b3cf60eee891a56eda93f5ae37ad68,134.5
39460044c9b69c9585a64fd8f28f5904,134.5
723b22c2412b366d01cdc84ee4295fc2,134.5
a22a8f7e1b228736f02555a035994f27,134.49
c14f672b74a8f1ef6b891397505488c0,134.49
7229f79e1ba20779a834b81b4a4a589c,134.49
956ed550c3c715b550191e2a177d254b,134.49
e8c7b1e1584d6ba2f13473ac8e3e7cbe,134.4
687d129b397ac0c3c8473e141233a55a,134.4
bacc1ee57dbab94891c502caa0ee3af3,134.37
b1609cebd978d6787d11dbc1ef31f8ec,134.2
6b39b1d56b466e46aeb889194235e77d,134.2
9082b1568abf65c8110985c719dc70de,134.2
372a5dc5cb0717a9e9eb801e085f4154,134.2
c1aaf606d8bdfadf7d151680718f944b,134.2
b2ead4f767f2b56f696399c48e760df9,134.2
9684024aad1f7f862ec6291eb751c50e,134.2
910923ada8c97c7a8e1b5c17c6a986d8,134.2
d14ec9b10324e4132ee110e8012e7dde,134.17
19c0e85760da9a9bce4e2472c4818c63,134.17
8fe543b6030bffa32dbf44f62da1fffa,134.17
a8c5c582c453d8fe33147d040cd1329c,134.17
11f4c7384d8debfbb64acf9c9a44bc95,134.17
5b1017ab18dabf58d2c39064ccc89816,134.17
f777265c4c823669cc77778bbe4dee45,134.17
45d76742aa38de04bc46e13624c4db61,134.17
6c7aa7f4eee619102606e20914da066a,134.1
9536cfdb0347ce81dc7d416149ee18be,134.0
180d4be0c64a3eaa7580af8f8b1e37eb,134.0
e45c89d18c5c4e8a85e2e2d38f32f66b,134.0
ce56b2fb736f287cf6df4b468ad108ff,134.0
17e1a5591eec6af6ab825d5687790ee7,134.0
4aefa299f825a44b8ab914fd2f13d244,134.0
e8d78183041d8ac4f747ec2207a0a2b5,134.0
4ea820653bf7274276f572b286e50726,134.0
c180f565ea0f5d52d645ce90be20821e,134.0
0cd1a2bb6d3d5b3eb6baf77af2578405,134.0
1e5317cd1def009c1067326813a9a727,134.0
3373cbe13f1a402261f2ab6fbd296c9e,134.0
fcd47b43cac861c981572131ac384b4d,134.0
b846152f6ca2bc8c18c46c3247c33426,134.0
64b84651f1893e87834bad15469dcbb4,134.0
71da510bfd2d6e4bddba24a6480d384f,134.0
45ad3f7082738671f57811a3c120b947,134.0
df0cb92cbc0d300d1ff9b68b6ed1e985,134.0
4328587b29db684317b7e02ca1d232a7,134.0
035da1211e1f631ab58ceb5e614d3bd6,134.0
aac6ff0b4a7bdfaecc06c38c4d37312e,134.0
39c2caab4766cb59747988222842b0b3,134.0
afe44c51b2ff47d26e457d10585bf8b4,134.0
0d7913ebe7c29fc63f3f613d6ae604f9,134.0
42808481d800a84a8cf647ef8838c6cb,134.0
d5e2329a9bc571ad801acd9100c42ce6,134.0
512a645d25604f568dc61a8a3da9cd8b,134.0
be8e1d862fb63fadec701434deb1b148,134.0
c55de39677b36f6c185440314b6853db,134.0
afcd4050c3409ceef1d6fb4358e70014,134.0
fb82c16095041173ef2fcda3f8437f40,134.0
c11790e3f763fd2faff327ca3d0ffd91,134.0
d90b0cdbc76f089f7aa17c6b5d3d5615,134.0
b99054fd23768e0fc903c0eab8a83442,134.0
ce757220d9f01ba4887f6bf76ced6a1c,134.0
38cac1776e7f4cca67c47a655eca20b0,134.0
a1b3692af9ad9d49b072944f932b0a29,134.0
787d7b6a8571b25652a185aae5ebc9b7,134.0
6af52967fd8b6160228c7b2237f516f0,133.99
0101e1c05e39f58731e21081f3ea410a,133.99
12c49eaf0f0176c573586eaa52d234f7,133.99
7b9a13da4fd5b8eb772caba299eeb7ab,133.99
d85919cb3c0529589c6fa617f5f43281,133.99
d2ebcca77f822a056f56021a8b6c7c26,133.98
1b2eee54eeb59382525787aeb6329bb5,133.98
a0713138dfe8f60c9335a1d2e5d5b504,133.9
a5229b3e8acc205650820948973f978a,133.9
2e46c31c650127ff0d84863a87d45bfa,133.9
68809414f9e0cf7bce8d8b29b23a319e,133.9
0353311decd3615e5c4c03b4595e3e27,133.9
e89af4478b4eee04c3603cf7d16d486a,133.9
0cdc33b5a9c7b98659eaf508c5bb8650,133.9
e0482746fd8fff8f20c3bc4061c8f442,133.9
8f7a8c9d811d4acc07eaaf3cae69ac34,133.9
5a77f583f8b2edc307192e24ade6d702,133.9
b3c0a462867dca1fe2b860e827b996d7,133.9
6ddef3de281b5bba1e7d35085374f54f,133.9
7e176ddb04e521f4e57421aa4ab5d5a2,133.9
dde23df9318a2e048149054f17aedaf3,133.9
32414a38e12950c3121fec300b889ee4,133.9
1fcb9f10321dfd890dd7153a7dfcc890,133.9
7582ce1690e126ec9b177e0770efc74e,133.9
e3e3b4a3e519f39ff9f674ebf3d807bf,133.9
8cb9eb84a7f0adedb74b7f26481d16cb,133.8
e74ec7a00638b04285810ab01eaaaa53,133.8
42eeec63715bcb9b24e4ecb9e0801b27,133.8
4d9b87923677052e70e68362af400303,133.8
84dac31647902f79570207a7f29c2675,133.74
e6e8c45cc168c62a5fc3b17fc0f7b8df,133.71
3c9e199c72090dad38052fb09243f620,133.69
116af0ca6c6031ef93d69cca3642256d,133.64
a02b819fdeb1a2e7c894b46763b47f44,133.6
a7e3a7783c74a7e8330b461232f99e1b,133.6
6cdcee40c0e4647550d48eadfe708403,133.4
5d6af0de0877df24d2c737741eeaad2d,133.4
a852a1fd87371f874c3f2c1361dedf1a,133.2
992b4f232abcd759be707c69cba05805,133.2
cd364daef2e9c1cd294de16a8aa22844,133.2
f7fd634460c772aa7c67b397c3a0e831,133.2
f4d981af4486002e7c9bea7032e0215c,133.1
fe84bd242903da1b257065a81f330118,133.1
bc4e6f215af91483d54431baacb9506f,133.05
93c24ebbc0a15759dd6a9f32af1aa7d3,133.05
633586e0e4e3686ee988c54b28e1f4bf,133.0
a2f0a0db56b7214f6cef39dc952a76e5,133.0
c030857f0878461f5faf3e33b785a58b,133.0
03ed7b1b35f2e55b0f4d0b9e4e07b0c3,133.0
c0f3b6a49e1ca142c8ce84a423f4ba72,133.0
3445d4a25b814ee6bf16c74d2592eb0a,133.0
5ca6f3218e411dcbb9c27ad61bdc3d1d,133.0
bd51b2cec679d73d1170c69ec4a2c3de,133.0
4271157a005679fb4c9005d64055d91f,133.0
2f997ad360d6cc2457e5ee787c24cfa1,133.0
59409983803dc8c6d5420c64f8fbb75e,133.0
d92a0146dec6700c8843c392da07a41e,133.0
9fa1306390b435305462a28f708c783b,133.0
1be6957e14f6abf03bda9e6529df876e,133.0
3ac33fb9cefa02c073a17df141a67c9f,133.0
2b572b45934f53e724ae672aa2a7ceb1,133.0
c072a080a76a20bf2710e9e90e239149,133.0
eb73b2df5594ed5948920669c8f25bd7,133.0
82d6424cf3f62273074a1c5a3b4ca8d0,133.0
96a7d07a2240060934473b67ab504430,133.0
636b1b445ed167af1c7d59382f7f37dd,133.0
b5e852d38cb35637d6e92026a54bc952,133.0
2542745ac649a2a8e9d27da530a80d3f,133.0
ca85ad830716e1b7b2964c68c146195d,133.0
7e53786f8b01ca25f30bc6afaaa09046,133.0
03dd76182616355a18dccf1cdff44387,133.0
9c898eec2f748dea3ca779b3301f15c7,133.0
b9d66a7e824f738db300bab9fb4f5ee0,133.0
756f09dbf94f877b9acce94031f05714,133.0
f7b06276835d7da62b9d98e7c519a2b1,133.0
541d3a3036f302ab95436fd3d7947b08,133.0
a734d78c8594ace88881fa8021d394ce,133.0
48f1810d593e6076b270d702d62daa4c,133.0
5f5f3e3a16d182b77b8b555a0852b6d1,132.97
2e6990e0520cc0e70dda5a2d5f8c4826,132.97
696ad1fdeacbc4ca39233fce7daa7986,132.97
1624ad809098f4d1504b6115b8073660,132.97
7055d49ebc0f70397fa1563dce4f7e49,132.97
082f15c3971915712f89b49d4099326c,132.95
e60ed27d397c93cd0ba12eaf4f743f4c,132.93
f80fade9fce4eed558050e82a69a590f,132.91
eebe66e9677e5c306fa35ea0980fe430,132.91
c29938a93f8ece506055a0d148460e3b,132.9
dccf3db0a9cf098d12b4c4addd47de01,132.9
7c8df632741577655c609c9d71b69720,132.9
5c4d4da9f70733a33d73849986f3a6ad,132.9
0831a589bfb84d7db1725b029edd19af,132.9
3ad431a9d09bcd4b300f4ec8c8c371e6,132.9
a12b256adc8a574b2ef0bec1edaea319,132.9
99801ed471ab83e025d2724854df91a1,132.9
f97051844a65072bb405413262229ce6,132.9
267bfea62bbfc1342ffc898248403bb6,132.9
62b59a64eb786a96516229b7f3612c72,132.9
425b36d279cf6dbb60f27e5dfc83d68d,132.9
a6213be5160f76ac6fa665067ecc8a82,132.9
621daa25ec4cdc7fe2c0eb0e250b158e,132.9
5a18e9547d424e7d7085c7065bb48686,132.9
0669f5398348b7260f7f14411736e78f,132.9
35fd6066756cc7d4d5e5d456fecc8422,132.9
511f8f1b15ae846f219dde14f0fbfd5f,132.9
d0c3b7ad240bf5b2ee00789b21f63988,132.9
0cbfc1862c3b8d862d15964d5ee3156f,132.9
9f532ca9ce604eeefe87d7d673b39fa7,132.9
7549b10af4bafe80999f1b8024cae4d6,132.9
69c365a0670ed7250de9cb2d600109f4,132.9
36e350b874ae0ff21fa49492008293e1,132.9
6133c673d6332117825558e7fbffba34,132.9
6156cc24d1fb47ea3976b55ed489de3c,132.82
3da391a1da388e3a46899354d3c8774c,132.8
291112ea24a58ed3cf44e795d75249ec,132.8
1a3677b7315ceb6f19ea02af64389b53,132.8
cf02015fe41754704ea76138d646a4a2,132.8
404a808ea732a8bb8c4552e6b2397375,132.8
11428ad66d96f05ab0feb450fee58d14,132.8
b0137ec99bcb19af3cfb85f75374e429,132.8
4313e91cf5448328e880ae6455fabd3b,132.8
5e55f40ef1f4121bfd3f82403c8d5090,132.8
af1339173bb8d84608292ee35fca9f8d,132.8
e0b3665bc7b553f473071062e7c99391,132.76
847a58a689e3ae9ead5d38c6f179bd22,132.76
c1a5f27b64582f59e32f853f93500a8e,132.7
d0668834f2dd0876e74574b02aaa7af4,132.7
a4bdf6e6b0fdac1fd623e1c1a5417ce0,132.7
013f6eb268d33338ee175ffe2ed24204,132.7
55eefcb372927b18fcc3673b54de5311,132.7
92bc8ba533fd5f3a2c5fb8c16f6f9611,132.7
63610193234eccd8f1c33dfc050a1b4b,132.7
0050b4dd994efa94b2cd3210e4cecf32,132.7
b01e00c070e25269419c4028bb648b88,132.7
d37b5fb9d0d04e5c6cac19f72b4ee5cf,132.7
be4ecdb7c9401fd98ed01456634cfcb2,132.68
d0b8be267d331592e55b5f20d7a2d702,132.68
2c07b6a19d97919269fb1402e7b51b44,132.6
3563b65918969aa4770325856ec0c256,132.6
a6e927129ccc2bfc77279fb42c178858,132.53
884a2e9a1b0c6fd2d9011ee7b4cbf21a,132.5
5b39c82ffd108c049f679ceed482f7e2,132.49
1b3847859f34e5654daa2df0739218b5,132.46
8a449a22da3672f99e89bc2f720f2270,132.45
3b6828a50ffe546942b7a473d70ac0fc,132.4
2177ae4f97aa63b6f445ba3a05a3f7d3,132.3
8c5edb6c6cdadd64a3d021e4c00b963e,132.3
5404fb64ba67daea8fbe839265bbca6e,132.2
b14839b9d2cc09f5f25b2a74bff673b9,132.2
21e121469a31f5b4e2eb5b6574359c4c,132.2
8373e304bb40cc92bef250618085d7b5,132.2
14d70a0cee529bb63fec5712914c3938,132.2
84d90b451172327d44d8f0873241e853,132.2
56cf785d58080a8b138f486cc34ff1bf,132.2
dcb0fdfd6a314986e19ad9a7d6871449,132.2
d8b1f1df6bc9c29173bf319673ce6d09,132.1
f0acd4906098739719f7507162c85942,132.08
d85bc5ec7cfb12b5327da0d2c14a4d5b,132.01
a6070315382f5f1e536be705f64ab209,132.0
d22898ccc66640313fef6774eb39f4e2,132.0
5d6e19aed6284c2fcb4b1a0eba6820de,132.0
f508e94f5b9c5311cbfc562bcbe6bd2f,132.0
2efff784e71058a57af1b1606a9c60ca,132.0
dfe533d0707629488eb4571a6dd315cd,132.0
5eac511e7c75393ffdb54bcf789ad327,132.0
27fc8ade22ab29a37a27abddc4ecff02,132.0
64d1731909bc780f4dd163b9c94b7372,132.0
9801bf5ea241cf9f9b78a92058557146,132.0
6039ad6c736f84f951afed829ff5ebcf,132.0
9a9a85e7b6a53d3b2fe85bfa4b6f20f0,132.0
00daf19c19d0fa15a86284fa7293b5ac,132.0
f80155d3a210401861200038cab0ef58,132.0
8c1ea083db58ab44e1e4912aee4bbcf8,132.0
d21eee9c29efbbd504b464caab82b5f1,132.0
ea58ac92790dd12b742089da5ea69a4a,132.0
4c8a48ce3af82ec2c36c2d33dd25e28e,131.99
9e2b062e6894e386e7d6a752a5a5e8c2,131.99
10534aa113c7fbf11192c2e7f2763052,131.99
5f52377aba982636a0de8c3c12128b70,131.99
93388432cc47c78c4b4b420e43d4a5af,131.99
2177a05cbb649b8d6fde28b55e237a71,131.99
5e065d3885042c6de495899792b09d30,131.99
836df37ad1fc6e991443fabe4783ae5d,131.99
d84702a9b331fb9c654014dfa116c55e,131.99
d5edff389845de1412d16950c96e563a,131.99
4eac66d1e597084a09fd3b629dd7c0e1,131.99
7d0a76e4b14a9ca33d51eb09db9f92cd,131.99
6e7d605466ed1b66ed29878c722fc992,131.99
77818db62605ed275a3f2b060e215ca0,131.99
1007c42bf45f77fdaae1d742f06c314c,131.99
7615536f9443d90e9971a9002fd9abf5,131.99
34bbcae303fcd2a8e8a9d7493e01e745,131.99
96f4baac94baa7a8376ea97398351d74,131.99
b0ea223f5d75e25779fd005154765c3f,131.99
a85ed358dedddd9bafcf2e5139ca5126,131.99
17d64b0a9652cc1ddb7b1d17ac56b2de,131.99
6c5ba608588b5b24652daf167aa141cd,131.99
c512d7bc9c2e0fcd3f3d38c15206b052,131.97
efcedc1fbcd8066047fc017291654449,131.96
08a0a61f98f22952682f7e463ef2d43e,131.94
e327e6e9d4055f8fc881dbb6c9d838d7,131.9
e296f370073304f8f94c9b22494dbd9d,131.9
c8c4991d84dbfef1f61c6152486db6d4,131.9
37d6134ef2c3b5e31ace91cb608c2784,131.9
313679079420ce50210b4f87c1e23693,131.9
56d732fd476e4dbe6a73a180fc3d5ea2,131.9
c111db6a4bc630eb729c18347fadedf6,131.9
256641e5b8e16b8004b8e6ce550e9a86,131.9
0691838627fb0142895c23d5459bed3c,131.9
b479b095943ff69c66d51e278b3378a8,131.9
e1a191d6a40b0deefd2d37b132049e56,131.9
a7d491d279e4dc3bcba9ffef195a1ce2,131.9
2ff967be7f6652e68ab0c412054f6aea,131.8
ef7ddf34b90465915d4e989b41c86fea,131.8
1e7989c434504343a913116ac6f213d2,131.8
9f802ab5f514faec889b810d1bf187bf,131.8
9785bdb5fcba28eacc5e1dec628fe07a,131.8
c51de5efbf4919246057f725d38991d8,131.8
83311320eccb56aef770194034cd359b,131.8
7c85998ec2e86b8557b338c098b23339,131.75
109f80397e4897bbcf56313c25850332,131.6
a70c2efa2aed78b31d5f40e0b2e6b99b,131.6
e0a3977e540c8d98f1dbd906c712ad33,131.6
cbe010a5e1e7e8b5d1241c32f65a865f,131.6
21accdcb409467a90d77c0a6d711496e,131.6
525386e5496dcb6a38723359f7450144,131.59
09d9f8180c32474c99e6d50b0400687b,131.4
219d016b257f7847b1490eb159c79036,131.35
0a3d4445a6599dcec9458fb55b3bda89,131.35
65670445ff86b5ac5bd223fed24d8f91,131.3
137405e93186f07fb1006c5015695907,131.25
6893cf3b3146616cda5e6fbdcd68db9a,131.25
81d317725cbfabb49d0858e3c70db52b,131.17
bbf83aabda305a5ac059e05b342076a0,131.0
ac41dfafea25769214d7e659ae04882e,131.0
e01ddbe8a8780adb92d8e4ca044fac5d,131.0
c58ba0d44e7889a11b721ada88ebdc93,131.0
ec3b6e11ab1c02f49de9f09baef9c9e7,131.0
5db44937067cac636a6eb65f1a911379,131.0
a207382f0f563c1f430ef732ade9d9ff,131.0
1a988c0b396ce0e056d68b90be213ded,131.0
ffdf82f47307e5b56f341a499bd268c6,131.0
9d31491a1bcaf9849aaf5459d56971d6,131.0
1e08f7d9d8d9ed7ddbfaa122a1a86b61,131.0
b1f49049ba31c6b6efbacbfe55193a5d,131.0
ce2ce80ecef0398901fbea650e59c2ad,131.0
a8b2feb6b27345e7706e17607e869eb5,131.0
e8bf6cb43a7dfdd51f49f81373b2854f,131.0
e257f6f4039b206dff4c358312a669d7,131.0
f67b9ce7548e47223d43a3ee3242f7d9,130.99
9e7e855c875c273112820c0eb1c836b6,130.99
164a5e002d1556b4b5aaeb5d2ac1ef67,130.99
ad7544bc1e8bd63b6a36063a278b16b7,130.99
7eddbbd19827172dc6eb8b5b89ca48c1,130.99
f6db95631c0bad789edde606121bca76,130.98
512f27d822abe6af95d86529e73724a6,130.98
0857e520aa7eb2f1e414ae0907e994a8,130.9
040e8bf7215dd067e3be59eebc2dd6b4,130.9
2ecd7b05e49716f5a4efb5aa0f4cc899,130.9
61c16c9d460fa52d535e304bf907ee31,130.89
c43e9eadb2a48d4833466068df6c37f2,130.83
199bcbb6f50073b56ff12c2508a7439b,130.8
cc492e0bf69baaceb9f1e1d432e63960,130.8
4766270b60fee6a92e64bfa290222b1c,130.8
7553de5aa5baf90320a1430402ca931b,130.76
6f0be196c8d2d943f720d247ab3ac1eb,130.5
e95994d81b2fd9150bace0cd8a7b8024,130.5
90897df31d5737f12f7f1e8945526287,130.46
6d1c28c90a63f277029f47c7db8eddd3,130.44
7e20bf5ca92da68200643bda76c504c6,130.4
23924b2105c5376cd6204757c8b68752,130.33
ec5b500159fbf4029de1759b1cf1e0b0,130.2
b9016404916a5d1b53d20b437a010c9c,130.2
326d2b73d71fadf278bb58a956acaeae,130.17
4552a287c9922b207cbda67f777b8999,130.0
0130ec6b73b4f7fb58e4a4a78774b47b,130.0
e78a8cd054af582ed4b9a2243efc2152,130.0
07708f394b91fad55c81c6b38fe71ce1,130.0
1846c723a7571d53ebefb851731bfe53,130.0
8a1daab44298bb840a395a817bdbddfa,130.0
b7ccabb53ebd18101222865844cd4cdf,130.0
15e479d07cf2a62758cfbe67c4742a1b,130.0
acf12b8516200017bdb650d979a4086c,130.0
b9c6a2e20686e1df4f0e9b4def253369,130.0
58c8b60b34b39a6bf01341c08e03aaa6,130.0
8775e739d61b9dfb7a1076e45839b1da,130.0
e7e113b513595f22376c653e1bd4f6d1,130.0
25908700aed5d5339aee809a5c3406cf,130.0
d2c2519d59d5f5b15709b2d7df1007e1,130.0
652084fec8b64f212491016127526bcf,130.0
2f102d0fb5e6668b51fa5edc542254a8,130.0
5953d643fe7d27d544a2dbc0bb1517d9,130.0
093c43383e2807557c81ff090b107c27,130.0
59fd56a451437919bf2ea954a6baca5c,130.0
f13d3b0c4676194b009c5829627f334f,130.0
1bfb8cb079b0c028107b3fe473234ca6,130.0
aac168607cd6ec6ca4faa538b9b6a65b,130.0
2208577a67480f29e84ad6f2419e8945,130.0
7025bf2c3dca2e1d48f783533403e776,130.0
96939536022d45ecbcb1362dd130172d,130.0
e692fac4c9d7676f362ebb6b8cebb884,130.0
3f45162d0e6bf5444b4ccfac3bde919e,130.0
f4c18e32ebac777e74e52095dc71cc26,130.0
8545a9b7b5b52bc607f0fe72c7dd323e,130.0
5527ce198c1f8d62fa933a35526de28a,130.0
4653d9549c8d0bcfa57b462d36fa1b79,130.0
8e35ad059c14e7c2098879b6812fbbe2,130.0
d79b1235f2ab79150ac8dc5f33d3a814,130.0
56df97ca1e2d8a36ee049c9427f9d447,130.0
6182a785dace3f1c11aac6b47aea7602,130.0
57084484e76a8290cf2c9f4968235f19,130.0
168c3a0d671645d10517d3a9a3cfd71d,130.0
fc095ce51fc3399dfb454aee9e562273,130.0
b4a40c3ff78a13494a2a719d6c54e932,130.0
1e95463853727c90d45021184b65fce0,130.0
67737af3b89804ad75d01d9f36ae2a21,130.0
9dc98f0c9072e797de4761ef57854c8a,130.0
47aa605e32d7c5f1b6c37de4a646f20a,130.0
4b1d7911143320a2d3adfc593076d413,130.0
3b1aeee621c38f6606cc23392ef2fd49,130.0
3d315adacb2430ec7101214187b78f18,130.0
e60cefbe177a009f39b4b4000cb0313a,130.0
aacce4b379f144d901d99fcb2cd07f62,130.0
5013591eb92232185ff3486218d55057,130.0
687dbd86d1a4c0dbe89918c62ddb1387,130.0
7a5f00b8eaeff82f1d3be0ff6ef8035e,130.0
4a505431a48f00590ffe8fca872d8062,130.0
bdfea960f3ebb5e69dd14408948c6150,130.0
690cd79f4b00c6cc5a7ea781ca0961cb,130.0
6679db113c1c462e61cb5c016df040b9,130.0
33210d00c54c2950c5d2236c056452bd,130.0
aae53fd05ec93f09b7dedec22367e9c9,130.0
2c9aff9e7bc8f51885fcccf14cb2ed3d,130.0
022aad8457b9fe76c22eaa3cbaf5b6e5,130.0
45320d7206b65559095b4e6d24713231,130.0
bbe2d2a9243953e0145ab851d3acc014,130.0
3426a97512a410ca4147a90fe4ceca55,130.0
110c0be1f16b752c89a04f1a29ec8b1a,130.0
84b2524d9dd6acc4b4b8c9d3cf0e36e5,130.0
0512c36c5e46fcfaa89c0fcc385d5ea4,130.0
e28d48b1fe42485c2c1cf7f29aa078ff,130.0
51a281580055f6675c99cf7bf58ee9e5,130.0
247a1241b0292ffc8167f7391be2f7cc,130.0
1170fc66040cf84306fddb7b7db48b3b,130.0
133cb7dc019947e49b9541c6c2795ac8,130.0
851406b866022c60fdb8a6e862808933,130.0
e20a7db0678d2a167680a003fc25d4cd,130.0
085fda9ad0f070bc313c536d8ce07882,130.0
6ea342594088a8d78a51e55e38053887,130.0
8ea0f24dde338f421c9526331050927e,130.0
acfa23831b953d3b1891f6f164e78a0e,130.0
9a75906521c0e696fdaf64fb5dd93158,130.0
73464d896b5905196286e7edefa9840f,130.0
e5d7a41225348988930f7e38c2b5a434,130.0
1dca3344d31d5d2df7f2576b576b3567,130.0
bb86cb752db7c3949d4a8ec103e4c256,130.0
a2a2b3024be00dfdd15cae8f8c526076,130.0
1c37132d043014c19670796be17b81cc,130.0
ab5c2303fc45a52d03d5bb515e446980,130.0
301b8488e73b154141c3a0c5737262bf,130.0
64f5f567fef8b7faab9a3c95e572cf3c,130.0
c59a67c7f3942b4756a8e20e46ea5c8f,130.0
12591d8c5871d885c6e6d8f2814df84f,130.0
cbc69ea8e3b1fdb3cbc421f7d3f72fc1,130.0
7543aeacbb6f5814830a5aa5c5c65090,130.0
8b8cd016c44d0a90a6523a2a52cf4369,130.0
30bae38963fe905daf0372b2e7ef69a7,130.0
6442854d50234aa44495bcab02c5ce8b,130.0
11a09dab519948f22f19b265239ff687,130.0
a60b68f552d029c7bbbd88d9d876112f,130.0
525665779ff18323edab26a440601712,130.0
eb086a02fc7d3288a0b34e3510edae63,130.0
a0c50d02890a8e5a08966030bdcf75db,130.0
ab764cc6b8b070d7ac7607d06b50243e,130.0
d6fe1f0a70ce8532f4e3a442664f51fa,130.0
d7f42fbdabbac436ec83973868828fd7,130.0
ca76bf6770afd75c6570ea8eed8544a5,130.0
aa7573a3dbeb2e4863bbee49cec0cb95,130.0
de7b10bece4625b8676da31e0c93ee51,130.0
8b7369c82ac3d8d71b77d5b23b085696,130.0
e192295a80bc140473d53f22afc589f4,130.0
27e704283e264dbdefadca39267d11b4,130.0
84a2c4c19cc18dcab616e5a1f061757a,130.0
2a488b993ba9794cb757436f398489d8,130.0
f06a932d9fefe343141d0570ca5d5721,130.0
2dd5f3fede0695d08c7f287426aa666d,130.0
63c23d61b0b07df34331b5fd17feb8c9,130.0
ffbd2a06dc1bc24697dc7b4559027d89,130.0
bb350bf40145b52d47ee7ebd4fa2e485,130.0
a5fe46d6afadbb2e4bc37a914badf488,130.0
fb214d0a7d0085dd093f3912a4e8844b,130.0
07a7e5b0029e354e4428f755cc1988bb,130.0
d9aa0fd51600102c2e7bdf3bf1649250,130.0
b88494557063ca06b09ac6feee81eac4,130.0
04d410b4dfe0f11fb840a095b5f23cca,130.0
1e613beca8e08db97c1162b5cea9d6a8,130.0
874b661d62c1e74aafa401942f9d94cb,130.0
979ab3ae715ce2f980394580ddaab197,130.0
99c873ea775da64afd811522695389fb,130.0
4af19a3cef66be41cc9cd783b907a444,130.0
404a89a048d32c78c0f1fd19855c4263,130.0
e9a31b63dccb0bf5d0f7eb63679dbc36,130.0
c7f321b1951d05a9def235cd05291b76,130.0
80e6d004e23e1fa0a1048f7297b458e4,130.0
cc8b0712a7ec5ad6c11c9dc377a22fdd,130.0
d6369644f940bf60c49dfa4d4c046ccc,130.0
d48576ca60e60c16d78400f3ac8ad9ed,130.0
d6fc5f88bd61861e269ea0d4fadcfb87,130.0
683a74c85d1adc0b826dc6edc23587b4,130.0
ff4512b27e3f8d9774f6e01ceb951035,130.0
2397863318f443e6971e4c13ec92ea1c,130.0
faef2f2f4a3880d56b17a30c8aa683ce,130.0
c6abf5e250ffa1004b4ac53e3b883ce3,130.0
31a30258ec48f7136adf7250e14c6fc2,130.0
c9c9bc29218c998759821344e429a60f,130.0
48208b9deb3d51def25cd44b672cdff9,130.0
9862d4d0ef56756d8d68195d6b7f3381,130.0
bd8365e615d4cb2efaa05b9975e88b7d,130.0
26fc0fbbb4f79edd726c0e90f8025b1f,130.0
4c7fa2c506851027e87f196848c89ff3,130.0
509ea35d8113ffbabd4e26113582eeaf,130.0
bdf73493ab7ca81ec177fbd685d2b43a,130.0
b07413755f95c395799dc2da2f9ad06e,130.0
73b78086ff774603121ae9c25de7056c,130.0
81c6ab437fe90b28b08c3da8d1d12694,130.0
1849a2fff655891c4953613c76a74a74,130.0
1b53291bea0d803ea8d9445552fc011c,130.0
8e143bd17293b4a7d8ad77b56995d8f3,130.0
e558a99543d50f390898597de98fd6a9,130.0
9ff101a7c75ef3fe50d8c95b96010b08,130.0
206aeae1efb26ffc5afbe8787ceb542d,130.0
432a90e363bd0b76e0c0f6d1e364941a,130.0
1252407040f15cc03032ada7119ac124,130.0
8173c84f17bc3acedc7517205e23c489,130.0
b5b5184afc7e70a0ef42d21d2897c8eb,130.0
b3fa452309a527f9ea9db283523da5ab,130.0
ec2e9b399515569e3c86f6263a32794c,130.0
23a449ad84ad098c509b42c8005f2e2b,130.0
d26d89d0d45d511f89d1edcfa7399862,130.0
29804f2de3a78c4414c64beea37d2809,130.0
e66b97f27c737e80c69d24094d6038ee,130.0
de15430f37f04581b26de5bcc7ba249d,130.0
73b6f637aee62f1c0ef5dbcf9c28634d,130.0
6e916919988c15d61b259bc9494db0f8,130.0
7338c623f9e7af272f2f944f0637d0a2,130.0
2bda210d6ba9159f9e54128441d15a68,130.0
2b1e9d6833d3bacf6bd396c45cd3f9e4,130.0
543826d02e97f00429af97e89afae353,130.0
10549f89e59058b4e3ab40d4b475a03d,130.0
a9434e011c74b3cfe8649aafc303c441,129.99
1663565f21476518351527ac76c72ba3,129.99
e86f553170b06db9ee781701ad6091ee,129.99
6bb2826a0f01d7424f7c54433b315cf2,129.99
14a3a55cbb34545cdddf42bfd352bb9a,129.99
48d46fabd9154d485aa7e409d07ad65f,129.99
d9d2cd20127873b3196b6847b7810504,129.99
6830eb32e96945a8f31e658357a94d15,129.99
624f47203285d5306dd47b908384e50e,129.99
1eb56edd49bc10e943716ab0188dd6de,129.99
8939553de56703df40f815afc4786730,129.99
51b3c797c38b500b72e45712e8947e0f,129.99
76f71522a4d0db001ac6caf99763656f,129.99
609b96c75fd36caa48cda6817733557e,129.99
24c1ee3d22885f0d3fb09b80546ecbb7,129.99
c95fd5ec9cb15e99cbd4b8a9ff814ff6,129.99
94fc05ffa6e43f8e072734e06e50e568,129.99
84509b7022a7f2b53412d3572651c4da,129.99
d2f554b84dc5b24c280639d59ecb9922,129.99
fca1f22de13081a34651c48cbb5cfb01,129.99
cc0921640905363b59ccff2a82f9c415,129.99
29a1b419d1654af3dbf4618bc7609c2a,129.99
3c336086cc950f61a01bfb180833186b,129.99
8ead4bd5c751f6f4ee3fc5ace080ee15,129.99
3231b84e6605fdf9e9d0a9fd4bc290e9,129.99
321ce37df9d56baeb8074da8de0b593a,129.99
a6d276e9c75cfeb2db5ddec9add0565e,129.99
7cda83c1b0ab225fe4afb8d9d28c7fb5,129.99
d1509144d1cf3f6f0932a979d3a3b8c4,129.99
cba2aa3b44e87d70be5dbcc4c388e982,129.99
cec6e0c0d05e156326a5b7f9af269fd8,129.99
28e29591108d2c2904cb2058cd602984,129.99
13ba8801cf584ba4d16ebee647f2dfd6,129.99
de1a58e35cf680f2a2701ee47920e7af,129.99
eeed3fa6671024bfde19e218cfc0a263,129.99
964e99c196eea5af2e1bdfd2494493bb,129.99
e7df7997816ff171ba71e0647acd8f3e,129.99
32aedef591873c0fdf1312880c2f2bd3,129.99
2614d024d8016eb209b5963860aeba42,129.99
50dd9f5abacb4ff88d1caacafba4ab22,129.99
f51384546dffb3d2caa47db623a0c856,129.99
998dd72620169c5d4946a893f4f8152b,129.99
f430542e555e325d0dccbbb8410208a1,129.99
477ea158d9edd00d50b9fe31d9a9361e,129.99
7f4802bd5d7365cd23b2dab76a07fae8,129.99
cdebdd9b0e6d04c6a6c2ac526fc081e2,129.99
37b0ec4b8c4e43f1005fe48561fada05,129.99
8366ba08152f16bb9b8534350e085166,129.99
b607e077c8906af72c47a8554a26bc05,129.99
6e285c210944dcf1f2ee784dfd24fa3e,129.99
eac31f11abf9c6c544a319d3094ef835,129.99
42bc73dba3fba40b50d647a428d1089f,129.99
258409af397c249e483779937a4621d8,129.99
5d6ddc4e70e7d06e3b32e2ebd658de6c,129.99
f21708444e76d160f1dd7f3beae7ed9b,129.99
2e784ffd9a6730c4637b4d1f088f9172,129.99
192020ae5b4ff52ca59614b0de8bac20,129.99
91105b71b2fce387050df6f91fc0fcef,129.99
02e9b79160de108ec112581e2e4eeed4,129.99
774c33a9668cf225c839c2521b843425,129.99
81fd1ce2b33c53efbe7ee0003dd52009,129.99
55d8e8aba4258ddc9839acd2c718b886,129.99
8d8974f0ca989a65832ba618313b3eb1,129.99
1c362ec19c48872fbc1a38557234ae1d,129.99
f8b8b0008f7233f675ddf06d3da2a7fa,129.99
9b6baabf95777726177f7153139da548,129.99
274f29b3018839c147846f8033403f5e,129.99
70210c917bc804a1269942a71308a4f7,129.99
8caff5de8d8f2db8617ff4c04168439c,129.99
82bd29c3414282fbba3878c58b3550b4,129.99
468685ea2f9a9f45b7b7d8fd81a3251e,129.99
ea7182ed87b1f092cf7724f823308294,129.99
ee230adbff5ee35ec82710760fcd38ae,129.99
1c5ae5d9ecd145651526222e2bdb2fab,129.99
78df7ce019cde6270c121fcd2287c576,129.99
4c2352fefc6c76c844fb918aa3a1478f,129.99
44131c9072bf84712a273a3f8c8a1081,129.99
806124508bfecea36a0b8028dfc1ac57,129.99
15b7fb20d8805996eca064ddedb843c6,129.99
63e7a08af483dc834e72063957f82e52,129.99
fa8d8a26ce081c2669b4c79639a98e08,129.99
8a0db2c14abe657a553f35959fdacbcc,129.99
8b7cb8eed78725dbc48f10a4778705d3,129.99
42da46ef0cdd769b68cea0d88b6bc5ec,129.99
5797325d4bf11531fcdec2b37d96c5a5,129.99
f6ee49baf90162ddc222152b08f625ba,129.99
50c065ad9fbbc477d28bbb56dcb61600,129.99
56dde5ae4a599923a54ea1c9a64c3094,129.99
5f1378ccd418728c6880fcaf4a766ec3,129.99
19eed4df076f383882a619f93fb948f8,129.99
5ae4eee4964d6a3bb060f0758b9a900c,129.99
f560ee44b1e7d019ae15e4c4ed624d22,129.99
da24c1873842ce03c2cddfc31479a720,129.99
8bb5ef8567547997f07558ee386a2452,129.99
0bfb7d529667db8a81546aa992725f91,129.99
0e1b17d09c043febb1b71ade300fc357,129.99
26414d88442f62fcbd8a39607b9211e4,129.99
0e620b2e35b839f1e372e03afd6bd9ab,129.99
5d5a1f726e41c476ccc0b8142a8c8251,129.99
454b89aa74cc3a41ac6a964e7f6c9e67,129.99
2173c184771a8a19f6fc87d8b3dea9e0,129.99
883517ce41085eb0fd1209f6ab8e7a61,129.99
a1a53a206a8e0b78b9787416f9614ebe,129.99
96b643bb9f71e44bd5c1a6681f7cc81d,129.99
5af8ae09d2997ccfadcc3ee3802d4053,129.99
7e8a4fb5e9f3744859b69444b3d703d3,129.99
d638b109de58991e385ffbf5291eba9d,129.99
b633be7f9ec1d5e7c5dbcbf2c5f15354,129.99
8e43a72ca4287806280d0daea3cc46fa,129.99
49e816a7f6d26d6433da89ca8e671418,129.99
a0bc1cef1d06235c96a23b0e015b2db3,129.99
2847be2e0b1b22c41b801a18dc050a49,129.99
58a02b0700dd28cd6317626512912c3f,129.99
331e03764ace557102ea57186b4079eb,129.99
426b26e6a4d18fc2fa3513bb5091c006,129.99
29be48f5de0efaa0edc2d8741bd6a218,129.99
1da9586891399ca90804d9a95edcfb70,129.99
23efc11a527327db188bf99ed2e37638,129.99
20789090e052be519b3e8d97813bbfa2,129.99
a5363e7315ac0091e716040860cfc833,129.99
b9897e97ff97ceabbced57359e28b489,129.99
c364cfc3250649433bd2a8ad77b101bd,129.99
c8c62d4767ce11a1611db2fbd5af9a0e,129.99
1a0f3e7e61d2a1b7896ea1daff9d0a87,129.99
2462b801e05cc4beeff2e787b86fd819,129.99
1384b3ab68397b7f0b67e1ed626c5736,129.99
5cf3847c728a0bf2219354e810492696,129.99
61109e00cae8fa7f8ae8011b45f06b0c,129.99
d1c7f292317699dc2a6c186df1d4ec33,129.99
82d8d50f9aa1a509e6578984e298c96d,129.99
7308fbfe5202601e78a01cec26ff4294,129.99
01f7aa57edc08e2285a8564127cf61f5,129.99
7ef1e3b2623582caa5eeb84a79fb21a0,129.99
f146f93b48285479951451471d9edceb,129.99
8f147bfb2e3088ac8959f073cf47eba2,129.99
9b3a1839ff915bd1c62f01725598acca,129.99
5cc76dcf28ddfa1bf213e2353990789a,129.99
400b469da96af517eb65220561f3c325,129.99
a712b74fe3bf857d1776297eba15c10d,129.99
4c10a374797f27de2ac9d95e6c6842f1,129.99
f51d0dec3e2271fb4a343e53d3521d1f,129.99
676ee955ce60a3b6eaa8c816cfb7fb04,129.99
6dd345003a66b6fb3f18301af8c6cd0c,129.99
e6939985f0edb369553bd11344c855ee,129.99
7f399d641e2e2064470145178c9e8778,129.99
c84532a23821eab67bf2a2b7456d8809,129.99
a130282ae152ff07a4c853008884ed9c,129.99
cd88ed0737a4336680a8bca9efe10d9a,129.99
135366749a34710bc46eb15cb5db3531,129.99
7e9d9f81d2b989a3a734f4a6fd63cbf0,129.99
dd9e67da549dc5e972c31efc37cede6b,129.99
d557ba0b467c10c23bc9542050ba64a2,129.99
3fc74317efdaa01d0114238407b803b6,129.99
b122895c7bc74d8ee10cf7097b6c13a7,129.99
43a917e7a3082490cfb087d219d8a330,129.99
a2bd81fe49f99f54d6adbb93e3537aa3,129.99
0cceca00fae637fe9d8eb79377d0da12,129.99
10b157911f208e4c7a66b91bbc9c351d,129.99
a182cf6abe84f63e4ee29ac3ad7ce340,129.99
456ae1937d2c1b366e333b0c9ad6c798,129.99
a0369b6ba3e37ee49c6850753858fa08,129.99
2a8e4ea4ec8d14fd8ffaacb4eac10c7e,129.99
29e8d9d0bc3e0cee2bc77305cc2cb94e,129.99
53f611fe710a6fc204d4c0e74b893fa9,129.99
b167b852c85288c36b6dab4a96635f59,129.99
b50432a97ca4a59273423f562da40c0e,129.99
34e883363a865a5e426a27e96a5926c7,129.99
475e7eabe4398e4bc39730cc7d5285a1,129.99
08196b45594139b1c08f91a2dee1ec3b,129.99
a02eee6f48bfed375050accadda3756f,129.99
bf565aadf676f4dd804dd19aa89aba19,129.99
e67e8a66cdd16a22e19c38d452e5f137,129.99
cea0d06a5bbeed1369f325b19c27fe1b,129.99
ea74cde146bcfbdf34e6289b95e04a72,129.99
8553fb012aaa382ff9b2eb9aae6d03fd,129.99
087416058efed159681fcaf612d0d54f,129.99
0a28d1fd8e38cf81c39dd60eb59ab219,129.99
a5661a6d66cb30d6b8b162e39ca176bc,129.99
1958f99bfcd054e50319b5a07a44df24,129.99
2dc6da2422b959b13272324bc019347f,129.99
0c1a1bd01d912098607c17888d4ca485,129.99
f838e842c0f8bda43a21d146deb6f087,129.99
84bea57c14e1cbd4341d46ecc22f5855,129.99
aa79a2362592a54446b3ec3821f88924,129.99
b77ef6aa11b50074739e74d4a78ae4a9,129.99
efb0c18b84807aa7fa6b1fb5a4a04134,129.99
72780e9a805ea5c484a91e4a440201a6,129.99
96cb886e82481d28cb4d2dcd807906aa,129.99
9905bde99309ce3fb208d38a390092d7,129.99
bd1a3e41c0ddbd5cf6166db3c1c4bfc8,129.99
b56ec5827b0b077288ab9f729dcb0837,129.99
ec66df2cb66dfda07c03050470e21f69,129.99
f62a748374fb9339c8b2a648c160715b,129.99
8c9c798f9b0ace383d1ec9587f4eba53,129.99
5f93762316ec932d3473afb00a274cbd,129.99
c72a2535917c69cffe7135677632702a,129.99
b51d567410c3cb6190b2de9cca60c5bb,129.99
64dffc44afdc3b21fc678ea8e14b7cb3,129.99
dab063fedffcd74dc36cab8ce70d7c29,129.99
293407b5065d8fd7fa7077179c1cca3b,129.99
37779cec31bdca64306eafe2b5aa7e28,129.99
898b7b4688e2cbeb852cc0f920a5e7d9,129.99
57a6a7790c1e4ecbc477306abef69de6,129.99
9a66793cc8c7f92c20121dd985f47739,129.99
6c0b2d544e2762cf83631d45fac693dd,129.99
46aa4fd9f28218dc3f9f057b90b01255,129.99
852daf7fcc8c2af8f7dd380a8c47c943,129.99
c5c7f43ef235a5954eca2f6d585e75e6,129.99
72ae4c297e3769738179784911609daa,129.99
1d90a1d690290f7ba518fab61d437c6d,129.99
cc520770c674e35270d16b7464722c08,129.99
1bc38870144132d17fd5b33044b52c59,129.99
cfc99c024cf9d802e199cd999206fe8c,129.99
7aa72f03b6c83301128a07cc30203855,129.99
b7fadbed2cafaf71c41450cb2ebe7013,129.99
fc97bd7a3619d6054f9443e2373391ce,129.99
18a0915969a15a6ef74faae25f0838af,129.99
84051b8582c858f080e8432d60c57719,129.99
58c4c5c61b6cce1d8a995cb065e6e38b,129.99
0dbeefcc8215e4d6b6ee3ec0c8a2f222,129.99
d0e1847065cf49a4489793193b69158e,129.99
a166da34890074091a942054b36e4265,129.99
402f75205b75b521681f67add1bf1b7b,129.99
68eb80c7d573311b901842f7ba30347f,129.99
536a2fcac70ed8aff558adb4f533a6af,129.99
e9589b94323c72f2a3c8528cb3adeea9,129.99
c008f3bac9e5d451c760f32c168394a1,129.99
80ab6bbd8027f608ce6fdd8eeba13c3b,129.99
99f5da45f7eeadaf8a67bab460e3ea5d,129.99
87fb98f4e2e75710737171902c080422,129.99
7aea4c1a850cf1f179099fa1c85e9c51,129.99
85f4e922a0f385268a765354f2d55a35,129.99
e4f80cc8752fcbde6a3daf9d4d8cb36c,129.99
db10bf2055fcc12456e4c1cacde5e304,129.99
e2efaa8052c550fa45d1639dbb6cbeb9,129.99
6d3d4f206d1dfff9564a2dd20bc0d787,129.99
6997da0b64aa6a0eb501e839a6e6900d,129.99
7274039551abb48cd9780520a09e6254,129.99
013c39ad671a385ad47e7d108dc6517b,129.99
c5c6a0a05aa9b46c6e725e72a557c00b,129.99
0f3e9d86fecf526bfb491387aece8e02,129.99
adccd36d4162a8a92d6db5541069082b,129.99
206e181adedd880f4c924c3bb366cd9a,129.99
23c58aad8fd6fabf5eb88298af0876b9,129.99
fdb83eafcca14a49c61835107e287d0d,129.99
22f687d3f54d8409933ee0623773b2bf,129.99
bffbc4cf5f0e65d3fe69a18e7320cbee,129.99
3b2d7723e2ac4a1319c373320ecff848,129.99
d29aad7b71bac81447fbf7941cef2968,129.99
a604feea72cf6c3c63208e5f35dc3c0d,129.99
6669b45fef295b28b7500941fb1aa451,129.99
2dfe4f427568a29fc32a148c603cf007,129.99
221dcdad673d808783fa3ca936233e18,129.99
bbd6d73964cf368d685856fc8cb04534,129.99
48a07f5ffeff2244f934f7ee1c414100,129.99
82667734cb3f83fa00ab4436e3a7a8e3,129.99
778cff46897ef1ea3369ce789960b2c3,129.99
0efe3b60beba60a95722e85d02b73533,129.99
f24de021293be223d93643e1d89acf17,129.99
8eefdf97a251c0ddbe5c9947378f6832,129.99
d8b96ce90eca97230eacd6cde064599d,129.99
dd2b489e0d54de04ef56427126b0d480,129.99
14dc046e2318c7abad8943aef8bb765f,129.99
31216290711687fdd3c7fec5f4893ddc,129.99
74de83afe08d2529497f0852773a0403,129.99
19adb3f7b395a15790ce04b5e19276d5,129.99
0d7f715445e008343eee592c11f0fb12,129.99
578614f14310499cb4a29f5a87ceab56,129.99
adfd5b68ee720910253520bfcf6b3b1a,129.99
aa57e2dd7b09a0f2cecef92f4d99395a,129.99
2c5abc3a69a51d27f10be032ab66beaa,129.99
35a4e68b2dc968a52a8ec8f87f9d6501,129.99
ae9d8bf13681f31ec761764094e6ab95,129.99
d8eae12eae299f031d70dcbe066d57bd,129.99
a128f8a5a209e64734a0a19ef49217f1,129.99
81a742c53ac122ce220bd67609a7d935,129.99
ae1f2f01f136f0172bbceffa5d31613c,129.99
a71f52e216620305e7028f51100b69a8,129.99
f850c258ce056d17c9d4d5b3e84a0d97,129.99
206eede398a0e68dbba3f1465e45c58e,129.99
176a76443d14508cc976f1d84a44921d,129.99
3f0990509a5132d2af23ecbec28c0ef1,129.99
0f0603d577f299ca129f39109268c546,129.99
8b647f05640c46fd8d4be7f5e617dd61,129.99
c3e6e65c01103f03018dee6e9ba6b914,129.99
179e92fa909f97c9d77f559cb2f2274c,129.99
e00a5ec8d72cb3c5ed58f50fb1a55cbf,129.99
659affc86c33bd8d4a7a551a1d721c59,129.99
ff8b10ae20558c8201652e505e41b0fb,129.99
9b1681324bf50ce1be7d23adb7416d3b,129.99
0b5bb9a3a1efd74fa5cccd30d26f4cd1,129.99
d3d9d1df376abf1650448aa8e7a23d28,129.99
66cbcef072a77824c522cede2fca861a,129.99
ad2086a7a9ff955e5d632076b549746e,129.99
64f878fbcfaa000fd3b63a0de693968c,129.99
5c964a570a4a20c82fb9798b6c555b19,129.99
1407999bcdb520052fae75f6fdb08227,129.99
cdf78a4b4403020ccadf1c716f28e89c,129.99
51213d198073a44b1d741f3bd18b7dbd,129.99
1f49021da1642fde361de30ee4f1c935,129.99
3f7906c5b247430e91ab5289a3a00e5f,129.99
ee905ec97794ec6e95a8a02273cf5f20,129.99
88792a3d73cb6740ee74e05acc69ea9c,129.99
89ec59641dd78444fc741a91f57dfe51,129.99
9aa2c4bac83761140a8703ebdf9e49bd,129.99
d58a66feb9cc844ddeebaa8ea7e5e84f,129.99
a57c6bea98b5c5a3ad58228dcd27913f,129.99
af8818dabc1d82f7a6d1e792f56cd4c8,129.99
f0c31765cb4a75e422a68ba7c3f7f8a7,129.99
07430e92e9f370ce78184e10a07b3493,129.99
78507601d58635378ae8d1b0fb325a0b,129.99
1bbe8a696554b93a76665c3d54e2a5f7,129.99
f33f9f2a36cac5e766d02a234f97dc28,129.99
0e50c6c7561c15b7879e4673e876fae3,129.99
d5143d9dd8fc114605c82fb8cb937361,129.99
37901da82354e25caf037388d8138674,129.99
9d86407c0c1b2ac5ff3febe7a452051e,129.99
ec4fa69a3e15387b7581db26490adfb1,129.99
e9b4af752a24a32c3c58969fa2c17712,129.99
f0f4a52656c30d79da81bc6b0057ddd8,129.99
8fda7a6f63fd5f1f098ad1dc28ce6d41,129.99
ebf1d81904ce6ff1b68360ba92e5085b,129.99
607e0ec914dd874eb698c705093fa73f,129.99
f427d28a18c6f9b3de330badbb801c32,129.99
6af371c39fedbcdd00ce27dd1d7b87df,129.99
263fb62b2a4c23ef3bd03103e04b8cae,129.99
9f29d5f541fd53a2d1557e678130dc8a,129.99
90a58b8dfd590f9303aab89bfb08a33b,129.99
008d16b47540f172f75b765d5ea1eed0,129.99
40715b0fba77c4b3b0821ed73ea46028,129.99
2db7dacbf02159ccab4166655db31546,129.99
3b9ca2ad54f2b1a0aab721f52ab7c08c,129.99
6e51797a641218295e6b67fb8f01d0b5,129.99
fd64f38c79dc5ee7d0f88a532a311d0a,129.99
184650d98f41ea97a590511d5ef0e51d,129.99
4d1d60431e94c06016147b85bd0b446e,129.99
500956a8876104d4536bc52cbdce511c,129.99
1d72f0479018c73cd9f58abcb01e776f,129.99
ca81fdd0baf963fa30e92bc440be8bdb,129.99
6f8f59c663734b3f188aba68f54342c3,129.99
a90a46d420c72bdb505abbd7807abb27,129.99
48d19db6e36c86234c34e847cee283e9,129.99
4280fa78d7c43abc5e98a8a3b44d9350,129.99
d00190f9daefc365f13c8f87b1f3a17b,129.99
0d290f873d4cb504c2bcf80afb73587d,129.99
5f18a6b902ea6a8e5a30fe7e8b376533,129.99
220367f3c3fb236001b6afb8d3c0e9aa,129.99
fbe225baed4592b63f36a5645b2496fc,129.99
6d17655475970195afeb70c1f2fa4b80,129.99
1379277e48390b20f220d5b54fe4f385,129.99
fc9338669f6991ca326f7b892001d021,129.99
e64980ce00332f614cfa01af778368e4,129.99
77966b1f338d75236f8405b71cacfa36,129.99
17c867817e32d1474241a11bb120d4c4,129.99
662c1ac3aa47279d8438c925af1fc53d,129.99
6c7f22d419350aa50d3ed422fe852df1,129.99
5758df8163a3dbf93ce402c6e0f0c4ec,129.99
d5611385e2e85a798c08942bdcedf49c,129.99
dc076f27547879d56468224b3055c89c,129.99
44bc4a8c91bffc5f908d449a5cc5d9dc,129.99
977a42394ae3bd12081fdcfc3de5f695,129.99
289a6b3181d1c9b33b780b4828887995,129.99
9c163fbba40729af0b5fcece313797f0,129.99
c79e2edd31f31992979ab5ead7a9ace6,129.99
470daa9717cbfc937a46d064ca70a724,129.99
8fc82ee3dad2800d1fd822f91fe6f19c,129.99
0519861eea334b9c63211d1a02c1a484,129.99
ad15c48c30f7a531fd004f736a6bc01d,129.99
54716fd2984a45618846789f0720d58f,129.99
a5f1df8a1b669439f95c254410b208c4,129.99
eb66d90e555ade7ac77a92866df92116,129.99
bcdb369a0f86bdc5c9ce1b19123ef712,129.99
2fc108f4ec29a03bbbabeeda90f5adfd,129.99
29d768c153dabfc1ecfeb0c1c389727f,129.99
7620a188e9b6ed4a710a6e7a2b08278e,129.99
2d31f217b1ae10b6d50d1a70d839c20a,129.99
bfedb28d23d9f46c499f8d184d725474,129.99
bea4dd01f3c88de870e94eb9447bc0d7,129.99
a1f538df7a149071cca015c5b61b2c5c,129.99
95b563d073d917f1e750f9a4f490bad6,129.99
aba8af55d9a03630a4909b405359c32b,129.99
0447d86a923f286dcdecab2c0240722a,129.99
73b6a50630029d9ec4d6c63ea31d17a7,129.99
16482587049b0c2a607dd532d0653696,129.99
1c587b7eaadf2a38dc35ae4b82db832a,129.99
29b9882a15ca2a894fdfbcbf4e66325b,129.99
f42f332c63e5f50363ab79511e16d268,129.99
6ea6599690fba2aad65f1ac0433a3af2,129.99
87e46784e51e259b907957c54c22cb5f,129.99
3ed87c4263ee242463f8452c23aafdd5,129.99
eebbe9b118ceca3679d622d2a1d92719,129.99
c5c85ffbb114815b7956eb31a43812fe,129.99
894dc3ff74fedf8d62c3849f3cbeec5c,129.99
9eea647a40b59a0bcadbbd32538fbf04,129.99
7752330c31a74c8d479d3349b36cbf7e,129.99
2456f8d019f041c966cd1d26e4759774,129.98
6611519218a110e332c4c6cb89da150a,129.98
e3a11d0d9a3cc0234185519189075f4f,129.98
34ed1c016090a8eb4ffac078c2abc343,129.98
027f4567829d2f2249e5adeb315bdda4,129.98
35429bfcde1d02c1c64914c46ef6709d,129.98
273283a29dfdc13c797ffa2b9c8ea164,129.98
930ff20aabc38d303c1d09288f4b40e4,129.98
2a3caad976ff659d519660a7c9357122,129.98
7a194ec1ed0cfbe0a4669b9d05d6a287,129.98
814605f2161337c56520639099b0199f,129.98
8d53cffa847c8c98fc003386511020eb,129.98
accfbaa1f092fdf6db1d8fcdad351b50,129.97
46635463d50841ed697108468bb0389a,129.97
0addff26cd8066265f7c1535411f2b57,129.97
49fdd3da0db14012c147ef0895516df6,129.97
ceee5f652721c614474008d744d8bfdc,129.97
d8f5acb57547935a0768faaefbd2ce58,129.97
e2f0a1baa756cddbbfdd66856ecd91de,129.97
8fb3ad4132f3d79f831fa2265e7a80dd,129.97
74923e29264de38aca1e2515fd8e5015,129.97
e4f69c779388ab0c6824d957a29755fa,129.97
30b20bc16a24542a1310d0f251678344,129.97
10f9c2fdafc9fbee2c0207f034f6edc7,129.97
148ecba880f508ca2d5b6744b6a7b6c5,129.97
dd87aabcdcbf176a0b83b6c7ea79348d,129.97
4c9abe6b3ff4a667ffdd3e74aaee75af,129.97
1d12f3eea210892c245c9be2bd17a93c,129.97
e1c41b00a132aba2fd305da3ec4aab06,129.97
93d8e0590f3a63f34c9506149982618b,129.97
a98eadfbe8bf954e3d3f69c9e8daa428,129.97
da90c6526afa51df0854027960309ead,129.97
e5d7108db511fe3a3e111eeec628183e,129.97
bf6dee2cc8f3658b2412b07c4e394a46,129.96
4bcc37ebec377d9568249fe87c94f00f,129.96
765f69252734ee67b9b129b30f8220a3,129.96
c79aa808ed234be97e83b033ca5789f6,129.96
7d61bddcc4435ac5dd586d751ebca204,129.96
188216cd8b26fa96077da81f35b43ebe,129.95
3aec6e3846fd122ac430ac1a816107a8,129.95
0be6f5000bb956916f065d0d1e8f137f,129.95
ec0410d8b538eeac93d523a1d9c16955,129.95
7183a6c2d4ebefc9fe96586b37e23888,129.94
6d036be2310d04cd23d731538e7379df,129.94
52bfcbea8ba14168d4f6bdf089a9b591,129.94
5fc9a903467ab21191eab7accee61ed6,129.94
e5dc45000419ca258d65667325b488fa,129.94
6f7daff9ce365b020be3e3bfa5ea27d3,129.94
731ab8b73356171649cb8ed97ee1c99f,129.94
b4d9bdccef2f565308b2564514eba827,129.94
5783948a85bc114d3ec03effa94dd8bb,129.94
91fb75a0603ea4cc7f91810bf32782a9,129.9
9d9e0a32046baab34af9079307a57062,129.9
f2f2f0361ab41bee2dfc69c87ed5adea,129.9
3391d14b67f9a497f056bb575a5f7a30,129.9
91fc66aee9f9bca24147a2fc4d15d62a,129.9
6df2682141364855f009693a8e17f07f,129.9
77cc50c78dcf4dc34e444fceb2e397aa,129.9
a7ba79339a4c302e1cdeda58e60e7733,129.9
f02c4a831d9fc285c178f61afdce2b5b,129.9
3b57fb5ff73b9928e6b1021f51b7d5be,129.9
a8a7365ab74c627e1c5d9a7a2dc5facb,129.9
ee8de56c6d0aba2b21f0be2cbb4fecbc,129.9
23a4e0b020414a47073636b5c44ad7f1,129.9
e92f36cc104bc4ede1abfb94804ed3e7,129.9
6eac3e5927971218ddf536df5dcff1de,129.9
7b07663149d3f7a359896a2bd6437175,129.9
166a0d1044fdcaf47697b34f13079170,129.9
ef68b0cec4f4db6b191c1f6fdc8ede0f,129.9
8fed71909d80c2cfb8ef1f34478c3fd6,129.9
540253928d482f56114c57accd3d9465,129.9
ea67add1182b56661cfc447886723214,129.9
2dd40a5b6b9d31ba875454cee402c2e7,129.9
a82cf4c2ad9b46f2272edf04fcc4a861,129.9
159dae69a6a70a53da6319ab31b3c69f,129.9
d260ae7739e4587ce41c98250f46ac36,129.9
d0e71d7a6dbca8ac513ac63d08a81fa0,129.9
baf94989390857ffce0ce7c5ce25387f,129.9
4cd92fd443bd63320e3220e90ca48c31,129.9
76167f0b00919fe51c644d2fff3de124,129.9
a998044c2973100ce2dbc8caa859191e,129.9
ef14d93cbf59599d4a12cec56b1962b1,129.9
2b0a2a72dfc3c8246bb03bbe7ec220ff,129.9
92fc29e76e4da7c1b189ab092d4c3756,129.9
e787ddf38676914ffe9704e1766096ab,129.9
0733254820b3e1198c31e190f4f2c67e,129.9
848a2f352884465ed67fceee37d858b6,129.9
d42b98520bd105441167611b4ee3cc2c,129.9
94ce0fbd0c2896e7d91f4c10a82a65bd,129.9
d53e918649c306473b41cedff2f7f043,129.9
1289201b73b7e479785043d9b402febf,129.9
c6691e1f1d4cd05a493d80e62bd15d35,129.9
686f061bc1f55e41e260b1405e884c10,129.9
7f7ed2ef1ed98f6618c59d546f24459c,129.9
78080be5a90a5c6c1238c4dfb20c99ad,129.9
d722c0e211aa25d66f9c6c57093f87ad,129.9
c3e6321a98467a852949d20a69408381,129.9
c94b0a7723688efbdd4f0ffda201182a,129.9
669a87ed9830ed7d79b3a22210a1a52d,129.9
c222cf7a226c9cafb1bedfa622b01bf0,129.9
19b1122a589ca4893fcce3cb209abba8,129.9
369f91f6fec269279e15291df339ce97,129.9
49298c0bdc76589ada551d83ee04ab4d,129.9
75348460d695e3d699f56ecaeffc36fe,129.9
1dacf1136b639f698fd39bcf94bfdfc5,129.9
2c5703a91f076abcea810fde233734b0,129.9
e1be51782abd827754616947acce8d27,129.9
9b6a640327fc0ad4c655091057d3eaea,129.9
ed9a27a69eeedb2c7a9107fbd903ec0c,129.9
9af38b73db100c8ddc47988d6f385f6e,129.9
adaf88d3b2dd17497e88d690060fe409,129.9
ddb2e15ba835b6b9345f1dedfa46f9ea,129.9
8ad1cdb6a9dfaecd0a564c7bdfc49a91,129.9
1663f57cc456c4be89d92776ebaf5a21,129.9
9d861a511b20ac6c0e95d9683fd6a657,129.9
e7a4bbfa2ae8913b2252031722480906,129.9
3ee5d5fbd5e3ce2a802137a52f7546aa,129.9
b7d68eb92ede54186f0385024c0481bf,129.9
d8ff2b62871d3aba6e62517b01e4871e,129.9
ac9c7c7db86f7b99d3cf8e7e1d025fd9,129.9
5d96eed4195d10be7ec450423d9e5635,129.9
e925294875630ca391d30949a731998b,129.9
0c9be1ec8a88da24743626fd0384ff46,129.9
8b5926f78698503e751cf6cc237cae88,129.9
9472f9fca02c86c72be6429983d0a76a,129.9
e3af2f250469e17b82d7faeab2e5d26a,129.9
64d06911ac36740bc541f066981944e4,129.9
1080a268b6609164e1c07f8ba652010a,129.9
43c471f74a026f8c226d4f891ff93ad8,129.9
3a5f172e34a641517b8d79ea8186bed2,129.9
7c82476c0f50a544581f32a8b7d7eda1,129.9
07390941d6bce5dacaa94780a994022b,129.9
ce72e0eebdb99208cee5184eac4d97d3,129.9
5d520b662ecaa32220bf59704b797c67,129.9
f79477e895bca99203a23f8026931878,129.9
0ccc3b723e0fe398486c25a2de577c42,129.9
61ac57fc4b3d70670bcea0a84026433c,129.9
88fadbc0119eb47188f05ae8d1be6c70,129.9
8413e7c0395740d8043bf764b523efc5,129.9
884f2496c2d61abf6305b4bf140ccdda,129.9
9a16170772dda32307c89603f96868df,129.9
74cba9ad182f87192847d942abdd259d,129.9
acb64e2599b38fcae12dbfd6bc07859b,129.9
15cd9ed63dd1fbd1c1b70317655a94a4,129.9
ca6daade283e024f6638daaef1dcb5fe,129.9
16cfe4eeb79c435605a28eea32eb94d8,129.9
ae6a700eaa60e0dcc1165f90e391a8ae,129.9
f36d332032fc3052fd5e3db3f5072bb2,129.9
f7ca9d963c6dcc2b5c4b93006b6abe90,129.9
6fae532749efd824d103f027b7bf7834,129.9
81a9409f95b016ac318a250b96465548,129.9
2ee3fe050533dc6bbf33b127a9fdf02b,129.9
a97257b58f2f5ffa5904acf44e29c29d,129.9
cffd72193910e89fa69446f344e32871,129.9
6f2d07aa1080a10cdf51a8463b6750f7,129.9
302de57ef1a178ee6e3c15cd99eb3edc,129.9
31d5d04d4657892a68bc9f5deff51709,129.9
4b2c763f9ab82adb060b50e0db39846e,129.9
369fc6a529f0b32a100a2c30a34a8e3e,129.9
4be13ea33be1d4bbaf1c977f8405d1cd,129.9
2ca853a08e9b198cd7b6580af003ed5a,129.9
60a108918a0ccf4076b95c0614d27870,129.9
7183e78211dd520b9a9d1ed9aa888b35,129.9
76ade414116262df942c67fd9922c64f,129.9
10d49d1a3883a734feeae150d371a7f5,129.9
7f6e9a3e00f0600dc1a8473fa31c23e3,129.9
12fa69008936520da2920cb3a44a3d17,129.9
859a7b535e698c33782421bd099629b6,129.9
f6295486d5e27c0de0101b3f1b63b6d1,129.9
7589cb265524f5dfc502a4d89773b219,129.9
7976fcdfd283f91c4823592a96853e0d,129.9
222560149e5044a28201217b8179194a,129.9
616ee49a34c54a09dd48d105944aa843,129.9
a4591c740887b554a3398c3e399cb4f0,129.9
d09c63d11bf98283700a7b5ce520ea8d,129.9
fadbb3709178fc513abc1b2670aa1ad2,129.9
609ced3f24911300f173a55c54790bc0,129.9
0383cb4f0f80f571863a2542410f51e0,129.9
15e65458c1de2332a93656f2272c808e,129.9
7f2e8f60b3007f5a4beac99cd9b5202d,129.9
a65c7113cc2483029fc52ce8c6af46cf,129.9
f85878687f6da02b2111c606896deee5,129.9
145b7ecf2c0aa47c15bbe20d6bd26a90,129.9
08af4067af2ca727cee7d572c5af8763,129.9
e7c17bd4072a0556af2d8fddcad5ab94,129.9
3a41290b6441f80d71976201a0ad614c,129.9
0d9d6b5a8f628c0ac7120efee0ed3ed8,129.9
e382d18c674b20c5bfedbc86c51b7010,129.9
e8fe0f56504f85ac492a818a3e659de2,129.9
8efabbe97625deeeb73ff7986462c072,129.9
3378c21ca035f277286de5914d4bf999,129.9
ebb49c4725b53f20d3b9ee915dc85365,129.9
0d772db64a20cbf2f1bea1c6682b29d0,129.9
b5f6b4b52d86c568a9b41c6babaebb20,129.9
37b4ce8b6e3c86c0eb818168eb7d8f27,129.9
b766b0ced4645c929816d37756f353bf,129.9
299a48f7420ccd62c0efd03c927381ab,129.9
c0e828e3a7e9898af73a83fe61d40c8a,129.9
94f698c42c1afe3bf28ce904cd18e1cc,129.9
2b780630cdbca58458b9c0ada47cc154,129.9
1156f4f97cb65122bcc46ac87bc72740,129.9
aed3f1f445a4ea906938e139249662a9,129.9
522d1cb904fccfde85524da152df8f60,129.9
b9cd4f6b66ba893869382d4c3aeaba1b,129.9
5aff2745215911ee30d7fa346120ddbf,129.9
6474c7d01599487486730b19fdb55578,129.9
8ccfd0edf3aec24594113e478aa88d7f,129.9
3936365b0df3a48f46163861eaa23db4,129.9
b8e3175fd78ba4c60826fbc7016dfbb5,129.9
92932704db71729a8f947b9ffdce4c99,129.9
c6b5c23bb384412d4f9c7b21acbcc2aa,129.9
32d35c0b929d83bfb1b11e5a7f80bc29,129.9
2acdef3bbc645b7c6d134cfcb9845d14,129.9
e71b08dbd8f411cd4012c9022e6a5cb7,129.9
975fcec0ea0614da340fc40250f55cba,129.9
7400c7e143639e56fc8ffa59d1c03649,129.9
f0c20eb716fdd6eee9527ec291b182e6,129.9
56a65a21f846976ecbc7b7958ff32f74,129.9
a1f91e4a3b6a5e137663fb76d83aa7cd,129.9
d6828d471e2586ad672c9473ebcb282b,129.9
31665bd5bc542687ab54c9fd9ed9917b,129.9
e25778ef22bc9a95b7b57e0d133ba1af,129.9
214c501c82476bcbd7e0f7b13e8ab029,129.9
b8ab289333434ebd7a41ecbf7bde77a8,129.9
1842254f8f4673251a9953dc8d5f0fa4,129.9
7c4988a0f398ba189bab91f23b0be62f,129.9
eb8423de6e04d9f0972caa2fede3b30f,129.9
1d30580f1dabbd156f95dd1948a76d53,129.9
ea965278d1e4355a08cda8f497ba6638,129.9
83617c8843d329aa9e284869b0cb1926,129.9
81ead83512b812f9a51a8a268c76af48,129.9
89cdc0718a1dcfac079de92c3df1a848,129.9
810f34a5e0f7d99c2409aca44c5f8158,129.9
90e1931af4fb878dbe45c79e6e458015,129.9
fc01b62a6d9186b4f5a0323cd9616891,129.9
8fe02ad97529e52360d274bbe3d06a8a,129.9
1516137a38d62194d55d7f4afc8498be,129.9
e30e0257e1c7189e6f6ba4ef151e717c,129.9
7037d795a4f10890c8949c83fb4bffac,129.9
0ef337888c57f8e58775a2de6b386d10,129.9
fc1cc105b757652a5aae908c9609297d,129.9
b8f8657742c599ec5864f8790e0381fa,129.9
e0ac2a4e5a234620bfcaef3796384831,129.9
6da50f6621366b6139595ae7ddb708d5,129.9
475687b15b6e95e545b937e5a597d00d,129.9
f284a7d8ad19cc16eadd4fa63d72b4a9,129.9
eb6f31fdec40de6301646341c6e59496,129.9
a73c6cbaa47b964449deabe357bbb8b0,129.9
415f71c07906c1b7eb334849f352b5a4,129.9
54ee086a04b2293ef6f475ae16a40d7d,129.9
5bd3a80a576a908a96903d80dfea9f8a,129.9
b4839bd89fae37da872be9416381e165,129.9
fbc52509a4028b608472c6b923136fc9,129.9
d4afe26e05e0272f48a9194977473439,129.9
fbbf2375a1b32cec004f68916082efb1,129.9
b19be5e092bab4d46f0a5d73c652d74b,129.9
ef0a53a3dc977bf493065ebf09ab4d93,129.9
636bb425fbe0392f59b1f687a7c34d50,129.9
44288378c0d673fb42ce3c526c627978,129.9
514d245478527fb1e8d46343998eb125,129.9
051039863f6805c5791e5f1eef4b0913,129.9
59a915cb536fc30ddf3e46f9b0f4d55b,129.9
54044f49e3d5428e67ed1efa887e3f9c,129.9
6d4391a3775152a85530bf511b366c66,129.9
264d206dde5b28c82a52d2ce11d765f0,129.9
281ee594bffc396fbc1f1237ce201957,129.9
4b27fd4a123002c373099a85ff378e24,129.9
36bebcb0ffc46c9e5f46a67ebc358010,129.9
80f27570cea5cda9ad0477ce727c9e72,129.9
4a56fcfcad4ee189e515c7066f9e8cfb,129.9
0b79f3d959c1308c5ac26ad7eceb2e9b,129.9
d1a5085fd6ed8845fc5c42791329cb32,129.9
3e31d1fcad9240d892e34d9a50157d1c,129.9
1b737e43244d83cf4389263c34c333ba,129.9
2b33fb50f4ecaf4910139c4e303e2cf0,129.9
3d2186a3eb0c590c87ec680286f66ab5,129.9
99411e9599f8b7a90f2a362b874b66ca,129.9
22ec1fb693e521c560cbeb62f9f46cdf,129.9
a20aec4e64fc5b7ae68c9648c147a324,129.9
37fee4f19422575ecd90ac9b357ace3f,129.9
7e531f641ecdf9f963183853812cfb59,129.9
279246d51b1893f587b029deda8c048c,129.9
7c0db90f1a2f9c2e526e80a042f45945,129.9
443850769486436d23a770bec8803067,129.9
8179ac0bb632704ff51d60a196e441a4,129.9
8cef967d36f3b60c0e6571f382cb25db,129.9
6a0fdc8625275b516a4cf721d28261f8,129.9
5ccef752edd45fef7a1585a62a3c0a20,129.9
6489126dded265a9baf0211931e508c2,129.9
f1ba5827469c53650930595381439605,129.9
874e3ce94e74d677972a169b9c78e0b5,129.9
1adf21f3b030df03819530024c21c2ca,129.9
065e2905f7a83f066d3e66ceb70cdf20,129.9
44e70d6accb4fa0246075d5b92350113,129.9
828bcbf5432d3799131548454d33c916,129.9
90c5ced703f28718eef7ac75cb35e854,129.9
4843a74362dd438d2035ac91d8ab5bbe,129.9
b8179b105164a7662c6592a195eba0ce,129.9
fddf4e8ce2d30dd5bfc274713de9ff00,129.9
64070c5f2b01790e6eb66086e9cc852a,129.9
69ed38d3310866ac3a86f4327cbc8d86,129.9
51ee257478655dfad57af669f01f6793,129.9
c096164be716e1a2fafd609517dd9e83,129.9
aa54fd4369d4c8cac7f225c1e523399e,129.9
65ff7614e2268f51f715eb6fc1d899b7,129.9
119c2bef5f2a91310495d3c149912884,129.9
54918590c1343b0ed2380a9a48596493,129.9
b56bc2668907de41b2e651b6d9e7a36d,129.9
e2e763654987a355699fe26e00edf776,129.9
c1f56744ed96f4d691e31f2d786b6484,129.9
18a1176652a9344ba489fa4ccaa3c20f,129.9
d372561ad1022927871150461a0a85ca,129.9
111c5f3477e53f51efb1d524e8cb7f20,129.9
df4e22e0d8e91cda53e49e2849e151ec,129.9
10054c55fa5243fc0c2298e46d9e1a30,129.9
3bd40b3dddcb1d27d1068ff0a1f95078,129.9
4af4975d2cb4cecda86dcc1716bd2f14,129.9
afcc64cd0cb57207266be44768e4da76,129.9
0f41a66a477328c778e98eacb6a6867b,129.9
dce677bd5ee1fdd44dd3dab91f9ab846,129.9
58c5a7e613f2142414070e137c7c7a6a,129.9
5f84815b21791e9b328de9cbc5d74bd8,129.9
6f0a892d966449f97df09f1024a47c3e,129.9
e7ea13209423cee1f34f8e8c7c8eeb23,129.9
758aedfa7a88fafd333878e149379e0b,129.9
9f0510b27c9d60b4e7d5a281d3ae3973,129.9
66966a2562fadcb3f9e3acbbfa9a4523,129.9
08a2d7b182aec71c41a5f666623bb18a,129.9
c9465587fb93f63f3681f9fc89ae37f8,129.9
2fe841e21865e3aea80dcec864d9fa5d,129.9
8fe5afc484d461215ac5a438f734d373,129.9
a5f0b30823ffc4dc423a99e3c1117093,129.9
1dcc60dd188374880a488973252e96f7,129.9
050309b91cc5e04e68841938e7984aaf,129.9
72017fb71ceef1860fa0053590ef62e4,129.9
d8d3d674f43c5560421fbc2c2aaa06f9,129.9
484dc99de4311213c02d066fc2d403da,129.9
608586e900ad910c56e2c4274a74b0b6,129.9
0797401e5a8fdd8fdf77cbd79b612b50,129.9
3aa247c374ef0288513bd6c00f828d6a,129.9
c36a306029ef03135f04026834b062a6,129.9
18d42eeb3ceb5ab86dbb6cf6c79e2e21,129.9
2da1a598d5edcf718a3c75908f7c4a4a,129.9
8a7885bcb5c0606ad22f2629a9182593,129.9
d59dcf5325c3705b89e66b28aec164e1,129.9
1ee04ba2c1f37311a2885ae6b4ec8168,129.9
e9c505b4b9d21fde74008d694abd9bb2,129.9
cbc2deff4c4449f952c6b6da0369826e,129.9
cc0dc6660942e0b9ba94d4ef6e6a18ff,129.9
b2a524843883f80fec97328f138ac3bb,129.9
6a561788c45be4acceb377783ad116be,129.9
7bb2e1915001b30dda3466d6c81b2265,129.9
b34544e3ef5dfc535cb0ce5eb57f3ffd,129.9
e7afad7eee0a8e1b39be113fb5e096d6,129.9
dbf2ba9913dbfa7408f6ce58ef90b4e9,129.9
eff78d41219eb87ed8724e0670a1acf4,129.9
26dc82762cb8a69033c25900cdb37295,129.9
919af88e1a7b7b4dddd2a0151a1de826,129.9
01f7a6194359c08da2d2c27e1b52101d,129.9
a512cdca6c7aed26b77a3e7ec8bb1b1e,129.9
dbc0f38d854142156f4999358975f8d2,129.9
ce6c68a9e878e180d72621fe4d67fae3,129.9
d65b84d54acd781b90b6ca1310c7ab70,129.9
b4eb3f1d026daac5c6876d4902bd4773,129.9
4336b966ce28726a90ca0dfc3accdfac,129.9
7bb9baed1a0bbe1688da57d56a71b89d,129.9
dfeb499afeccbe255d81f5900fb20879,129.9
03a6ba2837612c689cd65be392b84084,129.9
2de991e06dfea2ca925d906062ddb059,129.9
177b9f223bb2b6492afde4edf469cd42,129.9
e59ca2c57f6207c6b863097c70352115,129.9
f597e83c6b7cd1246669a2dd7ca42f0d,129.9
7283505b00797306818c085c6baf0752,129.9
87e7b0410f911edcee1fe9bcee3a8b21,129.9
2829a3dd603908f41a39329a5f5daa9d,129.9
6e0d6f2388768980d03c69a14da91bb0,129.9
c06ff073c8e5f6d97a3291553e8b9938,129.9
08b7ead7979bc70d24c137cfc578f932,129.9
8bd3e5ae89d89e1c50438845e21b9171,129.9
5f52309bb03b2be3e499278fe49de656,129.9
abfd4bf45af78e5df062d10bdb4add3d,129.9
258167dc1951e74259a1b26f7313a04d,129.9
b3ead64d0fefb438368d32d7842dfb7a,129.9
ac14c96de0060afc775af479d4fd32de,129.9
41005552ba23cc2ae6e28c8751f02f42,129.9
bc2814da65c5b1b196a3cf681875a372,129.9
3d55024d27002962661b6619b72acf95,129.9
3384115feb88ac6ec6294086d0345836,129.9
662cd9737f0a4fd525c2c1c5f82fe3de,129.9
f174b5ada6fc3e38a4c51cb9c77e3c4f,129.9
8b75ca702b00ca128f06c127c54992fb,129.9
351fd12ee349b042954f2274be04cea0,129.9
e10f6446a2847466d0b1c76265210a38,129.9
0b56b80573294f4d663d4abf0de19f03,129.9
fa06f5988ba2f3a7dd013dc8a8782d5f,129.9
160ac713dfef7d7f57a0f61d8a0df5b4,129.9
9d9cea6c5a4388d7800b29d5aa07c72c,129.9
c4073e465adf088386a637bf76ff1bdf,129.9
9e371ab50c3942d37f30e64722e149b2,129.9
c700c4f516bc9efd4588bb9cb28f6d8e,129.9
d03e9645f1b0c62634f4027fa3ca4999,129.9
1e343e03e0136219d697f62fb5d9b962,129.9
f6611745e44d78a6632f02f45c51e734,129.9
7ae53acddb48d2370fb26d3a244a0d6a,129.9
2aca3117e088794c5b5db8089d383e07,129.9
b3531ca911b938dce29950941d5d292e,129.9
972018f2497ddd38c5e836dd0b4df53f,129.9
5a7deacbb289cf8c806204f6b02fc0e5,129.9
68f2b37558e27791155db34bcded5ac0,129.9
1571b4b28094d5153322ad82db57fda4,129.9
0d9c4b5c91997a61af84d12d72e91fc7,129.9
99445650caf90f9e752ca490641e3528,129.9
66d35d28e228ee885e0d95da6f1b0fd7,129.9
ef8dc86ec14a507b281494aa6db1f53f,129.9
8ebe25aca53cef9a055de5c20eca76e7,129.9
49c23f19788a952bc6bccd97314d3185,129.9
a0325e9bffee8bcf4cd6e50bb677111a,129.9
522ea5848b2c1c74cc7c19c199f72564,129.9
efd4f4482383fb800db09386eb83f7d1,129.9
5aa9e4fdd4dfd20959cad2d772509598,129.9
dd5e48c0ef4682875574ee7b9c6c2f81,129.9
a38093df3976acaf05f45407739a8f16,129.9
223683bab5c2d9cb1ebf9eed851e45a8,129.9
b2b73aebcc6ff904481040b41f027359,129.9
1d6c578a3eaaf071ef9f76b887e82b29,129.9
40c7d331b8bc09ef3ec363e115ed2691,129.9
6f5499775cd1db11fedb4da2ba0fee19,129.9
e1f1ab2aee7b92d827f497a9f794718a,129.9
b42cd76ddf2e92d35d9814fa55cc8dee,129.9
b9dd2f49e2557d59ce4309e89efd6a37,129.9
62ffae18a7ca4b2e681c6296180ae346,129.9
46bcc20ccc04bf316305ef8aa6f59d4d,129.9
cf7956da5b322ee09795506d6fcb238f,129.9
956b98e4d6642bc3c6ceccea5aa488a9,129.9
398999978297b981626b0f4524a66dfe,129.9
c79e345faa91d6f3bb1777bb3c12291d,129.9
bc7342cd2513951daf6234923692eb2d,129.9
a0c58da1742fe623c609a92e21af9d5f,129.9
ba4e75e162e931175dd3bfa70e4eaa08,129.9
8092df83f189e6029ffd55d443334a5e,129.9
e26eb46e8146dedecc6524e5d9771047,129.9
a7755fd28da8f162785c56eda30e357c,129.9
a4e90b1807174d6b2013ffab1ada0575,129.9
9159d858e4338e9236345c620b91d20c,129.9
24d47eeeee1e60eb5caf099281d0b3b8,129.9
e05a02673fba8ce5e037b1eb50afc64b,129.9
63635056eddc977d8ee17852c15c50ed,129.9
62accea67b06839b7e2f1cb694952ed6,129.9
eee08cb8f295121937e6c8ec1b89661f,129.9
28b5e91436f06a375a7b4723af02d2fe,129.9
ef55f60b60d98b319265b2d268c14add,129.9
b692bfe9085704b3b59e38c0251234d7,129.9
2798cda6f228cfd59d3676f7d9cdb1af,129.9
adb3c4b6fa67bf11d5ca618f5cbd044e,129.9
334bc1ac6dd04141f8d4dcf03753a1b1,129.9
3b7a43c4128db23da1f07118d415ea5a,129.9
d1568f1104d2015dc70bdf7d9ab88dd2,129.9
74245fe8288c7bdcbcd4644b2edf5beb,129.9
2b3d94ad32203f90d7f85edb7a199bc6,129.9
5b82a28f986ce87f2435c24ec055a905,129.9
c02f2c46944ac7911ae65033aea15c86,129.9
4b3ad0a2a19d1c9c0f06e0010204094a,129.9
59c2c3b2ba7a92a68478e9eb59e9e88a,129.9
97fd4f2134b09d085b2c3b7cd2f7b127,129.9
b4cd0522e632e481f8eaf766a2646e86,129.9
ae88b5d233a5c934013e2641f78748a7,129.9
db2cf3b3feeca251d6c3c93bf5f1b75a,129.9
4db18e7bba09ac5b656a0a5d87f6e490,129.9
cf0e80779e12f785cf99cb6cafba8e3d,129.9
9c358be1d13efdf63bdffaad35834115,129.9
149876e27f49d24b3c0a9d34dfc13163,129.9
9322a7c6208a448238aa9f62f79086d1,129.9
98155bff952dcee9c1184ca64103a1b5,129.9
945913f3d6636b336fae3e340957799f,129.9
c8573b163fe4f9b3dff6464c927dcac8,129.9
080251bf5e42a68d0afe41550463d74a,129.9
412557c43340a382c45cb5729dde3e98,129.9
d618be7012b16037155ed0671bac9812,129.9
b62065e6e845c47cf75747ae0d1c3718,129.9
f6e11ac509cd8cb560fba84ed1e35304,129.9
9c80a3ec6d90e28189cd6d8ec25238f9,129.9
2278e9011d364b2ad3dfc2ca4b1eda17,129.9
69e15a390ddbb4802714da5f52b14287,129.9
caa53a427c1b6df52cedd92e204a874d,129.9
18fe87412cc8e7c9979f992b9af7a19c,129.9
5d1fe77e26f6db69ffcc7075b48d966a,129.9
0ccb4c74c8bb23990e7430fa72df436e,129.9
d3a44fd152f8d7bf1fc08b3bd710f15d,129.9
ae789cb3b1ffa7e1a3f976d66f291159,129.9
10330394534ed1bef2077e1aafd13213,129.9
0b1da960627c4ef05903277a9312bf13,129.9
a8e7d88628f29e914e2c74b804e573a8,129.9
f2c6bafb2b716742adc5f365bd7b94e7,129.9
44db6a0342dae03009f4b1115b24d9c6,129.9
b1a32b560093cdad033bcdc59baf0949,129.9
491e7668ebd0e174f6a28bd563818d4f,129.9
7d46ad28611679afbffbce56cfd2457b,129.9
8221c54551cd04fde5c190327187315d,129.9
d4ad3f9169dea39a475c37b9fa49e186,129.9
d7809355993762979fd42d6ea5515689,129.9
36eb5f48bbe2a07929c8fb47fa5dc33d,129.9
73bd1eb83b4172b898bc19681afc885f,129.9
1b1dfc50053699ae79b11eb126c0bca2,129.9
443f4b463b7789a04b55d86587c1e872,129.9
5d8712db3109f5c3b2b82ba5051220e0,129.9
48706412b33b8cf6c6792985b1e1b028,129.9
64515d5b8b7d02067fa9f06818226243,129.9
9cfea8f7953ee81514d01958ba8e4abd,129.9
506ad507afe195802c80197c61b37ebe,129.9
04aef4b2c2bd9d55991e8f36df779b01,129.9
361075ad44ffadb27e3440aaa0271533,129.9
ec1b4e42ecfa400b92f92733673f67ca,129.9
1ab5665678fec99c775f56b3a801d71e,129.9
aa7210736aad65a84e964cfa8d64aa66,129.9
9e275200117e662219ddfe417c986f6e,129.9
97fc40739ff80bf9082ed3030f73be26,129.9
c8e7201173fe31840a63f7e6b519d716,129.9
b14e4569fdc3353689f16abb8b57dadc,129.9
807b72b40be5c4b62b8588fc89d8c3bd,129.9
abda0fc72e1f8c32dd8291c542e273c5,129.9
26adf926f98621938dc6fa94af24bd4d,129.9
a647a179b5451428127a434d0d3d094e,129.9
6100596c2f854c0d6769aa8a2e929f26,129.9
396465e3756fb18143009cbe0b8cb558,129.9
23e72b8b41b689efef3628c1b1a2ada7,129.9
32fa500a4e324c15904b33f89ec561c4,129.9
3c10da268c72de9078aff090328e7e4e,129.9
e4ca6a6f6561a4ef17dc91951c2320e5,129.9
fad2cebf0a18c1b19a546fcf49835902,129.9
8ff0b4ff2d23f16dc616451a1094b487,129.9
833a808d63f0b42a67cb1bcd0e052c5a,129.9
4cf5be43eb5569afdfe16e158ae940c2,129.9
da90ce734e0cef39439b68c7605c605c,129.9
0c97be3891f7e2598f4e113dbdb6e528,129.9
2381dc24b79f58780240a6892ad9db15,129.9
8f625d0098d0ef8da8da0cb9af210b77,129.9
d65d6873916a1dd38d8527ea4d90abb1,129.9
3ebd35ebde56dc990f6069767e98c9b5,129.9
7e9d84c132a1ec9fa03cb751b0b36a3f,129.9
388bdb0d369f29feac8efc8685c2122d,129.9
c13053da85854545a5a7f5c2d19976f8,129.9
9a2e6e4343dba3bfaa907007cc0fd15e,129.9
c129e739a0d59a850211e19070d9419e,129.9
eba7fb02fe489dbf58e31d9bddcbf1f9,129.9
bd5519f537ebad36bee36923313d8198,129.9
48162cf58a63fec5ad05f501a6726a35,129.9
d6a978328379a7aa82a087d3ca945a80,129.9
4dd6a13c6c65cd631948933e090067ba,129.9
668b5ef22a61ad57c21992f9edb121a4,129.9
0d9feda3f375cdf2c05353795e024a5e,129.9
c132855c926907970dcf6f2bf0b33a24,129.9
cd10bcfe736b79b143b73d75a63458ad,129.9
9bfc8eb502450374e1c3a5989a0b7174,129.9
56cabab28ceaf3ebe6980ce08fe843ba,129.9
5c74e38cb38fa7319244280d172667eb,129.9
ba4d6453843dce644cb8989cf3267583,129.9
f67b277edbb085ff4a97216ad088b804,129.9
e1fb3bd29f0cc22b821938d2853e4cd5,129.9
8e34cb984544566ddd51c2a7b5a59f4d,129.9
064ece0e47fb67c948399c1c0f481695,129.9
33629ae5fadf65abf0409104edb75a7b,129.9
e6bd255da0a07c694653496c5c30c7ed,129.9
33b7695371b6758680afe0f96bc53d40,129.9
4446cbdabb4dd80d030206fe3d3a398b,129.9
a367008336a850d24efc16b193f8e8b0,129.9
18c3721ff948a8dfe377499f048a7bf5,129.9
68b7509c1f04aa6c537f935bb18b9645,129.9
2dcc41b41c92ddf804bed36ec1531e30,129.9
f1d4911942d2bc40d520ae47013a7643,129.9
957902364a8b89fa36fa1aef9e9c7907,129.9
235efb83cffa6226bb1e9083ebde2a6d,129.9
4bf24904ec428325abad2791fcca1aff,129.9
87863ad6c20c831af722c2401a1daf59,129.9
189c6e8f81d96c206cf839fd56352b03,129.9
7a20a239de1fd2588a4d0397c54f0b77,129.9
0bd3f14716a8cac2b946dacd0a543d92,129.9
495cbebb7b69df24dfd02552fb6e7cf8,129.9
ff3928bd6f5d6978c2515547ae381869,129.9
8f65fe07942611b5c45b5f81fc057819,129.9
6a06ba0de1437770f6b5709314369ce5,129.9
f2a3918bbc082e10e605d547bbdf8042,129.9
0a7aa99ac73533c0ba784bcc47b1c5e3,129.9
fed9a70454798e3fdbee236decc7ce42,129.9
e185b722c2a548c39ab8d945ce1742ab,129.9
5ddcd01413e76d53e9ee604f43d65430,129.9
24c20c027494f934d8ade6755a88615f,129.9
8ff43deb04fdc5eb54b79b7c71d7d4bb,129.9
497cf630dd41e00e2a185a9e0cc5e02e,129.9
06ea718b69bcb8f124ac69512c21c231,129.9
4a2018a5ffb14312213c7df659c629ed,129.9
99a92cc95d27398c24ca29ff27e74fe9,129.9
57a6d988264f01e13ed9338441859fc6,129.9
2662e20a611239f65776afe378a96edd,129.9
7e42f801c6588638f347d7590379e617,129.9
cbc57689231f7033b69a4ddbfb2019c0,129.9
04065ecc8bc4cfd1228121cd5426e8db,129.9
b7fcefc029ee36a5d424ce99e18647d9,129.9
4d92a80d65b5edabad7ce77c4beaafae,129.9
8f1b2512b7fa877db77f4bb3fcbc5c1d,129.9
c2bf0bb1f00bd98c72d7545bec147bfa,129.9
bd58be68ec31c0d2be16026dd9ab47d8,129.9
e954ac715512f2a20e640cedf80486b5,129.9
6f33ceeabaecf0654caa006b511a62dc,129.9
0b574e7472d0b8de7d99f5dc7d1a0567,129.9
a345369fd7f6c6ff83b6a899a55af3ed,129.9
2807ccb86c70a612c783f4d658dd8848,129.9
595713cd04130c26109cc971921fe409,129.9
b9a97a1bf65615341a2c052368e650fb,129.9
517eeef342ebffcc00ee0fa2fed5f6ef,129.9
8dbd900d6aac6fead528237f425c51d6,129.9
0c8759a1a356f990be39ac310965786c,129.9
bca98cba3540b3b6f3f3a9ea5aa3f62d,129.9
cecf402b2a51ef3e3f0b5a5f059c454b,129.9
47fd46783327ac0d112d9a86085e06ec,129.9
faafae37ddb3e4af81c10a397bcca35f,129.9
cbc38fd363bb1b56f5afd2e56123c3a3,129.9
187249e76bef7e36e09b6f14b8dce3c9,129.9
e401ddea772552c341960357949fdb23,129.9
5db54e170f4a30fc27d4d23e5f482e8d,129.9
9ee4a3d1a9fb58a84f719389ef1e8285,129.9
fb1c0b4e14844938d19a4265cb8b2059,129.9
3b02ed61740c727eb497d5e1cbd0ae84,129.9
f6920373a8a14434f959e893a803a48d,129.9
de6fc64462f4690790e6b67da7d7edaa,129.89
834441d51e01d38a6035554cb25ed9f7,129.89
ba4313262d731a83d0277b1d920a4639,129.89
1ba15e656342cb648305661e7dd482f2,129.89
5705c08c1d64ad1509507a9b761e8d41,129.89
c3a333fba4aeda785b5c71badd565313,129.89
2bbe4ac3fecd52b453eb75d5879556dc,129.89
b7896ffa94f5b80d1f845336080ddd63,129.89
c05135e931996796d1b5bff60251825a,129.89
4771fab6923ee8f000507e1118bda0ca,129.89
56e72c1aea322da215031c4ec20a23eb,129.89
86ecdd6c5aa780b8cbf7ba23ce92532a,129.89
d6c4d064035d547e04a19ce3ebcb4de5,129.89
f27229ad9d11e93cd617cd1bd94d5b7b,129.89
be6c647098667c50fe7e4c812d1ccefa,129.89
f9e23c14e5ab7352006f43521f84b3d5,129.89
4aeeab0bce430d10d07340cecb987209,129.89
672b9a8255ee2f11a2142bdba63ff045,129.89
46071acaf5b9ea238098f75f32c7fb93,129.87
9d5624c559f9227e5c189106774bb567,129.8
4713a5691cbaa68a98c8774fa9cafb6a,129.8
05a4b790359862d814b2f6d69e4e9f9f,129.8
97531ebafad8d20f98c8d2a6c6ce5369,129.8
a3b89ed684a89e1918840c838578b136,129.8
dbe961508522b92585af6a7f387f912f,129.8
6d4dd822defb49587337ca2fef0d24d3,129.8
400c20f2719430f4366f2619fdfc2d1d,129.8
3d90a8bd92497095afe20f9efeeab825,129.8
1b12b08776e3b17ca4a596ef872cce0e,129.8
b29c3d10654537da46f9c7c3ab921972,129.8
89b021b2bfef7cdb5b7ae69addca0ec0,129.8
c4cfd6c44a0ede227d7faa7fc3331bb0,129.8
ca3f383440e3514f41b0ebdb9b7b88f2,129.8
5f7a7855218d7c079e31edb235f11638,129.8
d07229daef278cf8f7e6be74a2c960b5,129.8
0bc5c0312057328e72e35cead3ee0db7,129.8
4719eebfe6168257c9359fa680d44a2a,129.8
9733e9fce3789a3aa04dc63e1153f8b6,129.8
b755c5f04fe5e214d68445fb210d512a,129.8
716dcf823064b69da58ba0509eb96b1e,129.8
57abe2e14a657e862011387e500abe57,129.8
fc5e431acfefa67d9c63b5e2df979c17,129.8
01e5b020d9c4f26539154b00f632e3ae,129.8
fa89a52fa06bd618d4770a055f983b8c,129.8
1520ada4ef0f3468a966dddf893f16ff,129.8
ffdd13826fa94a17a1455e2367d3ba86,129.8
87f0ec364663b17030ed5182e814adc2,129.8
f0a961193385015dd1b2789126c34487,129.8
663c23427108785957931a3ac88f6085,129.8
7908543545c1ee554db5fec2777fcfd1,129.8
32e84e30a72593d42adf2608dcdc3921,129.8
cfd5ae001c1dac2b16c1026386a799e5,129.8
3f6e3d2c09293a6c18ab56b275c73477,129.8
3fb1b736500b371cd8576c7050fe7256,129.8
0987ae71e7ad93d01d1202b7299fbb50,129.8
a86b2bcf75c0d9ef2fa4750bba90391a,129.8
dc099664976e53ce3c32de9b9d7b321b,129.8
80c3315cd9ff9d91afc63a7028c50712,129.8
7d764a28df8332970bb99fc81c466604,129.8
6ea3afed1e06ef8068705aac32a1cf9f,129.8
bd60114b444f22fc31720b2403f60551,129.8
e081b2f90237bd2d1c83647d1a1427eb,129.8
f41a07db49b6d37e48345fbfdc3e8d7f,129.8
e37fb175f9acdff48e722fe7b47ff161,129.8
9df2ae985ac3e26504b96acd94b4727c,129.8
6e9d9e1b03a032fa4d74b717cd673825,129.8
c4a6eac004cba7cfbdfd86c647dcf9a7,129.8
290af43fe651c812c1836a7075d395ae,129.79
8fe59b3b2e5dead9e2d37708a0ee20c9,129.79
d3f73e9f703dd22bee2dd83ed43c60b9,129.78
e652bcf352f049cd217fe85d968fba91,129.78
1f7eb278ac36577f745414be0edd1b67,129.78
431bdad95e6781a18b295b98d87335fc,129.77
c35fd04a09c83d6f53b2d4557eab7445,129.77
03ab2881558f2bf456eb10e4de32f380,129.77
81a315648c210ed8d08450ba7e830139,129.77
668393d03f3709896ca5d71fd0595366,129.77
5a5128b9d1c98fdf27be2116cf7a5066,129.77
f8553883bcbefee46064c68f92d01be9,129.7
1554ffe702931a062b4383b109accf63,129.7
8029c993d1227eb7f924230c8676ee07,129.7
ef9fbca59376f45868cfd03ca0d711c1,129.7
8562f88633b4e552155fc2476c0247af,129.6
6bb78eb4ba83000a88ac996beed0751d,129.6
022c68d559d62cee79d2a5a4bd567feb,129.6
bc514ba92bc9b2d6c439bd09cc68e18b,129.6
8276de07ef25225d412b8462d73f8664,129.6
c3e6c5d7f758e01d7e5e3f653a2add24,129.6
27f536eb4878f1cc1087155eed6bc325,129.6
0a89df41655531430f9e363fe3a6af11,129.6
b53cc3c992caaa45ec73cfdde4d839b5,129.6
5106f2d4640d186ff66f6d4001b58146,129.6
61911032487aa85b980785414f67e8b7,129.6
8639b075755e125011bbdf07da15f178,129.6
ddb890a3ea68c85af048245740135308,129.5
dc69181d72e06422c621c907e5f9a384,129.5
13d2a1d76856340c89fe82c204510180,129.5
3cece65c04345bbf576cca0ee4059189,129.5
c10365a2d64f63953a17620a113352e9,129.5
d08075d02a6c66fbf4b1117c31862443,129.5
2622cbd2edf907bb373c679b09c01c01,129.5
83941af59521a5289c43d8f604e847d1,129.5
84f82d5d361c6b6ae90f6de02256702c,129.49
f8ce7a62fd76b4ba3d39558b073cfdca,129.49
49c38c2dbdb7f2357b97af94661d1956,129.49
1a44c1aae0f913d13800d568e453dc64,129.49
4b0a0df498777c35ebaed6d77ea7b4fa,129.49
99e92a4ae3b87639d2b55ee0319dee00,129.49
a1dc65142f28a33582c7fcc1cfa106f6,129.49
cf789b8aa3b46c9d0603e59cc169b2ef,129.49
ff92e1be6dc1bad3695547e321d2003b,129.49
da07302b65923d201310f257a0f3798c,129.49
7d23e001940aeb347af11359501cdeb8,129.49
264e5e9f32e548e54a26fd718c707553,129.49
0396cb45bf62655a5a16b9c8f306d12e,129.49
e8a45e0dc990d5f668877abe22e2db2e,129.49
f2f77a190f7182c1532c83cd0c32f6b6,129.49
6235bf8cbae5a82b1c00e4c9d80b440d,129.49
a4240a3a8a5d87dd26f351c373357725,129.49
65544087c25093e9258bcbb9fe58310c,129.49
ddf1bb1abaa86fab121917640f8c04e1,129.46
d70d5b8b1b7a20eee8c44298312672d2,129.46
11cd32106f57df8da221ecbd88155607,129.45
f6af2b95b6be76fe88673d0a62a7db2f,129.38
d45783aa0b9fe57e397da197f2bd7643,129.34
166c0a9fbab75b56c9be0d08f23878ad,129.34
079ee05d1b96df5828d59f580842027d,129.34
5699303b3e4abfe339a1fdf93b8ab014,129.34
708761cac9260fe06a7ac1e921379700,129.3
1bd415bf0765c15f71a42ca3b68cbfcc,129.2
ce4c65bbf2f222f0e30ad0c5c52a0cf8,129.2
2450929be329d0da6417baad9c0ec763,129.2
a537aaf902d2f436eb7f44817154bb68,129.2
51d16c21b35029b39397b510e5021487,129.2
16cb62869f971957141c3cbde7bf3842,129.16
f64470f4048d3944248bfa31f71aad09,129.15
9047078e540bb787e7b270d99d22bd13,129.07
6f7135b7c84d9b96feb393ee3052000e,129.05
375294729b1e449f98d072de7869002b,129.01
c2141e86f308c7b00d8ec297ada8f7c6,129.0
88127bd777dd3e53ec9a97bfefbb9954,129.0
7418c20b5b849992784b51ce99b43b1b,129.0
4129a074aa14aa3d7a5fea1f15ab73bb,129.0
10ae73e50835a14b4a281d2eb1792ac8,129.0
f4a1a29e5f94b0b72db286fff0147ffc,129.0
13a7b529c08942d1e86e9918dc4ae053,129.0
24ee1aafc38ba4ae08741da0bd57520a,129.0
bef38470e63f1682262948029b5d9ab5,129.0
7d25a7383b0544d7976ad6d7bfe57dea,129.0
90b6fbc1cb0e2395e22491d0ed697c6c,129.0
126ef3e3910767db1353e751327dcbf6,129.0
d2c5dc31f86d6780700991aca2cd59cf,129.0
2172e7cb03b6ff992fba64349077a6f3,129.0
6ce9b26c054b6e299e017f732a862b87,129.0
8b4792c0e1ca51d3eafe9d434b4ed281,129.0
ce581900fcd586972330fa45459265f5,129.0
2d2622ca8b7ae3317a869976c5513dc5,129.0
7d4ee92a956f343ad327176573f038e5,129.0
f8f20eeb0195d8943f36a69f94c09268,129.0
946ed1f7e8a8d4564830d66973e9f3f4,129.0
21903bed8121d46e74d60666967c25f3,129.0
db385be90c817dcb9a73ddcc0b88be79,129.0
45b49329c43ef921bfd31d3adda0bfe7,129.0
bd3a507ff02b1cb5e3b209c7d745e93f,129.0
ba6e05bfaabd015a16281dcc603a1152,129.0
a2e06de8ad22fedc67e7c25a21f70355,129.0
465650aeeae0831eb7f2cd9379f41ec2,129.0
b5957b87d70d3b09ff0859bac2d2f12b,129.0
a1b848486ab5bf5941a00cb77f624e97,129.0
e4b1bc5e4ce85c381c60884cca90589c,129.0
0e1cf9332ab9b502f469458da2a5e7e9,129.0
1a634ee44caf584f4374b84806146bcf,129.0
acb3ac39728553eac82ec6934218ce3d,129.0
5a5bf3ec00dae24ee06f833978e27eed,129.0
495def51363e5cdb7f691fa2ef26ab9a,129.0
453ec893900bfbc0c5cbc3e706102435,129.0
ba9e2c8bd1a9d2a57c007283d0c60eab,129.0
00302a0b99783c3d1d1e81c616e321e8,129.0
5a39602202cb2bb7fe86f395f7f25252,129.0
13b9dffa5f31e11219f201acf338c7d6,129.0
da77a9b3beae6f34b9bd97fa26285664,129.0
a1f665007f4f5d36307cce660c3a34e7,129.0
51775bbd39b922160a84caa55f2190c6,129.0
344423c2e26d47d2b6d3dd363a89e812,129.0
0b8cca6cd998b579f4a0556a31f388f4,129.0
aa5ca8afef8fe0f0ef822a9da12d2cf1,129.0
6430b9e20f8b2acf27b7cb72406d0c87,129.0
6dd1e15c0700a319d692f9cd2f556b27,129.0
e8d81fa933755da7c7a16c1cb59cef49,129.0
ebb15bf94574259578127a42a50930b6,129.0
eedb949201058f4c8b33a50250bc547f,129.0
b53b8224d279e3ab3d92983481d81b31,129.0
3a639a0919f3599a4fe763427a8d3ea5,129.0
059f60d3b37627f51e73eec500dfa1a8,129.0
c780e173716b253dd27f73f0f738a559,129.0
fbd16203f972e4630c74bbcdc5940f9f,129.0
e0eac226ceae49858de89e8a5c1ba1ec,129.0
afd73acdd42405b032d0128e5e2f271a,129.0
65c9fdf79fdf0d4b98902fbf9617c171,129.0
3562fd1efbda162d4b0f2269ca2561cc,129.0
47582d9527dd8483589057d536cab7ae,129.0
6d8243c8aaea30e76fb67aaad65d89d8,129.0
1f123329650f76ca910b1710f6b6a4af,129.0
ddeefd33f4b6428f43b0d522bee1696a,129.0
36c6b4c96148d32c037b90aa0673bfcd,129.0
1e9af921838cb34a1bb286bd89abab23,129.0
32cec5605991647cfc79741f0aad7279,129.0
2a06665a19465bcdd512dcb3444c1de4,129.0
1d96ca9c6b79fe73bcad683eb98a4c56,129.0
5ecc8bd7098790f73cb7b580afb1caef,129.0
3147cab2fca689824166e1119213b575,129.0
96fde6eddc46595a15abddb41f62af9e,129.0
009aac1d726cf431e9cff8be1f7d9ca5,129.0
a9d615d6c2f115660b61898530fe393e,129.0
f959e95df30671a5677044adcc37c138,129.0
8a3ee8c4e7b28fbec55bb91eb788a7fc,129.0
c0cc17e4ee16598f33ce7ccc36e3b4d0,129.0
08827cc1bfff8f8ec04d396cdf2a124f,129.0
3d65e3c476623177f95b4dc8e04b917c,129.0
fc25e9ad5c4e1fd84faf0f1fadc8a5cf,129.0
eba0792cf35e2ab2db2dcb391adb5ab4,129.0
e67618ef4120e6f73c343ef079dc405e,129.0
829961c76df2892a3b50656daaa764ed,129.0
fe25712115807b021f9006b84aec0ee9,129.0
f19dbaebe68aa4476b88208062c068d4,129.0
d34a9309d583ff9da2a8d725f4cae78b,129.0
c82064d38030650cef4059e13d90ba39,129.0
19c5d024d9c26d7b38d74a6237081a02,129.0
1737ded16c1fb6e7d2929ec527fa129d,129.0
d64a08de709e077018f8950694c25602,129.0
c0d8c122eb9b251748d380735ceb72b7,129.0
7efb748547e57959499947ea36460a24,129.0
5b4ddeb7947c8961f3a8d5450cec0dab,129.0
cf787755d3ab6f7dc09e5212f2d1aa29,129.0
8f3c4de156b6dce86dc7e761a66270b9,129.0
469f555f7e94adb0a388be1d4088aa04,129.0
6aeae13dbea2ffe2c2633c8c8a62d9a6,129.0
6478510b2c0573351a3bf335b4635c34,129.0
481eec068ea167bad5161f87fa632038,129.0
052b1f40f45996ad66092c6a6fd85877,129.0
8d0e77d51648c856aab7b6f9d66223d8,129.0
67fc18dd86245cfd653233ab73bc0887,129.0
15c30c47d392d1bf10cfe11e5b086597,129.0
2812c5e9e26768d8b8d3046bb8aa366e,129.0
fb6d941b6683b983b6e78cf1668b346e,129.0
90e4610234a323a0a7a5b1aa7e936d9e,129.0
3aab22a2d4ac62420a0c388cc64a496b,129.0
ec56aa1dd27414bc3995d48550973d64,129.0
7be6507bba601fe8224a25ec56e81844,129.0
bcda0127e53e823248ef84c3f6869b78,129.0
e085f7dd45cff397f388c800b5f5c7a2,129.0
cc639a99681c70b66a0fd990f76c8dc1,129.0
033225f6250f5ebf765eb90c41cd9c35,129.0
b71209f45f0ec8f7db763faf4c9e3812,129.0
c5f65173598362d342bfe87492ade0da,129.0
f4ebae603a379d4055a61c782a2afcfa,129.0
41643f16cc59d43e301c29258c3ea7eb,129.0
3e1b3c69fda23c575c2f7fcba5bf2eca,129.0
9d9addc37267270ff9165305944bc9eb,129.0
54ee2a5ff183b34228a4ba44704d6a2a,129.0
af0b8113382552fc46061dd3a2e1c186,129.0
255a8946290522f5dd7470c385ee3a54,129.0
172d3762e1747c3eff279a5eaee647d9,129.0
87a86ccfba74e1253a8866e5c7b1de2c,129.0
5f3f5e9d45914b3cecccafe39f3f3028,129.0
395dcb266e4b2dd47562e938d8495a88,129.0
473c6aed6147fc43db1b31710ba3431d,129.0
15682e5411338f13bfe06c922de887e2,129.0
15968abc40e20338dd5bd434c8b0ce5a,129.0
d6a75734ce93d5310fc80deb80792687,129.0
4d950685a82e9808218883d6be7b15d2,129.0
4ea3538201e62ed2557920fa99bca632,129.0
0116b6f7b023ad7b078ead9dc8f68897,129.0
b8f2418875e2a7defe72582767d67bbd,129.0
8b3bed1ed0578d5b682a475584250639,129.0
7f386e66390fd2b7cd15ebe5c7c52cf7,129.0
4ae69b0abbf8efc595adad1c978c765b,129.0
d5e32f4d48eefeadfbcb1b8e068369fe,129.0
c475bf34e5b24512f195b32035138841,129.0
3b61230f410f2bf6298347d8ddbaa554,129.0
d954782ec6c0e911292c8a80757ef28d,129.0
2e4f4acf17b7ecd810c26c7fa2ea34c9,129.0
9d463820dba452ab51e07e689894fb14,129.0
984e03c38bf2c163791fa3d61a002a01,129.0
ab2d91a034e1a373815d0993bfc44b63,129.0
803996d0e510a99f243e939b6c6f705f,129.0
1517caacf17317327ba135f91b7e5602,129.0
494fb0bd072cd8ccf901962d207864a8,129.0
06fbbb4b3c723e6f7023671729bdbb4e,129.0
c9fbb89557c010578ebdf551bdb5d050,129.0
250dbd896bca419115897d25600ef772,129.0
9b1258af23d35d3f7e88782312e388a8,129.0
3e06df66fce16231446079bb9c53150f,129.0
9ff020a259deb59e7cd97016824d8039,129.0
78617a723b4d69cf675ae0719ac052ed,129.0
040cc0201a8b98d2c1ed270d6b52d561,129.0
9f6b8355f612973c067b66f28c966c5e,129.0
94633c1543af42cafa3898371bc650f8,129.0
ed01b54d3ce6d0440a60e1094c87d7ea,129.0
a610b70e49c8a60cff9007cfdb91bacb,129.0
1966b090f543e7faae8d35fbd5b19137,129.0
e9ac32f096f96b80e968b3f753ac9b7e,129.0
708b5721496545c5e8dae3f7b8e677c9,129.0
96708d335efbd954a4449023aa1ca74a,129.0
4d8cc2879f5397191606002e0a23d373,129.0
b0841b9f20c317181a978f2a2c856755,129.0
c059a685354efaa91121c7cd014be359,129.0
14a023567349f7ae51d411ae95adbf09,129.0
9ebea34aad885332b9eaaea955f03f1b,129.0
faf4c7a6a07938227b98f454caee1814,129.0
d149bc46adcbda6621ab6f9055f11bb0,129.0
90227e52d4a22770ca74c68237962650,129.0
5287baf6fd587eb5ed76b610b97135a8,129.0
6e62287af5611e444bfec7acf45c8476,129.0
064d878dc60b8f7ef83e6d1592e9a808,129.0
279b1deb50e8e49c1a26ddc168600240,129.0
61906d8d924faf6232a8d047a75b4a92,129.0
5e84c9adddbf5d43f14223c9da669158,129.0
690455a7665334e880a5bf7365f1c78b,129.0
cc2076c7e48e1a6be431a0f51fa923d1,129.0
761c1b5ba804fd172684d5c85ef49c07,129.0
ff1650eea871a455fa3c5467669552f4,129.0
a64a5b108e13e362e90eb0ff71dec9ec,129.0
e83ceb64f743ada930f35b717aadf2eb,129.0
421c2ebe259018dbc12a45e720840b6b,129.0
8a6275c42c3ae3a63412425cecb2a944,129.0
70b6f7d1c71cb3a1449da5a4fe5a8d02,129.0
80fd8c4c7004d98ff9cdf61587724a35,129.0
c4882b6422ae0112b71542fdd04b7071,129.0
3a832bedadec4eeb67d0942c8f2f37b4,129.0
56d8324b1de540272cf519a7ee409c24,129.0
b54dc3bf4a79f9bfe2a96006b871ea54,129.0
a35beaf9fec4fbac71efd9a2cd849683,129.0
38cc52f8089ad38971b6dfc26a3033ba,129.0
61befdf095baf0e03e52946c8b06b241,129.0
99c2f528e9be47ab3d3ea403c4bddf42,129.0
d18a3edaf7f0a96519805924ea52d3d1,129.0
00e731383e6ee1e27962b8707c82d8cc,129.0
83ca95550e7e2c10dd548f37e57f928d,129.0
3826c69b59a924f799f03ee725391b04,129.0
d11524bb77c28efad04e4467eac8a660,129.0
ab33748513d842c1bcab5fa685c41449,129.0
b7fb21c852e26ad6058ee7e4f8cb2f0a,129.0
f6a4a4a7fcddcb80f6852853efee923d,129.0
87b562396562e68f82047746fe64b167,129.0
07d4d7c6584be1dfbea942bd0fe5b9b9,129.0
e4ad62cc426be44161ee35617233d7e6,129.0
f2bd2cabe7df5eb5e8330b464942277d,129.0
7dbd34b8d5bab8828456693434b15135,129.0
78995f8262c26c0c11fb3c90acf5cab2,129.0
323cfe9bc2975b388380a0dcce908beb,129.0
585efd953bdf0c0feed085f3a757c9d0,129.0
17c736f2e68e713ac4e1c9d0eedb4cf8,129.0
529de59b3db538f52b46f5c3d0cf1877,129.0
aa3e69930a8912ca423373a6b5ac4f56,129.0
d30990aa307dd48e6e9a054b87372fca,129.0
98b83460f3e1520c356ddf887d1c87f3,129.0
61596279ddb21ea65d3ad55636c1720c,129.0
7a2ffc93e2f9aac4cd2c0e4564446777,129.0
49b0b78f8fd6fc95605c46e685c4b611,129.0
c55aad0b394cf0a1ec47686f4661c521,129.0
c714d0379e12f46b0d3671b86773339b,129.0
15bf77d08db3e89f1ef88b843a5da8be,129.0
56005e0bc41d31584c17a913251a676f,129.0
ad0e66c52492565817b1413109681a08,129.0
8835b132f4072ae00a43842d4259f4bf,129.0
22c60276d51cf85ff2c70610087ee91b,129.0
ede0ac19ab7b3c19d496b523aea0a514,129.0
adc254a5276dce1590f9e614704382a7,129.0
8cb692e725ca4ea31a40a14fc64725a0,129.0
a6f6f997537338e883ff387f4a8f4a0c,129.0
f2d9d1d26e443830ed66e180412e5187,129.0
fcd60251e4d59045571d074bc66bed86,129.0
96fbed57e4c6f8cb99a08219815ffc94,129.0
f42b6317cd949a967e625c2e66c9fba7,129.0
54c44e6cd4988019af1e06545a4a2f8a,129.0
1a00c0fbcc12796d898b5b4a368ea94a,129.0
2f7319232811fe9879212e93efb30147,129.0
9e684293d3dee5021bfc836040e02a19,129.0
4aa4b5ce6f6e9fc6f78e25ceccee758b,129.0
995bd5eeee0a79a7620d7a1bfd49fb9d,129.0
ca9c542e0ee144807d875bc8702cecdc,129.0
dbf7a8f14fffde67c0bccfbcdf5543be,129.0
0522feb4f362f150e2bb2ebf3f47cdac,129.0
062cc8c5ff387d407645b93970baee73,129.0
01ec27f833d99e889b944c5112addff9,129.0
350c4383f9145535bb335cfc8f880dae,129.0
30aef21b6dd78da1334dd1164cc0b05e,129.0
42e43771ef15bff77540fb1fa6d3ae6b,129.0
8139939fe8f3d94899a1579656353a08,129.0
183c36801d485972dce2562441fbaf1d,129.0
ab73f5a2330697c909217f3fd9b37368,129.0
a3fd0ceb125291d15c1708931ec47218,129.0
07d3968109378e8483932cf70a79eefd,129.0
a3f3f06060fe4f8e89d4f2b8be6a8b2a,129.0
da88831d5e0390c2791ab38acd5ca5e7,129.0
c5d1dd3c6c9619b9e3de125a3e6938e3,129.0
1f6f75a138bb20fccae08300b42288ed,129.0
a4e40d74e302b75220643fef1b9636a9,129.0
9633917e5a4e349563a1a5df573cc224,129.0
1ce7c8ae85f9c75f2941b5f3630a2ae1,129.0
df7ff7237ff18756a562b2328d7ee071,129.0
2a7b6d8ebbeaf0ef9a8b47e8c38f676c,129.0
1e26d5d9c7f4fea38f023d1cd7e7f0ee,129.0
e4935d22d9267fc6b605e7d2194ebe88,129.0
1777f8820f1331cc996abb92c3fa03d0,129.0
4c099655b8632e99c4db7e1341746c3e,129.0
cd4df1ae5312a4ec95eebf39cf52dbd1,129.0
36175e3da7afbfa75d52b672702c36ca,129.0
643ae37af3bdfee8f50a9dbba9d2d70a,129.0
70fc0ba9b537837220a6b446bf9ef1dd,129.0
d6ea3ab260c02dc5a2d6270e7d49286d,129.0
eeac9716cda68b517145a971fdfbef5b,129.0
67a649e6933ac4df07ddd1f379a6c773,129.0
f6eb8f504aabaa9ff9bfe57d5200dbe6,129.0
a45511de69785ad6a1e701ae6d1408f8,129.0
12025777799372620b9f7fa8e4426d1e,129.0
206f3129c0e4d7d0b9550426023f0a08,129.0
b2d5e7dbc57493d082219e12d7c990fb,129.0
b0583de550099139bf3a61339dfe7e3c,129.0
84a2a287aaff6e5c91b3eca608dede0d,129.0
bc0dc189dc8d26acdfb02dbc8535903c,129.0
2f350cbd2b1d1868c511b54f6bf9d3f9,129.0
e3d7c50938867a57524676cc82a3501f,129.0
5aca54e53eab097bf761383641913a4c,129.0
2a7f7a3839af32d2fdfe6f36af812971,129.0
095179eaa54b75064120ccdbe350eef3,129.0
bc1397d64d7111923b94fa9448da681f,129.0
a9db2580134c7016c6214deb3f344dfa,129.0
70a5b820e30473ee4c953690ffd53729,129.0
be3989ffce9034d2e139160793f1db99,129.0
bc91b46496dea39b6dd419cd54ee9cc2,129.0
0a431c57145b34aa4645a7c3b85bb149,129.0
bb22cafe10da65775931fd4dfcc38328,129.0
450a256c32a90629c3d89c1f38f5cf32,129.0
5de2b0c34e38970be54f630328573ffd,129.0
a298546d62e795b9cbe36b4aa04fa18d,129.0
b723d39f6b1c1b75dffd42720df76389,129.0
9dfc1bb87ef24d2ce198b900048195f0,129.0
eb4350b67a0264c67e5e06a038e4afbb,129.0
6eb47ff47e714ed6395a35e258741d99,129.0
92c571345f38bbf1b6610b5fa6c4ce3c,129.0
b205faaa6caf091b5e037a90f25c6e96,129.0
966ae20cf540b0d81b6d50024b543256,129.0
a574e0d61e058f387df22f819b98c931,129.0
d915f051734c297d10ad06054fde1296,129.0
b151701284e0e85b8fab6d42b9c7363b,129.0
f5ab2251d475bf866925654740757b07,129.0
2980eb390c71f54d2d046d240c978638,129.0
ce4b6f490e28e39f94d2854c5ec7126d,129.0
8ccafc03ea8240cdbb0e0ad195be5411,129.0
fbeb150ba4aab5ae80d426ce53e71fa4,129.0
236ba35fd1ff094313a131337c5141b0,129.0
91148129257266109dbd9be00f9447be,129.0
92afe47b8038840f6761684db0da3e40,129.0
1e555bb209b083428207fe0e28c62252,129.0
ae83036a02bba05dd6b35f2d1b236b97,129.0
da44295f56502a7dea82924018b264a3,129.0
49427b49e7addb6ad5680c3491475991,129.0
6dc42edfeaaea7b6dd6bb759d731d1f4,129.0
c92cbf323a2d0bcfd0cbd1032cdbb166,129.0
028d8c05f2fa9d1b4923352586e800ba,129.0
a41a44bd65ce55bd82c4c75188916733,129.0
ab9ad8ec2caab5ef277d76fdab958c0e,129.0
b46ae2fbbdc01094b19cf980e402e59b,129.0
e73156cad1d0758c32d99e5cc2ee8880,129.0
139e44006d2388e32faf1718a043675e,129.0
c600223b2102c093e499cb6c4f6d8eac,129.0
1e4943bca6e827e979f0bf51fcbc2853,129.0
f1b5fefd2603e754ff40d1a48290080b,129.0
68d2bb06560ddb0fd0f1cb5c13a75b38,129.0
4b78148f94840e5bdc6f06d8b2362200,129.0
e1809e05d22479eab5c1870280f9eabf,129.0
515858ffc4af7a61d581021e611198cd,129.0
9d9e2b881f7ff0c7cca7d4e1907d0a62,129.0
c43ef016bf2cafe5db5e670dee714ccd,129.0
34ea637ac902c88b56fb4b2907a4c2cb,129.0
212efb04c16e7f11fd4c788666a39e8d,129.0
592fa548b2b29cc92868b9d78d1a44c0,129.0
7c42a4df52043a235ab15ea2f97c449b,129.0
36d9ca3c8936346de613aff02ddd3bcc,129.0
5403b9d98faadbbb85ec061012a213c1,129.0
d42bef6fd6d62c26e60f1509137b1944,129.0
fb0a5f198af9146879712f3fc2afb788,129.0
62104fadfa739ae952769448b2e3886c,129.0
c6ee52985e660e85fb364ad8d35a26ac,129.0
8e1e24d6c2c75c2f938cdc3b5fdca5b9,129.0
67370418294c2fd0ab4119292bc816d9,129.0
b9cccb3fbc3d435d5886e2b614b6c8f5,129.0
0e84f0cc6f9ed4c6ee157f62318c0742,129.0
bda761e43c2c1cb6d278e69acd0599bf,129.0
d9b274a5a8887270550e6967327bf40a,129.0
136a9e6231711b3504d0b8b948694868,129.0
41e0dafd619f5869d267fc993736dc44,129.0
ddf1e2420f62d79dc8f639b3a750241a,129.0
cdb833f7133ef2039a36e2cf5bd7a009,129.0
9e440f4a0eca9788e6eaa1b5e6129af9,129.0
d92de8b66a60b56ab289d8418f45946e,129.0
9b38c5e19f3e7f498ab36c0b095f39a6,129.0
973e521911275bab66be08d43c8b3aaa,129.0
9a65373be082bc7570233d8c60ff5dbe,129.0
43e4b82bff1bbd31273b414af1183c9d,129.0
f96d2f985715f67004e13c4a5f126ad1,129.0
e3626e5e4456891fae423283d82e040e,129.0
7fb06cf41183d4ff1eca879247681b56,129.0
e243e7b7e604780c67d191a96f23e634,129.0
d097afda041bfccfec121cf5b4b5b11e,129.0
3cb502fcf455deaa130fe625b29c7804,129.0
db19751490d5753ba9cd7d538da7181b,129.0
9f44bc42812285f544a70b336a157b4b,129.0
b71118b9a56b7671a08f7d317fe361c5,129.0
9722587eb1c172a4072889c0c06654f6,129.0
9e2974fe836024cfbba8ed46b8baf767,129.0
0c3dfc99f2187c03f0e115be04ab0d72,129.0
2eb2a590dcf23de32cfc84e71fa5a8df,129.0
b4c16be45fd4a77e585f1b40b51471e2,129.0
1f89f66f069b8bc0f29feecf9268bb95,129.0
0a8c82c1e1a5288caa2071afdf447c87,129.0
6e11936eae9d2dea7265d58ca0b4fd96,129.0
760f3b1f882a27beb42debb97ae28974,129.0
7122c24d3c0eff23bbea46f485fa0d66,129.0
b1977c0fa13c254c01e6ed05bd919c70,129.0
26982dd51b55e2a5cd7793d84a0787c8,129.0
2d7d40dea81b3f92cef97262a08db3d7,129.0
723a5aaedfd28127b7f4bf4ead493c51,129.0
bb80f141117e7139d81a37ec79a558c5,129.0
e117d517142ea33086258bd9a64584b1,129.0
ebdc4e9056d3e63849ee02c6bc7c9578,129.0
b4028a61e0f13ed5789bb2b270e7672f,129.0
71410e64b57c1008949953f23acb5263,129.0
30b7b123dd1764ef95cd5ecf08c70ec4,129.0
af18612bfb6a3f68257c693f72848f28,129.0
ca9f4ec6bcaa553e20c64a99a2da7d66,129.0
fc1930db602f4e5c3ef7aed98aed36bb,129.0
299c964d79e3788cd73f4958f533dce0,129.0
e5c606a13a8c2014a8a850c4865ea497,129.0
0f0954bf97e454075ed89d562f01d8dd,129.0
42bf25d48013854d11f394ef9ef427a7,129.0
e15eed31be53dafc30a0ef7c400b15b7,129.0
bf96e70ffefc1f625f3db89f1949af48,129.0
03318882e195c7e5aace9314477cf957,129.0
e7effc4ed3d668c0156a01b47076b31d,129.0
af54dbbeea72cf84e927383202d45e18,129.0
c4c81ff3e35e9170bc2cd16c291963b5,129.0
4fc64c2ce4ee430857b759ef0242873a,129.0
8f9340b62f517e2dc87d56dd70d54a98,129.0
8e145b0bdb5d5e7d5666df954772a522,129.0
46e0639aeeaf0ed627e54107a9726620,129.0
27d2ad0dcbca21dc78f6a4e7c94b1e4b,129.0
a7224d3689032ea4ce1a723a888f8d8d,129.0
723ced66722a0ab2c90a51bae00c7c96,129.0
44e0ea3bfdf99e48cf4c76bb3b134ede,129.0
1cac59dc9ef3b43723372aca8b02f56d,129.0
89fa631e5b7e20a4528402f684e6c4ae,129.0
6ec20bc88d916200c9dd90203f08a483,129.0
2e6d201b0cf5ee860e16f58c0c55cfd5,129.0
d61c245671a7c5d1225b088dfde335ce,129.0
cc0bb28cdfe5d4b253bb404efb6477a7,129.0
225eea8847d66d819b5187fc0b35c8ea,129.0
d7416e9404dbd973c5e83cf2d0e6cea2,129.0
8f88e3417dcfb63db0105c0a02b1ee86,129.0
2c0d19a3ca20bb61b938eacf22b6b6dd,129.0
a3b199ba74dec6e95ad94d210e90ac17,129.0
cb1f700f682e3a51b2d8cd55d577f3fb,129.0
76539c8bd72f278e7b8e3cb0aeeaaa20,129.0
d3e959746cfd88a3e1392952b9892c62,128.99
dc353d9edb5d35503fae9521399340c8,128.99
fa2e394850ab9f289207b4e7ddc321ba,128.99
9df082314a3267c298bfc605619007f9,128.99
9505f9c901430b604a1cba94f48976f8,128.99
57967bed045af2bd3831f8997d98f916,128.98
8e320ed64bc2510dbab1b27a8d8dcbbb,128.9
f1c95802730af255b21b1bffaf202154,128.9
685ee60a0c6b76661ebb35ec6a5a3a55,128.9
9c5f1d09799f8e43199c6a90d8d89ca4,128.9
8aa15d61d87b5ad51604a9292a95ac7a,128.9
11ec73ddb032be97ae8f0219cce6cfa3,128.9
e804719d56f31ce57e5b26431b607c18,128.9
477d719a72a56246c2832dcdd7070a42,128.9
25ed2cef5a8bb4452b7fb9d425ead0c6,128.9
d539b8ac4f0c793900912c46f6442734,128.9
e9c78e0ef5bf78d6719540b3b3df885e,128.9
25d088925de5b8a24b06c9505000448b,128.9
3162c36a548937311e11540b78883384,128.9
6a247605b4d45aed36f7e3e253bfab01,128.9
54a79df16c4a4820e618925fbb7b741e,128.9
e6f959bf384d1d53b6d68826699bba12,128.9
29461056d55b904562da2d9698e6a923,128.9
b87e54f76b85d9446c9c3c2cba4cf261,128.9
7cc995918b7c4560b0f7ec54ef108d83,128.9
66b4fbad0c2c977805b10a2fcd76c861,128.9
a0b2014ff906d045328fe8c8e01bd452,128.9
d866f14443d6d667b9cbed78b30d4799,128.9
17066ea92fe83b36cb9f9997c3cca3af,128.9
7b4728d74f0ce27ff4e8da81a5891c47,128.9
19ee522d0dd140702062bb89e4820e19,128.9
d49c9637bec435e84552bb95ca51eea3,128.9
d86db9ba23e719eb8c1ef6ce74c512a6,128.9
7b9acf95f2a5e2c59942cd80b765db6b,128.9
47202e05f5f0a38ce9f89ad7f7d5ccbe,128.9
3c521eac04e2dca4702dcc69789618c2,128.9
7ce8d02de99e58ca70014d90989a08c7,128.9
dbc1b010bbfd839359e6a3fdcdc33689,128.9
98661b627038780e9e655a56ebc23dc6,128.9
1cda2121be084b488b6ca6d827520919,128.9
ebd67b458c0b8b23fa5d869779adc761,128.9
5a5f0d0006eb7eae8b952479aabf0768,128.9
1160a851f085cd83176e0e32dcbe2687,128.9
1013b3cb87e89aa951b7f556f8c26d33,128.9
bb3bdf949a58ff74c17d6aa4c1f94da2,128.9
96884edb162028aa1d676fdd30629d7b,128.9
4d56e224cc6d838eef5727af0298d4a1,128.9
ec2d96d8dd0823d489423155370a247e,128.89
8b6edda68c5b813a279c016c99a54ba9,128.89
2d13a1c3721faaef560f45099efccc9d,128.89
b7164596fbd6190df097094046cd37ad,128.89
512cad4f8197ceae78d7c5cc8120f4e1,128.89
057212a7e2c0390b177a21009184b294,128.89
f0fbeb9756b77e7f9fab29a9eab784a6,128.89
0fe96292e15cc4dedc8b1eae770933fc,128.89
7a542429a51807452d689223d25878d2,128.89
46ff11393d08824c31df061cb7c785cf,128.8
0a952ecdee3346648d2dca69c55853d1,128.8
bd6500bb5d8bccf769477a7c5a0e67aa,128.8
e794d72c2f20aaf6ecb2242efea35b9a,128.8
01945b2f58c2f472fb2a5a582f8042c0,128.8
67c0b78998f16fcd722c1fcd70f51bd0,128.8
522cc80dea5b91565a9f32781283e97e,128.8
21c15e55f2358a82a62bab48ff52c772,128.8
bd3a17ff830fe6350a15f97c540fc81e,128.8
037f0855b92185d84c858adce4e714dd,128.8
606b9b7f9b4d451c3824adc8386d0557,128.8
61c7dca833a12eaf7d783d5b1b7caa21,128.8
cd0c868c33ebe500b9e2a22e638719d7,128.8
b0727414d186922327c74eafb813d14e,128.78
070948afd9d16208989b064551175780,128.75
f396dc47ebf03c371e9d1144827a88b3,128.75
f3fecb293f31350518ee2ac197202282,128.7
0ffcb297c971a2b8822d8feb8af90b06,128.7
580d8871c30dc0e5f3522d8eb0c14658,128.7
668d9e858c63aa58d80b8edcf3ffd9c5,128.7
e0880ad910dbb5425bf9d8d2a1f8fdf3,128.7
df08d47452e8c05ceafc28e09afd2488,128.7
d44ad6fc7955a99e2d1078cc5d994010,128.7
f98d61da171a77960b2fdac4e68f3e98,128.7
ac60a5e730fff1c3ceb417d8fb425e82,128.7
bb061028b40526dc7bee794b00563a0e,128.7
080f252f36da3da6eb5b04407af199f7,128.65
b825c71fecd094d9809cf05cfa80eb37,128.59
83701dc4f775d9d3bb5acfdee605200d,128.56
bd2e6223ef80789bab4a7b8e50db1991,128.56
b31a89fb4471b56f823dba2960e70409,128.56
49b5823a54b2bdb9441e5b6ad18f804b,128.56
3f8435b0db36ab2b3ec999feb43bf8a3,128.56
89ee21657f18986bd7717fdbd961b001,128.56
146988d07b6d5ff6b0fc85ba6e63e60e,128.56
c0910639cf0520620cb6287133b1cdd0,128.56
f31a4655577f4052dbb69223f464022c,128.56
70636d8d0bfc6027d3a728faae92991a,128.56
0bcea9b16dc81df6e830e8f3a61bcb30,128.56
9c30cbe98d8f27539ba2320a78963c2e,128.5
539367c2ca3545d7e1293d04b3b25296,128.5
ae1a0576d2d6b806f8ac488e766b7b4a,128.4
3db8d7ab9640d049e6cf96272d1c934c,128.35
b5bef6f13a8cd4415575b20468875b2c,128.3
030332f7c4ebdf80070a190c2443df65,128.3
277c6406dfd76e437ad282e61cfea438,128.26
4885fcba25b353494b21f5c6635adb34,128.25
b2ad7a5fa95452993d27d6f5bf4847e9,128.25
eac40d5a8d6c0842ef2854444b66b0ec,128.2
e8c134628117267d5f4865c6abe768ae,128.01
4e453250006d88e3a896e5966d34cc2b,128.0
55497a8f92fba80515d30d6f1b4eb9d8,128.0
f71bd04f936f991d91510d547d32996d,128.0
65b9f936439ccafa20f0d6888a5875d3,128.0
809e6813ae5c0e032f08df8c91a3f8c2,128.0
c8371460f35fcbaec011347c9e84b020,128.0
efb3b5c4e83dab1cc1a1d656d0dab1b2,128.0
00b2b9682f5c2a1f7cf1312ce6a0ea9d,128.0
28622a30de0b61091d78cb053b9cf450,128.0
9e06b2a511a08b4f9fafb1ff6365bd3c,128.0
78b3ea1b4db59453eb9231249c2f0d67,128.0
3547ef8e58a470a7e294cc1f8f90e3db,128.0
5a586d62b6c78b4e174b51854c2e6912,128.0
9f2006fed361ad5ab1caaf4dbd5e34e4,128.0
686a0c0a3bd04f20157a798e5879f9f3,128.0
2cb63adbf997f96f5cd34f2eb27b6a77,128.0
13e7480f7e6534616eca292f8267ef56,128.0
f99805f296e9a95bcd2f9eb3606feced,128.0
5d152b976411db52ea2800964fd26cac,128.0
829d3ea58fe45816348ab857d059a6ae,128.0
e1f402cd293ce51fe9be85bad82bb568,128.0
f2dd08d67a0f435788ea8ed3e5225590,128.0
c353c61f1db7085071135afad6006ff3,128.0
39e5a4b3673465ec8051c92c00ae0b2e,128.0
c227131c0e81dd2b7daa8be05cd99258,128.0
43faf5b056faf6011ffd281cc9770af0,128.0
85ed38c1ada9c5fec7b999eebb4ac1a5,128.0
36221a58d1cd5b882b7dcec3e5f72408,128.0
b3a51a3b8b6045db9ecd1d83aed817bd,128.0
83dd9868ef09d34c50593ee34f7ca159,128.0
39d556e9b4d5082c7dce489e24aa7163,128.0
96b80763a9e40ec80e13ab289a3296b7,128.0
abc6a537ee9498af3b3e1b59ce2b2ea3,128.0
f7fb63d6601b56b83781981988450f66,127.99
13cd366fe64b37786a0c7cf845d1711f,127.99
72533a8487a20d8d6528e7a12c46841b,127.99
50f4ec7d46a714a53d430d880a9636f5,127.99
0a62a6da974f642ec39e568234acb107,127.99
baad4f33b8b48413580c54156a4172b8,127.99
421c70ef8c58203d4f3020197533751f,127.99
d1d7b4d8a0fdbf30ea71ca3227af4edc,127.99
77bce260449122691b84b3e00e6a3b2e,127.99
87976cbdc669a9bb8ebf166b3c2175b6,127.98
e03bd019378c1ad37fbd3c41bfcd23d7,127.9
cba53db1f015658c808d275f18db5607,127.9
28cfdb6caa2f2821c935a3fedbb785ac,127.9
e4ec9be4be7f266c3faf392040727a9b,127.9
f5c0508d514341f2b2f4d2820f9aae88,127.9
7093a3faf4512a8732f8fd29c8bd9cd6,127.9
027590bb7df3dde4fa756d6e9e65bbed,127.9
2be831e199cd5308b6e3ab6f36718526,127.9
b1f7811c846dcae41ea3f396dcf9f860,127.9
4b7a5b368802938da5efeb90c5ce3cdc,127.9
9e342e03f8a735e0d724a3715c64e565,127.9
6e1f501183f927c0d78d16708bfd64a3,127.9
c0789eee49fe7d5d93d5e412c14181ce,127.9
1e11025f8a103ddbf95ddaca105f7f4a,127.9
5b444fe93863147c86213fe089495d05,127.9
5ced20bad39ba7915376770d8d933233,127.9
80f9045398977e9bc6a03fc765f4d95c,127.9
86dbe8b0de56e7464e4b5a4bc77eab19,127.9
363b663a3a18b20724d859e34d3c6817,127.9
da14c1c81592a7684449799d51f43823,127.9
55882cb9d69cdca67b5b9d29ac15ff1f,127.9
2319dc20d045c9b7f7b720821e8a7336,127.9
f19491cb3a8be9c839adf9b302da4076,127.9
56dad3e649e50cf4927b68490c559f8a,127.9
194db5a5d58e5c923d6c2ef8c41e1234,127.9
4f003694fb139e982094125ff336be23,127.9
c699ff4b2dc424677f785aaa566ab0dc,127.9
a3c237000eebd71dab1ed23183d334bc,127.9
034b8eb08858f93308717bfab30b54ba,127.9
fda7b8ffe80f0ab6a9c67563bb3cf57c,127.9
b845e05f89bce49c4cbe5377b63e9e86,127.9
bc19d307573bfbeb957808cf9b4cbdaf,127.9
bd5f97a553bbec7fc62b0f7866b62447,127.9
28fb48735e43a9b9dcc1aa088566a388,127.89
01c843a2c0600def0b7693dba47af460,127.89
0dcf39df481099c0fb958ac23ea36283,127.8
4a4a9d30308a7275440ff5514f22d367,127.8
37c7f02c119d260d0151bb6891bf4206,127.8
6984d553bdba003e79e931721532a9af,127.8
d61fdb0c42d843ba72a06f8b597bcf6c,127.8
5bdca9b7358a3437a36317aa40783eb0,127.8
cd8cc6c5fec2c2caddc3e96619c2f136,127.8
8af1593e90dc41a8920bcf5e51439446,127.8
1322ab99d2cdd4a0da0150a209d321c5,127.8
a00153cd524cd6264bfc9caf183726ec,127.8
1e23fba784387afc6669c56204668830,127.77
866b8000cd92edc48a379e9672976d05,127.5
ea11381089b8cdd67ac634b8e91546ac,127.5
ffe82abbde8061e75c4c0b72f3b2accf,127.5
4d8c11a7b6e568d87aa1824c2180ca7f,127.5
bc353829b04483f9c7163579f4c52ce1,127.5
79e3ba6298327f701c453dedbd155600,127.5
2acc2e222c7d4a93c01b88d28b17a1b3,127.49
d13a5023cf828d8ca1277f90ca59e8e7,127.48
1fc9edfa5157a14833804b4ffeba2c2f,127.48
03d804d4d3e76cbac2fdec148e8d2742,127.48
a80e0e8ad3f8721eadbb57333aad5957,127.48
73348a24fb5172a8cdeeda3428641910,127.48
87eeb28945305ef199a618fcb6b33197,127.48
76469dae2d3c81abb1df6904d6c92e74,127.48
c2858ae4e6680baa31f5a6cabe4b8055,127.48
3298ab6fddfdd074bfc8d7e1f7f3da95,127.48
1b497251da46ec482685c324325169eb,127.48
56e49a976bad6bb2121b6fbbc38f8d3b,127.48
620b061788ebe9ad22a09053ec126c55,127.45
f9dfd7942a2d7f1588b7638a9bdc8ff1,127.45
c61712069fee480dc1e288d0b9019dbb,127.45
ffe163d4aa503e6ea00db9eff31f3d76,127.42
639765abfee30033871ec7049f354048,127.42
b5bb2b17fd7e5eb79fa3f1091c6991f1,127.42
1287c8ba3475af023c0cfbaf3b13c3d6,127.42
e28f89822f6d7825420555ffd0b48ec1,127.4
4a4f956bd9b42fe75897a1f63786cf06,127.3
e01307c6b8f2a3e562e1a650dedd48bc,127.27
9c6bf855fea8ceee89c3a2f9073e65de,127.27
874c29725c71cec67452885cfcf67d53,127.27
0927c6f66e76131f9ab61f7e170d6724,127.27
e7ff0f90a95997a2fd13b1daff21991b,127.27
c66ffb5f9613ff18092337063c5ea0f9,127.27
2e011b3ee6c6ba14113c197f1b740cab,127.27
2d526742d60a98a21a1eeeb458664ece,127.27
8a93c28bb5fb7910e0bd529156d87d2d,127.27
96a3b1637f1cdf5e1bd78f05f1da190b,127.27
58c64ba24f392c8b7d9391d22b3c34de,127.27
81bd3b2c556601d86de4719371ca7ae0,127.27
abadbcbbb0bc8c1f6820c9fcb7ce8077,127.26
f889f85e7338927a1a51de65484911f1,127.26
cdb52b6ba19c4ce0374834096b3cb42a,127.26
9ce680550685acfb8f43c455d3072cad,127.26
5b4c28c2c3d722ad845e1883da34e8e7,127.26
5176f5c4d07111ebc72ac16365971ae1,127.26
5f9cd39d3754cefc00985665eec28c6b,127.26
068496092363b0e16a6a289da4212d87,127.26
2ec5c991e9e555707bbf7a41d70dd5d6,127.2
4d9f709311a714207891f7b75a803517,127.2
8a81607347c25d881d995d94de6ad824,127.2
36f86f4abe21fa4ef147816fe0f90ef0,127.05
355e5cb41305ac7e8d9291fa1d3648c5,127.0
9c159f3aa83cd57f79f8241e0a7f0628,127.0
08d221df6d6f296dc22b4332f03f3b05,127.0
265b87c2715d7f3be7b5585693dab64f,127.0
a042b81fe11690a504f2c622d3e5a3eb,127.0
3090a5486278c5bed3dec2bb7bed04a8,127.0
3101541ce748b5b519502b237d72b5d5,127.0
a6889c3ee5e603ff3fe0a580721e2a97,127.0
bf4f9e26fbef3fa9a8085c93b4468812,127.0
0f812e34c75d9df59dde62f2b38668e0,127.0
ea5744917d5a275155a8732c1c18e994,127.0
2eca35f786a190856c77ba9858505945,127.0
33e3447a291780d38e59f5d4fdb42d0e,127.0
fb39becf0dd61e75a7c3e5bf2642d55b,127.0
229b496914baf5b5c924e314b439490e,127.0
d563da7a526992559c8c913f75d481d3,127.0
c33e83f45c633a4da0cefaf88bfc46e9,127.0
403bd0ad9f819c0c4c68d01e298da759,127.0
aef57864f06392eefdf39d7904bbb2eb,127.0
ea3ba35bd5dc1f3db4ce8f9ef82232b6,127.0
b1aa2abda32e707cb5c7ab57203e4fec,127.0
e84ae3177de985c590e3e9d364f7acaa,127.0
a3ae3675493e050fd2e74539e9dbaf80,127.0
2dbffe025a0f463a039b8e98f85e7806,127.0
1c0d78edc13c81d4b1b7a6f83fb8ea57,127.0
9363024235560d595e1dae2ea61f4afe,127.0
ae43fa31e3049afec30101c2c05cf2fd,127.0
430b71cd7a955a7232bea5a2911b8271,127.0
987e4a7241ef9b2439140b3a97efec04,127.0
43eb99f58b7ab10c0d125728f50e9427,127.0
9f8d47a6522a7c8d2353ca41fd62535c,127.0
1a2fc84ac9642ad8a3cd748716e498f0,127.0
625077947cfeea7baa881c2270ef72b2,127.0
73038e9f26a27fc56631416306bd7829,127.0
587e813286f057988808033be2a63a4f,127.0
cce3a63160b8820b4a468a085d7e73fb,127.0
4871648597f5e905374f3740d8d3fff1,127.0
d7d5a377ab2bd538d73b6384197c985e,127.0
cda317dbbdd9887d0ef766b397d36fdb,127.0
5e292fe8933613069fed209378379f90,127.0
550200ca7a0ed2fd23b951edf86a884c,127.0
3c9f5d85b884965667dc59d90aa2df48,127.0
c9cb49149d6cde01cc34c008d9f7ab76,127.0
530575e87308897d871c2008d28713dc,127.0
009556b29007b7233895402fac956591,127.0
ae30f82c73c8836ae857f7a58739c813,127.0
9619f561d67cb918bf4a6d608a04febc,127.0
43ce0dc6dd42843fd918ce518df8cda4,126.99
67fc1fa63f1aca79cc4c36aaa4ce8645,126.99
4a952e461d14fadc2ef375934c06b7cb,126.99
d24a0f00aa18133811d0aa666da75ff6,126.99
35addbf15264e475a9c766fbf3c3e476,126.99
ab37a169aa236ebab63bc925b4c0c723,126.99
0681069ba05876a097555609e2496d1f,126.99
83257fb6f3a1edd3a75464178aa3f382,126.99
e43ba73efbce0b4dd005c5d76a88629d,126.99
17c36e02290b22045ae275705a45cbcd,126.99
9923c6304b55166c7bdb59470d76e262,126.99
318c507609f1e34e3fbaa0d012e0a3e8,126.99
10558ef4afea173bfb5e2cbe3d5b0bb5,126.99
90e0e7316c14e0e5f016dfbfa0bb73df,126.99
ac18ae4e287a1733db9b391a7607a548,126.99
226152ac481f0b29cd416d4028f64224,126.99
ae949beb91846815154c3fdff84351a0,126.99
bd2c13f9aff19c6adfe232373946e6ea,126.99
795aa95b8fb6726444ec4594f7b2dfda,126.99
77e89036b2a12446043ebf90f5b3c048,126.99
fd3a0b1bd209f0e7d420c9c3d1127613,126.99
8a1de9db994adf4e7cf5976b56f45d6c,126.99
2a8b1640932137497bd86e83df558d64,126.99
eeb1b872033e14b1549872fd8f9e4d36,126.99
bd081dd01290e9c00f198842cf31b0b4,126.99
313da4e668f47725525d85459b580bde,126.99
8476f21b02f42c9cbde452be87cfa6d4,126.99
51944d02eda1cbb54ba49ef747c2a4c1,126.99
e7acff27456fbf335dfae22a6bceba90,126.99
a44c2718ceef807f0b77a73b5192127b,126.99
ff6ed6bbecff417c54e415deed2caa67,126.99
4c4a5eb7bde501ed1a0e3a5297a8c949,126.99
b39def105bd70f65e3352f896c32d20a,126.99
1ead7fec449a8822f1cc825c23e798a0,126.99
5eedfe8770c08d904f4c4f1c89da224c,126.99
d36092b7518d3eb6747ce8a0d63c4db5,126.99
e997c13467c0068a2483d7472151fc31,126.99
c14a95fcf2ad8b83712bddcd2af73f83,126.99
3e2f92a3270a9218d23d86930d081605,126.99
e2e81765abbe9937086b7036a6766141,126.99
d445b9c894d13feec15913b63b8f802f,126.98
03500f262532234525663b2c3ac1ef57,126.98
afb2a83dca79aa34aa11d9e0843382f1,126.98
4a0fe2daf258db32318f5e80470078cd,126.98
ef1615358c72dae1c068aedc495a13f3,126.94
18d0e9534511b288a524526b1b6966e4,126.9
9ff374c99c069893049c3672e49a5e37,126.9
3ca320c118e7ec2503867e31a79c479d,126.9
b0792b7825124460d0e85e6b9ba0661d,126.9
7f5f6d402a23a76d2efc737bbd3d7d1e,126.9
a5d55a74f380d575e1b4c4e4ccd8b42d,126.9
4f3ef15a15fa5342175b6a2c03990ff8,126.9
a56e4c8f814dd8b9f4b6966a3c394397,126.9
2d5bf8c06b76ea4c7e4dcb478b2fee54,126.8
ae403339cdfa0c7fceb58eb01b167718,126.8
2909df1003b1aa5d3a49acb20a776531,126.8
eaf7515a337e5a233b0152251af0ea5d,126.8
7fc98528575262be7b869a96d2a9fe69,126.8
2e80749aac70cb5de36c424c2113ce32,126.8
888aec5eec463be5a9aba99e3dfd97b0,126.79
30eea11489ed0fc2155f0ffd1c7b0fad,126.79
658bea1670fb409f09d6f5b2133f4752,126.77
c5284669b32f3b2e20216a64681515f8,126.69
6038a8e8039d115a4ceaccaf98160d07,126.69
cd9b65266e937da76d5203621315b8a8,126.69
09f72882ee46dc4b201c6fc9ad2d7dd7,126.69
6ef5c9f7a060756a678e74a07a3bdfd5,126.69
24a0c8ed6023ebf150adf2594bb824a1,126.69
ab08684ddecf0885c8e85e4f9a7a6259,126.69
f70bab6329992d6187af204139926066,126.68
27e870080e742c5d8822fa6790b4de9e,126.65
dae281fe282405757d491f430d796b30,126.65
94e077d5876a2e9604cfd3df5a8e1dec,126.64
ddc68290ac609084ffa721fa229d55ed,126.63
5ab3c37d3cf12220b77de5f0d6ea1a66,126.63
80b5391bb47785a477daf13c1f0641d6,126.6
12d6c8927ce18ddc37dc9e74ec9dec83,126.52
bfd79932bf8a1a516868b6109c174fc8,126.5
a905d4b3fe690160573204533764b6df,126.49
eca860b256d2f63ad2f41d09f7655283,126.49
ea62078ca96a4eef51c43ca0538a57ab,126.49
2f5d35989878187f33b6e601743b55f5,126.49
ebaefb74bad3930316a9134fb13bd8df,126.48
bbc2628991d194b57c8166721570a3c7,126.4
a572d479e677b3a96864c76278a78411,126.31
be94819d23e284279425496d0e695777,126.2
9077d1906497e0ebf4d30e38ca07c5a0,126.12
8b887c8011957810df7aac10a8019e02,126.12
ae141982896c1f1f8a238ff81ac1d0e3,126.12
7a6ab733eec189ed393786b92d3e563a,126.12
0234b5cac2c4d895fdb1ef8d2956c84d,126.12
4c77c973538d06c6c1fd404abaf885f8,126.12
8d5c51c33a0c3ac2c2a285ab3f5d7f51,126.12
546a93251eab522453a48b245ccd5549,126.12
008d7d751e72ae684c0d31bc988b36fb,126.12
406300dc1b41b134fd12bedb592bd894,126.12
c5f864b059ed9bad0dff5b9e99220868,126.12
51c434b18c724d161275dff5fde121d9,126.12
dc8fc92aa4abdc1cd1d7a9a78cb9a965,126.12
c92dcdc19ddf619d3e18e6add2ffb398,126.12
331c5690c13e397b0e1fb1fb407c4f9f,126.1
6ab4674ae385fe7928caf1b8f5d0aa9d,126.0
5e2d7a5f33b0d7fb5d391ddff79b7bd9,126.0
ac3be1c7d1ff665931f887f4a1534c41,126.0
c01443cc3dd815804225dacaded87050,126.0
14f8cc584e623e4d3c92fd134fd9e8c4,126.0
452a6d55f932885a9313ee6255cb3e73,126.0
0f835d3a44bfc8601fe5825f921ede8d,126.0
487681f69a60358b365e3e615b072f4a,126.0
eaebd0ddc44060878f03cbfd635fab75,126.0
ef2415ea1854ac041c3700df551dd63e,126.0
790d601e60e27df9dcf5e5399cb821e4,126.0
2e614ef09050de569eca813df9d75659,126.0
57706311eaa9567de77ec5cd329eeb7f,126.0
c6ba5f89dba4362dfae3543d449fe4ad,126.0
b5134fbb329c7a02b7eae0587eb98cdb,126.0
ebbd6c8d7511352fbe3511d1e547181a,126.0
69eefc7588679e6d4a880f2eb9866b5a,126.0
177616f0a95f749bea62333503553be0,126.0
865797c9ea7b60434851c0480a3245de,126.0
548e5f0886c8aed86a8493f9dd8382ec,126.0
f83fe3dc158f7a731bacc84356f5c5b3,126.0
1bb0dda4f7267e2f1787555e13581d35,125.99
6285985007f6fe44b21f65e3d0f5ec97,125.99
58a556973edd562151f3346d527427bf,125.99
d0b60387af8a3663e436b9852694356d,125.99
00ed8dde25f27c50ed32e0c4f1f8e76e,125.99
9ab6829ab5b95881413d99af140fdf08,125.99
3f4a88c82ee2a505b0a4b41cbe0a438c,125.99
7799eed03d37a5851a68b1ab77a87849,125.99
e1067f71121e6de6102b10bcef4b3e2d,125.99
2d7a042354d223815c70ee2519f72c9c,125.99
110f5c3e2c73a6e64c91c92fbc0d21a5,125.99
cf612a028ded9ae8449386de8ba61e24,125.99
9882a8996f125bb658ee48be22c022c6,125.98
a5fbb6579eacbeb02752a143bfe82405,125.98
cadc94710615d9314120ae1c88de0cc8,125.98
64ba4b1cf394656f82a9dc6c051d8daf,125.98
876f9a6c202666e676262ce4e5225dd1,125.97
30c064a514a528e5e28af24a5728e1de,125.97
128ca1cce5c7b800188d3b91f8578b35,125.97
f46866bee9c15d7a3882b4c4caf5495e,125.93
0026d252429f669d454d726e5e956aa1,125.93
a30e64a6b397b502d795e0c98b2ab8eb,125.93
fe1c32c7f25bf28cc45421bb3f03274a,125.93
0a4de0e3a98545d94306bad0e1133fe4,125.9
4d724ca7f32d3adc6ab49b2395c07a92,125.9
9959867cf478a35be11d96c775411a28,125.9
0a2d230e2761d958999166488ce599fe,125.9
3dad10fa91656a1d27cf3bd2514c881b,125.9
a5f9c7d88fb1f046b5cec9e78bd80063,125.9
1f949db3dfccc9c0ca44d38df3748db1,125.9
f52778cec7c76551b704ecfd145d8ac5,125.9
b145bff18e79ac4dfb3fb91e61906f38,125.9
64e2c043d20edb351bf9894c45475e80,125.9
37eaec200cba2f87e201d049f30538d2,125.9
32367359f4253fe54dcf1ec1b4a2273f,125.9
75bf36ee775028334160d2d39552d9ae,125.9
b47579293e9f61a86c183a18fb2f7255,125.9
49bfff17c9d66763eb474bce40c414fc,125.9
8cc6453c57a83e84ab84f67dac770a1c,125.9
22f8e15949ee7e8259b4dac40177bc93,125.9
84fa5b5f1af3af75e2e44452c296e41d,125.9
0e681bde5fba98aac2a57c904d4401c9,125.9
49f218b2505aac7db523e8b1432f7915,125.9
34f92bb2c12674af276a774cfa6dec4d,125.9
f1cecb0d53dbf7fa857a3d17bdb43e52,125.9
0b918f630623783e295db67659372d23,125.9
feac68487f7ac58b65ecc8e6b4a12e85,125.9
c5a8686eefdcb86e4216dc46cec8b81f,125.9
4b63383d57d7b45e8c7df93cdbc5029d,125.9
e148f151e0fff5b53a940a0b8a0b9b45,125.9
cd437737ec19d74ccb8d6dd461aabe73,125.9
716cc4c139536f08fd1ebf0a8e6806d9,125.9
e192614bed5eb7c4855b7e6ac3bbbd24,125.9
590bc48cf0123e62d60cd1102d4c599f,125.9
f07bf0addb00665b70642dbac95605e4,125.9
f3f0e613e0bdb9c7cee75504f0f90679,125.9
4b7c71ee56a82b16431dbd5234c9c8f7,125.9
e288b145525a2a1b7f73fa9101f3904f,125.9
4c3f41eb599693acdaaf7dabf75cc6ae,125.9
4a4421979cccfa3b34b609540e6a86e9,125.9
4e37f00d687d9dbb17009dea9767b1e6,125.9
01d3b76b3d6604372075f8f2437b551f,125.9
081cea15eaa6b814b2f0c96821007981,125.9
aa15c4d66673887c9953a4fd5e181f60,125.9
f57351f8f87213bbb758f2f902f600c2,125.9
cbd97d7b036a5039e4b48265b7a7a310,125.9
c23229504986c0f7fc1452ce9863c611,125.9
87f51a0f934f82e81d8680ef1afeaf48,125.9
1fa0a6dffcd587c4a296237a7dca3e27,125.9
21bdd767d991e3dc7efdb6149f1e6c5e,125.9
2ecbf75689a0fe7bcaefdcda5ca1cbf0,125.9
b21ddd04ac484e7699022c699ec0b566,125.9
1a8ac03511051d7e9c5491b970972897,125.9
c69260ab73f00089fb5eb67e8cb0dc01,125.9
e67393f6b61b76b3990813390f4a4101,125.9
adef9269536e84c599b8ad8491be6475,125.9
afae0f1fa6b82eaa634f9cf041e73814,125.89
4382a843aa3bf7571f81732d6262bc41,125.89
51b93a7b13da97fe20d275028db0c668,125.85
d1887ee73588097df36e7d83dfdc6d72,125.85
b8fbaa3e26e3e604818d090861f162b7,125.85
fa30f98de295c17c75abaafea5409189,125.8
cac7078135671db755ad7c162f2b889c,125.8
57d5846f41d30acf13bb29a957846838,125.8
c4193b595961202b2590454d0517706b,125.8
e9c7016df4cc90649c235d90f55ecc2c,125.8
cc2e48332039640e42842bdcd64fe4e2,125.8
caf4321dcdc977aa376dfd9167a84ef0,125.8
0c90e2e49b87f3b84262ad7f6f7b11af,125.8
7052a685364032f7d7c6d9f6e1e991fa,125.8
1ffeec9fd3ef7f6c61f5f59a33b13198,125.8
8f8218f15015d63e71aea6a68d9e1b67,125.7
0ed8828d80b836ae3d7e0877ddec19a4,125.7
1c83c1bbfcb7c9a94758326c300cd2b7,125.7
bf66bde8b6fef4caee9c8115c25693e1,125.7
72014bae77677fc4c8913788f0b50a34,125.7
bb463a696f34481aedd8de6488bdc959,125.62
72139f6cbf524640d2427b29fc084c15,125.6
5a0f0ecb575f5086d899068f5e9519ba,125.6
83398e1c675b19d3356e5db8a6e36fe9,125.57
55945e7471c527fc4ff7066baeb8c477,125.57
a5f535d75ecc62d3f397beb5802b5ce9,125.55
dee7ac1315330a02d049ad3b108c7ad4,125.5
c905b50d1a1fadcba284eab7fa52fb25,125.5
54545530685ab329b0d79c2e40ee3aca,125.5
24ed98d5567550a3994317e23fc2df9f,125.46
02c9c4785d6e1cb6a78e9ddf029aa51a,125.46
ad70fdd2f7607ba28b93771be8f1ad1b,125.4
d0bf4e8b500496185217d29fdfd36b9f,125.4
73ac0efd1b1b1bad5e8011e747eded45,125.4
71daf4742c71b01ee39793dc973b5591,125.28
2bbabbf597ca99ac722589475da05e71,125.25
fbd3895c5f12c58d91cfb71241f3f5cc,125.25
faaa03ee62ec3acff02581d11b3c3ac3,125.25
7c401a6dc3bd9b73306079c94feb8e16,125.2
248433066498b1269bf92c09d6053c34,125.19
5621efcb03b89c9a3a23e0d9c9f56360,125.19
c237a4f892abb1f58237158e99be7611,125.08
95a30d9bc844762418c8d8ecbdbebfe6,125.02
70b71c4ca0f3afcaa036e75a61aa9d23,125.02
3d7bcbc81919ffc313f9286f8516ca84,125.02
c8ab96590456234a5973445b7b25555d,125.02
547509d91533b2cccf46afac69761fd0,125.02
4fea6b3a96c9c399aef5540b38c7025b,125.02
b2989fe3a7b80cfcada834cba8c771e1,125.02
ddd6194380aba67e254f45356dffa800,125.02
2595d4fb8660dcb8cbb4e78b0a8f40ce,125.02
c5d2a092d72c266cc8edae2b5a295c38,125.02
f319269dcc6eb5135730d2bc516d0121,125.0
471da6e9ba3d94a4ed98603379322472,125.0
72f564f4ab4a6a155d8b84a0b5ad8a2b,125.0
03b5f0e2f1c1973f3320bb65f511d2cb,125.0
6f16276ecd9811a6ec19dfe458726534,125.0
c28c82d8881af0d5ae02cefda43eb1a2,125.0
d6d256a476e32cfc2b4b0bb56142c7df,125.0
934f9d72eadbf852cb3ddaa5355e22fa,125.0
7bf5c12ace6b84623dfbf869d1eb0bc9,125.0
c6bcf0f66539cfd69f950b0c52f9bfd0,125.0
de6e83a22a1dbc2d5a486e1b063f7999,125.0
80d02feec2eb2a0d3534442afe4e0e2a,125.0
9e8ba2e59aa2e9d2582584dfc5196145,125.0
0dac2ac6dcbbda827846734c0dc2dde6,125.0
3f9681b10ce24632bba9359ad420f922,125.0
3833a2cc43f6ee57cc7cccf7d7d53d18,125.0
2c07700e1621617464d6252aaca9f1a6,125.0
6af31d40667393d09cf9e596c5ab9fb0,125.0
e51d4d833af20d1989f1b1bd3e7c1d2f,125.0
6e36e65ac8a2d6648fe31c13aa4e7b42,125.0
2071060ac01b6750222586cfc5e73111,125.0
18d6990fbf6c021149466d3a3a5413d7,125.0
d604a942c122c72ecd780bad1b2541b6,125.0
340699d32cd8347c289975f8fcadce0b,125.0
3f98dccf3c93776ab7d2d56dde61dba4,125.0
f1c1a01f8bd5315f5fbb9c266a6d4c59,125.0
9bec41f1434c2b7c5b826ce829354eee,125.0
54e147bce661da8b3f594449d801c871,125.0
f40cc9209965e48412fc7fcef541113e,125.0
b8951e5d16903e6458ab37f71d9fba0e,125.0
f23c0ad2b07943504e24a69c73952116,125.0
1e09987320988d8b3261d401a5d2c2f8,125.0
e8a7fbe87306feb64382f03b7a14a2c8,125.0
8d141c5f917671241127cc72f61a2cff,125.0
26c63d25060ed07de984713416320179,125.0
db781c2a257ae6fb647104d94c9af367,125.0
1d5422d77cda6f6d25d07ce448ba46cb,125.0
c486f733c3f7336536bd060b9937064a,125.0
7fbab63e32d93d7b9b707e9e97bc5b94,125.0
a8bd3ce219515d4dc0a55a3d3686a87a,125.0
00fd7dfb540f22f5fa85fe9ecfb82fd3,125.0
c749739d85d86137c648abbad19d7953,125.0
5b36926fe1592a897dfb56c425ad5b48,125.0
aa1181aaabc8acc0efe84c07481fe71a,125.0
784d53f82704adefd20a72c120fda8a9,125.0
345a7e8d401d55e35830d078e5710a63,125.0
52e83c4772a5af30c49df5b4e74fe1f7,125.0
f974ad9260c7d7e235f59817a2b45a47,125.0
ed6779ac25af6720d0d862aaa46fd031,125.0
6bab857dc8da09cba8f5b08dff74c120,125.0
28ec50f091f0e77b714b91eac5074c01,125.0
cd7e2fdf038677df06db1ac2611375d9,125.0
90569158c946e8040bb5d51161456ab3,125.0
35e3bd54fd302a4b250df23871fdcabc,125.0
1022b26224cd90d6da9894ffe5ff6552,125.0
c6ecebe7894f7de1fbe05d97dc57f3c9,125.0
cb1d0195fb95cef5d3227a964c936f8d,125.0
fac697cc750bbd1acf6dc02ccfd6adb7,125.0
b2c53742055ee836cd34c889f8b05dfe,125.0
c02b18bab798235a5ac5976428d8b7ae,125.0
0415764d7efe50fff280fafa9777b327,125.0
5a8b3e70cb6bfdbc353bcb5ae2b4d4eb,125.0
f148779d679989e84bd75cb146a827c8,125.0
b83e8501d86fac2f64fe681076e8fe01,125.0
230fdfccdddfcac16f118146a33a7030,125.0
dd4f9db38b8a3f03ff4dd5f159dfe50a,125.0
5c5fb32dd62cbd3045dd087a81ce10a9,125.0
f020929f0185d1b87ca711b997696c5a,125.0
895f224c2cc0152df9fa1a9d68b09a88,125.0
8fae727bbd9f7466b0d7169b4d5137ec,125.0
533697c445aa1e22114261e14760499c,125.0
959e2b4cfbaa8e96e2919abe12f9b3ea,125.0
eb5baf59fc0b7b2fff7415b0bd185e61,125.0
46f6474f7fa4d2600e0f97435c8826b5,125.0
7745c5ba808972838627034c63ab57a0,125.0
0db63ee2c5fe95b36ced23b4c4c29d38,125.0
464636daa4fb10ebfb8bf47d6b6fd468,125.0
2d0ef7c75a0403680d304c62ba3b2721,125.0
ac547427f9b41bb8d04e4d0c01ae1078,125.0
b06d879bef2b94ae957889d46a481e74,125.0
f6a8b9bb1d8bac01fb6b967c3ab340c9,125.0
7ada29808f684c55d096c624b1118e65,125.0
6cdc4436f2105274375304ecd8f88838,125.0
47d35d8232327cb512ac7b6b84305871,125.0
0d9895e91b2385df8c70089b49898392,125.0
b0b2ad65278fa9b0d77bccfeab5a37e4,125.0
10ea1c70a7401d768cae1da688935824,125.0
0e9ed7dc549f24ff1b3aefd168591469,125.0
17984e3bdcf729cdee5f2e4ad08a5f6e,125.0
67e6f3a450dcc747043e42c94085f1d6,125.0
90b25fbc512bf1df7017c9c5bdc7561b,125.0
2d9674a4da3db9cde7cfad10c67c1a20,125.0
83e521ff7d17c21b4f80b173568ff06e,125.0
818b02531726186e24f2e19a6de1b712,125.0
7747be8246865477bfefa139eb888de3,125.0
118244d4d0feaed0ccaf923310fc3a87,125.0
f2b943227eae28a0440b448b53e30a07,125.0
61f3d4533295490f67b10606b6255145,125.0
892531dd80efb5118f754ca4edaa3a74,125.0
a74f74bbbb5f762dbe2f38bff34d3e40,125.0
4da495ce705cd190ddf3a36268b61142,125.0
ec9ca22307897a31bb0635c4811cf672,125.0
3f97fed1e37bd0bf66b6edf820af2cf1,125.0
5b310d1f78f27de30f2fb3ddbc5e8a49,125.0
84e06b0b8018523fa9dc798e10d9a1bd,125.0
72aec8b08542b4ad46dc664e1a0c69c0,125.0
aa6811129215d8c85ccbebd4454b17f2,125.0
809f3ba735c909c42837c26580289641,125.0
f3a1341fea600e28f48c309c148e8fa9,125.0
3136355c994d4e466d7b7fc497727e1a,125.0
6525ca96d52dc98187a0ab8abc1cad2d,125.0
81edbbaf61c94df705ad3330ea0fb7cd,125.0
30a8b5ade8becba3f5886e3d984dabad,125.0
9fab04dc9d3e7a724b546cf3ca3ba3bb,125.0
dec8e68b841806ea78cfbc8048b391f6,125.0
22eb833266f6b771223cf18226b64c87,125.0
71ae843add4548e7389eb6bab3200544,125.0
0fef141080d6ba78152b01c3f5ee14e2,125.0
3b0f0b35d931303ad5c95133ea680414,125.0
53e93728c3003229b2efdecdc2a807b4,125.0
8d611bfb0f842b0d7e3cd686f8f695cb,125.0
c2c75371ac7de122517db15e9765379b,125.0
ad0a1c45e76e4608a273cfc5616042de,125.0
b9cac70fb717faca4acaca1b59ba4e44,125.0
d5504bb8d69de23d8c49bd96e55e51ec,125.0
9fb722ac3656661244b9f4e9bbf87aca,125.0
16a4c9843ab5ab7e7f88c5be0b725786,125.0
c1eb5dc27f311b18d0114fad99dc91dc,125.0
386031dc5202d867cdc6083a353493d1,125.0
b060b1e992e1ea3ef15a32f3d35a8bfa,125.0
6d9372108eb7d38bea803ec71881c842,125.0
d53782279acdd8fad99e3908be8bbcf1,125.0
edab921e9ef1edda11824a99a4fdb862,125.0
7e742e6922acab64d2fd8c4fb29f134a,125.0
0e5a48a44a1fe17dc499eac5a8a72306,125.0
22cd28336bed7b9612a0f9e2d03815f6,125.0
885aef08653007d1b87f9576adca158b,125.0
4d96c7fe8fdf1b142ff0404a71f642de,125.0
0b42990c6a03665bc6591652ed10d6ae,125.0
0de1afca49564cb391fdff84096730e7,125.0
83268cdfd4f2c34b68875bafe0b36787,125.0
f0ac8e5a239118859b1734e1087cbb1f,124.99
a9e5f310be41efa00690d727bf672cab,124.99
6a53479026877bec7081573c4fb9489f,124.99
d5f6259a2f0fa2907ce0d47876f0852f,124.99
c2ff01bd4fa72f9487ee397f6c5989d2,124.99
f1e209d5fcf6fe141de83417dc8e092d,124.99
aee5dabf67a188a9442000eb5dd69901,124.99
06b8999e2fba1a1fbc88172c00ba8bc7,124.99
d4e1510cc8be38ff880260adbbc2c002,124.99
95fd46b89a4174004b2407d01069a6d7,124.99
e69607605ceaebc6abb7a77d24cd3633,124.99
bf6c410fe2a50bb23239b57ee1fb8f26,124.99
8bf4f9552bc2db14d6195bbbb5131941,124.99
15359860c7341b2f6b12259d83c2e697,124.99
cf4dc8d4be7642c7c05a73188a3d8c1c,124.99
7f449435f005ccdf1808f0bc6e4ded34,124.99
b9c05cfc28f1dd72313d61b139faab45,124.99
e6f47c1077e7bf89527cce6b7f53b275,124.99
9576cf68fcb03b4112bbc35d5b9146e5,124.99
454c1eeaac06aef9e44e33d80b12bdbc,124.99
698c9575d3f2b6fd6cd368475a5cf865,124.99
3b6184d3b25641ce87e09c1f4233b84e,124.99
36af88cabadf5aaad3a1eaf6dfa9547f,124.99
75a9013ce4705eec87aee9be45ae8c0b,124.99
359110a207a5afdec0b65452a9452593,124.99
1d627ec0652c140735d0c346f2c41ff6,124.99
56b9be0a087336ee3ac2a4b75d588b5c,124.99
9202f01b2ebd095e340abd57e02b65e6,124.99
b56d919e0493a7ddf684105e54a51c5e,124.99
d350a613608b1daf059e9ecf45d0aa54,124.99
4d4f3df77247391775a95ca8bf017d8c,124.99
147d57c32f7addc4a7d0f123e7cc9c16,124.99
4cb1a8448844265aa0e0265f8bba2d9f,124.99
66dfe8c9ca1605e18c00c98c3758c451,124.99
a8e216a412a6ce248b8b69626b081dd4,124.99
2456c34ff4ea4f59234ae9fc04adfe68,124.99
fbd40c083aa8cddebb5265b2ba6aaf2e,124.99
82e41cc1f87b1074c1f4bf5c840fd4a2,124.99
3ec01ba0003c6a5bdea2b11f450c05dd,124.99
fdb42e759b6b954dd8a7e02b1df517f4,124.99
978ab92450ae467eee081d04e8b665bb,124.99
1f26a8a77f3a3ba3fe836e46e4990c36,124.99
8a5881366c8a17270865c025f0636675,124.99
566d1ab114a060817ff8d40a6c0729c3,124.99
fc99aeadad12e8925f558305956a08aa,124.99
0b84194096e4c860bd0cc790b95ceb9f,124.99
976adb38de58c8851a9e7858a56ae18a,124.99
62cb1e5de9e5558b5426d059f570ca8f,124.99
d05b9e6928e9ff67f63101551a5c5995,124.99
4b51f4df3d8074552adba0bfb73954f1,124.99
698d37db246ad6fc8f0d3f5a1a3a7bf7,124.99
eb8f99038409153c4002ef64ee501e6a,124.99
83eef3eeaf0a8eb1430f200f410b4319,124.99
f6c2d6d91ed17d749ad0a5ffd23f710e,124.99
881863067d0626fbbe58417d7cbd8dff,124.99
166b36fe485b3846aaec4fb96544b7b5,124.98
cd59a6b30d35d92fea65e414b87adce3,124.98
2b8eaeb809e73b1033fbf57a8633efcc,124.98
5f1aac4e61d63509a4994df19bab1ebc,124.98
cd7df89ab76adcfe3e1b4a36b042b081,124.98
e8c284b0b1954c53541af75e510f4286,124.97
86aa08ad9b72bb15edf9488c82b68ef3,124.95
c336ffa7394e94710f4ebf37935825fb,124.94
882187fa3fd68be645f8fda177f28434,124.9
696107b2309e169b96576869e2a41b81,124.9
88723f3ea83df04c26dd60644da2dd6b,124.9
3d0d83ac2090c8d591dd28ddd943f093,124.9
31a1c5b7de452ef4df17b68fc97ef3f0,124.9
b0a0e63ecef4a8b34f52679ca8f9f64d,124.9
3dc408efa49b52c61d521247efe4a270,124.9
d2111f30f2a2b44bf80aef23b2b39641,124.9
a2f6dcc96d504dae0d2a061a094e0feb,124.9
e88f6a2addd720088765311a6833ed59,124.9
2b734aca7ae6ebd9138a4d1879b0d20c,124.9
74513f73285330d3a484736bdc3b3671,124.9
f8dce1f569bfcdeb294631c088f66ab7,124.9
f776fdd034f1a561f18be7892b8a2874,124.9
1c11ae5217eb240d76916d9e4ad113dc,124.9
040beed7727775617d1a7da5d26efaa9,124.9
765c5a44d2bee479336e965c39e85f13,124.9
28a9a3a21866a667462c1965fbfce618,124.9
3e3fe9705a14656dceaf25cd86a7f930,124.9
d0b19458cf51e7e8db284742e3f1d96d,124.9
d839eb32cea4b0c24fab82fc74b8ebe3,124.9
86c0159e4a9735e1a0ab95bf4c7958f1,124.9
3d2f3aecac5b243372d17898c8fbac83,124.9
26cb7b36e5d28d9d0bf236afe312013e,124.9
641fdee96e63906c9c52a2e6c8be25d6,124.9
87b0f958aaaec28178234d90c137cd53,124.9
d1c425b2df58e8d9c491e705299eb8f6,124.9
d1708296fa2d1858568bac4e9ea907bf,124.9
03d8d8b0f58a42941ae8dd9ef3988eed,124.9
9861f511b87644ae160dc9c9a0174596,124.9
9c346cd8dc9e8c07e09c848b1f3a185f,124.9
3da13cff7d394446376b0b435579b416,124.9
00620f738107803e6c0f6818a7a3b7e3,124.9
db93d928ffb29410511a0ae79e816298,124.9
f1346f37e95a3cc2daafc2aac77de500,124.9
ac4ff3afd60f2218b814a3d29582f313,124.9
9b0af39a61e65dcf6f006e5b74043124,124.9
9512f6c2d4c5fc7426cc9951329f8b20,124.9
ed0b5e13c101afa092296d346b2dbed4,124.9
e89563d7f4863102a1310cee927fa111,124.9
bd54704a25ebeea0a2687d05524db2be,124.9
fcb0a07f3175199fbcbc0c2f848c2811,124.9
8391bb7cbeb9fc4ca38ba13af0673ca6,124.9
8b8805ad94732dbe96a3b7c98fb20b44,124.9
33e0063ceed8499d4c9906865945665c,124.9
861ac4d275be7ea89f9c1102a560fb6a,124.9
741f00aca12b97beb2db34f629655c30,124.9
5961519350384cda60159ca69ca3c8d2,124.9
0f5a932fd45302af276e4ad8cf0d9a19,124.9
370b6f7cb5b661309f4a91193f6091ca,124.9
c3e90d8bbcb4c24eb869cbfadf8d4ab3,124.9
df65599cd5fdaba371377ec2b8d533ce,124.9
84a22b3c70a45448e31515cd1b42a88e,124.9
b1765d36dbc9e11b7f0f68d2fce1d37a,124.9
96996a5c71cc84a8d12774fcba1aba1d,124.9
449057269c318304d8a753f64c181b07,124.9
e44654ae20534b72810d5e477091dad6,124.9
c85c132e580214d746e0ed80283975ee,124.9
9be67965f67f19522cda601a9a3719b1,124.9
d9195d0325ce43bed923ee3edd6547e4,124.9
4a1e8b88c644fe53641843b68f745160,124.9
439e6151b191877b7f1b0441b6cdb1f4,124.9
2a337cd26f2ba55b48e0b812061d4b45,124.9
cbc8bda19960ddbaa52c958ed055b4ad,124.9
f5a0b560f9e9427792a88bec97710212,124.9
2a8d9f1d2d99d0e67e6ef28ec7f55589,124.9
23ff057c563ba09553c1a7d37520a43a,124.9
ede1d05d53f82a21a82e22a89aaf01c3,124.9
2e2efc3c05ffb5ca0d81afa1a4ddd4ea,124.9
34b952761872fb187fd49efa5593ba21,124.9
512f565aee4d2af9d8c5d974ca152bc0,124.9
b80aae7fc5eeb4752b559061d404bc2d,124.9
1ce71347141b46f48d7e62c4b732c4d9,124.9
9c1dc8547ae035651697c2a4666b4836,124.9
7499160b672798870b8d4469ec2e78a4,124.9
f86bd370221012daedc8b046db70d7e9,124.9
8f0cfb786bfa2f508a5e1564f7f0a1ea,124.9
72f7c950c578ad85cf8057e05761b220,124.9
c15a78098b5cc61cf1b7a89873d949d5,124.9
96de148534b6332d653ee594b65f0585,124.9
a6a1f9463a5d9a2e7e7ce3b654de6780,124.9
b27bb08f277571e3c41d44e9826df158,124.9
5fc1fcba03edc46834dc1592f64b5d5f,124.9
866d25795145da1bac4d264d2abaf45b,124.9
4f8f6289df8456b49b78cc4ad0d7ec36,124.9
6af12e8e6fdd92d3e49abf9eac301d63,124.9
1150ff8f8df8c315396b11358d33666f,124.9
7b04dd77487b6f8e2c13846684b2d742,124.9
1a0de9ba25ea44e1437e00540d33b3cd,124.9
a87b390cf9b1dfb4b06d218502d27ffb,124.9
c211dc427e93a1912593defa9220ca62,124.9
9ec3bc2615120af90c75c1cc7bc4fa81,124.9
d553acbd75a8ad3bb2e66d8b8fab221e,124.9
1a668d4900615c78f8091304850dea1a,124.9
1bd1c81ef56f32d5c7bee7f14905b53d,124.9
cc932803d89b596be60618968c4cf2f7,124.9
c1bbcb6dbd118abbac93f66aa17f56f6,124.9
e3bfb3523518b2e4074add07c9e81098,124.9
d46f75768c1621316f8f22e70ce722df,124.9
3573c35f6765718ae5de8d24fda77533,124.9
4c29da720594564093d90ef9c34144eb,124.9
20553070f0f5d93ab91dd6b00e82afbb,124.9
27a88f58c6d8d6be880c80c424c16202,124.9
9d71e1cf1662cfda7aeafb61975a3e78,124.9
c358ba3b6586cfe86c59d44af141dbc2,124.9
6d1e32657aaa25b6910098474e699e9a,124.9
f81b1c6f9e78f5cffeebb0e7e46d47be,124.9
aa1049ca8480f79761584cd0506de395,124.9
acc4ae9fbacf44ef153b5a5d9906f0d5,124.9
6aabc5e15ea83418e8ed9777f16ca451,124.9
d77f3797ee0abe8fc7d85e9610400958,124.9
f592f54e3b79e2849752d2394bf9f0c0,124.9
335d5c8c8e71dfd6ad4a54d070e49657,124.9
4e6d327fc8ec2d02d0973f3c579a690c,124.9
be6c723c0dc6a8c587a7cc5ca2644927,124.9
091d88b3729e671ad17a6c41aaf7c44d,124.9
327b7945357e53c8e674445810cb8213,124.9
78c832f4d6afa7dedd954f7fb04e35d8,124.9
73f2156473202f6a5ae98e6720efad16,124.9
c3dd6dafd176db77fb0b887d83982df9,124.9
24455809d8e25059274e820cc202b50a,124.9
bb36d8c5b34d858d183645a3a52e3f2b,124.9
c223c43fd4ceb27fe2f591388334b1b2,124.9
0555bacaf4d4560a75e796a6e2c1e00d,124.9
7dfcf04eef8eb511409413ca6bed1fed,124.9
2106ac68f2d649d3deca73e5c613881e,124.9
1fcba89e5e84c66022ab9c144cd9d461,124.9
9c3a40251f4120fcda27549586f03ed3,124.9
a51b93f7b634c730a36fe97e1eb23d8d,124.9
2fc226fece39c0126543c387768ad5ac,124.9
770946d4994fac90f3b62e650bcd9670,124.9
74167fa986badc6600b60439162a8619,124.9
6f6c16853b09854c3168f476d9cb82ba,124.9
0d782cacd6172d4c1ccaa85cf43dcbd4,124.9
e06e23fa2dcc206f900b4935976b6e9d,124.9
56fe13450129ccd7960d4a2208eb56b6,124.9
950f5ae7202ebb07431ee23e539e8b33,124.89
2bf5aa399d0bd03761889addf677d650,124.89
53dee9b3304eaaeeb645b5a449759c51,124.89
ab59fcd8f3c0c950367c12d84f2676f7,124.88
80334ecf11e4e821d920f6f4cbe52e7a,124.88
626f47f4481ddb4404f68ea5d0a2eb9b,124.88
69102d5701c84308921872f27b7f77c0,124.88
6349d65638d28f08b1119300c0273e14,124.88
0f062dba700b575a63e42ca8229259b6,124.88
10a3d7b4223ff863dad2a7238129fec0,124.85
8a8c2e93d6ec33bb908f101211d78227,124.85
8f87226b0ddaa6872971afe593506d0c,124.8
afd033936eeee492f12832e2fdda2e6a,124.8
a71be38d58e0737c4dd9bd0f1758dc6b,124.8
65a75a3c78a824c9df00b338e265023a,124.8
96d6283afdbfd60547b78e923743a9fc,124.8
6e7901ae39eb9c64958a51ff4a025cfb,124.8
1ae40a96bc36242cdcd3c6996845dbf2,124.8
2fd33ac77677bd214b1882868317eeed,124.8
9f8a7c7f427769d962c96e719c332bef,124.8
75ed40e82dfc05de3c82d79a73f4b48e,124.8
1d7a786540a0105d734010e8d88a6a53,124.8
bc4557fea80f39aa958f283432b14cc8,124.8
c562ddeb1f9475e767b7e6310c2f1e80,124.8
4a4c09d4ad0ff0d20520bda4a709d1a6,124.8
59558840be0788c25246ef726bf466d5,124.8
a9f59f2882649b58e992d0315123a755,124.8
25da133d61233ee59bc86cc5cba4a64e,124.78
03d4f8c8cd112d8756d88741497d1f8c,124.7
52857131a4ec3f7a9ffcfdfa5d417ae4,124.7
051df23b0ca41d5daa47268b5b96a450,124.7
be961156244f41bb0728342afdc122e2,124.7
de0492fbe95d153823c67b86e5782a91,124.7
46fb9135f9e0704f411c96476df9d09c,124.7
3c02719ce51468b5f0a41b1a330d9b2b,124.7
c69ae1f41ba74509e754afb5b49fb29d,124.67
630c5fcf5e565c1c985cd334317eb33c,124.49
b1d5ccfd919c53dd0e117398c5015638,124.44
809dbfcce6167970c4839cebda798ce5,124.43
da521c20bb48e350b57493d2810c4d02,124.43
f493b5087dae76b13f83487d218b433a,124.34
77e64fdfe65c71161a5e726dc9e4eb73,124.3
39a2dc3d0040d4fe058e9578715ff9e9,124.24
b3c3c1b58dad3d55671825fe3715321c,124.17
7928d81a48c28a0a11b381fee83ae5fb,124.0
9ff88d5e97ce2d8b6d03be50f575318a,124.0
95ebc0d133b10d276e056a4b7f7141e7,124.0
f48205601396f53905f1d9e5370f621e,124.0
ac1cbf83413f4663dd2b928f7a41976a,124.0
d9d79b377ee54800bfac2b94fe09ca2f,124.0
77f27aecab797512134865f2631de5e1,124.0
2f9e8eaed5dc638e5b884a9a37268fca,124.0
2dcb2b3963883c9715a581a6e0dc4250,124.0
f2a9ee3acd72f7a46d1a0428c890f5aa,124.0
47159eaf5092747bb560f38b5acdd0da,124.0
a7713e4efe4e926b8b69cf9789d8b3ad,124.0
35db0c2edcd70d3ebd5cdc04b009ae38,124.0
3b6342919eeaddf03aa9628d762a57b0,124.0
45e3f9d574b70d26719ba4fa0988f07b,124.0
6f3e4042f915df9060f9ba95bc9b35cb,124.0
d4eb21f0bb4682f3b17464f064c45f28,124.0
5ed24e420fd540c38e5cc3923bed7610,124.0
473ab0020167a0a29021463bade19fca,124.0
2e8b2cd27d9c45276aaf3fa97a15edeb,124.0
385e4db32b7b3de3980a3bbb4173eeab,124.0
d359f83ac017550fefc8ef86e4a03911,124.0
4c05711e49e74253cb18247213e9d6cf,124.0
d4e705a6e6b5f0c5cb1c2ad86d6dc306,124.0
06b0824dfbfaad0e7df1a9dbb38a321f,124.0
7fd09df30cd248907b022db21c51ed45,123.99
03e5e57dd377a3da84cec48a7bbfba2a,123.99
1cd692deef2d7185f844c03f3f29599f,123.99
3d8fdd99e18dff4cc13218d33846b2d9,123.98
d6391ee55ace4a0e2306195d51d5a56e,123.9
a3c31ccdbdfe55e13df10e3f0ee03fed,123.9
3d4468ce8d2cbae5ded23093c9e039e2,123.9
3e05c1ad118dc0a4304a93b6b6012d5c,123.9
bc0650119695e14edd3ab84c4703a7df,123.9
28a45e2875e825355a024a856016bc2b,123.9
19ec9b46e7c4be7b712ce65182bca120,123.9
09593cf9cb6a4e4adcdb60a81b3554b6,123.9
d8f4f31d3c53ea3bcbaad5249591871b,123.9
7ac9a9cae93273d303eed9a24dc2ecf9,123.9
6ad884cfb03898c648dd419723575906,123.9
6eae55140163e2af86907a15a478f2d2,123.9
0ec534261654167c3ea8787b56005fb8,123.9
c44b6bba86baedddb69239d21d30e9b1,123.9
0204a63d458a2d9495e82ab5ea7fe40f,123.9
463da1cd5f29ccb987e57c53f2da6849,123.9
a6f0724c88ff8742ef397186be22c75f,123.89
1435646705531d9d7ecba595d247bd50,123.88
5f7e0f5b3114c2a393b18f1a136e13a1,123.88
cf5d2bf978920481642239c79555b3db,123.8
6d06e4f402231c40950574cee48500a0,123.8
58224fdd02a2366020f78dd65bf6c07d,123.8
c8ace93dcc058d6488bc06dcc239421e,123.8
7373dc63573ace31964e986eee49e9d0,123.8
cbf27ff077ab6a5a586279d5cd9b8455,123.8
927ed0be87912a8b3a9a1cf70e159219,123.8
ad7d82affb4396f40783dde4471877f6,123.8
38955481fd51ffe551f17d2efdeaf43b,123.79
d87e6517280bfed1a89152f2119dfdcf,123.78
5ba3002b920d588cc7e1e1a796713e0b,123.78
58f68b7358a520e8012e5848f22f99f9,123.78
d0fe702369bd948993145ebd7feb8d83,123.62
6afa300ba4092c15e92ee6a1d6732310,123.6
f3f955ae1cc137ab2ec810ee255b2662,123.51
9fde45102e6aa9006b12d7e95e1e08e4,123.49
af684ccf558442d5fa8d9daa7456ac76,123.47
de416864fefbc148110c3951c25fe872,123.43
3b15b0cbdffe0ee28c3f94e5adb5b9c9,123.43
ceabccf902b8ad0e15d6429e00d10805,123.4
486e6cf59ee7f4af8cf4087d860e24b1,123.0
ed17f7cfab06ad5010c569513a1093d4,123.0
018d655fe703cb7b56ee34f117429789,123.0
98b731f8c2cb8048f3c7cdcab2b28857,123.0
c9929583f20c42e36fe281cbd628d4e7,123.0
0240a546849fb56346f3f602aac8e04c,123.0
c10bf120819db436f6a28de06f8a309d,123.0
cbcc7e46a2d1042aacb3064c3db6b351,123.0
dcdc9c7e585f8d8992ea33d72b924a64,123.0
c1951203ece4074187b167b92d80f71c,123.0
e3b51585362f32e3e0292d6dccb80882,123.0
90ff3ee2c85a1ae2ad28ca8028481101,123.0
16b5a0c654239c91496f748d0ced75b1,123.0
958f2d1bc9c1a5094e03d5dc379909bf,123.0
f076080ecb118d0aed94073f9b62893b,123.0
3d70e248069f8145ca013f3dc8a948a3,123.0
532e7743ee71036229bbcd93efedb616,123.0
2f78ef832d692748084dce34b2386d99,123.0
f3201a8a4ea32786b7b5948da7e7a50b,123.0
368dbdc31e230a411c5d91546ab60ea3,123.0
9f4e27b1c2d3b103a583eb66bf193f82,122.99
c9ea27accd209c13378af27611158cd9,122.99
fdbe4c48a0093edfe912b1512a11a37c,122.99
610fec793d32685ac025e21dc3aaae71,122.99
eaad41d3d3b81fac6a7b314425043b4e,122.99
0b7b4c39c3d3a8846ea809fd5afbc1b1,122.99
e98f2c9b79c25b1d54b0cef7e2edf6eb,122.99
a807a66ad2325ee7f76132fefb05ca95,122.99
2a5161ad7eaa9de4de0eea62824a56a3,122.99
427e3bf0c50c9c0c248e747394d9f54b,122.99
898386769135789e940bd41b9d751b85,122.99
f41d5a6739520ad992fc32f0f56759b7,122.99
caab150fe6db5108c0e3e3289041c35c,122.99
1ed64053e3565c3405e4d8b033532194,122.99
972e7c5340efc85efad5a12e49eff86a,122.99
e1904b5574a696e8b11209d62c02d198,122.99
86051e19d1625750a4c6ce98e6d25659,122.99
528ac204a31cd67895d44da1f6f994bb,122.99
89c85c6028bef4a62418ce026c9caf3c,122.99
894680d04196842f885d856fa217e281,122.99
cdc3c03dcbbe739ea43815cecb49523d,122.99
04b48387bf71a20a7b51d540080e50f2,122.99
db3d228e48b195e4ecb9622a0b0e7807,122.99
78ce1d88d4e725232f330abfa2dda705,122.99
89aa7396c7f7694560cf328e9f46369c,122.99
2bfe408af241d0a1274a8479bdf8cab8,122.99
1274bc4ae8d810e5ac7da7a8df2690db,122.99
737f7fdf74b45bc7e3158f97608ce2ef,122.99
b61c63aace73cb64dcc63b841463dc11,122.99
eb376e908373c442ff9688a8942c0822,122.99
8f1ebbe7ddaf3f8846224831161d4141,122.99
f3872f2416b6121ba4e15f69d4f7e306,122.99
194de7c2da3a80cdaf38308c02b7392f,122.99
83b9b5e6f52a2d64c80056b2a8ae0789,122.99
9716c4a296c261a120d27d058e32ab38,122.99
3b6f4b0ac987534c2b360e65978a02d7,122.99
f94425245e3774567effcd6ee149f770,122.99
1d765a5fdf1ac0e849b0d72df63540c1,122.99
80d559f43415392b923172d3a7137c60,122.99
0bb22defe0dd478a90cff2c735610686,122.99
59c3542c299825b59916fc5f4a59799a,122.99
b1407d31724e2a3f513877e516bb0c47,122.99
3e8152cd9752470b9bae84e87f3bd3b1,122.99
aa94ddb0d9628d99374e0ba9a4a077c9,122.99
442c6e15fe1e8e63a96598607c92bc35,122.99
7f3bcd2349e4a230e5e55ce40a0a9027,122.99
b115d8f301378d8b3942697d6c134fc3,122.99
1661d19b3ecbfcabf7d551f2d0ad2733,122.99
d16877827eb20429fa037032d13c9e82,122.99
3196c3beb3aa69cc28f80f8b91eea45b,122.99
f5dc8e2fce64baa9b57e88badcc428d0,122.99
5cb69cead54697f91723508c7d071f4c,122.99
4f891e1528084cd24a399d9fa6fa05b9,122.99
5a8e2785fb6ccc605c533ea303fb867d,122.99
c0a9748992db56b2e2e087e5f43c1562,122.99
e0db0394d5cb8befcb6dbf57b1e7aa61,122.99
a472568c15484b8299393ec28b623f9c,122.99
306a3c60e7ec65507ec50047f66b01f9,122.99
18914bacd6f0cb1785f7970be42fa83d,122.99
fb97bced7f8d4fbff1093208daeaf4af,122.99
3966c9281e8635cdcd8a77df973b7b35,122.99
058d8b79c27b59949ec91fc3cb584658,122.99
00af1761df71da362764c51bb96f5118,122.99
bcc7823ae0dd5759454940c059428ce4,122.99
78bc34eff65dea3b950b3f1e88058657,122.99
32f739c8fd212a33fe7598777b9cd503,122.99
ee26a238cb3afe255bf745d541e83c2e,122.99
3cc066496f34fb2db4ab8dc3b4fbec68,122.99
ced608b31048a652390efb0cc65d3133,122.99
f19902bd950a477a1ee43ed25f5d3433,122.99
1e0351073aabf183571573d2c809c4de,122.99
c6effe6fa35c9e0cbd5e9cf161fa2389,122.99
3360b71e6c02e71d90f1f1d48bef116c,122.99
343a0b7bc6b0daa1c9b781cc1aa46445,122.99
e50a30de3c32f9406a7185f40ce6874d,122.99
f6f80187601754d61deb547e6d5b5a06,122.99
8aba3eac72f0fb726c15140c5e7b5d5b,122.99
3ff029303975ebb929236a6ab8c85311,122.99
8392d60987df82b73c23e609f3dc2f5e,122.99
b2ba3d2c215cb01278bbc2994e546497,122.99
0668dd0bd7a26747a271b568bbe6dc88,122.99
ff44ec08cbec7536134c279fc52ae437,122.99
c02804339297de6f018d91e5e928dae3,122.99
e2793697038f61d6ceb3ae89e93d0dab,122.99
48e080c8001e92ebea2b64e474f91a60,122.99
e0637f97be0d22957f59eb9b70a32ebd,122.99
eea014c782415250bdc329e49382557d,122.99
3b97b8c5b3c3af87dba87ba9a445893e,122.99
8b8e1f21809b87482e2b9f464ae65237,122.99
08ecdefcac7e5d4d92cd6206d6401d09,122.99
c3a8f50426b563c73370f773f8aaf9da,122.99
8b79b48d3cafaff1d409a79c944e9ee7,122.99
e5abddceeb834d79a9fb3e544e3b2a1e,122.99
4293007bf0f607259f9c577e2d03df33,122.99
7b85982525589aa280870b2dd3d4fceb,122.99
0722f25bcff38c4412bde18b1f87076c,122.99
989a7f021cfd9d7fbcb25ad2ec542f41,122.99
642fb2f2a74768f7758d06635e137d26,122.99
b4e80468d1f6c1fd97421d658e28febf,122.99
1207f9024cf3352f0bb86cc319cb2ced,122.99
6112dec9ae2e342f21cd2cc473258746,122.99
6d9589fb7f441f2d354986ff1180c76e,122.99
a22f714930974165c998fb8e86250203,122.99
260e71f4624185a5b0e2197b0db65ed0,122.99
9d1343a4d52ced7d0ab7414227e16f3f,122.99
ac7bb97f7e55de9b197e41b90fb56517,122.99
a43f09f1d876a60a7afef7468dd3b8ef,122.99
01d238a78a68c0b02c73167a63f05f9e,122.99
71a6c39b43e056317d894221142b22a4,122.99
d9d7bb9302c367829891b1b1f9361659,122.99
234e69a1ac608aade19020f5750b3b85,122.99
855b3bf88a29a543905f5d4f10860f7d,122.99
dbd46952d895ea4b8aecd9bafd411def,122.99
da10cbdf82699412e09b92f55ac38dbc,122.99
ecc2a221917a8ba5ae522a0cab14a8a4,122.99
7b96dee726547b301a45154e0eacde00,122.99
a7c23222a85de41cffd488ed80857a19,122.99
0193c07a4b8a38ee92bdd6535de468d5,122.99
a69c820c317aa348d781a9d6732afc23,122.99
be4ff2f8c48c87270bf96c870b2f7a23,122.99
a9d39853f9b51570c2126cac8f15b3a4,122.99
22a1be4f281a33941e88bc790cfb60a6,122.99
4dbecd3de51e8626f26c0210b5258327,122.99
42aa92889b237fab1d93a49a5be449ac,122.99
591b9ee746511d856a9341b7e87fbfe0,122.99
6f715b0f57a3f9763415e74d205782b4,122.99
016c5c3fb572754f302fdac24aa9cfa4,122.99
34f5ffc25f144e1f6b9d0db0fa1050cb,122.99
4577e4ca68d3865af703c2b1a260f0b7,122.99
caedd3b1bebfca71c001c276fb477fa2,122.99
e2f49fd9379b49d1342be76e9b095afd,122.99
bde359315c6d85850ae136185b1060d5,122.99
c04d6db0c1b3225098cd19c077d2089e,122.99
9e226cfa83b3ebd7c9aa0650697ecce2,122.99
d37fd6fd3173334ae9deee9569212ced,122.99
704e34ec238dd95df918c1e72f9d5c2a,122.99
2681dd5a56e6af9f8f13fa055acef08e,122.99
6ff9a4347bfa57f715794620807ff551,122.99
6d35b6b4d991a944bcb896d13a298ab2,122.99
868abd036b449e8e53761765bf59bbbf,122.99
d9e3c7044790af66009e070dee9d23fd,122.99
be92c9ed86442988b4c15f71a8f351c0,122.99
2ab60fd96df98dda774845cbc22d5468,122.99
97fd3f96bfd52233a59ed171a7356cf4,122.99
fd9b8c35f091c1ad8569a436e9c0e497,122.99
e6f7cbd1504efea2bf999b2fa1cb8679,122.99
e9f7bc9536bbc683f7b5b18425c48008,122.99
f8c5bb7a1dea3cfb4e17d5306c62af6b,122.99
04fbe9cd7c2f918568c5b4e934a56316,122.99
86acfb656743da0c113d176832c9d535,122.99
d83086aa700534c6072ac231403baafc,122.99
a72cbd52d0d17ffd5a439d50f78386c5,122.99
45403b2dfeb42b112d8ea3449b5b0b9c,122.99
71cd39c7efaa1482f3d111e5caef0b7b,122.99
5dfd945eded1ca414e81743512bc3856,122.99
45ad25b122c6e29aace2706a9fec2d1d,122.99
25fc569426903a40f2cb2867dcff43a7,122.99
d624161e112c9dc60cadc378a1601d2f,122.99
d5ac978cbe8407b56fe9b45e0eb7ce9a,122.99
f7e7801b2e6ddc11047c166b4f440769,122.99
aa91f01bcc7a30c350db6dcd5322a5fb,122.99
120cfe05591775d14f4852a9080a2663,122.99
85e9526ec7444cdf5907f1bda7edd899,122.99
62eca15985571878b8fe17b3b07e83ae,122.99
802e8b67850e74f3d9894d4f5a3035e1,122.99
bd19c3833cb6433abb56de807eb0c9db,122.99
404077a979fd9f71e8faf8931fae497c,122.99
11436d35136d8c9362a1438a71c7f725,122.99
2a6caf771045ece479046cb01df66d1d,122.99
84d818ae645c84264965bc603b1d173f,122.99
ca5fd3ba988087514c3b50b8a8eaa893,122.99
55ff194b4d155d1922986019aedb8933,122.99
c435a68d2db4803b48e6b075ba4b15a7,122.99
045eecf8b7d258d4ac84816515328236,122.99
8312052fb72da6debe8ca86d2c34d29b,122.99
11398f922d45452a93da17cfbbedb991,122.99
62beebea8629d73ab3ca95c23ed239ae,122.99
5bc89bd3505b85768524d24edc6822b0,122.99
79566318b6a66b5ea84699122114a934,122.99
c3ca68094375f8b51c8ca056b5a92a7b,122.99
725a1142e2f3af3a6795d5fcecba5217,122.99
fbbfaed4be04d3cd8c7698aab67ffc5c,122.99
1b98ceeebae34df2dd185d643c329671,122.99
2010323a22f8ea51174a746875bd36c9,122.99
42f0110a1f0f15165578b228626229dd,122.99
98f627c1cdf78c90be9ec804045c94aa,122.99
3ccf34d50a0b0879b38987657cd3b561,122.99
e65a468c0c9e6dbc83ac1e30626f15b6,122.99
0c08720b120ac120b41b9a65b5ae30d5,122.99
7955de5408ac36319ca416ac4debb0f7,122.99
db4f1408d600f8309bcc822caefba43e,122.99
09a4d9a39e24d6a253196acf5a41358d,122.99
77a1696a32f38fb5e2992da68122e813,122.99
2b33c3e1a015bd441dcc5773ef142c7e,122.99
1744c521a2c25fa33eeb79ab5e987da6,122.99
90944df5064abca8c0580acfa5476fda,122.99
530fc2c88dc22c7cacf4380793b71592,122.99
2ab28928cda7f94d5fe3728e3749dff1,122.99
9a3628001d3e292e330959f661034b0b,122.99
a14a54843c4b23ca87386fe6088fb649,122.99
29fac21a28f8aa4ae82030aa5f586620,122.99
82a23b4d5c1fc6b2d2ecb1bf9b8a8a0a,122.99
647b9b127ae2e74aec386da8e8d9018a,122.99
433815e0c6b070fe32e4c615523846de,122.99
a1603ad4b06ff900d10c3222f1818bbf,122.99
f6529ffebe6b3440d45d89604a4239ac,122.99
9e8295d8e69d9a29ea22d9c0c9f5f16f,122.99
bd6fdc9fe74a5d7a4f5696815c2cb42d,122.99
419994ae9bc51517986b072b8462eec9,122.99
ec90f2754696667a3509731f034c8dd9,122.99
44322bc98a7e16685de8849a4214a00c,122.99
9806e34efdf047eb4175288ac54ec96c,122.99
6ba6fd4d14d09e8ee136c92ace6f508b,122.99
abdd13750056da284b03b4c6f68ceef3,122.99
10eee4da147ae9bc5f7b21f32c1fb3c0,122.99
3b0841e521dffa992a8ef9e4e00b2c9e,122.99
e0d2d4e53864660490ab5c6d78fb7555,122.99
d3316a2b117f62c240ea5a483864dac5,122.99
5806d419ee655f54db1c5500c3d76a27,122.99
d81352b3fa189b687428ee79b94491a7,122.99
6959ca0d495c1527a2b718ba44912c1c,122.99
32528379afbb9b9a5826ab2d980f227b,122.99
1e218eee4b25d4e7943183d601ad81c0,122.99
6366405f9937312b89b389f96d2f82f8,122.99
47316fa242f0c65bec67203b226fc4a7,122.99
bb238c3218638e73c526bdea9173e8f1,122.99
9b5c82d3cf692b7bbe0831badc9fd4d1,122.99
7598f2db678cb68d8573f0d0714e2bcb,122.99
897e0b837246d8078a4812f68e52e6d6,122.99
3af757f67947c5e839d0b66612884678,122.99
26120b568aef1c471bbeb6aefad27cb1,122.99
0f3837271c85e1d77df6c9cbd86605dc,122.99
2bfcc81dd93be776014d3c668a5817a8,122.99
90409e591e05ebf031ac1b050782a65e,122.99
a5c8228ef32a5a250903b18c01c5ceb4,122.99
9b4377673a98f0fc33e7f4b78af63878,122.99
6c990de7a53efea103cdc236119b5c1d,122.99
96679434c6a876d506bec9d1d1dda7b4,122.99
7302e92da39fdc7fa8b02048113bf5ef,122.99
09009cf4ad784262889cf4c0f7b85420,122.99
51f11cd231668386157c2a09980fa895,122.99
ad342db8aa782e7acfb95ff6ef79e6f0,122.99
077de06f3b141d3ea9d6be46b409262e,122.99
593c6525b07d968df9a7989939d71738,122.99
087cd29a72a408239afc8b168dfe8052,122.99
19f1753fcb718f9b763a0763e79ee15e,122.99
3d1afd004bfed8121470b0e5f303d3bd,122.99
94043b53a282a595f1d3b5abf5a05e0b,122.99
a18e4956844fab232555e2bfd53eca5e,122.99
28dafe3752a955e9eb3eda8c9ac7c636,122.99
9c172856f3cb8fd7eb774fdab3086b75,122.99
62efb165f6f8e441bf9094840e818608,122.99
97526e28488acf9340a0025eb96b3a4a,122.99
e4d417e5628f278edd59031ac99c168a,122.99
57c3c8f5054eb2f22d20d24b9152686d,122.99
a576cb7e83a15a60f7d5da21cba053cb,122.99
adc505e7e2e015260f92b0b2aabc3e0f,122.99
73a19b7529a6ba668ac8926f83450270,122.99
4f978374abb33989ebf04cf91a6d10da,122.99
a7d480b29f6f75773a461845c7a645c4,122.99
bcf0d8a7c55499150e65cba4a3f97a1b,122.99
c5405d705481710dc8ff8760b7a9da0d,122.99
a99b357b78ddae5103238dedb322cf49,122.99
d5166fc503a25dcaa639f279f975bc58,122.99
fcdcb8ba740481a72da7da0bc6e61d20,122.99
288d54d6a596b42c55779d33d5d29ad3,122.99
353e6a256f90a009d3e801b655f33b98,122.99
ba91d8d4f43c684f071274292c2aee5d,122.99
5eceae412b5c4fcc16b702d902b78842,122.99
0015bc9fd2d5395446143e8b215d7c75,122.99
3d457252f3e67466b6e8b1951b29ddac,122.99
53ca3ff301eb60ded8a2d38593c36716,122.99
150ef1b6b2d3073c20d4e0b9118e7986,122.99
31ea82d50eb91d9f1632f463db556c4d,122.99
eeb02df937439b2ac1639ce6bd8ab5b9,122.99
773b421ca684d5690679a652c88e7e83,122.99
c9b928a77a8b9f620c9540746d6eeefc,122.99
8914e881bbf2c9017c99a75e418b5aba,122.99
be2c2532426301bff89f1493242c4afa,122.99
f827b1235c2146302af1327f4461957d,122.99
a241ef5f3554f7a8184134b5fe5bb666,122.99
5705d595d97d36adae65ac02d74fdbed,122.99
9c92a11e85a06c68a402b7c13c45c62c,122.99
edb2c9160f064e4ef7bcd2b48722e399,122.99
de5c5a9aa928398a097ba036b0e0b99c,122.99
6c99ffcafc9b80b9f599030731ac7d5b,122.99
e585e617f8b774b83b7f22efa7715686,122.99
21874f78065a8a28c5a82c36d95c0d2e,122.99
47b6f31206c7f21a45ec5a79f68a81a9,122.99
aa6ea53126c88a731fd84dec4d4f3500,122.99
30ff74ba6ed04c0069481436021bc4aa,122.99
7d428145472db20c245cfc1d7a6af615,122.99
4553d174357510751fffe2519aa1b501,122.99
fee3120f2dacfdc90f4bdb6dd83c49b8,122.99
2cb79aea06667972ae3cacb4fef8cb08,122.99
fdcdab30bfa02a13cba1adeef408d4b5,122.99
5e02b87345f6fe10a41606943f568ded,122.99
45b86506b463d521ae4213504874baf6,122.99
c60f195e77317cecb85e26ae57cbfa6d,122.99
524b931bb2666da2d665da0984cafcb3,122.99
062e9faa332ada7db93c85da078f31fc,122.99
2e7ba3e122728f593f2ef0a25042bba2,122.99
20c6d809dfbc5aa2dec5652ee604a91f,122.94
1833568d9b2e3bd5a2b833a20b7e56a7,122.9
0ae7de017434df230971260a258ed061,122.9
61a91e87a49f40f2f34a13132bf8262a,122.9
bb5ecb070b1cabb71470e74ccabb9ad5,122.9
11593c31e67cba57ac694b45f7728974,122.9
c98b7957f7c40a66e916512d00d46a2b,122.9
501e7762fd8841fb1d93a201bc67398b,122.9
7bc5a3d6999652ec9851b05367159d3f,122.9
03ca680e03197e7cce0c7d62a8c30667,122.9
45b8c320f2670f8a7760e8c3761f2657,122.9
44dbf7d7b4548cd7139ded68d39cd051,122.9
cc35391e93d0dc939f561f411c5051fe,122.9
85bf7a0363f2c51249df17c5c995a220,122.9
618f5049ac85aff4279509a3154eee38,122.9
8f7200ad4c1219625f7a68619c3b1225,122.9
afe5ae8335a79b230d244dc3b8cf2f53,122.9
70aebedc20cbbdb864f0f674f8fa2af6,122.9
b6c2a592baed4e617db2e58189eeb671,122.9
2eb158a030035c0353acf0280acc1e80,122.9
a1d11aafbfa95e730795d41d465cad97,122.9
4f71227399d972deea2af2ac102a6b30,122.9
b50566c96c677bac3d56b245a055adf6,122.9
2b135100730ee38ba51b4e01aa8d23bf,122.9
c228d2ea46e34e2257e8b34b694ad9e5,122.9
787cfff80aa3a2af863ff92e442ed041,122.9
aa533babb08900a1370fa4888feb4b80,122.9
000f17e290c26b28549908a04cfe36c1,122.9
dde0aa483a06788c74c08f1e6ff6a0c1,122.9
7dd4b768827b88fd42a05ba7bb5d0c22,122.9
d67f2515dae83dd90e7576224e779871,122.9
249cd9bfba695e40ffb2fff9f9eb9d89,122.9
76cdbc077d1f0ab2a243edcb6dac3ec8,122.9
186093e7d810150c5c60f44f03ac2a23,122.9
1a284e249eeb65478b4dcc8d15a8f10b,122.9
5eef6cce1f34954c9e7004332388ccc7,122.9
0c11fa556f26997671eaeb09e029bc73,122.9
07e9c547c9d2b7d8ac9a35e81dbd1d89,122.9
2dfe1da1d0d6c244dd20a0dd41d88516,122.9
57a2c0ff4809a28d3c599e94da1a7a07,122.9
deba7800cadd368aa9a7fb477f78864e,122.8
13d374bd3347701b027ec82b3a72a309,122.73
cbca272ca34ec93d1fd5764393252849,122.67
d60b88f11d0f20aff9830122c0db3ef4,122.62
a8869329ea9cdeb330f527d0aff165c1,122.62
bc5bd0ea0abd3f669c9de1dcef666da2,122.61
7eed9c9e30469079aef5f771a837322d,122.61
6d84f1503898b73420c9416a4a1953ef,122.56
67ffd7e91bfa7548cc1738f299de6746,122.55
95c0c43f95b6e11a4ffae8f6d6877f74,122.5
deeffd0ed94f3f4edeaf96a13efce71a,122.5
f3318c51c9a6779c89f2567475b4a6b9,122.5
15da4fa167d44cfb1f970edb13027e88,122.49
f7c15adcfa7ba82a1312935bbd6ba264,122.3
43b481bf88663a9fd41bcd234e70a5a4,122.3
c14a7f74602050fc8e33fe5820a9089e,122.3
8acba881353543ad239ff65400910e43,122.3
3c3bc627f354b5eaecaa3ee60f387981,122.11
e10d5d910b97af922b8281d0eb415fe6,122.1
2a0d54a46700eac893ae93c57391536a,122.1
f2a56254be48b5d4215e56593f55381d,122.1
b02feeaa0ecde7acff3446302f724940,122.01
200dbc21662c7e23195ecdeaf7c8cce3,122.0
cc4e05eb7d11adf9ff56a1c0bf9163da,122.0
2dfa899c2cef91ca57781435d68471dc,122.0
92aabcc0f2e279fac9a67392d393abcf,122.0
5a019775080020843a5283f96d4c805c,122.0
ba4a2d569bc0439747d4846bb939e323,122.0
d8ab5b41d7a5762f09f5327d552dda1c,122.0
1652333bae09e7726bc48e58d759ec2a,122.0
08d7418c7329e60d4537f2218b4c8b49,122.0
ad246c27f1d7a8e342b64ced001e13c7,122.0
49370a22da342102b4d388e16a30f5bc,122.0
42c1788dfeabff14c5032eaa426b30c5,122.0
f4cbe58e364a58bb9e0ce73f92a8b37b,122.0
2b139a6842a26c3576fc0f5c940e1617,122.0
4926825c314ed54a0391bcf4c0765afc,122.0
ba06469dfb61ced36ea2962bf482aeef,121.99
4b3cbee5332b899b4061c6b02f38c1c9,121.99
6cae94f1f58ab679c23ceb753967c9bf,121.99
7f093a78d3d5e33e00e9708b3fa14bb5,121.99
868a6893007668f7b4b5b545d16d4726,121.99
d6dc1f2356615d3e02cec3ce83e28783,121.99
80db197009855f59c9777f86181fb1e2,121.99
38e584a08f477bf894151834aad7cdc6,121.99
e5b6bec607343666867fad97ed8801bb,121.99
d951d0e698b7803c10d296c1e1762178,121.99
8ead4cc7c11cc79553ed86a165f665fc,121.99
614b330a676641a9d3f34e333d096612,121.99
f1fb68ca7cf1c4dab0dd844d4cea2c4b,121.98
369ccab6e4d6df1c10a32d98cce08d61,121.98
67bb18f85fbb577acdb3b3dbb3951a35,121.97
f4e84894a26462a533a27940bf998360,121.97
49d6722c4381c0f4240be0e3fdb6a883,121.97
816fa7cf00e01aaf19c7ad215b049c9b,121.9
19a1ee6281954bc639ea12d7947677fd,121.9
af68286365f11f7af92d52031b8a2a57,121.9
4423670dab211b3b055c27e5c310d36e,121.9
eee59a7417089496b809841d6e0d41ed,121.9
ee2c31a4c90527567a8583ca52a12631,121.9
be58b8a3614044fda9a604cf3e998c50,121.9
07fc008e56d0391066076dc06e8e67eb,121.9
2877c65506ea66a1d53a83bde035ca99,121.9
16c5c8aeae319cdc58ef090aff4f2d5c,121.9
86ef5367d9dbecc464c6118221706536,121.9
eb2e5efe8d015ff0f7cf26a838260d4c,121.9
2fa6eb7ad02d5495e29bebb6d4774257,121.9
119d2be4d56085b41d34fededa11b1bc,121.9
57177102f8cf83694e6a7300df6471a3,121.9
7f1af4bbe65b5bf8c5e0e19766ff46d3,121.9
10855794718e285d72c17edbfc0e38e6,121.9
740ada6fbe8fc3d20d6bd34fe205b5fb,121.9
efc29c72319ab5d5610f0421abc16554,121.9
f03ed5c05aba9384c235b9eb87a5b499,121.9
5c990f280a0c04e9d265be77a09a5be8,121.9
74219e78dcaeeb30e8d09ed57801f0fe,121.9
3dfc1d5c8f0063d8bf49bc7adee3cc0e,121.9
22bb0ff482309d8f7f93e765a9b90bec,121.9
8d933eba83acbc93f97094191540b136,121.87
c0244f9f43928cd292fdaabf59c49ae7,121.85
0207ca7dd6d2be6e08d8467651759bdd,121.8
b42b25490bee1f192dcb015b6f4c60fa,121.8
99c336ab501ab1c1e70ad4e668e3442e,121.8
866456cc7b097aae3883ae2f436b42cf,121.75
d50f7f68a99fb83deefa52745bc76961,121.75
c037e55c28eaaaa458a447f6fb9ac8a7,121.6
35e3a5dda4333827ca85ea5178b30243,121.5
9707082565c37cdde7b05277988eb7e8,121.5
ffd094af4643c7ac712acd36a56feccc,121.4
624dd44e174c96c79397a7f030f08e8d,121.35
a028a12d1103e8eb0dcc7a1e12fdc1aa,121.03
0888ceb9767c8f38f24962e72e7c32fa,121.0
e6e690559912f9bd4b01c9ceb98af661,121.0
ba49f69104161f11989bc1bfd6a5d6c3,121.0
0b6c2ee27dbe0bcbffd424f2ddedd222,121.0
ff115ea880ba301e09b08f39f1aac7ca,121.0
6ea29ae62679c8330d931490b5d00011,121.0
9e17dac452c8ff31056ceb4e669a9aac,121.0
220b82862b9aafdcb492730f9e3a575f,121.0
320c45c151d6e0638787c8e35e0e0c9b,121.0
ab72b4d341557427246cd29f153d583b,121.0
28ef2843e90a8f5f77c2658ba60e1cc4,121.0
659dbb4ebaf7a20e6b542adcc862c6f4,121.0
2f029eb28b4e6df54d4978e3d61709d8,121.0
098ff9996de8b54d861bf8da445ba2ca,121.0
13f1c2d6b9a507bb66e4cae829635936,121.0
b4b54ad1c41334ff91007f0ae82e8679,120.99
df8646b48feadbdaa69acd0715c9ed2b,120.99
9668acd4745aa7554baf734a6e880ac0,120.99
e1c8e81bf239e4ca83c3f0dc690e38e6,120.99
cda19b7949fedcc5277c7021a8d309e4,120.99
76de3012849125aa7a57a8a721f303f9,120.99
383e0c402beac204dc7ad8633cc49ae8,120.99
7d230284e062002029881fcfbf09c419,120.99
a2db663a96649cbb12a8df657b52ceda,120.9
756077224deef855584a6bf35be6233f,120.9
d3503b10b18990444ed8642b7117c108,120.9
da056635486469f6a869224f2046ef0d,120.9
2f368064b4e6646a7784a46b03b4bcbc,120.9
658edb643c1de24ab48d5fc95555001b,120.9
e17f21a7f5dfaa820286567ccd5c96be,120.9
b5d9ce675f121542dfb501ee50a8aa42,120.9
cec01cc1c92e32b6e6665be9ac91bc13,120.9
fd5c9b3e358a87a8fb22ea9a996949f4,120.9
4d25fb9f5e7979383338f6c96ef28de0,120.9
a47b519c7d781b447d2fc8314fb7fd36,120.9
9cce7727e7d1d1a738ccc755eae38e93,120.9
53d7168d4cbc0acd88e9d17e2e18b47a,120.9
9723953949c0de9858c86afaaeea8077,120.9
f3f1c09000ff5b8301e6b7918e4f2cbc,120.9
00046a560d407e99b969756e0b10f282,120.9
65d82ae7c5f1e68cc367bd60c8af8753,120.9
3fcc0ad6fc4d2cb5b8ab39309e1ac335,120.9
fd138d85cb1226958bbf31bb6f618d7f,120.9
5ec25f4ab37a355fab56c7f7b2fbbf55,120.9
7f63e5417cd76d48e30a31d9669b04f0,120.9
568be7bdad827e05c5b0b87614cb8c59,120.9
bbae997921c6e65421735700fe529155,120.89
4b6c2bd9ec09807a1c830a493dae08f1,120.8
0bba96d74b097f702d796d016ea4891b,120.7
3da491a8515480c29699a85b1c8f294e,120.7
d0b9308df89064e7da109b8bfa722bee,120.5
bf573f9422c8f6b435a16123951aa62d,120.49
55206de1c7ec8be61806c19e4edc489e,120.49
a81158b76309e2a18d9585b7bfcbde88,120.49
8c21f1094ecde16bfb67f9226a37cf41,120.49
0b779368ba5d4d8f91414e244c260dce,120.42
e3f6b4dae63c01a950abb74a779acd41,120.4
7b4d6586d0a0a1fdb26a1b2ed89e21e9,120.38
0f2a7baf176f693c27c891360da9ef2c,120.1
3aa07c52ba6832f2d4ba030134320b5d,120.0
6333de0023805ceebcbc7303d94ecc33,120.0
b49737581a0d2bded4cad182940ebc3b,120.0
392314d2b068f092035c990ef07625d4,120.0
ba12c68e43068d8dba0e2fa56d7dcdb1,120.0
09ee0d14edaef21ad79e2b2f4b348b84,120.0
f407bd53d45d3a98deeccdc75c8a68e0,120.0
993a8c810083ae41ff595aa595cf2dba,120.0
edad39f31de2438ce949eedfda6e5ad4,120.0
e374debe4e35018b4d20de4337ea74ae,120.0
191f2f8821e17ef3a5b2980e301f6890,120.0
ec3b12041b27ac4f88929f9fcc10038c,120.0
add72ef6c37408eddeec3a287b2eba21,120.0
36a6601c12cfce27029bbd8be26430dc,120.0
13296afc5859f8a61ea2b52d5c033c85,120.0
666f39842d1e5d7d1fd1daafdce14592,120.0
b67aa5d466db9ba59c24d6bcf4dae6d3,120.0
b61abf2a73a3ef96dc65602e59d7f51e,120.0
2289a9558ea36b40edd3c8a83194f701,120.0
94b32b425067eab90877f0dc1b08593a,120.0
1b1aeca72c529981a8939da6859c4db9,120.0
aaf87fdb0cbdf2a3040221661525a54c,120.0
ce73ad60d4bfdb6196b9d6a058718394,120.0
8d01c2ffa6f784c1768f162aee948b95,120.0
5f235effbfef1537095b1024ab902244,120.0
84a810a852122f710a0ea08820feaf54,120.0
95b18ed2e0c4328d80daed9047b6d995,120.0
5d9ae8a689e16a1d0baee896734fea4e,120.0
b4187d222b18f51afc5826fe2f09dd33,120.0
accb4b4ad075d07a833eacca116071c7,120.0
2a640283022f498a1cec238fbd94b1a1,120.0
618a262c8677a93cf6e07f157509c957,120.0
5c07b546af2a42f6928364333d76b067,120.0
b2c63a8267bfc180d06ba2d9b79cfcc3,120.0
ff08e4d01ec84cf685cbb73cea8c1aa3,120.0
ef1de028f62249d1a7127ff7287a6f54,120.0
cea608fc4c1e7191f2fa019426a40ccd,120.0
bc397c0f4a4ec217c911dadb0b9da61e,120.0
1c0e3ca6b0d7740309a350fd350d04ce,120.0
83730488524b0398123e465b5b9b3e7b,120.0
f4899cf83f81912a76a040f92699dcd8,120.0
46c848799c224c04ce2958810c0240c8,120.0
34858ade409fedfe277b12fa6256c90e,120.0
c6d4d749d1e1d2ff8f9e23c0f14cae25,120.0
05860a17b17441a53e85b2c0e2daf737,120.0
be7cde4faf5050c3c79c1a867f142dc9,120.0
5fa8584124fc1568c978e945989591a2,120.0
0810d71853774db2529c5c82e093d33b,120.0
096b3232e0ebbd72be401f1ef095e159,120.0
53de857a4106900a58b7c065a0a5e41b,120.0
9cd36ef28e6e6a3d1e360cd8a7ac52ed,120.0
6dced73164631978b70241f6a7017f3a,120.0
fde883b2a152ae5c4a15e020f7d6d8b9,120.0
9c92464b07b65abf271a90a21896bb92,120.0
6c4d1f47d8330211a3fdc593f51c2d34,120.0
ea1817afaad169786d259346fdf888cf,120.0
c91581a1eb4e566997896347d647870c,120.0
42530e1c510f7b7f83885351568619ba,120.0
35f5bb12aeb5e3152bc397c997b83112,120.0
a45d8ece9ee9ab8b19e7b615167cc85d,120.0
2d7be79ec7cff20da0a7d793741b5f20,120.0
c7f2aa41726d05bcc6db32812fbf95ba,120.0
5e3946a8c130e68f45ccced8781e419e,120.0
79bb38211c0224e3862991d3557a5828,120.0
41dab101e63cf0c1866b20cdff40471a,120.0
aa3f66cac5958025414f44650bf95ccb,120.0
ec2b17a04abb80772ab4e8949e3dca27,120.0
c0677bd9a1d4d23e9f1b5274f0cf3bbd,120.0
ce05207bad22b9e8c744d1b1ea2ea0d2,120.0
24c38fd30a0c822c183c67d3720f2c47,120.0
3f8c3a2a3d813e4ccf04a3bfa375d520,120.0
7f0f4bcffd7d9085eed3ad0a7814dd33,120.0
6e5febec77b6b0c1c379e04f27bb37a1,120.0
b6d6fadbee4df0e3c0aab81a046124a6,120.0
884c6fcc38be57b16cbec285de9e6513,120.0
4590c78c78a0c4bb1ca92338ccfc48da,120.0
ce4803f15b38e1eb49ff6d2080a65179,120.0
4e561104b788c49620355100eb215054,120.0
f99684a99ddba95d0001baacd090d83a,120.0
d47066f2891c6abba2644add82add774,120.0
dbe13d410af5fe987a870ff4d537ba46,120.0
816b2a113af5fdab13acb5d51b471913,120.0
3fa5e2b281cc8eddbeb536357a9e5f2e,120.0
7737a567c9ae9ed302ab073bd7a9d60a,120.0
1d510e457bb6e83400a904c93a6974af,120.0
8be9edf093070963f58d76ba9333ceca,120.0
e5ad7771f118319b46602d7cf60a7184,120.0
920f397f9443bbf5775f7e99a2245890,120.0
c36408f4223117ff8c199c4660b856b1,120.0
f05131b9ff23ce30a8b8ab9d416bba8b,120.0
5d24376e325a79e62ed98de02d5eb029,120.0
f8908f98386bc7c834c4eff48a959f8a,120.0
da4534e0fbc4cd11a6f9103c62b9b02e,120.0
618f0a4ffb07d53e0485b9515d12514e,120.0
54141e794a36e7897371026becaed62e,120.0
ad763eb303d76b25fb70bcd724b4ce6f,120.0
39f021a5b9c2d0ee4533c4e62c702a3d,120.0
be93311d52df47140bbfc588540e88c4,120.0
824c433a3dbbdd265a1399583aaef499,120.0
4ffff1067fc518fcf4d439bec4ebbae1,120.0
8de51b724d34d1286822bf919129a639,120.0
57add4c6f47d0d2bca43964b6a766e4d,120.0
762de17a4530e0d81d11141138505c4a,120.0
e012c42980f243d89990940907be4fcb,120.0
67eebe9046f74afbcecb8a1f7596b1fe,120.0
83e0ab53251715a17d58356fd6567675,120.0
ef8248040541ee5e70d453c61d019184,120.0
17d47ffa534a47c9af375bd1bb9cd94b,120.0
55a0c3e86baf62169bf4ec368c02193f,120.0
515a37f6dff3997cd7188f78f3bd659a,120.0
532cf7f0a0a3e92890a87cbe8bba015f,120.0
e09af74cceef34cb09e84d2fc0200a13,120.0
402c412f0d4238f4503618b86b509939,120.0
75b4bac0d49ed3e3717aeb79f80ffc97,120.0
071dec660b92cf4f691f1ad4277ea267,120.0
e9a2907489fbfbb679d37c262b6f4ca6,120.0
0e68d1ae54be868f7b4193684e0947ba,120.0
1927c5e53ceafe1b0d6a5ca2f20286d8,120.0
97300b8bea30b34f84ac6b6244ebeb55,120.0
3d26bf7e44e447da5922e141464ecb8c,120.0
616466bd090f63f7898fc58b61970ee1,120.0
b22aa5776c204aea80c90573c6cb428a,120.0
68da081cf4a4965faffec36a1bb47ae6,120.0
fdf56ce840be0fb884b3b02c6f6e7ebc,120.0
80348ce139d0380cc6cdb14c2ac5cf3b,120.0
776713d4beaa23822f7f39e707754708,120.0
2a94a0a0c608cfedd390180c25721f85,120.0
8463eb1c27b6661566237aec63c3ede9,120.0
78d882bf8379d97c8e66896add39344f,120.0
63162a081407c40769b8b941dbbc7275,120.0
25544e125e705786caa6714e4cb1df30,120.0
00cd55d78c1db8aa5f78e95d363373e4,120.0
42be08802b14ff1e10bc5bec7f1beae9,120.0
6f0b1c3fef4ae96af6943005354d76ae,120.0
c19bd2838dfae130a38bbb73470aa416,120.0
c8e3fc442fae98805be412660c6770f0,120.0
d74acd32a7cf671f67842dd6db1f6460,120.0
4367079aafca8e89e6cde0f0bfb62fc0,120.0
779b194af1ede0fd0747dcadd6de76d8,120.0
03d88c22a063771d871d7ad4fc182cc8,120.0
fa09651333a13aed1e6a71dab1988475,120.0
80d88401a15807dd28990dd932495bc6,120.0
177f63284a3add187b4d5edde00831b5,120.0
7d645d57533e7cfafcae083fb0f1b509,120.0
6bbe6939dc1b42b2e1d8622e5dbc0649,120.0
c7ee731467a6da2fa41787bcb6ce05f6,120.0
7466b6283519a7725a8a30cd00f8784e,120.0
3b01c1a86716aef93f40e4136bc1866e,120.0
9110693a12c644b2c2c95778234ba8cd,120.0
369eb3d661e1d58298d904d8c3be17dc,120.0
8ef7c689216e12ab959d9003a6c4b3b9,120.0
6e9d745e62f9337dff13d0b67bc2d6fb,120.0
804c3fcfa00f15adc54c342c2971b2cc,120.0
4c9c41a8c1965305e2e1978666bd6d09,120.0
be17c41e62ef70c6c56d94abcc38d7d6,120.0
c4dc594c44e31c40a59b7b34501a1e2a,120.0
3ca12a51d893d20d10c81d3ed566c391,120.0
c538524ca29f78ef7fb60da9799f3013,120.0
117cc0a31fd289de32c16f4dc9bd5c04,120.0
a260a76f5eb7a337ce2d4709d358784c,120.0
0f864a38c06696957ebd1c557264a1f3,120.0
bd8fb526b865b29b6f487cb18bce432a,120.0
960aad4c20b1256ebc04fe72bdd7afd2,120.0
6e765d00d4f347d86e14dc073cd0a4dc,120.0
be17bf103e918360ea58f53c213a67e1,120.0
b6523da9a2d65fc4b8bdc65c5a8475c2,120.0
03cd896233134f9feda7bd1c0eddc7be,120.0
378b3a1eb52e28bd3657d8639fb563d6,120.0
e63a28032d2357f7e15f9b854106ad3c,120.0
2697425b692b6a1f2a6f06cb1b162129,120.0
bd43f44fa28ef40813b0c69b6619858a,120.0
d6d2c033c21383b51bda46e1e5580f8f,120.0
d8ce092ad6bcafc4380d93f54fca6786,120.0
bb8653cfcfbd0a92fae0ec7373ed8a3a,120.0
2f3f9c52059b26181df228789a7725fa,120.0
bdac81dd00e1f74ae8317227ca0d7b70,120.0
2acc65b3540d88602e20554b42667419,120.0
62b2dfb55aedc55b13c25efe64e6ecd5,120.0
9cb835222ddb8c08eabd01323e8cb677,120.0
47ae470bb0beb1c1fa36c02d77a8246c,120.0
8c94bc7ec97ffe799e9e029ff491b5f3,120.0
c027cf60049626bfb9eff599becb848a,120.0
4fcf92d96f6050b6e2b3594a4823c2dc,120.0
ee79b02b37e930b7428b9b799b75d08c,120.0
2d629ccf7fa0c22635758b85b96c0d34,120.0
898bc91132dc94d6f216ddf9b0a4e2e8,120.0
e7825f66b8da48779c2230e611626f7c,120.0
94cc6d198de265d1e418a24d451bf319,120.0
80bfc87185a9c58d5cd94377c31e8d88,120.0
52d8b6135686c07f3eb37641f6c8d4c8,120.0
d83f1643bc89dfc8516c6c2a11f46258,120.0
141dcd50f54247f41e00c927f3692cd9,120.0
64dbaaf4c826ae2589b816fedf00631e,120.0
fe8effb68afea983b75fab51cd03050f,120.0
323fb14f29f27f4f2f321e3b6e4f1dbb,120.0
838bda281157e748923fa701e5b1d8d3,120.0
e9f803e0e1cfdfe5ad1458c8551bc7f1,120.0
5147543c7fba3cd0cdade7d54a1101bf,120.0
a96b4cca295b6876489ce885ca6b9f10,120.0
4bd294209a20481f0b350a90a502902f,120.0
40ee2dbf97c0215d7c853f0f19b8d75c,120.0
a8e85fd5c346013715e2d92ad37bd3fe,120.0
3bba051b7b4b792830a27d3d990620d9,120.0
c4bd3aefb216827f4698bd9d2b166a2f,120.0
ed03eee3635117f214c99693a5fd13aa,120.0
06a422c0912397e12e6316f7d53687b7,120.0
38f9acc05b467543eb2ab4536729e1d2,120.0
b52b19c1578a99fe32770796105f0ab7,120.0
c5b44be122ce413a4517716ad9dd072e,120.0
58304aef21701bf4312b0e0c34a03906,120.0
fe1160e1034d8af38b00708201370cd8,120.0
a28730bf79d0b8a7bba0da57b026bf78,120.0
ab4b8303e74ab12496148fbbe9d20aab,120.0
18b3ccdb39831edbfefc432e649d2585,120.0
4ef66ffdf74658c7f365451460599f0c,120.0
6ba871ead6171a516b1e4d3fd8e92f4f,120.0
0faf52fb32003ad8ca5853afe236ac71,120.0
a925f54d80ababe092b80fc6fdc1a948,120.0
9d10716e281490d751a1d761003ae948,120.0
a4e35b6b294f14e3ed6f6a324913b9ff,120.0
b3e9268ff1c67ffbbadcfdd3a45a7dc9,120.0
8900868696ecb4d5b67e33b0fe662008,120.0
fb68a5552994d81243302fe6a15291a1,120.0
908ddc5ae127ba1740a4ea84bb656725,120.0
1f30fd28820ba68532da8229badd7688,120.0
dde9aa56108832961eb53e80ac4a2e5e,120.0
a59963e5779a42b59dc63a3ca0bd417c,120.0
e8c392c20c1239beefee7e67fa598f44,120.0
cd321431eb241e989d200c78d0a4bfc4,120.0
49c3a1a50b8142d5b884209cf0db476e,120.0
e8226f36b6f33382a5da4abc7392d629,120.0
9b83d9150f23e90854abce4cd89ae962,120.0
d08c845f3bf2ae665a2fd49eec24a3b8,120.0
c3211ae63a4814cb50a4d202e924fb5f,120.0
998d1e672c845d38089a2e603b243a38,120.0
527b26bd8ea58b018efd96060cac5ccb,120.0
52222a646829d54aa33a64283f3b5549,120.0
be46df4794953311371e51623e1a1835,120.0
2b7a772469a92a3676ba4069496c4b67,120.0
dfb122f7b4d92f74bad5489fe87b9a9a,120.0
173f7dfbe0aae1fb98e9d5d4debfbe0d,120.0
3ec112a237741d9fe3d21f4675fe29b6,120.0
1cd42cdd99a937e2fa316e8588ee5044,120.0
7dc0baedb6fe189dcb7ed56ef53ee9ca,120.0
36e69765211e0ea6fa0d0f33a5d3a15a,120.0
e6373b38f5b4317a6754f63bcb8c6509,120.0
1fef503d511721f73b5fde31d963fb3f,120.0
7b3d13b56b33781143602d9eaa6c3a19,120.0
ab93c4cff5dca2721ac4bfef3489d30c,120.0
d7f9a21f975d9f10081a6ba5ca621954,120.0
e507401ad0ed79ab3f14746a0c9a4f9f,120.0
8f16e922756eecf1efa35a32d3a57fe5,120.0
acd575d7382968889f41a5a3f37510dd,120.0
b811feab71fcd813b678a6d9b6562d90,120.0
d15fcd763b3fe576eeff22682ba06302,120.0
d5b654ad125240f776182b4a37ca4b29,120.0
59373c31ba0b9d0bc23bd25284c5cf66,120.0
c75018310f578a46cfec39b6df04a827,120.0
c956323b52824a4e15cdf08d452f68d5,120.0
bcf1316f0bc85a5626519e9bb1205c1b,120.0
c4fa4315b879e1c56f1d536e67d4f8ec,120.0
29e3a2295fa12b8d38458c597bee5635,120.0
bed4351d1fc3218ff51731add5ddc581,120.0
2d66a2bd5d2f5e44de62a3d365b5fd13,120.0
2abce617f1be14e5f789fc9c2f5c91d1,120.0
780fb7cdabcbcf7c7d94e3e4ae1fd577,120.0
dba4e492a363762e1276b647d181fb55,120.0
7b709eb982ab76c0e6722741a0c12f70,120.0
8fd044742f99625dc8f08f7d3e731fb5,120.0
ba379abd49e420a1b7379e7047a63f67,120.0
b74e4b5a94ada60313382c04f7f97ab5,120.0
e5c92aca4cb7445d37790d511cf5bee1,120.0
0d71c0379d76db8625afcb70e9a1e519,120.0
01cc7e6d45686f8424b65459f6fb8caf,120.0
27ef94da5dd900952d450780482a9df5,120.0
6ff454ccc811de7423c70b5b3b8a5164,120.0
607c2d89ceb54c4f5b248ba4e969d65a,120.0
7b0ef84b81f16d16583ccb6b987a0ed3,120.0
ed2f12c194565a4351a766c26fae57f9,120.0
022e192ec0af0a000a69f29bf633ffe4,120.0
d0fb18df226036c465f5e8fb53e3f93d,120.0
b4aed612bc4bba43b16b3b8e6d707fa6,120.0
85c28c811874bf3509dc5875b24d2a34,120.0
0da3ca0875a2ce7e0720570ecf98bf46,120.0
fd6f61091eaa73b3f00aadc3e396c306,120.0
29631b630037329464b18f738028aa02,120.0
6a3371f582b157ebaf97408844a22269,120.0
eb1c0e1ca3e17eccaefb7f0d4dc659b1,120.0
8264e3518163dd09211870b24a5d741d,120.0
97d63feda8926a333e24d685b9be138f,120.0
4c8c7d418e7d4846f9d574b22fb89337,120.0
6db77551e8bc4595a5f1b00859b7bd43,120.0
f1cf46100438d0ef4e1916f2aef26718,120.0
3609367900ce8d7d8fbdd03ee43e74be,120.0
5cb81c242600b383ec83559f321744a0,120.0
74b45de02962e748eb6da766e9c84ddf,120.0
2fd267ad12555a1a8a09e4bcc4146fe4,120.0
bf023a02122790d649963e72170ee2e1,120.0
a55b85ff2960e23e05447c3c371899b0,120.0
e3019141b5011bee27cabff1d47b8b8c,120.0
d8607ecca170f7c86ab6d37b1c2b9219,120.0
4fc58708631af32db156af6207c3ecfb,120.0
c0c2bf66c5b4f939ddc5b00d504b6ebb,120.0
8e629a5723d765dc730dca02216d0ebe,120.0
76b9b46371efaa507314eebe28d5eae7,120.0
6189a73b7dc79f6210addc1fe2b742cd,120.0
8175b179573109f5fffbc355e691ba2e,120.0
87f45f57efec3372460df1f4b8229630,120.0
0781f7137f42f48c0121b25b06a9587a,120.0
e8f45b116d71c20ec9731794278cc49a,120.0
58b897c41ac43010a41d263c2bff500b,120.0
5b16024e8e920ebc5f146d934d0ee190,120.0
79b432f91863af9a5166045f1574b5f5,120.0
5f9f685cd7513c15df4a381258d9eea2,120.0
3e345e7e395a3ddd11abf786d6d74e3e,120.0
caaf57c5210b87023c43e7d82c1b130b,120.0
624d88e25a8f2d2810512b5789a746a6,120.0
cd3d0bb78975094b490171b65bca8c64,120.0
c9d89595ece63415fb02056061ce191e,120.0
de6df770eafe17bbee77c0d639fd8878,120.0
94298cbe7a6c41305c767c411762afd5,120.0
ca396e0addf79314ba98d3b71e7b38e8,120.0
16474d0d0fb3c08f805bc4de00cea8c1,120.0
6ee406781397a193218227d27bfc8ef6,120.0
d9110683c7a282144e9fc97660026a28,120.0
310e750a3574d84c0221e3e9e1a3b304,120.0
7791d0eaf5b8b96db289aef6ef2c2c38,120.0
f6978bd4f963e719065c053b7cea7aca,120.0
7b0fc6ecc532642ffce9a191715e3faf,120.0
e6baa8613ec0f40b1c03a74b605dce5e,120.0
752075b7c55918f527dda8a124d8691d,120.0
d845fa10aed9b9761c5e4f3234c15656,120.0
ffdaff86e5834cb843ada60a745d4222,120.0
2657db2126e03c6cd144184f8c8a00a1,120.0
249ead6a60c68710994208dc93955831,120.0
b30e22e2c53bcb078b69f3cd1434b155,120.0
113f49d5ffca9b945d3c868beda06b92,120.0
4bf42d9c53f4b35a0443a8fecb6c707d,120.0
6c6e923ab3cbab96efabb3cf786653bb,120.0
f0eda054baec5a04999e62430c34e1a5,120.0
29c34330a2cd267405c6c32ac32817ab,120.0
6a66c358fee2cf939437c490b2f408ef,120.0
1393f95a641d045e1ebc7a6db27258f7,120.0
660bdc1f7809a4786ed1852b82b8addd,120.0
9b60c21e803ae24bb61ac7ac145c21ba,120.0
cf264ac5e3cd14a8c67c76c5ac574162,120.0
56873aac5d1189f69b7ff7cd5cde465e,120.0
dc4158ce77a389b5672ae596ee0da730,120.0
ce6c5a902bad9cb9b8675a9fccacff09,120.0
5b985c8b77fba94494956d5f1e717933,120.0
86eb0c5b7e736ff01d2d1d4ad27e4912,120.0
a5c4754a855344eca515e2c40693c9b7,120.0
52edc459da15ba6237812975585c88f2,120.0
5c4475298d8f13ef3f9ec7afeb13147f,120.0
b58fb978d874ab20a1e02eb6aa6bb088,120.0
cce9c36c61234fb4f9edffd085c9870f,120.0
bb033b43dc2c1e3fb26312d16e38bf50,120.0
85d5d470017e7092de13058492ce9507,120.0
cb455c0c9e18fe17a85cd12f613c0617,120.0
30d611c4fea5d7d5b2881c107627cfd3,120.0
9e8988f5e00495563b04c5d85a18ad44,120.0
263dc86c0d51564f1b3776b787ec8779,120.0
a2549c5958509a1be730da3ec5098046,120.0
89a3b88e57194d8a072f855c6a002410,120.0
7940f043bd9828325d0e88a9fb36551c,120.0
9a03c663828a5e27b87a2cf6371f45bc,120.0
1e677e002df7792bfb7054bc1c3e1435,120.0
f6f76301950a9f0c4099483fa35b0292,120.0
bd871bc59dc50e6113fa3ae0653bfa67,120.0
0e7c17ddbada5df557b2e5f2f90dc0dd,120.0
38b1c669658a056bbdb1e6c1bfbcfe76,120.0
38b0aa764a4c901d432e2d830b2c588c,120.0
bbefd632c5ef63a5c0e4ed79e72ad553,120.0
b6d61a3a2355b4681cb37e28178f7f81,120.0
8ac12be4103f6d1ad36d0c21efc8fd5f,120.0
b7dbc8874c0f2dca8ff7b3cbd24c4f00,120.0
5199bb48202f3031e57bfa84b3a1f740,120.0
43b640b00aa7739cb08e13d978076dcb,120.0
6daa264fc39ee67a347b26b841e9d000,120.0
43b319fef4cdab9d509d63f048be59f8,120.0
e3e19da7f1de845ef556c5191c0fccf6,120.0
bbfcb80281d72b0f7b1948d4da74c0fb,120.0
ccc041745c57e62ba5637dc2cb6909b3,120.0
b1bef5a3f6ee5d089f813bc55dc3d73c,120.0
da3cd2f77201ba1fb0637d3a485e9ffd,120.0
ea881d44e7e735dd3b154baba6917f3b,120.0
1ec17945580956b4bd4b8389f93cc5a1,120.0
69dba14ea6bbc43bc3f7aad54da1c19a,120.0
759395ee0edd9984b572964443e98a81,120.0
f946014b2c77923f0a5a49360495e1aa,120.0
20f090cdeeda1b2c7028fd2d2b7ff9d4,120.0
00b4a445a17922526d9b64e567ac2865,120.0
a8235166ab0ed91ed6042b1b7d2e01a5,120.0
bb59f210055141397a6926e0a060e48a,120.0
1e67921a3c7285bda4c370e5c865521c,120.0
5405eae4426dfe70f43ca8617a180bfb,120.0
62c77341170e799a09752c9d636074f7,120.0
2b120558238a9f500d9fd6b6b3e195ce,120.0
edce7681f7a9c927027eefbc0d8e3ef3,120.0
b8736223535f5503a888a81a00e5a7c3,120.0
d71ad29a42d24318dd3059f288e2854e,120.0
30b5c0f997cd71bea1f750c863d002d5,120.0
a604311066ce6dfd1912532a2b7266d2,120.0
d9d779b2c038524f10cfd58a4ccf6ec8,120.0
6c7d908512bdbfc635e6fafd6becf1c5,120.0
7230481f6d6314c5f8df0a97963d0555,120.0
808c3ef691a670d41d1e3ade30740cb8,120.0
35f70c052536b3da1eae952fb8e034fd,120.0
e09646444511bcbf9141bf44ab8e8ab2,120.0
1c902b37a0bca21307de0544a1293a97,120.0
4993c7497504a9d16889ddf05e10be7e,120.0
c5496720a0757e26b8f89cf82c07a072,120.0
916c5130e9ec5d647ac9cba87c906fea,120.0
dea3439a6cd34a2a2642d0740ddae76a,120.0
142b789d35a01d909f5c0119a5ecb165,120.0
4314121fb5cfec01588f42ef6bbb3db3,120.0
8cfd4d3fc72d6f46f8534bc290c0b398,120.0
457f70ea74c01f0f5a6754f9f90e8548,120.0
72f4681642ad6cbcfcb011920336f1d7,120.0
ed850b120dcf3049743a2ec2e015ae9f,120.0
3e6b478fcfd7aa346af38ec71ec159ae,120.0
0fdf65539a0e44008d8e10271d7d2776,120.0
2dd612c7a67990dd6bc16bf7be867fa6,120.0
21f9fbc70fa36a15771ec8a33d4db305,120.0
ce330ed29c56811fee0ee0b22a18ab13,120.0
34d4006019767b756428bebda87427e2,120.0
989c61253740a45232db5d7a836e7bf9,120.0
da1c518df645c2ac617582c9c5c36faa,120.0
c1507b00b2af515ecb680ca0a2438680,120.0
b4ba976c2d0a72877d597f4344c7513f,120.0
5b912f0b13a097cd152ed6ea2f713326,120.0
060a46f3e1097e08371f2c8c7064156c,120.0
6723d41fcf93098e63aac8df2fcfae1a,120.0
48487a92b4fd416acf46a06f981ab31e,120.0
891d97a0573cb2e4c69db4e87728829b,120.0
85feca5dc10c670215b0bffa0a391ca4,120.0
be406ce36b2efbc9236b45307af60349,120.0
2f6d26c67bbd2c07e44bd5b4de84c176,120.0
e4b86d8c2509d8f1ea7f18bfbe306434,120.0
8cb9c96288df5e44d44d767b4d3c4cc0,120.0
710c1f2c83705274fbd85f1cc9cd1a0f,120.0
6abe0ae88ae2256e56650e5d85768b9a,120.0
8a7f70a4738488de4317e32152ee32a1,120.0
fc465aac71dbab3b1985e233b543ac5a,120.0
21fa606c2b3d80fa8910fa958df41cb5,120.0
92eb4436e4254a822bcd35ee157c85e2,120.0
e600c255f682a86dfd0c57d3b1d7417b,120.0
e5c9bafaa0e039d46a1daa031a7222d0,120.0
18ad953cb2e41768f9d27a594bde4efa,120.0
e392b77175cd3683d5667399b36940ee,120.0
b9fd82369a040ab316a88a1177de4cde,120.0
50c402f660264706e3fd269d7607d730,120.0
56fecd308580382b61bd71468880a9f1,120.0
e4d71181686b734c0c6c10eb9a77e8d9,120.0
988381e3ac7174b278642cac45f5d227,120.0
d3c7d2b32f278d3699a3e7376f85155b,120.0
f8ab509b172a033201a75cade2f4f727,120.0
924d6470ea6beda5369225f276e6cd5b,120.0
55cb67c0a97a3546597db81166b8402a,120.0
dfb4c38de1e1058e452e6d97af70952f,120.0
4d36b94df5132998c92c41c96e23cce2,120.0
0c069b7f921d428000da0ab8b26b629d,120.0
12aad5eb819f277ffb7fd13f3656a4d5,120.0
b940eb430a669d018ef1d9e457bda1b2,120.0
8bd06359860a237692a2002f9bed23e6,120.0
d3a143287afba8705d27fc94dd55c816,120.0
e6dd4b9e48d7f34244ef531a9a604e2b,120.0
ba6e59cb5236d13908b6fc94e36ec889,120.0
e79d282307344e57597bbc916246d1b5,120.0
e72eaa64d93891becb7b33bcbb385b11,120.0
89025dfa12aa3b676091d11c92ec5672,120.0
94a71e1dd79b5b2c70005b349bdc4761,120.0
4d45302cfb4e0c6404ebe65cbcaaa83c,120.0
f9d4779ebedf06248f5a3096015dee73,120.0
5aa6bb437aa70d5f3d95fdf0d2a93d31,120.0
2b7b9574c7e5ce266ee57ebd7a5ca094,120.0
c79472d11f0224a7b12eaadedd1e26a9,120.0
d700ad60dc928758888d00f63e0785e0,120.0
472ad05cd41139d69fc14f2093afceea,120.0
1aa313d943e1ae64bb9b33c359537242,120.0
a48133e2358b288d04447786a3eb902b,120.0
50044df9ed4639e4027eb9568c64c0b2,120.0
398d40045df6bd85c62cc47e4f5715d2,120.0
79183cd650e2bb0d475b0067d45946ac,120.0
cdb1f6506ca30313b24766d993482ca8,120.0
5418152785b11509ddd4e441060702a9,120.0
73149e2def5373d0e10aadcf0d8f8167,120.0
0c0a6bd19047d0bf4ec7752ec9c1b1d7,120.0
a14226e893b38c7907a09882f8e7063a,120.0
67e7c5386f0201748d34f2aac2638a7e,120.0
2ae0c48a27f15c77622fea0ec9ce6dce,120.0
ad8878022960436117fc24366b1e0cdc,120.0
a23e3f9a2b656b23b7e52075964b42cd,120.0
863da2e6b88f588843a9e53a19b548d5,120.0
926e248f02899c8bdba74977d68c40fb,120.0
67d0b4958bc1696a19484767933531b3,120.0
b8943e6abab6d4cca847bbc623b441ba,120.0
2e82832f6d95afea279aeb702735763c,119.99
f3e6f4554f85150b53702d3120fdd274,119.99
13e8322a6c779a53d2e57f269f720691,119.99
32e23352f904da0c1128c0e9cf4ee89e,119.99
8eb70e6a3cafa3996513b3b3add195fc,119.99
84c34f46136918961512c810eeb48ff3,119.99
7896cf5e5a3973bdbc7811c3727dd6e8,119.99
5d38c66c874ea566658a9ef3f31812e3,119.99
f673a32389db114ae93a1918ccb75cb3,119.99
5cf604122eed2718e8734433dcb1977b,119.99
28896d119b6575081311592b99637c26,119.99
93c80a4d82691afe3f682d8deb8e2fc3,119.99
e0d4e81ca397eea8ba6a5e9d877aba4d,119.99
15597c6e1060d323ac01f89a332903d7,119.99
3291b733686f451af69be3f5f0add95b,119.99
3ed790a63e61a86231274a97e1b27fd6,119.99
73a9e9f7ccac657483bed5f2e891a8fd,119.99
48fffb192bb8e8fa44be4e821bc2ef35,119.99
12146654a986f7db61818e306b1e227a,119.99
7379ff27a51ec49ecc6f2737c6b9c3e8,119.99
8a6a65b388c1e8d3e47418c099ff76b9,119.99
c64cdd0013964702894b7d0d942b034f,119.99
399f1d244d4cd03e3687a5fc94c28604,119.99
586068537ced131bb1950d007e218c6f,119.99
5744920f3a64d20c68264c46e5222276,119.99
ed87b765d334348c35820b87110f4721,119.99
6c812c7e20a4790e840e09697195b870,119.99
258c52543b8045fe23644c47a645c9fb,119.99
e2dc5811df11785799b8d6f1cf883f78,119.99
22169f48f1b81a3dc8395262df7eda53,119.99
927b06f5ce969c33aa974d38b1a49de3,119.99
043d7293671e5f243dd648d9e5d1f396,119.99
2fb8001fa90031486a508d2796dcde4e,119.99
bfb9e0b57932df93aa902959ce601a1e,119.99
3620c99ac6d42c6c82d0ce6f327a8901,119.99
2f321cc7e64a7af349f673fb7877c2d0,119.99
a71715f0041fb658c3cdd0bd54b446b1,119.99
4d3c42ac14edea98a8a94543b7fcf595,119.99
77f22e8b0c6bae08b11ada6ef930f1bf,119.99
b4770ac39b732e3459007b4b1c0648ff,119.99
7f81a4e40daa26a8796f184917cd9a3b,119.99
6d1d259349c3354c9a4afefefc776b4c,119.99
08d5cabc983964257832805dc6f0e74e,119.99
23286cce1fd04a451b20398d49eb5c7e,119.99
cb563e8a2ff495ba238b6263ea30bb32,119.99
5948ff4072bd82cda63daa1eb382e9a6,119.99
572f96319eccafe8072a7a3906516d94,119.99
6d219cb246ef6f905618da8e27cf5ddc,119.99
272b46feddddc51904608ddd90feee33,119.99
8039f8288f456b82f0c97e6063d003be,119.99
92f6a212f24d45405feafb6c093f7c69,119.99
b901a3ed9805cc223596acc6a5c1838c,119.99
c89d15c5a577db7e5d3535a0a54ae452,119.99
2df9465dba13fc692e05390a8c4d1e18,119.99
f80c54f63f071a097e15565e9ecd3773,119.99
217d27447951601aaa151e64e5779529,119.99
0349b833ebc99262c2369a6e20732960,119.99
44a822695079e8aceca4e0c1a7725cca,119.99
343ca02f37141f6f2de321ba848b2aa7,119.99
6d0c800d3fe9b8bb5fcea4693789605a,119.99
5201af6599e76f445ebcb42b7e7dc469,119.99
9f40492a2b160998fd79c9c4fa964c5f,119.99
a5e822dad4c511a353a952476cf85e73,119.99
0f935b86bea2bcf211fa481f05d4ae85,119.99
72138187abb9ee2d708bc70e2130bdac,119.99
6eff0b0388f0e0829bd659d12e168828,119.99
9c3503e5500758b5d8d2e1d678d4ff3e,119.99
d1b1af901bb696f338aaea3d11dde886,119.99
d32ea49b7ca7a371cf86fc543ba44d62,119.99
90a1a81ecae0cecee6a46d2a10165284,119.99
22097da834760ca931dadf04cae76bbc,119.99
d006a3f71c4203792241734805108bbf,119.99
a74f39cf6735d061600bc043d4f9326f,119.99
674bd561f2a7868436ca0e8589b0b3f0,119.99
b366147e3d75526b28797ddc2b03b6ef,119.99
bb4ce2b83507191e273401d42f75410f,119.99
d88f168f45b0a2c1acf6f1bb3bc37e0c,119.99
30326a0347086d7044f8f0ac86c677d1,119.99
b84d3d35ec76f19c7eeadc496e823390,119.99
a96f1d45bce747e5b1bdb89c51f03e07,119.99
9c2344a071565e12fbf3fae2abc986da,119.99
6ad36fa6ce85979f39488aad79575a1b,119.99
0d19340c8c2718010e8b50071eef5643,119.99
9e766dbda271a8011362c57f316bbf67,119.99
03c0cfb7f6859ea591f6969c8e9d0109,119.99
e283981fdc7530910844d1c8ccd4c9f2,119.99
10485a34b74fc55cb3502f137335a9f0,119.99
8aa87a987f6edfb3e4550f95e2c2df08,119.99
98eb4f8f0e3cc913f886a2fb3b31483b,119.99
8acb24dc82680660e0270890fd0b5a0b,119.99
6fa32242ea743649cdd36ee5e906af27,119.99
97855ab644c7bf9afcabb920bb5a6a57,119.99
e154aa6c833c997823d31268993dd32d,119.99
f493aff390d5dc333518bd728e9d9787,119.99
e15320a1ba99c3b56cc50e492e6c0c48,119.99
fd67eed80a407f0fbc1dfc6cf87d347c,119.99
709e829ebdd2e9ef3155756eebf8469c,119.99
cefc16cdcbd69d1ea047f70227cd2927,119.99
5bfb474e36c30edca9b87dc8d64ede13,119.99
072a634f20625548e77ae92eeb126e8d,119.99
942be1042b4ac4e4ef3780b25188fe99,119.99
34605d425e279dada3fb9163309c0047,119.99
88e0d7f5c2f232a49aa5a8c09374e048,119.99
674c04904747c07295ee1e256c6f4dcb,119.99
f50d17e6ef8a2e95fc8594af9c570a3c,119.99
c4bd81441055a6cff67831bd36c17c3e,119.99
d8b713b0fba96bafbe4dd833507b8493,119.99
42590c6b9aff7258e8cd3ee9de871e64,119.99
566b3728a85d64d9446ccc95dec63ad8,119.99
39fe84e2145530fc79019017a9eb1db9,119.99
ad7439e0f479ff502ce04c66c61bf7ec,119.99
f1dc2f2b83bb06c52561643c445ea69d,119.99
a553a10c8f858e664fe7cb71db0697a4,119.99
8427ca53c48be26194ac72c1962da013,119.99
0308cb020fb67d56a42bf1296f77dfce,119.99
427facb233cc4450b926f434f09df23b,119.99
7c15abcfef924a6e0f7865d0982e0cb8,119.99
5ec380e68c105ab6d4800a13cbbe6593,119.99
9f1595b82c93e652dd8ffd5cc4051362,119.99
c9f4a3e9c7d357935a0e2e930d24ae71,119.99
1be66b08ee372788f7b96120ec747387,119.99
97aa9c5cc26befddd36f8a548e8ba0f0,119.99
707fac20a2b45cac1486d1ba891b629c,119.99
ba0bea7f44a1a453f3375c06bbc9ffcd,119.99
68665e6fca28f3c39147812dce2e8ce9,119.99
c238e28ef2f7743e9224d4a7db9b9d3c,119.99
c3cd86c3cbac654f8558a8286ba93c1c,119.99
bf2119d584c23baf2195048cf6ae2bb2,119.99
6fac8a7f89a9c17f55520dc1f6ff2c88,119.99
4adc5c59c6d58067991c61008df3e155,119.99
c0dc718fcba0e8a75e539cab62e5e979,119.99
a4f89f092addda8288f8fb9fe2b5ae05,119.99
1e8cf2e3b4f313dcc79f5dd092220f60,119.99
87cc319565647dae82dbfa9e8261f95e,119.99
05e3947be871234fa8082ff85b5ef480,119.99
15c62eb8af4d9d9c525c34c7a57529bd,119.99
96e99e9c96df10ace8cb672ce133896e,119.99
526e1917116337f5b1c6f76327ac7b28,119.99
a1fe058e09f7cc693afdd283b2923421,119.99
d076bfcf489b61fa7f2250ce85437260,119.99
3be49a622667c5537925ed395161f644,119.99
26ca412c0cf94458d6d950e1ec6641ac,119.99
d7fd65c6b41fb24732cc9d3918f353f9,119.99
98324b273a2755006d073561036ed2e1,119.99
abc389d2fb6eabf81bc6559618237970,119.99
44f12cde95ad6d10c0af01a0bd4558f1,119.99
7d808acff2a20a9eb882b2f7a551e987,119.99
5143c9c153d2b02550d50c0de423f85d,119.99
2884f191524128904af36dd4d5ec6573,119.99
aba0af39469a65c70c21d6adc0bd9b8b,119.99
0e6dc68c45be8a533f75d733eeaaad1f,119.99
b90da3164c845cd3f902f2c377a4fa86,119.99
89ce2f3bc0e53c9acab6af7e69476505,119.99
17ec3674dce86b3240e0a333cc51112e,119.99
a1d77a9088348b107655d10e8fc7f020,119.99
b974cf42b879bfcaecef8c31a6d906a5,119.99
d4e67127174931f5332ed51a264cbde9,119.99
189fcd2b9b28cecd5dca3f25c2e119cc,119.99
d53d9e32e97eb97ba026ba591d0409fe,119.99
0be9b4ddd7658cd89af3775f8109da15,119.99
260a6304b9d1d23d0e52181a68272af5,119.99
67b161cde4ae3f48b46458ab5b2ddcdd,119.99
efbdf272ebd0b98f5c51ef96b3eedacf,119.99
31db7b9f58e06664aeb89a82f52240b8,119.99
77a0964ee68f17b3626dce1a80fc54d5,119.99
fa3b701e87d5470f0caa38474274f11f,119.99
bfbe7e0ce67c4e115a45af9aa03d13f9,119.99
9e601769a837f171cf58645b7e89da4d,119.99
73e9ca3feda9327182d698425804e4cd,119.99
7162b072ae82b7b6161abea798d5909b,119.99
d3747fcb04e6ef1d6b9ac173fe2a6098,119.99
26634f5bae862fe171d429a8d632fc36,119.99
e43558b2abdd406058436512ebe8b58c,119.99
91f5c89b6c85928de6df8cc711577efe,119.99
cec98100d629346c9a1227b8c7b95730,119.99
422dfe12ed7978978abbedd5c706891f,119.99
611b4eed02fe31a0a9993a59023c35a8,119.99
85eb24e5005373089e1361c0af90ea3d,119.99
e5bb64b888dec067eb20346a00345960,119.99
c6ef676541ec035096f50604b5d0670d,119.99
fae3f8be2e875eb58705a85d2d810b50,119.99
f1ddb964ad9968d0648753d7970799de,119.99
90b7c81dee4b49059a84be99b44b5a4c,119.99
aef2b3b4d4558d1dcdb092339601fb58,119.99
86484b39e159b80d85758985c1463d6d,119.99
c6a209a9cae13f4768c11cb3812740be,119.99
3a6452798a9be86faae0891e86abe1c2,119.99
de9ebceca7f056c08928dfa4bb245205,119.99
a7335a8b430a602d318ab371d4506e81,119.99
14dd8f53301c41af3243ed5ad0c9260a,119.99
bf9a6df07d36ad102a5bb34767855b44,119.99
b97a4000762981a7e2de5fa1afae8113,119.99
b9f21de0cf737e46054822f6082eaf31,119.99
93ecac7e00ad40485dde6e15ef9356a4,119.99
899285881e331a07acefdc953184fd00,119.99
1267bc0a6f110e3e057dd92eb0163c61,119.99
26f4715ada42676902af0e22a0b091b8,119.99
94a1a4676a3e0dd5b10d801e940a066f,119.99
3b4e6709397878a5a0887e037e31691e,119.99
0d047fff3a34f9f8e104c46d98f6d6ad,119.99
a0f51bf6441cdbe1a8466b0b26a3b570,119.99
395806f68e98a2dfa5a4929a243fb666,119.99
538e86a098b00ac8113f763fb5ef2900,119.99
6c3a8830c60ff06ef8ad5f6dbe66de70,119.99
953ebd6ab471247db179d5def0cfce0f,119.99
86588ef341dcd262707edd4dc5f043a2,119.99
a10c24a3a00d939852f086c7162e564d,119.99
9dd86fef44195e98360aad111552c390,119.99
fa7d662096338526b074e6f9d7b203d8,119.99
5743e9b0a6cef4a68089b2bcaed6b99c,119.99
bfc72a2484f86769c79f6f01a1a6b061,119.99
76151005f31fee631493eb534d4fcf58,119.99
8a92f7ae7a5ade8bec9b01a80f5a34e9,119.99
e14ffadfda9f3cd76ec8c4fc2cfa9cb3,119.99
970515eb16061ca18073f474826785ef,119.99
ce0d13bd16594f391199f2413a85a5cd,119.99
f158fc2fa2ef6499597207f4dcc7a6ed,119.99
40e460ea23ba688006050f58df42150d,119.99
d73bc399856931c0621a35d59564f00b,119.99
7e8eda96b7924f789c4b65855af3e187,119.99
ff758e6466f097d3daf5352495a0f928,119.99
fd354b19b1fd11c045837f4beda41f6a,119.99
dd9f7612ddf12827e7a641bde0e8d86c,119.99
cd042ac503b01b08c0c1e582bb978154,119.99
2bda8512f24c2aebcab5ce1c27b4c955,119.99
a36874062543a8fb71e68e85a85ca3ec,119.99
7fbffabdebee5f35b0b68aa8f1368dc1,119.99
1bfb8f3c031530d0b0a10e01c714c470,119.99
b0cdc7ec79e9ddd066fd35f00add602b,119.99
076879610b2df756d7bfaf2b8422d327,119.99
3444fddaf81960754e7aaf593cb506d4,119.99
98b4ba4e8a1d0b2877ca4161e3e03cd2,119.99
df2d7c66f46ee8fa7c0517f0742ebaec,119.99
29c830f587505d49e0c948cb934d8c26,119.99
1155c9657f8dd0bef9cd816ec66452a1,119.99
52a01d34b646d9581ac2464a917ee955,119.99
74ef27bf0bc2804bbe36ebc874124085,119.99
c4dcf192d129b8388592885dd24fc476,119.99
0b545118ce6dfb41c9a991d3bf766114,119.99
51cfe38e55dc309dc27164c60fe75107,119.99
0d038a7041deb46bb935bf687590a7b2,119.99
728689370215790b03fc9d1a30ed3211,119.99
d66fa96edd46013ecf2ee21ee3213c5b,119.99
cb9b503a684f6157c5eff93c908ad0d1,119.99
2a0ffe70fa6ad3911b6b1d9e3c9af7c6,119.99
57475ecf56f8bafe4d5c20f2477f944b,119.99
6ae6a02cb961932c6c3b32f1d03612d2,119.99
1d64e5676bf648b30a40a60e7c4f8ef8,119.99
032de0bccdb5e48086f5a535a1f05744,119.99
9f9ced8eb6ca98352e7f4851b6890cd4,119.99
873fd3c8bfbe62572aea596a361c0849,119.99
bbe883b13f1341dded5fb286bca6a1a3,119.99
da6fa920dcb1fcc00e06beb28a986bdf,119.99
0d7fd013a2edc996eb0819c45a2dae22,119.99
0ddca041b02e9e3f5160304e7e4d64a4,119.99
6a747a9382486708e3501030fbfdbd3c,119.99
18b2c355fe0a6a6acbd4807fd15605f2,119.99
4d833833ec5cc5bb9e6c230820e4bc54,119.99
3523eda934adb63d616d08e834a135b7,119.99
187f706629173579fa6ab0deae7ef90f,119.99
45e9403381c3609c433c0985ce59ea42,119.99
160af96c093fe26cf4dfecd522a0256c,119.99
6fb5645658e5c19c7a9fba3bfdde25c7,119.99
92567b8407d1f85946cda3732c6f9e40,119.99
e08758d04afb8f1a1b0005b478bf884e,119.99
734ff2ae35bcb0f1318371166b54903d,119.99
ec89c677003879751aec04307129540a,119.99
8fcb7f79bbca92a41d8e717e3211e13c,119.99
34a0a534995c18027611bcefb36c7645,119.99
c56908e1041936843d95e0aae415f155,119.99
3e4ebed68177e081dd84a416c4718ad8,119.99
47cf37afa96e700fad25a6f97a4299b4,119.99
c735608b79e9fc74cc0522343b8a57c3,119.99
83e44a5511874831c347939adc6da046,119.99
dde7d3a4aecd8c2db8bc1693d93d5575,119.99
aaf4ae37c35d48ecc202ed358a53ea6f,119.99
f0a9125c6f1d3e49fbd7ddccc8fb6259,119.99
55acca2232d766f885c2f8b52cb09416,119.99
b1e427ff221ac2de74bf451c5e3d7206,119.99
baddc9e22749fdfbc89be0e547c1956c,119.99
4f1ed64216e15e3eabd8303f759dbe2b,119.99
5690bedf5be601567f2c558f9240e51d,119.99
69f024489cee2b5586ecdea5148f1038,119.99
3c168144a3500be8be77b8241548f421,119.99
6653912ddf1e9cb4aa012041d238038a,119.99
a05bf873cd5ed57ee6e368f2c9b8b2a7,119.99
ff7b32d3da9ed589c9695bc56021b10d,119.99
71df09adbf0c0596daad8db41fc45bb7,119.99
fd6563e034512a86655944116e76199b,119.99
f18baa2ddebabdde009935b96738d231,119.99
cc8ad3c4ae16891646c7f40bc2be5f5f,119.99
de3d9d27d3fe1ca96f132c282183fc08,119.99
4bedf4bc54377a7fa710ebacf54882c2,119.99
8aac3e1a9f8be34fa99b287fe3dd3a71,119.99
cc825baf36814fe3b4354455ef9a2335,119.99
ac68706c6f747bf0f7e7986a7ba40155,119.99
476762b9609040c46aa4e7288716197d,119.99
8f28237485eb2bb177f4f1f83ff99cf8,119.99
16a30ce5e482ed5a947eca6f6b33c962,119.99
d436c42addfe867533ea17b839311b5f,119.99
f22126834c0a46fd605d7d55c23f9ad7,119.99
59729bfa30b6041c728f4bcd519c0687,119.99
a16a267baab51438c8d2bf09e1107105,119.99
1d02dd4bbdb7060d7a4936dddd20d492,119.99
009bd844996868ab5166ade7dd9ab471,119.99
c060ef72f4695fbee08750b97dfa5f1f,119.99
d85178bdd146b8648278ad6504206c68,119.99
90c5f97f25eb2579a585217e3c53a6a7,119.99
220e5bd3db8bb376d06c40093f580649,119.99
86ade8ebc14f18dd6c3ea75bd0eb7534,119.99
ddaff536587109b89777e0353215e150,119.99
97152089d604253afff5a53f5120fcdc,119.99
296462d8658eaa2b9b34eb8378acf806,119.99
1543296f2174f93ccda002c8d0962ebd,119.99
d3dbc41e6eaa97ba63d3d18a3860cba1,119.99
a988956c7348d95b201fe559d3bbb3d3,119.99
2f24533fb68b221af9943f165c9d69b9,119.99
f5b6eb47984600410c9ca0513ae5d7ff,119.99
2a9f8b956621aa122762ae3cc892aaf8,119.99
23b456db8fb258de4d1de7060f7d6f69,119.99
adc1b3424527ede1a4cb2a972527bc17,119.99
86cd6a0332600ffdf374be02b7138c86,119.99
1a419460caa1db06caffab0a3299514e,119.99
a51a285ffe58e0184d1a7879a179c996,119.99
5b5ce8d7a82bbea2c5eef3d3bf4facf1,119.99
b8c900c65077ca9accd2e1132f863220,119.99
fe2d1e76f9a2bf5457eb40291e9f4e17,119.99
1ab59f4039d380a1fcb71406821bcc71,119.99
c96af2864e087c28e8f562046727fbb5,119.99
25f1a26f2cd003472ee7fc88e9da8adb,119.99
1a00ab086e473de2fb5ec217d4c6ca0e,119.99
7bebaaaa1a33db48ca58e50d6af76be1,119.99
98bcaad4f40ea5c657778b435efa7c5b,119.99
b3500a2ddf9ba44bc4ef8a49b14b023d,119.99
057cea2321147e9bb2b7b5af93e66172,119.99
e8435133133d4eab7ded41332934b2d6,119.99
44c14ab4c4d0144041d639254fcf13d9,119.99
82602246a1f4807a352295050e4eb4d0,119.98
6e407e29c113a47cfbe2fb594111c942,119.98
3ecd1b9b4c5f6f6288f6e95485527938,119.98
d64e8d755ff3a2146a4f11c855c52f15,119.98
1c6f43948a70aab39fae79e09b228c59,119.98
647c41a2f25905e22085a06adca6c76f,119.98
8f65470a3b714b3a99454dc4cf3610e8,119.98
8d4de376aaa31c5bb9a6c342708def1f,119.98
5c4a6f6b98ec2d780b10f1cc88ef208f,119.98
2728d59778931902ac2459b9f643b886,119.98
fc8674235ee34d527d839a90f1d5da4f,119.98
7743f235e69a51423e995b0682ac8c95,119.98
702dfead9e810330c2041c8307cd2024,119.98
96f2c486ccd8f41017a473cc951cc540,119.98
1ed2c1a5e5b04ce52f991aaa8a7b2fff,119.98
4234f4ff08ef9e6f7e21d148e78e0bba,119.98
4e54f0e868c4d5582d7c821fb763d605,119.98
ce82d28a01b3ba1c92a46900b9cb3710,119.98
426354919a964cd30206bdcdaa53bdd3,119.98
d28767001f8090e62a952170fab647e7,119.98
69d85531449d35e17ae35fb2a403a5cc,119.98
9f3071915ea998eeacd0137dad790cdc,119.98
43bfce0b562774544578f877196a67c3,119.98
13a7cc23cc4555df6dd0129c430644ab,119.98
22e9f05a11603d0448858e987dcd7327,119.98
33bfc91146c9eea42397a0430585ee59,119.98
494e06598140699017261a37e250cc52,119.98
291db4200871af918813cb0a7667a505,119.98
25e2e0e5db3147babf94786bc83d72c0,119.98
5ac11154d99a05392efa674705073e34,119.98
8241b47bcf8f1250d9d5416c4f8cd9bb,119.98
17cc8f7a65b27f3f4f1ea1234c37e9c4,119.97
a63e6d9ad4758e94c0aa0d3611efc569,119.97
a577a139c2344a82239c539b29d9e66f,119.97
b88afe0826aaebcba526212089e2244e,119.97
45e93cba18418238127f585180e2b0e4,119.97
5fa5e31440a9a837cdd7b210fba33982,119.97
c761ebec64b4f7a47b094442b3dbfe0d,119.97
a91e3fc06b055c6f4073f969937d9442,119.97
a45263aab483c922ef8f82a89f86c4d5,119.97
1ea9656f6bb4ba028d81b90a4e7d1369,119.97
70856b1e2541638130dd5073344401a1,119.96
a2ca0ba8cb6271f95f286421b60681aa,119.96
f79b9fb57cf5e42ec58787f5291cc316,119.96
aefbb53f830b4a469c2743cc12764c54,119.96
b64829ad9cd22c94718e7000539cd318,119.96
bfd64aef91cadd13fb53d56829fe57ee,119.96
0861e2295c798be38db3b39ab793abaf,119.95
2e865142221e631b4f080f974bd5db5c,119.94
3d34a26e48d1a4c625b3fe98ad99bf7b,119.94
625784c6aad212dc7d249ea10e276617,119.94
e9265d4ec55c848f9330c9449ba3b2f7,119.94
c2f2e9910c65287d903244f1a3e4472e,119.94
e3c3ecdfb38d43bdb33edcb4ecdaa981,119.94
da5ee995dc45623f40c45d715502e09d,119.94
dd19f165f47b245203fbf13563af85d2,119.94
91bf684a5ca3e82ecc3519637197bfc8,119.94
6b1577eb1255bed59d909efbe9ee74a0,119.94
dbcb07acea2c65b4d85ab9c0081a6097,119.94
ab8083509d8b2f060c041b1808487ca3,119.94
dfeb892a28d77cb8432b1c0c402bfcc8,119.94
ebd927e0570f414d093504d5cd54a34e,119.94
46c2f2d24bc06f5ee9ac163dbccc5d98,119.94
8ff8fae111c2721dcbbeb6aa5ae9dd1c,119.94
a90390cdb48b4c1ddfd36ecc316b6f55,119.94
14c152bfbd60c86aa6bc4d4e68a9378e,119.91
cd74bff5b8cf35e0caaa4b73077831e7,119.9
71e9ae1fdf1131cc670a51d3b7a03300,119.9
031cd5f826be3d804771e3e3a1b21a1c,119.9
05929b58add0a2e46bb430439b7130a9,119.9
eec02189da4179dcba116b51a5382dd2,119.9
37e28b73bd82f4a01e05346a75f998d2,119.9
474b9f393f2d19999e4a9fc7ce3a898e,119.9
bf945cd9ac7c849a7aa0ff130b2b3647,119.9
d257fe0a4f5d705fc14ed0d30aa9ba71,119.9
09dab15980f3bbbacda11d9cd2db9466,119.9
26e9cd515e13709e836352c5c9c462be,119.9
ac088157734accdd00d4b89e2fed8676,119.9
bf58599771d9b32347c871f98d4bb4e9,119.9
6c57476a3189ce875193272eac86024d,119.9
cb2822257aa212fb6a955a2163d6012f,119.9
94f363af5500c3c1ae8035e6512fe214,119.9
6517a4169cc7d2d3023f15f279690686,119.9
582dcc512c0dd7958599826862d45200,119.9
d7aad15e6e3ccca5082ee21b5ad88313,119.9
905ecfeea46e963ce7879d15d770dfff,119.9
ee821389d17d90c782d5174fd1319e91,119.9
3bfb44b36d63a8ad057509b33b188bc6,119.9
e038b560ab54ed1ba07d03cabe859b7d,119.9
f66f2668857fa2ede0a1d2147fe10bde,119.9
a90c0553da200832991f1db0e9ca75dd,119.9
c0971253b7225c85c559bfa40dae5303,119.9
aa50fbd0f92aff557741ca48da1ebaef,119.9
11db51edb95395503d9acf29f9fb3d09,119.9
4e373f238aef45be21c28bc5a50b017f,119.9
a35798fafe2d365b85bc0b228b9ea6dc,119.9
f2ee40a9f85c47f8711c4fad3415c063,119.9
62bde41e6f1b689cf4ee49b947f70257,119.9
dee628e4308cba581d78419dce05b1e9,119.9
703f1588c964db32571e405b538dc39b,119.9
3392d132ef52f5cc50e857021fc0eda0,119.9
81afed8247ed97666d7b8e7408463781,119.9
d123b6f1d0463b321f5de2962a74e97d,119.9
8f0352cfaa71a939a2aa8dfc4b4165fb,119.9
a14af00d694fedfdeb12c634c16b910e,119.9
ba6690c4e90188834da0273f567afe0b,119.9
9a8cdb558b4a01fe8db50c413c649666,119.9
5b90f32250ae148d5e833a5add2c9adc,119.9
7e71fa9e4ac7e0ac91e9388f6297b1bc,119.9
7de855472adc33fe718c032b99712056,119.9
9719e4d70bc27545f643cdbdbe5c5578,119.9
18a6c8c07bc0c1ad6ec3f9c5e1b7fc66,119.9
ae2e8c5ee56bfeef8ebe5a01d9e49aa8,119.9
9ee8198cebd1e43282160a7a21ce6481,119.9
79cb6eaafbdbcb9d443dd5ebd01e016c,119.9
2d00abc66dd2095a9e9875724bf05868,119.9
9134102066a5ac7b88ca2ba327e24178,119.9
2e19f8c8ec1187ae5dc50e54bfba01a9,119.9
2cdd06089f2dbbb0d7cdf90eb66ee406,119.9
550ca60e4c24ce8ab68308e36d3f9534,119.9
7fccb06249b648a3e172a38c4833f81e,119.9
9d0dc9b333c08486af7f4122fb757dcd,119.9
19c0550a93d9a11516288b78e06f8fb3,119.9
66a087287abc31ac35dbbcafb6284f32,119.9
2ecabe3ee2fdf7a80ecd4c0a8121649e,119.9
05787fcd7b77ceb360bd59963a6d7aa0,119.9
c8a973f6bdd3f34ad7e9bcc84e9b6fae,119.9
a7c125a0a07b75146167b7f04a7f8e98,119.9
3c9b4585731cc6bb949be5169f57956c,119.9
d0c62a8fa044769109a16d626b097449,119.9
db85776d3a2c4b18bb7b7eb0ee0cd3fc,119.9
29f139d6b158f7be88e7098b843f0a88,119.9
26a6cd12de84df0d6e1da96fa032f97f,119.9
d3d596b51f9960c22b4b23d37b116c46,119.9
1af50531df15b7eb8d15a95d3fbec0f4,119.9
427d462a291aced79727d04fa36adb4a,119.9
2c5c4d10f5fd1cc22c6e4548143f5c43,119.9
f114414231ebd557e92bf1cd7c4f94c8,119.9
430a3322d71564ee0afcb1a54dce87c5,119.9
d80332c633fb82d9800aa6f1727f6d97,119.9
7bea2f07ef082a136c0fd7d455c8e142,119.9
74a3ec43f4decf8f77dd1049a10b7a83,119.9
cbbf757deb261a38eaba0e76577ba73d,119.9
d3652ae10a550d0bc645274b4805656d,119.9
bbf19f753671013db6812d683007ab28,119.9
d63ff5bfce18972e63ee218384877d4e,119.9
7e91cf1ec108d97aa0f276f4c9df8c58,119.9
46a7d2bbdb489fd43bf82d7a5e6114db,119.9
7e4a91675986931608b18f4ade346efb,119.9
72634020787e70502d6f4f43ce34f543,119.9
0f6798f2376fb8eb072c4954e4650bf7,119.9
0c3dbd7a0e5c75e4aefa811858a2ef11,119.9
50212e9cb1e83b19c633d8b031b83456,119.9
46951b0491e0af4f6b2ae12f25dc77ba,119.9
fc2b863b5e8fc756c7d82292a85a6b21,119.9
34e9ab7101f384c10e91e5af8111bb3d,119.9
afc09b8f0ee2950d083a5367c077b4ea,119.9
a8a235576737a150535f10ceac2d51d3,119.9
3423417279be81af6676d055effc33d1,119.9
d78521153aeb150f08bf0ddb3cfcba84,119.9
3866b76bfb0afe45f073a0ff0b3b0e44,119.9
3b02662e1fc027ed85be9b59f038d63b,119.9
a346f988c7f391f919345ab9926fbbc8,119.9
bf33e19935f4274841aad728f5f91d06,119.9
eaeedf2d64cd4ccbc74ade9c879ea06e,119.9
af019120a3fed93494f80d315186f3f8,119.9
95a9b81cce2d0d0b67b3896cb2523b2e,119.9
a7a2a5d8f7b07593ff11e73bc4e3f5eb,119.9
132f29096d4013afb1d1b8e1a91e0ec0,119.9
422bf34195aae2cfd8ffb97d6faccaa7,119.9
d7c33449195886112b734c444cd367c8,119.9
fe0e3d728d08698de1044e7e4d5d35c9,119.9
b4523e0afadc29b0607177c2234b3218,119.9
1ad8beeb3762c22ddacee549be4fe834,119.9
bc24781aafb6ba52afdae67ebb4ba3f0,119.9
baa315938f6a7dabb22eaf39fa899549,119.9
0cdc56cae92a99834552b88218f2baa5,119.9
cb14515be745f34dde09f84a00534f80,119.9
c8a02fab716a574ad3bf2324a3bd5179,119.9
49841ad82c7f85268f584fe741330f30,119.9
d4ac7deb902f5fa8fc2e76337f4ab38c,119.9
2e62730cbf704c88f31e3bea032a3e8c,119.9
294ee4cd4c0812c45ee3a69208051364,119.9
02424d17085bd31f9856f083bb3aaa42,119.9
cb268689b30fc005db087c7f3b2fdcee,119.9
2ad63219689e97540b167b3dca7c350a,119.9
4b86e3f4e081916feadba12c94ea8912,119.9
1df2f2f697518a767cd4db5023bfb241,119.9
0b6e67116678675d404842a14bc20e20,119.9
9edcfe541bc9ae76fffdda458d4ac87e,119.9
012087f1c663428b54e53b0f69e700db,119.9
c50d965e793d79c247fdaf0fb7b93faa,119.9
d7e3800d834c7a104b669979e90b12d6,119.9
4d0c498f71f4f6b3950043cf3b4e96ec,119.9
a1807fe36ad5f9fd06439fb2d35991f5,119.9
ce58da87cd57a008be247552d15bbad8,119.9
517ad4abec0310211174507e6a73d4bc,119.9
d67b2efa31becbe2013bb1991eaf65cf,119.9
2b8c2a8176b08fd269aa0f075938aad9,119.9
08433985baf2e7ff94f2046d7dd14fdb,119.9
0dd703ebe4e10f6bf62ce5db98e97fa2,119.9
cdbb6829962e9f8e21779475a2f21dfb,119.9
58d7459a284ca15e27a296ae1f0244d3,119.9
ce1b1867b8ff73c07862289d59dac7dc,119.9
ba50da1ffe30c57a7b597d8c8f917193,119.9
6d05cbc67013b652c83618a1c77cff36,119.9
95ae78e4053ce98e9f9aafed4b2ee1df,119.9
6d67d2bbd339e5ce434c5bcf85bd654b,119.9
f7277fce45fad3165379c15cacf5ddbe,119.9
c89b7f5621fd31116496f32f0090687e,119.9
6cdb61a096cb828cac0bc91380a2362c,119.9
0576e04c11f1cca61cc2975f5fd83179,119.9
a0d7b33207a3e704649cc1c9037cc900,119.9
ff68e8842edcab65d1f8de4dfe4236ed,119.9
b57ede159d0a0ad4aee357d0219ddaca,119.9
07318eaf837742e434a89c164e278d4d,119.9
a2fec579a2a42e83cc3779891266ce5a,119.9
110b79f06a0f49a38da99084706a382d,119.9
ed8281fe17bd28cb00b79f98fba9c537,119.9
b78fa8c3849abd29431497bfa261451a,119.9
9eabda2b88a508c45b4eac6dce5a765e,119.9
92091d4e545d9a6879146745f0d174c2,119.9
c1d6df990d7abb2eb1d898aabb91c142,119.9
4e1748e5026a35ffa9d81584cd02a42d,119.9
2c27f5c9e560e9897611c61003fbbbe9,119.9
df5109a90fdf4b8749ff1f40ad43aad7,119.9
b3cf3116a4efbf35cafcd6507032c6bb,119.9
68db0252e5ad567234008980e8dab21c,119.9
49683f92840dfb2f84377af13361d4c7,119.9
35aa57b591f1dd750d03ad11047bf18a,119.9
a4e508e575088175d5b090b52114177b,119.9
3f9c9291f2f75b1d262b5125f316490f,119.9
5843084e12fefe6859e53ba131c5abd7,119.9
342011d33361d0d012995a675f0f4b3b,119.9
656feadbac2d82190053bb9047e70f11,119.9
88d44020b4142f4668150bc2a3c9530d,119.9
c264c56f6d9b10e20a7ea7244b213640,119.9
a13f6cf0d876947e0559f572d69e59f9,119.9
d8739392e97aa00d19ed4f23b60faca5,119.9
76545fad2a6367925ea7877ca21d7374,119.9
f9744f196723a6eaf6810ba6b7432532,119.9
a78dbe709d090a217ee4cd255a883277,119.9
c46809cdeaa8e5698a9169c27de52b7b,119.9
98a2d594a64eb5fea6f4eba1a5fd7041,119.9
b70b6ceae2a42d3bfe950182a6dd4091,119.9
3acd5827b2fe301fca20da0490c0ee18,119.9
d8b3b1bcf1aef3174859a70001a5f3fe,119.9
c6e3e7289d31172d406b128104f435d8,119.9
1f5fea6db40c8097a35c32c44a945a0f,119.9
df211c82a6114506ccfe030a60973fbf,119.9
20c8e36988db1c1f79d15317a43c0005,119.9
33e568bedf5661ed4fa55e229874c071,119.9
64cd9338d3ef094dd406d660f738e7e3,119.9
75c1cc8ffdfa39cfba5b62056e1c0f56,119.9
5441451c5c5d190466e7afbf2adc1c19,119.9
57af4c2463496f3aeb26502d9532c4e1,119.9
592da19fd99a3565762a49b2103cbd26,119.9
80ae28c4554af2188467f02733411c07,119.9
684c85fb35942a14af3a594427026a8d,119.9
cf51d3ab484330d9c266cd7e83fa37df,119.9
8effa4e9c5158c1f6b13eaa9b69a4a59,119.9
e337feb426fd8d688d803334c3463fba,119.9
7ea1796cd1883cc423df9b9a5483db94,119.9
15906a9a2fbad0e8260422ec0b43a7cd,119.9
c52d49541e95efb5f54fe6b14295c3ce,119.9
26efa3c9bd249b238c241e06d41d89f7,119.9
875bf6eb697869ad0d2cfb512e331347,119.9
9bf5b0d90ce42a8216c828b07d44b528,119.9
86555999695e810261dac1dc96ede234,119.9
a33beafb12aa1f0e9e006b2446826721,119.9
a6147980d9f0912199d92664aa267115,119.9
7fc03d07013bfd7488ce444fc270cb83,119.9
8bc87de58bff48516a1abd472e01183e,119.9
e42a19f44a0a2587ff8217fa88527c2e,119.9
18894e9402efdee826f9daf42c240dcb,119.9
ea55a2936f9db506d84bca335a6832b2,119.9
927099d031ca08f824f627cef70dad80,119.9
7d33b236218941a7bca694abb998eeda,119.9
f7bbe0a44247e925c49a54a15a6a9287,119.9
5f7b2adac6bc47d3b426270f4f620b77,119.9
301ba01907a5eb0b500c272f8a7080c7,119.9
30e355f2bc0cd7db3bc33d910327e71e,119.9
6aedd904a13070b8a5c21abd8de0c090,119.9
0f2091dc4350fae3b3ce7b81a55c86b1,119.9
e115c1c8164a873103dc509dbf183cc9,119.9
78d035468d20932fde6cde700713c2f6,119.9
d7bb32bb585899524e965a877d0281a0,119.9
02ae7918f75386935260f02cbf60d7f7,119.9
c37af5e52d8902c5d49bad01276df157,119.9
2b27bad8990a7ce592c11a8f23a1700d,119.9
70b7d019188b26e75c6e007c53987f5e,119.9
f08742a7082ba21c8f71fd1ff6d32c0d,119.9
8340cea46fa8081f3ec1b9758caf0207,119.9
b8fa8e6d8f3fab19a56eff647e21eb37,119.9
bdccd7d99b0a5094e9f43ee3a616869c,119.9
4ebc3f79abbd69a723c0073dcf6559e4,119.9
8246b1284c1cbd0f3b70cf0aacb934fd,119.9
8bc4500b8daa17dc6179adbc6a8ab9e6,119.9
86538da58e1e43ea22d93b6fc3c8ac1f,119.9
96bfa6abb051b3b455959e2d0bc6aeec,119.9
138e0ddb0ba1dffb0f7190b2399c4a3a,119.9
ccb212cf6faf1356d9b5509259de0940,119.9
373bf4e0ff53138b7b90d527fbfc095e,119.9
8ef98506a1de4da22a3fa9dada1de99d,119.9
0b174050b751d2fad395123bd2a23568,119.9
1b9e248f63ade22b53e22b3e4140e6c5,119.9
53397b53bdbec84e7e45cc15c9a2e2f4,119.9
7c5b24fa8be3c70c5e65d53126e31ebd,119.9
dd4130b29fd8c3ff279241f7c39f124e,119.9
09fe2879d6e51ec7b16ec794dce544fb,119.9
15801c10e9babe0d851c7bf8fa04064a,119.9
0e665af399629d6d496da8998a5ccbae,119.9
5c002bfbccc8e37bf8ae4cc6ee679f45,119.9
76a9635a8a8946b470a9ad3ed3362951,119.9
25175de148ab2040aa6fe34ca5eb0d15,119.9
620b45ddb1e71ca6e9c2004438c2c887,119.9
7b03a0e21a0f9b1767525a1c62c1c8a2,119.9
4fdbd174794e301f8c0bca8b48fc2261,119.9
a589bb2fc41fa5787691857cded23b5d,119.9
c34a5917571c7ffe960785111bfa4061,119.9
500fcc5f572fc30b5d83aa769ddc6b0a,119.9
6886b8efab55c00b82862fbe3104cbc2,119.9
ace5f5494b09c4e9fd05d1239820cb98,119.9
b152ac3a2f6a8a54b8ba54e119e80710,119.9
063e1f61e1480d535924591b303c66b1,119.9
498e133a13395236012aed36ccde9a42,119.9
752c20c019899b96b3740dcf1e43ba3d,119.9
76a61749450270bd3bd515f23c3dd422,119.9
76696c96f4cfa5fbaa17fdcced323c9b,119.9
87df016a69011e435f04af2d43a129ec,119.9
2a7538a3a9b5de992de6fda7e4338624,119.9
d863aecdda7c5c55ee0f24aa71817046,119.9
322eae54daccdcbee96799ebd3a67830,119.9
d30f32b756dbc49536884f962233a2ba,119.9
987ae02fb6af61ae5e84aea507c03933,119.9
7e10cd47d736c45757b435f20ff7e1ec,119.9
74a9ec598bb26000a98c7355b06b39b2,119.9
8c9648b0693e8e5dd9dc3acca916d709,119.9
6b15f826e575d1e47e854261c71895e3,119.9
df913529b303b9222440b3ea06e2cd1e,119.9
832d1e7af4f01f2f3d9573ca629db080,119.9
68556e69464bac3ce95fc3110467f914,119.9
eaae8639c42b219916167da5fbe7d3c3,119.9
d1627fd392eb9366792d5e988253b095,119.9
832c425d805ace936e71dde2ba4a9868,119.9
0385c03f2b10a0a50ee72d8e3649a4b3,119.9
a4d7a2e4682cb484919974235a5c98b2,119.9
2e12935bf4f6a0cad758ef5f58863701,119.9
53997caa650ff808a586d343b0789fd1,119.9
754b71f2bedd2ae365797d5edc09bd64,119.9
ed9d67265a581b5d39c4bbcf337f6a51,119.9
817bdf9f2e0187ca16e7c074f3710e11,119.9
2c05e0fab14a8b027ea735e5f68c753c,119.9
833038eb50e5c4123e32d4db0946f7aa,119.9
ef9e9829c11b679fb79e7166ec9a85dc,119.9
8e71b66773c5b21a06deafa07e3943b9,119.9
0fe5a97d856c6e12e88270cd49d08b2a,119.9
c55e91baa5b84fbb9542c7409726987a,119.9
cf5116c8a3a4484640454565f54fefe6,119.9
52d0eb41ffcf119a72e14186f7511ae8,119.9
b379e9e939cff8a03a9ce96cff2a59a6,119.9
e6c987508575f76c548f26cb8cbc5f74,119.9
b97a18a1140b1f32152473a3dce1a25d,119.9
f27c88ecfbccedc0127c008cf5b2da0f,119.9
a72dfdf9a18da0ad52689d418656aa33,119.9
44b7421de4760857c604d484db9844f4,119.9
1384a39466fccf321f9be425c1090b4c,119.9
065415930d45ace4ad39039b5d0d9341,119.9
2c3bd36048f62f4a89633435b5e2a094,119.9
3eb06e05a5e068a76bd0d9de8ff40d7a,119.9
f94420fefe24486cda8f4c17de67037e,119.9
07b4d9c2c43df16aeba881eb2d83d5f9,119.9
357d68b341e4f439ca00574b3288f931,119.9
d691e507881083888d101b80911604bf,119.9
ba57463d587cb70d3871b2ebc91c6284,119.9
99c0abffb5110160b9da888d3cd4de9c,119.9
de891ed7723353b59b3b60b8090ac8b1,119.9
e003f4a8676e8204286e3aa4d217ec39,119.9
f0d3477ffb762f6ca6c099d34ca9589b,119.9
1cb6cb3f6eb970146b2fc09a5f9101c5,119.9
1367a869b3a134edd6adb4446bd8053c,119.9
0d011c0f29cd74c1b0313cc32294b787,119.9
cc496aa65be819b94a67c631406166cc,119.9
6e5b6ba2e8de70d9e920b541a619ba91,119.9
7235ec9d13adeaee921801b19d4b9671,119.9
5870406bb766120381cd88c32258f70e,119.9
3e48a3c7ecb695b26dda4f5f51be93cb,119.9
35c38243a371dfba016aab0fb4fb0bd6,119.9
4844981d7b634b9e219b119a435c93b7,119.9
15bc30c2a95adb9d5fd1743773bec1a9,119.9
3a2af15ae9018db6233faf0b8080bffc,119.9
2b4e2dc025918f4ff3e42c12944b2649,119.9
7fd8d5057daeac55fdab8a792f1cdc64,119.9
0176dd91cb1143804dd30b2f4968b23a,119.9
4a6d9ebb57dbf795af14dded9a7c2501,119.9
dbad14e1cbdb1f106ac9b2b3f4b89d15,119.9
ab5d3626a2764c80612a8212e071cffb,119.9
a329ab5b0e822dc61d1a63ba750dda1a,119.9
b73c90779b141dd9226af3fc26b9d9cc,119.9
1d2830eca44109fe01eb92696f99baf9,119.9
8edc930c2c557e6bd0f78fee64b9a527,119.9
3950e328dbdb596aeb142021124a6d77,119.9
674f10fb94cd875e1fb71c490dfe9446,119.9
f55f4c4973760ee7f6e170381f993729,119.9
b9db2ddfd2fb31580adadd54d2589d9d,119.9
ea5b7f5cd86a99b6d8406a44d86f4a8e,119.9
ca429fdcf514d6bec0c72ce1f4caf202,119.9
64cbcc173ff7fd1895b8fda13bd90ded,119.9
dad584cca7b31bdbd93236182c9c9193,119.9
18e74b4e24114ae25e2170f8b1d1b8a5,119.9
54f60df7bf8415b9714bd26eec037b2c,119.9
2c0fea013cdd4f354b51a96dcf25d115,119.9
6401917f6b9f31fb91791bd2ce2783c8,119.9
99052d6a0c03fdd14cb3556a045ec3e2,119.9
66fd92db7e65ca5deac0db0ed557a178,119.9
d28b15d0ca6eb62f7a41a4ea928349f1,119.9
66f3cdf21a684771cc01fc141d5b0546,119.9
c95af629d419727820b19bc2c4ab4829,119.9
ce2c46b5ceded33b24f7fa64a1fe138f,119.9
3a6593692ab61c6618b23ddce7347ceb,119.9
1538b69956aff493fda40edb1e6cbd45,119.9
168928af643f9a9710fa8326f21ea2af,119.9
85b339ce40e1e9f6676aa29229675c3b,119.9
f4b583877f26ed2e5eb4f1a1d9369695,119.9
bbb7b12bdc6176961cf2771aa1ffb6f2,119.9
fac6817fa291e83aab3d7526b54bbec7,119.9
d7ae7f2d5024fa80f505d65c7826e40f,119.9
ee14f905f8bfaf6d2f0653202d13bb43,119.9
b8cf418e97ae795672d326288dfab7a7,119.9
c7d443bf742505394e4431d332fa5744,119.9
22cf5bb1e50e6c05666842be4b83b583,119.9
9265e8abf2494201b1d237dfc1e270e2,119.9
39144fb38c7c1813255d6b2a8bbc4d3c,119.9
3544f5570b5b852f65909e56d8a4abf8,119.9
1889cf2d27ddc5d69df464cd907ea3e4,119.9
69688283a11fd062da0abccc47d0adee,119.9
a70cecf0200548579a652f8e21a28dc4,119.9
9e1540e5915a50dba7073759d4efd583,119.9
b9c4b8634e1ee526d9a5916df5e7ed46,119.9
da322652988cfaabe9fd73dc95d5d7c0,119.9
5d0244490e084d6d7c6bdcfd15d34aaf,119.9
2ece872ba55850fa34315a05b358ef65,119.9
42f2079a590ca777d54f3ccad03c29f2,119.9
6fe0ed61f60066c154faf2c05e765e35,119.9
8aae1624a64cc3d0d765abd0e887b3ef,119.9
becec6158cf50315fdde081c3264fdb9,119.9
61658fc3f28ed8b3f1d0248d7f0090d1,119.9
55f88ede2dd1204cb62dc7956f3babe5,119.9
0efdf64a4ce7cdf1560f30c1aaf777db,119.9
7bcb3207fc35ea99f2c4c2be2d9b8e00,119.9
b40548fc33e3fc04574918e88a8af0df,119.9
4f3d7e6bbe7f1c9de320437cf6bf04d8,119.9
3a79d210106a6f0153ba75c77d71392d,119.9
a517c2e33d74166672a1c9424c27cc49,119.9
8346ee415c6478f424a155b23d6dfa5e,119.9
0d0d6e3ef1bb0fc138cc892552ece941,119.9
b04895eee6cdbd56c1d80d896adcd6bd,119.9
01f9be48b48de8870e94f9744bd6ed7b,119.9
9a31b13d9e10e2bfae980026d4d10278,119.9
d55dad686343e219424a56331dbe67a3,119.9
b4723aaa1b0372ec3faa788d944a1e82,119.9
e85177c58c794ec58a8b0cde1f3fa50c,119.9
7d05105156cf3f275a36a6dc8c5d479b,119.9
3615ad4473507f4acd0c1511578b796d,119.9
e0687401f071bb242facb170a3fa577c,119.9
fdaf145c35746d0e51ff9139edd04694,119.9
f811e0bf847dfb627a0ae3e6e89891f7,119.9
f5f3337ca4f2551b44b66ecff52225c5,119.9
646aa9a51168830e3f82112612b785f8,119.9
c4ac275898e0ba063e3b67f168ed2d80,119.9
2dcdd89fa50e9aa7e0105eddff0fbbc6,119.9
6a82cfc3d5cbf49c44d68e73d69f28f0,119.9
1c8651846645ce3e991bbb4ed39b1243,119.9
2bf9dbfa616a211aef13c9c3589642cd,119.9
7fc191973597f7e5c232ecee9d7922ff,119.9
8f8e22820cc1eb5b2a66ace8d1c2033c,119.9
9f7ba884a1a243a6b4240358bb703550,119.9
12940c51be2a1cef4d799633e365873c,119.9
eacfda830d840277dee29c60e86c7157,119.9
8bbdac7ae491e490068af09085995b3b,119.9
1722641cb09c04807f4a57992f8bf8d7,119.9
1f59c9e6b19ba3dad43015a93678f878,119.9
c512f620f76cc7b83e3eceeb72bfc6de,119.9
3949edfef86218762911d9a16c513011,119.9
87c10876090200b63f130ffb699b2e82,119.9
077e8825452efc8df7289444b1226930,119.9
d5b3a9ad345f7f2d9580fbda193f1f92,119.9
e3bf47f4bae64f039f4b4ad98a4f18f7,119.9
62d50e0c4a22373c286ddb210c2e2328,119.9
ad320ddb59cbeef8b4d647bcb770c33f,119.9
268619a8980e5c2779eafc8da0dca14e,119.9
c4249444a5efa8be73918ae172b93c17,119.9
c813e3d2a88b76286dde28c40fe181c4,119.9
693214577dcce707468e89aee554cd90,119.9
42cd00c8e827f807e3a23ad112f9ed86,119.9
9d4454db8535593c2a2f165869f30bc5,119.9
7247470795644ce2193f5e3156ce74bf,119.9
335acb5307e077b6832f5e77c451a93b,119.9
c534c99a1c06a1402fb806d20a4bef1a,119.9
3a6e21494af5cdc6248949e40d3eb01b,119.9
2c56d94e7be54e82576ac32056350310,119.9
00c3e2f6fe2448015cbd44f4b7814273,119.9
190037940f3c572b5f1bf357de77b6d2,119.9
adba6d1c777cd469f601d55fb66932ec,119.9
2f372ae7d95e2779ee17f613fab6d60b,119.9
6fb1293bde3b204b920003a3989dbea5,119.9
a7b54e5d33e657bd68a2d411fbace435,119.9
d994618b15e844ee3acdc2cf9d6d881b,119.9
b158175fdc61e5d28263f82e1ea60e62,119.9
9f6f0cee8602770775a49c8a20d2053d,119.9
57b95284a34bb3f36a5b4edbdfa4bad8,119.9
232d4e963d66fba5b601811200f812e7,119.9
310c955156a6bd3565e12e49c4d2444c,119.9
474ea672696b1f26ea40d7e7e2bf357f,119.9
3313e6baf02cf7bf76ac6817404c8338,119.9
721597f917f48a34ca1712b58166ddee,119.9
d37f9472ef5b98a17bcf2716cfe87cfb,119.9
c095155cf7a5a0659a2cdf13287e43b6,119.9
4252f678e8d0025161ad595e73a2ac65,119.9
74286e84c53dc33b9ea00c5b20274a5e,119.9
53744dcf34082ef4cae9cdefb2bbc636,119.9
a77c8e206e6c3bde8732a89968e8813a,119.9
24b85efab2e4f813b6848980e003f286,119.9
32fa597a3b06db1949ee96c416335b6b,119.9
f4846cddb22290761da9718db5bd9e44,119.9
16669daad9b68a2b8a369638223a1888,119.9
c471fdcc5656bf13d3224409ea35b159,119.9
e36d38c4df7455eacb149e548fa69b6a,119.9
94c497528915442546d67567bc7e00d5,119.9
3c3c049325c77035023880ec5697cff5,119.9
dd3a03c8bfd2cb4c73ee676b0754998b,119.9
5bbf9589dde0cc04af86400ba06328d6,119.9
81ae83ce1a10af9f93fa3512bd9713b1,119.9
8c480c89cbb293370a441030c16b28f0,119.9
86467331d8e19c403ada1856447f6645,119.9
fe49969f691a19b92762d85744ec8226,119.9
757be9f0f57d1863fb62a6d4b08ad287,119.9
1b620b9bddc08059302ad5287743d092,119.9
32498dd8fbe8b752805dba1536f2950b,119.9
396e24b18e1e98d8e72f4f7dd7cde83e,119.9
c1f326c1584e139615e3ba4ae4d23760,119.9
eef33d691ec940e4c72ff018c1ecfe99,119.9
31f1355f8fb5f71f4a9526d0fbdc69a8,119.9
45f47350212f40bb23cc57825174c41b,119.9
648d3b4bd99e24a4572a85c71c39f681,119.9
9a3e10fdfe66f35a5425f288cf1c7572,119.9
66a7d5e51c9f8597b779c3c509ec93bc,119.9
9a5057d3e4ae7aa7db6efd4db21c901b,119.9
f2191c2991cc7d4049394a2f7e4b4ae3,119.9
9beb8675c7f87d1d6ffc3a6bb620eb9e,119.9
d38ab5feaeb102e5990e4a27c69c2da2,119.9
d3a6688ba3e7d1f5775d0ae9b2992712,119.9
41db6f41c726aa7d57947b56d060907d,119.9
ba03ba4dc3409210dc18b3dbbcec2912,119.9
6af7f8410a3e4bdf3a8a138c9a0bc2f8,119.9
8379c9e3e6fc7518c5ea6e812f0f4cc1,119.9
d9f96b6e191543c352d24e69b251af91,119.9
eab17ddda36cb27ac825d56bcd269a0f,119.9
67407057a7d5ee17d1cd09523f484d13,119.9
de7ae3ae33f4081b5d2955b4e7b77adc,119.9
4f1d2ff2e900488cdb71773b6a17587e,119.9
d97d304d630afb2f0ca4ec44bc054922,119.9
7a34a8e890765ad6f90db76d003acb27,119.9
bbe8bc10a5dd9c9e796bd7de5effd09e,119.9
c2acec2708dbf859e39cfe5ab75b76fd,119.9
f359f71fa851a82f01355903628e6f37,119.9
e7abbc1b120137424fb49a237f4a22bd,119.9
cbfb4a4b0153c7c10c1faed90d8cfff5,119.9
c31d16b70312fe66efe4c36af432f1c1,119.9
afa7608d08cd6e3e2e7c732e7a986197,119.9
4096a1334bdc2b6d0f2c22228c1b47ed,119.9
e54968e88e7710a302367e395a6462d0,119.9
cddb7c930b86c98185caad9fa6cd65c0,119.9
c41a7998511438b4512f6382286455e6,119.9
3b0f5b493b8a54c1298ae4edaa002fb0,119.9
521ecef28ca5c3c9f3f816c2712fb016,119.9
88aac7b0942dcdb41ebabf7811b106fc,119.9
e8574ecef660b3109727ea82d01740a2,119.9
9d298d12056b9264fbf5f9adcf8cd4d7,119.9
569ba71533670533f183c6bdc39cabe7,119.9
10f9523277057450c5c9fba7adfde3ec,119.9
cb294cb1111adecb97d5d9c1416bffbc,119.9
39e6184f77cdeb15df7725f992dab34e,119.9
73fc71aafb1848ea264f80af93ac6b2f,119.9
72108dc3b6db1e78f3d9dd7b7b95266d,119.9
592fe733eef8c8ab12d27a84a98c94a6,119.9
6e2f9669ec885545110930d8103b5517,119.9
c18e8169eb0401dd69528d0706769028,119.9
92cc70bf4106a2b161c3188087a2cbce,119.9
394aa31d7966641cee136ab7ff32ed45,119.9
192f9b666d12fc469b74ea5ccd41bded,119.9
358b317a8f7feecb0904e6cffb3b44dd,119.9
85aa7dc7ea24c96b5ac7864f13922495,119.9
5c7f8d14a0a12198d1d07167d7d343b3,119.9
821655ab2e1dee407394c784caea8de0,119.9
6a7faf5dfbea3a3385aaa496629eb0b3,119.9
90a6d60d171dc59884c02ccb5156befd,119.9
2d6fc313e9b54c69f0e3145d19ec6894,119.9
32c245ec693348fa05469797e4fc6346,119.9
63fe2f57f250fb9bf39a4180e871c24b,119.9
83c0d28b5d80d2725c0c9da9fcbecf62,119.9
9f2fbfecab2dbea98e85e5ea6417b9d8,119.9
c80e048ea4382bc53e00921d38632175,119.9
90532b022f6573a7e3d4d57a4572864a,119.9
032d6bd82e311f4161259e489edbc6c4,119.9
4aef47e0fecafbf730198c2abc397ee6,119.9
92bed6da42dd27bb0dc2fe3a7ab8a18a,119.9
e5d29cf37580b4b6232c0cf1df444901,119.9
8e1897b5129168a9f7c4ea4d3cc5f4ea,119.9
62a75f6e5edcea3f5e8bccb7dcb863d3,119.9
2ac1daaa46bd7702d300fccdf76a3d43,119.9
21db0c3e5bd5078b930999e60c82a63a,119.9
db98acbd759fed659a06d03ecd36cd26,119.9
8aab0bdf54d373f71d3a3fcc06e37fc2,119.9
07ffa8096f295bac24527f1364530297,119.9
3552e21b8471c8d3b2a958fefa3aa3de,119.9
9681479e5fb3c4895a11d61d9261f41e,119.9
8d2aff17abcb39e9ed83d6042aa07df9,119.9
4feb6dedc0e9d41874b07d6e021830b2,119.9
cd7fc3b7e625b3b0492197326b461c4c,119.9
f5a2160c43645c1fe0f683eacd1581be,119.9
e2116c1275cd10d59e6a0e0562b711d1,119.9
a7de5fdc43e51f84437e88b447da5fc2,119.9
620a1ea38a8b57e0a493b54c6d43ecc3,119.9
1726e751df00b682ff23b031f7303123,119.9
c57e02ddca9c4621fedcf5727ac8743f,119.9
98a0dc59ecc82225fd647c39cbdf1494,119.9
e1365d7b227b247b6bc0931771885eaf,119.9
979b8c7ddabb03954d1000d3b84b6a11,119.9
d64fe56e08421cdb86546859c9bffa73,119.9
3e538d735070c509095ccbdb699f798d,119.9
1a55eb1f27ee730a8fb638821c22a4c9,119.9
b509d0c40f4871e345106967a89a2d1d,119.9
626478b0f57ed4bdf6f462568f16d5d5,119.9
f672fb517a20351b700abf7e11a1c873,119.9
11f64767c3fbdccdbfa9c080ffac8c88,119.9
72b319c928f3d04322db2e904d91a611,119.9
a93ba2ce55c9d1ec30a192c5afd535e2,119.9
c284b3268ce8f5aa06638a4cab2fac8b,119.9
fb143fc86711d3d2c0fa08d408c78a74,119.9
585cad61ca685e4666626e48a51a8f71,119.9
2e9502ca58b46dd9afa7d714355dd541,119.9
5a4b754ec98d34c53658d10de7b1f620,119.9
7e6e52c237a37ca567ec907c3dc6a93f,119.9
98fc2f89ab49b52794051074ef9fd395,119.9
169e46bb9d6c7e98ad722850e21e4c4b,119.9
9fa56e6eb804eb7f8c2d80a133c84546,119.9
05782799bb7c222ea760230ec20c8ff4,119.9
126e796f3f459d75233ffae11eda5001,119.9
d7eb18e54bebd71ffe7d67e89ad5540a,119.9
3bf041c93287a878b0f4577c3993855d,119.9
33b24c5904973c31f666f6267383586c,119.9
c92f41078c09dec4a094e45a6708d8be,119.9
fde66b3c6ed3cf7f551ff6db24a580d1,119.9
97bf27df42b5d813877367ec2092a0ce,119.9
a08d823689fb2cf5ac00c9f9dbb7fd36,119.9
cb8adca2a68ffd5c23a6740bccf56ee7,119.9
cb2c6606e660a6aca65c6a004f851270,119.9
6188e41fe52974b6d72ec2d69237513b,119.9
f4d8c57bfbabb88c86d1a25df8cb21df,119.9
8339a701c100077a022dbd99e3d84eeb,119.9
aaaf0308dd4ee292fd6f57b4e0523cba,119.9
b1579afc7974300db655f47a85f69135,119.9
df4bf0754b4fc36ea13f67b02c5651e4,119.9
3649682bdc335d7df4c02126e7ed390c,119.9
c83b31cb99c25dc79950814bd4a90184,119.9
bcaebf0ddb4ea20efd910e6e0d90ca99,119.9
ae6fbbdb93a894dc2db14cb8e0414155,119.9
feaad759d81ebdfbb1bb6d805eac5da1,119.9
86babf05fcecf5b9c1f1d6a9c42b49f6,119.9
3ff2ac0632e64a32fd699dda7e628b81,119.9
211e24a3bea5fbbaa50ae668bb65fa76,119.9
e74b599f018bb29d36c74ac36d1f6e4e,119.9
a7c44f543a326d7f5dfc53649662195f,119.9
8915549cc658e933b96113235c64ad9d,119.9
c6cd6db85ac028c06f0efcce7c6966cf,119.9
1426c24b523a0802bf75b623ac310ba0,119.9
bac56672aefaf3167d4d46c1ed0fdc92,119.9
70402b5d4e89d75ccb09787eb910a146,119.9
662775bffc75df0fe4455e86282eba79,119.9
87d9815311b8ea68720364a6b3a43eb4,119.9
2d402a85298af9a5f4e3962a396fae4b,119.9
c57c16abec4fbb154792e80e491a6fe6,119.9
47ea785c9c0c8d75cd052b0f352fd7ea,119.9
01d46d05097a25fb0d755e86ab3a6fb3,119.9
46763c2a0cd789f76306c49835ed260d,119.9
5329a9a9ebc6f31af46808012eebc04d,119.9
3192b8d6493a72fa2b748cf450624408,119.9
1765628d55d5b0e3edbd16320eb576d7,119.9
d78cd5ed18ca4df3e74897b8352cd346,119.9
31a7681eed6dbe5ca37143c915c12f24,119.9
37381a9cfb51c58446a57073ce3c1f83,119.9
78519cf01865cbd8e54ae1dab60ef77e,119.9
5b165ab5c9dc4074ae3700e3be9ea23f,119.9
f05c8666e4e9bb959c62b9e5ae230820,119.9
709de197fcb34c63b216c3cafaf689cb,119.9
9b609409c2f5529b2611bf351bea54ac,119.9
2e151d2ee9e56cfd97ecd26f3a894885,119.9
841fe4f39338e188364eff57c38f2768,119.9
2ea99a95ebf94238ec56b30d6d2fa636,119.9
9e978f16c7aa4947054853572df18e06,119.9
57d4221724762dfb53fd74d97a559cb3,119.9
a82f6be105b531c8ca1969433f75a8ff,119.9
9c86f05a667e70dbf3bc34004eaa113d,119.9
a50e4e7bb24231f021e45bfed188d351,119.9
ef09bb5dc5ec1355226ed3bc312dfe2e,119.9
70384b9ad39a6ded2fea90739122ae76,119.9
db9f09e1ec1d7c46410b18e080e6b76f,119.9
adfa31b007a919da559f665074d13474,119.9
20f702c2259af2ba44a9bde3ecaaeb27,119.9
5ded08ec5fb59608fef0cf41593f6f36,119.9
5121b60fe85120745d60d63d92011641,119.9
5e47f0b16c49d0a6b4fe98c879bd5f3a,119.9
9c31acdac442c01a8bfad5430a362a71,119.9
f85fa404ef2cab37a355480109ffe9f9,119.9
fb694f1a733efde390f6d93e122b702f,119.9
149338c97694f4c1825ef1b9d0afc2cc,119.9
23631c049ed4b436d8a991ccdeb55b3c,119.9
dff0bed5a61853afcd53c726122e74bb,119.89
f70e63c8c3c0d30ccaf0de8628ead84e,119.89
871417ab89b24e2388bfba0e5c2c351c,119.89
af5555169a360e0fdd4e79ad4e5497ef,119.88
7b5d824ef05303b0260d358a1adf9b2c,119.88
264ddecf8839127528b72b2bb47cfb19,119.87
a127202dbd242f846641f8332bc9bbf5,119.85
67a2903f301a0840437ec01ee0e52d92,119.85
fa4bc3961854152812659aae81d1cd95,119.85
b68ca3fdfa4b1a01d49ea5a86b47f829,119.85
c704a251b5b82dd1600d4698fdaec3e8,119.85
969769c94ebf3a6fa4c36060dbffab4e,119.85
c45c94c93f9a671931d5ae160b2d3b04,119.85
d56aaf069a7ccf464c06b679237f1677,119.85
3494e9d5086e44139641e3aefe16b768,119.85
5d551bac6ef227b8caf96cb2a0c03c01,119.85
7cb59c6d5ff4c1738e140a6a8b9a214a,119.85
2d028440d72664dcf311e9b5143b6e6a,119.85
cce44d7973c3c5d679d99616b5f50c91,119.85
5d60e47937b311b715b33345bbe60f9c,119.85
f7ee00959d2e86ce3c64d648d2f9b89e,119.85
f937e630bfeeb7660855a336440d9bcf,119.85
5b44bd8070b68f99f248505265168cf0,119.85
f8f7b17e8ba1e329a55239528ef46dd6,119.85
d14d2298c49bb29573732dcdb7aa9b56,119.85
1f0e5627ab7f200afcc77b408b918ad0,119.85
5be7b57253817542d71c279f4d4cfcaf,119.85
a904dc26e7794ac3fb871bc49195d70d,119.85
a08d203f34f5d5f55ad0dd27c6481588,119.85
1ed2483b99a805594c26a689e5b153ba,119.85
b3ebc63c630e8af49ff5cba1f321928e,119.85
6e9e186cebaffb3eab8730c5dc2ea8ea,119.85
11a0e041ea6e7e21856d2689b64e7f3a,119.85
8660acab447e174648d0923d3f0e94d7,119.85
62f4dc75e19c7757a446b7434c05da8f,119.85
39f9e21e8234a66d314563df3c08e29e,119.85
2ca5d56a792424d5243b18aa464c160a,119.85
a7924be36d69088596f4ceb0178adf28,119.85
0614810921e3e1ef9adc33ba529b1663,119.85
8b74b725906ed53b60e9393d6c256575,119.85
f282ca1cad395842df66c466afdb7192,119.85
178e7d9d5737485a7a3fc47c9bc32f36,119.84
d660cc394eb24b0a1fbf68174a1531e3,119.8
d839e253e97aea3c0bc5df7a08361fcb,119.8
81a251ec447a41665547d8928816b4c3,119.8
4b1b5c848616a4b5fa9d76cb1d12067b,119.8
5bfcaca2b18e3c038b1f2b33a0d1801e,119.8
b508681ed2399a6483ee9e5117baa082,119.8
d9f898812ce971d417c2ecd100b60c32,119.8
ab6c37442d76cc4a7f3da53183720e43,119.8
6f0e037423a31f6b624f905700044d26,119.8
127c6ffab5cb903da08254d7aaa35b47,119.8
9f7aac16e3d6bd8a5a55f9b9f2aea51f,119.8
98430909496d03e7612968ffa53ac27c,119.8
2f74c0a1dd83ec75169070143a2f34fd,119.8
a2804a5315ad861866e3d3b39295ee40,119.8
b164311fb207ff095a8aec678688c763,119.8
383f73c1e337479527aee5263f415639,119.8
4fb0754d75e8871c0d64fc12772bf609,119.8
32f650989ca6a9f8b3e62ae45d03a208,119.8
8408e681a402ac6ec22c05ec6ca386f6,119.8
1145b7e7701544cc110cf11f0f5462bb,119.8
4e484fda64341b6c685ec218a2add59d,119.8
f9a537570825b53bb35d231a69fda6c8,119.8
ee36e794ec0c9542a84dce88f1a05b9c,119.8
b87ab7515bb1025b80d8f9bc5c860f83,119.8
506b50a8062885f9d9862e86bbcfcf94,119.8
5668bcba2e56a2b470fb15e7bdd92021,119.8
bb8d51f8ac80fa7cfa96dbe23914a31a,119.8
3333f866a124d5587c7b3233bb9173d0,119.8
02147933803d610875878623ed98c7d1,119.8
42e8608ca6920534a496a2971196aab5,119.8
5d36915c45e0477d64947da4f88ef7ba,119.8
ffdaaad4323306777060ca43b3f87e7f,119.8
1e331e9effe37cc5bb06a638a9a9e077,119.8
905397c6741c5cfab3482c29903adbdb,119.8
b94ee75cf54fccac2d338ff56f45744a,119.8
ec39af6d947e4c0aa1181ff5fd68253f,119.8
daa50cdfa430a264916297a623c86011,119.8
83ddfb93314bf1a3cbf44369dbf470cb,119.8
1a4afc7f367d41bd2edb6fb7f6e7dc8c,119.8
e92a9266b68760ad4d246fe7a7c24a78,119.8
08028c13a908b120d56eff9d7ebd27c3,119.8
2a69da30b726b7f3db7f1059af5d4304,119.8
4db0427a121435c7bbb022f9a4770d39,119.8
71e967055e467e16c1331aafd66b8e05,119.8
e67f4b307d30db818d62f4021236dc26,119.8
08a113f40963196742d5538a95776e34,119.8
11ce99b70d1025e5fc5e7a9237c529ab,119.8
8c0db74e3a6a21cedcaaedcc13e311b1,119.8
062ef9c4ca1960871896825b2c3a1f9a,119.8
bc411cc8e20ef5a0874525646fda2a8c,119.8
a14b9eb03932b3a268d0c568d5abf5c8,119.8
63884515e00affcdf00095eab24870c0,119.8
572791c601e0c0a2331c6a900425d3f1,119.8
4ce4e110cf33766473d1388cf55f1bd5,119.8
c14cec6645dffb638b0cbbf9daf4a557,119.8
22a2d16b5407542b249057fcbb95f121,119.8
3a9686af66e7ba1291b19d2e41d584ce,119.8
7833c90cda8cc7581e142d1549d76f04,119.8
841991865fe44b9b4bb0519d9bc4557e,119.8
ec4458f73c6c5ab5b7e2e35e9e533ac1,119.8
39d5be86f1b2c886e37fde07eaffd537,119.8
a125a54036b56ceb4c73638eda0f18aa,119.8
1e3dbf396a2b6fdc1547c9efb69ce495,119.8
8f6ef193a19a395906a765c9ac8a1ce4,119.8
6a0dc512be3f2c57360e08f715ec357a,119.8
d09b6905433a2fd16d0355163fca1159,119.8
2cfe90a9b0b8f8c13f9c5b870d2dd14a,119.8
1b359570aa2cf78d48bd2d1a1a2e049c,119.8
7ee644700fb5c86c08597b141f551e92,119.8
cf30ec80d5f3e4331573ba20edc78f45,119.8
901f6c008611d3f7cd4a4a094c475408,119.8
38e26bdd2add60a638859e52ea718cf2,119.8
16af4776f014e8082722faa86b17be9f,119.8
53313245c173ce9077b0d33472014ccc,119.8
2805447663b020f9856bf71f181193ac,119.8
4602d8103c4ad3778d251d5324c07fd2,119.8
83dae5cbc60eaacca05d4a26063bbf2a,119.8
0581c965ce68e0b4be312e116c15a31a,119.8
d548e62990093d77a050736b912714b3,119.8
ed2533314abb0846d2f3448b35bbe8c2,119.8
17113c767908a333aa231284d0a0941c,119.8
63eb7309650f3c470b28b913bb2ae581,119.8
7b95b3bd6da3eba1efeaa958970e5dfc,119.8
94dbca303a9992cbe54a1a2cb78df2a5,119.8
d893f12ff8eafcaec2a4dbf5944d1c94,119.8
56ecd08a6f16747959f7d6dc46d559ed,119.8
df9f289fce3b2a96f6431807fbf632bb,119.8
b557dd6908ccbfa7cf80582fa8c29421,119.8
4976fde8780b872a33fbf0b771756ea1,119.8
86f3208942a293247f56118add8e4aaa,119.8
002f90a6eb386bc43bc9ba200db31a89,119.8
60d3d696d3ad1aa3bc4e6727abea6824,119.8
f19123a48b0e767b553ba69f1dd95f91,119.8
42d417a2a29a4bff0208fb79bce1320f,119.8
4f73c60a064996024fbac3681215b6d0,119.8
7420514db819d2580b17eab4e66fd1c1,119.8
2d3b4b8a0c8fb27bbc3eb482773f417d,119.8
e3116c1fe9def22e8ddb95c6901aaefd,119.8
eb70b202fb99d261fd9601e633fce956,119.8
b8e481a0db2593829469c8536e52426b,119.8
e3265baee473628d1f88bb6d67fab5bd,119.8
b7dcd5787b9df84395520580f7e0ca34,119.8
03b971e3d286d50f6136487edf61782a,119.8
9de58209bf50e78c31e5b6e603c3cba8,119.8
707e682806e50fd20054a9e82e6f51aa,119.8
9b2a6499fe7345f6cca25d1dc822a0e2,119.8
a0f95ab56c6d3a5ba0036b7fdfeda07f,119.8
64f0489f9721747547375903b0468371,119.8
e29c02f3bed1ee97599b22e64a45afe0,119.8
5bcea12287a87f4845aab1b18b0a0280,119.8
fd24f53c8ce3ad467b44627306e0db30,119.8
031862760897c48f91efd54f6545e895,119.8
ec641354d60bfb11b2db6e165e36b4dd,119.8
c009b3f516a60de6aef081503ed5c7a1,119.8
9e2ff1963ce2c5b8ed73d88cb47c8a05,119.8
375df09b883bc317143edfa312d37771,119.8
6b3b453b6808a078161c3c7fe3d65d77,119.8
24f8c8bdc4c0d2f09fab6429e2d10ca5,119.8
ec797945bf13ab061fb9cdd8aec60b34,119.8
05075b9433e8f047f3ba7a5ada189809,119.8
05d66bbddd7daec5c6704d08e3fc3ca3,119.8
c68d12820e6d24b58c3b7d150cbd2c03,119.8
7b6894ed690ada31d57a4c6e81edd7c1,119.8
8e4472be04a0d8fc826f7952c6320826,119.8
4cd910358d310c25ab7a6a3326898e5f,119.8
37162cac049e2c9a4f0eb40c81c3cff6,119.8
c589f4254d0f10621024209aaa1368da,119.8
09f0687c10e265596b8b96b7f63ecb19,119.8
55d125012ed8410157deac328f196288,119.8
28e5dd68bcf6664750d9c6963d1ac2ac,119.8
dca999dc00cc6e462ec7aaf3e62008ad,119.8
a8b4e86b09a6751205acdf4a5d8e6ee0,119.8
2090ba0c4f3d786d822c4a4ceacea7f2,119.8
04c1a998c3b21a343330f101a03c5b06,119.8
707c311b1066c896632b320852cd3900,119.8
ea498e17d3dcba2ac3cba543698b901b,119.8
f0e5ba2801f71fcacc64a4d6b197a2dd,119.8
818aa1212d9e31bf20f835eef11cffdd,119.8
af4311063dbd2f020207988c96910a4f,119.8
a1117ae24c0d94be1e8346ec32cc0bc4,119.8
c7ba8b2ebe7b8527de3cf285a9558214,119.8
2645421a41e015b1818b76759bf2c49a,119.8
9c94b4fdba6f3d512088c99afbeb1372,119.8
1365d1374ca6c72869ff0c56963f176c,119.8
d842d0ebdf90c04a61d3c7ab3cab34a3,119.8
6c15a0dd2659eccc596fa66ed05b23c7,119.8
8c2b073d2ea1cbf5a7ce9e62e94a2cb7,119.8
e6d6b3abceda4762ac1296ee90e45ebd,119.8
968a67f39df931e3d773be73ea13e235,119.8
6b1066ec623d8c60ca4dc0473a272afc,119.8
8a811aba2bf51a27cf902cf23fcfcabf,119.8
fdfd06ba6f7c1fb14143f4890f6179bf,119.8
3aef46ae7c38fba52ac5c024a90d8b4e,119.8
218fd136c7a84d4e9830d0fc98ed9f38,119.8
379e05bf7d5ea104170f08b3ba7b0e95,119.8
e53edc46664edce7794d86baca23f75b,119.8
e8cb217e9848f5420e452795bd548e70,119.8
46cb7074aae58874cff14f37968a1a79,119.8
f1fa2c750e749e489428a52f4a83d165,119.8
de0868e2866ed609cf852c4eb0678613,119.8
e4becc9eb42bca5ecc23cf5f5955e1dc,119.8
861840102ebde6fa719f7fd8cbfbd269,119.8
e77beae82ea2b9ce19b5d85f9f3a244e,119.8
1732351234779d12dcc355581d02d7b9,119.8
28b6a58f9e82d9982327e7776bff2e47,119.8
e5bcad0944090f0f57e657329328eada,119.8
c24079076289d150dc154ff63aa67b0d,119.8
e6a26b9742c8bd89eab9278e1f451354,119.8
ddcb46e5e5665d514bc10d16c528ef14,119.8
9298e21b96ed98849264062a27a76c63,119.8
5d24073c1bf0ec4d86e3462f754bcdbe,119.8
f46efcc57026aa7f5a7e0920d2a6d054,119.8
d12b97844cdb418736b09a98bd775fc3,119.8
44b8ccd6c1a47281e411eac02c27825e,119.8
d43a38a1b87c85d51d3c00ab2dd19390,119.8
2d2b1b42705b2f080c47fb2c46db46f6,119.8
0451da0cface080b24fd41460dba3f3e,119.8
747c8921ce4475d2dce57496776885f5,119.8
15977e636711360e5488ea48f43fc988,119.8
285ee4270fcf746c8666467d070512d1,119.8
9eecd42adede3e409cd16754d2682481,119.8
34888597ccda0c851b4e75fae74363ae,119.8
8aa19bb23b807f8d6134625343c23cb5,119.8
0241bf6728f2c70f948e9a51484d1435,119.8
7257bce98eb576d93ad4df65a68fa124,119.8
dd1aa4cf442d7028e72cedcce78bf9c7,119.8
430dae64e910e717c1135ff28b67aad2,119.8
b51a5d93de0054961a5ab0ab82e26aaf,119.8
3fb036e3e6bd42588cf0490ee88dfff0,119.8
1d09c130d3adbdc6384d4dd13880111b,119.8
359d58b88a05cb6227c101f8574c3cc4,119.8
8a4877a821475465e14616e1bdcfdfe7,119.8
8324febfdc14e00556da88cb6d151901,119.8
13d59c6ead53d39448b8b13ea1d2b122,119.8
dc8dddbedf94214063c457cd4074ebba,119.8
ea462ac018be4dcdfcf916373a1979df,119.8
a31266a3190be83d980c303084ea3c6f,119.8
a17033054d84cb831e8b33dc63682ba1,119.8
7128a6c72181215d6e1358918a66c845,119.8
91536449b9940d1e7af89bc3857369f4,119.8
f31f6b6f82104984ce2ee05d9f9c755c,119.8
5590e685a78102fb3ac27ecf07412750,119.8
c0dc8d5e93ca20f45aec8b7355e2b50b,119.8
085adf5a46465947d3adf0c5f4505a46,119.8
7946266bbd22c1ad0a83eb65059b7fd6,119.8
f065f9395bd92e7f1e27e142c9b81cbc,119.8
03b436ea506015a721669b80835907c6,119.8
ffb0ffdb00e2e0b31c423577db3520eb,119.8
7e58db99674b0e849eca7cb8cb32cfb1,119.8
ef3e5a5941284c07e66c263fe280b804,119.8
de281e7aa3ddf4dfa36b4253ce263ed7,119.8
54459d342aa6d7e6f4e52490a98c091d,119.8
bb0c2b706251dfd7d003f3e76c798c9d,119.8
81d682c2f8062f1609d67f4fece07583,119.8
208dce5ddbcf741af0c04f0a72a4d08e,119.8
f03b4ce360b0d79f411799cf275fb9c3,119.8
b593c249903e4280399e991fdbe8d7a3,119.8
e4356c5636c21749cc7b40da4713bffd,119.8
b52548625e32de3e7e0dca735663ec8b,119.8
fe790c996b162e9fb690b54ca141f061,119.8
d3a2623a3fa9bc2041ea7b6aae6789bc,119.8
9585a6e7aee2694d60fc9a1b6370f3ba,119.8
875858cb4fa77eb349a94cb42d3303ad,119.8
e17feb0f580f7f763ccb5684dd52cb1e,119.8
23b1652202bea45933d115b4aa2f04ca,119.8
4f5e4ae2ccce7e66aeeae545bf12fd41,119.8
19974d1d66d8c31cfaf999a18eaa5852,119.8
e98b542a840352aaf7d87f7d9f15f24a,119.8
98e935de18878156bd96e6b845beb7fc,119.8
7461f9bc414c8346a6ba180b1fbe3580,119.8
05b0e6924c6fed9b001e0469aae1ce06,119.8
2e59f355ea7b6170c754758463c9fd3a,119.8
9b39fd84d3a948bb2af53bcb2d57e69c,119.8
d8026fd77d007821d7adceaf8cdf205f,119.8
23092f7184b95ba3805dd7e3012ddf8d,119.8
93b27a628d1df2de4e1e3170346b597f,119.8
440ffdb6d21876debb78e680829db3de,119.8
8c215a516a5d40f140276e5ae77e02ff,119.8
fab59400cf030d7128249541b171bede,119.8
8edf66ccf70461b7aa871fb0f8d97e19,119.8
f4bc36ec33804416487b2a7051214db6,119.8
3d816d69b7882f96f533d4d355a3f06b,119.8
12c6a38b13ba4a14cafdfbd4d92d917c,119.8
1b730e245b9e48cc3938dd8aa2dfebc4,119.8
ddc49820b80baa11c1fd013d27e171fd,119.8
29ff70b758921d4180c24dd3d9c068e2,119.8
2572c5aaa8f5391040fdb831e5bd3d1b,119.8
fe29aedfbb7168fa45b08d47a58c9bb8,119.8
f8392feb1839b8ecbe9c9c2553ef2849,119.8
1d4ed7b29c69512e9a142a6a5c52f5d0,119.8
2ad0fa5dbcc34ae3e276ceb5eeb3fd33,119.8
312717df001c44ebdb42e350eb3d20b9,119.8
456dfcb8d51506383bab4a48d1ebfa6f,119.8
5869082f723b837ea4c7b64542d4c287,119.8
ebee8a6050baa684aa8ed76b90c0cecf,119.8
9a269094d15af95a26f31d7b7bc1637a,119.8
30c94c942e84899e8508e065325e382d,119.8
6aa501436836de38051dfc5fce054127,119.8
4cbcd242205e450b7d8756ca7aa31ad4,119.8
7cb502ee5543d583f0072440f8b94444,119.8
71c2fbcb3ce7ca6eab6cd1ef3fc8a852,119.8
8c9b9e1390033f2bc5caa0bb30b12fee,119.8
754132cb2b8ef289dba4b60de444ff96,119.8
9ad2dc0ac86b57bd7f878fe94ee810c2,119.8
3a4562b466aea32a6aa09fe85e67d400,119.8
b33923ca54abf989404d44416b4b825d,119.8
f5de3ded45b03e78f33c39028f77e21d,119.8
83171346ae0f784f22fea771531c1874,119.8
6d32e15ee697f3a2ab5f26b82ff8ed0d,119.8
493bfba5a986ce7c846f7c2b5a308ed4,119.8
fe05de675b51ae8cf1f8d9943f0a76f9,119.8
03651203127d40f0063e5cc08d464b64,119.8
074ad3e276e634301ea5e2d65817a2f8,119.78
71f85f226eb965408ca5c0d1c0890d8a,119.77
b82c4220110dc5c1c3d7f067aa9bd065,119.76
ebd361665302261db67718c2a32bcff2,119.7
9d7a2bb8edc04ab8c0cb6f07c9bc703f,119.7
ed14f907e34a7cbb38e34cbcfbbbd162,119.7
20e14442b1d0d31ac2f8694ffe76970e,119.7
259a82ce1a494066420e300430fb3e57,119.7
d22be3ef41b2dd919e8a0f327a02f284,119.7
e5db9d4fb808c1d1a656dec250ca61ac,119.7
dbfe1db80433dbb5886d4c7994ddd82b,119.7
982e82b0ac09b67a31c446d41db6927f,119.7
196568a17e905501e428b29ca61042cf,119.7
a87c62f5866a4732f56ab5c819317f9e,119.7
cfabc333204cd9e25417b1561ffbec21,119.7
a68c1881178afa2a50e3e5031a8c9787,119.7
c78afbf707e4446398d86ac463c3fd4c,119.7
1cee7be2a8055eeac71626608c2360b9,119.7
5a07aa8c5c8860866b5557e83d75a4e2,119.7
ec170a8e4083fdeb7cc95a413b6a9e12,119.7
5575494798cac6f28d4da41aa44b44c8,119.7
6db0640d603b5700f1d0a2b5938f46b8,119.7
727e298f03e45434a45a097b8fcedce2,119.7
d1f9d2df3fbb4c8c0e4163da8d138de5,119.7
1dbb6a2e118d81461c712bdb93398726,119.7
4ead8c602805bd9623211328f97ca745,119.7
7f25ffaada2024d3e809765b76d3507a,119.7
8b22c8fb9fe2cd131779d2cad4931f09,119.7
6739c6c4a0a27db63e15c9c5a31d159a,119.7
637add33cc02415a6567d6b134828754,119.6
2450dbfb75233ae7634514332f558c18,119.6
8e3685a765bf97051fa84bac975d302a,119.6
8f6ceed676a529b29619a598b377de08,119.6
ef2dd497f0b364922173062f4c7a36b9,119.6
a7f913b5e7544ba3de6205e67ed196a6,119.6
0c562074c5f964adc5bcfa39d647a834,119.6
634668d563c6682502a0913b1f660835,119.6
08ea30a42b328e0de15bb45949baa109,119.6
09934ba1d30ffe40370a11010fd1ef7a,119.6
6937b8b182ca7d01553e2eb0d8cbb429,119.6
da8ba8c96cedb55c833c0371aff309bf,119.6
19ce60e416e5f9342e80d5ddcc814b03,119.6
942ddb99ad63510904cd5346781a9045,119.6
d60f3e2bf072f0eae0190aafa58b1314,119.6
ab5e250b91db7cff17070cdf5cad37ee,119.6
d489b58e4d66d84eddc981c68c83b4f4,119.6
a59f08487d3d2137f5f845e1b59b24f4,119.6
d316653e26343ebd09a65316574afd7b,119.6
859b2f771c5e0f3874c59635a9829354,119.6
e8b7dff5642ed564e100b9a0bff241bc,119.59
fccc0ac1e7e53ba3df6e2b03dfb18c21,119.59
cbab1990320bef24c4307923c7b0dc13,119.59
c3d7533f9eefe8dad64f876c6fc6af09,119.56
eeccbeb8108e336dcfdcae4fd220dff4,119.5
252988522e60b58e19fd939fdea69f1a,119.5
d707f0c570bead47049c3a517b657b95,119.5
91a10aff1998894aefda53b691a5d6f6,119.5
6f96ce3e9b2e07af1f4130650d3e2c2f,119.5
62fd641e1ebc8e22418e3dc08a5381f3,119.5
5ce4fbb6db799ff205fbb1a825eb75f9,119.5
5c7692342f6274ea532c8ac076e8388d,119.5
2c053a3d38bfbbb1e805253ca0ab12a5,119.5
bc7ef7204c85eafbe7399a0325c66a4d,119.5
c1cf96f4c7a7bdfd59d743540c7220f2,119.5
3718162f0a9e4fbd9569501905e5817c,119.5
43d9a8df81f815755d9a258f2ee3135f,119.5
06d997ee0df1e71f31984bbeebe4222b,119.5
c11f08a4824c29c57464c20ac031cfc6,119.5
a17e02e035f20f2bfe624c5e7282f494,119.5
347995a62a8ddfe4b7201c431a3c5e53,119.5
d1b124e1dd9cd2632db8aa899f111dd9,119.5
4d7041512edb1185f033b1d50eb87283,119.5
a719a6a81140e2806668e96279024b1f,119.5
c3860745545e4c4f20c349a4dac765a5,119.5
c52c5c0033d00148752ff61f991e2521,119.5
b00a1172e089f67980f132489a69f7b3,119.49
d237cbdc78b4a1f2b19ffc5874ded4b7,119.49
a0d3e4c74c41e64fc0e34a1805a0f820,119.49
6962cfc35f21a68b37734f341484b193,119.48
7d88070a629d7cb6d17074ff91e68503,119.48
eb4e1a00320b05de70f104ef47d3f20e,119.4
d99d6299a14c16bb64f4ea364c5f85c3,119.4
8c4bcd3c3737198f62421c18e0348554,119.4
42f17fa4e9073ed4f3dd813fd4f79645,119.4
10c63cdfbd60a719c99aaea0f45cb6f8,119.4
ce4918541808858e8b59af10d2d0e229,119.4
d41bff9131cb3eb977de4cdc0717a23e,119.4
d61a69cff9f2013ae34f6067ddf94523,119.4
1a161546abf4f4e01b7eec53e9310f8b,119.4
dc47946c59cec7bb8590aadf5f667ac6,119.4
ca555d3669582cd6c8c13e8973c9fefe,119.4
90cb84b970413faa4719dc46b94f0590,119.4
a7d1cae474ef2486db64b48d04514278,119.4
719cd530d73df5670fb06d8413aa05d1,119.4
d42fb8a9dc7e9d3f864e31f2c02cee15,119.39
b4e250c432ca2d8336fbe5e5affdddad,119.39
4fe13d656b536982335931449b3fe43d,119.39
0f81cce09dff7e08e90cdf1bfe6b14ca,119.39
56e7899b07b9a515442d8855a6e049b3,119.35
48c3ca16bfa9844412c2eb204a6e3840,119.34
c11a237ba6088cf7db513e5e9bc0ccf5,119.34
bc888715a1232ddbead485cbdd565cfd,119.34
da8dfb2660ba315e2a99e6e3aa2f5c10,119.3
213e3a3c9ce30d4d0d2965e45b656e5a,119.3
d8a3b8bc08f3b315105a58bd347871af,119.2
550f4986af1d76c2432a0cd38a7242ac,119.2
381327694b7186ec655d22d025641385,119.2
c5ceeddba5d4bb5ab641b4041f746bf5,119.2
ae9b7a06ed7be1ba49886a5818b8c63a,119.16
bc3c9c45fe3fd83f49adbcbf50daa3da,119.1
b1a6bcae800140def45ddd009ae295b9,119.06
abe97d658c4fbeb355ad276a3f1acf2e,119.04
5e1ecc3b5555b47d25e18d3344669ca9,119.0
25d62fdf76ad56f0adb33fcdeb5cf36f,119.0
098141076c8df5b43832f45772e2f189,119.0
4cc35d6a322eb6950b08f6dc5e64f821,119.0
c8db658e8d844bb647932fa9f1d4dcdc,119.0
22cac6c36d7a61cf34dc7fdc830240a0,119.0
37ee9d51ad9968848aa06f86185d8d42,119.0
9faeb0174ded39b59af32f83fd29ea08,119.0
9fa4a615d91df368929057d66d942e72,119.0
ee9f2791dfe348b8200f0b687b00a15b,119.0
a0abb996d53cdd579f6af5bc5de8c28b,119.0
3ff94c4ed576ecb1d282f2e3c3f279ae,119.0
0345751ae47b77dda48d7a9f6e5f5946,119.0
ee039bb5e02a2f5eab3da733e88dbec3,119.0
bd79d02f82a67aa2b7ae5f0cecf756c7,119.0
b0aa4e154cca1e3ce961c7267e5b975d,119.0
c00973bf62701e5819492e9ee3676362,119.0
618366b4ce2ecb64705e8ff5b0da07da,119.0
55858b24b1b18a4e50fce22b11a761bf,119.0
a607fc2178a411413862956eb77c7426,119.0
f81a949b0915fdaf3b6592c5e037d637,119.0
14452743877d9e8f0a9b53081cb31566,119.0
439a4e8a7e580a3cbfb50b4b6eb4bbfc,119.0
cb153f91686e47164e735df3c91296d5,119.0
13394779f19d627b7e0e776f12289e28,119.0
b78d867ad941805df6bc294c46c1f04a,119.0
68ffaee0e0cba1ec2e5fae05c3172814,119.0
591705dfee9322311501831348d98079,119.0
6c6c996c95c2d86bbd4df7ac156716a3,119.0
04ee38c5668f2c41b881802106383533,119.0
c0b62ded4a9a252d4cae2c4c735cd797,119.0
d9920d85853e1d9d0b661b1f71bc7ac3,119.0
bc4011fd2a5106761b5ba943c8fbd1b2,119.0
3a84b9f859fd2f94d4b80eac938b4a28,119.0
d6f1934c2a18b56315cd529239c049a8,119.0
0ee42e5f18aa18fdf9ff7735e67dfead,119.0
c1376f3aeb94f912ba838eea99b8667a,119.0
84d0099e93ffdfbcf9c3e565bee3162f,119.0
b14eceec27bb314c39a1acf0b6440433,119.0
5fd8d85758c33eb86b7907f3718cd221,119.0
472c855ea68d9a5e296a323aa5a524b5,119.0
fde75f43574df6efbe20b37f9ec8668c,119.0
024d9375532751f84d5bb83ac936b3f8,119.0
1a38db127bea608981938b7abf53da7b,119.0
73b2d497721c5fa9118c61c9b6d5f54e,119.0
15a5a319296eccdc3073c103ab791b84,119.0
f2a86ca070522d6089d6de98878e879a,119.0
86449fa8124082cf35a0555fc351f631,119.0
47698e7bb509cbcb0c50324686373b8b,119.0
0aa7617bfe67793528a4ea111f8a8d15,119.0
93a8eb1962b73b68274e8d73cc80f3ab,119.0
75e490ed3784567b2dd4bd3b3fbdf6f6,119.0
a1c1928fbe0263c93dd26d1c061b586e,119.0
38ccd077e65d89b8a720be73bfaa9c6f,119.0
5d331fc00285ec90e2352cde35a6fd70,119.0
4f0083922e333dbcac05a4ff42f6152e,119.0
cf72101ceed03445f4484b48896b4b35,119.0
08beeaa5c7bacd3b0af94874563893a1,119.0
ba2c423a4e4c16a43981b06932eb7393,119.0
2519489d405209a56e9c18d2969c9ca3,119.0
3c84e38052e77f837c05363ad8a2b16b,119.0
cffe921679977ecf1929b2cc52a3ae89,119.0
49b5349dbcfe2c6281df2a618af2cf1c,119.0
f7838e5eeb3271df42376952e651e403,119.0
43ab53dd49eed1db9a84112751175d74,119.0
fa93ce4834c0f048dfd4b15cb6542beb,119.0
5e6ef5df32d231c3564df878e325d301,119.0
830098c74c4cb8d01c7eabbf10dbc76e,119.0
a798a4aa2bb7233493809641689343fb,119.0
d4152fba42ec38d004feb37890b6a300,119.0
c06f5c763e6751ba5fa14fca06304159,119.0
606ea5fa82d286bfb8df334deddc6c3a,119.0
23b8c6b8acf581a5d3c4bd97d55c86bc,119.0
4f7101886e76a0fa9285c654c92ef0c9,119.0
5532fe32bfed171f1ed8fa7c0f5fdb67,119.0
bb7b4c45c021cdb9219306f8182506ca,119.0
50012e893c4fe8fdc2d146ba64c6c8ef,119.0
80f48bf1d049cdecddea8ea5086b1264,119.0
1161b76d1f5fb0594a3f61d42fcf9c8a,119.0
a0b184c9535877db1263c4bba263d6f5,119.0
40ebddb7102f8aa9061e437795447122,119.0
a884259dce0c9768fbdc7a223723a4f5,119.0
d2c85fae92bd98554669494394a47f01,119.0
fa71e22499e5af612e85cabf53827a48,119.0
28dc8a4ad2a2730d6bec6cee7be35a92,119.0
5cb1ab80b0048fd8243860f80c094980,119.0
ba4d4ea45ed0789a39a2546c52b078ef,119.0
5775437e881f0a230649f5c63e1f9241,119.0
2373a16e52c2faaae69d26e5fa443942,119.0
1173ec1c9a13bf9c879db707701d6f51,119.0
eb1485636d09be205400230836ca6391,119.0
14226c38a696907d6d3a30f1d1b8a231,119.0
90158a0e8d4a01321d361081d0ff2f64,119.0
02277211c9842fee492b8e37a17cf0ff,119.0
27bd319dc286f46206b0339c28d3161a,119.0
1b23216e6cb17ba8b27f4ffab1f2bd39,119.0
e1bc7c21e15d464f4664aecaeb550948,119.0
104a2c4dd474047d0e06b3b120d5a740,119.0
41a7a254ad0f16ee9ba1f2ba2605d630,119.0
16d001fca73c47f08a0340066a39d984,119.0
8527ac0dd27e2b15fba89b752116d0a4,119.0
3dcd52c8a89d3dbea71bf36c908d8410,119.0
5bf8cb17e2d092cd21bcf379f734b93a,119.0
719a37f48e14ed793bd57def26310a40,119.0
b884d405e354ad1e5213f72883e4e6ee,119.0
3fba5bb67ae248c7d02c2b42b156f418,119.0
59c6b1ba576945b3e864784ba0a8e9c4,119.0
ac6a876322dc77349587bb3330857025,119.0
27f334c3f646310457b7ab3135cd87c9,119.0
566564f6a9fc76f3048a73527a67fb64,119.0
30f523f7def36192efe977b047ab4622,119.0
953685e0b65f9e97278a0c2caea55e1c,119.0
88f04ea3afd3db4885798c9f23d42014,119.0
976c466e2a94060328caf22c01f3eae4,119.0
bd7eaf010c30e75b982d1813d7985510,119.0
e8910241530576448f0e57525389269d,119.0
73fb68a156f353bf0c8946c0f3544086,119.0
cbe499bf7af1964f5924dbe8e244c75c,119.0
1cd5de8b2acfd7667f7529070932081f,119.0
d4b39e7665072457e7ef461a39cabfed,119.0
4156a0b6e677d6afcaae3cc161af97d6,119.0
f0f535648bfe2cf5a7a03489163faaa1,119.0
9f6add154d6025cc831d17414eabd313,119.0
0e1cf01349134f121d7e316718d65415,119.0
9abff84fce97b2e7522fc3f737089d66,119.0
c4166fa5a9cd64927a4e585208673fee,119.0
e4d1366afd00882f55b08566ebab9792,119.0
195a368bf46da84aea2a4af79be3d705,119.0
39971a351f2ce2a0fea4be0373b807a3,119.0
6285f604fa70a13975a094497da3bf6b,119.0
c8a0c590b4825ffdb2bd8a5a18d5aec9,119.0
0b37f01a95740e5ffc068dfae2738630,119.0
3c1b792ee531dc8feec4424412320fc2,119.0
67e9eac9d3fda0138a4cb74991b0c645,119.0
dfcdb6bd7fd72ed1f409ae56ec40ed3e,119.0
f2997774d38005a9ed6515d692a57116,119.0
f29a766a89f68d0ee767d2cb03503603,119.0
c72236a00e7a830a37a2b5a669b0c6cd,119.0
db6636abed318391632d45db084bd303,119.0
4ed0e56b8bd981ca8c2db508aea518d6,119.0
297f88ff2e58f19bedf2f9836f99dbf6,119.0
5deb784842d904759882a477316e00a0,119.0
944c08e1d35737251301d54e71098428,119.0
de97e7bc8c7bd4b48968d2ae7869d627,119.0
673109a1fff714fa4273743b032a9324,119.0
bd394e7a5c0a3aa178be002bec55877c,119.0
caed27153d7dcb652fa5d30fa4a08930,119.0
19ea9736303135c25774f03b93f1050c,119.0
c0c28584291e1c711bb2028a4c85b7d7,119.0
08401dcdc7bcc78f11f41f9621df7429,119.0
5b44eea88fb939f313c15cb15583094c,119.0
b5b3ce886b794c18d46dd2a3e75727a0,119.0
4173be7a55f2bb64ffa1cf94e6a96bf3,119.0
5473f422040272bab80a4c5a22986403,119.0
4dbd23fc431225ba2ef01b343523afe6,119.0
ca59e6c4a46547aad67e7e66515d32f7,119.0
c90a8bc2bffa9389ee8c5246cb9a5f7b,119.0
6ec9f5dc2b3ba35ba341bd0b1fab481d,119.0
f88d78b8e2587ff8ae51f34a792811ac,119.0
c377d539013dbb8fafd49152208c5524,119.0
3e25f74119695fc71aef7825635ab0a0,119.0
14d4f8a8cc228578671ce231dd69db78,119.0
d0fd0cd7822a432d1fd18885256a0535,119.0
9f6ea62fddf2ac05fb82db13aecc13fe,119.0
e04fc9722632182bd8740b612e764f2f,119.0
75a1cadda9d7c247d4de092bc844ec32,119.0
c412d099f42add244db556ea7aa9a74f,119.0
2e2f126cf82a864a13a0893bc6f0595e,119.0
643c75fed93c5f43541eaf9c6c8b4828,119.0
640246e27e1df1ffe19d062550d0d5ab,119.0
afa3796401ef2c347fa0d96aa60730c5,119.0
7d0006ecf079f0df09d48b43d853ef88,119.0
5692183efd941e64a6d688e5130545b9,119.0
50f3e14da4521222cdb1fc97205151c2,119.0
abeda17cc207b7bf3d0bdd8dcf4bc898,119.0
3beebeb04ce0c2075e4fce99b022af80,119.0
bcf3fa82abfa5cab3d2910b999fa8f07,119.0
116e47f49c0558a5e9bb8eb119485e24,119.0
c420271268e6755e9db3055aae7ce17b,119.0
65e65a6d8fd1db7166ba4811d3c5457c,119.0
5e4c9ec63bef151d6e87f1a96581b692,119.0
48830334e3ad5e310ec8ccb250287fea,119.0
d30c5b4b3b5e3156670d70ec32e26476,119.0
6cac77779271796bf107e2a9c85747af,119.0
15cae6030369d69f884089f8f746a272,119.0
5801bda0093fcb34a83bd7f3d0d92d52,119.0
1d3d3d421496f24e0ef77180f1895894,119.0
293e0aee00552885c4407f33b5876170,119.0
2839c9f530c783227007d9b35e643e60,119.0
316540a76ab1fe860a9cddf7f2f6717a,119.0
231cc8ddeed34bea09ff1cdb2390946b,119.0
6dbc1688502d1c05c3022748d524d8e0,119.0
76da4fe74fdc548bf5e2840fac940130,119.0
051a1ee05ed1abcc755cb96dd2b85fd8,119.0
a7d1dc2de29fc011bf5f947f8a8636c7,119.0
2c08cc5dfb684e0bb4d3846b3171f81b,119.0
42bd78e6d23808ff87644a53123ffdbc,119.0
157d75537a132081437134e62ff76512,119.0
281e5d529289df817ae2b735fcf6208b,119.0
9cbb5f5a02653649ba5de6d38e642c9e,119.0
0427097a35c39f7f7863ba1c4d1479cf,119.0
7ce84e2711055b434ef209ae62eebcdb,119.0
d32d060ed6d1eca9162c3afeb7e873f4,119.0
51cb4856db49f27e75b8d74da948ff43,119.0
4ec504c54ba7f383e3105e7320ada110,119.0
e23dba10288e2e2038f508163937888c,119.0
8045508700bc8b3c31063230eec62913,119.0
b115c24fb8b1b4924ab8292b64b82405,119.0
dddeb6a18ada32b5e2e0cbc4829792c9,119.0
4205323b7e61206381c17d9ed218bc60,119.0
351b2fd3a7f9c5580287edfbd6e98a7c,119.0
c43082e548b80707f31fac7ba3740ddf,119.0
5a0367f1c6acdbf73e18d97acc43df80,119.0
58830055981413a6c6eb3b4b45561b5f,119.0
c6ea850448ad7e05a9f46ddeb5673832,119.0
e9418d322fe41c3c08925015ef03d222,119.0
2d25b4b19f9b3e7e23827db330bf528e,119.0
4984a1b883dffa7490fcdc48866b23b4,119.0
7f790f52b4671d848d3f945e708a713f,119.0
235cacb7910f5a11a9cffb646888b0e4,119.0
88913416ba9c9be4c8217d461ab5b7af,119.0
8c1b33c10c74c74b04db74ac8af6a75e,119.0
7806ee8ce58a419a70fafe0e2400befd,119.0
6fd2f8d3c584b2fc576065ee15425973,119.0
ccb8fcc1f4292df715ceb9e190dd8682,119.0
c17bd91b1e06ffc95d4b255931dfae97,119.0
f021ba337308a66cd38430a17cba2992,119.0
412ccfcbac9738eaa7df3fe0210d9e3b,119.0
88df1c39c26b0578e421d3a71a412891,119.0
825b32011af5640d4b9182f8b0d0f6bf,119.0
c0234f74bd744235391ab8de98f0082c,119.0
e76e56cd7068829d040f83bf2362eebd,119.0
8f72fcb39cd1b4d93e94f8f1f67d4a3f,119.0
b0ea333373f15ee038166f4f0804875d,119.0
1d6fdc8b0ff3d93c5b3961bfedea7f7e,119.0
0267014fb8a135227a57b7eb87cdbc99,119.0
4c1b8930f360b3998f1082a25c99613b,119.0
3cf477126a8dd7140cba273f6f65e61b,119.0
4ea732ce42d56033deb86255ba2f5115,119.0
1f7e7fa28a617d2b62a0fc184185f7ba,119.0
2e0a5105023223e3adfa0a30db67f80c,119.0
2f28f35b1daac701a19117b36b98c634,119.0
c7d1d9f32f2345da0127e63da4fe0fbe,119.0
22920e925fcbdd68ef776651f8c53cc3,119.0
0397cc69d4f5d98b754925553a327d17,119.0
c404b21e3e614fe7a14a8f0ab50e2dce,119.0
f518bb43f82f8252efc3548d4a948581,119.0
04f3fed63b02610ccf63aea0874d9b19,119.0
98bcba1289e434215053f0ce7f01e387,119.0
278416e26d1ca455ce17277b057142ca,119.0
762b44d8a082596c909aed7fda962505,119.0
b1513d5eae9561289d292ca3b2e2a064,119.0
94e56a6d6f8b3e26ad64c605e67b48d2,119.0
b10d75093b79892be584f21b93a7fb35,119.0
0093eadfb5536c158311672bdf418044,119.0
0fbcbe7aadcdd17621abb6f3661aae3e,119.0
1249216300a4e60540c3f24822285de0,119.0
daae52fc30b6ee78b90d74b084f00eac,119.0
49c01eb0774fa3c20b2b4aa1b1682b4b,119.0
f57b602116238c3c2da7aef432cfb4f9,119.0
903dc81a0fdd7c15c763416420efdda7,119.0
b24c41e081cb6023a4248685dde92ed0,119.0
36ad966afca63b90b96b3d01f09d956a,119.0
f54d3bbcdf79428f56c45ac5e3b496c1,119.0
1eb9da3b7693eaaba1fd3cfbd4d40b38,119.0
4f1b55a9a3ff88770c4e6623b5d701c6,119.0
5d5d33e9eb05f3287dd028e3818a9a99,119.0
a687e5a5834b405de80b7b7e23839e05,119.0
31b66cff9ba45d81e4eb8b0eea309fa1,119.0
98330bf6030605e83ae05783fb40fd44,119.0
6af9e31ff134de3000a04fd80d2ffc3f,119.0
705f31452e63ede0e5b4c1ac26991061,119.0
ab2e069dc0a781952e8a2447efda4bdb,119.0
e34c642add1c46f0904e95997afac775,119.0
409021a104c22b3c6f9fad25a36f26f5,119.0
ab4014c73ea5362865a1e91244fa4e31,119.0
108b9f81ac5b441daf5927b6f402951b,119.0
e20ad6ae9750273137d38a9353ffbcfc,119.0
39b0cdba89a7af6e2fbd09107e21a69a,119.0
b63c9cfc5dcb06ed307ca95957fa216c,119.0
b63e59e7dc8d01607c4765255d9bee9c,119.0
a3a36e3871f4b05275d9603a13233db1,119.0
78696c125f03688ffd05f0ba53b910f9,119.0
ba1aec0720594f94a1e9d75b5f6d16e9,119.0
0b3d0577a86f1ea8f68d60628e0d6e19,119.0
1c64b273ebdd76fbaf24ce59c3f24ec8,119.0
27c4c0e841788a80932b2500f7c0fd36,119.0
345c50dfee7c90b40557f26ff33b2145,119.0
f846253dc08e8b7795097475a05ab860,119.0
aaf0a71d83bfa25cc238ed45db577b42,119.0
554df975298823cc6dec4fe5334583e6,119.0
0b07568bfcc48faa6a88e17970605a31,119.0
8b866d31b49a1305c5680658fff7e006,119.0
08d19de4f7caa5e58b233fa6b9f4d3a8,119.0
f6780a74d50eccbe545477c344e8347e,119.0
2c013df1a8a89121941f3a943467ed1b,119.0
aa1f321662cf8026efb40a41051f68ba,119.0
f9f3547648b8c4bce58da9e9ab677fb8,119.0
22fe25aae324ee80194e8fabf7d6970a,119.0
ce99258e67eef2067b629f94c0f92100,119.0
e827a60ab3c273d88ef8c4b401ce344b,119.0
6c3562f133b3f16583c6a2524ca77379,119.0
c8d7c9a0047bba418f7a0ea9eda4976e,119.0
77a882e71e78be084cfa7fe46811dd33,119.0
0731ffea2542a2e0a072078c3c4232fd,119.0
69b2c07bd32a5aec7a387c7fe5bba908,119.0
929d7601337288f68ced289062b64161,119.0
3abcbb18503daf89323e9588fd12dfdb,119.0
6cb971e55ee3a3e3c2a900e79c450d1c,119.0
e5dc189e17c8e7a8830dcde5a05e5a7a,119.0
5a064a14994cdb7c9ba804c668129dbf,119.0
4c613260434865d48fa7bacc5be9cbeb,119.0
4ce8450cc7cf2ef40cfaf535fbacb397,119.0
011caa1d64812e93260454d6e311f330,119.0
4312276d4e4b3007a437693e5a39887d,119.0
66291a46c0d82f09f3b211f6cbfc37c0,119.0
d1be87b387dc03c20f9429e6390e6f25,119.0
dc90e0b8a3b8eaa754629ac066257168,119.0
869b351c228dfe4cd16d6b7695339578,119.0
939c6ecf27d8c32e7956b4a2a468326d,119.0
4915b5f798ba5172def6562538b6cdbd,119.0
74379616bd5d8e791fb89b759216a164,119.0
dfc0fe4a8cbe5e299345a08f7cbdca5b,119.0
0d1629a66b1a456b616fd22b238961d4,119.0
a9979110f5ae50a3ba4742be43c123db,119.0
0ffeed6068da2f6708ae69583012917f,119.0
99c8c2b1c8b9cb95024ca7cd1c84059e,119.0
264bb2e28d33a8ab98b8c8e1907d7754,119.0
53bcd392dd20b57eb9697413d737bf31,119.0
5c26b8a63b6e72f770e385ffeaeca75c,119.0
91f62d1acc70de76856fe56e6fa04a32,119.0
b433290fdbd7a32a08cc233d445c4692,118.99
ab9c9ce20060a9d3aaf8071ac7d04674,118.99
530a5864d09524daa4a7a03524554ae7,118.99
30896c84e8d1a0305ed954baf6d7bf77,118.99
b33eef73393ea7936a041fa33f5d643c,118.99
d3609e0209e59ecadd26f066cd344349,118.99
1305f0abb26461769228510330f77666,118.99
2c2fce55c68fdacdd3b867342308e891,118.99
b1ea2dbdd918e521d2337bb77fb335a7,118.99
c0768d2b897641f8c151917b62432088,118.99
7343253df0d1cd6e627605ee32728ba1,118.99
e4525ea87ab4389f2281f0624fb619cf,118.99
52dec57d26ea560ce974dc4afdfd21eb,118.99
39a31f3ad15691f349f86fb79840b223,118.99
7e7297e4778e198ea50440f10f9a7b07,118.99
ef200b7ad812c7883186f2fb0482ebe0,118.99
c4e871d45f4c081559e8c1773ebe8b15,118.99
d4f95045b6d8e14b9854ca5b2495928b,118.99
9b61c2371cf8ac34ba266a8a62ecdb37,118.99
bdae1c8fe3cb5924d3ffb3f2887d2236,118.99
9e73104400d0ddbc16850901891c7eeb,118.99
1edfcdc4a172cc6fc9e97a8e42ca5071,118.99
1a638e2556f263ac0094533ef5a75586,118.99
8541c88bbd489fe5593ab37fcca9f6bf,118.99
d48405717974e57f6a2037b675eda74d,118.99
dca89b5b50128f24b676e979ba84b882,118.99
4da765d9231dcdd0343372cb7c0aea0c,118.99
9ada2abc4fe3927b36a8eaf290b73d12,118.99
fa2696d264a2306aad3312640b68f088,118.99
1efc9d3e28764888317beabc11686b06,118.99
48c6a2ca13657875d84b5c3b2271fdba,118.99
ea6ba2b2e27f7efea73bdeab7fd6e4a0,118.98
e8afe1d6c042c044ec133bb45239012e,118.98
38fa2c2a1a69a2448ae63b3aced4d39d,118.98
c2685a05ad83cd0ced27766071ea094c,118.96
682fb73a1af141803c7d70c084383dcf,118.91
7f032f61546940d53d5f313527b037bf,118.9
d2cbea7421afe6f57a279a300714603e,118.9
1574c920aca2273ed1f13f060bb93e19,118.9
b5a45c11fcd45758fae4b970ec0697d5,118.9
3c9da03267ca6b753f243c2b23f461ad,118.9
6b56f7501c063a3211e2f762a118bd6c,118.9
b09c81ab868cd4697d3a8b3440ca8f58,118.9
72327e066458a5ea1adca84860de237e,118.9
bf9b3cb8ea02aeb16be6ff36ec6c42ae,118.9
f2c6c566169c1553efc8f55c43a6691b,118.9
732d12b3439d0268aa47b42fddb41110,118.9
5c234e3e80502a9e4ff425d6daa3b8fe,118.9
d2d7f7fc293b9394c24bea4a21d7cf12,118.9
ec47e17cccb7d09149ab2628270be3ee,118.9
9ed469c8d1d0bf9d5a658638d18792ab,118.9
f2c52534beb7f3e34299986eb4950d92,118.9
9a1560da89cf53aec2d573c286ba6957,118.9
fa2ecb119951fe7045f5608dc046ee0f,118.9
1fef69d2c1caa29efde6334f753dc41a,118.9
4d024b48611b802e9b45a04d4476a754,118.9
9126139ff377800a3a1f52b4cc503046,118.9
00e13fc0014cb95fde8d8eb1d3d84195,118.9
f3e31afdae80581be48ce94e7b0f3366,118.9
7332c320bdb473f6e765fee364de7da2,118.9
8fedf7fcd872249e0a37000da08e8070,118.9
cb59dd410e591d5b2ff9247cfb8fbdb7,118.9
a05c1061e47b0b88ad4aff4203ce64d9,118.9
abd5dd25cd27f96cd6d28e440e29c8d5,118.9
834518d4594b0bcb116acbe814f1bc03,118.9
55b1096689f3b208424ce621e1de6607,118.9
14d40d1040dcfb5db5d4cbc12250c76f,118.9
6ee29f2cf8d988f389a2c55b272b2773,118.9
f87aac5df75e3f9313e11992505157c1,118.9
a972cb872aeefad4764efd7b891d212d,118.9
a8ee22949b59be9f25403ffd286d30bb,118.9
98e1b7b12121febe52ac028baaf2901c,118.9
30a24f9ae9b1c9d81ba626ab81dc7e4e,118.9
4ab88f3f6708cda9d5062cca8836b3b3,118.9
d8df48f69b225702b91075434cebbf5c,118.9
8bc28e85d4fd1b9141dbe7aa12ff5dd3,118.9
d41e9bc1221d11912b11187ecb12b86a,118.9
8a89e4273435c16dd1d56d19e7670520,118.9
ac90434fffc6303325c5f0e3f7077131,118.9
87be93f91f5b699bf93d5654b18c05da,118.9
ce53557bd511a76d02ede6787c24773e,118.9
8156312633461c3ae6e53e1df5c03083,118.9
d9ea749aa16d62d68ba87384a95091cc,118.9
35d1d4cb6cb9997376abb3d7e1a97b19,118.9
fa5aaf3631ab1075fcdb95fa8e10cad5,118.9
e8b6e39a1a0c60cf6661a8eaecef524e,118.9
059ad73fd0f5ce04b6875dbe88c3fcf5,118.9
e4edc402dc77c6f89d5862a0c7a8d77f,118.9
05985e0f9bc3426aa52509638f5e7ed0,118.9
bce1676dd0edb9474cba3d3aa9067024,118.9
e5a3520facb20857810f7bc4db5564c1,118.9
bfab3ce69efcd5ed27377833a86bd7e0,118.9
c37e82d43dfbaaf6fc5f7d4afae8a197,118.9
fc39afc06082ea33d82e5c4b4c6e94d5,118.9
4cc039b3cff6bee52ab83a5976066c9e,118.9
7c911ec6b24c9a7080141f46e130a885,118.9
45ba03e2c6bbb5dc48131ba32ec3ae5e,118.9
3002bbb1389e209104f5ab9d42d8b0e2,118.9
742f0bc6c75e25372359345648bec725,118.9
edbb40ab4c8d64be5445fbc8ff340b8f,118.9
0b2db9c611876df5cc5333eb3621bbd3,118.9
07d5cc9ef6daee5c5205f14545476b09,118.9
ae3ce308f85e15bf567f0c3f7ed0c1cb,118.9
36f03f3db6a48c6deab6c46066c7ba1f,118.9
7786e89e083495d8466993cd6b3fde4f,118.9
95462f6d1cb366ce19620fa03dfe0cc4,118.9
6b6432e5ac54b7e774417246c1e9bbde,118.89
8e169211e544065a036c309b0088e87f,118.89
f07241bfd895f4dfc8728bf7753dd0eb,118.89
ed8dced159c9842a1ba5667496d12ae3,118.88
b7d9c5d7fe96cf3ef5172689d74482f9,118.88
3054b6322c7112b56c441d044a5b7033,118.88
cb4c6e7b2011034ef5cbe350af33ef2a,118.82
51e2e34bb7261dfad6cdaedc9f1a4350,118.8
5ae027472694042d139e2f94c763bf2a,118.8
6a43fba0e1828fac3da47806c0c5b1ac,118.8
29311104146295a851adad0aef5acb4c,118.8
8e7d1141a6215378a176dcdabbc6ebe5,118.8
9664823e431e300a215146df1c6282dc,118.8
ef2cb8c0097ad334d5ee2bc8201e7d61,118.8
df82bea0664349eb5b8a7ef73871fc49,118.8
2ecb17e36f928982da214aaae7f2d7aa,118.8
2ca8f68dd5c950c950a65257118cd1dd,118.8
7abc6cfbe8ecbdf83cd1618518cb7cd9,118.8
3c17793e9482dd4a54bdb683410dce5b,118.8
d9c8ac66683b402ce687065e74f90e1d,118.8
ffbce3fb7ec0f4543316155f6d985841,118.8
56c21e2328ef84f850b6d2bca3ffc96b,118.8
48fd5f9b1d184c27ecb32729042a3200,118.8
cd9c0f182b9a7c2946633f7ee5c21cc1,118.8
10804d267da5dd8c39b604a3a21bae90,118.8
6433ca743fd9ea854abe099fc4fcab81,118.8
03204f6fad6975a956d068ef0b8e3f5e,118.8
4ee379d29187f22407bcf61804aa07a2,118.8
07e4d358f855a3b64a52293ba46b0f09,118.8
7ee1519a04932fc747403d9f9a88128c,118.8
d48ba4f85199917958edc58ebcfc4577,118.8
d1bf3d444abdec0ed13480c00638b435,118.75
61cf203eb54db88ac8160700870481de,118.75
978d00c629b3e76bff9f151625ae4f5b,118.75
1f7c9b36c4bfd9aa8a08226240efc406,118.75
c03ff8d52da1e44e7d6eb550e2c0193d,118.75
8dd661c1d64e61ee187f399133e7cff2,118.75
4f5275b5b9a04f7db3aafd2b381726ac,118.75
eb4c67f3bbaa98e8f14aa56e308fdc25,118.75
05a874b660a8cd6552b1f462e033b44a,118.74
6b0f11ac7b20ef2f5f7f975294802cc4,118.74
5b116028bd1f354477b49032b5c31766,118.74
0e6c54c40385920c74542f153754aca6,118.7
b0830fb4747a6c6d20dea0b8c802d7ef,118.7
109bcee36cb1e7470c1c23f6e0199996,118.7
8858442ea4d5dc5bb9e118e8f728095d,118.7
e1b2a251d64316a2e41c4d0693b2f67d,118.7
0ce39cdccf4001adee4ffacaeab5a0b7,118.7
a1834c0ebc51d0c1f1165d4647daffa1,118.7
e2959190c63f7e405ee99e28c372a9b1,118.6
9f11f34a505da57000b47239048b9355,118.6
a9263e516f5a2e8bd612456036ad6f9d,118.6
493d122f612d9b8b7499a1054354ec2c,118.58
657aca054d60a06f7ab9c2c9b6d075de,118.58
f5215fbbc26bdb06f3474d90991abd26,118.58
a95a14821505950abf17a562b31d1bf9,118.58
07eaacc0443dccf0e8ff42b5652a2949,118.58
f6d75d8498810818be46ed80d304c77a,118.58
2188330a60ec2a9c8e9a20c5264c4bfb,118.58
fcc9021730381cecfcc6921f4603de9b,118.56
4ad1e822e74d474a35edfb2cfb76f954,118.54
ccf87313c84aa31965634de45095f410,118.5
068e1b93e18127f5d03e95308211c438,118.5
3f118d3879be515060d11c8f6c2318b1,118.5
8272edd527850ce932066354691eaeee,118.5
754ca6f0a4efa94136ab04789648590e,118.5
07ae5e78d3f125fb413ccd2e37b7206c,118.5
44d096000bce3c7d0edada50dbcda0d8,118.5
a69615e712681532c7abc08e695b466f,118.5
4fffc9aaeef546ab8e5476b4b61e30ec,118.5
5692fbc657396192e5fc13d68909c77a,118.5
2d286468f438650339946ef48c13c971,118.5
1df603a36119050f00614b6f35a2461f,118.5
7c55afb8e947ecdf41349e7eba5469fb,118.5
505e0370f6fa6332751d13b2f8b34030,118.5
55e9ecbda5df3c2ad8a5ac6d6025e62e,118.5
529a4492ff9b10fca8225aae0d65dbe1,118.44
c06f5779dc9ad82cf60b76db2434366c,118.44
e3fc6b36511d2b9aebbb706cc1b613b6,118.44
0d1a3289962f9417f2a736a31c4e7f0c,118.44
fbeb55dc0e4840f633885ce010e07a45,118.44
086eb4bb06e44c9b9fdc153936780990,118.44
2fed51d62875e0db40423d1324c155e8,118.4
a4758d80c0a920904ca586f86360849d,118.39
568d5759e341018b8a9fb7d0aa2d4c25,118.33
2436c5b46db0d157f45742885ea3e8ba,118.25
8ce41433c8bb23c56888753b424423d1,118.13
6805e3b2ee357e4c1e4f03376a7766d5,118.13
dffcdbb73deaa08c8811c4d541c538a2,118.13
bd33f7c7a64e619e46ee0edd5caf74ef,118.13
fc041ede47154c40f55455e20c1a1954,118.13
053577e4537e6b6b68b9f0e929f27d32,118.13
cb1d1ff0489e8f800375a08a8b8fd92b,118.13
3e058e34970eeff2a92b7c5f12ff6cdd,118.13
9b2989700b8108d4c0715892fdf6c5f1,118.0
3db0c6eafbcffcb0396fd03367e7d40b,118.0
9c6803ce255b707253c212649949c383,118.0
ec5b5d7069348dd3284fbeaefc8aa2e4,118.0
ef40e80fda552edf162925de233acbc4,118.0
2538ea304704fbd6be4ffb8f14a0de4b,118.0
120c8df146de37740fbd8d7dee9c0137,118.0
bbbc48c0ead42813a23aaa6904d47df1,118.0
233c9ed49888da67dfd0f03789836dc8,118.0
095e83440b663f60b4fa7b13731f0a04,118.0
fa67ad79c559ad64c2831dfb5103a716,118.0
d1346bb9ea61df1a779d52d1bafeb667,118.0
5574d7d4f5bdc8e1c7cd5d7a1429a333,118.0
1a9d075178c9d34858c1558c56af1018,118.0
1966bcc7091bfb3c656d15de1f2fec01,118.0
0ff24a24edd69d8774270ac863c8e230,118.0
b0a5d29291507b28fdeb2bcdc8141810,118.0
f34f65770fa4ed98ee4adfe53eead50a,118.0
4a961874c6f36b766aa4663a8ad1fba6,118.0
5f6b16b2dae42bcbceb3f79dac11c611,118.0
ecdb04ab71b746dfc341eba4f70fe64f,118.0
a5db63396c747466c11eb00fcaaad855,118.0
830ae12e8094f25ccbcac7f66c713ab8,118.0
3bbc87d35ec2db3f1ac09c6c55ce4d15,118.0
4d0a7b1e096fe2e30e6bd910f348d433,118.0
d1bfb5ee1b4214a9fc72449c13c85477,118.0
de4e13fd7d6469c5ada77d0843c55e42,118.0
bbb6209ec81e15add72706f298fe88e2,118.0
7a2ec550d65ca275353c30ec80a633c0,118.0
6190f465309a075a603b1a6088681910,118.0
bfda6681a4a9cfdb7e8608c0a810b095,118.0
2b832cb2a7115d9c21871ebb461faeae,118.0
419e13cb71b2c3617bc281863c63dbc4,118.0
3469ebe2f9aa5e08f1a85ecf20b549e0,118.0
817050e4884521334171a7eb35f07a6b,118.0
397763187b4a29697d71cacaecef05d8,118.0
a5101092ea733653d877ef1a60d07718,118.0
cd4caa9c8a2fd5517470fe1f3360b969,118.0
a1f05275483aa467edf3f2fac97de790,118.0
2c5231dc7965bc16ec4e2b8dec37cf72,118.0
7ae21bd509e4bd3d0a7a19bd53e4e943,118.0
9c4b8311bc705b6eb654835cec0b3314,118.0
3f80d31744ca18a1d9d917ed02659cd8,118.0
a43feec22398d94452ebb06dba1ff80d,118.0
6520161e793f944073a132d97e9af083,118.0
a2364bcc6f7b38a923af0e7d939ecb0b,118.0
8dfa98c80b5f5c083b784cf0e18b8b0b,118.0
6cc8f025e1b94225a79f478d3bcba65c,118.0
9142192904c10ab30d79a1c1956fd5a2,118.0
c978f2fd46dad1cd91bea65c69607bf9,118.0
2661d4e975b54b735a791f37f8664a95,118.0
8677ca5155e19aea65a4db1be46b6608,118.0
6891f408eff19028a930876c13bdbc05,118.0
941a225471304a6c4d1e3694b7a19220,118.0
ce3557b2b0bf9b7cb6c54af4a2d0babd,118.0
f0cdb2ae79a6b5b952ea78764ab49cea,118.0
7a2bb71483b10a964f33808a1df0bf41,118.0
a6294bead59771e77b2d1839e7b5da0f,118.0
1b2e930fc7821a521be8b5dcffa540e0,118.0
1d3d7b3c6b940ad81e655e4a42f3d5e0,118.0
dd2b7f0078263ec60c5bb1eee112e330,118.0
34cc4171f1653be2c66b278bba591ca3,118.0
14cd3afa052c6df8d15367e0f9394666,118.0
ce330ffe33e3f344ad5a80b8410c1ced,118.0
02e2ee466cf9f38e435864cc86796754,118.0
6522dddae1ca40ec0471a60b213d5eec,118.0
4440d285b7b731e994671b0e4a361cee,118.0
8678ce9bb3f23410f28b6caa0813528a,118.0
e3d0868f17fa3a8e85d68545c1459ecc,118.0
3993b749a25c4197dbdc8d1480547960,118.0
73ff91e90f718f4e4b183053504f0265,118.0
7b0690f706c521d7dbff63f8378fbade,118.0
cc5ee8a4c40090eefb75f6fef70c0041,118.0
5a3bc3042d393b11573b5ef67e6f9a0e,118.0
b8188154ae93a9fa6eec16b491dfcd03,118.0
f9a80227a087e3a2008a73e0b19a54e7,118.0
dbe90c26448a3f8ff01b364f5b1e12a2,118.0
985e6c147cd2d9da9548e8777477c1e4,118.0
7b211e4d56ff38f1b0bdeee347c825a8,118.0
401bfcb03a1c454c6418067ff1622432,118.0
73e6d55cf331c57b5108d5c700d55a25,118.0
800d77bc87900f401bd9109dad6f0d84,118.0
61787c2e0950c809fa994931f878b1b3,118.0
cf514939041cb2b8724a3e685e2bb43b,118.0
275b3e6849178c3b5cb345c6d04a2224,118.0
a0cd4bd67fe4b4ce0a75fc0e5defebf8,118.0
e906aee1bf8dd79223b37962aeb472f0,118.0
8f58d7c28536aa0c57af57516f3dad12,118.0
d7e0da248b18797a956c511842bc4346,118.0
ab33d614535376ac075ef3f164f9bda7,118.0
8baba35b56c3e5c2e80183e5def5e364,118.0
af34d22284fae5b9e2fde31b48a6966c,118.0
eab8d39b5241abcb22eebeca69547491,118.0
4700d67caf6d4f7e9bf60d730cac3c69,118.0
49b7fd265ca45534e3dd6d165a1fbd33,118.0
4839cfebf48d099e750ea7f2839043a8,118.0
8f883e53bf1f50f31bc9e2f4fb8c980d,118.0
a441c76bdc95aee0610d80ad242f00cc,118.0
f066a97261ba582454937cdc723591a4,118.0
87ebe28d6ac91b1fdc8c272f17d069c1,118.0
6b0741b9cab6fa1a27692db25bb28610,118.0
b8d96d8d84e39605b6eea85eda6b080e,118.0
f3383234c4a4f61a985c74817ca24b15,118.0
084f8966676243f13f2a22193b9605ce,118.0
3ce2aed29f86a6e0051d5dbe89c0306c,118.0
88891fdcc43f37bf275ecdf1461982af,118.0
bd075a9e60df7474943e430c2f5f61f5,118.0
ca825b3898a4679cb0b6be754c778310,118.0
c91b4e8ba054b6bd242bb17bcf7913bb,118.0
474779cb02e6b3c09fbdd2d66b64422f,118.0
d11607a99ce16b1b68b44b901891eb2c,118.0
31eabee6e1edc94e8fe685de329a97a3,118.0
71fa23a1c02f3750da18c91a830abd5d,118.0
2637273adde13fa6a555c43b4fbdba6e,118.0
e54367d4b00c5cb76d2dfe71b9bdb89c,118.0
668e11820ada44a1b6cbf090995bee1f,118.0
5183ebec380dce5c4d15954fa170301e,118.0
f91eebf1785e5d5b951bbac6f52b7956,117.99
2a888c1244dc79321e00770c3b56268e,117.99
1d139dfd11131883fc327f6757390ce8,117.99
3dc5b3bd7190f4a9617a3618e30e60e0,117.99
761887d4eaa53dab3cd2ea6f88dd7b82,117.99
2d90e2af0254c36c6a60ca45c25ecbc3,117.99
4a090bc0cc777184ea3be03e5ebe2d97,117.99
f827db552458fc2b80161396a6e0e53c,117.99
7c3845c3247034b68ef859c912cec03e,117.99
ee393ae9eb936e1c6b67cf63937a1c19,117.99
bc3a128978496fe909da4bf3a2ec009d,117.99
8dc521d271787249d2b4ee3976db97be,117.99
5a4fde7d0bc3c7d2f83e49ea99d2cae3,117.99
f443e0967a2925875bb575516857ca09,117.99
7311c29202fefce5535fba58232fb2c0,117.99
32a3ada5122db707af954598a05fb6f1,117.99
336b03d1c4945f8cc9071cac87f18c4c,117.99
0bc0e9e36ef7cc3a227078978ea75d43,117.99
ee88732c377e0bfe78e70b7e42cfbc26,117.99
1676f6b6f385955ca08fc58604321eeb,117.99
da297e6f31e3913b72304bccba8f9436,117.99
526309529ffe0014a0638effb87237a4,117.99
4cc0e56158e69205fb2525a064f03313,117.99
a2ea4efad2c2da38b23965947c541fb6,117.99
e376bf13c93e5b5d6a35d7d958dc5feb,117.99
f718a2c31336e1bd948bf62c2424ff62,117.98
957b5e85d727127eaec47b49fcdba8a6,117.98
de6707c64119c18cc15bb87e70cafe58,117.98
901fa7395cd19913092d88c3d263b157,117.98
8046ddcfc0a7eda6cf7cefaebbfd7efd,117.98
67724c4b3d1d79a671c7a9615bc0f910,117.98
5224cca00cc6574164a987220d88cd1e,117.97
2f8d38e4205fb38a567ae52311787f77,117.9
b1d1ede48fb8245ecb50d744ecd46068,117.9
248dd234449ae68be3b93a1eba9ff33f,117.9
c35e714e688d2f434b7955d195b1753e,117.9
89033ba7998b37943b20c5cb686c932c,117.9
c88f43e6c3194c2d966354b7ad47de53,117.9
6c9de7274450f72bc4fb8d28f629ef4b,117.9
2818329e7e6a36bf743c1ff39728cce7,117.9
8e3cc780250f03dc790d7f185c6c60c9,117.9
308800cb1d6dd4e3d0a89f43d8fa44c7,117.9
d2b04b539a76356659d3e534c5a51ff5,117.9
fcb084dadc25471f119e59cfe794aa99,117.9
fe4a5493fd7197b7bf81a1545e21bdf5,117.9
e29d4a9b3752f678bb51f01ca73cecc0,117.9
3b818809cf714a9cd6b073c51f17fa31,117.9
5612aa60cdbbd8e9d89ae0c409080375,117.9
3add380b09c3af8adff762b842564451,117.9
7e1936a6225e2de4e07205ba49dc7de7,117.9
fec7eb5a3ebadfaf3ba391d8edf838bc,117.9
4d3280f2dbfc1d6b631448e986a0123d,117.9
afa35cd648263a2b82ca9fc2473d21b6,117.9
02f5e5dbe44491de10d095ac98567ad5,117.9
72a03d436c15b5093f8d9022b8fea8e6,117.9
fb2d636172641ecf88b206885b89d7f6,117.9
01cc8550598fb6140923843e6c06326e,117.89
ec8622d7f25a5dd7c86068d56006831f,117.87
547b5b32ae43c9578237a9a8ed03baf2,117.87
9958b0dbac8db6f853f419d14b29f201,117.87
6b9ee4546cd2f41bea3fcdaf318d04b7,117.84
68bf428bd03e9aef02dfbe4e8b437c60,117.8
a971ad3dd2bb014f351fdc75305597b9,117.8
d30a15613f4863ea6c94c671db37a27a,117.8
0a29abf475fb8039d2775913d6f0b6f0,117.8
dfac69a327ba24dac0d50fb8b12ef48f,117.8
7ba776dc90132ed69a93b16c4c9b96b3,117.8
3597ba3579c46b170518b6cdb8e21b58,117.8
834fbe386c3ff163d252b37b5487e118,117.8
3d5cd39f5aa33e0077c536f553f3038c,117.8
8759f0e1690709a4a2cef84fa08aee63,117.8
3699fa49d2f6ad3f0b7fe0f869c5ec3b,117.8
d0e4f160644f57b688d874bcf1fde14c,117.8
602d4393e0e91f3301fee354903df2f9,117.8
eacf93d5618971d7871e78e53bc4d24d,117.8
d362c44ef783284c2c521f62339affe1,117.8
4266afca0c5320ef5a9ea1e12fe55b69,117.8
e9ca879579f4bf6379cc71a0f0d10c2f,117.8
a38d868a3f9c5489968a012d9dbc60a2,117.8
e1080516c2611434061a6043ae2ae9b1,117.8
7d23731c0ce56e95295ae135272ad451,117.8
c06c73edf44216cf56cd985217e2207d,117.8
96efbc1381c27947f08c41d1466a224f,117.8
4b8ec382a3340d72b97b13d1fd19281a,117.8
1fcab6511187a5fa06953d7c28afe307,117.8
d87f631065d2fcf938c7baedf2299bda,117.8
3a5a1d3cc48339dcf5da97cb1e09a031,117.8
df8e606f235ed6eab5df099fefc1e4c5,117.8
7f96b51dcac1bbce7f6311b6688f70c4,117.79
38efc316910029abb94b32e27de7bd11,117.79
ffc18c67e76fe18432856ef05b0b5edd,117.79
7f3b3521f54bc529e7b6f13644b3c352,117.79
787c8dad81798b72c5ae7d0ed526192e,117.7
b21059cdf9f6d2abdec2bf4aa108e454,117.7
19d3b3a2d4756af17603e2c35c7c2815,117.7
37955c5c4ea9ed8cdb555c4743e00d0c,117.7
93d7e029a39295f3bc9b3c272365332e,117.7
c4c3372671aab4ba29e3e410ed8fc5e3,117.7
68b315ac209c92f15ec1f364f5d45e67,117.7
ee04dd46d48e1dffe76ca651a89bd83e,117.7
116fe32b6383353fec1eea7775c1ab25,117.7
c9729b100379c44cff2f36b45708e1c9,117.7
fef6c42a548fafc4067121c4aec427dc,117.7
b1dc05bae2f03544e45370080331bf07,117.7
a2597633321517c172f7c85e1402a394,117.7
2625bfe2272090a61821551e909c2aae,117.7
93235e8f5e5eabc3b0cd61787f5a3f5a,117.7
95512e0ed7a522e627582ef07f02a3b7,117.7
c11fa7875b229cc8087f67a0c3bfa230,117.6
f7bb2bdedb9ab81a2024550cf078a763,117.6
5c666fa03ba6450edbc6a15bf7c5e6d9,117.6
5f6c856f7e717fe8dad4c19ba6b61947,117.56
5e0ab02d8c43402944f39559568c9c71,117.5
4be55781e1b8b6ba44bc3d19e1f0dc79,117.5
cbe8003425467af7afa45b8dbd84512e,117.5
c4da03f92024bc6f58a152fc2160242f,117.5
ced30a21aa4f7c12391d0f86fd9f8858,117.49
25da2fe41a3784f15e6863b462af834e,117.48
7cfb0a73dcdd12e435a0f51414aa3e07,117.48
2846f353d08aedca3393a089ef1e3841,117.47
0ff3980848cdbed5d9bd38be1f59e40a,117.47
14c720f7ac4e21376dd311697d40175a,117.47
5de1213d6fb211f90eb5ddc0ba3b2ed1,117.4
a4f62308cb3b14b2d96d0df26b8f00a9,117.4
51b884d48be20f54afbeeeaebdcf8f0a,117.4
981dc5e9b0855c9d17f0819bb3c4f27e,117.4
fbdea18ec346682a0dd7c542c56e74ff,117.4
4d0c84801ed90639fddede4c7106a10f,117.4
cb42e9b62886938ce8d9bd209bc68d09,117.4
317328626c2de05ddc3fac2d737fffdf,117.4
bc70e8fd63f5af6fc034171eb6dd238d,117.4
53aeae0670660794fb7cccbb841ed823,117.4
ef70585eef557ba48b24ea28f74726e4,117.4
d9d16bdf58eb3782f9f4fe2c2920ebf8,117.4
0145ffd2fcca22ddeebbcd95f7ad890e,117.34
c6abdd60ec2989429e4fe559248e0089,117.33
565ef96c8b329e91ee596508371be62a,117.3
d6815b79026dc1c07be2648bad010e80,117.3
442b1ea2036e73e62d354d7a71dbe075,117.3
d7167d6d21d5201411121195fbe953af,117.3
147a1a4a05130bcd2cc5bfccf54c753c,117.3
d022cc2c5b40e84f1c19866f337c7a68,117.3
fb0d7f836d199425d6c6487df27498a2,117.3
c184792ba26c79ad55391b8ba5144427,117.3
0eac9f4329a924e1289b5451e1a0f683,117.3
b29530aa87c9b50aabb396553fdfb92c,117.3
6dbfd9328ccb198afa6b9814b47ddcd7,117.3
d663f3d2620ac39c3fcbafebccf8f166,117.3
228c59498b2c59fbb8da02a05fa8d24a,117.3
cafc7ca677c700a6cd857bfc9a1d68ed,117.3
2481f2274a2e24e642d601abce57618d,117.3
edd1ecdbe06a18e4d396ad758d6d548c,117.3
85646399bf7dc160e458a28fc6ec2b0f,117.3
552e7e9f0ce56bed382db0b069220cdf,117.3
795d422b2ade245ce926a14fde928c6a,117.3
10af370476c83fd83030e8c170e52466,117.3
8d06dd8f9117ba262ab97e50812b42fd,117.3
b983824b3480c61718c5664ebdcdf20e,117.3
fa40fedf7b0da81df42137652bc3a25a,117.3
a67bd626be8c12cfdf6ef7bd9bb92384,117.3
0813bcd454657bb8511c54f0c95ca36a,117.3
91401b6902c2d084a9a8f077fde8c060,117.3
755d3504d6232a8d77674278edce1df9,117.3
0792343f0465acf2c7aee7e4fce852d8,117.3
7192fde393370533066e4d30403b3562,117.3
c0dc942054a88df8c95158fe2667bb12,117.3
558db5ecbdc2c47fa8b3f8ae3b8a0453,117.3
7424e35f9a06608fb644ebd037fabb76,117.3
ac555867e2c10ce2caa5b945ce5d3e9a,117.3
a2e8d1cddde94bd28498e3fe782f3fea,117.3
10040f52d3ff7967bd8f5e08b3a38e22,117.3
18f5a381ca2dbd572c82906dd141edf7,117.3
bf1b0c82d25e07c1c4ce59c3b6033648,117.3
2cac6eb6144175d59831ef26dd8a7cff,117.3
117f0e86c5ec654ec54339df2be13588,117.3
b46f11e377a570f09af36515191b1c1e,117.3
77adec624e36e65c0a3af52452b21b12,117.3
dab046e9e5817b2f04b357b4fbb9fafc,117.3
0237d2fa2b48e6fe5e53c09fc74a5cda,117.3
dce4e5a6bad0519b5c92cd5c4bc880d5,117.3
c26a54d3ceaafdeb3b5e6c366399e74c,117.3
25256c3e90f841977e14eb23b2f9b66c,117.3
d78d9586e8895b302072d5438ae4fbf3,117.3
8c0371d9a7330d609cb2b0f9781183d0,117.3
b979596558efa43dcff98d4dd4706d1a,117.3
22eb8142d6313bab19fa6c657170ae6b,117.3
767b09e5fa23303a2f8b5e26f06c2f18,117.3
8fc770c599b24a6353628d32cd069285,117.3
4ac6f2035a88ae9b22379d9406d82bee,117.3
dc9c296548c6cb9a05e941ca6dafc722,117.3
e2f3525eb4bea9de848fd11d7605bed3,117.3
99d7e99012dd19810914beb36a28d97b,117.3
b80adce6a72fc096b80a540312a24a95,117.3
ec05a6d8558c6455f0cbbd8a420ad34f,117.3
cebb25bccadd1098bb5f90c345cf3125,117.3
86eb66aea288968834097d5e96d2742b,117.3
d3e737a1ccfc3920c35aedef87728de0,117.3
83a087d99ce9ccfbb2a77ba78b165c2d,117.3
c8e10b3d0cf55d6c7a181d80b7e7e064,117.3
99a0025b7ffeb94cdc8b13344e0fbf0b,117.3
bfb4818d76854787283fd72c7b5f84f8,117.3
4233f25ca89c268e03b0f3b87f767f9e,117.3
26d283dae44fbc9eee874cecca589853,117.3
8f99d406f72a8339a5507e598bb187de,117.3
f17d78694d6fe86ff72d43ff3c9db2cb,117.3
81e59183c23c411880fcbdcb19637687,117.3
06b74967617d6e12688e779fdc1a580c,117.3
ec5070ce37f15962fdad5190d11a7f50,117.3
f55f28031bc974b2749c7cda16af0492,117.3
428e53086b257c10986247109dbcdad9,117.3
3788697003cd9ef9eac8cb4ae3aa0049,117.3
e1882244530a2b9f1895601ab63ecc6d,117.1
927d6e7701e11654a585a2dc56cb4c23,117.1
4e029eafee6a6d9f742887ab3ee01f7a,117.0
ece9fb6661a1dc0cd93f5f8c9cf13b83,117.0
0300bfbf1ddf99a37c01bd52639e40d6,117.0
9e31165fcca754ee7694d99cf65ef8bc,117.0
648deadcf7c258c1a06ac5f17064280e,117.0
e139948a02a65f3d63dca4169cd990b8,117.0
e7277a1754c3ea5a86f83ede09db9c91,117.0
c5cb6707ec7496b205b38c522ca44bcf,117.0
bd5c3a196a27361936b5ff684b567570,117.0
cd0fd4a64915d508f069b0b5d612ac5d,117.0
73e2839af8f94a849650a03aa0f61672,117.0
a30be38e1ed0ffb39b318bf1d15e98d9,117.0
a48acf545fc196fe1a22e67ba443504e,117.0
743d09c3410c2e7088407bbbe9765333,117.0
f927dbcf7a40dc8cdcdac6cbbf1d5569,117.0
03490c0fe2173f4c187a6ba6d3cd5eb4,117.0
5957d9ae822bcbe88c00fb8286362339,117.0
2d12c6935dea7173e8c94c416ef44ed1,117.0
09ac864dd74dde088017581dc9353ac9,117.0
92ac3fb7d7452e72343e49885a19368c,117.0
eeb36d1d96fa3dbeb4643467f94fd6f0,117.0
56de1e86668961e5442c922e3762b620,117.0
2440e73a8c1590de0389cf3eb7d24db0,117.0
196b1744b9b46f66568356e20ab4a968,117.0
98999b0297379e3d3546368b6b8910fc,117.0
90691f44f0b9da297fe03485feb295b6,117.0
3a3967691d56a8d93256a5eb0c541e19,117.0
00618f4116647066768ca73893989605,117.0
aa98b0ee899c4f787d88f11b88b50fc2,117.0
201c90f4f548f6ac85f821578528b42d,117.0
342edd62bf443f87606934280617cbc8,117.0
fd0050cfc15a4a9bb1f1bd0605bf5329,117.0
3a6968ced25621f86fc2ad61f2eb90e8,117.0
d011da4dd1619f32921e31835e194ec6,117.0
6d24ca895515505509363d06fb82da79,117.0
d33f0173f7ab50bf28aa228acf9d5688,117.0
2a4731bf63376d5aa8ea1489e975f82b,117.0
ef0c90c78491a13867492aee7889c2de,117.0
0595b78f035ba66c697b15dc3f2dde04,117.0
1f465a9c67eae2c93ea1dd105785b9a6,117.0
d967389f3d0d075ea2c49648eafa825c,117.0
9f1fed9d7e1e7cad76305ddd58f21815,117.0
5f870c404cc888022b6366af6219fbb7,117.0
b8c060a4856dc6ff0c09194202aeca51,117.0
7d4bcc989710ee664b406819ce808a90,117.0
ab8c266dae1e5c8476510ef4dbe61890,117.0
eb1489020fbe59b3e535fb980f36da3f,117.0
27d1cf404f0460a10612b45cee7f8821,117.0
e9b6597fda522c706bc8a4eb98a97739,116.99
3b5308a70b947b88e93dd3667d4f7658,116.99
db263d191d50a3d0cd4d10864b963d37,116.99
a7bca92dd19ae1068ad6d0bd6fa44b8c,116.99
c49bec5f74f0413130abdaed8e7621d0,116.99
7e2d8e10c5c9339ad1492ad76452465f,116.99
90714b0e62fe1fbd304fb45fd644ebdd,116.99
ac318397fb90e64c9a724a3fc61ef587,116.99
681d7dfe5f983f08c143d27993778094,116.99
757e97e4e32706056016218be472a543,116.99
5b508d1f148be57556421745c0eacd4f,116.99
545b9a267af9ba134305649a5a51af74,116.99
ec70d161cd95ea2fb9be51c71807be76,116.99
01885ec83523a343957047b0c6fa830a,116.99
f91eb13e253823f25cf9a20fc2d08f56,116.99
6f184d7d532e2a9a95836af25a732594,116.99
d57a2dc04faae9e680626bda0a161217,116.99
645d4fd3f4546d7c9592576665711186,116.99
ac029fb2521706b5dd55cf95b4bf0c18,116.99
1c37c0f0cd1d88d46d9fc9494762abbd,116.99
3e0d8ba42bd54ca581b2a8370558737f,116.99
e513cce67aa359a6097870e23e73c2e2,116.99
3d611418d3317f83cc72fa55120c25a8,116.99
6e48d7670ed33717bfa54a210ca49c35,116.99
11eee0e62a0b905cf878ff13c8aec4a0,116.99
21745c90452f6b949ca4be4112d7de47,116.98
2efa228413723f2cb74177fbe013df47,116.97
4af27ef16391994086f52893df7af6ce,116.94
00efb24cd00f8eda8e85e3c3e0f2eb66,116.94
51293a462a75bbaa62b024a7da9e068a,116.94
8cd433d9c98ec34854fbb512c88a589c,116.94
b3570672c35f5c87ed4f61c7419a411f,116.94
729c8b439dc4d69353f36eb3c4099c14,116.92
abd7ad911ae4873b985373889e5ba60a,116.92
75d17019a57646759d0be1aa12226164,116.91
2665837f940fca108d0ae157730f5756,116.91
6fc2f5ad517b6d8f74b12e58397f6615,116.91
b4dcf54049cbb1e84bf9600d74ce8615,116.91
ebfe7f31f9c0f96c6e0ce986e77a1359,116.91
f253cdb921536ec2a9ff9a11cab13aea,116.9
7077cffa9bdf93c44da47143517b6a7b,116.9
7d08f025c28db259763efb79171d7fbe,116.9
caffbdf4d70c0457c26b7f2c62c1fa8a,116.9
b88b46011ba920177266af7a03a3496e,116.9
fb6f8e0cb2c65dfada05252697877460,116.9
ba38e5ec36f3677053ab9909ce2f1b5c,116.9
eb1992e3905f9f9085b031e36b98e4dc,116.9
e3f00fa1b62f66c2a2165901f56e7be5,116.9
1969cdc47033bdbeaf28db2ee4767fb4,116.9
ed3dc6d3a1e46e631a61cf76894b41cb,116.9
b93a09d7bed0875933bab5ae8f928e89,116.9
cc08e0f57bfd0c838ec360bf18a43ff0,116.9
8dac7b837322f0519cab6ee542842cd7,116.9
5e1dbbe153c43c9a400ca2f548ac2db6,116.9
764c697264e9c98080259f8640b5c49e,116.9
35cc89fc7a4a108e58af6d20943348d6,116.9
049ba78b6885e453786b80828dde6d34,116.9
58d2f3b85809a877b7a268be30871cc3,116.9
76e17b3467f6f930eaa9a1ce94ecf27a,116.9
7154084ce152d55bcf5cb7f27e265f61,116.9
f07050b4d39b333b0181b6dc9d01c593,116.9
b3748b59b5f937fbe6e7c111a06e9476,116.9
eb729faa993caad20442243265804a7c,116.9
e4c5fd57c6efa79a60ee5feb51d5c448,116.9
b68f0151da6430c27ff22bbc6752916e,116.9
533403681c5beb718b40ea289fa04a2e,116.9
49ae4f11985c8607233f9246531eb284,116.9
761758764dc7c261c60b7ab6455173fc,116.9
3b8f54691f57c3da431d79aa017232dd,116.9
b7b3b2f3efeac8ea7fbac0b84422829a,116.9
bc1da7d14aaf6f4d7f7f8ab57c507814,116.9
bb4d4bc4ae2ade2dfb029a85170842c3,116.9
fad69355802964d3c508ebd4f5db9b3c,116.9
041c0e4484d223d63bae84fad54c516c,116.9
22d4cd71071d2d6030648eb12c3036ea,116.9
2cda6ebc70f0a9119ac4b8dcee2fa730,116.9
1c313644539885b31f092e52cb156d88,116.9
52c3ac2dfd7f5cf22a3c521ef11dafc7,116.9
46fb8cff647939aaf32c4ab5be554501,116.9
cecbbfebf3d0f81403e8a660faa0e43b,116.9
9332fab6aa1e64633f8da103639d51ef,116.9
ebdb315fd2bb81221a59d02115a78c05,116.9
7411ed38e0610456949ec3dcdc833c59,116.9
fd07236975eca474cd2ecd2bbd7f8e7e,116.9
ab78499b2e8cce30443e32123634ec98,116.9
124ad1a02952811749ff9285b5e0a5c3,116.9
574991f8027e5776efdeab8cf4c67c92,116.9
f7200667802fa98c58b8110f7191bcee,116.9
5780a168faf734b101f279f284e6899d,116.9
1b338293f35549b5e480b9a3d7bbf3cd,116.9
4427125d8551590623a0e4dbbb2e25ff,116.9
4f2dfeb959a2433ea55a19d655c41f00,116.9
6a2f487e008af5e5bd31858f7a1dc554,116.9
e0e5bac5bb3c53c8d9a91aa09b3edbef,116.9
ff83b1b9ffb0f2f60273867bb26f671e,116.9
6102d1227aa240ac837720636f7e914a,116.9
1ce01b4208f3a8fafc6f8aa0f413189a,116.9
390998295b49e0086703894e31d9e512,116.9
3a7e4bf43167782e1eb101439f668dad,116.9
20ce0356347a051b0c6dc9bde6edaec3,116.89
d1b1ef27bb2fbdeedc8823febfcc4072,116.89
9be1244cf16143395690e41538d5d1f7,116.89
9170c751a78f8727112ac634f6897f83,116.85
828db65d844ec784bcaf78ccfa9e51ef,116.8
14d6fbd0e24a806c339738b8f3801e0a,116.8
81fbbce08531c4ba0446abd69996acc3,116.77
5d98089e5b495cf96ac62909325ecbf8,116.7
12d1b4f01a98d5300ce2b471a0190721,116.7
7b6ad38e2915f65673cc3068c660dfd1,116.7
faff7a9ebd3cf671ce836dc47a1daec2,116.6
04932ff700030fe6c723a32ed80bc2ad,116.6
ff8d16a27756dee8602746a20cf0cf8a,116.6
bac464f01bcd5392fac6594ee003f262,116.6
7e3b9e64bd08115ec6f24b521207ebd6,116.6
2bd2e5383324dceb79bfd76eb580e1bb,116.6
8ef0a1cf31ce44185f0ee98fd976ef70,116.6
357c3f43a28dfb459f87e0ddd599f0bb,116.6
e13f0595c0edc8ae259273e9dce3e6b8,116.6
c41577db6be598c85be04a2d94c3a8eb,116.6
f331d7107cb44545ffb4c8d23339f797,116.6
b304102fa191d9d47af8c2fd5429387c,116.6
28fc063939dc4777a226f3444553bae8,116.6
4d4135b164ea5e50fe064ab636bc8833,116.6
549dc007a724ed911d3dd15410a54618,116.6
f19594245ba83aaf403455a6c1bc5814,116.6
c3871af99ea3349c2a10e07e1185dfbe,116.6
92b0f411a55161c19c8001f8ec75dffb,116.6
a212a6ed52c9cc7ec1c4aad6bc66f546,116.6
fc105fb8764574f55866fa877934c978,116.6
751dbc90791ddaeead2e309fcca2f009,116.59
a5ce07bfa76c3a52de8813b4666d87d7,116.59
519006a9906e15e8141109ff81be9365,116.59
7eb3777da7278563df91c47dbb6eca9a,116.59
884f01ad93a91d7ecabf32bf1cf7ba6b,116.59
00624707c8556199de70cac1593e7088,116.5
ca6fe18d9474b6e6bd41278ca47b19cf,116.5
36e34bda9665446a115a9d92af07ef16,116.5
c7432c6d237ffd6aa36a007b4237ec38,116.5
b0d59207d44937209cca2887ab613f5b,116.5
274954aa98c367e4f6753f89f6374c1e,116.4
acfa4046c3a1b729f29bf47e05d12717,116.4
a966dd3a971b4fcf59e306593c595e0a,116.4
6a14af2b3f7f1c51d9e69d5a5171898c,116.4
c46b80a1d5e25ac1e32520e9b70ded53,116.36
e3aa1c67a121b160fd71fa74ff43591a,116.33
2a55c5a6ff0c2eaed117aece47856094,116.3
793cedb8195559c0baac76414a3fd0de,116.25
2b3c93b880505c1bbc5b3de1dd0ace3d,116.25
884fd013ac3c2168d3ecfce9752a5c6c,116.25
1a9e43268e5d612e8f5794dfc526c0da,116.25
c0814b694253f313e356c161e26f36f1,116.11
b25ba2604840f157c99b2bfe3f6c7de5,116.1
211175e4201bbe5eb654b222cbc1c582,116.1
e55f78dcdbfeba4a7578affac35e4889,116.1
7eb04a79ce864d7e123251dba21c1fa8,116.04
62b62fa001db361113dda20e678cf596,116.04
ea3985a57e4a42204cfb13b4ee2ed742,116.0
f16d750c9405cda886db8c3c60dc00e0,116.0
008871f261eb4390ca7a1ded607ea417,116.0
a5dceb0a120a9b028d3d4582422ad480,116.0
c1ed0011c6dad3c9e564857d87939d62,116.0
32ef00faaec28f844c83dd9856d67177,116.0
5f178138c04080d46e3dfe3852442835,116.0
1c41109ed8f74a322ea436af44c6c03f,116.0
90c5c0ff339811cdbf13a8a618821c68,116.0
0e780f8a6ffb6bb7e2ea528945da7222,116.0
c1668d67ed2fc31300b5c2e60a709111,116.0
022bdd440f8a37e8ba62d67287135a75,116.0
6d1656cef2fba3826f10f1abb11bfd44,116.0
c059e9c054e8b1d94fc946fa5fe0973f,116.0
c87d1af106a3124ab0388c705633d546,116.0
46041410953120973322e8f5f2faad72,116.0
2b6c4b1ee772f4932d7e85d6bbc64363,116.0
429fca1f0c86d8e8e7974c121da7ae32,116.0
48911e9294217f3585fe97d3fe278e0c,116.0
81aef10a9af8f93cbfbf20e884277260,116.0
43b3c8f820df2026770022a559063a4b,116.0
9484e4e49e1711abe997984a89cb4f1e,116.0
28135fbf5e6fc1254fd50aafee7b02b0,116.0
55bc795c4aa5be0c07116dcadad77766,116.0
53504e565bf762a9157894029b9ae3e2,116.0
3d276542cf8bf4318da2597f419334a2,116.0
aa86a2174dde0b98dce3fab52890ca9b,116.0
954ca919bf6a26d087d71c2b5afc83db,116.0
d3e12a8123b74f8e02ad1200dafa4938,116.0
40ddde594ee634dc7553a1db8c39275e,116.0
aa1922a8ba370a11a86c1ad869c9f370,116.0
91d841ea125f1269b749841f34350972,116.0
0ec5c18a4b6f9da0e3ca912e19bd010c,116.0
0b82ef8137cfb5f47ebcc41131c03663,116.0
55cfce346990f14b5afce1b2a79cbbf7,116.0
6efdefc87ef0d5271d966d614a835854,116.0
b47bc65b0868e4d9d38891686c30d68d,116.0
904a7071bc6fff469bf6c0ae74017a7b,116.0
a7ae8cfbb255712ae4be978b7bfab901,116.0
efacbeaf5e411d722010d0b8a4ba859a,116.0
e10e6a77a6eae703e39fd0fe6e453315,116.0
d668b4669c35ad98b21bfb74d346f79c,116.0
4f782c510387133d5a6b81769bb3c8b4,116.0
94caa280131f94e91f17a852f03b199f,116.0
59543fe66c27b7ef5544499592f5d133,115.99
ad431c9c10552fa9a09d9c42bbb4c49d,115.99
0eb240afc0258746140d3a40a3da3e49,115.99
ce22b5ca740e6df7f82584b00580f446,115.99
b84cb4040b31f3a096842f90baa6523c,115.99
25bb25c747ecbfb534372b672a0e859b,115.99
886372b4fafa82404226c837b1265e4e,115.99
5a2b23be20dfea17c372aa13e6d27272,115.99
0b8dc09e81f7b523bc035c545cd46c4b,115.99
4a958cac8a69ccf43953b9309bf8b762,115.99
1e919c04beaee802f45cbffd7ec05e8d,115.99
dad9a50539fce2aeef790bed141257ea,115.99
78835fb843c5c1e2cb0ec92ae4ecd8b5,115.99
a7077339054de9a29d5d10d1e4dc185c,115.99
d88e09419b67d9e3b3870edcec90b34a,115.99
27b92af871454eb6f98be0145d9523d3,115.99
7caa5362ac872713eacfd3623751ce90,115.99
45aab0fbaef47a2e442d11e935033bf7,115.99
039e439f9f8a9601b617aaf7168202fd,115.99
bd4c91149540cc1420e2bdead839f3cc,115.99
193649c4be7eb6195c1e365ff77d0eca,115.99
430218dc35f3cce79873eed8dcac9059,115.99
63d14a19ab8e783063d0133f2bfd2fa6,115.99
64c593174237d13ee273bca8f9fccf06,115.99
57e517de95c05f0ea21bfe6d91e09f69,115.99
9940cbdd25ceb1df05d4c96d33ead9e4,115.99
81ed477e10452817996fe3602e75b3cb,115.98
aea25e66618809a200e86b82ab569218,115.98
3f1e96120f5415b83f1e64df55d20608,115.98
6581e6614c22fd8ed4a13184e0c1140e,115.97
a7b3bd7ba727dae2bc4a68b78b7a7c64,115.97
b8ec04c8a20aa6136b207e84ec12593f,115.96
a04b42b4fd7b36ef879752176cd57557,115.96
c9d1fb28967e8e78d71aa54853d56306,115.96
c77434d6053c5868ed0b00c388bcacf2,115.92
75a30ffc2fc334116e690421e357abf7,115.9
d55a3f55879da02a6ee51d6b615a2200,115.9
738071368b2af5dbdf5c7b487426cf02,115.9
6f40a2defdd5b7721f83ea57d31f3007,115.9
2fedecfd993b8b3fa889d00eee230748,115.9
22730a84263075f8daa82815f391c2d7,115.9
a137da3b1f385fb488aed49363cce694,115.9
0127d98d4a7e205081ddac271d6b8e52,115.9
3917cd13f3dd7d8b6124ce56f00e88ae,115.9
2d7eb08353ddc40b714bff05e00c0454,115.9
bd33c2c896c5ff73c205660af316b420,115.9
a7132a5c7513a9e1922019bc2812a6cf,115.9
d2c218bda8ec8cab8e5d1930408fe95b,115.9
fe467cb0cabde021ce57f8c11899dcc7,115.9
bba03ef582638ab9f9c9b38eb0392daf,115.9
981088d1bfaf97ed45f12bee74a60987,115.9
c155fc0c74e24ef74f2f62258b8c4bbc,115.9
f26d58fcd47c90dcb5e0e03bd137051e,115.9
b439bb683cdd9fc9d186580be712d83e,115.9
80bdf2f0a0f516837cd3387d82fdf5c5,115.9
7113efb0ff417de3c22fc3dec35f5b3c,115.9
cb275ec0b2b788d7c59b92ba9bac692e,115.9
371a0b0c0241c4bc3e82a5e96bae20a2,115.9
4e9f5e6a684de0e52a322243f0a00b51,115.9
9e805c4826699827157bef24eeb29bcc,115.9
5f4c2b06e4db0121530536d6b4675b40,115.9
3c720a2a22c2eba7ff0d538c9bcf192c,115.9
e3a182605f44b8088ba5b79806785e67,115.9
28026498023f3d6b3d8167d07ba85cdd,115.9
1e226b035e0cf954ea0b6772d939b470,115.9
5133dfd79e71fc9244e60dde0bb6229a,115.9
9cff91a0f964e7ce2aeefc58df39d4e3,115.9
818c378ba7cd2f369e62b855795e8392,115.9
a78942ba5a90814c22285fa5d6774613,115.9
b8fc812e855c57f9756b7ec1df9238a1,115.9
20956707b97a897f9bde96e8614a5922,115.89
e927a26f459f582dd23bd6a8e55d623b,115.87
e463521fa7e004e4fbe2ef5c999d8d87,115.8
8d93e2d1c38fc141ea216ea1be10f710,115.8
bbc8c12f7afeba03337723117f0a6f3e,115.8
124c44d3e546ebc14b1f480ac4cec398,115.8
64b165e5ed669f951fa9cd4935dea461,115.8
ca2dc7d40c6aca30553ce1c68a0a1d4a,115.78
adc7e176b64463912b51e3ea74c2a390,115.74
5d43a0a7bc4fc42a39f0d83b643a76b6,115.7
e1f1a6e71d316439cc80fde0b1009230,115.7
a8876ecd91fd22bc8b420c9a4be69955,115.52
6b9aa554bd8240e377eb1aca688e6e39,115.52
1b997f96d4a6c4fb19c633328b8706da,115.52
b23a7016d4fd101086156fd5c5b0bc6d,115.5
975ba3a74e5c88391c411030324032c6,115.5
bafd5bb3556a332b43ddf07f6a97750b,115.44
96b4bb6bce80210c56debbb88e44f8df,115.35
18f279a61d8165f3747df375301daaad,115.35
422f656d09761e734b3161bf35dc33b3,115.32
5ddcfafb3cafa6989a43aa72ea1d348f,115.3
d9e2713ce1636a2e4987b42b58af0ca9,115.2
f221dd968c17b94730bd38fd6fdd37ea,115.2
7b56aec44721c4319debedea7ab7054e,115.2
0827b8ba0083ce864acc1e1de2428666,115.2
f764be6f129a2ab7f3f8c7d7b15893c8,115.2
fce713ce55413765136bfd209d5a6542,115.2
dd031e3cb9e37dcca6ee5b7f073a01a0,115.2
2e89f5812d33b3d4b8f1a0b02034106b,115.2
219b783acacc9b54bf6360dae4f1559b,115.2
1e434301a5cb198f25c4362829482d04,115.2
69d5b5755d8235783105a713e72300b2,115.2
fddbbeff104817044cfe82a0c122f473,115.2
f53404d33614c226871819898acb5ee5,115.2
0dd1f72afc88c72c23c9d0889c374d49,115.2
668602ff7a4ac16b00c73785fda2025d,115.2
c44394168c29d3bab271b2077bb2cd9b,115.2
c0b0345daa29cda97fb17ff43c77af31,115.2
40e2d0d7f6579118d9c02dcabf1fff65,115.2
75adc5b78bd09694f9e111f3a5bad759,115.2
e43f5897754f1b691dea10ba27ea61f8,115.2
7ac030d8127ff4ab19987a3981d53deb,115.2
72f7c6ae75d7bb4765dc06b93e1dfd4b,115.2
5bed8bf593c7bb615573667c79311ca3,115.2
59993ce71f47d61ef6fa01687e8c48e8,115.2
ab4764e19b0376c21427606045dc6ca9,115.2
6f1591e62e5032b3d97250dbbead7b08,115.2
4487ca94364334677a4a0d66975cb980,115.2
db637c48d8ee971814cfd998ec482496,115.2
5b4dd015f14d47ede684c5cd40c338b2,115.2
9f64391c68c234a7264087c2d0c1ac76,115.2
3ec12082c31cb22827d131a68d8578be,115.2
ee7a0ffbe8af7beb6d296f08e75b34dd,115.2
0da313f310f44b43f20e65ef3665222a,115.19
17562a579c67ad790469c2670d668574,115.04
df1c081b34ddbb007ef29155a35e0837,115.0
b73365f2845e82a0339730921895e5da,115.0
77a69d313ed6ac75d3bde85d588cb916,115.0
2366d8efd1501a7983ee949c05a7d2d8,115.0
25e7f8bd0e19c0c112b944f4c0ab9c9f,115.0
94a826c29ecad5e1fb272db860084dc9,115.0
a86ad8e8852b4549e9ac4cd4c10af56d,115.0
f8fc092d1a4dbfe94f2c4e1405dad260,115.0
e6ce271e0434f689d364f931dc448a61,115.0
ea5eaca6154e1fa057cc5dba702c6eb1,115.0
278caff61fce8ced765f0d0e5662df07,115.0
ef5ec7047232387bacf5052c5de7e4b0,115.0
271532309e979a92079b633ba44e03f5,115.0
9d551e21c348c49974415bb2e8eeb4b2,115.0
bc05e5ea87ea7d4c3fb7acc1821c7ceb,115.0
7a45fcf693df9c5c5cc32ea0a9ffd952,115.0
64247545e284c2a31eacecbb98c87fe6,115.0
4778a939ea8fd1445e8eced0ce1b4b5b,115.0
4236ba0e8837211a7c2d22719c96bf86,115.0
d5d59c8731157b64e020bfcd71da00ab,115.0
9a28e3a685c60162824386a74a34771f,115.0
1849415f478cec50c87980583d582ceb,115.0
9231bdffb372a445bf9d58a34556be01,115.0
6ea953662a102edcfd950a7c44231513,115.0
09b383911c9df8366e4c4ecff5220f2a,115.0
435372b49a3fe1855aa3c30b1f3ffcf4,115.0
e0fd6912345f73936eb2dbca57e223e9,115.0
4233f443bac7d7de2c4e6782763fa516,115.0
80cd6471cc015cdc037bb17791e1ccc6,115.0
39516e62a628430ac4b0f96a8df20dad,115.0
2fc76e794f900143d8bfdc6bda3b36f8,115.0
c83e383ad11fc7197adf9a062293f188,115.0
f2d67e6cf876a8f7aa9e9119415510fd,115.0
a8a1a845d4b2e7d019ed7ee3795fd17b,115.0
4593fdf052a39ca08a8102843c136840,115.0
71ce198713478fd4a64201e685d158be,115.0
7c0db6cf652a60942237dd7237b56710,115.0
2025622039816f8d382f25f69c86efd0,115.0
a9221830e2e582026c45c252842c7504,115.0
e2f21fbbc2e620c9aa5e3a4b418095db,115.0
5e05e1280df37ecd4d1d46e63c720a36,115.0
db2f809e35c2ad2c41a316d7c645aeb9,115.0
726e75bfe782c4674b24619653011d9d,115.0
550290db9e0772d476e9d9aeea14afa6,115.0
eab22d3171e51fc2a3b380f5da7c7310,115.0
dd000dfe86c2b17ecd26660a299b07ba,115.0
0e3fea1b0f292d71f5e8750446801344,115.0
58d0bd849f93e7fdc6dd79e62125e668,115.0
3380512361877970c0258c1dd577709e,115.0
bcfcec3fb0e0b631be6276fe010ede54,115.0
2001ab9947243f4bcebed41e85d95552,115.0
119e9171d6aad0a5434d342e81fddc6c,115.0
cc2799fcab7375793ea883dbed8a3141,115.0
a06b47239f454c6ccb325302f638cd59,115.0
f7b40fd4ffda1503c9d1f512b937ba32,115.0
690515766f9073c82cc07cfa11c4fc11,115.0
7ff490f567ddaf9cec90714d3d40ade5,115.0
8415ffb440bf6d25ed036387ddbe6a02,115.0
f2339aa70330d8cacd37cacad89e1dda,115.0
71021247bc034fcbe7c1f1a35244638d,115.0
84e9275db50c9b0c69e8f1b832984bb2,115.0
0f7e602a322f750f5d36451395bf2273,115.0
4e8d3debc47ec183ad422f2f04a39381,115.0
af77c15e387b2998d9996fe47766c562,115.0
431b6d313da3b87c722ce77f4f0d9fa1,115.0
e73a8585d784247bcfc850a743d176a4,115.0
673b40fce476a5835df6b16dc8326adc,115.0
cebb8a4ff4704077050296f186150b25,115.0
b8f3c05805a908d846c178e4f3f0e875,115.0
9ce0d1bd0ed2d1cdf43e8bdcbb8de7d1,115.0
782b6c1a1f51674763812f3c1aca9000,115.0
aa22c58b4ed191ded6f3a6c1661a6a12,115.0
aae1194a13036a24c766a265bd81a7a5,115.0
99cc1eb81e50e0dd6807774611f1f21d,115.0
ddee05c9af94ca578d546c52eada5576,115.0
075bde3b991b8124d2e603026781cda8,115.0
c942c48b7bf94f498a87c761ed85d610,115.0
70814f917907de02bf3b0803dd173782,115.0
42150c5dc225debc71b6e811e9acc909,115.0
9d2a100b3989b4688a0498dc976946bf,115.0
139f722c66d050707de08f702b65cbd9,115.0
cbae00cd725562e4b8d96b9b464545c7,115.0
86cd09e980bd8785a301c2203c6b7a17,115.0
aacd86ff2dcccca69c8300e7312df450,115.0
f5cae8d5901d3ca3d816e66cc9c76513,115.0
b4cfb1e6c0a0632e1d5dbe3ccfb18ef1,115.0
78cc60e3f5c4141e0011e83edcfc9702,115.0
3de618a738030339345d8dfbf28560ad,115.0
0d8a449d198d88f6a8df2a7272000cb2,115.0
354eb22ccbb405f4a2caa902444e2874,115.0
7f938220d2d18d58491d9377786c3a64,115.0
62757d7876f76d66bcc0558e60a9e45b,115.0
09451703baf04a7c8144b467d5e0ff69,115.0
2b5c7803f4d673d4da6cb7950c1141ec,115.0
bb29d68e8170d6917599ffb4b929486d,115.0
5319d6b16f0e32db1062072f353580be,115.0
3405fe4705e91fb81b731c97b65310bb,115.0
1d24bd7818cbe379e2a388b1f887b2c3,115.0
c7c9546c395d4ac377ae8bdea520515c,115.0
cb1bb6cbb6d68bf656db2885a5fd8d2b,115.0
f9e408f34638e8fcbec8a3327142a164,115.0
3c2317ef8102b203b9857304ca808858,115.0
0d9c0797cad5c54ccfeab072bcaaa3b3,115.0
5b3b4e44b50bdde1b3454ac5d970205a,115.0
d1b41dd641373df00470ed35022f15bd,115.0
5a37d7eace891a446596466cc8526c90,115.0
b622c09c123485c3cb43854c319f8ac0,115.0
13caae43704d2c300744a001d62b04e0,115.0
8ca0f6c99642f9b515617efe336fc33d,115.0
f280a183e4e63b12aa5b9b6d06baecaf,115.0
4570a39e7f01b82615be718c2116ecb7,115.0
3e91bfd1c7d8dff4da7aef367c2dec05,115.0
64baca5927e11a97f2fce7ee92c007a4,115.0
b2ed81c59896b239367d9c2722f242ae,115.0
8a0c1872f6356d10f9f7ce1fb44333c9,115.0
4e689a024aa738f5e834bc7fdaf17e7f,115.0
a5aaba3df38fc92cd86da4b9781e1d47,115.0
1c4da6d9765eb7c26138fd6b675736b8,115.0
591b41c77b5d4d9ee155605984b3ec48,115.0
fb7a2937125a20b63497b82f16913f20,115.0
345a376098bc749ca948eda410e404ed,115.0
6a291a202a987c3c9b1bb6da8420f425,115.0
bbbc3d5bb59190293cae4efbc5b66eb1,115.0
d1d9b4bb3c7bef2d99d2aebd30d434e9,115.0
7316ca0328f81d20642460af9f1a1670,115.0
9d45c597af42669c1c82e5bd832550b1,115.0
8654243fcf7b2bab2e4fa3d809aaa41b,115.0
b53516dcc095543fbf3263e6d9a62cba,115.0
d9d16f838d9b54ce3beeb5ba6e5793cc,115.0
eecfb44b191df28e7ef7b263537d83fc,115.0
5dddbfbf5ba7c90dcb52c18d7835b756,115.0
4297ea13bf20c3a97a51657f66876238,115.0
2497f94fd70c1ceb3b57e5c194efc4d2,115.0
32aea1e0da2cb689dcf847a444bf252c,115.0
869e2244009c6cc7cd52d16f0ce9fd8d,115.0
e8e2944931965887ba4dde6cbc76b598,115.0
5331ac2d2ed2def738a9c200cf8ebacb,115.0
d6ef290948702fca998d9c28ea076e90,115.0
5f6bf39c32d968a0d4973f5172135f0a,115.0
28c1808799150f8f16c4b59b2f5bca4b,115.0
f346dcb9b736098f8d16d6c7b70f921b,115.0
7e30357381f393a6d4d5f184f402a1d8,115.0
a3ce470530498d159a2718c1b80e97d6,115.0
c9f679a703814e76c1bb7636d2cbec9e,115.0
66218e85ff1fb3229b69a2e9c0255dfa,115.0
6ae87ed210775b78ef0c6ae5e585bfbb,115.0
4a52dba9433b55f3ed5532b923591af9,115.0
6d58960cecfb536eefd149d59ef95917,115.0
581e111945cc20950fe90ffd21931234,115.0
dfe36f6f91b8ee76334aa784f298e3ba,115.0
04cb9ac4f7e8601eca04db769d91d5aa,115.0
aecedf23e6fcbb6daf4dfd741ab51f2e,115.0
bcff000958a18b5cf3eca5da492cafb4,115.0
b02d4e88865ef9f3b86290f3b73128b3,115.0
2b322844f5f0a4a2dfd2e4f506b2d096,115.0
9421a3f2c1ede92bccf8355fe8b8d6d7,115.0
d45911b08f65d94b147768c0f369ba84,115.0
208954ebe4665c5b2392ff5b25e918c2,115.0
28c78431521ad6b9daa4e356861bdda2,115.0
8efe3040c4786f06898cfac0e9e99627,115.0
ac71f82b7f95c8723da67b5a764ec9f7,115.0
3ba9c5d370d75552c16eeb2a2b643683,115.0
828ea70242f52f6cf71c2b01b42300d9,115.0
2a5050a15ba0fe3b15ce7e7add83e818,115.0
f1c040469c753959928b6333e76c3609,115.0
0807369bb83601c51ef29aa70fc9cd66,115.0
40f3d39b72c64330683a6cefcd65219e,115.0
aa93b67bd6d5a770fde3735cb0e62b68,115.0
3415bcecd28a990138d5057e29138af1,115.0
c8a5fc21ea39790afb9055fbaf1b430a,115.0
94bbaeb7ce7b68494d2f6aacec994d24,115.0
473514ce458d8b07b22c6f4f7da18330,115.0
34aa9b747ada10d1a37c7efd209f31d6,115.0
d3f9696555a002ce1122aed28448bc4e,115.0
3f13ac929b046c754deaf694f350faef,115.0
e019ee7f821108995f53fcacc264dc51,115.0
440e07eadc5effdb7040206e0347de7d,115.0
3cbc10c378a99a32e776a9f5798ddc2e,115.0
fe66ded86a1678a8ad544e4c78447348,115.0
e596359a966e6577ed5561f518001209,115.0
ee787857e17b8aea9244ac3e639c0465,115.0
7f4ca5e104cea64afdf3d68d84d4b520,115.0
43d8dda77403e74d05428f5b92b15d2e,115.0
1734f37a2e5d5c62d02c58c28fd08c75,115.0
a1bcbdecd3fe55c7394b46785f758bf9,115.0
8f02b2e57bef69fcfb71e63b5246c62b,115.0
ca689f1368cccb30e961e9c9a525fa21,115.0
6d03d9c7d95db6de5b59aa4d7218ec07,115.0
61be3daaf57f7dcb63a786734ee6e832,115.0
667a6188019456a8aa6bba524a82a321,115.0
e0d5a315da0f60a087a75e90d13ebc85,115.0
bff45358be29fb889f469bf4c74a1825,115.0
a57c51b6270226aab5e8ac92276ffa73,115.0
7963b68b8cafe62ed0f95b3feee17423,115.0
b56212aaf46eabaa667cfb40237759c3,115.0
d5a2f8a83140f5aa55fe387fee50b21d,115.0
1e5f21f18acbf4055a7da15ae09bf968,115.0
93a9facf901bff170e44b59fc32540d6,115.0
6ead771fa151a566436c30ca97f90644,115.0
45e511389f079966e0d6931b774dc7f4,115.0
832a3b0254347d409512ae92eaf154a6,115.0
fac5d4c238fd7c1828c856d6c5182db5,115.0
7f2178c5d771e17f507d3c1637339298,115.0
956c206c17f5d28cc333d89b80d40bf9,115.0
04689d95f1fc4d3d189a3b0414fce031,115.0
b89f8b2159cc4f80617c22f0b0ee17e3,115.0
57c17b8d4ea6773fe5913b6815ff541c,115.0
6fbe7cc67b69143e45695d8025f65ca8,115.0
56e49231a1e313e37d5ee61be9baf955,115.0
f2958abbb4f5a35fc8a7eddebe58d30b,115.0
dc6f037ff20c546f8010603b9b76ca6d,115.0
f92d046045b809c41d7969fdc8021a1e,115.0
f197e640b7b1d41432cb8d8981d8a763,115.0
dd2ad4aa7b7e7746302163814ad58eef,115.0
961adc029c2b1f8a955922a9eae2af4c,115.0
9a2f1f5c553900bf20b428c047bf35dd,115.0
b9bf4384ad7fad5b3637ac1e05508999,115.0
2354967ec18c822dad406707e39b8b34,115.0
6723612930282cb0c95e7558a28cd72b,115.0
6e1465e2c75d6d376ae846f6419c4839,115.0
052d1a3293d2fc507f8ab9974eba70b4,115.0
5606d344886ad3e80b597d6c22f5557d,114.99
0f7d090d3f00ff3baebb385e738a821a,114.99
622bb7ceaf6b6d07de6e06a1ef84924c,114.99
571f6f28fb074b6b25fe0b1f0cec0f74,114.99
ec0feaa72040bd94ad8e414cc44263fd,114.99
8366ef5ee3127dea6fa06c3cad27f165,114.99
372067e51008ef283bfd879a312c473d,114.99
258b61746a14eb077f4aa1a69b975ed9,114.99
bbd7307f65bd2faed7cdeb0791a319c7,114.99
ec12b9273efd993bc45b74cf9765571c,114.99
b2ed2acbaaf621b391406a133bcb1c96,114.99
77d891f6da5c895bd54f19bcd9c78de1,114.99
a8d898ec43cbfd26e92a6563298b8abe,114.99
3f582c70a36c90e4f9147b5bb3d80f43,114.99
30a041bb6eaeea6d6d9720d4467b692e,114.99
3933c4433fb20dd22767844f7b3106f8,114.99
11929b8d09371bb23f361895802efa95,114.99
66f5f0aa56c7ad916e7292066fde6c06,114.99
ecc832f479b5a163b2216a3a53ede933,114.99
c9626397f8b494b21dc223c2678fc301,114.99
a0c4d64629ab08b4c1491e9117e0d3fb,114.99
1b240b4652db64faf8dae9227566ca6b,114.99
0809e0b370690be39f2dc671c3862b78,114.99
fd46506877753a9376b97111978b4d55,114.99
0495c25635aefe36adb7c788c6ff9f28,114.99
c2bd11720c11c5302296696aa34d4c9f,114.99
2decf32109c63899d726c630b7e5d5f7,114.99
5f607465fa3e0b7cd83633f56e81ad8c,114.99
2c485d2d7c548a23ca06f966aba7bf8d,114.99
656c9acfad89c56538d70724a5e4adf8,114.97
117a76c69023d9b7cb0e3d2e16fdfbe2,114.97
f5dde50166526727f7184b05280ccc2b,114.97
5403fdd3b599bf8d6c07b02c3ac39ff6,114.97
6285ec69588c97e2f1ef51868222b3f7,114.97
a5fe8fbce6fda361a25e948fab304a16,114.97
eec2811dcd6156a2bf056eadf1e6dc5f,114.97
1647548f69137012f53c3519d78e16cd,114.97
814dfd64a142fe2564faef3932b676b9,114.94
62c4b72afa074a0214ebbca36c89cbcf,114.94
c90d3814b845507d21040d903e892a8f,114.94
ef9469a7b82e328d2ce3b4a4c86c96d8,114.94
6e5a54d1b2948d3ed01374ebd2f018ff,114.94
907abd9d16df0ca30fc8c855031da045,114.94
4a30fabb5431e637b6a8ef606e9ea9ba,114.9
7010333c051d9116f2df834f27ed380f,114.9
d011b185f979210e275fec153f3245be,114.9
3421838a52fbff1c4771a2d523cb39cf,114.9
20f6412d54cfb920a23581910fc6aa09,114.9
098c4d55ae6761b13901be67e6f22ac1,114.9
fce502dc054ac3e83ff0e46624e8b145,114.9
35e78cde5b0035c5619904e902c385d7,114.9
d340117e9ad69c673dbb221037f7a0c8,114.9
4f64b536e412c491f25dce67dfc2fbb5,114.9
8f37df550dae5039e7ec425e50d733c7,114.9
5956ce262b307679c49b6864c6f4d282,114.9
36ccc47e1affeae9156a259de7d95025,114.9
130a806974e4460fd92de0ecf695feb4,114.9
153b331aeacbfe9836a87b7d75a4bb2c,114.9
63e9de259c63644730104feea23efc5a,114.9
3d6d74a1f99619787221c1cad08e8a6e,114.9
3351d390942c5ff630bd5b016a3f9e79,114.9
8511218eb25a2ad53760f66d63df7659,114.9
a6314e9e4b3a250430ad6778bfcac569,114.9
32ece394d77dd72f01b91196e85994c9,114.9
19a0ad0f6adbd1761573d5807530f971,114.9
e6c569252b44b3a6528be6af74846dfe,114.9
cf30c6199e7242dbdd316851a3ac1321,114.9
a5685e44a9fb2e4b7e68c30b30809b1b,114.9
d1be6810c65bfd8455ceeccc8bb97706,114.9
589f178e3093bab9b9aa7bdbd96a369a,114.9
ef5e03b25d6991bbbcf88c60e6214151,114.9
6c73bfa4f394204981e1c9217056e5a6,114.9
cd6de45188cef699892c78cc57df27ac,114.9
dbcf0f4003459921b6ee8298d3fbd73d,114.9
165b192629cbe02272e51f15c51408ae,114.9
29db75acc596d546418ba355b0d7293e,114.9
1ced4937382c20943b262c23a2348dc9,114.9
f8d66f4697040f84a45713d2c3b50dcc,114.9
ac73860abcda6b5fc9f2afdb4fb2acf5,114.9
6f7df6e010787ea962389d629793ea30,114.9
3672240fddb571231ad0be2e2fa82b5a,114.9
c6102d390ac140f0dc514157701a3e1c,114.9
da6f87409fcc1f75e9bce0ff233ace2c,114.9
9c55162e2ffd72a9b9cfd56326417382,114.9
92f176d7d926c22dff2f54d791aa9ac3,114.9
e713a9c8fd99c412865d2d3746b769d9,114.9
ae6d14f2fa3076e4384639626dce0b3c,114.9
f20196b7db8f16be7efec8caad1bf7cf,114.9
10cc2cf42adae8f5b97bc107f218cc35,114.9
334fa9ca22bbc6345adc605f2abd1cde,114.9
b7d6d5ec3450353a4cd4d28480f5955f,114.9
09609026e4d1557e6506bafea1da080b,114.9
d7ef5b9915f1b49111337dc50f579ea1,114.9
8e3edf5b08d73a7548f03270e961cb76,114.9
c1a9ab96fa235b6202c6fad797dff6e2,114.9
393e5c8146554179c1b5fdc1b68c8d85,114.9
663b74a68c6ee3368a988224f93cfc68,114.9
6c8876a2c918a9ba8a5b9479af7bbaac,114.9
99f5c698a4162352e3b607317165790f,114.9
77909ecb9985cb412898f220fcb008da,114.9
824378e2e7b939ceb7f83eae6ecd0911,114.9
4e38e9f25b539d9529b38fef4e62b3d4,114.9
332d8cfd50e9561abc812d0dca9632fe,114.9
44d347aa77b1bae4e5107c9dc3dde6f4,114.9
565d4f4e889300656969d36628d8ddff,114.9
7957a69663528d350746c7958f85ed40,114.9
5079d74c713c4f881925b51705857054,114.9
04892e1ba218bc38b6f52cf4354c3132,114.9
5ac458f9beb5a8e911be378f9b236994,114.9
caafbaf20864b4b9ce101b71a74677e7,114.9
7ae76f3a7ec39dfacbc944e1aea6fdd3,114.9
d35996269f53b0d70d2dbf6f3836ed60,114.9
e7b71a9017aa05c9a7fd292d714858e8,114.9
bf0f0b6a9c9b8335298ce8b0de9aba71,114.9
e6d0d8939fd2b135b3911efed6934b0c,114.9
798bc99c248e680bbc7160f0f3bff68e,114.9
47101f2ce5dbb367947b2bfe806be9be,114.9
b1287d4340ac7a895b2d5b74c5917d10,114.9
533271407b61719b4d9ab43efb207650,114.9
d721d1a1be2899d735550ea1f82ccec9,114.9
25cd1ce8cf78214600e04bef9b51bc17,114.9
159c51bd752b13a29b404e47af4252a4,114.9
5dafa582b0cccfe3f6e80a91ef94a083,114.9
4e6956b0bd38979ce01c09030893f9bb,114.9
925b74a503c1d6941ffbffe957ffab67,114.9
9c9c632749d4d1e99eb3daa9debb01a0,114.9
28ae744ec6e6b95d5cb8e45738080605,114.9
157f5b7306ffe878d158e6ae05a859b2,114.9
b206d6bd13d979abe18b116225e551d2,114.9
89f3f247be3a575d4b6be4f08bb5b15c,114.9
cdfa43e0652c0516c3bb32a90726f999,114.9
612c9ea0c8cb5f31ffba433833598428,114.9
b5209378a48f2aad0d72d96b18f0a186,114.9
962711498269fa29f1513109270d80d4,114.9
9732540e8a264effb27f32523048c3d0,114.9
e42b74db1e519a05ae7d6c09a77aa19e,114.9
e2510bf12e9b671330c78abaf435ee61,114.9
a6aba9b57d75ef3dec99ea987448a574,114.9
96c4cf1e729b33d09be90caab495d1fe,114.9
c9a1d5932b208a13d3d2ea74e38a1d17,114.9
0fb2d5ea71450c62f5a0c94c0fb18de9,114.9
dea8d18a25a01a5e5662e64b4a9be87c,114.9
525f5961d830dc5dbfcf7fa34115ab8d,114.9
feafe685ffdb7b6118f0e3840eb57f64,114.9
9c27d07ecc859245e18c6d847afaadf7,114.9
d4bbb88f4bd83fc93e2ff050e48e9fb8,114.9
d399cd64e15fc776a47839d972c5bb2c,114.9
5c72e2429dfcfb0e1ac946ff1c05a0a9,114.9
e3ad13593ae3a76a29112cc827f33675,114.9
8fe12987222716b7f2cacc4bf4b3d367,114.9
3648dee9812c0ff9cc9aab93ea256ba8,114.9
fe12426fa08047fa2b44da587db1bb28,114.9
58332ddfea93010fd87eb154a13df990,114.9
6dfd7ae0f88a0a5b78d2da711aef42fc,114.9
0a30307a5b69901dd7dc93eab8557aaa,114.9
0d797ec008d7a5243ffb46d6cce30b4a,114.9
7bb9a8dd609778f4f40ced2ce708e67c,114.9
3b2e62da9518015efb84d98cd57e381b,114.9
2ea63b3fd878c5c4d6cfa15af36f9298,114.9
54a3493c38341a73332a8cb2e0ad94ce,114.9
e8cca4cf04f8a171b797aa629b5f9818,114.9
2e9d4643a1ebc489399808480f59370e,114.9
bc3e98b4c029a7d01579bfa712577c83,114.9
c0fcce97e056aff1a7848e43fc975359,114.9
11c087cacf76b2ad39f4a5dc2883ac40,114.9
cf67eba1075cf29bb068152ac8476d24,114.9
7450fb6a9a6a838e0440f7882dddc602,114.9
b22ad8ac69105be5f00338a86d44697b,114.9
ed41fe754f77becd2c70896dcc967aa0,114.9
da27c0954190ae4e95f4cf1fc0c101e8,114.9
292fe6d44f8a0af68671aabb4682a730,114.9
39330c89e6e537b6e6698d805576e36b,114.9
c6ec65616e5bed7851ebf6ebf0f1adc3,114.9
f4b7601916afa6166fe1ecc135176223,114.9
eca08a2a142685e81a822aff8d3df37b,114.9
f0d0f8cdb5184859eb5854ace11ad15b,114.9
aae2be15a6f6c5b953b34cb4fc7be29b,114.9
36cfd66391c517ba41486ff865a4d356,114.89
86a87a55cd26811ac9fd57d6f5d06954,114.8
2f2ece3064897201806746d7d40eb1a5,114.8
34e7e81dfc061cfedd8e95f8bee49294,114.78
028d32c15ebdd9b9516b7ef159a84f73,114.75
02ca27924660947952e555921dd4749e,114.7
7c46692bd4a1975007f0f01b73bf3169,114.7
037fefe4072b01df6c29d233b2196a23,114.62
c8379021033c1bc9a11cfea829d0e297,114.6
974a1d1df0ff8d4f9adb1e18bea7dc23,114.6
0b0e2a12cbf100c36a10fe8fb871d783,114.6
36ec1e0f44dd8a859548c2210b381e3a,114.5
c9abd721cd3e14892fc6c4144ab2744a,114.5
11abdd40a33e2935ffe14b833ead5a1c,114.46
7908869eef5b1d617f3fbd80c10231b2,114.4
44ee5791e81393bc926c1489ba4c9586,114.38
beaaa7c488f4029c6704b9069d1fff7f,114.38
bbe0f15039cf02bf42f6f0e5cbdf1f7a,114.38
4a32aba7dc9dd56a1dd2feb4773519d8,114.35
60d92131b9965763a97d72949c745982,114.15
f77c7eef15674a5fd3d3c13553ca803e,114.1
9382c9d760d5a61dbd8d18b2accc27f1,114.08
b13cb2c9a106189cbaf07d47e2f34c35,114.08
42b5c4925f0f3725649d33e3833114a5,114.08
b7b0527953105fd885d113399210bce2,114.08
bd57715f216664a048740a3848314fb0,114.0
edfe8350920188f5738ab4ef3af21d62,114.0
33ada6f2fcb2d2411ce80824366afb5f,114.0
46784ad12d8b0efd22e033200a7c815b,114.0
0d0df1aeacd390324f3efb6b9518c12a,114.0
c083885b437889d9282d636eabaaabb8,114.0
a76357caf01b7c00b203d627378240a2,114.0
e054ddeabd063a5f32a0f0ed5909deb0,114.0
b8122cc4df7b9f954befa38e17b1f103,114.0
3aa3f654a4fae1c0c53fcd842e47aaa1,114.0
06e0c362c4a5cc74bff4e7a82362ff52,114.0
9099f0a5364ef7f0e1504822df341f64,114.0
a45c2998d3e73572829497e5accc1fc5,114.0
b9349237d6d4254acb5717de7cd2f88e,114.0
a55ff18e4390604bedf99daa85a288cc,114.0
1e3bdbcd4096588079be99fcf4355d6d,114.0
9c0c58af21e19302f4921f5e3f103614,114.0
dc9ae412a0b2da0d7627852dc1e496eb,114.0
68e39b15a421a9bbc7df0dd39c3a2bff,114.0
1f04655ec759bb5e1eaa3abd2ddae1a2,114.0
36500dcb80b06ffd0380d889580b0071,114.0
ce1929eae3961965d4d792ba32023611,114.0
849c1babfe2c41bde64e8034139c61e7,114.0
4446b2ccb30c1208716a36fb0703a540,114.0
4817f07387a8f00e2be43bf9ea007e4b,114.0
9cae1ebde4a8d7f03a92da657abdb51c,114.0
c101910306f88229c6c206349c08bf34,114.0
130f836722765043b992df7a42f41404,114.0
9d313f559eb6ce11ff81d6402f472763,114.0
f2f8162922524931c0b80e4b8c0fec61,114.0
18403267352012ec6c688ea048de5fd7,114.0
6f09e38cfdea8ab7077adff5783ff384,114.0
fce29cbcfa4f7f00fe0431dff786eb1a,114.0
ade6b3460647fa4d16f817c7fdb7ce12,113.99
53162926c6c60935bfbc4a9d9419ca99,113.99
6b498e20f44d131b2b912ac637726a2b,113.99
9d2ac25577105c9b6f970b09e28cce57,113.99
544c28b6508aec0819b39515c115ecc8,113.99
9911b9f4f5dc2751dde00645c9d129d6,113.99
aebe4c2b4467d067bbcc3852abc825b6,113.98
6cc63a4574fb5c9d1eb42ad05cb18244,113.98
b0dbb607f2633bea12712b54bdb61ea2,113.98
082bd50faa2c013e9f07d018d1a627b5,113.98
afb19a4b667cb708caab312757ec3d3f,113.98
363fdfe27ca1b8ab15eefb9adf941c37,113.98
ceb7e01a91f28cc8b5e10d35c7a7f376,113.98
477ba7008fa296dafcedb37b8bd9b702,113.98
ee3462376b2201e5a972bcf476c08479,113.98
42d941d7421f648124342e05e8478022,113.98
0f4cb25f0bdd927c3313960e2e3d3f75,113.98
9627f089c0a53a343210849f1c341cc8,113.98
1662e1284952a460e7498113ffda546b,113.98
19bef044a4c1e074fa68239f24447a27,113.98
88778f0eb5d1ef0db454aa0a8bbaa02f,113.98
cacf236a67a1b018693b6e7309a3f670,113.98
1fda81133d4f067f76cc57be36cbf693,113.98
2b67890640821ea4b35b9c834c41913a,113.98
b9fcfcfa2b5dcda46ffb3bfe7f6a583f,113.98
a535fd936692391bd5dee1bbd2391730,113.98
3936d43a9f6abb98e86943c6c7e5de2b,113.98
c1a2b2493078b7f26bff65b957104f58,113.98
76d4a3d0005fc2a1c3d995a062bfc72d,113.98
0acee070a67f3d5f3a8a580020696395,113.98
9095f8235295adec01f72924097763b3,113.98
1d0fe953ea5d13fc948d2f793c102483,113.98
1586d296dc10717a16c0ebfbd90439b5,113.98
1844a112247f91a8d724251978df5a4b,113.98
1f2f1fd768ccbfb05764c5a6fc6ae3cd,113.98
f8af1d4f3f5a4beb260c5ffecdcb478c,113.98
3db635076c27c1d6a8618bc5a6e70ad2,113.94
fa740e3640ed3a4f993e00a1a0b73ebd,113.9
181512b829112330394f0fc0985980fe,113.9
901aacf1c5d565bed32a8e095c72996b,113.9
03d9a01006461e5674fb618206c83526,113.9
263e66eb67eddc6a0053b194571427d0,113.9
b228af379316f9f5d41d658f91ef6c48,113.9
eaea4d8d2b6dc3c8f55676d6b5455055,113.9
7289387e125fb55957fab19cf6049956,113.9
94967f1e8a9ea8ec6c7129f098f32155,113.9
8c98ce45c69c2a2fb988cd55a00fc20b,113.9
aa447b9d0db3aad5c312efa627b9ffdf,113.9
70efcacd9228dce2c7f15d3b5c5255fb,113.9
bb0ca8e854a4a269f7d18895837927f7,113.9
e5430f3513a54f0a1eea6e02e3e9c6aa,113.9
4673b5a0664ad72754348acac6d808ce,113.9
b2efbe838b23a25bd390d03e4f6b9ba8,113.9
31e0bfd71b5a2bc421dda2555e9668a2,113.9
7abd77b51deeabe8ad9fb72b41459570,113.9
06475b1ce34b05233619d42030f3c3ab,113.9
01edba0c1380aa0c91437bee4b7193a5,113.9
517fd134276aa9d129443e66a4ec12c5,113.9
72d6ea9753dc6ff3c78520f034de713f,113.9
d4ff16ef57595838d5ee159d01d38c7b,113.9
b65a67a6cb9f36ff9379fcc0c88cccb8,113.89
a6bfec497813e0d8c0887d20706671c7,113.89
54ca6dc5e99a82fe5112744bc4e9ef26,113.89
522a974ff04a8d6aa8e22f84bcb8c4e7,113.89
6909938bdfdc79e0e6a5eeeb781566ab,113.89
3a740ce117005b41daf0b3fa535b1dc7,113.89
23f11d117b26cec9a5c7b70b271b718d,113.89
f7e057bf26b1240d01e6bccd5b632e1f,113.89
b03cb39ed9265b3b2c8d1f4c0a969f1a,113.89
83ff82f9e3b08b57d12ef4a5ca7b5834,113.89
2799fe5cb33f25c1336f9c810f5bab84,113.85
84e28130ed1fa8558f3fc843d9a906e7,113.85
f7cb015ff73be957ee6a30e2577742c5,113.85
a69a414dbd9ed9dfeb3291be9881627a,113.85
c1fd04a0bf5c757e19ee43edac2ab9c4,113.85
e98d17d903b13a77e8ccc890ec3875f9,113.85
bd6416851a5e65c02fd83b7f2f16a471,113.85
c25d0e3052c2c12a7cbdbe5c467f2db8,113.85
a369192f9dbe966c7d10f33b7f20bdf4,113.85
17b02ec522ef587a82a5b69450648f1b,113.85
41e4fe9686d87bba2bed7f14f4cca0c7,113.85
db4dd80011bdd47248da15fd40fb05f0,113.85
9547f11a0d5f9cb61f2e50d1f5cc4272,113.85
934cb46592d9125ac95165b62fd4a737,113.85
8da8749f70c2d4c05bba24dfddb47065,113.85
53aeb29dc2e7dd0d2259f60ae35c157a,113.85
fcbb4e1555e5e2b345e028e4f8eea8ef,113.85
826e35bc02d6756a7248bfa8f8fae2cf,113.8
078fa6a7ee9792303695a290a8338ed4,113.8
ab46e96282251f5c3044ab20b668d88b,113.8
908fefed2615ed41b2880512db12c758,113.8
684ab30ca29cd09ddffe94e22de57a8d,113.78
716d7f4ffd6d0128aba8825570b2a656,113.7
fc866346d8684918168b05ecf4a48a2a,113.65
a85a476bc5d3873d712114497bcfed68,113.6
0dfd748e5112348ddf2a33353ab7abda,113.57
77e9e85fb8ec04f63baa5f60b5bd87be,113.57
8b35e4a7431b76d4db63a90005964125,113.57
c9ba9a753b479fc6697bb8aa17883456,113.57
3acc0f0e957074ee4dbebb7b7e82a834,113.57
f7e5d9363dc24c0f4114f075ac29ce23,113.57
09aef328f0ac5a281ab557b909c24401,113.57
2dead6204cb633101e25f66d6b30e6de,113.57
3a6db3203c8388d5d9b01097bc0a918f,113.57
6d25b4f566116a84edc38137ee437bcd,113.57
0fc72d43b9bd9f42fb0ef3d18c3532c5,113.57
253c9223dfa3bf75327514da2145fe9d,113.57
6c0f919eebc04e36d551d51887fbc080,113.57
26f9fd598531fc99fba0352f45cbbda4,113.57
35f10361a2b8d0440ae0d8a650139e46,113.57
15fd6fb8f8312dbb4674e4518d6fa3b3,113.57
5a3c92f3f76b6d40e1899fcb3c200510,113.57
705813c814878d75d94346db9873e076,113.57
858c98ec0b961e34c54ee1016409d611,113.57
b54ff90c39e772a3fb59be2b571ada86,113.57
67fa506d20ee22b03dadaa961aead8ca,113.54
a829af0c8a5e125dafae1be7a814f72f,113.54
de522fcdab63e8358310dd48a711be69,113.49
5e2fd9105b20aa239cdb39f9cb5fe997,113.45
ad3766e5665b712b9ceeff2d630afb40,113.4
a5564b0b97776f800b3b4f462d8eacaf,113.4
81807f6e141a41c8b2005b775042a5f4,113.4
4d08a2314abf7b785509e1190f5be03e,113.4
53d335e6c3bd94413cb59b135b7da93c,113.37
17d32607b69ff5f17724566ff49aa9fd,113.3
76039dcbd685693ff99e90d7c572775c,113.3
6fd5c621e78c434aa741e9ffb9c68250,113.3
294afaa4e6c7165445a7aec2b4f8f11e,113.3
ddd8286004af97e1509997c76d83e106,113.3
626a0f18050903535ecf8e312a5c028f,113.3
10faf9e153a1ce492d6d06a2a8006df7,113.25
0db3ed422aa8051a0bad010c30e5505b,113.1
a5515803cb77c11e29d6ff219f704309,113.1
0e25b9588076baf393cba1ce1a47567e,113.1
d3de790e516d9c92c74ddffad4a48fbd,113.1
551c4f4e876ce1b1d75ac260708f05c7,113.1
b0344db4bb1741ab32ee52ef092b2572,113.1
3d5611fadabfffc730fbbffaeb7cecbf,113.09
328bb667dcb2db6801de1b493bb9ffdc,113.0
c9cd9a4e5438dec9e84c776f42de1640,113.0
45ac355881eae1380862dca061dac776,113.0
e7f5b701d99a5eb91e57a970a75640f0,113.0
4fd59a5a2e0539e43a8cff7d4bb510a2,113.0
6eaa8d4528e1d01b58e4c64762314c0f,113.0
e67cfbdc86ca1f35d2c3e5d3e092f8c4,113.0
de32fa9a83d181f71df655e44364be0e,113.0
85ac32af92e4e38adeaeb0653a085dfd,113.0
ccaab0962b09a9070e3076588f0fd069,113.0
91bb51bb101920d40690c2275e630cf1,113.0
500f39973ad79cf27ac3fe0d61dbaa9e,113.0
0a828bbe63b1f5310f2bb1fb634ac62e,113.0
1cf8e420d259ba1c8e79065408f9bb9e,113.0
d0059e82d12bd59f23e4e09b322e8d57,113.0
2d2108037a40de9d1840132472967eb8,113.0
cd47d198f0840df01cf63596c6f4c429,113.0
1b6d44ecf985f4cc5a3e78f9771f4cf4,113.0
521861ffb08358d8ac87c610b2aee606,113.0
2f4a42f9bb4b9a8cd402fa549df5c7fd,113.0
8d17a0679312b6c68213eb0c197b3c48,113.0
57b74a2a339ded39c128788bec370de7,113.0
1eda791a1fe86253dccbe537f2b8d517,113.0
bf32270a9d55407c068e29aa15429802,113.0
59fa4d3923b20aed0ae89cc86febe83d,113.0
67a2c8d9e8d745c3552a27f0b35911b5,113.0
edf0ceceb15b92d2b85852266f00e41b,113.0
b5c48451a5d396c3ce2a7bb9ecfd0113,113.0
085b18e815f2a1462b5d7b72a5dfd12f,113.0
5212ac438aec2f2e16191db8379dcb2d,113.0
edc1980f8563cad42e066bc9a60801c9,113.0
f04aaccd5c720604537a81a6b14c46e6,113.0
8e71dc840067c82e8b4ac32521c9bcb4,113.0
241e78de29b3090cfa1b5d73a8130c72,113.0
b76bb4d6d4bf5cde30275fd1fefc1c11,113.0
b43c7a46b9bb38b8d7a21f6c3da4bb59,113.0
410863627bc1b59338692229885e3542,113.0
aab0e26c7de6974d4595b0f21781ddd2,113.0
a1d4b69d4351efe51ce19692dbdb9416,113.0
ef3bbff3023c5032593c0e754f87114a,113.0
37517a5afc1e78585b25e5cd2b9b7a7f,113.0
0689717ef06f65d8a5c53038dfdef222,113.0
2bd859804139f43a638beb3cabc4b204,113.0
051471ca58786b55a780eddd05465e89,113.0
7004621c5c13e35086dc0e1f0a4bb19f,113.0
1314dcf9eabbe2717be59c886a3bde74,113.0
eff4884acadadcbad03182751f8aeaa5,113.0
eda92d7762b9301345afe83928e464b2,113.0
af876be1bbde724d170ebb81a4887079,113.0
455af77da49fdbd3a31944b47fa29267,113.0
ace1a8511961e8466d5dcacfa5da3185,113.0
d8a4f085dae613550734dea7f6ef5710,113.0
9b4f57a8bb053fe5b95db4a7d30958cf,113.0
ca585d20191f99e8dd7c811fe666b63c,113.0
74246ec587472230b93065911e420ed8,113.0
e4e69809ae1da631eaa47e73e5f4f641,113.0
b37bfbd042fa644623f3098305c789bb,113.0
1bf2e63bdc996f880d01aa10e1c0ccbf,113.0
32ce16dfb58c1b2b80f256415089c5c4,113.0
0145c94f89448a156864199db4c3b826,113.0
58de8e8cfeabb2443286e9d7a08e97c0,113.0
4e2bf783a80c004ceb49a68cf872d1a7,113.0
7c4ac40944ae48e97672477c16ad3e2b,113.0
c400d925fe66cbabb0bc2a8397e562a4,113.0
7cb134a263230d3aea87a3cd1dadb890,113.0
e150a2e1a1747aa6a13fad14bf7458f3,113.0
40340056dc055b0ae321a36383a232b5,113.0
430ffe436ef40a76f045f4263b7436dc,113.0
4b11226427fb245d9d0cb91d0a339e81,113.0
f2ee282dfaf98e24c28fa41c2a7f28d3,113.0
7e9d7278a7851fd27e0fb9a1d014e2c4,113.0
598906e581679bc9af2e1f1ebaca663c,113.0
55be46c8eddc7c5709f497060094f66d,112.99
55814b1c0dcf038f760c8f30b1b1d430,112.99
5eedff30a379fbcc0851653d18295723,112.99
7ca7e870cbd90048eba3ab92584137b5,112.99
7613a58283d100e4da203bbcfa57fbac,112.99
2fe96b87b0ee448a5fd3c7cc6ba3dfe9,112.99
5714dd463af519706d784fa0072a4d1a,112.99
7ee2c200108e4a8286e7e1411da744c6,112.99
e636fc15d9392987ffb13a9b25bd16c7,112.99
e8394ccdbf6a65e416cfdda573a8dda1,112.99
db6c660d9e74e438134fe4085d3383eb,112.99
70bc2fe12d0580eb8336285500defe0e,112.99
096051eec6b1ce541205f75819ccb95b,112.99
af05ae9632b87952d4e679eaa389046e,112.99
0841d3b6ce285b44d072153fad3a0e8a,112.99
7380f3de73db25f7bb524f33e19d58de,112.99
dc76dea012fc4ca164091008b2b811dd,112.99
f38d2e23b648a4851a2ce9364a96d3ce,112.99
79bdc6288517cb7f94c86be6c97b7ba7,112.99
5bc1bf7176469cce9690d4d9d42ae679,112.99
f2b116ce59897374113843d3aeb83296,112.99
28125582ff9bad05afd11c8d12371e1d,112.99
d57d800819fe0e64bbd7b60653cb4168,112.99
3a2eba7ed9f9013e842467ecdc53c640,112.99
44e25679aa4d5d2ef5103f6b0174a586,112.99
45c76559b2c80c41022e3c6877a49a4a,112.99
3ee60392c784c837894f3391360004a8,112.99
e1eb1564d978810991cf5efaa2d3dac8,112.99
7020e142bd2d3cbdaa532b65ac8fc35f,112.99
1a8888071e09b829402055ca2a4197cf,112.98
1a064684f3096efdbfb11a78ea4f97c9,112.94
9aa112de315a66d5900c06c0e4796525,112.9
f74f7d4e2664b99e1cd78ef0f906f4cb,112.9
154f47535f234011acf5637217d4614c,112.9
c767121cc11b2c981fc93dc686c8c9cd,112.9
42b14764e9cf800aec2f02be2a085514,112.9
50d9df43bba18bb39591db6e0002a916,112.9
d2381384b32c3ea2127ff775858a3fea,112.9
3f72fbdbb59d2b6db3637e39f881b6fa,112.9
81c41a9e63c59e933b90b72e8a65f1b3,112.9
e4a08e459341579f49bdcdb73f0b2272,112.9
e9bd7cf911978428935a7532db3fa5f7,112.9
e39a1b2ef7580c7d050e6e2d941b1ceb,112.9
0d5f0d55d8ac2ec02aee9ae6cb96b15e,112.9
08a877734f7083608a6db968a06ebe8f,112.9
ac54eabad353ecdbd32b0d554d99f411,112.9
6be433092c73f7f3f76422d333f87818,112.9
21e012f48ffe88ed1ff3c7584b1f0040,112.9
63668a186f89df966027cb0a62b5989f,112.9
6f78101c901f9a21bf9b23b1a80b05a4,112.89
29c1c04f23c6bce0dcb959418d6e0820,112.86
1fe8ff5b23920df6e3509db320011455,112.83
3274aedc859b9aa7d7e5db28cfb7768d,112.8
e10711e2c6acbe40d4fa6ad9a5bf647c,112.8
b915de450bfcf26fb15d9d80656184c9,112.8
c886dba1c18271b300d8106da9afcf6d,112.8
120ecc99ef409f1f02753d3ad88a9746,112.5
6d5e11731a810448054a85036da17a25,112.5
5d1c4d04f08622b4344a68886a030637,112.5
8147ce6aef8acda5d59a2af3c5ea1fca,112.5
5967f24e6160649ee255a23ae45b7675,112.5
9ba254f2f392363b1df13a0a97e0de9f,112.5
488119c700bb3cf6723a3216356f2e0c,112.5
fe264284987dc83e9e0f12ba1f026994,112.5
881b7ae9db721cb7b560f79ab86de95a,112.49
f2a2c16b1560027813f3c79666b063ad,112.49
c535c877737a8e3e05da44e817420a22,112.49
ffb3857a7f2f2945434d57e00d0a97a7,112.49
e3a8ed67bfc463e93bc727920b63a3f3,112.49
cd8297dac73c55a89cc61dddf4027a55,112.49
d8a80fca5d64fffc7ff51bc538b19930,112.49
d5db5be412dcda8e69115414c61042a3,112.4
337c852ccde94a3fd2b633895534a4c0,112.35
72d122e0e3d6c3300e4d07ec396d5e22,112.33
24d4b8f86f9a112d72f1a22858fbd636,112.33
a97425858c998f7521243b0ea387b80a,112.33
d431edb5a506daead098ac221c568094,112.33
322162b5ca010c2b059cb5224dd818b1,112.3
8587712871a9068612ca82692acd6051,112.2
3ad37c1be46629ea6935f7eb2362b380,112.01
b2629c666c20730e5adbb121d2b95d3a,112.0
43ae0f58c3e63919119fa948c2efee95,112.0
56d361be1eb9434e60410e456a56a559,112.0
96ad9d4b9f1ff026aae839d65dcd64ff,112.0
406c8e1382162dc6bef214e0c01fc297,112.0
093c2d35fa85b871eb936417a82a1ad2,112.0
4c40a5a2be74dda9ea0cee0433f89947,112.0
ec23d9fe2b71eefa612c92bd43b04699,112.0
d36e7da2b4f536d9716d6ad5f5cf918a,112.0
327886570f6c5d99eddb5677b1ad9c72,112.0
42e89706e18b5cd161f33ded3e9b379e,112.0
eab1cdfce786eb82b2b9888030c504d1,112.0
6f7cef913f994cf692d34ff3b459d4dd,112.0
6c1e68645d33e90ce07446be46cd94bf,112.0
4c0af8aa7452a733517e695e7979b8ec,112.0
66bf5445b228f0426252659775544d3b,112.0
a4f88a770cb2bd3e167bbec6264e7e3d,112.0
4a84ad2704fc9497804fdf6f5b2af2d5,112.0
679606d5183722ee9820f8c94d596788,112.0
d7c4de0e07242d73e999ba110439de28,112.0
4d493a5e3a53373d3bc26a01575a71dc,112.0
eeb12b1f37cd64d8954dafd59b7279a0,112.0
84ee64fe92208c223d2c3ff8885543cf,112.0
e362750942a269ffb3be2aa866d81344,112.0
a1af950930516005763b142d147b079b,112.0
db16867c8fed0a2a0ae4cd8a17286437,112.0
30e2286db797da98099d6a3b4bd22d3e,112.0
648b76d368b7925ea72042de4f00a9a8,112.0
acf49250165ea89cee38b3c29d67e838,112.0
8e2c656d2fe9f0d003a5507c15fe39ae,112.0
fd1f2f48696fa43cba7b13be48179210,112.0
1b578c59aaa40fc41246abb68142e3f2,112.0
dc855a052cb86604fb4d65498cece939,112.0
7199d3db0db9697a789454d3aa8ef344,112.0
f1f7074a16f4fa3d09ea6770f62077fd,112.0
4abad51a71113d2de9e00350623a66ec,112.0
8915665d20d98e8f92b724593bd3297b,112.0
9ba20212326011c0a71ef26b476a19f7,112.0
009c825b4f96c0c03731ac38b6e1c6ea,112.0
ca0a1d30c91a8d47a2924787babc05fd,112.0
9408bd679b8ccfd8de92376ac0cf405b,112.0
b9502e844e5328a48bfb1f3f03bfd6f3,112.0
2e6d1249c2afaeff7e64fc0a7f4e3e8b,112.0
d10364784b2595e87fbe4dac505d9fc1,112.0
e06958341af418a774b350e9832a0826,112.0
4cd1c9f0fc14298ee95437bef771aac2,112.0
828e90e7e1e22b6152b6b1c07ae4e518,112.0
e66bcf20e79f7b5dedbd5a8939d2446b,112.0
291dcc54f6638380fed8043b57a27868,112.0
503d3a02e4c3308479e46426931c73dc,112.0
f650ed65abda7782ac4adb70edb5f62e,112.0
c2825827a23f94a211cca297bc04dd1c,112.0
f28dead4549d1753510b2f16df5724c8,112.0
551adb1ab4dd9254a79d487f163c9629,112.0
864c3a5085d7d4e6c2153baaf6274cc1,112.0
ca99696301cbb5d40991c426ff821447,112.0
13bed793d521d388809a0381e2935d27,112.0
70c9b296d6e03532de09c803fe2aedf8,112.0
93b90b69d224015e3a558d46df162e11,112.0
83bb6f200a22a5d13ba06eb2968ab899,112.0
104e94af58cbbe9c3b40b0cd410160bc,112.0
c3a3a2272d4a506284d12747fef057c7,112.0
b3bd9aa12a1990ed9f9a1ae281ee7e34,112.0
4ece58d95e06b994bfdd6006d710a4f7,112.0
11d983fbbe99a7f4d98590596bdd225f,112.0
86b794305d0f1621562027fb00fd32c9,112.0
b4b7da374cd717831c0f6d6b03b95a2b,112.0
7a850172956be670dde1f63ab6bf8bc4,112.0
09adf5d66c6cb9336353b2b2f4186e1c,112.0
bf06e66b68359a1b2b57f347bf4d6a47,112.0
3d06c5a21253c48236d840250d9f8a6c,112.0
f45875a0d560e8e5b3684dac6e3eda29,112.0
06278b75c68ad852923f6ef0773eb154,111.99
e3362d99d550f0b6279c192ecae2c572,111.99
e80621e53339202d76c5ab251fa2582a,111.99
357a476fc6c861df26d0765b758c0bd7,111.98
665c34ff341e053c821487e3f9431206,111.98
c835f0b83294d1f91bf64be9c7520aab,111.96
45a4a967fd7fc2a3db5085bc3910d620,111.92
379ee4762769a6a5267ecb041c89104e,111.9
196a808de4f5e6cb35825efc47342a2c,111.9
0065c96aca557c0919dd5cdee546f8b1,111.9
e53540c496e61859f22f3487005332c6,111.9
9753f84b730453267fe8375749d02fcb,111.9
6c0118619d9e5a86188863d9933fd7ad,111.9
bbe6a4187c39cb782f1889e12e3045f2,111.9
05509281332c17164b8366e66f2a9ab6,111.9
6f39dfa5c8cc2ebf90ab2b4b35fb6d1f,111.9
6f28aebfc5ff187df1f021a7379b2dce,111.9
dc2c3e66bb0a33afc1abd179a7e7b42f,111.9
65ccf1af630bcbc53e10be670bc8563c,111.9
47fb59334a16872aab42fd62cf1665fa,111.9
2a28433a6df5eec74729ea651525a6a7,111.9
19f3cdd24196689774e4e432fb7f6eb0,111.9
d78674e07c1599d4b14b0e623f5a981f,111.9
a16137096c93f2569bef62f379f7ed13,111.9
996bdff61c4d3a26b18ff21ecab9e37c,111.9
2d872c3792f119ecf5d60a08c2d90a66,111.9
131be65fea5d4d3e9220e739366fd3ea,111.9
713b64f2b0813a55f85ad855aa1b6bad,111.9
78875a0fca40b8c6efc4935ae3b02149,111.8
73f19019441231f1035041265b3a8b0c,111.8
ecaf8b78eae12f33f091d9f34a0f6efe,111.8
a64e11fc5ee980cd9a2f1ac08110bc44,111.8
2c7c6aac6ed9a1022e01f7c6e3f52831,111.6
323843df35acf725f17be8e3c427782d,111.6
29241f966f58fcd5d7cd10977fa26190,111.6
3ed014f15c7896626a3d7b71986b017f,111.6
6ffb6fc4832cc08908e1954b347e54f4,111.57
9ade285b90d484ea144b9733aa9cf2d9,111.57
c2c4769b2b0b100fd323054e505d1836,111.51
e6dbcab785bd88d4ac6fa1a541265d48,111.49
cd8b1e5a7b8c53ab97a47bdb544e930c,111.27
b957feecdea8ed0a8b0f981eba316f50,111.27
d2fe2102c4560f79710d7bb7f61d555c,111.27
e3ecfba8964e0757587b1b1913499c1a,111.08
bbc113e812188b9b803c293663389abb,111.08
20916c349490dd9d498717b5f8c9b14c,111.0
168e501265b35923a058ccc4ccc2856a,110.99
42532fb94eca7866bb4915e5cd46300b,110.99
09fcda7c9853505b4e80801a1dccb90c,110.99
54c1128e63b28664c615c1b7f33636bc,110.99
448f1034e6bf87ad818490b3d1708360,110.99
4d746d8722cb2f5a747240f9be720be3,110.99
031a4751690cb362510c7b55428f7fff,110.99
49e9f5d81bf71dbcb4b68818df039e46,110.99
803c7ddde4071c708e13a00ef55cedc0,110.99
477fdceea6e84f0e22f8db6ec404a3f0,110.99
e91028540517d0d7c1c12fc938abed23,110.99
b673f0597cb0c4d12778f731045f361a,110.99
a63ec0e33508ff6ddf030bbeb647f7f0,110.99
0937307f79851ecf049744544c8633ae,110.99
d9411be276b93a17b62919ef279125dc,110.99
fcfaf181e701e5915168b7ecfd02e160,110.99
dd1b84a7286eb4524d52af4256c0ba24,110.99
be6328621d49665921978e171a3f348a,110.99
d1b6d1966170f133b4b78b808c361d79,110.99
c8bbe53cb751f3c380c8ac856f857b55,110.99
b976474d6f4f5a3c6824c538d0e82d87,110.99
6b824092332e6cc8333316b0dd3ffc63,110.99
854f8d359fdc27c049eee8af2e9607c6,110.99
5b51d411ab12d17e7c636246058e4fe8,110.99
5dd8298fb952a22f28534bfbda71aa2f,110.99
c532e4017ffa45363d421b91515e2d36,110.99
bbb9f5a943f8a29dfe08dfa1d45b1415,110.99
c9b59d9585de0295c3137fb1af8929ca,110.98
1cfd4ea45437f523559fd5cd23d8fb8c,110.98
bc9954bc4eb2a6fb6ed4eee63bbe2193,110.97
a6f13157245571c035876037e4cc3ca1,110.9
40c48f5937d17b1b12b53503e9c06836,110.9
6132860a5328ff1bcb9571bc0040b78d,110.9
55380b74ede45d9a38c44ae7bfeb2347,110.9
2c197bd27c38b48fe0dc6951d7c48f96,110.9
615bc6f652ae9e04dd51da38da04b240,110.9
7a9f335e44390d13140297c96578a80e,110.9
33a60f5a90dff8048b927768019d1d23,110.9
5d131831578dccad11e19992a9af66b0,110.9
e1ff7d78a58e41ab3e811cce1c387870,110.9
9ed1e8dd585793101fbbc5f1d8686e39,110.9
121e7c7ff597fcb5ad44189ffccafa70,110.9
1d676b0771f334b33856636aedba43c1,110.9
0945ed78b149ffbae1b0b91ccc34f1e4,110.9
a4cae79ac295e2cd44cb11b2f2cac467,110.9
ae4543ec3cc50019424540c11024e868,110.9
75fa78a41041551b8e1fe691bb3f0958,110.89
a255c2d8c45fba974e6a8119544d79e0,110.89
a7406a0c444083a00aee5437cccac034,110.89
6ff5db926f197c0c624b1fcdd6ce0d0f,110.81
1fd14739f72c7139a806a85aca7956eb,110.8
7b76ec9f065ed11de0542d269310ec51,110.8
7d668c37029209738c1671fbf9f91162,110.8
caad4f2b2df5e13bcdb532c72e4b96eb,110.8
0ad9634a1ba9f9a346b6925bcdde7ae0,110.8
64883dcf4b2d70d149b791d919c55ffc,110.8
ac98eb95f06adc4945cd68f632b10f3b,110.8
d352299ea54f781314939010d505a9af,110.8
b7afc661f446c22413d9f3e0c1b5aeed,110.8
57fcccece831eb911b3365c3b3689db7,110.8
b3fa4bcbb6920b17d2b67ac5d4e1560b,110.79
6074d24326b80e85de5d37536f93d9c5,110.77
684e1aa246a9eadc3e6827685b10e48e,110.7
067f23bbb981887fc158d36a677c2b4b,110.7
d545226aa6bc59239e7fefe480d803cb,110.7
2ab251c4e8580a85814a7f81f26c58cf,110.7
cc754e7097e25ba2753c399ea39c6ee7,110.65
0e957415e6f5c063ba77fd99df8da5b3,110.65
dbafb27f4934a7d05ad5c80b5dcb8d0f,110.65
e87df3e53aa83dad8d8dcce442c1e4ed,110.65
bd9635049655c05f3ace849a74646dfc,110.65
9303f65ccc8b7cfebfd99aef801ae5cb,110.65
24422572c50718665f5a8589e5d55d78,110.65
f3e3db008381abfe88fbcde5ceb68d4c,110.65
2144f10029246db38716b68298654bc9,110.65
b5d774283195a95c35daf6e7f16e48bd,110.6
1fca6e2c5d6938ecce03a96bd4d7c75f,110.5
e1691dd56ea0646a2ae3fbac45b1d181,110.49
a6b6bbc9094c62691874a8678f95de29,110.49
a3ac867d63cf8677e8a73b97363ce38a,110.4
98ff6681a58f1d1194842a37b08c4894,110.4
411ae1308b9fe834f1c270e94c25c14f,110.4
398634ab2ca4bee203cd25ea737a49a8,110.32
226b95c7c8f8587f805a7c0c809e5170,110.32
b8f84f80042abaa756f3e62df71d492a,110.32
c248d31c4fed7d662b3a78538f3b1da6,110.32
bf0b8f0269521892daa24252b13b77fd,110.32
2d74cbac7470fa0af814cc8eb6913a97,110.32
003177b3eeca50af17750f53802c9a09,110.32
d374fb73810313335ae41f1e4cebe22c,110.32
826d38ccdb8111123c0842ce53ba3c68,110.32
3e26a4bb735d6ca03379a86274ed9229,110.32
9c60e9bafec8ab54675d3f12e5cc3760,110.32
0e7dc1a303c6c24a96103b216d443185,110.32
6e5c2ca6254c012dee3cc2657ee7140c,110.32
663b8b90136c0c90b486a72adaafd911,110.32
fba7127c5408d58b69e6a5502865a4ce,110.32
632fb46531120e455250be499e52ae03,110.32
6e591b7c64abcf19e76a7e059df5e409,110.32
001f150aebb5d897f2059b0460c38449,110.32
502ded0eab5766a83294460c72d9a2d5,110.32
fd11570db157f0097d9e0e3dd79abd7c,110.32
ac708849f8add56b9c304bd26ffd4bee,110.32
b77fe56b152475e858e79d35811bcbf2,110.32
7cd6c60621b276093ac75abd0bfcfe72,110.32
9510fbb891f1fa9abf8ee97dba8c7b54,110.32
df79fbae197eb69df5ab1be54bc049e6,110.32
7285a211caa6b5708ddbfb01f8987a44,110.32
6742f4e8618595952e1efdaa63102e8d,110.32
179b972815353a352428a0ebb6872793,110.32
30439b4195a59628af126119eea46514,110.32
d3acee67739e39afb890ea6cd0ab6eaa,110.32
185e9b45f2f0219b52c196c4e066ee0a,110.32
3a5026ea6786d7ec87b7b58401ef58ac,110.32
0910d6fabaaa19fbd65cb92ea301d7f5,110.32
2a146a7e16085d54b7564cf29ecd6663,110.32
f03e031295605d558ec6e88c413fe4b2,110.32
76446677a46e1f51a0f01371e3f46bdc,110.32
33c7ab37ec1d522359e98d00e420a5b9,110.32
3b3d78c1656e30478b0695716270bbf7,110.32
03b400e08714b00279dfdc1356f6f03f,110.32
d086482636923b9b7bc961b6869950e9,110.32
27c98b58cd9c685c41301f06ecc8cf7f,110.32
c09c9145125e2082c928a5c3de5664fb,110.32
458d0b9b95ef994e7ed484ca51906ffc,110.32
a45cd323d05696938412c8d9d9dc209e,110.32
df37d6128feaa1009ac151929c362190,110.32
2c7c48774749670497e9fe3f026273e9,110.32
4e251837133d004b7c2827c9a9dae5b3,110.32
aaeab2e85bf09f0054194d80783a4cbc,110.32
ba93bb3d4a9e2aec793c0f474a071ae2,110.32
36edf7315742a7ef878b09d974a697e4,110.32
b9bec98c6738f16d7dc4e1f8e0e2c18a,110.32
ba796cfb1a430e5d6ceed83cde80ff92,110.32
5a43a37dd0e6fc32b37baaf86f2a438d,110.32
4e6c31afea698a7bceaecc399e3ba478,110.32
541b8feff9af77de5253a26c7b2dd7b9,110.32
c5f1264d679f4d082b3ba04aa3f3e8e1,110.32
00785e4d6fd1ab53e7de20c730c070f1,110.32
0f3139b6b2dff7a044e2c09eb69d7cf4,110.32
719a71ac439dcf158b8dc2218eee47f9,110.32
e7b4533fa7975f8c10b1b6223fc39e68,110.32
782da48634bfc38ff47f2048dec76ca2,110.32
59cc3f57e343e37c2f7bef644fe6256a,110.32
a46e766acc377978584e2e7ffc863e3e,110.32
571a23f3549e26b246809b4938612eab,110.32
497119371122f6e5ac13322328323e7a,110.32
b45ef5a4dd1e77011397f8a96bf60f07,110.32
4924a47e8cd5630b3564e26fac55c5ec,110.32
3c300c979203f90dbe68b3434e8f4dc0,110.32
7b7f18edfa5424e0e56fc9e0573d6b74,110.32
9bf0fff6e6ffd08c40f6ece6c20bf720,110.32
e1f176e360611b9c6783b86bd8988df3,110.32
3faca6b775e45e3b971ab1263ef1c2ec,110.32
a1902b753d5eeb9831f1d3f89a13fba8,110.32
dbde531e9881f7b5ca69da3d8eea788f,110.32
5961a0e51bce22d6cbf7f0b7ef63d021,110.32
22a73afefe1ad65fc0710149cf5bd11b,110.32
e86b6b19d5b7af381302a2cfbe4a4a0f,110.32
19cb32bd24f504de35911fa98989b952,110.32
ef6ae9c605a12e4d51a8d2c6637f5603,110.32
ccc2d30d745db65793fa46ecb62b8181,110.32
555f5f702cd95ef9f137eb8dd7e3656d,110.32
0c0603d07483f48b102fe37e1745befa,110.32
3e67e5961d248ae6376ee09203e05e83,110.32
84dc684f01a447dec8a0f76530e5894c,110.32
dc974e65198ad9ed137dd24ad6129118,110.32
be4bac7250c87be901bcda46aefafde6,110.32
21208dd265c658ec303db39b5c49abf3,110.32
3b9c548b91a8ff14553a1eb8497cf431,110.32
d53f6de0d9148c8a17dbb4a993494f66,110.32
3b1fc045609252174df7a4a59655c4eb,110.32
abdf1a22f119fef62a91570679ff9462,110.32
01cf93cabf578892dc3217e6601b0cef,110.32
b8bf2f05b300b8e4dd66c7e74db08896,110.32
92af88ecbab907c773739e57b6201628,110.32
8098f5c7290a32e67f211defcc47528c,110.32
bc8b9e820a6ac8f83ced0f3d5501614a,110.32
5094fbfacb2f3389cf4fa9b276caea3b,110.32
0c4c3d7ecb729f77fb18ddb0ba5442a9,110.32
0e99a77a57eb93e26714f2322bab7571,110.32
1d7155ac87fdd56fd53e56c89ae371c0,110.32
eeebe739c825f3fbc19ab6a900d773c1,110.32
abb8d12e5424bc6094f8e78adf29aaf7,110.32
ae4413c400d35b618205ca0460ba08ef,110.32
a165bbcd18583f186f22de35b73dc934,110.32
6df56d30934422b65d4a108c6b1b8b38,110.32
1d11acf6e954df528e6a0b28a454d646,110.32
a41d5d218a1378fef9380a31e5e10069,110.32
cf0fff8083236862f061e93d1440f986,110.32
1158880cb12ee968e191aef4c23db263,110.32
9e67b70448804fa0543cab844e3f3f45,110.32
1b5b9f2f891b9cc15d72be9947f7bfdb,110.32
cc81b5668b2b56a7bed7b92e60daff8e,110.32
032ecf6afa4af219d338d03dd4f80f65,110.32
0a984c883069c23cdf9b63f5d5c7c152,110.32
0b0cbf731fd9ea622226fc2d1fee5164,110.32
de3f106541e9cf42f36a02b78a4ecc5b,110.32
3b8eb22566b6418053126fb22728bad1,110.32
1fb2b3173fbb54f9f1cd14e45513f194,110.32
d665be250d1c687c58fdea61a9b55a58,110.32
a8115f722d11bb835b310770f08c9766,110.32
fed1995ba59ffb4d7ba82c1cdb39eb31,110.32
53c727b22c1c2b8e300711df1a6ea02e,110.32
029be5fce165c111d15eb737d28d44b8,110.32
288a23c0e47f43396b2d6809b968c70a,110.32
7037578e0e5aa0e33f533957c4c16742,110.32
3bdf57e48177d9e43dad1c9b3253c569,110.32
302823b655b498a0686a3629645d6d30,110.32
2c5d1e24fd62cc9711ec0b4461367477,110.32
641eedb16cd803ea21bb51f4f76b9b55,110.32
00953228b409090c774d955f2ab881e5,110.32
b3c27d38792407989077a9a53d28b2f0,110.32
12c5c5e285023a1496798e0844016ff6,110.32
80cf3943842f6958c9e9f130608988cc,110.32
379792aa619482a6545bd1db3905ab2b,110.32
ffa9397f0649027d0d3dbffd8e542553,110.32
64c3dc15a2bbf3049aca5b814e938e14,110.32
7ddb7e4242fcc518842aade22f5bee4d,110.32
1e026c12ad119b266f71c0e1b432feb5,110.32
884775ad2d9c90f742bb0deab470e6fa,110.32
06adb04df95e48dcd32284ef83e07c77,110.32
9818568a35fbec2f8c573ad8d8f22ed6,110.32
5e900fe5368cc480af847d88f6548fe7,110.32
b8f1f244b44ebc462cf313c6de3b98e0,110.32
93e2075ca34bbd26f71a0a0f3846d10c,110.32
b5a7f6291839bbd290df4731d46146b1,110.32
dad85e29ed30f2fc07cda5b61dc598e2,110.32
0db0e828827cd9a0e1b73d846c4b346f,110.32
3888989235e31a1848cb782a04a14334,110.32
3608d35e0f5fdd7def8947406ff568f6,110.32
cdf96d2b0152fd28e7ded02cd0743815,110.32
1542fbadc6359c210a930ff61ec12bbc,110.32
3a380b8de221b015307dedbd1d90b692,110.32
413632dd561a196650dfc76f1157889e,110.32
03f2dda26a1b89b7cf91dcd8a41feb96,110.3
11147dfd33524c5852f092830e8fb6fe,110.3
f38b631144009fc4075dad5b22d13163,110.27
d315b65ed1f865c88ffaef3fcdabd200,110.25
0677520cd18a8ae626bd2b7ec8358d08,110.0
2ca75833234da2e8a01f0b900d6b7fe2,110.0
e966362139bcbf3adfc02f892f0483be,110.0
64786fdb53bdbf2ae4270adbc81d371d,110.0
cd58586e6dd41554e05228197a532da6,110.0
c84171fac5ca03383b6bc51d043c14a8,110.0
45a5c55de4dd108a83c8f746bec3ef2b,110.0
966bb79d17e4a6de9f4fe448754d0972,110.0
f86e6da8f5c09887def4a0276fcf0848,110.0
a6676c68128a3af44c5df985bc3f8d67,110.0
a83ac7ce2fbf35d6cfe824ee9035fb1d,110.0
641cc3ed9b805233ffd9d29dba7f7370,110.0
5333af7c373a807c80c7c4b10add41b1,110.0
aa5d81c64ac61c8124eb6c249c2c2ca5,110.0
5dce0d6d2ad974afb75df4b6ae8e4ac8,110.0
3fc7efc06ad91e33f97175c2ddb4478c,110.0
de8aa5a7669b4bb632b6a7bb552b9ab1,110.0
014a61237c010a8f59e966e34101520f,110.0
7f83186191e40f5e804bc1ad0a95d19b,110.0
c9722642f74a37fb4d28e4d5d65c20aa,110.0
ed9a9009b3f1634f5aba2e8eaee8e494,110.0
69fdb7db243eb360952366fdc4c4929b,110.0
5718ddc8f0613e4fa87c11354625c763,110.0
6224f84913cf9bb9fd55488797e2da0f,110.0
98c6cbcc4341a06f0703f53a0f7a798e,110.0
365a457df99b094247729503a540e924,110.0
806a7036f155a4337513c809ec157cdb,110.0
43bec0d9bf15d1ff1d229a3924145f04,110.0
9cb76e2e1b7aa98660472611bed4874b,110.0
412737810005be70b7bdfb4e4dc69dd2,110.0
13c8337f68081fe1c5a41101713df025,110.0
3bf259317094ca147771d9add8fc6902,110.0
d55c1ef474adda522c82c7c543753051,110.0
1a2638dc84274f5c298bafa71acb502c,110.0
dc2fdac2ca146528f3a1f55dedf31a3d,110.0
70337caf190d1780a90ef176de122e31,110.0
f5e01ca083981235016fbce46a13ff37,110.0
6d76603dfdd852ed23672a8fd0364f5c,110.0
06d99479baac3413561b21bd7ac27767,110.0
4f0a80cfa4a5eaab069330b6941fd9fd,110.0
2cdd57ec09f3afe46c0dcf8cd8473cdd,110.0
504f3501a3b70a047789d62573c71375,110.0
133a51d8934bca97eac4f7f85e127ac5,110.0
a0be389ce9a97ffe548099c7efa36746,110.0
8463f85157c2e1a8f03042947b10101f,110.0
97fac1c82c1a0f35c27b46a09e820c9b,110.0
9e777a0285e680303f875f4b9d8370ce,110.0
8ac9ce2bf6a831fd7f60e34002199e42,110.0
9c4bf4f85d27726d75c7225dfb2f3037,110.0
3c0484744c9b3a3d7af35aa68c25a7cf,110.0
9dabb3bf6243aa5e10bd2db67fa59216,110.0
9ceb48a8ee734a28c25fee6db0e988bc,110.0
43d2ab83f607206db90ecbea63ffa4f9,110.0
379398543850d0f1ad33cf2ebfd3f81b,110.0
9d09ef151a920b7f5308d155174a89d0,110.0
3f1e103d6039a322717941265fe39dfc,110.0
cd483fb7ce181dd4fc4c8c77d676536e,110.0
87de58b285ddbf82328d7ad34e5a5e2b,110.0
3171bb44b50cefec7f8643a28e1a0343,110.0
e2b936f648da15af17e119a9bbadf9e0,110.0
3985d677d82341e381758018d936ef49,110.0
b082b15e882634934fd91c73e4c057e0,110.0
c6bf16f05f0fdc4603d841d215a13edb,110.0
f3d40ccfde2d918c886b7f2633a33d74,110.0
5555fef9ff07b9b1368c78c29cabf396,110.0
c8c236ed3d37d2c3f9c82ab51b5482fd,110.0
41a657674484cf533a6cf683a1063ace,110.0
9fed62b87969b514163d932f8ae4cd3a,110.0
8981025c96d3fc1d524de6477fbe878a,110.0
ef2050fb05feec229142f1250ece437e,110.0
2ba155b4bcc22e2f85fe93adf1b26f94,110.0
2a0e37eeb82fffc259b9af79710fca97,110.0
828282c08ca2d1d4ec32d670659c1ab8,110.0
9fa2624b235740613073584d127daa3e,110.0
e42bf264afc395bc0a0af379bf5cb888,110.0
02d258ceacbfd544777a64c2ba0773eb,110.0
4d6a2339ba829456960bc4a6ac74eec9,110.0
98e1da5ee50d168187c0a16835e7018e,110.0
3bff757f9ef59dc994820d3487ff30b6,110.0
81ecd7b8e6f4573f09fa46dab2354060,110.0
2c64fc3c9f0672a9f2481654a7bf109b,110.0
4275510de6637b903e69994771170784,110.0
93dd5f88e0f7e9a8f74d27a4b90879ab,110.0
23c2819f22e5fdc29df19048b6dac5ba,110.0
c28575c13776aed05202cfecdc80d6d6,110.0
1aea733807a5066afa72c90bf8e81b15,110.0
f4a9f3a779e9783f7c992f5723bbe3d3,110.0
4a431d029dddd37ca7cdc62e65e15c89,110.0
f474f7edece022a5d767559d939fa0f1,110.0
cef72e449e913c993566dfd1ad2d1322,110.0
f94b42a1fbdacb6be65b3f64cd68ce5f,110.0
7fc4a63752bfc3f56f4b3c89afcf083a,110.0
ad12987f0baa11e225e27f71cb1cfe3c,110.0
c157189f93c2907d96bbcc14573f5e8e,110.0
8e70736440f6e4fd50223adf95ead0cc,110.0
55260d8284b7fcb8890f0c0ff1135bc1,110.0
d3031e597fdc0a4caed9df2944042fa9,110.0
a028f7bb1ab74185e4b38afbcdffb64d,110.0
ffa6d90c36a9c7004692ca50761c69d6,110.0
e02ca2aa7caad49e0b4b540e2344d983,110.0
712230fb56aeb8d9084bb813e3249a84,110.0
eff952e59e0d43559768661a9c4b210a,110.0
d988ef09677afc0bd126e2cea24fc404,110.0
8ef74d7f7464fef1901ef5333791ba23,110.0
6452d9268964d65bab708657e21be42a,110.0
ac950cebc3bfe72c92a3768b6e8d3856,110.0
e88cc8cbff5f53b1b1e00812ee916642,110.0
07d319341481e69347920cb21d49a75d,110.0
b926da2bf792c1a19fcd489ae0f8be6b,110.0
2f872f096da0cb0bd7ac1d63e3bdcf03,110.0
9f0cdfeb00eddf3cdad9956746c1cac3,110.0
5d660d49bea551ea78c4ce76e58580cc,110.0
7a09a1cba99e4ccfe5ef487f4ec362fd,110.0
67f0d41e6596373621408e3659f7b2a6,110.0
44622a7017151a977e8980f0d6f65f7c,110.0
a6e1d325e2d80b387efb2a91ae78568b,110.0
a7af46f7721a579c72f24271a0d5bd81,110.0
b6955e5735da08e1cd7d7c9b46093774,110.0
918e7a54bf36d024fb73d4a6f16ee6ea,110.0
1e9eb73e80e3c263a07ff3f7eb7b4e05,110.0
72c9c557e2d3ec9541774fab6b71f666,110.0
eba68a8f1cd93e0e51da4bd8003dc878,110.0
2966bc94f88221d894371af25b56a091,110.0
5f8ccc8699533641733dbea1fb6240ed,110.0
a6154e759eed062fef4238b9faaa7077,110.0
6b7d8deb29906a81465a537f41c7705b,110.0
b7f9b875753a063ace2e4ac9b0531a69,110.0
69e05d6d27a24b903033ec4f28aa6be8,110.0
51dbae98361245927ba58cec4da1e66b,110.0
41cf71109d64452d0b2a886144df4b19,110.0
2bd1c2a6bcb1e348fc5c5f1d67436fa1,110.0
9d951c0b8d3b39f81a4e35fd4aa21bf3,110.0
0e848c477bf820b51d1c9dbe857b5a60,110.0
84033f39d35b5c80c734e62cf0e7b586,110.0
6b00fd163c9fdafc7b423a98d9b2f690,110.0
a4be55b23bb72de2f1a18c9d11eba2d2,110.0
4dde8f4b64e3c3584c9edf5fc3bea545,110.0
9e9db31377c20f56f1fbfe611425b5c1,110.0
97197eaa11a1e7a2cbefb2839ed58cc0,110.0
2136617aef9847db1501b8fe29cc9247,110.0
be8192f200acabe8beb25da7611fcd3a,110.0
dfef0c87a6114369b86fbfa404a69428,110.0
a86cc7981a5c2657a638c10692871175,110.0
58284e22c11c1cd2a52d4f25630a1ed9,110.0
8085ae0518357c1937622a6375bd5987,110.0
a5e011a884e83dca11723f1a59856614,110.0
9cc17bb45c605dc49e16aeb5ae3be739,110.0
031c996d15d1e1b6bfe5abb0e4583e9b,110.0
a9b67ff10261665661f54c364e82d9b2,110.0
cadc77a311d2175d497619dc76de4600,110.0
076feaeadbaf45d1aed50960f6241e76,110.0
4995a41d93df085df7fa8829202f7a06,110.0
40eb4521dafbb310e123f62ed4c20225,110.0
1110dc7c2758d3b492037875d703da52,110.0
dbb869d4cbd925955933c54f00e0fe24,110.0
9cb517263961233b2a975d1381d03d54,110.0
d3b82693817c2ccf2cb92fc2673abffe,110.0
7a7d13d8c12d08f68dcdd14385e7c1c1,110.0
5e3ea4c0dc7aa8e9c0596346240b5763,110.0
fbc9cae9491fdb57ad460f1282a36bd8,110.0
ec129cc1eae905b8a97bd912589a9783,110.0
6136b5d470b828a9ec9cf20a1031cba4,110.0
aa71b21388b99444414a772acde9f6aa,110.0
3acf3c3d3ec1166c687b53e929e2093a,110.0
fcb92e4be42c39876eb005a1f8a51e46,110.0
0edde23ca18770904c4a9f6a53168de2,110.0
f2b88194d68ac45551d759ed2afee2bb,110.0
9f63cda61ba29ae3189ee28f4056e4a8,110.0
81322889d3baf9fef4282fe5e8a58c00,110.0
e0b0809fbdc11e448ee71e40402ee734,110.0
efabb2b271a2d7ced97c99c3cbbe3870,110.0
09bd9c343926f0210c6a4dd9226c9246,110.0
eb1158f6f5fb2c865dc3dbbdd8d179e7,110.0
7178f347b7b8ef2035bcdd1f53748466,110.0
adc5ab32626c83187d0614706e1a5e58,110.0
adaaa45dbbe7db528b046b5d85a75724,110.0
16c196b91e10e2022aadf70716c6049b,110.0
feed83d6f5ab7f11166ca09074380dbf,110.0
5caa2cc38f5ac242eafd865a1bc9a658,110.0
5851e07c5c83c1049ab80f808fa6a582,110.0
a7d431da1da2c65d5d93b343e122d2ab,110.0
dc1834da069ea08c451cbb03961ee644,110.0
1c5a1cf9139b1ee9d22154f6a1af7954,110.0
da89768d5e47c76c1b3f2694e6c8f6a9,110.0
d23d4ff3ee87b209605f43e680f575b6,110.0
c3f03ad00c3a59d7e1be8376fcd6e9f2,110.0
a3b90c80f2af4c97aecddac0729fa737,110.0
2a55b31985ca766806f4be2033977429,110.0
7dd1463208b208ccf68a5bcb0d515da4,110.0
2415312e36eac3ab3819f5b7f32522e5,110.0
3be9371fc3606f9f4572254708def45a,110.0
86c796d4eb109a1f7401bd93f78c494b,110.0
69e2b2d99d8483a0f04bfea21b2f78ac,110.0
41029da7b6da5d01717c78a149e30b93,110.0
e9f0f330ac3c58844cd2fa68b057dace,110.0
8921e13b140c42dec5109ed446554df6,110.0
124ea0ac4cadfffc49227a24235871fe,110.0
2801a08fe1fc553a603da319ab543e76,110.0
e03322e99d1228607781f6db2ead35fb,110.0
fd1e50f3ce2db50782c28634fffc4839,110.0
f7870fc91dd0683f8cabdd751cffe1fb,110.0
89a12dad07be05c332441a1869b89436,110.0
f0b166f8352e65d1abc1567cf3d79873,110.0
4ae745c1702dfdb655e2c1147289887a,110.0
e34d16e0a749138a229a81ef1844fa76,110.0
d2062ad0a3a3b45b4481f6b95429abea,110.0
88da9ca0d179585f4c09cd62d71af872,110.0
0c9e08509ff45e0c83521320abccc79e,110.0
dcbce6ecb10a44cba2e0fbe5fbf63175,110.0
522a49d1abcff5abae18f39988f43de9,110.0
0949cf9ee34504ff762ed1d80b2bca60,110.0
29fe805fdb52514ef2b8cd76491d1bba,110.0
56e40c6941d4143c3e969ac344ea0b8f,110.0
02e3c16610531c771a70c55725f36cfc,110.0
ec90d49ce6c2e05379813459bf41a90a,110.0
22b28d7e0b56c8b79532c5799afd05ca,110.0
ee2ae4200c019e2d79caa3433262d63b,110.0
d263a9460493cea8e4a22cab84978735,110.0
fdabedbba76cf0308dedcd99afc66626,110.0
1248e4a168a6a8319c2c7a043143c65d,110.0
7f5c8f56535b9c3dae5d7edbbc03849f,110.0
859f28742567ec1ff37448113ce81a6a,110.0
b6a347b55c80817052b0d04c1299daf3,110.0
481a717eec3e7827248545fc6f0f7164,110.0
93c4960d58cf80f39108c219017866c1,110.0
7de6a31b13eb6248852dbdf42611015e,110.0
8c3c67c044aa796bec8d59cdcd4c0395,110.0
8564c8eb40ddf62a647270bf91a1fa50,110.0
0dc4a355b233bf1293b73157c381c3d7,110.0
9229b64a5b32e5a03c5f13463f2e256f,110.0
3d158d713800b81de221f62cda93a7d5,110.0
f94b96a35f591b64bb724774dc3754b6,110.0
d4c85a033e496942839f448797611939,110.0
0f45c6bd4d7b296a3b3026a0b05196a4,110.0
d361627a85f0e2f6857c4dae798f1b75,110.0
d0ca4d9e8fa6fca510ed593effc04df5,110.0
4285bba25f27313e67e052c29d67d0f9,110.0
14acb30bbc064408dcb8cdd3c92b0c97,110.0
2dc21e7d19d6f6d6a2acbefee0b6e77c,110.0
cb5326390885135c591b7d2621a37aa1,110.0
47729014fea93d77963794163d157644,110.0
6e2e17641815b48dd565b5c6506a4891,110.0
e71ea98044f54ca22d2ad0e652334d3c,110.0
a8a4952b701b04202be1387a00994c4c,110.0
c0dfb57c7c700f11633aba234dcce6b7,110.0
fcf4489206e85420f841813c98df6e33,110.0
553445cd0424821c124c5920122fd73f,110.0
dc2b3dcd05d1ae7b7e07fb6ac14bc26b,110.0
9dae8a64d7519a6a011095a8f5a278bd,110.0
a44fcd351dc016bdf79484e2eabf9392,110.0
c41942f9066d318a16a84e5f467a7919,110.0
249e03e6bd09c9043273de4e6532aa76,110.0
8bd458d28db5db1848ac4475657b3b3a,110.0
83fdbc7a2c69f371538d61721ae5f507,110.0
52b310d77f49ba824555bf81f1c93b08,110.0
f43c8311767ccd0e12cd41fad287ec60,110.0
eeb655491e6773be3db09c8e33eaed19,110.0
1e34d5f2f76b66a767e02d4fcd550847,110.0
a193f232b6bd30e4d5d62cdffb9762cf,110.0
5850a1aca7d07248dad1103ad272341d,110.0
8c86456e3bab61544682dfc5ba35d3b1,110.0
2e3053ee55d4b333b97718d232cef54b,110.0
d23bd4ead6ea60ccd83d6c36548517af,110.0
002ebb669a34b9e79c88efc755e95322,110.0
304c8c302baea45729b11b7b75a5de2a,110.0
6a2e9d44729494120fbb79c7a642cf98,110.0
99ef4e0aa84f8a7c85798e0555f76b19,110.0
ea46ef6e4c373d5c41e9e7afdffd159a,110.0
21fc955fb24ddc67285298ece594906a,110.0
39aa3bc114b6574df1c7fee96f24199e,110.0
22d503cfcbf60af5fbe6a0dea1b48102,110.0
38d924d151edb55aaa61217e9f319919,110.0
9eda24aa97adf5bdf194cd0bcb745aa3,110.0
ddce998199bfc22de1eec95cfbba9ca1,110.0
ee7b717223b68b96062227b4182befc7,110.0
b74d20145cde38d487137296cfcf24e0,110.0
09352cde5645f4fa5222caca529dd24c,110.0
477b96a7bebf346f0b61baea85b4e2b9,110.0
2090ce99e86d467bfffb7fc760673b63,110.0
ecd17d7244b5f9e46297d976aef1cdd2,110.0
39b99beee67aed8ae9553366b6f79de5,110.0
aaafc20a8e58530ecb72c7ec1f497fd8,110.0
e1acb24c641c58eb83c5bbcf4740dfe4,110.0
6c8517970908e8f1ea1eb8748e7fe6ea,110.0
11b5f83470e86b06f220fac828043b54,110.0
66538c9da66571088de88815faa7ee9a,110.0
5b5f98e66538647d1a5ca7826d8cb1c9,110.0
c6f626e33c38ee4bac0c4fe01bf3d932,110.0
b2d11e9b51fedcbef949f55c89f4dc84,110.0
725fd041e8ecd092854a36490ad74872,110.0
e4c41bebed7244008560be0c59fbe6ff,110.0
661ab54307d752dcc15fd85d731c0999,110.0
e6182e764d13472f7fd00a571fc71c0c,110.0
ed3cfc1db77dc98f707d942af216e4fb,110.0
455af6f8ed15501f63e2ca8dbe6f37a0,110.0
6e303063ecd7e907ca5bd3788d737dbc,110.0
572809338c1b14b317ca25b3981cd133,110.0
c2c60fda4c26f349a5d1812385117ec8,110.0
f8b67d327058afa39382991d7173b1d7,110.0
016fb9a9ab3b0b9f1d9e7438236b3fba,110.0
1978aed6ddb95a376254c94bcc3ff6e7,110.0
56d173fa525c87c279927cc4a62eba2f,110.0
5b4eed64a1e8421148260c2d88ecd047,110.0
16954e328eb60c928b51850c43b50066,110.0
99750744559bca1f62c527b1a7781167,110.0
43e2c04ed657fada56adb13d4318760a,110.0
914814ff08304c2914d4de10a8ca82e8,110.0
5526c61545ca42dee2147b429e9f0fb1,110.0
35aea88511c8610032abd3dfe755d0d1,110.0
332edb33f8fbaa91e920ed3474865c7b,110.0
667c0f68dff62a45f0be6fe6e944ae7d,110.0
b25242aebf03ddfcf46480887d9bc8b6,110.0
cfd822f4016fbbc916acc0b4842ad951,110.0
c686d5814e8f8aa6049f8c55eb9c21f5,110.0
1fe4bb7f2ece4888bdb2a9d107cb9fbf,110.0
5860b5d39dc0369205b146cbd32b50b6,110.0
92b3d4d2f79520dcb1433a7be39499fc,110.0
ef60347fdedc32a90d201dabe721b525,110.0
08d60807ea32c90570919ad6b1f0b0d2,110.0
e22f85590d676d5b37532c7d5e8347ca,110.0
28a760962f6a7ad17cfa070eeceae1ea,110.0
5f3487c31d0fe9c66b79c1cff28da081,110.0
11de04a7a9eedbebe771d8c816b2db3b,110.0
b4b518d9d26948512124bf30d3df9c7f,110.0
7142bbfac897d769be7eee19aa1a9242,110.0
d01a0d5f072e4a5c62456ef612fb85d4,110.0
6f871c46ee705cbcd7e7a24a97db6c95,110.0
fd72e5a673c5b0cb41b16a6415e622ce,110.0
30a659922d45b778895f185450b8b730,110.0
3f5701195d1f5ade3e5ae9482962b89b,110.0
794b23cc669e1a76c2e5c363430bda00,110.0
5d92dd5eb8116c8d01b2aac78ece950b,110.0
d849f901a7b414b1c55da5052501f168,110.0
34c77e04dfcf650b34a877d30b89bbf5,110.0
72ecfc69f7d90359d9bbf70530a340c7,110.0
9f4941a3863ffce26f87e9bb96d81c95,110.0
1b98448fca59c183a283c1ca730759f1,110.0
d120c21be52a1136c423dad6a50a75a4,110.0
cd76fc0e4f0234fc6bdf0bb3898f31cf,110.0
f16d43d5d628050388352f38cfa97c4d,110.0
76b41d10f61d519b8585b4e873e8a854,110.0
e79ccfb22364f3a40ff2ecfd199bb8f6,110.0
ed6f8d78ff7bebeca70e3cfecae8eb38,110.0
cc2442429887bd07a42a7481aa55efb6,110.0
932855634dedea1d4afc7a247afea5d7,110.0
e29679a0f9c46f3c88b77731fb9af798,110.0
d5e903e57b44bacc475bf7f008fa2f1b,110.0
cded83132e79be0923973a9619ba8435,110.0
0971df83869ecd83b4282f773573bff3,110.0
faff147ae6331b4c764cfcac35a8a20d,110.0
7eaaeccd5ca09382ddbd7364793f5d55,110.0
1715df4e75c7b532c711759cac4d4148,110.0
1f9da3850213ca78896a0c08e41a5f06,110.0
421c30a5daa9f8c2529a73e1f9152a71,110.0
8f340281ff5d3d7ed4d8e4867a44b281,110.0
2b888cee24b7d0fedf2ca668d7165db7,110.0
441de7dcd3d15a1375a2d347b64e21f4,110.0
ba436f54e032969c460c78c4791cd316,110.0
972ef0a10807f5dacdafdd7612e12324,110.0
cca42269d9ed5030a5952d9abcb1722d,110.0
59f64902cee384830e287540b58f98cb,110.0
841d9849f0dcd896650fdaa9b8807210,110.0
9e63980f2ac755983af98be7a236a234,110.0
00f31970034cf8ebd290529f7a97beb9,110.0
22e295fa2af8d7eed44d5821a7a76dee,110.0
250ce9dfe50e99c23fe27a267c718e49,110.0
7247106f634d1730b57da177148bbc0f,110.0
cfe96687550c3433cb992a3fc576084f,110.0
a231b125960f091f4d3e96046f0b8bdf,110.0
b25d246218db68891876e79b3476038f,110.0
31509a3a88210ceda20f69725abb5225,110.0
dc08b3b53ce8c2f1740f64b4c560f4ac,110.0
b2a18c78c1d96ebdaaaf51731c0c45c9,110.0
ee8e1d37f563ecc11cc4dcb4dfd794c2,110.0
3888c042e9241f12d3e60d2323e3bc07,110.0
8a6f41f613047807293074456ba0229a,110.0
c8113333af250598fb17338445dce4df,110.0
638a9c5ee862d737a4adcddfbb7159a9,110.0
3f3aaaac1d9df140266ee77970735eaf,110.0
55de564d672d3c27195edbafd4265870,110.0
b53d492bd12be0c61763877147a919ed,110.0
a7de9d0485ae7a49baa9c2bb70d49464,110.0
97f19f7deab11e0f6c9384154ea728e3,110.0
3ad02fe2bf2d16df3b997655e62e7dcd,110.0
9676d1463343021fe194d0588c06ccda,110.0
ba7550bf468f7120b9715406fe84ddea,110.0
a990f3fb0ef120ed85a3ccfbd5c89090,110.0
831bff098a1eb6eb624b3e6e1a537183,110.0
fc3e2bb348a71f88f2fb3ee30a3b5750,110.0
2074276f1cbcee59fc01ab7b591d017b,110.0
691f8c3aaf876f1892786a22e30ff785,110.0
e551243e032114d31747d08408a73bd2,110.0
729757803bd437f7cfaf568d4769b106,110.0
f2b7336ac3fe71e13b8232380cb34a07,110.0
e1cb75c4e9c635beaa9c4f595f75d36d,109.99
c59308d2a8b807a93f3a7d00e9f2b222,109.99
16fac45765973778094395bcaa2ba122,109.99
664277e10431798b63a9e7d48be4498c,109.99
63c0e998a8a49b7937fcb229c96c968f,109.99
1521c5e9bf82979a6b8794e90692097d,109.99
ac16230fda23be062901fc1e9fe7979d,109.99
933bab0e42c2ca412e361796ba65cd24,109.99
b8573f83c3ba6abfabadfe32bf332f99,109.99
38dcf8cf731c02ce3c72c5279307dee9,109.99
e6c4ccb0245f6543cf63f264f78b127d,109.99
4161d3785c2c4c6517a57143ecb0c466,109.99
1faa8235ed57dbf4adb767066a4c5993,109.99
3b24e072e212ab877ec93ab12054d5de,109.99
cbcd51a7259d2e00eb88ed4ae42f9da2,109.99
4bb5570552abd163fa2f64736eee112e,109.99
aeb0f0b842c6516b8ec3fd2d16a473ed,109.99
1b36cf62ae1e4c76b0be903a75c4d52c,109.99
c0573fb95d387c7d26ee75592bd66991,109.99
4a5e97c2daed37ddfb41657123120899,109.99
09a0486222db9cfa202cdc41036569a6,109.99
91b81b40f58d76adb310d312bfe6dbde,109.99
b66dc7dd3528076160bc42b0c89207fa,109.99
54567959bcb46224d38c717de98439f1,109.99
b205df5e86441d2b2f404ffc0c762fe5,109.99
6b6ce6c8cd50fb6696add6fdecb1a574,109.99
5faa2a48a9d5b17b0d8ab1efbaa39a42,109.99
93732ed72146ae356dec2a111f0879e1,109.99
e221c5326af90a53996f0e997deb2371,109.99
7b2202e457980bbe38a595122736116a,109.99
e984622ea4af8f2f8c35ad8eb48c7362,109.99
f23ee5ae660d7939c947e772ab522000,109.99
a875682b67eb7d30c5fdd0408711e669,109.99
25941254085022c9513a7b83203bc2ab,109.99
074f61713ca4ac97f029964c818f26af,109.99
3d14ef1b615443e8569574ccf4c70ffb,109.99
ddf11cd7c5aa41d78e97d674cfa535bf,109.99
5a6f60ea15d65cda6e7cba5b4ac8c735,109.99
42396af504e7592889a5e54951ce2cb8,109.99
f8c5e148930307b3a36a6674e7001d6e,109.99
10606ec9144627ef888d2069483083a5,109.99
88e101a3784262186585131b80bd3d49,109.99
c0cec5fc3063db1248cadc8347e223ab,109.99
a746774b7095aff23fd5bbdcd85c29d5,109.99
2b9ce46a222ca88284736ce346d405e7,109.99
20e939ff61a38393bd8bc3f39f1bc396,109.99
c5372d4fdcf5397b397afc9ab236163f,109.99
216360d7df0e08d493f369b39a5fb69a,109.99
2d83e8ee0c505cb36c7da0c911677101,109.99
e5bbede7ac897293d9132cedc17af3a8,109.99
21f9e4f6dbf8b54c4d66b6fcb3c2d837,109.99
8bcd44b6828a0fcfb459b14f5c4a6ece,109.99
cae0b63186de49bdd6994020dfc98ec9,109.99
7e78ca348b74ae556080874a6da47db4,109.99
0530963cc6bdc31ca98ac61d7514efc3,109.99
b7594fafdd45711b75ec17b8d3585215,109.99
fa5dcf7e8ad9763d4f516596de111263,109.99
04195f8de16121e6ffce0022c0cf4cb9,109.99
de8d5f6d930d3af55696a28ec701cb9d,109.99
a0227ec32ff282dc027d2afd5982ba5a,109.99
50f6c271b53735b0b626548afb4e50c4,109.99
3135801869ea8e2206ce08a16ffad3bf,109.99
b85146a2e8b192329a2091efda55d171,109.99
e205375052eb5cc6f37abf55bac53c74,109.99
a1b9e0e44dbb043645cd14b00849a705,109.99
d901eddcaecdc97febda055ffb0fcdd4,109.99
4a085f4d1d6cc706d5c910ed349b55ae,109.99
2bf704d49c9b17be928e46bb9914f45b,109.99
aa294c7d7d7820cc338f7c39e08f93fb,109.99
eb4dda0b74d4100a8fb5368702e48c7e,109.99
5cf5b3de76c53f7cf0c8b9a614318002,109.99
3d467c5762bb6d35042b28517d723219,109.99
0bb79aff5bf618a6f3bf91fd9049b9d8,109.99
8193ad96bbfedb190cb2ed97d48bfb85,109.99
d2d16e9dd973b2b3d164d55bdd6f7614,109.99
5434dbc80a2451a651a3fba4997a9b87,109.99
4ca1f1bd388a5af187124ad7b223d640,109.99
c54f3adc4e82b43d49101975a9bedb2c,109.99
54a57e9a3557ca4215104d9b58fe7df1,109.99
820b092204a360812250a1e1d6d53f20,109.99
0a49cae060b40b5446c56ec40f7792c4,109.99
a7288cab9fc524abf65915630e66c73b,109.99
bdd0f17022455a9b45e7d5db47fb6598,109.99
9ba4c0b1c86b786749eb88bb23609566,109.99
7a488fa8ab38cf1c5fc2a7d95a1c84f0,109.99
1f379abf4e56ffb85af05ff3bfad4ca7,109.99
f68eca02badcd55a6836628f8794f2d3,109.99
8578b195ef00d35534b548af9e9a152d,109.99
aa90812c60112bac39cefe1f2ed45d84,109.99
9848fbc1dfe5dd0a731691354340178e,109.99
52c68a7d3a462c7e1ad2fea471dc555c,109.99
aa6d4b904d1e9b9970f456a37f304ee2,109.99
453cdbb7bf3b55c4811175bbf25730e1,109.99
7959f0273106fae265f111d071c1fbfa,109.99
d2dcadef9de4bfc87ea65ac2ffc0d853,109.99
1c225b9fdf91a8323ec6c5832c83bf07,109.99
e773252cc3222d0c3ae7694b271e2e32,109.99
3ae9d43ff9d654653047e514d0013dd6,109.99
08430efea96cbab3b50290167b85454e,109.99
0a4e3807c23f486dea9adbdf8c73a70a,109.99
076933dfa56c84230b2965c7cab486e1,109.99
1409d4984ed93c6cd3098952b9ff8ff1,109.99
8b2b23a05a38be46121f4f5d2f0e4f99,109.99
f2e4b661e1d12af79d91f0de73226ee4,109.99
7ca383390f38031938923c14a7869feb,109.99
72e52fa2842a1f436977fd4a332dc199,109.99
ba00af16d846533769f19fa6c87aa62a,109.99
18028d2f006454a2d7d05fd3c6e56163,109.99
0cd8afa06f9985eabdce1fc7b25c7de0,109.99
e012154b1c49a37cfe760845e853c544,109.99
7ab117569d5043d293189b8893b5a12a,109.99
a2201a196851d833c88b932614aa23a1,109.99
9890d391eac598a0bba5c6b6be617388,109.99
ed111f1470402580cc3b74ce1a728fa1,109.99
edbb1df7ea9f65dd2a12a3383ffe79ff,109.99
19036764f4047b59ae815a2cf9c75c62,109.99
0f04f03513dd14f705add51e885ecfb7,109.99
5d3c3a68213644e9e062d59910867cca,109.99
236423b6751e8c624b3e72f25ca8adfd,109.99
2b98b520582527503b1ccb5aec7949a4,109.99
b56b195b117a62d8ef46813504dd810f,109.99
6aa6e3750467bce6dc1a4ab34cd2456b,109.99
8616224a68e368b807b4b4256568a570,109.99
c6dcc1dce60566f15d0ce235d92afeb6,109.99
e02fa85f41de6f8e420b317a7e3444a4,109.99
7fd5064d974b0d44fb17dd7fa58c9ada,109.99
8b5eb6285132137324ae38a3f8c7d2e7,109.99
729be0ad11a9af7df71af2e9697e513f,109.99
b3fe927fe3f77e84b15f4677db150616,109.99
a7f4253f2a560d4035c330dcef235b74,109.99
96589e8267dcafad07f9e1137d8089dd,109.99
11862cf00ec1d9f5067508ecf1252790,109.99
39b51dbcbd569ae76c53c51b8d806070,109.99
61762ef91aa772a783ab6a270a91da96,109.99
be9b4677cc49e1c4b270e489033ce381,109.99
99b713d753764b3169c1cae913d89f73,109.99
88be53564794fdaa3dfea3d669e835ba,109.99
20ef3d9f79879188544719d9ee117243,109.99
74275e53bf0e6630c489f669cb3a8b61,109.99
991269e5569befcfaed423adcf73905b,109.99
f705ad1fed8572316d5202c1affab472,109.99
793c772a9aed291ade39bba058b49358,109.99
eef3943a7e9119be2eb17f1bfc57e336,109.99
6ffcd8f5cb5232da06e9ce41e61f8c8d,109.99
8640e6b98222ae7c5f794b839de74a41,109.99
7ca5d77901640418f5f1c4cac9489d2d,109.99
6869e6ba48deeeef410aaecc3db3fcb0,109.99
ecc61d0a88c7d1634a8e592121e14e8f,109.99
5bdebe0bf44ced6aa0ad9a97753e5776,109.99
4130c43f6f0a00ebb8fb4c21491fff0f,109.99
b75803a77ce14a9faeb967beb208ceef,109.99
12029efbcd83212db276db34e8d6f802,109.99
34c7b7a43f4fb3c649c886dac07f7125,109.99
fb31ed397fa5c984ed2b93ddf8d57701,109.99
85b33bce9e1e9b9c05c0a2e30385cfae,109.99
cfd081c4d5b83a60af99aaee52396013,109.99
9eee19151f5de68f264d26aa58c990ee,109.99
8a720123cd5c180513f6340bc717824e,109.99
2d24fed1756a77452cee7d8dd4375c61,109.99
e8d9522aec46a24f049b2db9f06dff9d,109.99
0eb1f7243ce47d7b87fd0615123732b8,109.99
a610735ee9b5d6a27318e3fc58ea14ca,109.99
5d939e33176380aeed97a1ca037382f0,109.99
3828e9ac69a218aa2d5bb317df7e877b,109.99
d02ef0ceb79629ac39f9f1ea6dfccac8,109.99
55dacd547a813a182aa5c6033382abf8,109.99
748c99bb4e4102b01c3fcc04669f8940,109.99
0324667bb97f2048e83f77d282a75fb4,109.99
9fc36e91a2c1861c95f1b15bd89a77c6,109.99
4362a6b470072e513cb7305a41985321,109.99
4d72e095237b53ac52c899ad48dd3deb,109.99
db2aa09091760daab8e171c5575ec2c6,109.99
d17095ba4834bd45133ddcd35f5372b0,109.99
94b0aab2e79d1fba20520b2cef320dc5,109.99
b04d041da05c2704d29c6945333cd08d,109.99
d8a05ec10db32c4c93c60db812959450,109.99
3f0f5ce81e678837acb15eb66f8f90d4,109.99
cd0879cb585fcbf74a2cf9417bda2362,109.99
dc520404eec2487b577e0c13a64a48ff,109.99
97862b5094f2c4333b42a6d9e44f9a6d,109.98
0097c5abeb126a90646370f4a1cf3d93,109.98
1019f41d437b5b58f36191421fd791dc,109.98
521aa980b64c8bdc793aea903e19133e,109.98
f3a7ebd01294cc0c18f30693542694e0,109.98
188ce20a1f8d94228fb9aef6c25aad13,109.98
379f4366f5dab3fe232d02b8432360dc,109.98
4d50896718a55276372bd97bc8a00fe2,109.98
974673840b08cb1219003a3f2b6a510f,109.98
f5b4fe797bf417e8f22de510decbf3ab,109.98
86ff82570097f39b2193254f540e4a69,109.98
f5030047617e208f039e76966cce8406,109.97
d614da50a33861589e1baa3ff6ffe610,109.97
32e9f39916dd3afb917ded71c283b62e,109.97
4f3917403e70753c86947d454697fb91,109.97
11f1758efabe90a88171ddb8191add91,109.97
5a6b832708217e795c324c1572a0e7ad,109.97
89c8551457df83226788430ef4e44e2c,109.97
8476159dad022ab6538d74dd83c70d95,109.97
c6c138e91cd9b75b300f8d5181f622c5,109.97
2ef05bb610df107c2be58cfc4208ac09,109.97
82ddfcf9438b0cd1117b55ac33184df8,109.97
7879403f50f60335295a3a05a92e3b24,109.97
0d08ac02306e9499991c9d47a434c68d,109.97
40ffe3a318a047641bda2ce07fb12b6a,109.97
ad145ce80d256cb7234084bd8c76a335,109.96
1311c060491c69cd608bd37137f49898,109.95
84caf560da4490d5fa39fa676442304f,109.95
554f93da437c4a70aed87dbd4f3dbe0f,109.95
ab610365471b25b2b6d3f055bb3d69ba,109.95
c78bc72d6f37cf261d7a381fda4bcc82,109.95
351e25c72198b7d80b310f8391b8b222,109.95
b70ae91b190a35c8b6341211d3b10bd5,109.95
885b56453045dc6b9911e37f5a3e5e12,109.95
f952ed83b5d1349c0e1cc315bd7c66a1,109.95
668e2c11ab1df90de33d1cace27c1840,109.95
9f6be05e886fa1fd2ef494672b435c6c,109.95
01cd1ba7ed9bb74360ae8d7b03575b2d,109.95
e3760886106b30a851372af1aded2408,109.95
4906273f1863aeb6e0da5908e33e8cb5,109.95
03b5e23eae0971b9eb46cd97cff21a60,109.95
95428d5dfe353e4188da40fd3f81f918,109.95
b32986c4d47912105f4a9cc6d0b3f631,109.95
2fe8e52fd791b40d67606f946c3a88ae,109.95
a22db2cb53749ccca79f1fdb47d4a4e7,109.95
ea2beedba4b1cd18d537cc5ee1fe89f7,109.95
75e6c4cd1f1a7a1b4e1ffbc53a3942ee,109.95
82ee6cc00eb5d6c88305f81e38123a22,109.95
40f93a99ab90718f8a7587bcbb6f87a1,109.95
e5d57b03c5c860a05939cc4ce173af6a,109.95
e3f1b1c4b98f6312e51439b307986f10,109.95
d1131794d82aa36cae0aef34908b9536,109.9
4a929b369cfa8293f0a22f9a65ad4b1d,109.9
973fa080350628683fe8a8147335904f,109.9
02e6202903c54e4ad1b6cd9d9bc61680,109.9
af8b83567bf08fb140505a1b95c895b7,109.9
82a6cf90eef165080973fec6d6dc8910,109.9
1a221d573dcd10a28057c85e2929287d,109.9
bc0003d9194441325a51853874f8b0ee,109.9
d3b53c616196bfcb7286e2ad8b9a7df6,109.9
cb67357747667b594aa6d47770e7334c,109.9
daa9d752a63760207323b45787f44a42,109.9
a43fe83066c22526686da7a8a080b5b1,109.9
5cd6014b029bae9f12a017b42d61ceae,109.9
df034b70a93ea1cd89e82ffc7b0b45ae,109.9
239237f358786f3f58304735a5ce87c0,109.9
cc2073aec7e0f16d7ec50c7cce9a2196,109.9
dfa72a0a96072c02965f24972c7efbcb,109.9
6c24d5af84017a7f107d5339f00e25e3,109.9
30d7d37ad953f4fe5578df7bb19e020f,109.9
df616b558a4fd57856183451db38cbbd,109.9
056827462dbbffcc91782f742346c169,109.9
65a6f4c14c4f4d24b78e093371a0e0ae,109.9
232fc199e2c1159c64a569a38816e593,109.9
1da06fdbdc30694422db7444851502c4,109.9
2fea4e537f4cc4b084e036ff9f3ddef5,109.9
d1b933e07f5326f19fc4be6e7c02e39e,109.9
654822911a381dd5c804318a3a555e38,109.9
f5587866e99f9081654f4dbfa7757d28,109.9
6b3efc29f67766dd725bb29e857614f2,109.9
2076f5cf507562f37d5afa2fa2405bc5,109.9
ac578952e6d0be848f907f8c4f4ac86a,109.9
4f7c8c8a0c6a897ec1bef8c92c8959fe,109.9
ae9dcbe30bd251c9b90cad95ef84a150,109.9
e3e00b7ea484ae1ef4b76737e3ec56fa,109.9
3ea9d5100acf2b7ffe45e68b545c36e6,109.9
cee3e95e0b9944bf7c7c6881c286564b,109.9
fea3ed32e9d3eea5878fb54a399461a8,109.9
9bee3266e0057fddc13b5e3e791bd52a,109.9
52e73a5d0a1d4c56b090cd70e0d678ee,109.9
354e673f37377b827a159145807ffbec,109.9
2ad4f82ba85d382d9ee497dbe68d5c36,109.9
c9449e3fd9b76b6495a0fdf2a49e4711,109.9
0057f8b7c332d630b992d6a8ca79748c,109.9
c2876736e429637254a91c473ec60c4c,109.9
84c25336ff90f2e2b233e6df15840570,109.9
071130e3d980f8327e5348b9ed889fc4,109.9
5ee78fcb306b9b6f586a4e0add28b5a3,109.9
0111b8c89dbd979f8d35037954eb6a39,109.9
0338fb809c86eb60e7c6ad3b69a8a33b,109.9
77e7e94714e272b6ec89e74ee4a2c3bb,109.9
3048281f246c7e5342d10ac837c5c8ee,109.9
93266af05292c1ab5d4c7defe6bf4113,109.9
ca7eaeb80f954232c07a1d7a86ca342f,109.9
d3a9e9011a910ed8c3b29086a2eae256,109.9
dcd8a1ea8b120773a6ebe2e92964fc22,109.9
b10f350b627f87c6fd77d761ac7e6813,109.9
f1750f5373f1b070b0bbc8c695aae130,109.9
e4ca07270aaaf398aca7239ce3234357,109.9
af06a118d5baeabd152479e412267333,109.9
611488d76c006441b6a4ef164b3fe64d,109.9
c7d1d1f9c6ed9f0d7ef358eda44b9e71,109.9
b064ec71d8d4579837d0a3e1788ce986,109.9
d43dca5b6e770255a2c53f2b6520be4c,109.9
f82d1748ce83a9e80059f6d52151984d,109.9
a51f150cfd7371d6cd88ebf0da50b03b,109.9
d4920319900d6186b42faaac5234357d,109.9
c3812dedbb82a8b342df8c1625420ed5,109.9
359ef52d8f7d03963687f1f864794d2c,109.9
2e1482ce4086b423493b5b5a488f17a0,109.9
a87ae15da100fdfd87ebfbbbc3b1c3f4,109.9
d84e7210215ea4e41afc01709a2a9124,109.9
a562db3c7cb9a68947debd30879b491e,109.9
da79d4dc6d443cfd01804d03420c90de,109.9
fb78c8dbefdc1d9fec4507fe77045390,109.9
d03b00f4fb33c630010258903c8bd705,109.9
2b77b28f50ccf9d13e149e374192d7ed,109.9
272fdc8db0aa254166fd532d2bc99fa5,109.9
0c2df703f6752ebd02a6c972086b4c80,109.9
e4e471f37f9bf6542ae66be166142638,109.9
f64c5c8bf30539df8a8dbf8d2487e83b,109.9
ef4cc5183ddfe11d6a708e99fb6ef2cf,109.9
0cea363db5a2d424a276ed967b12b062,109.9
3ac8d3d63db74e05b7d046b8bd284487,109.9
6c5a6b3047a0bd11c828dc61dd4b4ec1,109.9
61d45ec37d1586fdd55b23b4f696e27f,109.9
3bd7644308c830aa185f06e30c03a4f1,109.9
e8f23326e2c34831368372a3dbcf8ce3,109.9
eecf2b94cdbe9ef6245fabb5e091c987,109.9
fe1873139d1f28e781baec43b34caf7a,109.9
40fa92ce8b219824246c14322273f980,109.9
7f98b1c191f40cc88ba51d1c70383621,109.9
ee92860167192bbbbf68f161674745e1,109.9
7d5c057a83d5b12165717b6ba3b9adaa,109.9
6a83af9332194f84c136dcc01d261cc5,109.9
418e716dda4e353467a4f770a0bae939,109.9
67e458f934b8c189096941e98a64615d,109.9
1628a7562ca4ba34dbc6b96534e41a61,109.9
2ee98b7475ef2a2a5824aec59d1569dc,109.9
e9ede5481d28f0d62e9ac3b6a839d7f1,109.9
6a2fc863c33f70f985dc83ad2233acc9,109.9
96526ba241a6647dfdedf3468b07ef8d,109.9
2e1e64ba1552ef64a0c3c4c29caddc35,109.9
af7945915ed20b1c68b178280bfacfd4,109.9
46e11b1fcb5bcc20e41969f77df302fd,109.9
2f8c07cbd57c27226a1db824670fe3e0,109.9
a17a4a79ff6a1a16306857dfbaeb21b0,109.9
a49a8d627171eeff10dc5601f2109971,109.9
5cfe4fd9c19847b1ca6e3654d1f2e23c,109.9
493705fc389e90a33771f1522b6008cd,109.9
dd9f8feaf3346e1f9f51bfb836a97151,109.9
95478f5c3c6dd56be5a6b7fdbda36f6f,109.9
5add6659c12e55e5d6379c8ce5786512,109.9
7f724fa2f7a20e5b6810ec5e9585771f,109.9
c38a80e0350ff3bb0771ef23799199c3,109.9
e87ec36a7eacb7f9f72a5a650cdcc0f1,109.9
a4551f4d139f486420dd1a8bc2b3aff6,109.9
21f07f10952c958916e066054b024589,109.9
986984da9f2ee3656b19f0c0bd10f097,109.9
734f7b3685cc131dd8f6843e53321d91,109.9
1dd772d0efe564f57a787c82c5fcdd87,109.9
9391729f79cd9e5fd7ca884ca030f579,109.9
103cbbe2fce0fa4f691ee116695f2744,109.9
e9fceae02eaf49f88a3332048e249b0f,109.9
860e15d47900136730813e5eccb78ef4,109.9
993a144bb2476f75dedfaaa4d1f3d213,109.9
4d6c419b936a841d738247d0800f430d,109.9
6f47bf761ea5cbc060f0ac4b4fce666e,109.9
2a20743119a6cf1759b4ab642bd825cb,109.9
3d64d81cb7d22325994c3ef4ad93d2e0,109.9
ef7853389475cd296ce1a01dda4babd8,109.9
4d3f111a7518b43408f6cf2d1e3979fd,109.9
2709855b67ea20424f0c32198ed417c9,109.9
6c8dbd47b5da882fe480a47f2b8a9b4c,109.9
3f7738efc416bab23c48f5d6f701c693,109.9
3172fe335c9b335ce749eda3b7c73bd3,109.9
def82bd2aaf543e4a7ac20d87b8c5651,109.9
3ac8f1fd1cdf7bbdcc05ed5385ff7b51,109.9
398058a183d74d961177b370d76e443f,109.9
18d520eadb0036b50794600bd20dc7df,109.9
0f71a0b83b78a05118efc4aae3c2a774,109.9
265655cf1f2dfd4fc630004d1fe5f3cb,109.9
7d82ca4adb887b686e382a29b7041281,109.9
d99f288e450885b0341d068671fcf5a5,109.9
adc76ad3f586da3b26af977cc461ffa2,109.9
6520fc39b0d56fe598cebda8bc628888,109.9
7f4f07b97783e894fccff9d72e0988b3,109.9
977f68b5639d23dfb7faf9aa823566b6,109.9
05e64f1361f11d937d6c2ccd3ec502bf,109.9
d576252544d4d92d868e65ab3590cb77,109.9
c23481fbfc70d04153ba7bf389b90574,109.9
c472584339fbf78789a1285447d0e42a,109.9
d7c13c32539612fcc615e44ee3d9ecb8,109.9
d375c23d21738514cf78e36192848732,109.9
45de6c6bb7d2638f72528d49c014795d,109.9
2a29bb358054a0f3c574bd59d4c7f131,109.9
9cefcd762174d8ff524a4e5498616e28,109.9
731dc3e981e6c5c390acd0cf03ccc05e,109.9
1d302b38ec1ada9032082e1049a90763,109.9
69210c211fa9580bf9fedd109e979f7d,109.9
5079d4b0bb65a49c39eda48508899a83,109.9
932dc3b0da4e1489a9f2c57b2b1741be,109.9
9858eb26142f38b5b5ea89897dc07cc2,109.9
6d3a7e32c60fe9d9c65210c893d5d980,109.9
57fd872e13a43d2832a5727837bc800b,109.9
0f9155cd31568214cb42138c1fcfd863,109.9
192c13edf7e555751c8746553b2eacec,109.9
38f713d474b0f92b5f6225ce13b61a29,109.9
034662fc1c391b6a886dae99c70b3c0b,109.9
476a4abbe9551a54f5a9d06bccd2fca5,109.9
793dd5010d9cfa31aa91d5b8a34f57f2,109.9
57a0a8e149ea174b2e511d398d27466e,109.9
aa2c8c8910fb58687458a073d2de89e5,109.9
518af708e03d6d2aabb44bcb48133025,109.9
8840ec1b326ad96d0418daace601c0b3,109.9
ba827769097443c480330d84fad09494,109.9
04c4d353462fcfaab210de05d1870910,109.9
b23ab0e59ed0b8ef4cdb901dcbf5fdd1,109.9
c7dec618e4985d345609d98e43240ce6,109.9
25d7169589162a63b4ef88e30146642f,109.9
b405716abc33037f3150858d83ce47b9,109.9
1c1818667c23015ca791ed9cc78da003,109.9
5fa72a993139ba4e448cdb029f85899e,109.9
02419e623129afb04b8cc41e737d2702,109.9
ebbc53d51a9de79be500ef4db64237c0,109.9
8f80eddc73b9b5abd87ce7a45d829b8f,109.9
c561b36df059630e116a8d6594ec38b1,109.9
96c6c027ecb140f181a93ccee82f84e4,109.9
03fcc171d06123c951b373d1bf113748,109.9
56ef7b991567c06caa6eb5f470716ee3,109.9
c7c380be57726214fae319c1057b8429,109.9
c465c80b3a11995fd2890c759421a7df,109.9
45cea136a7ccc9defbe927fd8b27d2bb,109.9
808ec4d638607e8829db73353f8e264f,109.9
d8dbceb5a74070a393d6e0ca0dabdc8f,109.9
e15cae173b9e5f2349ca93c8c2b10c3a,109.9
c9e1bf85960698190ad550557fa852d3,109.9
35de8ab44ecc9a65225a5ef51294d204,109.9
7da9a89355550dc1056ad9d8a9a7028b,109.9
cd5512b8d3b590ded8ab0257134069c3,109.9
de5636a5bc58bd6f768056b29a4b1fb4,109.9
6e324b09c628136477a8a0f711dec4a5,109.9
60f98bfa86c829d4a3321163d61c0cc2,109.9
52f7dfec08a527c57de6b521b799945b,109.9
b7f23c4d0d5b9253771518139e662057,109.9
0c1cbb5e025152139b7add7bd25df4b9,109.9
9200ada562e42ab28f0ac4b63aded67a,109.9
0f9170976e463fef5abd0b7635de6ac8,109.9
3a874b4d4c4b6543206ff5d89287f0c3,109.9
129f5be9b50b64a218f0fd8a06995a85,109.9
0f80f5e23ab3d4e6c9063262eab8a241,109.9
d2b091571da224a1b36412c18bc3bbfe,109.9
9e896940b0732656cf7a9689c160df44,109.9
d2d0c24e073cb688382000972536c1e2,109.9
9d38b9ddd07205fc46f9f3a9a8e32443,109.9
a1f63365b87dc9cebf0baa24bc8c6b7e,109.9
40a8f1446ae460cac9c08a0e7d9f303b,109.9
8eb5e45df7b0f27cc1a3b7ba46219180,109.9
ec8cbe5ff3ae0f352870c07a3a3025d8,109.9
3771d0deabc4e42e587e579072da89fc,109.9
f8e2c69fceb19e32d3bf44633ef40f5f,109.9
523f6abcfdf9f7853e75c9b6104dd349,109.9
5d919c80e16c86df90faf8ea585a052b,109.9
b79c9fed616f2dcebd9a50302c52411b,109.9
3fafdfce933d4e075521618d2b8878f8,109.9
99cdefc0c0fc36244f69cfdd3fd64a73,109.9
9f573546705ce518ade57eace27881aa,109.9
14bbce4168c96d7ca217983d4ce51abc,109.9
1e7f26bfc1b72023a4e9b1800f281912,109.9
dbe4a02a9b2165a9b01e2e84ff17d5b2,109.9
1d981393e7512dec94db1473ec885816,109.9
ff1389f501129392df8ac3a7f0ed2b35,109.9
5885969ba920706beb8d5381a2ba981c,109.9
df8b058faf864132d547af9104fed550,109.9
f69987b9f125768a2cf3243679536a80,109.9
3937d71d6a2dbee45023eac5b3970f98,109.9
a8274fc4df4680bc6b593c95c04c766d,109.9
e8856f4e0d925e70df96824c0f1e0c23,109.9
76775cae519ccd4bba3182a88f444379,109.9
d74802c9d51f1b7325b03f595ebe85e6,109.9
3e92daf13094e2b667e2f2c38a4ce969,109.9
51b72fc59e69abf2c4588e70520800b4,109.9
f02281ff50731e8a5e07bbc0a45d4912,109.9
2fa99079eaeb1253b9742f6e44b4cb02,109.9
53b5e9fac240fef6f8336dc01cb6003b,109.9
932f6ab5fbf15a2b22564cce2a273fad,109.9
f61cf079d859f6eeb1899dacc1a3788a,109.9
2c413ac8eded2e9d75ec57a12edccce3,109.9
470288b06929cb091841666a22e1296e,109.9
5e24c55ef0779a3c578d272ff7c3d4fb,109.9
5cee9f79d252c40d237aecf38cb30e0e,109.9
2c72a677f4b7fbb494bf786d52269460,109.9
406d563b44f6f53e9ae72f26ec135183,109.9
46eba28813f6e37b470d4896ce47fc96,109.9
e01e9c45a4dc4ef2cbfb266fd92afaab,109.9
bf719e8e0b81c3a7a2ce1eae9c7c8475,109.9
c6405c62925ba71e578093f93a07814a,109.9
0258af3a8301a7331edc8ba02da35b7c,109.9
1cbeca510159cec8e5185eb8f87e7ee5,109.9
2d5beff4da9dad1f6a2abfb30f7f917e,109.9
247741a92e8790b27cea613f7a5d4f79,109.9
5def259225633d139dc0132b6454620b,109.9
68491aa52cafce7ca8cfd1cfef3681d4,109.9
dacccfaf7a067af7d60894dc5cf1bbdf,109.9
fe2495e9d24d7d00018c5a75cf35ef74,109.9
cf6ebe00d7f37554fa8c871f776dd0bd,109.9
1a885911cd0e37973686a8fc922bff94,109.9
c1a4df79e345b619ba8e1b99f4a4b8c7,109.9
392961e68205a2121f9b36f8116aa980,109.9
c8ba8e335e38b67f23ff297491aca48f,109.9
31ce3b7266c8ced7fd910aa284887fe9,109.9
0d2d57d0f1e6068a6df47f54bb807140,109.9
18d25eff8e2e053d534e174f86443f25,109.9
56b1ac2855cc6d7950b4ffa6a9b41b0d,109.9
a9fda05a43c3b49daa87bbc1058f1e0f,109.9
8651f8ac963881cbe37ad5f57f94e220,109.9
b34ba4da8d7e038269da13c5acb0b2da,109.9
1ca9821484ff44d1bdef88a5a51ceb0f,109.9
204bacea7cec91f9a4c9cab70ea3739e,109.9
e84561f53798e85dd5b8f0714133a622,109.9
68ef3f0fabac344deef591634499b96d,109.9
781d3b0a052f4b0b790138d3cda4f1b0,109.9
4a89c746f44a934d1ed4ebbd64d52c16,109.9
d02fa4b924573610e9a421cf8658cdcb,109.9
aae651df85accd493745bd2cea16cb1d,109.9
590f9970d3a259fef3bd11c3f0207f91,109.9
82b54b87bf10a0580ccafe3ddf1e41e5,109.9
6a0635195b073ff200c9900416b8a99f,109.9
8c847a3d8d8f7b7fde182ad0f4857b83,109.9
80d1cf5daecd7229b4848ce0969da2cd,109.9
15f5674c91e03e49a75e34dc7cd338ab,109.9
39585f08d13377e50fde35467984e6eb,109.9
2060471b33f791617630505a22d8defa,109.9
9c26028ea7bbef31e19e4569b2fc95c2,109.9
9d1b349b9033719eeecbabb9dedb1b72,109.9
afc216c58cdbe8ed9cebe1495b155a86,109.9
abdbe06f72f8f906238f2e3da7908a81,109.9
9bef49530eb680901891b024cb4cdde3,109.9
be125d5a46255820dd98b83d4c7c5db5,109.9
b76476b4d6edc900df47f167fdb9c333,109.9
45e0c1a21a9b5ef8ad7c4558011a8897,109.9
8afb90a97ee661103014329b1bcea1a2,109.9
ce0e1633afe65432677c653bac938c20,109.9
8055a4db7f713a58eae2b770874de26a,109.9
5087defc2b2ec1e20defc362427ad2fe,109.9
a7b89ebff7ddcea70479279889acdca0,109.9
befe7db992ee0eac08fbf09edf110fec,109.9
ba03825db0f92dbade0ec0278a6e26ae,109.9
b37a5547791aeb5ac5d9ca955d0bc6fb,109.9
d58dd61e00d60216394bfb05cdd36499,109.9
85d84596608ea7f87175ca9521ee12aa,109.9
487bb71e40189a3438a469f316013dd8,109.9
8a59ced4559c4bf4e9149b92dbef97dc,109.9
e9b278eff4b7b9f79537436311b2009b,109.9
5853ca5df334f659f8219d69549c2b03,109.9
e665ff378c7fbc9320f3a9507cd7bfd7,109.9
d7c49a8de80f8c3d02e0a129e59e6eef,109.9
9092217b4f4aa4cd1dcf5f196ccfd617,109.9
48dd4a1dcc42559b8035a9fe8d55f108,109.9
a6981c9a8bc899ed4f22b9e5b70796a1,109.9
dc7cdb748679fb6f280f66d7582c5e59,109.9
bdb7038318ec6db24bc3c6c3bf7b6eb6,109.9
e223fcf0283b5860d6ddb1d6a6a58d80,109.9
04cf6b7a84aeea29e7146b2f5ca5ebf9,109.9
d3c49195f47873af8ff680c4bf942c5c,109.9
ff785d347271a777a570f540796d284d,109.9
dd2f0d64271438f6ad3a75d2a930a4b5,109.9
a841fb9010543883845d5cc513cac85f,109.9
8f9c6da11c5eb0ca12404f81d092499f,109.9
91a894fe53bd1472d31c66b0b90d88ce,109.9
e3346c5387796b9447e5678f82ce7ee8,109.9
2362960b45242bea24232b1d474ac707,109.9
42e0649143d64f64e6d2ce5ce06e8aca,109.9
180f88a79ebd4137eb2fd98525bcfff2,109.9
d7314e9d240737da330e0f83ac4bd257,109.9
5da101b6d60bab41e74f4183b64b2fb5,109.9
90b8af517fbab96fb08d0115dffdc570,109.9
7cc8aa1b58755e7d169084d0778f362d,109.9
1161db8e37138cee6325f9614e837474,109.9
e385c784b529325482fde7171078146d,109.9
862fff42e0e51660a3d140ee46ca9747,109.9
e939c8ca483409e35988309791b530fb,109.9
28ffdf44f3266140740ff47770879765,109.9
67ff305632dc87a289e2622e79b8e314,109.9
3387330a6000841f3964adba5892e669,109.9
68027fa28677c1800203d22af1ed6b51,109.9
5f80c8ac8d4c620ad6bcc698b80f8358,109.9
cb1b6f7d1993d3710d96420e82cafa1a,109.9
a92a76cb78cc4ed4b87e86d6a27c4f34,109.9
6b853054552c1c6b3ac6b20db348828b,109.9
b55606c2285147417c87a9726c93952c,109.9
41b21c2d2376ad4c2b740df482f4b989,109.9
2dbaa0a8ff7368884cb638b3fb17638b,109.9
216a26630eaf7d8f93837ff9708aa0e4,109.9
2424c00ea6127a5ec31e5141af0df386,109.9
4fa7c505a30147ad5404c85e26d404b7,109.9
d7c92025f19ea01749d4977570bce493,109.9
514c224360b5f3d898bc57052663ba38,109.9
10b2925629d66b8cfed47d5ed3a45ec8,109.9
c380b1c3bb067cf2e17681a4d5079bb5,109.9
ea3c63f62f763a92b935e9ce73ea5d58,109.9
c5444e3af35bf2098b42eba5c776c755,109.9
235cf074ffdf284e2debdd829fbe561d,109.9
2b351cba14fa5f852a79a52516d5e823,109.9
75c12b4d4f984ae51c153fed33e1b4eb,109.9
8be76fe099ad1db841317aa4858453ad,109.9
a35e5f73f8f384c07ff61a9b159ce69b,109.9
fe9d20bab93bc661ba9037d5bde82cc4,109.9
8780d1856b962bc12e671a8fae923127,109.9
8ec31207d29ab8044ced7bfbc6595c3f,109.9
4fcf1201b9a51dcf81d663ddf75988fe,109.9
8cfc802351f91163097e12fd2168b7b6,109.9
6624a1cf3972b0363b03c3cea8b84806,109.9
ef63aab7b0308469304ec7adaa9ba482,109.9
311ec637af917bce7b283b74754e2baf,109.9
e3742242db3768f9350899416830cafb,109.9
e6dc2d10891fc75c1336840c699d1d88,109.9
fe0c532175a77ee3eff43675c8a92463,109.9
3b92ef3cb3cb54cc1e20bf7f23c6027c,109.9
7a403a66566f05868f4ace82fd9c8cce,109.9
78edb32c4f1ecf80a8d84cd09038f3db,109.9
595de27f827cc4d79a6fcd48ee602c0c,109.9
a255c79850f6fec25ccd1acabd4a98da,109.9
954c2e756d7693bdb1fd0c45d8dd660b,109.9
8e802aa92e088465b6a3cbb2a5188d5f,109.9
07afb3a78aa11eb38f98dedc9200eaf2,109.9
408fed3f6d5c6f24084546a476221a6b,109.9
356ead8c97942c8e553f692a81e50ccd,109.9
23ea3c64f567e7d09d4cc68afde2588e,109.9
891966aa607cc04bf5575d6b22ef9e57,109.9
77d37793778e3c3f9269674153a5303c,109.9
9bd43ab41e08ecd21b8c6e4ac4c54c9c,109.9
3752ad0300f5153523f4db639d6c7a89,109.9
449ab05f99d6b258c918225bf682d6bd,109.9
918519afaa037c5976204ab2be641aba,109.9
2f7ebfcf984a5f7da0b6d8397ff2f422,109.9
a68cb1476093497f63ecc0e8f8a700df,109.9
461ef2a952bc2e913cf440163e85a4de,109.9
66e52e6917b08a61a8e08f59fe95a282,109.9
aa39d63161613aa74c527fa4fb63b507,109.9
39bd8e55db1538f5b3c2e9c53a437fd8,109.9
8a4bcc573dd3f598d32bc5c4ef099548,109.9
7dc919067ead3c078025c82e800efab7,109.9
224c0ca09b1e8b471104a957dc90c72b,109.9
a68cca3e13345a014297f2aad3671c18,109.9
aecb00735827bbb3264dd07c1250fa08,109.9
bc7398b02f14bcd3a5181e6a9b50c5de,109.9
97091e32f128bca94f9390b20ad77f6b,109.9
a2c33e1a7269f9622629b73e1b6baa4f,109.9
fef63fc541ea4380366f67bee5cf11d2,109.9
122feef4cefe52aa67488fdc91f462d4,109.9
8bd0dae2017d7d539fca3d7455e79aad,109.9
7ddce17509d4f0e783a50a8d92ff1cb6,109.9
4a0f043ab94c7e6b5abda776c02ee946,109.9
9a088786e619fa69c5d54223a0903d49,109.9
ca76733eeda54059c97f9610c1f6d1c0,109.9
2c82594b8635f4197cfbea760fedca1e,109.9
66a1a031ff413f4176089b2f9d68f01d,109.9
2db50dfe7ae7fcd6f6c1be67f24704cd,109.9
b4d03ae2c781972e2e88417d2cecdb9a,109.9
32084020c55623953d46f8bd83feee0b,109.9
6aa648d1941ad74851f11529a29d5fdf,109.9
3276ac875786ae837f3207b218a6bdee,109.9
ac789f180adacfb3a4e328ff5e712ebc,109.9
1f954c777b0dbd306b017a3e4cd26475,109.9
696487dfa3e237407a7fc1e381da0a45,109.9
ddfecd4bb5e482fca16929e5ece6574a,109.9
f9221637539179d48001ecf3e5311cc9,109.9
726b7af7fc5edf3f4276a0ea74249b18,109.9
4496b268cde23cfeb547ec00ae21193d,109.9
feccdb7782857816ea95c8269fb7dfdf,109.9
83ee662793d8345e9619b6d96f5b9d15,109.9
f6861794342e5bafbf41a0dee21d3258,109.9
b3c273a2f1c0a7b1e53842aa86de27ad,109.9
67ebbf856ce5aa3393b48c2f4562513f,109.9
24faa267f7266151ef33094457227c55,109.9
63cdc93dd1c4ddb74a4e99978bb65488,109.9
1a83cc1e059cf017a5ade42677a76ed7,109.9
2212f1a6763a5a5f8e37750929239ea2,109.9
8a10e1981f61bb769762ebaa5a10ab0a,109.9
55490de47a9c2abff0a27a5296ae9c2c,109.9
a317ad435deb7beb5632846c5ffc9592,109.9
527ac00a467cf5da034c60d6023bf158,109.9
bbb03db80916f67f5b072516390bb4cf,109.9
63b1c99583effeec017dd7546c6a97ae,109.9
bf5ed97bec9672df528c128bc44f28ea,109.9
a260ca264a1787a1842ced2735bff664,109.9
48cabebc3016b12079f4d41904c645b3,109.9
c69f8b33e62ecb30ff78ae46d7fb9241,109.9
21cd116b7cae7d238010be460710fec2,109.9
bf10cdf5df8679477eeadbff0e3da501,109.9
632f6a3130e170ad74c54618b0a52fa3,109.9
77ba3722e956df4dcb1d7fe1e1eddc93,109.9
6c90e1d5132397793019aad82cb7c985,109.9
027f4d228b15f41c385c367b137f425e,109.9
784670620bb3b37e93bde269994d5d4f,109.9
47fe6a72eb9d07dc449c78b69ce03e03,109.9
91f95abd4086c845a60d86f48179d134,109.9
e338267bc4da781c0ad9ff4f43f0420e,109.9
271ce99781ce163e49fba6e260a1d27d,109.9
362f8e76d9363b1ce8b8a7a0d207fe73,109.9
070ca12a62752e5464182d78c6fac033,109.9
fb61e5b4450dbcaa3fe807db4cb2058d,109.9
746d22dfbb196e81c8703ddee866aa5d,109.9
7dc8f3e38bcf588489577957f32c3808,109.9
19c293f665f3d42ce8bbde0f86535026,109.9
a8f5f338424e31f8352a3969e8c40a73,109.9
a2c28eb4a55895e04b2e2e0b21f29232,109.9
4ae48f8e3942147402a1286118601c83,109.9
8ec1f246d20e49118b37775c384d0560,109.9
f8b4a24fe1e43e25a94ceff98545fc1e,109.9
de5544ef599ba27f6a6467cc981e9fd8,109.9
072a4d5c91be7fd81a21c401668a27a0,109.9
b8d53017d2a30c3aa5f58a03fd6769bb,109.9
2fe789c7bd3a7582b69c9cb5ff8e372d,109.9
fd50af22f5637b7daafbab8605f402ef,109.9
4cb8a348a32b76300b86cc1478882be4,109.9
4fb5fe5e39751c4114775e26be2cfc0d,109.9
210ae71748d4491e49ae5fb975f9245d,109.9
003c7cadba4f182b9f22d7d5ea7a5003,109.9
e5b90e0dde0fa26f1a9a6b2624f71a6b,109.9
fbf8e675c5adcf8c482b04c517814924,109.9
896d83a0aa63660580e188b137fe530e,109.9
5ae9a76e1554c79e3312928a6e6df34e,109.9
94785befb91102be9d1f15a5592bbae6,109.9
06da298efb6ead8ed9e9a271bcb9419c,109.9
d6dea36a07b3602c55b6645d48473b0b,109.9
3ddd5247011462bb52172144aaa26052,109.9
79a8a1cf74f02d3c312f7543733b8c85,109.9
b9313515b2c2bfce4c61816d2b0b9217,109.9
c9c5341ba5df460bd6c68935cd969e41,109.9
6a8c79d08f5389a8f4cdf918aba549f8,109.9
1058a5a2a59512a9d7308b9a240acbe4,109.9
ae5c17051567f23d9159d13e095a9440,109.9
7b9142f335cb022e00dd109b4596ddd3,109.9
2cd23af13425dee1f3906989c339abff,109.9
3e15b38b9f5c551bd51f7b1d713044d5,109.9
b24d2d2ef89757e33c8c994cce3cbb7a,109.9
ead07f22e441e8d3ae62485b2e760a56,109.9
f9e72da9f16faf18d67d4912fae366e0,109.9
0fefb7600dc297f9fcce9c5a7043b6b8,109.9
698db0bcb90cedf04468cb9e52e8c146,109.9
b4ffb5777affaeab3b4ad438be89bb52,109.9
0351668263fb4722095bb1db517004f0,109.9
73fed2db5e8ab1b25ba0efebbe3d628d,109.9
7d71a24ddcc86e69b9ebf9d982e53739,109.9
11fa2de1bb5510a94dc0f632cda6dcd8,109.9
f949b5b2f021c31ea58b273f1b0e8a88,109.9
8d454cd9156c615d96487be84f3b0d0a,109.9
affaf2a7a169f17b5136f3aef741f64d,109.9
792c7b0e8798d72b66e1a6ab58c8eb4e,109.9
93fd2b69b9d0c330e9749b323402e41f,109.9
321fd0141cb6dbeb70469d5a90f269f8,109.9
e9ea2bd5ecf3067bc58cfcc6db71f71f,109.9
e38b747f2d270d470bff9e3b25041b0b,109.9
cf7bc9b2f63708aefa618dae3b178be3,109.9
36f6b2e26dcacdc9010ce35092b01674,109.9
b9e243ad4599340ba74a7a68aa23a300,109.9
0c9e8b5af54bf6151ad92274c63bb913,109.9
3c83de52146ed3ce7c9786f3cf800565,109.9
f7b2dd42915166febfae34a4925e2733,109.9
0483f71fdde66e16477095fe7d310375,109.9
7a280344ab17d6b3ca09592444f943b4,109.9
ea2faf6b4dcc7a2196f1c647cddd7714,109.9
56c04aee226f0b4d7493f1556e79df22,109.9
7b16a7b38ec55ffe9998a48d2b86ca0a,109.9
b3d759e3985f2c974b86a4ffc41c36b5,109.9
81560dabd08967005f9b50922e5fc6af,109.9
efce0446c7a2965ea8f7e70ddb7ebd7e,109.9
da967083abbec2737a518bad144f320d,109.9
5a68b16871dde7543d30d9f37e61a5fc,109.9
057f00cb7a5ba328ca62472de1472fcc,109.9
1815fdaaae692479110428598596b5e5,109.9
c7c1be68d17bb1a7cf04dd15fc4d9331,109.9
c2449251111a0fe26efe4564f8b8167c,109.9
835d4e2d9633ed0e63f2aef50a790372,109.9
746c45861e0a8d11b1a4106f135fcd2e,109.9
09a8e8def9850cfe020c94330814ce94,109.9
f74348cae67c2823481c835244740cc1,109.9
14f4838109a4347385f8b3e8e8aff0ce,109.9
83f0d7704949fa424f2e64c2bea15708,109.9
a48f23629566c184d8b0fa22e442bd88,109.9
bed7eefb90cb225883492efb0e7278da,109.9
d5801b1facc46f4f2ed5c356eb755e5d,109.9
2f7001da9e597c4b707313a341a20614,109.9
15b12b5faa56dd3acd4dfb4e98ebb28e,109.9
a77486452cbf830a5f60aa0a1362e6af,109.9
d47f91614f1a37b1a64a53e39024a5bd,109.9
887d3d832d661c9cec2fbdaedb821f6d,109.9
63c69d97834767e5c396a8c740967561,109.9
717a3a9459f9006f23e24a684be8408b,109.9
33d6f0d10a699550c63aad5df44372b2,109.9
b8bad2c81dc314ee03f9140f9965c514,109.9
c4edb896f6e3c8753b8f8af2e6f6c7e2,109.9
f60b5142b9fc8bf70c998e2eb28d9024,109.9
4455aff0861d62487a2466894d2ed2df,109.9
a2a0406f57a7c03b8db27889d18e040e,109.9
d7f9b99fdd55914fdfeeb0d1992e5a2e,109.9
c71699ede1ef04bdcf2ff48b87b179ff,109.9
5fcc9e5618e149a1a40c31da01602529,109.9
32a49c42e4bc78e6453e53c6719f6196,109.9
c49045560f1f4c67e46520a8098e7492,109.9
89030dfae02f74f589085b54f056b49b,109.9
0f9043c635f86f7eb1e8fc07704df303,109.9
fd0c90df7aab8c8b52d93ae6fb48c6d8,109.9
d9cfa28f928ddc84eca50742caf91d37,109.9
5fd62f8496b82e90e5879bb3769ea361,109.9
0411da92259f0d405855212ed6e54118,109.9
262f9e6567891bd8c5bcdfe9aaa67e4b,109.9
c609385ba193036d6348ba274c22fe7d,109.9
51001cca9f484d8261ac65c5928c10b2,109.9
5382de4e788e495627ee16f12d0097d7,109.9
3a1b59ada3b17dd1f3efe3ec95fc9a29,109.9
1bdd205d009b2007a11f32e6e23dafd1,109.9
eb51998e3c8848abaeef8f557a8e2db1,109.9
ad2b0a762916fd035a887d161c19445b,109.9
01ce9c8d021371142c40a9523f58bcef,109.9
b0f8e245a39d12379abcc27aea0bb688,109.9
ae8db0691449a44352e7d535ddf78c5e,109.9
60060c861ce6e32e7957dbc229685c9d,109.9
7393605d0effa0bc6bbc2b5026a1790e,109.9
d4e5076a5e782394e114161f444de088,109.9
549b554209824d8a5d48256ca44cbbe3,109.9
62f0085d64cec3690ecb29ab182952d4,109.9
efa9ef2a1858d519d03521edb2d33577,109.9
e35f79caa4703bd0fcdf2ac0a9b0a23e,109.9
c8897030bcdf94d563c275bbf46c1114,109.9
818d1d4546811376391993b7b82d689b,109.9
e7cc757ad47309752e53857a37129647,109.9
6f897ed6fca03155c2447055f9b02183,109.9
7e7631de70e8aab25d523be6c73d46dc,109.9
2c5cbda7de463d91a3ceaf9ed04f9239,109.9
b6370d1c98f271eda9e85f04b1248412,109.9
a4e08ac63ee6dff6b5e9c5aa3b8641f0,109.9
9388ff9b58a5d55ff3027858f519d1fb,109.9
207ea2278fc568e2ca9d6e384797a514,109.9
d62a7a2386e1ce7e464a193d12fa1ee2,109.9
a6c12de3ec04b0a28808791497852392,109.9
4c91ce619e6d67e9e83e309deb703ef5,109.9
be914b8a12f44c21a6a7070f585e2e42,109.9
060e0b4c512c109c094bcfddc0416ea3,109.9
6d4bba4121d1e8c2ee86b47a20552874,109.9
c38f349ec38ba57cc2e541b1e481f451,109.9
47a2bef87106c23f53ffa48f65c2c8f4,109.9
2e92630672e4fcc444d521543f719afd,109.9
98f2b622ceae79b38a3ae781cc1d968b,109.9
bb63be17869fa798dd6a6454e9ecd0cf,109.9
3e9da517604550f3c89b910c3af40a92,109.9
9aa4913d61cd634857a30749307f4976,109.9
5dc0e49e3601132bd500f0b01058354c,109.9
fca009d3c1e93669776e17149081e0da,109.9
027a044faafdafcaf3956c9e2cfbe69b,109.9
77f3c8da79a0c0a12a2accd97508e745,109.9
76627ad4c00c2df50f5de1c31eeec966,109.9
0d1c6f285958b5a09f602025c11b2efc,109.9
a0a9f4ce85052e085aa8fabdbdd4055d,109.9
749621056bfb760ca2dad4b5e3a24e3f,109.9
c611a87152a511b73b2b6d639cea5034,109.9
d93c4debe6b53c79a03f1d13da6e5b9b,109.9
facf77adcdd7eee70041e0e6dfe726b6,109.9
99c1e7f654f974c82479c6a7b235c7a9,109.9
e04ba865d0f1f8b3bfa981aef3f40eea,109.9
aa9e932c3d1660b8c81518c6255ad08f,109.9
b196de7f963455879b99d597d432f433,109.9
3650fe0f5a9f5c25ba64bd15f5b6cfa6,109.9
9336ac21cfd40d4eb050bca43ab06890,109.9
300c627c9c794759bfa644e54b29daff,109.9
9d9087fa1778208535484ce5ecf69f70,109.9
34ad05299797f7e5c773526e1c5e9b8b,109.9
cdfac3f96d217d92695d399b05fb39ab,109.9
c51149c8c797129a3b95a29b17390323,109.9
5285d83bc3adeb72f67ee3c6c8958403,109.9
d85dbabd3c7d2b014fdbd0ac1854e29c,109.9
2d7b04120ef4ed7a3903b6c54dfd6c7a,109.9
ea1c0ff2fd07d7ea71dd80d36697f3e1,109.9
04449133b1f1b228059b3c539fd03ed7,109.9
abfea012c84198a55091775654cd34bc,109.9
1ccf8703dabe640663f7ec1f4c723b6e,109.9
04b07985c482f53e0fe418d05e56fea1,109.9
5657037a025fe48001ac545834d7b7d1,109.9
5636e32c90d30cebaeb91ab447abd96b,109.9
73e5dad5870a74ccfe5e238302a8ff34,109.9
445fc8d96097997bfc540a46b6283c13,109.9
62b049712e6900bb5f3b0c8aac0b94d9,109.9
99a06938be53a97bec2f40686bd7b7e9,109.9
bcfa639fc30b68c41e6862db761ff9dd,109.9
ec3ec417b16fb18d288705ec41bdd297,109.9
0d2234a021135cfc68d38e08f7328544,109.9
dbc0875589e7140d0f2fdaa85de3c1aa,109.9
24e773830688359e8fbf7f89b2a303da,109.9
2f59e6ae8264da17adca44753f354ef9,109.9
de95d6b39714561bc722c07bf0f3cbb1,109.9
f67ec457fd8fe9c46d977349219d81a3,109.9
a90468e2c3a73422673411b52aaa8426,109.9
94570722175144b52da7cc0222027784,109.9
ec55b85b43b1ea0b5488736283c05e78,109.9
ab55ce847bcf2437caac0b471f3b826d,109.9
2a9dd5ed2aaff2cf92f511a9beb00d6e,109.9
7bb1d7093eb23c8348df2e26f8e4369a,109.9
fdc75904277c0a308c4840fd60d024ef,109.9
0c877fbd5c91be5e1ab82f5df3f29fcc,109.9
e5dc4f88a7ccf6b7d45b187c661a7343,109.9
0362a48ef2ac84609a1495df670a0f88,109.9
b6d19ed0a631e2f208333b2deb9e792c,109.9
8feffbf725adf0e97ba87c57d4920bf8,109.9
f60cc995a583dfd1e1dadf8ef6d7c573,109.9
c90b92c9052f0a0371a2301a5d2911a3,109.9
28d348bde67f80e5b6427e06648e0d59,109.9
10474c1a58f214226d86ac3b7a41edb2,109.9
79ebb74bcfcaf62a7231989dc05cf593,109.9
2333d7a9a57fd5d8f392de3802b59174,109.9
0a6cd2ee840ed7c388c5848c10fdd004,109.9
227793ef64bc93191fef01f947af0e1e,109.9
a946afba89f43c82cb53210137f23ac1,109.9
0b74ffe6ee712595a3d89e0cbda91be0,109.9
a440a578b23acd9e967fbe6f2b0551a9,109.9
23c13360469b4124896069bdfaa2d030,109.9
1c7e5b9a91a01eef9a4a9c64fe4ac441,109.9
e91503530b1cefba049de9094de44bc8,109.9
1e02ab3ce71522db7370acdae82e6b64,109.9
15b7abd0109cfe810a9200fb799d5506,109.9
d4a2fd6c61fdfe63fcd62dccc14b79fe,109.9
3bccfa97add0d75db21876e18b0944ab,109.9
ea7863f999febf4f8c4f2c28ce9e1151,109.9
9bf500f87a631229e8da6df0d7bfab90,109.9
c9db35c15a4c3520011dca32574df74d,109.9
8d016805442139daec3d78e2fc0ccd26,109.9
11b99af21f03410bf5a169d80d3e5264,109.9
16738db2ba964d2b05d642b0ff222451,109.89
937fd75e8fa32e22ad08d0f833c5d593,109.89
2ba415ea226886658975ce7d79ecad08,109.89
74282fa83d0b14c96deae5439d7cb5e6,109.89
c7135d8480656a29036f329b46d36611,109.89
80cb11602fce4509c0d90688908a5b8c,109.89
3a8fd1f592165bdcfa20f72846201af9,109.89
af5e377c92351996f031b00fd38a4958,109.89
77fba1f66a8848b09bf7255bc00f67be,109.88
e2fe7e66eea033448291e758ade41374,109.82
91b784717bc94a872bf5ab85e4c621e6,109.82
c1d6f0c6736f09944a5ae0ab8bb514f5,109.8
5351615f68df64959aa713281ab51d49,109.8
37a9de7fb734ab0d41eb3b796fca1854,109.8
8059726e1bee32796e83bf37aa97ee5d,109.8
79f31725d7341127ad5283a7768da232,109.8
4dbc3878aa327e629769b79bfa465bd5,109.8
63b8824e472a986512a077c2d82224ec,109.8
36ee1c55ea025fdce1759f64ad07aab7,109.8
fd8bcbf20fe64611607198391a80de59,109.8
90fd95d36b8aa140a8d707170159f589,109.8
cd7d8f09e2df0831f3af452c2b2bfd1b,109.8
fe897037e8018ae4e35bee4ea067420a,109.8
90dfcb73b06f1eda7b6860b196604bf0,109.8
bfa9264382614605b67cd3b5f578b7c6,109.8
6ee1dd0b1a877f6ffdc9f75177bd62f7,109.8
61b5bd939044332625d8373f774a10b3,109.8
23e1335c1b9eaa9944c14f21ea60ae40,109.8
42f7e5e06913e03368d002ce39aef221,109.8
5660d4bf22854ae198e90ab66c687b43,109.8
e373476486d71774cb8ed05f84cb7c21,109.8
7aa1405659e935dd74d52e7232d8299a,109.8
6e54c0ab4e3f5aa3783833c03a284526,109.8
104b1c416aeb72edd6c2e03d513c72d9,109.8
3ba82631bd5d98cf9aed23c57a08cc13,109.8
d89f3ead705781b92c6839ac8c9695ce,109.8
544df65cf6b7f2cc5d7637b4189edc50,109.8
ffd6afe9c06d9dd8bd646b79f23b8b82,109.8
134cde7c910ca0558fa3da0b03c15ac8,109.8
c19f7a6ff12999a4f736969f058f84af,109.8
e60f7509ed8d2f603445374680dcf968,109.8
31368b408d16b4b87746e04755b8b870,109.8
8fcf47699a97e2603c19102a9412b4b0,109.8
fe11d27a155ab2ad8d59cdcadde0d9f9,109.8
48d41600b11988788665a2442780e992,109.8
5c9c054fb73a874d71499b20708a84b2,109.8
1272872ac75fcbffe68e4cd8fbb48162,109.8
5cdec0bb8cbdf53ffc8fdc212cd247c6,109.8
50605289653d6b738b88a0ca7c0e8fac,109.8
8bba830be57bad4ed0b40743372ce289,109.8
d213b2a00facc2c2a070d984aa6d69e0,109.8
6b5f0c5649681bd400a97b1f8872f21f,109.8
fd452791b1243236afae2bad3e105f48,109.8
7535c2b0ea212f291e0379e60a80888c,109.8
303f121f379bb6c560b404054afe6e60,109.8
cf3c35f463f6a234d0dc10d33dacb41e,109.8
f13f5be3fb0e2df0eac326aa188c7a68,109.8
ae03be1de0a5e3323b419b57d40d712e,109.8
ac84a80ddbee92d2aa6c2a8856e91084,109.8
90a5d5ab7a65c199aa8d72af2961c7e3,109.8
2e6d07b7d21a82360f3b981e93f20c45,109.8
ddf7f01125cf17e84de173d4d8112035,109.8
910636a4f7f8671c368176ea6dbb4277,109.79
a80fa2513386488a670bd8d11355a19c,109.79
8a5d75b443cf8040c50ac2210d6d704b,109.79
4d02e7d9b02f003359bce7134dc4941f,109.78
85dca883efd5ad7d71213fefa8528d7e,109.78
91b11e2acc1422c03b7aa04534c3bb47,109.78
4e340f33bd4f7924a8e55db96ae4f96f,109.78
270c23a11d024a44c896d1894b261a83,109.78
fd10113c54f4f4bfcaacbd1c2d188a77,109.73
a0195318f72f8d70c69675aff4c48f60,109.7
6db52a0ac6dfef557f3df52ca90e0fd6,109.7
8bd6f9ecf9c13775a1f0079510aad4fa,109.7
5d8f7d35350a0802b7e4bea9671b132a,109.7
e4c10b1023a914383b510aa47f043bfe,109.7
eb40667f90c8d0694ad616975d9729c2,109.7
20fd1d3f2cd5764f96b64c33263a57fd,109.66
23ac056687fd805b997f44076a13ba55,109.6
2bf569d940353f09136cab77b1e0e5a2,109.6
12f720722d56d2cdcafc93c9b5809ea5,109.6
cf802717497a6cd5ec39da799cf06d6c,109.5
79a56011969e883c937c20c880433c52,109.5
6c8a4da7b11b28b528bbb1561cd232f7,109.5
ffaa23e5ad898d7e2b73cd716dcbc43a,109.5
d9bc5ec75962e7f8707ce97c5f8a0c00,109.49
4a8bddca16f988039c3eb190e69f054e,109.49
137982ccd37332e9f2257099a5ac9820,109.49
909693b37744cd1c460c003868a288e9,109.49
e7b19c0704e43ef4aa419fa77c5c837d,109.4
0bf1d9ed15689a889e24bfa49096a1ef,109.4
6d440263da0b60f585e26091269632f9,109.4
f17f59d0945b9f7768af23f2b9685555,109.4
61904f4433f98a2b17c4c483c179c8a2,109.4
8f668d1f24af02cc9f89b1348b473042,109.38
3b74aecc92a9ddce62caa3abf0af14ed,109.38
14e02ed12bffbb5f509fa3010586dc88,109.23
92a86e619888559f3e83f8a4957f6e32,109.22
93499e967d2b2772a3f8b73108913eaf,109.22
e0c8e9052318576da8ce43f3d0653f9f,109.22
f14c14c6129468981840deb6b0474ba0,109.22
fbc1bec47970c387d5f4962d518dd268,109.2
3a6e7307506713d97cd29c960e5f5a61,109.2
5880e46677c68394bda62479fd673340,109.18
c898082674193b02c192ec57dcbd5fa9,109.18
a6ec03047faf83b7f778f3e0154ad1ec,109.18
5e5a06b0ae9a6725d60e2f59f4bb4a90,109.15
e69bf5017b2f0579333d892780b11b56,109.13
97965ac509860df88d56c242b0f6cd6b,109.13
78c5527bec943e1f5dbe53814001c479,109.1
34384e78c84b362681feefbf4ce266b4,109.03
3dc08ab32bcca551725a07122f56de3d,109.03
1b9d4ab93945ccf4032f286a4a803192,109.0
3c3011c54725dff74a33c25c8d79aab6,109.0
3ba4c54a45fcf215d16b7c5fd916deaf,109.0
fc79438f18212d55e578ffd235a6f95f,109.0
9bd3fc2336e57744747be02f106ba746,109.0
c7917629fc9296df082fde33d9f27670,109.0
b367e7f1a5b42e9bcd14d91190ff9db4,109.0
a0de00f997c23245884810fb48462b67,109.0
4b40edcfc9c0536cb21fe6b6c862152c,109.0
e635fbbf0a2c13640cd97ca7e17e1694,109.0
aba856fa56daac58d55fcf1e655db2dc,109.0
5cec9498555333d107bea6a6ccd9e2f9,109.0
42eb20c7af6139c9b3c52be6d46a46a5,109.0
2fdffca8dcdf01547529d45f7f4e8e8f,109.0
e7762e41533907d1aee1c0b0e1b31785,109.0
e352109d03e19b783b09b739a370a5f3,109.0
56d4e564c90c03ec7bdc5958321f3874,109.0
6d63d75568e8061a5042fd3066d81903,109.0
0496b71ebc90246e3e2ed28846651580,109.0
59f7075aab4387806b4268980afe1891,109.0
f316bdbd553c081a873eb697e8f98be1,109.0
5f6aad91617cb4f4b9722e77ca65818b,109.0
be18603bce09d123fbcb26af9ec069c5,109.0
13025e42d36dc9e44705b7dfa73bf740,109.0
a259c06d14baf614184f83379b7c1e36,109.0
d73f48447385ba4ec637815532802b94,109.0
27022bc180a011c7ad990251d2f44e3b,109.0
9d535cfb9c9d4e2d7d8670551ff202db,109.0
73161c7781b0dd1b80d67795ddb2eae3,109.0
1ad0dece6980bfb8fa8c3264637b77d9,109.0
6f145b8c9b8d449154c4c4bbf8be56ee,109.0
e0fb20baf67827e3900f8b8e3f7b4a51,109.0
ed3b435e402f52f7895ef9d01d8e2e2b,109.0
725ab1386add4f257ae6b635da68daa5,109.0
ac3d7f758530a079398af1d277f48d22,109.0
19ca9a4d1dbb45addf4a02aca0c513ea,109.0
6a88314386b1b7172545cc49e337aaed,109.0
0bd74f1b5a443003dd5671bf1eab744b,109.0
1e1f25dd8d5d50c2c438163bfd204126,109.0
b10a1073410b33ac0982099efe02f067,109.0
569f5a9d54e97be521a19279e81c6f87,109.0
52f41b570c31d5f465eea3427b30334e,109.0
22b43b0d6deb1ba2b9a976af12c6633e,109.0
71fe216d275d8c767aee76cda3b5a04e,109.0
84abea7c34696570a6c1f3a7839f2ee9,109.0
5d237d05c54ae63473ce7907d9807309,109.0
b9657b7cc5027452b17e328656a8d069,109.0
f67984ebe0a12dbe3346953a5d51883f,109.0
c06c587a571e55dfa11441f4a93a822c,109.0
dc15621462fa5a5d68c6a2e7a67bd341,109.0
ae76f0fb2677aaf0d173213de80ec257,109.0
0b6f07bb76585814879c04843fdbe504,109.0
0ea8cb0fd92fb311cd7cac1299c91589,109.0
ea4719ed8756aadd5f9a15cf0f38eb54,109.0
de5672612dd30cb2b2830385a3b3507d,109.0
ed7abe2bf6dacb66b55c2bebf0d2adaf,109.0
df11cc9c942c7f07da39b38148fd5205,109.0
4d0f9fd6b7fbb1739372df2ef5693ce3,109.0
f980a49c5ca07a32a7958a75b6d190d0,109.0
b1f561df601049692eeba1996a9d4eea,109.0
3ba5643f5a7590edc685213353b7ee65,109.0
adbf0c3f16cf7a8694225b8853458877,109.0
e1954704d9e6c850fe4c72b1bc56aada,109.0
241876a1ed49df23861e46023dd726c3,109.0
07ec17f4488030f86f4790f7be847ac0,109.0
c4ac325fd53cbbb5fefd94260aef1c04,109.0
7589cc79e856007fecc58b75847c1978,109.0
10ecda9d739a3448c7004f8ca0c75361,109.0
2db629e8830e736fb8869d8cf28e1935,109.0
dd88af80cbc3f450ea4d9d622cc7b339,109.0
5120967d7b95d59569c96049c74b6a32,109.0
8638f9c20217d9ca8eaa2bd445316c7b,109.0
e96ff5a5f8538ccd9dbe20e694d02a51,109.0
ab43c99f81fbaa54332d8d8017506aa9,109.0
0a8f58005f1c1dc229442a9ab38d9f68,109.0
efbd120ebe16ab453d7c53d56fce343b,109.0
9f494a5457f367b4eba25972ae348754,109.0
d1cb2625f14be96803f06df4a3e1c015,109.0
71f089d61cea57c60865409a6adefec0,109.0
c9208241068995082892e349a3c93140,109.0
70dadea89e8294361606fe742fceabec,109.0
917e5d5ee73f29968165ba1553fbe669,109.0
136eb50222d7c7deea2340f2a7bba0ff,109.0
89a9cedbeb4ccdb9b577f727503db5b2,109.0
ef9b1a2e4cecb4ca7dccd1e3ee8400fa,109.0
ac91864806bf82d33d665fe207af3ac4,109.0
412974e7c238ff98dc3775a84b88429c,109.0
082fce44f8c254bf6dc2c4e7bae58467,109.0
10584235472550e773d29a088e41c48e,109.0
a5b454391a2ec8f9245882a258186cda,109.0
437603511404b384fd51217b8f4672da,109.0
21c486a006994b9f9a19f18a9c5c714d,109.0
049d30345d60fd6e2870020094ad873f,109.0
9a95d672b3ebf11420d104a1838e2788,109.0
3f7f25ccf4beb24d50687f014215ed4b,109.0
6116ca30253940aa1f3a6ae5ce2e624f,109.0
4821b2cbe033263dc2acf2746d26e4ea,109.0
e32045c064604d4d2c3608a7330e762e,109.0
74c13a9a97a7c47cb019e0321d632c21,109.0
9c62b85664e1ec0955cead693b1c74af,109.0
36892517070349e99d010b1acd25cf4e,109.0
c2580e74802260a0d0631965d7d67050,109.0
c753ddf1479aff673b07bdab010c60f1,109.0
8a285783cf67fd0d6ba879be42d10a40,109.0
9107a1be2b8b1e2d453bd9d24db120dd,109.0
0a114fed90b2ac4880fba1aafd2aefb6,109.0
bf02a543ec9f5b78a2674f789ad7d816,109.0
db02d96473e42ab62448e2d44a79e3e4,109.0
9fbfef5ac5b65f15e9d469858eb158ce,109.0
5e8c08d41152861ebc1e757948ac1d49,109.0
b62588dde27339b3398ae926c807ea8c,109.0
1b2fccd64ead0637991ff28c1971d9a7,109.0
6c082471f3d9069102ab907a390bcddb,109.0
6fd61b91ee774187723f8ab0077f1570,109.0
ce65d81faff1e65d08d331bfe6c0ad6e,109.0
4c0114d21b16e87469727d9e1f595074,109.0
62b0ef294cd3a6978835244cbe05c3fc,109.0
0c9fdc5b4e2b1d8d52de981dd05d7222,109.0
936822bc2c34c35500bbe714445c0299,109.0
fc4476d400c4b3bf7e64456fb82626fb,109.0
53b414e1e7efcd10fc5c751a816d5a43,109.0
4f380751268a4e7ba3e8a00394d2e1ea,109.0
8c5d410f1e35dfdfa6cf08fd8e3a6a65,109.0
049c2e1b1b7f47db2e3dfd7e10250889,109.0
6ae6c7c1f89f7151c85245068c11d633,109.0
5184df07acf834cd8a00cda25c376ebd,109.0
7dbc7e3964ce88c85cfdcdc61320d724,109.0
9f43e8777082ae8ba57c81b4eb906882,109.0
bd9c26ea95121ee056c338cedb587129,109.0
d220f8978da3b1262782fc27c5caf747,109.0
327950402467e8f955ccce468c81a566,109.0
6e618be27eebe83f66877c4ffaec199d,109.0
f8c3d249c98f91b25409df45d4a095e3,109.0
8be17a073e7cd65a10e13bd307a20592,109.0
621c4375f33e843ba4111a6fc493fd0d,109.0
a0f90b7e2bff101eb8d56969e719f2c8,109.0
f493f84141c8e1de969c750413554006,109.0
542aa5f01059b90eed54478235ef5a13,109.0
924a7f5e3822e366a9ed25271bad99b5,109.0
5109f7754f31f131856a4f354bb9d4b1,109.0
b371ddfaecd1d84938c3f6d65f420aca,109.0
605355966ecff2dee386b804d4929d30,109.0
eca67133f1e8256d6f6894e49ad2a5ab,109.0
f381bd655bd0626bc05a777cfeab57fb,109.0
a357ac2c5f309e317ef913bdac069baf,109.0
12568c10deefadda97ee70eee39cedda,109.0
aca8fffbc60949cc5930ab39b195e5f9,109.0
f8b4ea8afddd292f4ba858b7215f534d,109.0
e48f50d453ada5bceb41e239a2dc2065,109.0
7139a35b7933e0fb709bb8b33a28e408,109.0
ceff51defd5a15d65f1ff842ae18e33d,109.0
565004177a5b7c33f7f8898434b6ed6d,109.0
a8a9eb2da818e0762d118ed75a228e0f,109.0
5869c52a95a120103ef306ca852d84fb,109.0
f825769d284f18c195a406aefba84bde,109.0
ce60ab2efcaa31dcd020809ac6821afc,108.99
a6c1f27f0d06c709845a304d84fd26aa,108.99
7e01705680a54dc5c98635ed83de8508,108.99
e24fceba7ac4b1b1cd1884f05ba68e9d,108.99
61ce49dcce76346660f215f28aa3ec82,108.99
f0597df49aa2644b5ec514baa2229271,108.99
186466a658effad41648168416161f25,108.99
42f96959b77ac869847e99386e2454ce,108.99
68931e60997eaddd5fb1192e138522c6,108.99
1a155dcdbb18fc4edd3e90297300f570,108.99
9cf4166999de52ee29e3f654382bf761,108.99
a2da04a295c890e30103aeb5356163f0,108.99
f720495cf4e467694ff915bbec4959c7,108.99
d9827127aa081ca5fbef7e37408d1be4,108.99
3ecaad327f47929c1559f4814b3b53e4,108.99
daf6556f032ed495209024a61f359cbc,108.99
966acee21522b3160d49fa4c6648fa92,108.99
14288411500578d93246cff4eaccde3f,108.99
bfa0542e3861940576dff9b4c651555e,108.98
2adbfd185ec2db71abb59a54b08c91ad,108.9
7249b8d5c59c96dd49d2f227ef6a475a,108.9
85f25f8a9e0763a80ceeb2b63a3ab27b,108.9
a04c1a8fb4d90f1acc305482daeba5c5,108.9
1e8c548eef0854e00134eb5ca82d2670,108.9
98b71ff28f7ea89054def4aba7f8225b,108.9
8963214440da51e55f9662749ddb81c7,108.9
cd5912ed6d58ff66950d940bb10f5453,108.9
8d728722e525d9c57d445ac0b8aab301,108.9
b289433480170bdf5b7bfa7adec75570,108.9
183d8dccdcdd93c6e9f4f934d6cfa235,108.9
40a0950f8eea6c18a2d6a8587c195253,108.9
7ece2b3ab3eb5f52ad14de91dafb5c65,108.9
4a89970adc03947e8e1b53ac5107eb68,108.9
8626a2b044790a9eee2473a9d464d5f3,108.9
636be70d7b46fb1db9836009fa61d6ff,108.9
850a1df97338476bae10e875c6d671cb,108.9
8245c54a0dee956adc20bec650d55c82,108.9
4a7162d69479a7ef30cf4b383589dc73,108.9
62b36a6b0df7e45c871a49d9296a8c0a,108.9
cb2c88e5ad4d744983c78052fa7eeb89,108.9
225b23abfb70a69b61659db685b57bc0,108.9
7e84a37250bb84475cc79542b538236b,108.9
49762e1b34c38cd0d1635c67814057ef,108.9
26a1ebeb355f1ece14295353f49e859e,108.9
4d32ed3c083987a7da018ace4ded6931,108.9
911d64d56ccb83c1557162f990b45a88,108.9
156a795ddee88514dace920fe888c46e,108.9
e9152bf445e52c00ab0107392a3c402d,108.9
38d8c30b79cf3c90e84e7db43c3fc702,108.9
895fcef12a75ffc54d655f9c1a58a49d,108.9
1d4a4c17dbdec7af9f63bc4261f2537c,108.9
dec9197cddc4a996a3eb89c1d5df30a0,108.9
7c102a34442b0b0427ac1643cee20208,108.9
4fb7ad5aa7a21ac65aae3f9d33e263b6,108.9
ff123199ce53edc26349ebd851f66ffb,108.9
19ec7d6fa6f155e51e054bcb66bd48d7,108.9
389533a6b82f26804955dab1aca4a379,108.9
46ab44938c2037edde737e7c0a90818a,108.9
894344399c9fdb69219284fad90d6b28,108.9
a94ee852869d015626bae46e38e459ec,108.9
30119e3989513937a4c0e9e2a92f8767,108.9
f0063eff5de6c74e859ef5b403316c53,108.9
da82d24c21654f951fedc813df8a5dc6,108.9
92d084f2607361acd17d75268f7947c5,108.9
d035de7e60e15f937e0232c6b4a0ce90,108.9
9bce3308d332422ae1c773b3c5a58882,108.9
e94397bc81d08a1d2a95ed0882b8bbb8,108.9
736d28863facba7881a832ac8549a1dc,108.9
9de61a1bfe6d0c33ca06b1c0ad76c0d0,108.9
15d24ce77080f76f2fd8a982dc9a2a70,108.9
12e8c8555bb112b2fed453feba6224da,108.9
35c5fd514f5eed2913f71df5a01451f2,108.9
bc9bab6d6e6c3d1a7bc6c1242dbd48c2,108.9
7dfaaa3fc438c8f928a2f5827f97aa58,108.9
eb43623d11a80298e213bd3cfae46de1,108.9
1eab936b5abcae9664590e84026a890a,108.9
b525cf1e595a9c0b3e82ae9d60b1ff96,108.9
74359c5e719163f7edb9a3f29ba6fbab,108.9
20c678bfce3c8252288f70dd2bee5e51,108.9
57ed67c3bc4ffafc8b6f7ef565d4a8f7,108.9
55fc561cdd959beb7c1b679f4f42c732,108.9
6c26b354ab5504cde0dc2acd7b5f43f4,108.9
25e1b9e1bafe3e3ed4b3f37fc6c8136b,108.9
edb5a1337d92be57d786844ee7a48a69,108.9
374b19230eddec2a862b8a89489d4e5c,108.9
6c69f878f99ce6a9a5fd91c0a9957d53,108.9
65761947a056b26b4e0e853086f7b1e3,108.9
6c84ea1d496954fa658db8f7f20467d5,108.9
79b2d0f76b70f50f1321dd107498329a,108.9
052b2c80ba54a9462b895f098a8593e4,108.9
e4d655bfbe9078728a7ff8f7f02dd667,108.9
bc225b031d110d0b09ed6f25762f2e83,108.82
2c7ff1f9724c87a046e3c9979316b202,108.8
880b4294c02c693bb9882858758995d5,108.8
2c59071cb3b43a971e166dc9e2a410f2,108.8
a59ed836159803b7ada158d0b8364e84,108.7
d275fd1c847dd60289c2db31c58b9437,108.68
005e2fff255d3d69e6cfc8c4928d33a9,108.64
ca260fd44214a7a9b39457ce897f98d6,108.6
49a4fe701c3d30eac6c180908e665ebb,108.6
1f9c514e935c014542b018d90b237a4f,108.6
085c6d6d684fb30e910b5bfe7ad61e59,108.54
5d3c60d028709921ab56f866c19acb57,108.5
d711a88fdd3d5d149e3448061520dd71,108.34
9bdfd92c9de9aa9e3e00ce21c057ca47,108.33
601cd8ec28f2fa70e88703d1263cb7e3,108.3
86bff62b6eccfcbdeb17ed3cdf4a9ef0,108.3
cc36b3fd72b73a5ac271fb56f84404bc,108.24
f7fd335725f778c5e85be886b3ac21ee,108.17
40efe1655a1721e65dce406440349517,108.12
9dcc9444185f5ada27a85ffa89923137,108.0
65f71802835e673eb8aacfcbc2d03cea,108.0
c6a3988a6cbcf5cc9c593b5151b7788f,108.0
8e7e85280f437070c500377689720d85,108.0
213a420e4bb4b2788313335599e84c8a,108.0
876d6b3d97349e7c61c8d30a28a94c03,108.0
4e4450d27721ab62e36b901a32271ab1,108.0
f01c510d2b8c42cd289a4b5b512ae9d8,108.0
ab26301138a5d2a1bf9dda0c0e1f3f20,108.0
39c66c4d32b72e53ede5d7da77c72e57,108.0
e7a2035a508f9bddf360fb884b9538de,108.0
e7304df26c35ee85bb68efe843a1441a,108.0
7e96ebdd045e73e50de71b8d1360b092,108.0
e88136596ab5944d24a59953d278e97c,108.0
b4e82458897304b3a13fa1fdf022477e,108.0
27ae6db6c6302444d88b728297180dac,108.0
d51f3009a06141b7b5f74bdb72806202,108.0
448fa23d8ba58397175a85406c87b243,108.0
0852444fb5c616452aa079549f38ca5e,108.0
cf69cc8de5f38d6fe0865a39d4b35fcd,108.0
e041783f7a7735817fcf16c57d10adb4,108.0
a8a69725fa8daeaf353b71d2bee13b59,108.0
c49e16e5e412769ba4488a1b0493582a,108.0
78463bfeb649747e91ee9a424d0edc3c,108.0
5592cab4ee97450814ad8a0a6bcc79d2,108.0
9044dc01c6e9883f46c56c147c6c61f5,108.0
a8bece50bd810fa650f144973945cdbb,108.0
5f2791dfb8b8683c630912e13b6a1e12,108.0
a2db033ae19ddb38c3c78cf0689c521f,108.0
5b2ccd42be24b2334c61a8cbbecc2f3b,108.0
2c17138279e491eb5a6f827b36e99ce7,108.0
84600d1be5dd7861fecaa252a5f3be90,108.0
21831cb9e2b64bf73f5565088b8830d1,108.0
993de6c21217afef023f242f7ea8594d,108.0
0f80cddbde03d06405371ce5e0a6f07a,108.0
16da36096df96205bb8d9505199f726d,108.0
95d228ca18b7cea0c1e0499048a66058,108.0
228d9df3277eb2917179613d661ce3be,108.0
89fd2ebddff82eb92d98a6afdf1c94e7,108.0
5c664af0ac60101f1ca9f331b338e66b,108.0
dc4ad93e6f41f8072965527c8083c47d,108.0
cda56f58029fd0dff01028da9ce2187a,108.0
ad5febb03c3a203048b5f993117e4c37,108.0
589a6c40ceea171e948f150c1d4c498e,108.0
a28c9173740c90bc207fb2b968b1f0c0,108.0
d727542c0e0a218efe5ac4b614f08833,108.0
32af69248ec49894dc764dadab140179,108.0
d642380f5e4eb7812449e5598a625005,108.0
90d83362e857846656c08c619f3fee06,108.0
101c3552bad05b03c7b05aa77000931e,108.0
61bcb430e27a3d10e9461d44ef73f7c8,108.0
1610c3067030b9cb7ded18bb06f49057,108.0
9d109a169b7b88405b214e976c6039e7,108.0
8c23dbbb9406d2481448148ebc710ef5,108.0
64fec10d12ca322689ad22677ce78228,108.0
a2dbe9d0969506f1fb3b8385ad60b557,108.0
3a13bb744feb2f88f27a735cd0adb3c3,108.0
ad032df5c40dc476b2ae928738dfc7bf,108.0
bdab8bc8ecc3b284ddf047a31601cd33,108.0
4f614ff7d8f798b481645be2d8456479,108.0
3cf7b555c5ef3b32cbeff76b50cbdeff,108.0
e72be6eccbec3edc6e5dc148a9794efc,108.0
15ef8fd01187d42b5f57af41ef5a1fe5,108.0
207f4a72a8df4f0b8398a832479ba32e,108.0
fdbb5e86252d6bb9bfddaabaf1ff7f56,108.0
2ad3de0c1767ab3a9c0949d992573b33,108.0
6d0732decec87771a46125abbeeaa9b8,108.0
938d7c6ca75d21eaead497f169ac197e,108.0
0fc00a05beef2f2faeb5e978555c7778,108.0
98b5548b027bd06219831627376d7bb6,108.0
6b8e5cf603043b09c920fe9e34ec57b8,108.0
415130aa0b0c6ea42bd6aa2fc43b503a,108.0
5117c4b5e5b786a6f513005ee3bd9f18,108.0
4fd707ca46413cc24f686cddf08ca175,108.0
f35c9a0d1ebdb149d4304c439aff64e0,108.0
2716c45b429d01350503e72e20c1a88a,108.0
816c892100403472a6c27c4256729d4b,108.0
0dd783efab8da6e6c9b27fc94f6dbb8b,108.0
93ec5b85dd3dd10e050ec11d210e9eb9,108.0
af49ba922d1afdfd1a0299ac893443e8,108.0
3a0ecfe52b994b2589fb52ced98d8166,108.0
a49ae7843fa7b392f6e13a14e5e18c16,108.0
aa0e3f93c0b17970c0a95ed100fbb6ae,108.0
aead531d618236366def3264fa1377d7,108.0
c6209ed90e14cbc62a280238d1f1313f,108.0
0117fc26c948641502349399aa649dc0,108.0
60a9c78e3568017be691575628c8c141,108.0
6a4ddebfbf47946b17af9d23bca8208c,108.0
a7410e333c8f541c9da1eff4b762de0d,108.0
0f866e064924e6caf059c4d0bf0335e8,108.0
bd32ad637384488842111f7e21f0e5f3,108.0
98a0a36529eae71762c1f3c388b4ec61,108.0
cfdc1f57372cc4354b3b2b563a75f02d,108.0
44577a2e8da07c1d57ac0f9e37a75dee,108.0
b1348f86675924b0986423cba52b3334,108.0
7f697183db41b9bfde416dad05efc578,108.0
7008f7f2a9a222280115cc2a4f2e5b34,108.0
1af43268b86b9037edf4d105bb81dddb,108.0
87c5e6216d546c37debb656dc3372eb4,108.0
a548f8cecd44d195d61bcfe24dd880ad,108.0
6697c56bf8cc15ac55a3642f37e503eb,108.0
9e0e48f4183f1216ab4bf955b29216c7,108.0
7a629fdfaab8a550e6b9ee97c4ec25de,108.0
cacf7efbb5d03425e739ddee564d1e24,108.0
7ae7917808e8d491a803de9684da13bc,108.0
068d6956b4f2f9a39cfb807516f55ecb,108.0
6f112dd10f33826462a528bcede68046,108.0
e84338f7bbffc375080368e46b22c37c,108.0
5ad8b0b80efc45a52eceb54775c616fc,108.0
5593f43ee73a62a5502d1c575d96bfb4,108.0
3a5dc54da61c278bb18757c6ce5c64b7,108.0
9ea89970b67c49baca8fe32d6f30ba7c,108.0
464c432b9a954fdde0a2620ffed7f681,108.0
f664edc095e667896e8d27a238af0bb5,108.0
bb3d6fd23d9a597d659792e620b5ae6e,107.99
c8b401513911c82f3cb4e40dc26cfc64,107.99
55b570c71025b39fde0bf79e585f1db8,107.99
2ecf3562920bdc387dd9a7dd40177a89,107.99
c95bf8324acec8d3f6554af904fc4af1,107.99
497b26e576ae24e56dacf87100a5d668,107.99
2be14928b31b20bf6788d731a1bae71f,107.99
930cddd48e6ae47a5922cff200d54069,107.99
ec271753df25bad1135a375ed6d7f113,107.99
ba554ae31dd9a8ef1ce70911f861e40d,107.99
301c043a32bc18bf8180bfa2e254180b,107.99
af5b5730fdb743bb121c1b8894d63bb7,107.99
84c8a0fdb488208ca422163ed34ae1dd,107.99
d40aa925ed99c3322c7719f1ae2adb6d,107.99
fde636315666a473d113ddb2ea5e27f0,107.99
ec4cf575b6ac1e83cbadda96d884d181,107.99
a40d46b45a96f651215b87fab01ba7b0,107.99
94ad51d3361e6d1d4d10288b80b4683a,107.98
08ef50ea1923ce347f194bbc8d8e40e9,107.98
1253f6491a96e21d052d952437c7ebe7,107.98
90970f7867ea91fe016dcb27b46f6261,107.97
c353e4d9ce4b56d736c8e8149d106e51,107.97
c36e7cd497c538831ff5d1a3e5af5e47,107.96
86e1617f8872fd4657b53cd6cc0525c9,107.94
be2e37dca4d90f0bfd4f57e676377191,107.91
ab23bc8d29aaf7a3978d8e819817575b,107.9
8ce7e88df97ba2a54e3b4b6f3ccf757b,107.9
292240272988cf78f82cd691b228601c,107.9
a93610cb4263f961a306a0b70c41400a,107.9
f08a73ccdb2f87d8b4ad103ebf8b542b,107.9
a6a2d1fbfade42858509916078837b0b,107.9
94f83cf85d6980bf1b09c706498a57e8,107.9
7d6a26a363174157427589ce4e439d02,107.9
850bcfeeb815f00c7cb4220f29a331c6,107.9
8fc85b7ac5618e216e83fe66b45de02b,107.9
d448b7d85542debc1b41de6cc14b50d4,107.9
f6f506de3f3a33667b37e7a64d60c173,107.9
64e00c48e9852f20e8be89c82e103c8f,107.9
b4306cbe32841bf5ec0988ab1ac2f5fb,107.9
4d54b8539ffd28f47200ad625299b839,107.9
e12b8b0b64e8e6832c4f727af8c1cb69,107.9
c526b224bf15d912e5dec4f77c71eea0,107.9
8b8d0640fdd20059025e46eb3f6968a8,107.9
dc24cf303aad72df564a8fa8691a7c21,107.9
bfc6a6bcebc53e0f92bd9f95273d6548,107.9
ba8f140572a94513e4f671f6f757f5b4,107.9
db0142f84b12d3db5605aeb200ead43f,107.9
344bcdb5be77a9718607ba86ca48f765,107.9
16a31f43fe0b331d2e7a4d76574257eb,107.9
f129d18d11f1018ce2e6d436f24649fa,107.9
7d5867b8bbaa7a3f16a9f4f867960b5b,107.9
13d8708d88e6b59206770062988be2b2,107.9
4cdba1a199fefefaa4526b399457212f,107.9
4ba3acc57d02d5cf8b6a71c289dd06de,107.9
6e30c11aee07aeefc4c8f66ef5ba1330,107.9
278ec4f5486b6a046b2a4c496d16a723,107.9
43552e5bc02e24bd04469456c6a9c2b5,107.9
d02486b2d7a7e66096b8da5ffba66147,107.9
da2188f30be2a11ebf22e89dfd47f1c9,107.9
de20529d4629622a69496c7a396fa573,107.9
e0c153dd9802d047fc86fbbc9da1a59b,107.9
b81dbbd9b626394ff08e4ef7d8b19555,107.9
115169e81289a703470c78057872755f,107.89
bc93ed706b83d0e2e6b32dbfa6fdd15e,107.89
b4b4dca3887b96872d26c7570097db7d,107.89
1fd9c6fab4bffc74497e8fafd172dd6d,107.85
becb0b270487c14db37a07a18278de85,107.85
2b710f598151f86cea8be84007ac53e7,107.8
379a9e6829ec6c022436c3cc4088fe1a,107.8
3ecf287e60258dfed757101c7228bdf1,107.8
378bb659f41bd501c7e1db351315aa48,107.8
caffcf2c7044a16f45d10641efd5b872,107.8
78cd9cf78889fc97df2bf6070f9fafe8,107.8
ed0adcdb82431e20ce22fb6a1cb61d78,107.8
fef6ee8cb0a99f0fa68808e0fadca078,107.8
242444a84a60084fec7c964b8048c91f,107.8
524e35fe63be323cf7c7d761aac5d34d,107.8
4619dca3ccf1e57f50ba85089e2370f6,107.8
da52d7f564d770bd7d3e123431815b33,107.8
59b3e9c1cf55ab08fd621dde64de9144,107.8
01414201d70bd508e1eee33ff67d2453,107.8
32d164f9b065fd307afa5c7ed124c607,107.8
d468ddcddc78daa8afa21e5ec804916e,107.8
dd97288d2d72ce4794ef298dd308e1e3,107.8
cd7ee6e3367e5736cecb04f82769db7b,107.8
bc3b4deda79fae642a7e529381e870ed,107.8
5964ccbc6b809c485a389c3663fa95e7,107.8
2c77ac8cf1437d47dbeec9040a99a42f,107.8
185edadac2611dfd19643314264719be,107.8
1a046b7389bdcdd4a24091be91c8ca2d,107.8
3ffe39972b3f48e2907b1ca5386cd4a5,107.8
dff07a417f4b6a63622dc0b0e2035726,107.8
a784288cae94e14997ba26f7e39435f5,107.8
7f6cabc1cfc4fa9e3db23f6dd1ea6317,107.8
4b9c67805e75214715d5925d6853bffb,107.8
b55a6e52cecd30fb64a9c15a2d79271b,107.8
1aeeb63dba7f0ac8d35d42f7a12d2004,107.8
2985f6b30228725ea3b233e6c8b87735,107.8
945cd4096444d1649974e03e61381aa6,107.8
b6b3a3f4c32385118e71b2dbd62f3236,107.8
fafdf303fda686ba5d3c1bc21f91345b,107.8
04cf986f0c5486033b0790fbcb6452ed,107.8
9e04bd3d7097e259b856e101b34316c1,107.8
5ecc5bb2b96483a913b2d138e56aa1df,107.8
aa9d79a05d874fe96ece63ecf1ec008a,107.8
a15b8caadaca76424a9b04798c3a007c,107.8
4100069ffa623d7dc3ae8f1dfd4bec10,107.8
1d0c4d56d5c41a141201ea8df99e59bc,107.8
0e3952b55bd9120e5d8130bf3e2ce0d5,107.8
7dab36b82e07d989f8baffeded52c492,107.8
186608f18ca3d1976bd9c3b0cf3ceee9,107.8
da74cd40047f4f55fd1d092618d0741c,107.8
1870e7a8977c45de3b3972efcc6ea9a8,107.8
66138f93472ce2d46ee1e3d7c716a51c,107.8
993d78fad972fb03a64f3126d934160a,107.8
efbaae3495b126fbeeb4fedb5036fc2e,107.8
4a8950b162dcedc1496677fe2dbf6ad4,107.8
44548d1fd6761aa2423f6713c0d8ca75,107.8
7ee577ddd7ce2caa771bdc7be6c030bc,107.8
899450df8a74166f1ab7dddf96b09b15,107.8
f2c3302338d8e1d5293b47105382bfc2,107.8
d2815a06e5b96751f1ebc04d6ae75fca,107.8
f542817b35df8c87fc0b4b4632804dc9,107.79
96e3ec2c47f9d428e77fd73f5a6b8c2d,107.79
7e008e5ec21e044fe30c34ec4e9d0747,107.78
7a44baa94800ac864c71d1f5fc3e4fb2,107.76
9538bc63a8c734af9f456e5e932af9e9,107.76
aa593292dfbb072469d56ee43ef2b160,107.7
e5426fc9fcee3dfa52fb048f6d0856e9,107.7
5cb606d43600f31c6bed6f2be64ba1df,107.7
eed861a4d93122d915f69afc155e36f4,107.7
0fe01041704b943d5c7905323ea63a2b,107.7
273bbe8240b04a70fa15aff0ef22fd50,107.7
f1dff4553a649bda8159688956f0676d,107.7
45ea718c3e7fb98d483c4a66455db9ce,107.65
e92f244376eed380877c6aab4cc5b0e0,107.63
10c7dc349ad0a77ea4540c0464567dcd,107.61
c1df9884ef25ecda8c955f83b37db13b,107.6
ddf9a541cc3f0d5954938af032fc78c6,107.6
6018c265b567465b35ea089a4d05e8a5,107.6
e9cae96616b553c873ab3bafb1dd13a6,107.6
7ce384e154d68128080d1fed4af4be26,107.6
c7e72966796b9fe35ff370d8a8e03e61,107.6
e4d5a32cc316be61bb51af386f67ba08,107.58
17516e0535c6e91f958bd63f6cfc07f6,107.58
d7e40c35c26736ebc2c0a86b63d15f0e,107.54
82468c6a47f107fa5133cdd0a2ea6421,107.53
75c7e533b70bdd3e6e2918d65326a2d6,107.53
b68de45d3c5eb1900313fc2a39259cbf,107.5
352ef4ddf555009bf60410fa9b80bc81,107.5
828ad019f5604b99cdc428b0cb245e11,107.5
b7fbfcea57659b5d18c20c95db45e908,107.5
ef71c5535a28abdda262e72781f9fa3c,107.5
0400b2f1a68d9a8cae29fe11727ceebe,107.5
c83de831b03523421671013ffb35372c,107.5
374d009e2f15e125561873d552351f65,107.49
094cafa0ff204c7f367f840ba94209a8,107.49
84fc915ffe98d917a067b9096655997b,107.38
5040cce1f64706863160f0a3b757a894,107.37
8b732006d93eda03060a52ce6bc22acf,107.36
e826ab6cbca3786b08adf710811a0e54,107.2
b98c8f572416ae1355be90eb017f14cb,107.2
f40fb1a58c563f8e1581d3e93ce79507,107.19
d5f332ef078c9a508dd28e6da1fb0dee,107.15
823ddff9dd8959511a087d391e97a76d,107.1
a276a9e40088e50d8487800a298d4674,107.04
4d91a0aeb419c5f2629c4a2a00c08dac,107.0
21520252cd5f078e780fa9d19b5742ab,107.0
045c9c5743635d72e9ce2c5e5dd6771d,107.0
4dd0798c083c504495639b4613c895d0,107.0
6f11e8e5ebb943178bcd7bfd32685dd8,107.0
171d0cbbe596c404ce5ad628a8d7996a,107.0
a6a7027e587c3971f7a7dafa9d91d505,107.0
f36148be7e27209db77b24b2fc7d0c13,107.0
a26ee55d980bbbb84838b5ed8347f253,107.0
22f376753863f196880ee0a11aead3e1,107.0
7b43541b68a832baf60802c3119dfe80,107.0
84b96a9448e208facb9638592523e01d,107.0
b797ea51195bc7d2e372d6243af24b02,107.0
9db63dc819326e31364028615a6d017c,107.0
0b7217d43bc1197dbb53b68db699798d,107.0
65da9d8be4d5288e06f7836851e93a6a,107.0
27b2c3a477570ceb2653cc72c79c94cf,107.0
e69b6e58854eac54ef38c49d7b6e551b,107.0
1d3c7e2ded18ae5792a4b48e2379169a,107.0
02328f102511a876aa72a31e2a80ec3d,107.0
3d14cf048ea77534ae4ac0305ac97479,107.0
bf5f428a6f809242d47242a4159db97d,107.0
1ea175d3ab6e3bf69c3fbbc0f4c59801,107.0
673657fadb14736e24dbffbc43f86d4f,107.0
dfeeebf7ee78986ee554bb022fa4676d,107.0
a3df28f0215cc96363ccc1273d27f880,107.0
fd35bfd765a06c355133b40085779d10,107.0
77057b5a79eb9c5034ce257e0d9fe154,107.0
1e2c9f28b5796d861e2c7edccee8b25e,107.0
6d6ebb07f1f3b14fd55086a51d049be8,107.0
4895c5e52842f2c7259e4684faa32c04,107.0
dd5ccf4e1213506430d89b556e2b9d3b,107.0
38ea6c503846a603b2e1101a398d7687,107.0
1576a058d9a4f30614aabf3cb672b7e8,107.0
367000b9bd508db790e048df2f6d6af9,107.0
4aa4dee5b3e8b72b7ae62e0df97f3695,107.0
928f402c4314a16a7d88c87b86eeb0ed,107.0
e16a28ecd0cf7f1010c6719d14666d69,107.0
99f4592f30a55a27156a2469d4778b26,107.0
c6fc7b1534701f4ab75af0356847a437,107.0
aaf16f8cf836474409bb5c539b3e3c30,107.0
41d70a2081e8c114ff1b6a2e2af57737,107.0
078a3d6f31fa48e82be1142201dc5fc3,107.0
b2f3350f0fcfb2df7ee8900d9fecff57,107.0
b52a43b300826ccbf7b9c57f4c576357,107.0
30d56add1d4e3d0f75a2069bef6f269b,107.0
058b4cfa2da81472fbfe410a03f536c7,107.0
78f6f95ad4bd71dfc7185b4825afea8a,107.0
6bb0537580df999286733918564ea3e6,107.0
010dad3dab8189cba58ae1ca11b8cc09,107.0
1fa3c507d05b404a98c2edadd8a05030,107.0
7f102b6cc60ec4a98b4b2a9a1005422e,107.0
de3bc13bc0be066d857739429bd91c6b,107.0
d062c2dc835c4d6c7d0151f09077fa40,107.0
f0c0eb13676092a2c9b8e481ef14ec8d,107.0
0968544cfbeb92285311bbdda670509f,107.0
3815d8ec9fb5f5ced1a178698eab8acf,107.0
f7affc6b52397ec89170a5d381b270f0,107.0
fa4a5c28f404695fe4d6fa20d3822e58,107.0
7b616d52b4c4004b5308e58a1206bdf7,107.0
d443cd81b14623e3184f1582f23ade6b,107.0
bb41053c4c1907770d38f32a38187d2b,107.0
66437cffe176b78dac1e98ec39e1a7ae,107.0
201d2aeda9fbba49d2ee9d6fd1a8b572,107.0
68c8855d1c948dff63ae6fffabb8fe5a,107.0
9a7025267c9502bb419cdb750f1f1f4a,107.0
fc2f56601bbd8434a91b963b8ac49f35,107.0
9fd88b5e868210b0e4a9fed9889ea944,107.0
8b47e5ba29a9cd9947ee6be2f025ed66,107.0
6df187f50b6f213cbbd9cc838352d072,107.0
9f65a1d51f5341781029bdb70e6724fb,107.0
9d571c9e16be4b04343afa2d84d94352,107.0
efcec2d45a82de3621e2867afcd94561,107.0
eefbdbaa5ed63f3c90230a090e292817,106.99
7866a7e193350ce36b72ffe9ad407bc7,106.99
e252b21abdef0221ff17b5d09b2af0bb,106.99
a61708ccfef1de13fb39718cca863c0d,106.99
31930330d835f3bf4d84ad22f977a310,106.99
e72f7f924828b0d45cdffc1690423abe,106.99
61fc3ff04464802dd9ecb1b2bada3f65,106.99
6bc8d08963a135220ed6c6d098831f84,106.99
d3286ca43aa21423c6045b2806ca8e56,106.99
f0a8eec78c262b21e602811d3f47b957,106.99
94ab314d7057c05608e4c809844204d8,106.99
9dc80a62589e4f4f71f88cb98a4836bd,106.99
1adc79ab67375fd7d0fe045da2bcad32,106.98
5978229cd0ad3adfd6347768eceb13cb,106.94
69ad57bcee99e511cabc697dc8db3921,106.94
142f6f2cb30ab640a015a226f78dc2c4,106.94
3d9a21e8e8e7b1840707c7520c023f90,106.9
f54ff0ff6dbdfcac2b593b3154f207f1,106.9
e5d894674c4196c5e5bec079f7bf333d,106.9
5f776a5ed2ba1e7e308db6fd7639ede1,106.9
347d2d46e041e08671c945edaa69b28a,106.9
5e90428c469d2fa05f5622a910189232,106.9
5e89152d3238fc7986e1c5222eb50e58,106.9
ff7920f10be4fe1845f0f029ec67bb9f,106.9
89c84aeb59d0a7ff9bbb7caf35ca29e6,106.9
822dba166663bda7a3a84ae0b5ccac08,106.9
00fd2c64e6e3f94a81541196fc536f4f,106.9
bc09d6b35dbc523da8fcbc010ba8c630,106.9
2225cd8a014f6e1c1bbdab7ee5de2aa3,106.9
e683aa9741bb090b9798e8f14b8c00c4,106.9
759025aeb0052bc3432eec9f1ca56259,106.9
2451db6c90e7c206d648b5136b715433,106.9
a7e51ce898bb8caad5301b006e61bbb9,106.9
b447b0271e72aa2ac63d5e051cbcf28f,106.9
24c75f9811e066333bad50ce22419e1c,106.9
375478c8a0ad1c1b8a2c27cde81a25c4,106.9
fa384fc2f25297a4ab6ae14753130679,106.9
0ffb30b4b77cd3a90d847e69fe787c33,106.9
744f333d22ebaf5a201e17ec6a799309,106.9
7e43cf5a5dd354682e8ea42fa88ef9ea,106.9
b48c2118d9825d3f2bce214ac98fc081,106.9
e17b2b66a87062574242f1b20ab8b2a1,106.9
2586a9c3d898a19110c726babb5ab170,106.9
83e8ec87ff555b369de1de163346e768,106.9
988126b4ddf725d9724e4318872ea2ae,106.9
7fbb5f4108715c74461dfab031ea62bc,106.9
f1e536f71fb7f248fa9a25bbf15da79f,106.9
a1961b2577837c6163adfd9e7c25e5a6,106.9
911d90f1add50839cfbdb9eedc2177e4,106.9
66b679cff0894e89f043acfa612929e6,106.9
3d3cb9e12226eb6ec0e87ad38b0fcb82,106.9
1ea43911c7817ae202932454b9016329,106.9
da2c6819715d9b77dea652c23582d8b1,106.9
61ce7eba15a872699599957e5d18f0e8,106.9
5e7706e72682bce0815ac5ea59fac530,106.9
dcc0611ff5be7beee83892383507927a,106.9
1236cc216e0d5232fc35a2f838f03136,106.9
97167228f2e673901f1fef090e90a291,106.9
ebf4a394f95a53cf104a110b3ec5ac28,106.9
21bc5deff554165a2c5c8c7ff3b99b0a,106.9
06909593a3382d75b06bcde5c527ad59,106.9
a7d606844ea698b9a6a762a279e8feb8,106.89
9e0452110adad445e1fe1b892ca16392,106.8
badff72965e07210f908561dea662eb0,106.8
6efbcf8bcc4b8dc2de1d9573021c82a3,106.8
96d17faa7c8a41d579ef4084b0806ef9,106.8
7f325bbd4217f2000e4849f386371550,106.8
9ba00b5627e37eae99b7b42f26cca99f,106.8
a88ea39144e99debb7c0faee1da6ee51,106.8
a8a2c8dc31f3cc955531ea05c18e9bc4,106.74
03e2f2d2972f8618a721fa8447457c29,106.72
90f6906ac49a9c660fbe41ba45800bb2,106.7
eb848dcc50f5eac0a3c2705901141d8a,106.6
7be7ac0cd4778f818f1bf044ba846f7d,106.6
3947a361301f2ff0f3223159a0f2701c,106.6
c08966d4afbdb8bea76adb8fbf221ceb,106.6
26a122b790648718c0e63c4ba55bcf4b,106.5
b555c2cccafffab3b1ea024fca59f769,106.5
866a094bef59e8319d5b5d363ceb48c4,106.5
a0b649480ecd9fffec9bb37ecddc6de5,106.5
6cab2c02a8a74b8ca16956d7e5714fa1,106.5
6f7dfa99456b9ecdec0fa258ba7449f5,106.4
4492f85a663f8b75a94718799f60a8a1,106.4
c772b316328150e8cc709f430dddeda2,106.4
d487aaf45b0fcddf9017e018a06d43d6,106.3
e8e7b23c38d42a5fc49b092371bef664,106.24
9d6837f9700a3441e7183bff3bc4eef0,106.2
4a9fe8175225354e0514f52d8f97c608,106.08
d4623e72427e718bb5c2df6446723683,106.0
01e92a3b160b9a3751ffc7cf52dbed77,106.0
15966ba7e307e5ca606f328071d5148d,106.0
9cfef9eff63a1b03f81701e563a2c1f1,106.0
293997bf41bcd176f302d7ebc6c49684,106.0
2bbd32d4ef14893d2d8c1a0df08403cf,106.0
e25ad70eebc7d2690049c448e2fae941,106.0
62fb1ac1c746846d118654e8228c7f3d,106.0
fb05451a1c6125780177727eff8bb5bc,106.0
96a38239347713db442ef5972ea04aa8,106.0
2c1234b6bbd4728d2836bfac2c52d1c8,106.0
107cce44c67b79a9979e971dd6227aa2,106.0
6bf35e4f434dccd3b07ca51958fd1a80,106.0
43568d7a2f91f95ef838f00b48f678d5,106.0
31cb868903a0743d096e59969787b1a2,106.0
63ab4381be844ae587baa2613607dab3,106.0
b5bd92785c8011898bf80b794823e960,106.0
8bd1d01232a576982d8f182e91343d38,106.0
16cd8b1c85d5f1e24bf0d47a9056eac8,106.0
bba0c954a4b69a8bd33cb47b27e34d29,106.0
ea6b8e999abbe1a2a86fccbebd51aec3,106.0
7f2263f69c970858704b0c3fc91139b3,106.0
79bd2d8fb55cc5bb88553ca32ea10658,106.0
613cf5df9d46095fa2a33ad27cedff73,106.0
127db0c6508b462e3d75c81ec54ac5a6,106.0
b6102fd2d657e6c43033cf2a70270ca2,106.0
e4a99835448411bc518166299f50f2d8,106.0
76659076605975ba8f9b7b2d1123378f,106.0
245218ed5faf26b2117f4edfb033ec80,106.0
5fe8c0482d540984e89e0d7aaaa6bc66,106.0
c3ea664ff88d7468de59ee62516b0c55,106.0
f0af88af20ee8c5df79e8407dafec4a3,106.0
d80ce92e307d592333f5d39a9f0f4717,106.0
8b24cec0ffa00e513a7c9615c7054e2f,106.0
ed95063b9ba736f79c4e051b88eff535,106.0
73af397c0a94225a2124ed7262c53180,106.0
07a0f2cfb244ec5172ac0fbec747a6f2,106.0
b685b86521680ad31716dd45765f5e47,106.0
3f8814ad16cab376ba05899ce60ab113,106.0
ff5b7f0a6e7a161b5a66bc56a49b7250,106.0
29897a8ad8b964a9103acfcd3a0b9372,106.0
cf0b26e3090443f40ddbeea9ff6924c5,106.0
6d79c0a5b49bf9be596804730aa741aa,106.0
9b5c94127a26a8523359c15f487306e8,106.0
5d113528d3c9d6a43dd63e3970c12f39,105.99
9b9a9d852b98e8d9cad5a35caedb2ad1,105.99
fec7723925e22866dab2debf6a38b695,105.99
b6e3c38be27b21ae7dc366f800e06724,105.99
cc68ba72a04699ed98d427a2cfe9a585,105.99
7938436cf9920e888ee599ba8d187e3d,105.99
564b67a0cc888d056a2a238c1cea6dfe,105.99
4ba190fa5fd7b293e08b5caa67365a40,105.99
2e666de5b2240e7418d06135ff3b95aa,105.99
7f18a55ab36bb9522b71a169132b049a,105.99
edb83d7689cc0fb7147061d9a53e9452,105.99
36eba0a0320ff0fef13c979667988140,105.99
7c8245069dede07b3c0b1d692bcc5468,105.99
9d098d2af436a0531e84635ee48f79e0,105.99
8dd56c438a84c0341302cd3d122dfd3a,105.99
6915b14e9f6ddc88067eee9334e66867,105.99
ac3bec5029595891991d409e6a428c29,105.99
abbc7e4d6588f853a099fae5c12c4cb6,105.99
e6919f6d85ec1ae033f09cf1013afec6,105.99
8cf5e488e3ca60e1a6637dc74a2e772f,105.99
219e2ae459da58e8179154ddbf543130,105.99
903b3d86e3990db01619a4ebe3edef4e,105.99
5bc5d5d88da614aecfeac652a0b29f4c,105.98
917cbf45438cc596762f48ca009bbcff,105.98
de4c540fcac301e3bf0dd6a9ffcfaa8a,105.98
25132871ae2b537453a598c4156ae8c5,105.98
408003c6f7d23116e531c4cdbf633140,105.96
4c4d22fd3c80ff16765bd69545061f0c,105.95
39702d83f58fe221606aed9ea67ba5af,105.9
ddaecf48ffb07085e24bdd73389197e2,105.9
f7ac3766e4ab47dfe7a63adaceb81f00,105.9
b0c13215e53207d4d0469c45832011bc,105.9
57488cc627f8aef89c99cd5d8c3134f1,105.9
e31c8fe91d2166f85f9363713fcc77d1,105.9
9393b50b42eb21e8d4139d57afb13fb4,105.9
ba8fc93c7aa6c13bda32e81cdfa174e1,105.9
19710590c8b046f5ca763e0b60894865,105.9
ab0703a77ae050888f246bbe42ae20d4,105.9
aefd9c7be7476b75bef2a79a4e169a6e,105.9
35ef44a2a24e5bf97f5f4c0f950f61fb,105.9
79c139ffc2cd6104c31591f80b0b8a82,105.9
3693091a7448d5b06ee8a866d8bde846,105.9
e7a1ded8a16fdf3a7676b01a71d55b78,105.9
3996e5a92621e3e3261b0b4fe47734a1,105.9
21ff3e20f59960be865825e412190684,105.9
54219e69237531217da7b034db98a654,105.9
3b6f234e5081db95a06d521a4a9e6f57,105.9
fd8829011be77456f79d753bc9723257,105.9
5a5f0cac382c8ddc94653446e4270ccc,105.9
ca796f0554b7f816f58ae0417a9f6fa0,105.9
4a20d9b63f05166b3d41c05b6510e758,105.9
41d16e709049affc655eddffac70dfc4,105.9
aa4de5c6bc43c3b768146a6ac560b1ee,105.9
5b4b0bda90ced96540f32f713fb55066,105.9
7f17dd631b8dc8b6c16c9d6f98b3677a,105.9
e1524dd0c685ee8f075fe01f661a4017,105.9
58fd1ba21f5f5e13781704ed8627fdb0,105.9
50e68d10e42e10334f902f07c7f89f61,105.9
40635de7a8e375d08070f9f08f57f6fd,105.9
27ea604d9f8b803e5bf46309e3d3255d,105.9
b70ddf16c6958c2932ba47fe90187a1a,105.9
89c24c9a12dcb9acc5bcc2502ee40b52,105.9
d18bff6a3de67eebfab42468ffcc42a5,105.9
9e4072d0ce7938bb2414801f9b12f511,105.9
f97f608f3198abc49df971b934cf07aa,105.9
6bfb3bbd3d4a2d4b69d78a5ef9c752ae,105.9
d9c0750249b2d68059ee257829ad9f71,105.9
8a6141945cdd81b6483d6b40121d5366,105.9
9734ba42a6232a561918467cef0c6d7f,105.9
12e0c8dba33337daf3d5b86032489254,105.9
839b4dc2602b8041b1593c8ad4c08682,105.9
3c46a6771b9833c7571cd2498f548f95,105.9
fadde80c0077197b4568c6b8649b3be1,105.9
3b8927e91517d7827a76105d1fdd0e3f,105.9
39bf238fc743eb92bdd3525dd72f4126,105.9
809826f29570a931ea16432d3d55b167,105.9
28a9c5d02ad1d2409e37a524d3cdd5d7,105.9
58431adea9b3704f65eb48603e5ae23d,105.9
f951ffae43ed0a3c09dcfb910e4c120b,105.9
3cd98128568062ef64935e7e64b642bc,105.9
1f67b347641be0ada243c88ea88cda6a,105.9
1e2cc2c58def2bc4a41af2aa363cdfa9,105.9
5d8ec993e080395927c305ceed2ca621,105.9
ff5edbdb9bcef7fac10e564ba43b7e1d,105.9
8d7caf4897a548539aa9d632d96936aa,105.9
9262179b4bbc5d177135b4916c45341b,105.9
fe7bee92681d1c9369a084e14683ab78,105.9
2157692c5db88799d2c32f8113d35286,105.9
7bdbd04e0b6901d833166006ec5d7797,105.9
fad3d18df41fbdb519d8f885992b9bcb,105.9
5e223ccd16a56318f0f2a841f34a94b9,105.9
4f9e8ebde7817c00f257abf85b201a40,105.89
0dfb45e4e023f6d20188da2f6145a3ed,105.89
25bfca2b3898584b2f52351f55d87f5e,105.89
0cbe168a97e6c609efc3b68817fcc92f,105.84
ee4152c1dc5029da4e66d41d52c0096e,105.83
5e330dbfc7c1e0898dca9cd21164a3a3,105.8
617e1944b266fe4d06e91d9c2cf8a900,105.8
ab3978c7aac1e20e122f821cabd0e157,105.8
465fd465dfc7d83630b4c1ca4b51deeb,105.7
bbcef0e4721b10d0105963b7eaf686d0,105.7
c7d46d38693dda374be909b1fade2047,105.6
cfa2494edba0a27c258d43d40f190a4b,105.6
7cc0b4bdda5ded8e2710e12b866a2cf3,105.6
ca0448b0e38ea07c04f29cc6e1705a3e,105.6
7d3ca8a3ddee83ea48b5d339d4768472,105.6
5923fa2f0a07d4bdf8cacdee79a37b2c,105.6
f4d98068179c2289cd5f050f0ac67644,105.6
caa32820e6d8190b99a67d6b7160e969,105.6
aec95b447885dd28a6dd6bb4d8cb0aea,105.59
9ddc922f98cefe9475e1635d31155761,105.49
5d91eab7464c2c96d03a84c5e5377953,105.49
b167a5e662ef9b2ac117c7e7ebb8b304,105.43
2e2534a17bfa1b56a16d51f7514c5370,105.43
dc4ccb16a7eaa7202d6c84c8aa49615c,105.4
b6989f57cde250a32b82bddef73c3c84,105.4
b50a4557080ba39afb6448b17df2c06a,105.4
1f4245dc6f80d6abb777130b11e18d05,105.4
ddc14377d542cc888baf7ed3e4df1a77,105.4
529f88b63d54d7c02bd9cbfd94ef9248,105.4
2774f58d0ab448db599165baa622db3f,105.3
ec801af195e2b30cb44c179b8fac3376,105.3
4b8718a47c281689b7cbb3cd0d606321,105.3
f72e6726c968412453cd6d21629572cc,105.3
13e8265ea7e8a11df7a56799f5806220,105.3
ce6d725ed1334c3edb9af03a7c53c84d,105.3
2fcaf832642f3c050776fe4f9a5cfc6e,105.25
7ea3bd65e6c54379467e22d1a7401993,105.2
921bd9239c17f42ed6f24197c57b75ec,105.19
394945268bfc8ff9a28bec1a4f56adda,105.18
11112c4cd680200fd3c3a00b6d37e0bd,105.1
0cede16ccc38deda442181edce152733,105.0
e561a64dcc3ccfc5c0de4b2c914cb59f,105.0
b980ddd21127c0b356431590d4d3063a,105.0
2da80b9d24204c38f09c8bfdb0e3b0b6,105.0
2fdd8a2a76a8e1cdd5f16379dc080bb8,105.0
fd041a6da0b3bc599811717a2f42f7c2,105.0
35b3a6efcd9d3b5c26ffc5267711d101,105.0
eff7fa81e883948703854337af2c2983,105.0
4d01c1d6754e10b5ad500058aa6c0464,105.0
f172ee35b4d9ef56e957d5e68a545e80,105.0
6fe374dedb4208bfc744290a1df813d6,105.0
310ae0c5db4a725df3d7c74f27b403b2,105.0
27e4ff21e7e70a7bc3a179e8e3a44833,105.0
4ee61c3905a5c398d44b089108961bb3,105.0
2021c71d4dff431c1b4b8567c938bf2b,105.0
fb52c7e87623a460b760cae7969da353,105.0
244e706e4ff8000e2d8a329b770d338e,105.0
aea121c7ed7090e3fd711f7e6e74912b,105.0
53a19dd8556bb33c2293dc9a67bb2233,105.0
51f85bb5c956b0958c65dfefdf996a83,105.0
3e46b833c6f5d7827700b8ef99db2e08,105.0
3f0b253b3781ae697613733d689967e1,105.0
ded48af287ccd1d155aa6239f645c087,105.0
f658dc781fddbf12eb086be4d8228663,105.0
be136dd7dc4b148c005bb99eaa6c8674,105.0
57142caed013bdafd75245803296c7f4,105.0
22a3b8485489afd3e3a24434e5b9ee01,105.0
24bb86ce8ea9406d2e034154063030d4,105.0
fe39cb8751934fcc5486a1e5cd86ea9a,105.0
ab28ea1bca151935ad9d3eeb0f223041,105.0
e0a52aec64e9937f76fe0b2465d12b94,105.0
4c6219a661d4e4bcbbce037fb7705c89,105.0
ac9b153ddf7be1cc6ee7efdbfbaf6c66,105.0
ef445a4c46458174d26228fea9a223ae,105.0
f643e1150f5707c0d4136c51f9db6cb3,105.0
ab8fe6f7befe06ef4536fb2ed52a4c21,105.0
56d9e13e6894b123c090a253757182a3,105.0
ba17f3083626c96ea274189cc1011df8,105.0
60cc47aa348aa7237977740f6db71057,105.0
fc983c513a5b593a724e389bf39f98a0,105.0
5873ae605bc4583bf32fe8ff3b582cf8,105.0
2ed23d0b14b869317beb27fb9c91db68,105.0
9d6125d1be1aede626436f1fda0dee42,105.0
e856f89269e191682aec4066d32ffa45,105.0
8719f414841856e13125bc3c8eb012f8,105.0
cc8b201a869080136fa56a45891df083,105.0
fab24554bc9a6b466c61b9f4c0f4b7d9,105.0
2614012fdc9b1fad7b301f25bc6da3c4,105.0
b3f70fe0a44778cf121e6536b2aa5d94,105.0
9970950b99d6e4d72f5f8d2843099733,105.0
5cf22a974923bb5a481327e3d2a0dbd3,105.0
a996b5ff41a38b5f33457b76a2362655,105.0
53ae95eef79b650cf1ac795329f617e4,105.0
7b14e248ae990a7115c3c0de45cf6967,105.0
ddb0847704f64266c5ebe285ce0a79fe,105.0
059c2f7d60ef651891a4eadb829bb4f4,105.0
5d6daccfa147ddbc4d54826f8645ca5c,105.0
38c065dd14cbafda79cfd115e4170b05,105.0
154c4ded6991bdfa3cd249d11abf4130,105.0
c15953d614c7911f1b48dead736aaf20,105.0
e6e331b08650558480720c95b2e77a53,105.0
29bc624eea63e77997d35b670c739591,105.0
19aa69b9c2589d4a9e17be4d95ea4067,105.0
b614474faab2abe1b9d0bfede1460f85,105.0
dd39e64f9817cbe0bcd5e427a7d2c5fd,105.0
c95ee9c661a55a74bdfa8bc3e08aed7a,105.0
249818197d60080a40cb2c44290da09f,105.0
399c1245c703ee686c105e1e6349038b,105.0
7bac7a7b4852a237a367c40a9042437e,105.0
b1188b43f4b64ee28a2aaeb1ee35e9ad,105.0
bd9864145b8be857f5e35f239ef69601,105.0
90ec4cad530274537eece7ace3f5608b,105.0
d95a7bb0052789198699953acc4c64ce,105.0
2022bd30cfda496cca03934b3973a2e2,105.0
d205a7668b53d1207fb7af95c114f28b,105.0
0d4f48281b345e9901b120e46f006f79,105.0
b3850cb165a04ee20453f0455663c8ba,105.0
f4820f65ed28df2a7c87e23250819734,105.0
ca5da494dbc0e5cc1b5df9b6a1876d4e,105.0
a953c3ef4e1493223bb32a525fe2a43d,105.0
f703e548d8e7c6087b2d1982670cfcfc,105.0
743033460f70e2683a86178ac4ef7351,105.0
672e77494e53c15e0ff6f6469c9b1c4a,105.0
8110d60f8d49ab980e779037b5b57fb0,105.0
c99f831eb20be92ec0497c616a6dcc93,105.0
e59983737bb48a0d4ecc5a37fd27d78a,105.0
aea4f6f17bc15c55b15c503a4acddadc,105.0
d706ed121a700402a00a1e331395c6a5,105.0
707e79c2722a29a199a8f6b2c589b43a,105.0
73ffcf1dc5c927c233d385a272c7099d,105.0
94b6aa1f152173976f523dfc04cd11fa,105.0
51a8fc2b9e4808c0c05026e127c6e257,105.0
3e5c2c488b72c38a8c0d67227f69f30c,105.0
006b5498d9494c061f8c2f80a6c2f343,105.0
074b92f6fc71f14f11bfa7c664136c8e,105.0
a9c9705c8059a3dc99fa74cd40e65fa0,105.0
f9ee21e4ea8887385cab2d9cdeaa0804,105.0
cb4b5930e335dab5d818d5888f5dede7,105.0
dba31fe3735e263a9032085c7fe3dd3d,105.0
bd3bd5c7496111bd76518b9c9868e462,105.0
7dc0de733b2e5f365577ec1440bb762e,105.0
7536780aa9643a6ff2d9a9b827e7bd59,105.0
37249a38bb2565aabae11a5b88e409d5,105.0
a5feebb225cf5be149ba5ba645441ce5,105.0
1b6a91170099fdf2d39ef5bc066e38ec,105.0
42d4162df2c934129e1f2a5b10fceb54,105.0
384fbbcdcf45c174ca6407d4ade90112,105.0
84f4b2b20674536fd92af8f81a3cb87f,105.0
f94919d65319be68cc4e8d6c85c89e5c,105.0
d13bbecc49b17d5666a341f4151cc680,105.0
c6f9d741f10022ed6f9233f0ee079978,105.0
0fb62aa00ff179056ed520c3055e9b45,105.0
feb218d83fec5edd15652761eecdabcc,105.0
e6dd87c0a279cc723ce26f838b5b6ca3,105.0
578e71c4d03ca6840a75ec1a2df897b2,105.0
1d63533f078557f7ef9ebece8482cc21,105.0
d2708a82f449bc40878c8d0c1736caa3,105.0
084dc3ed024e35663cc3e1acc7d6f715,105.0
13de57df53d909438cd6aa93345ad87e,105.0
074d070b1ed0835cb29a609475f41fcb,105.0
2ddc27e5edef347a9c31fe3f4264675a,105.0
d1806517abdeab70d77e1ff58ec5f1b8,105.0
e0c699c921f40e59216aec9d5b909f43,105.0
07cc6026f1fba9869ce6efc681fd190d,105.0
8d8ae08c6a8561cd5e932281b2b53855,105.0
4c481d3d45478fed9894eef726d4c228,105.0
0f02dbc254d79af01b858e657016eb22,105.0
3a62a8f729ab13f742c0d4f797e61278,105.0
b06f1a52a5e7b02b1981027d77ff903d,105.0
a4efc2fdf46a78e6ca9416e95e243abb,105.0
0d1d5438d7f01a46c249fee6c79e7e32,105.0
1c4871467e9b6bd73240e47909222597,105.0
e07b6d73f942bcb256228f5717f33537,105.0
8512e3ca55e22431ebc529ee0dda929b,105.0
47c4599db633af989a9d444ba9ddd844,105.0
feca9dad8fbf1f8ba320d99aab2116b1,105.0
28da029822232f74f6920cc4681ff5a8,105.0
df04a2262d2069204573b761b298526a,105.0
b69172b3a131c3a94f90353e16441b19,105.0
d1e63948af6f1051c491d33006f88e60,105.0
95539321a91156c4393281cee799ef41,105.0
f5cff5cb3aac5689b84f6818eea0b921,105.0
f1e4cb90d648840b059aad60e2eb0574,105.0
a32651c931981f0d158f31382ebe69aa,105.0
8ed6117c357c24a9dec01793baf6a633,105.0
24fc05ba41ba61470312726a4bf881e2,105.0
635a58bd743edc833834a9a8435bf317,105.0
c57c45bfefa977ef5d181a37ad5650c0,105.0
d0bfc5ed8302e145eb59a75cc94cb715,105.0
d97a821ed3b2773e2c08b1fd616ff50d,105.0
bca0fb95cf743f0e9a07ccc75fc0e407,105.0
b79ba9d57f765887e6f8523786186ae1,105.0
83ad2f780fb78cef1d84812445321f71,105.0
abd5239bc1c0c611f80ef3c3d2e6ae9d,105.0
f64b4d4b9e4185ce59b00e617e565bca,105.0
71d0aa2c2ddf9293f7a1855c366ec21e,105.0
bbaeaf6810cf76b8fd38e746520c7d3f,105.0
8cc5b669b36635162d2d3261b8559d6a,105.0
ac6f5d2cdbd505344d970017a51bfc43,105.0
9acf0054ae9afde2cb1bb937967e2a20,105.0
2d7b8e7c89fded81ad8bca738dc8c998,105.0
3fbd93b9223e3186094f4d633ddf6da1,105.0
5058aeeff6ed95ff28cd16cb102b2530,105.0
79adcf02229a33e78f0f5412a2434f53,105.0
769cd0409e08aeb0a4338253ae2deb1d,105.0
58d3967487a56405f5588620eb0da3a9,105.0
4a84e6a099bf50bbf5c3fe6f1aced99b,105.0
1f36b92329b44c41b271497703be85e6,105.0
1f14a4ae05a973f75bf96287debb8d16,105.0
624f018ed734d05a9eed7f8a4222258c,105.0
02c96d7ba83b08b9c83b1e956f2e8605,105.0
b3290bb01210af453a5ee654d3e7e185,105.0
7b11c617863d7b6170f508363593b4bb,105.0
d90b2cd88cdf3e8f99a5966299abd9d0,105.0
64e6098479c48805d8945483ac8a4fdd,105.0
699b80206570f18885590c8bc671cd9a,105.0
d86bc7648165e5ea4dc2350d3bb291f6,105.0
cc3af9d29350c28116f07aed3c92d267,105.0
4683cd55eddaafa12fe03e637c5bf9c6,105.0
ac13f7c32f187f3ee52677e5270e85e0,105.0
f1220b145cc86460b4276b9b3e23e57d,105.0
9bb70fa63970b9d88191a90481d551da,105.0
b117ae6771e4c5db77c8e5c8411ca4ef,105.0
f393e364052cebfb6932ae3dc2de64b4,105.0
3c5dbf75aeeeb107d76361dd23f44b38,105.0
10c2e6b7e063f2b3176585b6c8d778d4,105.0
8333021eae0889032f2da220bc779ef3,105.0
d83ba54849e875e8f350178388514b0e,105.0
a926ff5e07e6155bf31456e33c21f276,105.0
84da83b05464fcc3d5b4e16cbc2f724e,105.0
863f37fd2bae6f4b89284c09145955bb,105.0
d0f7dca23b4dab4053a883e0e88daeda,105.0
9fe2f3fb24c5a450e4d649be659b692d,105.0
c5a54a265ffa05e5bd698a976d9fd9ed,105.0
22e40f23e407606505fea9fbe15b9ad4,105.0
88054508f13c781d3fb0e8db2c7c7c0d,105.0
39d88d9deb2cbd4dac8469627360099f,105.0
6eb6e7b6a901ac22a2e5949e1f3151e8,105.0
77b6059400dbc3ee923b21ff062612c2,105.0
7174ad809f497cf0fa40b32ff467b503,105.0
5b2963e145514883b2f08d2625b6ff6a,105.0
b97925383862944801250c9bcc43bd10,105.0
2d7932246f97f6a45b82a77fb4c72d4a,105.0
dc13762ef048e10a23d4bf8554b421a3,105.0
892a57422d5ac192f783945dd2aadaeb,105.0
5d19e4ad46b3ba65d54ae635288c391d,105.0
d234da1ce7c522e9248815bee7a0181f,105.0
96ec0d151192d831ad616d59b8be2b53,105.0
c4f1520e30ecacaf4625b73784fa4c92,105.0
87da135481f5307bdd3cc354ee4adea5,105.0
8def39c0823160f446eb05a81d87ebad,105.0
0a22d8d52773816e0f996063699667e2,105.0
550343cf167935608a7c188aa6aa4100,105.0
08c107b0b78e43fa0195263569937873,105.0
fcf43464dc356f38b043ad3bce8b48d5,105.0
83e1602374f1c008027bbf8828fc785b,105.0
0c7b234e8c2cb37488e4077f7369bbd7,105.0
1de5dc5b831942a9161baef126e93870,105.0
70ff49e52ebaa8716e656957b23cec33,105.0
b41e69741bd21af93a54f30ecda093f1,105.0
6669053672dc47efcec868e07443ee37,105.0
46f90a95ca3b2fd7a603364b4eddeab9,105.0
bc1ef992b4ac6e9d204ac47234fac097,105.0
1d7851c5569233818d755ddfc96bb5eb,105.0
dd4f2d0c1912aff03fd6980ddb32a214,105.0
07d3587462cbe5dd7c951b59f783121e,105.0
afd614c2216929e093dfd364a3fdac7f,105.0
3966d538af8357574982ae2285464498,105.0
ab31517e5b97ac03b22a88e2640a974e,105.0
af44210cb48d7a1f9fefdb6e59abe017,105.0
f55791b5a2b3a4f027ad2523dbdf7b2f,105.0
3e72dabf2c10a14d047233a3823ddce1,105.0
46e062b89efcb2d995e223cdf27783d5,105.0
1127eaf6f0879e5d8d406fb70b4aa3bf,105.0
178522f1262113dcfd9deeb469864478,105.0
c34527f7e4e6e1af21c875a28db6e84c,105.0
be4995c72f2904cfabe60a93e349ddb2,105.0
84cf6a7be7808987bada0a2236e8112f,105.0
33ab93688a44ea7498591799275c1ff0,105.0
cb921c583eebff7f0faa42afc1c8e124,105.0
89bca1b7e71b59a7d206d9d1da65c1f6,105.0
9df855aad44b6b19e9058410cbb4d95e,105.0
7db5bde0f0fcee8817a4c317cf05429a,105.0
eb5cfb1e923b447232fd8d969c517974,105.0
46b3969f61f870443c2acce55900d3cf,105.0
a45395f07a92cd548dea90cfaabfce8a,105.0
381a9502dddddeca0a953c27ff22605e,105.0
a1acf95041edd043087a040e89449636,105.0
7942ca8baa666af529e54d8cf200d57b,105.0
51f0f268cfd97b4d629122668c5be9c2,105.0
72783b7570ba3a6ce009c63dce255534,105.0
2484d57a9c4669c2db7c83d94b427c5d,105.0
57d95ce76c2b8f88a38fee409eee5fa5,105.0
30341ccc91cf843ad30d898968a1905a,105.0
5c5689c7522389a8ff3e28ead3a4cd55,105.0
8310c27f705802263986d24aa21bf014,105.0
4a4d32e7b1050d6ea93354fa982a8f6b,105.0
f21979943f93df161348fe55047ce42b,105.0
424a293f43b7f5a42f926ce9b76283d8,105.0
f68e7cfe3a0564b1dbc5ce7a489dcce8,105.0
7cdc15c0092dd54a106da374009fc73b,105.0
83fbf2cad0c9510da566e5681efe63b2,105.0
b726e3d44aed0d21b38005eaff8ec0f5,105.0
00d97ddbc2cafa83bc2412d11da98d88,105.0
f65e01ab01b6d31c5c6ba7f16b400814,105.0
f1f77002ddd90c77d0b905627d66ccc5,105.0
debb46b966786e8a9aded924a51028f1,105.0
46f70e082caf080ea42736d39f169d3e,105.0
6f32d93d54ccede897e54670112fe738,105.0
967ccb59d2cc42657842f08146dfcabe,105.0
bf30e5d1e28c6a7da41c22fdaa39e4c1,105.0
8b25e268c2f35378cb13b4aeee7ef12b,105.0
882d74a40dd3c00c4bf5e3b6ba55798e,105.0
5bfeda29575b8208d4413d168af49d02,105.0
cee868431579ba2636577e88ccedeba6,105.0
2ce6b846941803ad4a9e4507db07b9f8,105.0
b342ca79f686b55a788bc622595ad4a1,105.0
9194c133427b11faae0545cb2c631c1b,105.0
96e58fd0928ffbeb0a2fca4506a24e5e,105.0
da631d8690cf9ef15f9e3c113fb40fad,105.0
83b49b4dd32370d23bb5813628dddeb4,105.0
51cac74ce6915363d1ea1c919362864b,105.0
f2f034384d1385b0c0443d495384a777,105.0
cd482c40033b2a1107deb3d9a10d14f7,105.0
51f45be48e424513598dca87178b2417,105.0
0c7648ae4276c0a9da0f437e07836798,105.0
e069b92fbad9733a003fb527f9f955cd,105.0
102c48b599ff7da4b63280347fb40de4,105.0
af73c0c87b6ae52088682b9718bf2e32,105.0
ee6902061d6e3530d67a27fecd3155a4,105.0
c767d0e473731b4bc29c1b09bfa50d2a,105.0
a9bd1380771bf35ef3a1ccb7f486df97,105.0
630b53ee81b257e794880292133bf170,105.0
d14d3c023b1b86bb3dea4f86a1605550,105.0
c8158b6b236a4cc00e0766c812b7645b,105.0
30fff87c4d37b461960a74a62047b356,105.0
6ceae544a7b14267290dbaa361e511fb,105.0
f958c0b8328c460f2e99dbdc9158a8b7,105.0
d41f2d4a3324e237b69a1a821ba9ea64,105.0
7cf084047bbf793a566a31b53b3459d9,105.0
44635a418c22d03cb84d84c6bbd96856,105.0
97af6aba693b979a59b66ebfd831eca2,104.99
0898d2aa1ac4cac189ca12c0104cbec3,104.99
543498dc5e59976cbd3821712ab1a847,104.99
27c0887009d482e04e758a8ac36cb956,104.99
9c81a41d8215e1598f9b05caace256a0,104.99
cd69249cd34b136ac10eec38c65a2d89,104.99
1e959e1f5920cba43823fa9f95673b83,104.99
e16e9b2996e5773f979512d49da54240,104.99
88ca1a52550c2c65c9b75121cc26b060,104.99
cc63d689185dd60bcfb934fd5a14a6e6,104.99
bfe71325826336cdf4629f66798887b6,104.99
43887a1adbe818152d5d7a93f4264c7c,104.99
1cb2963b96d7da644168b9282330a809,104.99
76260335027bc37ab8baab5d49283ac1,104.99
0070e3e36dad141bed98c6dd5b3d1216,104.99
e415222b4abe172614ed6c78d9d96994,104.99
8f7a9e47419062d350d47d945dd28cfd,104.99
5e398ca2acbd494bb58cd5a8bb38aec2,104.99
d0fd2347774bbae9e9118a08b1a4ea31,104.99
b90c08bc258974e0bba31eb7fccc433a,104.99
cde31cc8cecb7f5bd25314f2a836b3d2,104.99
b59b9200abefa3aef8728bddb76a9d8c,104.99
3f909aee0033681e1321b2b5eee9cac0,104.99
cc1e197f40a5099962784cccc70bc175,104.99
a5019deb4cbf976d2a46e2fe004e1e21,104.99
758019ade97df0865b7fabd23bf29ae8,104.99
12ae263ff39c5cdbe34be2f50d6f2b6d,104.99
a1e5248dbcbe64e29f9c09f723033a36,104.99
b65b5017b8e86bde50b8930ed0958286,104.99
ecdc08c51f6d63e91243f052db3a5bae,104.99
e6595e1dfae04149e21586a32e6d8b9f,104.99
969678c7317657c3a5855fe90a69894c,104.99
98b755cc59f5c55c1c131cf354ddbff5,104.99
0a067beb29d6e296865cd7810d98835f,104.99
c46aa2d0fd5395ba47766ca2de7068b8,104.99
625c9edc2789a4f2d40a660df7d69b5c,104.99
6cbc69ef01df8d34bd134c6d828c1e53,104.99
be0a33e2135be2feafcc7c258e413475,104.99
478e045863cd16bbbdb26ae98edd63ea,104.99
45cdfac600e3e044e7d986b3639ac8f3,104.99
46aa2c4ba592ef26df10b2ff62e349d8,104.99
e40ecd3ecabf7e589cb4974ff0d36979,104.98
f9913bc021d14fc9e5a96b3508284589,104.98
f6a4f5fd1f3e76fb341c7558b76938fd,104.98
c72ebc9c80e11a4e61915573c2d5a39c,104.97
1d13a688c080887be804f5da5291fe95,104.97
11cdfd80e0dc15257ad8671e2736bedc,104.97
1b6de3de93dd6da5e8ae0a0b57b5ef2e,104.97
183ba8d595cb64e77a1ad793bd3d0455,104.97
b4568e9ecb25a2c573896db7c2f22a2c,104.97
82bee56e5e5857fe1dcd984cb33b3558,104.97
5736944f51ca2a7e68fa3180b5b499da,104.97
08ff6024ff72930a211cbbfc6f8c51a9,104.9
94273e2b4bf5b5d2cbc3af09a36ddcca,104.9
a31e61974efff601345e65e5d6b7ff31,104.9
9b33406c43ff5649ce7f8476775bca5b,104.9
4e0afc4b91c3984459d61f3e4adfc334,104.9
2268d727e31908e4c2a280e18ffbec4f,104.9
524d40cf543096d912f74f5e21cf3e1b,104.9
d56b30201c33d06cdf8a42709f7c0a4f,104.9
40268483d07701fa1f7742c9f5a23242,104.9
852ebab4e4fd1db787cbfd010b8ba758,104.9
48fac1044fbdfdb579a1c06ddaaf2fd0,104.9
2163cb3a76a24127b8958bbb14b31d38,104.9
d3e6f4644fab253987a428200b71d988,104.9
c23b8aaac4d3ad770efeaed8e42a6a9a,104.9
2dd24ac3b1b93ee4f95f4fb3a32b0d33,104.9
0280e2736a179aa87a59447236a797fa,104.9
c6447c7b0643e5526a0b245317858d72,104.9
0b5e1382879c6dfa001754baf54c6542,104.9
face248ece2a747c58f14eb3d1ada150,104.9
42a5fcbbdad65719b297e30533cdfcfa,104.9
269b0a35943abc8d354e9d50c8bd9d21,104.9
3be1f2f8fd0c0de7b6af157ed9839fcb,104.9
a480c58e3eee4e740cd829d7f38dc25c,104.9
117b1c66b1089ece5c2254144f37cfe6,104.9
6de0157fcf255d9cc9f4e6115403eae8,104.9
b103962ee4a8e3cc9179412767a34d4c,104.9
5e7b4ba69f143e444ed3ea4c7a715125,104.9
9665fa0edaaf2d634f3e834efd219267,104.9
bad7c65e663ea4a7ce139684e5fbf63f,104.9
6cf17b20e9bc7e78eae2ef9880dcd811,104.9
8b1d12ac3c115a217872856a5f7ff60c,104.9
484ebdbc08f54b64e4e7a39ad6be42b5,104.9
c370c6989e3b1b80251e5ac83ca3cb58,104.9
fd78478906e879b770c640f537e4484e,104.9
affa1ae9fc01158bf723814d1dd9d0ce,104.9
ca150f7080297fcc2977fc1bd5fa2bf1,104.9
4812c1834f4b519929f05c22f6ca6a54,104.9
75c1add0b9b5d6bb9948873a85f19981,104.9
7845572a4f919c31d327673edce0015e,104.9
37fffa07ecd4388252d485b3eabf0d68,104.9
edde00a1162525e6462a9af33a4903ba,104.9
7a1026a3566184b089a35c3841d436f8,104.9
96878eaad8a21cab428be467d640041f,104.9
8a2d8ef5b8f61f14709d8de117293969,104.9
ee7f551eeebe02f0820440598eb0dc25,104.9
40eb5b16b04bc62c59d4905857958e82,104.9
c7c0ba6613929d7d0a82ef70a992a184,104.9
545d0b34f24d4ce299fb05e29748bc0f,104.9
86cb1b7a59fdb704d86d23465362ccfe,104.9
fd3b44dd13dab141361b58172c65b84d,104.9
c89e1a69a9e065fefa96df80fc49c666,104.9
f54327cc08d1d6b091e42d28d2c6385d,104.9
72d5bcd92b9e55444e84cccf4d9d4abf,104.9
0613b148440366189657a47f27dd5c5f,104.9
eaa4ae8e2814593f6ff4277e539a7874,104.9
338551d63dc536fbb5ca33aa31a8a402,104.9
3ce1824f3f66f5ba84c91f3512d75578,104.9
d71fe03e7185dd0150aac5381e4afeea,104.9
fe19be377c1df017aa462f3d54970253,104.9
2154edd1de40ff360dfd3aa55932a64b,104.9
2e8e02f3c8ccc706642c7c42b68178ef,104.9
5134e48a9265050e6884f2c44752a4d5,104.9
97dac0e1bb23983ecae0b39da75edd9c,104.9
f6b267fb461c26e4ae3ea501f4297503,104.9
5530a184b424cae7a59afab7ac0c1d84,104.9
db4581146aade4093e4c420024427dec,104.9
c7beb17a33909571d5a71b10f71b42ce,104.9
d3201f67ed3163f8e32b6f3ec53fb1e9,104.9
4b740cad2c22a5ac0556c056c494f478,104.9
5f20182d4742c105de1967ae7154043c,104.9
5366b0fd8d98481e724d2c25b0f6be0a,104.9
f9ab8d437b0f992dcf5110f604ae1c26,104.9
b592e09a4081a4503a755962e85624c1,104.9
7c1114faf8afe01287362e1a1943aa26,104.9
5415e7754e47d4252917df22db44f1f7,104.9
0baf61edad2e021f03dc5a4304aef983,104.9
24041cfc56158275932c943208731828,104.9
6df3e1d2f32e019f4bad7640293ba4d3,104.9
438df7b1a12e7eb43f99b35531167e0a,104.9
430c04898ef30536fd1ee210b68c1c74,104.9
ab749b53268b969dd8a4309e6f11c065,104.9
9ea58da8a1c1d2896b9d2efc27b43e41,104.9
d11670a96c9b879a92a4783a707a20d4,104.9
7c86a90121d1ec392ec94d54a5ca4098,104.9
c9bbc03571d766b10be0e2486432fcd5,104.9
2b02d032edb6e61872c6a7869e7e52c2,104.9
c59e8ff99836e90d8b457d4122dc34e9,104.9
ad02ea72fea6c2bd4706e9a36ea06517,104.9
10e7df1fea47e793e686f3cd6eda793f,104.9
0672e3c3c00569fd0824ee72f92073a4,104.9
7532d2eec50bc367e71a40131b56fdb3,104.9
cd4260e37ba9618a2aca53bd78ca9a8d,104.9
8ada7e4f6ce429a858423a217c7225a0,104.9
e4ab019151433cd8630e3832c48602e5,104.9
eed06a5744e075618d811e74e1826a22,104.9
d66a1a4d6834da22157f93d8f7640a2a,104.9
c6f8d616b2dffab04e4bad5e6a0af2c4,104.9
0b79f0da6032b5f6e932f3c603b16820,104.9
255076106ffe1cb62993b4f96aa67e76,104.9
0e7caa9e2f1f16c394daa33a8fecfde7,104.9
313d46bf885960e2f3a62effcfbd789f,104.9
6003ca93a4e8636842c327f14a2fc3a3,104.9
1daba7d65f084430a3d8aeaefeae4680,104.9
0b79d160f327fc4788e780473c007513,104.9
8c4751bbb5aacd9f0d694e8c622faacc,104.9
931b19eb7671ec561f735b242b76da72,104.9
3b217c2c2fa9b806b2060cb917a483ea,104.9
cef3af3b48fbdf4bfdf4f431fa1cb890,104.9
721f571d9151b56034a0bdaf68f675fd,104.9
00eeecca2b37c96ce302d0428ee46ccf,104.9
222e1556b86ff309b9ee3f03a826567a,104.9
98e8065494a4f1f9126c7ada1046c35b,104.9
297f627663a7f77e536fbbccbd449596,104.9
4193b72441aee0999bb92aeb9c1b236a,104.9
c2050cb7f460ab220153e1a52f93dc61,104.9
f24f1dace2a4e157da44fa5f3d666fe6,104.9
179e76d91b4cd478d401bf51007fe61a,104.9
de171c2b8c93519f31418e3512fd74d8,104.9
23696724436084b44582dc116c438a9c,104.9
5248c29eeab9341e2a39a0ef656147c6,104.9
627998518e729736c68e0040bd2caec1,104.9
a60e8a1a131a4b91808534e3baec0827,104.9
878d8c63b45f5785836732d642ec2a16,104.9
f300542c9f0c858aac2c6109f35d16c8,104.9
24f8c06607e71be236bfd3f6752a7435,104.9
6ce60503e530d8a67926e9b8e3fdb635,104.9
2edd445927d31339271f0b68dacb8218,104.9
9fc30ee5c1a1788db28ccebe3a0eba1a,104.9
248a663a76ecd556546414c94d8055bb,104.9
9b605f1eacf9a8ba0a7902464d6c884f,104.9
9c7ecccd2cfeec9cde758c093cfc835d,104.9
ee5e2b6de40de307606e7b4941522281,104.9
5406b9e94d0682bfd3c683d5c54147b6,104.9
90ae7e6179d48b7f42bfc5318c0f13a3,104.9
d370b5ca9d89f669acb7f1ebb46e38b9,104.9
eaa23e1f86158e335020233d6d714c25,104.9
752b19f57cd013e2bf4e3c62da5a29e5,104.9
25363919788d198ec5a6e18a8d153a5d,104.9
ba67e12717ebcade35d313673445f242,104.89
f5fb123023cbd4acdc614393621b6f86,104.87
3df745ae77e3d641ef816851851c6f49,104.8
352960fe6741c7944bd2007d8d1d3f64,104.8
a7a2f43c562c74d555c0bf1e19fcca4b,104.8
862d420e0338df399fda69c18a1ae556,104.8
565d4d13c6d336f46342a14f1ff9d122,104.72
a4ce15737ec0d3eb40545f0b738a8941,104.71
14723de10c5caea4f02a154f09f375ee,104.7
c2f18647725395af4ad8cb9d34ff1287,104.7
55836520f2093cbfbbcc28fa0de53223,104.7
d02e1d2d293df869586ab6929c8d3bba,104.7
b5224a10c14a03345a76d65f3c88da7b,104.7
950322a8be6e8e0e0e91516847779161,104.7
010c697e9133c540d8acf1535533f7db,104.69
dfa8a1b565b79938d84942f83d88a2f7,104.65
be4be89d5a3ebddc9337dc5e8071b60d,104.6
a31586a3abb2e9ce07180c42029bbc11,104.6
d73ee7b90a120f091a66715a34196d31,104.6
8e02372092146ab95fb369def067fa42,104.6
7180be94124d3a8df635fa390531a16a,104.6
febf66a130bc1bc3d35546f466261511,104.6
83ec82bab2f3e88afecf438f7c7ed28f,104.53
f7e3a3ddcdd64af8b12440f020eae56b,104.53
1164a980b6dee0683ced648a79ab761a,104.53
704ba48e6fc9b2378b5a9a90ab678170,104.5
83857ffbd031e05ba434ec824ebe70b5,104.5
1cd72e410641618ea6ae6d9896fbf760,104.5
7f333232c7cf28e0de2668caeaec42b5,104.5
c1a4c8eba56bf95b78267d837d0d3568,104.49
fa02a9d0399654a2a97b861ec8ef7897,104.49
629e3a6c0d33d6bceac9a7f8d0fb1b37,104.49
a49023ded65b306fc073c33f34ad85b5,104.49
26719a8eff2571760f7ea1a3640d9859,104.49
ea2caaeb89337bb02c4795b08b1fd8fb,104.49
bfe91080846bf422f0f38f6f2ecdf1c8,104.49
1156e7c99b96d2222ef03da9831eb266,104.4
5d0365ba7eb4d4c236674bd33f30f13f,104.36
9bd35db16bb5788182f0fef872ffa0f3,104.34
c8df320cb6236b1c77119c3c0c36435a,104.34
490c0ea9e613c1769e6a9fc3034753e3,104.25
58c39b85579b280bb8c173de81749e7f,104.22
da78567acd7705268aed9990c5b148a5,104.2
f8388449b0c4c5425413fd12baf8b3ac,104.2
b0bcf5b29b3eca0f8beb21acb372fd3c,104.2
8928256d81a0cfd9f31f2def440f2f7e,104.0
1002cb40a48c938a607997948c187056,104.0
4fa13e7337b7e5ac87b133e2c7c6a432,104.0
062a227b89b45c5b9bbc9c41a8590e32,104.0
97a2701728643f3bb2ede5a9c3a81782,104.0
a5a24fce1edec515e0458b4a288c6813,104.0
44045468280808494791ffdb0df2d431,104.0
ddf999d85abba0ea3319bb99dc8d7495,104.0
66d0f81a78ef68872539beb6c13430b7,104.0
7c95f786dfd0d418107a4c735f494e74,104.0
2d910e42e152b91fba488087b170a471,104.0
763b5e1491aef5d315a7aedefe8d6a0e,104.0
92d42631de96e4885dfc8b1a13d71e3a,104.0
41999e8297f687f4f7d04352ac195afb,104.0
3e07316859116dbd247c109d58e6bdba,104.0
5e1a13f06c19ab11130f53d716684a6c,104.0
21d21175570bdf77dcfe0902436a886f,104.0
60acefff7e20a4ee4981616d545ed441,104.0
83ea5d4cd198792de3596cf94415c907,104.0
06fd13fe812ea82418f7e99df3591b81,104.0
6ee3974b13c2a09b020ec8028b25fcaf,104.0
e1a333109e71922f3c2cf7775d80f28f,104.0
34beea970220d74027a3daece88c07b2,104.0
ca54aaa4768b5a9c668f503810b15aca,104.0
57daa113711e9123f2a06835f37c0330,104.0
a7ff44e0773e59861e6b784a4de577d1,104.0
a1cd7aead5b4948681cfcf303b3b5845,104.0
dc9e53842f21de5317da704d63618278,104.0
8a5fbe3630893013a13d346a571d2add,104.0
24c8bb9a3191c563c780d12251f1b8ba,104.0
e7368cca4ee120175b9de0d9eda58288,104.0
80a56c8941df38a1adeaf9183c112609,104.0
45c715dfcbdc6bda7b1190def7ab948a,104.0
8282c77cb03f64a929db1f36df79e92c,104.0
7e710d6d426e7b9d30e7f2caeeb6d7d0,104.0
d4b78333966d7c8eeb85730b617edc3b,104.0
ec88af0313a04a591597b79a08501f2d,104.0
3760ea94d9fc7b3ecf5250afb8715418,104.0
1b079952d7f8ea0edc2babd69178160b,104.0
ea96be5147863f2b3ae58b00983a6d09,104.0
e5475160d45b86c1272caa11513641ba,104.0
c2ba1add3e5b2df51357caedcf3ed04f,104.0
5ac6b6fb2a239fac96ec7dc787600709,104.0
90bdca238ab39f1c20beebb44823f09a,104.0
bc94fe53f5ac2303375e8030edfed971,104.0
55846a9bb9076de56da44e430349ad1a,104.0
623438e09482cf7300ffdf9b95ffd9dd,104.0
700804a891a8c97c36fba2386520bd61,104.0
e2da939d767d0b2bad9ff78463b23256,104.0
607c5e234f26e35e0e8e32a6eb47670f,104.0
e93d76cef3cc12f081ade0c38cac93ee,104.0
448c2fc1c28370b7fd12f611282d4dd1,104.0
9d1c8a11d15c3bd2b813cab5608792be,104.0
4032c0b1b0ed2cd232a2e9c57520e889,104.0
e5b4d61850970b92a6f569e238861e53,104.0
a243a93608e91d8da574d337c015a6e3,104.0
ae06e61f0d88e749130ffd7dde18c0fe,104.0
630b8c2f4134e83812d827e8006caa85,104.0
4ae0e56fdf4e50a702d17c18f46c1b4a,104.0
320f11397eed52480b8a85e858331538,104.0
fce71f731eee55cf8aa62f8fcd6c43bd,104.0
d01595735e3e3c4d5fc7e3479c147c26,104.0
12729283fd440bf783ab9abc2ce60385,104.0
1a8ba5f5861cf364d0e20ca1d9a2e3fa,104.0
7493c2fb6b1c4db70d66173a44ff1ef6,104.0
802ddb120082372c8e8b2779a00f5553,104.0
33f2819f6b0267c2942f2672ce7021a9,104.0
f1d4502d91bfed06dd2dc1354a0c5100,104.0
1ef9fed7def12580f599ff403c396d20,104.0
da8d9d3bd106e29f61b9e916087fb1bf,104.0
4603be100f0719884214e35033227fcf,104.0
715f0276884836bbfd1c06b089136b16,104.0
a93fa626931eafc7562939f23e3fe926,104.0
025dc05e57480935ecde93b27e3c283d,104.0
543c10d713a8e8174a9e4af168c1b6ed,104.0
c34dab876dfb39d86d68b291d84488f6,104.0
6e9b72d0362c6e0175d0fe1ee39a154d,104.0
91eaf667c6a3a4a40a147e8ac21f1877,104.0
23a013f994d227fe094eb1d379891c58,104.0
24166bfd53de2666b724977e4e7e15b2,104.0
802ca8c86c99afbfb9b6637d8e21e015,104.0
02548f54167adc674352fe5b7825ffcf,104.0
34e65600409fc09eaf7e45fcd61041a9,104.0
0641d9adafb540d8a4cbb584a9b4ea03,104.0
e6ecc0b5fedfd6d00a8b01dcf1f7b10c,104.0
d672f29adace7ba59776bbc7309e6ad3,104.0
e39d2fd67a0ec9911767537c9dc2458e,104.0
ce6121237a09886811612ccb1d51ff88,104.0
a245c1a62012e749291b8bdc54db0569,104.0
5f20fe3f0aa7e564a1859c3549bf637b,104.0
1d06482d82c32c8752f4decbbffe7623,104.0
39a39e48377dcabb11e2915a225e13d0,104.0
c472988a47385f32f643e80c99f65275,104.0
d5e9eb9208e37c9f39e6f19c0941b675,104.0
7d03956727a1a2962e0e669629917bae,104.0
973b7fb9752333c4abd3975a397cda2e,104.0
dc559c575afc1ce546cc0444431b0988,104.0
5bb2321bf6c692d7f92ec6d97d5842e4,104.0
d0244ea97de1322c239a5c65551176e3,104.0
0419432b440cac406896f9b2ed4419a1,104.0
b9f4bf1ea5af001921e2060048cc6d98,104.0
36e3ef8fb933d8bb9d41919db6838486,104.0
fec717a689c1907ac43d891a75cca92f,104.0
fe43b2f349c9ab46883ce0e02491432c,104.0
5cbb774b043be6439aa9c5a51efea395,104.0
87219fc2699ef5362ed6652ed3eff170,104.0
f65326b2ac36be7ebdf22698f41654ae,104.0
e5560d6c017f8554674633d6e42feb3f,104.0
de1b604c6de6ecb80ad5ae7ced23e060,104.0
676b89eb40103ec0c9860a7c4cbb7bb5,104.0
4a14bc6096777af2242f207d52eba728,104.0
254e4f0b03dd230f4cd169450f4b1ddb,104.0
91486dd591ffc38e69608cd1684e6951,104.0
ce11122eeb089c04537c5ceb4fbc385a,104.0
24fc6ae10363187c6761d4f8ad137cf7,104.0
ce5575f91b7a762a1a81dbc48a957360,104.0
34f852cdb25124b22f5b451449f3a91c,103.99
a77331de9f041227365a9dbc92585722,103.99
1b3a5726a67f0222890dc9c922f19809,103.99
46427b8ac274df227e019c6c3e6bc9ab,103.99
eec3d506a23070bb0ffad2fea91d9976,103.99
154907344d231ce6f9e716b698c8c772,103.99
1181666aa724f10233a91c2d04a13ece,103.99
1412be486661c275b82db0ddd740fea9,103.99
02d9a65b86f28f9bb487c30a493ad289,103.99
85a75f2bdbdd30e9fbcfb56fdc387418,103.99
3c90bb0fba16e889f898e2da1df5fb32,103.99
8e5368dd904948fc2fddb6b8b3178175,103.99
bfb6cabeae9b6ef42a80a067a613c269,103.99
423ec49be46a59adb7cbfa113013ca4e,103.99
0a609dd8db7a72373f02ac17f3202516,103.99
bb31f17e002c3cb7358496d89a4e3293,103.99
b398477a817451216f8913ce45a1a2a7,103.99
f73fb741184bd9607c48d8a226a241eb,103.99
8da86708f7cfcbf9ba8ca6004b14743f,103.99
0addd045c89ed918a0afcca4385c259f,103.99
3d8350a7f8c55e7b98242cbd5da3ee63,103.99
31ba9ac0e4754bbcd068424aabfc99e3,103.99
a25fe438fe53dfaf18b5ac667d3107c9,103.98
0a791c41f6f639d2cdeba44d05e6ef04,103.98
d9fc6dc9a00c7ec73a0d416b9a1b0136,103.98
1c5c0870a06762e283d8939e79241a4c,103.97
4d53dc075b6e8ec9618f3d8a80b14942,103.97
5119c6d7557563be3a40507a5a90d1f0,103.97
b51ef2f9b84214cc18a0c1b6e2860a7d,103.97
f36996ed68c100fbd9df96fb3f75fcdf,103.97
3ec51603a0f1720beba2958e290fa202,103.97
6f17e84649c1fc41389c1a628f8926b4,103.97
c6f256191c5bcc0e85e9a31ecc092638,103.97
53970e844c3e666d2eb588000127a4fd,103.97
26557dff72f0081407a81906161b1589,103.97
d722ad7d2867ec257ed3d62603da4744,103.97
2e6c46d88036d32a6244dc422fdbcb54,103.97
0099a73bb9e6010fad1106f3dbadfc1d,103.97
7478c22961661e8adccc13e1763ea59f,103.97
6e53acec8266648edb5b9554fe15d5ba,103.97
eddeddf27e3ccc96b1e3f7fcfd4e4f3d,103.97
e54f507ec1ad92aaaded5565f48f1a19,103.97
18536e4346f9ce92078c3ce96fb0cc79,103.97
a2922aea328704a90286d7b51b05b633,103.97
e6fca8fbc9c7096c3c1d4a464a74fe89,103.97
b52fa071392a9ee75b930ad1566af7de,103.97
7d1219e8f53f6b445b3d230c0794e337,103.97
2f3c92e587aaca2bdc0ccb6b09caf5e2,103.96
6a78c7286417b74603c44bb8562c9f15,103.95
e5540278ba88da3db9ae1482cb3135bd,103.95
87cce77249ac03aee91db1e962c3f5ed,103.95
ad43a1cff14fe08a87051ca82f1ae98a,103.9
9ae3ca34775bd0f2a8a7e5915975c1f6,103.9
d1c7f1091325d6c6dd7c4512b6ded91f,103.9
11c166946c235b3cd5b1fc3fdbcb9215,103.9
c41f669511a8b8712e4fda835493d4b2,103.9
e754c640c09779e1ada40ccad154f7c8,103.9
6b6aa10ce62aa811a680bbd03300e238,103.9
7db36170d6f4124ef2c2d65b5eb3ef25,103.9
e370a74b55f19bf8ca82b0dfd5b3e396,103.9
4c3351d2b41593f41ee70e5cf0e13518,103.9
9076176abe8c4a7ffa804d50816e9eb3,103.9
f1b50ffada8a14977978bac3330283e0,103.9
2f354a7f80d67c7a475622acf2692026,103.9
99c07b2a4cfbfc95226d6928822685d1,103.9
88e4656913cfc0cfa42387adf279d55f,103.9
89bb584418002fd81d34e12c3526f74b,103.9
8dff08273b834a0219865fc1a56a2c0a,103.9
5f0b7da5a7b0c5db24d34ab68757c129,103.9
c34a9286b9228cc5cb648c5322bf6b60,103.9
02df47cd0b49a7f0be9b09411594328a,103.9
da0198a12413775e44e59d0a0277133a,103.9
52e3f988105c693d97a459362eb0bdce,103.9
6a8230bceebe5870e91adfd929a31a45,103.9
b960433ecd19b8c8507fa68fc46c30d8,103.9
92effc61cdcde58dde1a6295fe519bb4,103.9
614b18112402859120ee75b1ba6b07c4,103.9
0cee073f6aef54fbabf3954ff549c244,103.9
f3cb1ea188bf53465cfe23d8bb30b479,103.9
bc7f75a572edf4c26dbcf4528e7c6de3,103.9
24f9d86fe662411f563ed4cfd6361b1b,103.9
2144470706b2b4591e48b8ffffbb9282,103.9
fd068bfce22569bae3f1829bffe0782d,103.9
62184d518d7c467ac5c2e22757830a73,103.9
c873e267df51084e4778687cdad0c774,103.9
090c54303fddc5393a9386f0ce454d62,103.9
2f30a62e115284c1833d742d4fd5a38d,103.9
e74ab8c50389d5366290cf3f62109b11,103.9
d5d8b3a49845e7291be73ad610ee09e4,103.9
dd88c0d649b8a0bf6cb4b24d5a4e17d4,103.9
e72d7c42e6184c4f88acbfa547d77a0d,103.9
efe7268671626ef54c866f7be8553717,103.9
41bc17101bda1494ebca12a3705b262b,103.9
cc839fd0ab1cd8c9baa64dadf30ca603,103.9
9ca6194429e983e3d30bf20c15eec582,103.9
d908de57bb9370416fbd7abac952e69a,103.84
e76d3ee389e60c9f35945ad13caecf32,103.84
c4ae69586d54c4205e4ce6ef761cf9fe,103.84
4d8191b1fc062213093ebf08904026d8,103.84
af51c0b5fcb9ff4bdc3e48e8d73446d4,103.83
88804b4c3da363a0429636e65591ed68,103.8
666b7bb54abadd1d317677a03e666c22,103.8
e2be03bf1a62687ebecd09d2fade9c2e,103.8
fef067e487e9911c42d7073ced30b5de,103.8
4b8787047fbd5f4b75688747a4bec9dc,103.8
6c50c2547ade7275ef04878bcfec6058,103.8
8fcfaabe1e23602dcbe70019244cfd0e,103.8
49a6ae8a95c6a78d90945b983ab1ecfc,103.69
93ad449b42cbb78aea99b3c5df295174,103.64
c8db401ec63a5cf4fcc9e331cc626c96,103.6
5fae9fbd06c81844d036e4d3cf3a9f43,103.6
0f5cb52a437e2f6062863423966ccb54,103.5
a64e1160112c85d4be9b1ff550626db9,103.5
e7874858d0f02ac36d9d31fe810617d4,103.49
d3dd181f6daa8b575c00fde53952411d,103.46
9aa30d6b55543291e602cefe6f3810f2,103.37
a14f464b2a19d761f7f3f0885d5ea955,103.3
a1d11c86c04b7d1902367e61fb144d79,103.2
44f8065dc27889dca23b34e78c5b6314,103.12
fcd80d509b3597554b910dfdea7b3f47,103.01
d370d6f041fae5a0479e426d477fa3f5,103.0
3831925c77c419ed9abd8dd139ead3f0,103.0
1a691b34ed57e1c9ab8fc9ce45c316b0,103.0
e5c1358749c30acca897d993227c70f9,103.0
aa5c0aaed0105f447bd7e6198ae88108,103.0
59d897d033a38b312a0384b74e0b3fb9,103.0
1bb105baf72d2212ea5579641339d80c,103.0
12e43ff895727e74e98ac5f6b9fcc8a9,103.0
b10719011181e9c3e2833f87982abf6d,103.0
def6003502bb7701e2cdc0cb5af42cfe,103.0
144f886ca054309d0501bfe4c12d3174,103.0
a6fa8cc3630641be4f18edaee5e36e77,103.0
44451746f6c73558a7736a09766921ad,103.0
5844ae86baf505b082338964c8879d80,103.0
ac19d9133bc8251690ad1c1d03ca85be,103.0
3dd73da1c3553ed2b05530b8b156b3b6,103.0
6f87cac1f850912f8eee3d00f7cf8d1a,103.0
85e12d36f8e6db2d2688cc039b4dc9d7,103.0
60ef7ef7db1d379cfea450489691e884,103.0
49cdc0a4940be40bc65ae35bef1eeaf5,103.0
afea86eaca7e4cfd9f4abb186e66c612,102.99
5310ae71dd819077e7b2ec40525d1110,102.99
e779e549b4bf11350f71dd5eec806670,102.99
588d90ff683d3e9427d33aad3ca8ef82,102.9
6f750933c4466edfcd08b82f4ddfd920,102.9
51ed44d911b53453004f168540b0f4a5,102.9
93e0dbadcb03b5b82294f9a7dfd303e5,102.9
5b962d5aab4b7a6a145bf0bba32c1ae8,102.9
6d4591283381946b102e850533271b72,102.9
36dc23d5391b5a7e7722a016554c8657,102.9
ae4c4beb11e7a4b395a9acc4ea3ee895,102.9
b50f1cc40e82d3fe0a7226fe9ee7cd8e,102.9
0a0700ae1606e3682281763fc7f1b50a,102.9
4b2d705397245b9b0542eb3f31034dae,102.9
a88e515946bed4cbc70e9830044a7cb2,102.9
3601ca87ad49d32ca2bc47dfbfad434c,102.9
de27e7ae8adefd14b55e07db50c5c037,102.9
7c1e106bfe425aafa689ac08293ee6b8,102.9
c32d792dfee718dffd6cd61fc89f23d6,102.9
e91fad4d3d93870002bad8f5590193d8,102.9
ba54e3c7e8c4307e4e9d01ca0192ecca,102.9
1ed276c1784fa46d7834f7d86c3ed78f,102.9
a0a58fd4b0d0667a2ad8657ec8ea9371,102.9
a6a0a62ce165053b536f84be26fd22c7,102.9
55c6009c77dfd6c050dd74f5cf5e7f5b,102.9
02a307e718d16f6dd85c4d15c935c11d,102.9
bb8550dd2865e7d008d7a77ced99769c,102.9
a15d04d6533eb5ce7acfff6b2af9aecf,102.9
32974f63927c5eb768ff83afae6e924e,102.9
8e45de2e73431d2fb731feb8112bd110,102.9
42f665acb231b6747c46d690abda2685,102.9
2d0c34b4b379c290f079d39df12304e2,102.9
f5661c49c959f34c5054a42ca1e59dab,102.9
763117fb7b230036eb6217e0a8b801e2,102.9
2463ff4410b38616ef62c2995ca0397c,102.9
ebdfcd4a2112eeb988b61dbeff6fc860,102.9
2fea795dd61498e3f5f5b08c56c5565f,102.9
be83655f09f037c4a80e2590e64e9777,102.9
3c3db1ddc514e9642527dd20d7f8e780,102.9
426a159c2964c5676eb36f71d8310041,102.9
b8f57f8482efe78015df7a57fee1958e,102.9
3a23363a9c6e53ea44cacd5fe028aed8,102.9
184cf2d63cab844e956321da06369a1b,102.9
b38ed39dd3e8de29709dfcc59c3d7067,102.9
fd044d16c89faf34c00d0bf6a386e8bb,102.9
7659b77c8e8536224e0f03176075ebb5,102.9
a1db30418837f238cdd66352eea4f1d8,102.9
3a274a842a177ac78b8c85127962aeba,102.9
912df14a9a50a2afed74da3cd7d3abbc,102.9
ee4a6ef14acda8b8460451b84d71be19,102.9
3a5baf6be1884d05285d72325abb7a0b,102.9
cf4604a56d4e374de013f1ec35280d00,102.9
e92cab1b223966170902cdc2fab8c41c,102.9
d05e102089074ece592f77a56e66d08e,102.89
d82ced55e620b6568183a611fb3b71d1,102.89
c179c63e0432790a7ed37decfde65dc9,102.88
9d3247c9ba072a69095e08c07dfd1341,102.8
d09f20ff5b8faa599011fab2bf2a1ab6,102.8
d304440f97ec08d781070a5daa6b38b7,102.8
4be4f52196e60842e26db6a85eca7d70,102.8
b08e74997b2f1829f23a9f69e7c79cde,102.74
9ff28d5de706b0006389aa09a501feed,102.74
7ae079405bb999ea70d1c458cbf2e82c,102.62
1b4b059fc494b7bdb95aa743187dc92e,102.62
043527f9eeb5ad04bacaae09a3604f66,102.62
d36f42791492c5b4404bfaf182d4dfd9,102.6
4c5d706daadd48268ca4b0b435b01ae6,102.6
2100ae0e9921b8198d8b773d9e13494f,102.53
4f69c8c7d5ad1cd8337480b4a7e04a31,102.5
f4e4eb064cd539154f9deae1cda1b3aa,102.5
38496ae5427ee5df7d2371c8acd4ca91,102.5
09126adc44fa5fa5de202278c2538cf8,102.5
1579d7904c35a5fd9a2d5ddd03e57934,102.5
9b5934f5392dd4c1ea12c79782b962c3,102.5
48a8f1d33cdba145864fe26e90836426,102.5
8399f53660e61c830a30beaf52472f10,102.5
5c124fabda6174c6a2f7ad04a5080981,102.49
bc64988c743d4ea05faa42f945a49396,102.49
5a23a92261328e087c062a7c265b7862,102.48
c79c8d356d92bb1b74efb6c4a7766527,102.28
234de0249c0d24e311ce8652294385c1,102.22
a03826b12390e0e13d71e2b420537298,102.22
95de601b667f07f36d2a485b42866900,102.21
542fd82e67e7f416b738cab1ebe48af9,102.11
dd3a838b2d5933d07fb4b843c70206e6,102.0
96628803e4a340206f049af5fff7c202,102.0
b3bcb831fb2edce491ac545d8964280a,102.0
a8413ee5332b66e830274ce87d490fed,102.0
3da978bdc9235f7e0b3ae3e0415bbdc1,102.0
a34be8fec22c6752e175b190fbf6d712,102.0
1298b31750ae11bc372f731e76d3a6f0,102.0
d68b7456c437d53230a52a0cf28a6723,102.0
b8f6bcb3f73c07a92dc1a5c28184e073,102.0
6c623f1b4503c2dbf54682681e0052c8,102.0
c6865c523687cb3f235aa599afef1710,102.0
cda49be132527b3e1e7baceb4016c461,102.0
e8eaf1cd83fb76f65bdf87f4ab372d59,102.0
c12696e075e4644cdfc57dcbb39ad5e6,102.0
632048d959676b7f64ba2363ae4a0457,102.0
385b197700fc1ddc0cd7593456a8f0db,102.0
c6fef243fbcf36131ef6e6fdc4d42a2f,102.0
43d1f18bf86668180f9abb1755c5f166,102.0
12b16a48c796ee39d12b58170a6cf178,102.0
d889f97ee0a7fbe843851bc259669b54,102.0
dd6f4cc5de02738b4f29ff7da1116e14,102.0
982b5a55e0c254aad4e8a083ed3e2072,102.0
f4285ca515912592837da578425f59e3,102.0
1d35081c83698d93ec64ebe2d6cfec9c,102.0
7164a31758114ae20ec36fab61923c51,102.0
77f30174b3db9880a8a868926892545d,102.0
bed1104f53cd020a3a410b93952bebdc,102.0
c865d1d500bae6adb604c4a55a31525a,102.0
a10ac8211963018da06d9d60748e325f,102.0
b7c3a1727e5c7be9e16f997786ac6f0a,102.0
b8c6fffae992ef03298390ba7bbac0c9,102.0
dce38f01fa48a5575a26fdd8b9c26ee2,102.0
e236ca0447927499f71f89d6a453e0b0,102.0
b7683baa9491190a81d10e9c2502c1d0,102.0
32c3fa602f85c45a42a760bf14fa4496,102.0
8cc82cbc81afbff3870cb9c691ef8a46,102.0
76701e80d1aa63f37e0a8cf2da276a26,102.0
69d6e578767cd53d22ef956317a2d34d,102.0
1486fa01c4ec1c4b80b74fa176c1644d,102.0
43d41bd3cc4f7b5cfb987d9d662c18c0,102.0
2067794c960bc6a1705e94651086144d,102.0
f7fa34d348d801e384b8372b7877bef3,102.0
27b6ca727992c88f56ad187bec38aaa4,102.0
101b3c2f6da57c42f272322f0fa427ea,102.0
63ef1bb30a3a15f90297210ac4cc6b6e,102.0
ac985dc42c574f505df2a402031d7746,102.0
f0624c72d61febd084427e85f2689cbb,102.0
fae59c665a33d4343581973b75e1de5f,102.0
1f7274018a7ce8fe4993a626e3e54275,102.0
a60bddb0ff61baba2bf9e73675a81cbd,102.0
66c53652eba1381be9df548b07d5ce6a,102.0
15d39cca90e1af65707e00c7b3874351,102.0
8289e9044e68003dfe33936c3c2c2799,102.0
1c1c50c228d99f7333c9c075557fe448,102.0
45df6242306cd509d9ed9ca4a3209fdb,102.0
edb2388a9a41189e035599ca654a80ba,102.0
2913c6807310716ade0bd399a9abca3e,101.99
1549a2a8e05b28e7ba31eeb0ab1bd84b,101.99
c3e4865228356afd7819b3ebe77332bf,101.99
9f0398b6761fbae87a157c3956230a1f,101.99
56e023e21be211feb920b2e0eeb75c1d,101.99
b2bed119388167a954382cca36c4777f,101.98
79c9f17f45207ca205c42da2b03a7359,101.97
bb8835803af8ffd7ee6dcc55ea6fcc3e,101.97
2142bf7ae61478494829dbaa1694eba2,101.94
e17b90864f5b705f733e573bf2ba2a81,101.9
f7b55e33b283db33596d6be05d796448,101.9
2212507bd8c4ceb9bbc149e4ad1b66d2,101.9
7a575572300875aaf8a93e3c5772d76c,101.9
140ffd2c310ca890581c175512144a8e,101.9
8157642468eca9d6ee5563b2a55d7b86,101.9
24d1673dcb9ad3352b01a11f197334ab,101.9
1108051163387bf4b98f729ba303f2ff,101.9
433325586e3185dc77ffd0dca92984f5,101.9
9c08631b9b6512391bedaaf207cd9b5c,101.88
d48650fa178f65c895446180e44fa3a7,101.8
dbd39e878bd4aca0ed717fc128f8210d,101.8
62681fd345215328176ec9eec92192d6,101.8
4a90fdde2427bd29fa32a6433fe2153c,101.8
3c45f5b7e406047d482a6d79c17c8b1c,101.8
cfd23bb45ba417019ec8a8cf6345f2bc,101.77
f37b50df65da43da826393fd732a5b8a,101.77
c410a7c853f6e6e45099def1d61a4644,101.75
cd1b7c9f907786a0e30539b3d08b84be,101.75
8183f63b81a2f6a9c37d7e3f283e9ed0,101.75
9d69e5f040338b1a1ecbaa9ed6091454,101.7
a973c4e3ad82777add3fa188f91dacea,101.7
86c180c33f454b35e1596a99da3dddc4,101.65
b38660d1523cef75218d24553accbd7a,101.62
6811ad91f50dc86a45aab46ffb7ea2cd,101.5
d6f0492fa0c4d9bc33a27ef6fe2c33a7,101.5
0a89839c1ac53ef740c64b6ac372e550,101.5
27c37fcecd5af3213c4910baf9a7d1d6,101.5
5419456ce86985adf34fb7fbb0d22daf,101.49
ee0eeeb62c7639298a849f360e1e6d35,101.4
e4d57ae0cd29436ff661934056bca9f4,101.4
a27aa9e97a539fa2a0fbb84e7bd256f7,101.4
c53de8d7e9d4a9efbe33225951ffe8e3,101.4
a844728814f81cb785b219edde97b922,101.34
a7a7c932f8e64caf09aa72bb303ac17e,101.34
dcc63d2b8986c8d07300124969363838,101.34
8b0eac582a0bda6bbafd79b1df45cbd7,101.24
7252087afadee8ebf31ac2706da68084,101.2
cf352219936163a042aac91a52f507b7,101.19
45974b86bbdb40023640776aaa340a5e,101.08
820a174cb0897977268e5a8400aa7d53,101.08
929fa62eff5107a5fc968a7ca9934389,101.0
869bd827e401cc44a918c5ee06db74bb,101.0
37aa35bff555a25b9de984deaa0b514d,101.0
2e340660b01e331114a2a9fa97851bf0,101.0
e2feb0cdeb886766c7de978438b668d1,101.0
d1414632a5108888830c4980c98fc52a,101.0
2f6e0e86487c0ad0b6bffb35ddff9644,101.0
01fbee52c3fc5a8c9df089a6b48ec60e,101.0
4354e2cf53a8b26f617d9b454d0f3564,101.0
415880a5310bbe791fbd3e05d8ada4be,101.0
cb0dfa91ea2f9acab7316baf7708e621,101.0
44d362ea0df5a265f0c1849be71794d5,101.0
3d81e0983219c68388bc93a067ccf4b6,101.0
f87712f15c2aa54a6fed9be2010db5e9,101.0
9e65cbbe0b4f517550e04293b56818af,101.0
28b262124355fd4a2cb7c60d28d27d28,101.0
4620a55c9740b01b892fca96e3c065c0,101.0
d0f6c789d58ed1b6cbc9a20dc5cee270,101.0
f633918bd6e6a1a9bc31dd52189f1ac4,101.0
866d24c7e22324caf53cc6b90d5789ef,101.0
4441b0bbfe2bd5aa5683e3857f90ed09,101.0
574784507f8c418dc386a0961453a3c0,101.0
39fd6d063a9335b98a5045cada7081dc,101.0
0e452884350c12f7a85429773c5b6472,101.0
708944782215b950642ef74c5843bb98,101.0
96126c52e2b0c58916768743af639500,101.0
d44ef3d822f991ab3ccdc429eee4d8c9,101.0
8f9ca53a1f42352f3a7db6568f6ed10d,101.0
6dbc94485ef6dbb31227201d25e89c3d,101.0
cef9f7f2097c5fa6d84c0fada349b301,101.0
905739b8ac0098bd3d323019d9cac69e,100.99
5cc1c9ac89cd78e5706b1a1a67a5313b,100.99
acc7d08ad680a839e9d78508de9fd0d2,100.99
2a66805b488b4060c6e8370e017b0e92,100.99
4f7834e68e8b7f9054cc188ffc8c14c8,100.99
c93a78ab4219db951b3d94b1d710639d,100.99
47c86af221a1224eefc71b9f9600ef02,100.99
e14b08a5e109d77846ce7d4cb8b12d6c,100.97
c9e5bdf1cc9f733390e61fca764b51e4,100.96
3b0b34191384cc53acb9197de6d8f3a4,100.9
81b25721acd083b954318dccbb8d9095,100.9
9675f4cb991cac2400c7327839f1c72e,100.9
d31d9ee6ccc7152f0782b24bc5570add,100.9
8c538bb5d1cd0d2ede1b3c5a8ca0abcb,100.9
99dd58a09716d7329e3aea07aa5477c3,100.86
5a4d2a02dd96fa6d646d5606e90d1bb8,100.8
3c6612419abd34435aa81f8a6a2214b5,100.8
d0af0c50613380ca60a62b618f159a6d,100.8
4c05603dd6bd8a1afa59f2684620ffd4,100.8
9703b7581528b85f8a8ab7bff039eea0,100.79
2924d845c6ead1388824e85bb2fb10ee,100.79
73c121764153e39fc008cef5ded904b2,100.79
ab6775e7e0990f4edb36429dc6fec28a,100.79
12e5b6a1bdfead70fa5896471f3e2878,100.79
222045e44210159d75ac338d6fd1bd05,100.79
2d0f7432570aed0b9ea49f389569482a,100.6
8ff38f870d1359ab0c37bc7ae1feb8f1,100.6
df0cd48862bf18ac12632f80ea972fc0,100.59
f426d0b70890d79f427955fc1037a4de,100.59
4d5de06dc8934e25f9508d604dba6b6b,100.59
7d64677fe731b6b3e38776d91cfc744d,100.5
629fddeed802b1d87f4ad34d314a3b8b,100.5
cafaf59bd14e7535e7b6620739ac144a,100.49
cbc1a4a40e7aa73b36fc4ba3e3bb663c,100.46
7b9486a54f0d06fc8e990220b029920d,100.46
18a6f45b5b6ac7558018737eeec04faa,100.4
e0ccf8593940f024a01f6946a0a8e34b,100.4
6cf9cd6406cc54d352e173a4f5959de5,100.4
5e9bc3ca10a1311380e66fe7e830daba,100.4
4b20ef1b23a5b7a27a4ba54dee35a078,100.33
3da4f5f4a30f156e67fb6e3eeac00c0e,100.23
f82e03c3baad3eb7e4d84ed4099b4923,100.2
40aad538d998bd48436285b683e3ce41,100.2
326ea3c08b88fd580aca1f750690347a,100.2
a05532617ca345a59cb6fdc127472a63,100.13
dbf8dd1e8d2569387904fd4fb91e8ed2,100.01
b02dafd608dcc07b89044f6ec2dec31d,100.0
fc4c0a3b1164a080256f74d73a07046f,100.0
d3a20925d2f0bd1999fae024f4527db7,100.0
f927f7178bfe24dfb3e036785eadc000,100.0
fd925126e9d64daa5c4fe1b71eef2301,100.0
d4f33d75831b7cfcfb2cbede8e0c7cbb,100.0
e80d76b64f3a8cb7f17d855cad9d95a4,100.0
e7505f210f5c07c0a9343aa6e191793c,100.0
cd152920bf236523f7f23b0c29468580,100.0
bdc8a93d24ec975556babebc0bdfb9c3,100.0
5af24a9ac18ec436b4958257b776349b,100.0
98a13a25160f30babbd81bb1d9b3e61c,100.0
1d78fdc748d6a5fe0eb2dafbfe64fd46,100.0
03c55d79b75dda6cb2a2f1568708a446,100.0
3e1f1aa69a22f10ddae5056275448e29,100.0
a75c9c1d65a2a1df8d788369a668eeb2,100.0
bcb7503aef00e5b3443bc1cd5397276d,100.0
3460ff38c36d7e81924ef4a49ff85190,100.0
a2dec8f3303859110de7fa39ea593b45,100.0
b267d04370b0bff8bc30f5b7283a27b8,100.0
883b55d27dbb8b02ab6767419aef0af2,100.0
7bf94f5f9cfed986a4d8c5dce64a397a,100.0
34a015971bd8681dda63a6ac74d6c825,100.0
919570a26efbd068d6a0f66d5c5072a3,100.0
151260cb5d9b3c220d0af50c81c329a9,100.0
d44fc88de50668ab07b03e6a25bceee6,100.0
796719bd21d5e64cb7a86d90781b9cbc,100.0
49b82890f880fd8d14654245b0826623,100.0
65f05162299b92d62d60d74b830dcc97,100.0
5b779fb8d28ca1c0ab301331c97bc24f,100.0
8032702d64e0d2f0ded0b178a5e9da4e,100.0
70ac12541e9e59f1da7a858304c02a50,100.0
339af9088f2a9c29a73e37c89bb4aaba,100.0
5df9d74d1d062721c63f353c1fa4eec0,100.0
cd3ce27aac0c6ecc4a3ca29a93f07c51,100.0
5255f7cefc8d0ae4717a714b4484b5e5,100.0
feb89afad4115a3d743926b10ceeff3e,100.0
4b2b1e6ab34a1aa7559e17519755a814,100.0
125d13d4fc24624c5dc40b67c1dbaec5,100.0
8cd2b07859256908ad3bf9ae3d9ef119,100.0
6fe1bed693710a01d8f995fd57392dcc,100.0
5a2f52069527fb95508503e3b05f6c23,100.0
3a0630ca3cabd7ede33edb0b6ddb8239,100.0
54c424fd34699c65ea6d0c12a80e4a72,100.0
b51db50e74624ee11ec905f6c8cb92c2,100.0
f970cf91aebb424d5389764dbc72d2b1,100.0
cb3dbfb1083ec9e912a7a1a359f2f30e,100.0
f8873f4252a598c7e5cbf3206ebf6405,100.0
1987c6984961aad6157864b028cfe881,100.0
d6df282804c3e29133e76d6440472810,100.0
415639f216510164ef6642e993548dc1,100.0
da8b9783e21781bf0cdd0e580d4b4db9,100.0
05ae07724e12ebb587685c8acdb8260c,100.0
48171d7e9a0a97b4c88b7ff2aeff44c4,100.0
bb3783f8d63379a9cd2f36383174701b,100.0
fc4864717c28d7c6f7c77ba6fffca526,100.0
e80320e34553c3014934217f51e1ed74,100.0
b9182ef1cba7fc267c6e2404cce8f575,100.0
b4f510308ed7dfb45d97a887c7ba30dc,100.0
45c67588b706be7ea593dd438b449e61,100.0
c447116826ca6ca27aac58b94426417e,100.0
d7bee1bfe536ec63fc3fcfa88569c096,100.0
9e630b2d4070b5cbcce64dc50dd12f1f,100.0
d4b35441f4b18203f538be1b63075774,100.0
4b80c7d4d1810bb81823061e2d14ed1c,100.0
46e8cc38dc8f69d926b477f403832417,100.0
aeeac6d2ad88b9a1c516327ffcf28da4,100.0
b2de21eac1284b5492269771d68da739,100.0
080e89b9e2316da22eefc7b7146978ef,100.0
a2e4923be4b1e3437cd230f177b25ad2,100.0
d4d03dabe3ab500b604478efe09c6629,100.0
fe14033a61feda571d5927c670fb9bff,100.0
c4ca148fe942475fe54810419dc18cbc,100.0
26bcca10e5c9679c306d8333bf527929,100.0
c2c1f9265c1a47f99b792656ae38ea54,100.0
3c932993d41c2ba7c0d1027658a2fc6b,100.0
ca6885a75616ff8f29a452e4283642e0,100.0
5001b83bab940e176455b5f3d9d00c74,100.0
fb416182d6b5de459541c674a8708107,100.0
efa4298ce90363aa0f3d29d4f49cdcf0,100.0
da6adc0743aa6dc5915ce78d75e15f5d,100.0
17cac676b5ee74bf5a3ca8bfdf6ac113,100.0
19e5223b9a6e3fdc4efbbfc03c8d9aba,100.0
fac01597391cbd0d0a3ce949cf6a0bc7,100.0
1b395661662ae598efa04e058294bd16,100.0
c4d44a998ef05648ed28e733d653d17a,100.0
450000039d50bb8c0c1d03e44875c822,100.0
b57984fac2939e5266c206bd72f786d3,100.0
df502ed1401ddf419c212172aa486e71,100.0
04c561855d5cf8dd8a271b80efdc2151,100.0
63e248449dc3f7b75648351e1dc68264,100.0
f09a97aa30ea595d27a84b306a86ce96,100.0
3ab67c90e72ca2917ab6d048e4183259,100.0
ffa2449ce37e10c87dbdd64149e6ddde,100.0
b9ef1929c0f7c27c2610fdbc2f2b5c40,100.0
7ec72d9b883d87aef5ee43beb65deb06,100.0
da79f04efb99e90ce5f0421555ad9982,100.0
29bb15e13f62057599589a7ab73336f5,100.0
4ba8c08de7fa81bb7c3ccbd2918e608f,100.0
67352448ce9cea9139d829803b4b824d,100.0
0c6d017a06cc5bc45470adeb745df3a1,100.0
451db7f02beb13cdcef0b46768fc5d28,100.0
2e2a78932fdc2466f0e91fe4d86cd302,100.0
ead77ebbf95133def3337afe3b881acd,100.0
59395768fbb6d0508eaf41eaf135ced0,100.0
d33598b092332a92b7b489af1689918a,100.0
c156d63bdfce1d456bd43cf1c4dadfca,100.0
09effcd6d3327e6cf34133be919506c1,100.0
e189c894a1fb377f16d96b3ecbab9829,100.0
dbddac608b5206746031a5b32d8fb469,100.0
b0ee8556e582109b7666d96281195059,100.0
aba326a3f911f196bdf7665036f08a5e,100.0
fca6422d9d0ca48d65da64285a628b43,100.0
dd937b4f0c1c5be302c660e961fa2e48,100.0
7fbdfd670d84fa1cc0a77adccf8c4f2a,100.0
751587af2a15c00012315e5a7c2fa410,100.0
96d3939112b286cc2b837edd2c552c77,100.0
934b524cd57581aaec591c2533baacad,100.0
8fdafdac83e635a280d3d86ca5f68611,100.0
41bed71284d7cc85ac0654ffaffdb186,100.0
27945705176edfc88626182607cb3ec6,100.0
86d1077190e649904e97b0c33a8ed8e6,100.0
638d91df38cb216db480d6b763f87dff,100.0
026b1c08479645291d284443a15d8c93,100.0
973c05ee535382752971820651767808,100.0
6acd2975c9703705ef8376ddda961d3c,100.0
b106b360fe2ef8849fbbd056f777b4d5,100.0
82d15550286831c47eab6c87e16f3704,100.0
2a386023b961e318e81ea3712f84e95f,100.0
c323fba17fa4817ccde3421f15ddb84c,100.0
4a233d3ddaec6844f5298c10fbde19b3,100.0
f1c47519824656434b7d9d7d214cea5e,100.0
21d6092db5e584e8b67f5841c6157289,100.0
c56ac9e8772a402f6a167237b0c13f28,100.0
f78bf1a4a08641a29a6f0dfe42407440,100.0
7014b87db22f330b67a1a709906d19e5,100.0
6e765b37aac4ad6454657b99574edd1a,99.99
d784edc44b66b9f9473bc9be729e32b4,99.99
dd59f6062e68d2f8fb6bce284218f9fd,99.99
e5a1150e2739b284aef951df6179a8da,99.99
0b9607b0407236a9a7ef6f47227fc5c6,99.99
0e1c72b69b4c8f473de3b34712a15a76,99.99
d95cf58956340c9cf5e4103e8d68157a,99.99
262139acc2d5bd1a8756632fe5999539,99.99
14e39b4c856a96807b70e37b4fe8980f,99.99
f1dd969025776935e2b9dd2a17ec87c2,99.99
6003af27083b57f0eaadcdbc42e69166,99.99
018ffb868962388b3ac93b203a8dcbe0,99.99
00a1edfeac0ce7adf9357b89c9659eb2,99.99
a3240b89bcef76bb6f71ff54c0a0a92d,99.99
47789d830accc4d8e76363591e2e5a1d,99.99
735a6e515279067409c2341e9c090eec,99.99
ad2d139c6cdbb652b3f21dccf61a3f7e,99.99
445142fa82cc963d206dba6b78f96427,99.99
8a575e5343c252cd706b8f8629936ac7,99.99
0043b0afd67fb3af74360d2893b9a530,99.99
ddcf7eb0bd65aa35b2f55d322a9863d7,99.99
06e3ab9b654241d5b8d94c4b5e25f705,99.99
6796f2c7525a512caa5c2ca49edb1e0f,99.99
29457f76418b2b673b5c36b6aefbb6b5,99.99
32ebbfb86919756caf044b0ccca5e316,99.99
d7486181fcd6b7aff07675c0b2d5e0da,99.99
6b9d5ac3e7fab7fd8c5d866fa7ed6175,99.99
2ffdb3851fb34c5c1fdfd9b9116c0103,99.99
dc837aeb1f809812f4ba96906c33a528,99.99
540b55779714563d96aee5c6fc8728bf,99.99
d0e8197510c87f449b4fd4291ac5f87b,99.99
9db60441422191db18225cf1e58e561f,99.99
8417fd15df3d45a797fb476587eda385,99.99
dc506bc54446dd02ee6539268d7a6a23,99.99
aed712020ce741154262e5bfcb7745ab,99.99
1764be73caaed8c59deaeef7793e539a,99.99
308a3e1ec459822f6c48c033fc29dbad,99.99
afd6242f0eac168cd2e2715ded17aba7,99.99
a6fd70c8725a1c1eaa8b34d42bf80f9d,99.99
2f7db0531d196c0cbe234cf0c97a313a,99.99
4a200e2fddc4d6a7f398610e59cc47c8,99.99
1fd2b1510e209569272f307c731edcab,99.99
46d111fc5e3cb182e30c0200f940c0af,99.99
bd11f3c31729c4783afae3c353a96d56,99.99
91674630c3abf8b348512504008eb8e0,99.99
d0f4990e0c61ef713a886046f56ff6f8,99.99
dd0363c540365a85947c570c8780864d,99.99
62a91310a7666cefb5f7275f731338db,99.99
576748b78fc3b8b5eaf396c0d434c8c5,99.99
a59d43dffaa9ba50678839b373c5253e,99.99
8ed1e5eaac63359e30d68a40a4734fd8,99.99
9352054a03d9a32bc49b1df0947efb0a,99.99
d59a7bc82c39a881cf9e2b5709c5245a,99.99
fe9cb076acaffbee858187352e2f7266,99.99
a424e1e6a6c44dd152dcb1c7c6f6e178,99.99
9a92b114cb0f8eba5223f165e6381a52,99.99
f5e54d73deacd8b5b2f5cb8558ec7059,99.99
92064efc73246b7a4f5051321f158897,99.99
620584cb5bc308f3a44907cd75e98f6f,99.99
4113b3520416b6e8d2752ead7426ebd0,99.99
9320ce0f49b79e3b2cedc6da99d49498,99.99
ad4fdd8ba1535077790107fc697fbe97,99.99
9bfcdc8405b9bacb9db42037a7af09e2,99.99
a0b55aa995eb0a19a2b9279fa4bddf68,99.99
abb0c51aae3100f32207ce24106bdf3e,99.99
5d4363d5a615f41111dd0cd8f0969780,99.99
98b82b93dbe7ba7a9cb13ed2dcc8dcd5,99.99
8e8d5b0eed17edbb9c3e920358c415f4,99.99
aa119c06a32aab3118de467432757566,99.99
e40af776092a710beb6f831242c6af90,99.99
8d742720a64d27602b567851fbad7798,99.99
58178a46a84b4313b9a859185a228113,99.99
d92f44cabb34e230adec2e3700c79bdc,99.99
f3a1fdd0863c859cc6f71a1b4b935e51,99.99
cfeea068ddb39d98dc66cd1804936dbe,99.99
e8f20063fbcf5a7c9e38ff7da9bd55cb,99.99
5a54bfa9e77f0bc8ee528cc244e6e06c,99.99
0771e721934d3b756ede4dd22cfddff4,99.99
97d2ba8d0d87bfb2e82f3bc2cdd11c32,99.99
b4e47d28c7ad1902d486162b8fe5303d,99.99
ec133927f79d0d8ae1936711d7b44dde,99.99
fb8453aabb385a82c8db6add6e19948b,99.99
0f21c32f9c3806e76f3caec9ed9c4dfa,99.99
1d3dbe6581f7349da12dcf287edf231c,99.99
1f27d4af7d5199e0bd0879d06f7d2b4d,99.99
4b7b16138f3303e0be624ac7e03c9f5b,99.99
5b331b0a1d63a261e9072be800107cfd,99.99
d53f4eb24571b232822f08a0ad906037,99.99
63a390d34a3ef3d0237df6b64d0d9b9a,99.99
55ee724b3ce2bbf72372c4723094d002,99.99
64bbbe474ec949a60a0a7a0731d9544e,99.99
a9fa5148a29f528357ad01992683c1ff,99.99
817b5694bac6be4b10006aa850f8e38b,99.99
69c63c544b530cd20fc9ca42a6b62525,99.99
4a5c983ae0de5e491993c8038e2f369d,99.99
e62cf9e803aee2389d750a99f8a2986e,99.99
0e594a1aecb1546023cbd1ede618d735,99.99
8941fa318a1a672562dcbad8b27b7ec8,99.99
0bb7a259af35271edd61b190f9cb78be,99.99
a03851354f0d59c91b9796815d5ec52e,99.99
b3390183a9a6422eff0ad8b0f17a6bec,99.99
531c41b42011d927b9633c2453916289,99.99
7b92748fe6ba57a8dc7ca8d421790d16,99.99
73137fc8b946c9096848aa6c67aa83e3,99.99
485336c26a7b4d105be1a42b12266eb7,99.99
f0da3c0b52445dd72435116b4d55dd6f,99.99
212ac800bc3d917a0efcf8333f58fa1e,99.99
690056484ed8c2a8991de1f268d37edc,99.99
8ac70039fd4e27a39fc0c2e8929c22be,99.99
20a828350fefc33a447a56d221c69535,99.99
9f19be636564daf8c3fcc8f447490731,99.99
5a5f70fead43dc16ec4d5afed5281239,99.99
2ca78d68b23aa3531eb8c29f55194c4e,99.99
80600605c908c076d9e4073f2cb9430a,99.99
715a6dcab7854c0e90e76c99e19402ae,99.99
bc258d3e706ad4072547d5a81d00e6de,99.99
926850cd530936100af53811884a6c4c,99.99
4cbdcc1abe4224d1c80802caff085d1b,99.99
30252efebc24559e1a26dbede516424c,99.99
50a6803d938c39638b6f79224598833f,99.99
1ca754853abb53d9fb9259b395656f4a,99.99
79e9e3045681a5b732e05d595a74f10b,99.99
4b2d724e420ebc3f9e7d8cd57a4a7416,99.99
584f2538cdd4abe007b590d71bf92b6c,99.99
a0bbffbdc618ad92a15eebb2da47ca20,99.99
75f96f9198e17d73fcdb956190b6bae8,99.99
33ca2d3705d8c3d3aa3dc1ffd96a988f,99.99
3f979506b05475cf5da22aa8e6c36a6c,99.99
5f58583fdece0f0f724ef92f113e0c8d,99.99
a1693c7bbde5ca1cd0df54986dfb6767,99.99
89acbe4ff05860ba51132a9a725dab8d,99.99
95ff1cbbe42e89b5a1e9a50fd2116e73,99.99
827f3496ce3332b3f9ef6b5ea4ea4025,99.99
16d99b4e494caf8444c39013de40ba0f,99.99
d8690d5619753ee8295c1a1f602d9fc0,99.99
b29713ad67d81fee47dc6ac4d5692c68,99.99
6c63c9d3fce6af66977a6d38873edcdc,99.99
9f81d99a135977d2cf33344395adba2c,99.99
90bc6f9dcc1497cfe9b3da6a8ecbfb9e,99.99
122ebc312342fd97b92fca93ee20ac06,99.99
3df59f2b34cf38f0d00f06bc048ee88f,99.99
845c0d7f4c0b90ac35a93c8a3dc155bd,99.99
e2a1ff977c145d903e6dc4e6e13213f7,99.99
11c794d9a7bfe387c47c3308c8301ebe,99.99
e58741b1cfc9fbb17c8fe8374a3fefa2,99.99
ba6bb98f155b2497990241226bf28eec,99.99
b5184073970ea386d48a95755a1ad19b,99.99
64c0fe5df70a219d94954da44e24718b,99.99
381d9ababb03332c63069775834717f4,99.99
ce29c5c31206878e5e352c5e1c63c50c,99.99
edbb8ac50121765cfc23dc7691aaaad2,99.99
7cb4a90475120bde7e9747f794e7738f,99.99
4dfa0728c93bdd9d14c0ac3d52a3fc97,99.99
4018093ea989c2f03959f6d71226faf3,99.99
d730db8b32b8f68be3ee938849d332dc,99.99
54f6f3113f4bdb3f6ff66441550e1ab3,99.99
8d814ba9c7c471f4d8849fa2438f7575,99.99
57bbf7204380a2b6e1ee576b09e97da2,99.99
9906056eac7983de089dbd0ca9ec7cc2,99.99
c7a599372751902a946d3ef2a893d906,99.99
8caf4f50077ccb67b019d85c42b48046,99.99
f1f837f4fe6491955a0b748b671feb51,99.99
880572600cc257ecbe27ccfbe7d77e89,99.99
373eabc809777ec7cef44455fe4c1fa8,99.99
e36beb1a691e2a8425544454f4916f5b,99.99
1847903be9f502ff2fb5590ce1b03f1e,99.99
9cdd2de18cb0bfec28ca0c4babb6f253,99.99
7b35de71a17b54fcc4c346901b06e7f9,99.99
5ddbfe234c5712f2da02f171c1788783,99.99
44f3a50c04eb44a44b02cb631d595287,99.99
7c3715aad2d3c90ddbd0d60a1d2145e6,99.99
0676c04bee30e323a1cdca3b7e222525,99.99
ed87333e69d2709d374534505818c9e2,99.99
53919e6dfe1a7726f30dd10c4d89a085,99.99
4b3c1094a07e52f1eed9e326d4f28fd9,99.99
cf20ab97b8305782e315823c68c7eb22,99.99
51e17dc6fe0e3581fccc8be70a2d6af4,99.99
4d7fe7e565f6fc70c3253d64171b7672,99.99
ad3944295c168c535e5ca15548cc87a8,99.99
038db9153b201fb438201488dfdd1bd3,99.99
bc9b1d17c0cea5e7ff2d2b42a184ea85,99.99
287467569162e7a2b4f618b6ba21a97b,99.99
87a4ee899da050ef80de6de979521e12,99.99
4bccb082f9e39b696c3f967e655016e5,99.99
62d561a5b1260c4476fd985dcae3eb78,99.99
5d2b9a7a9bdbe47b86f680434ea11930,99.99
fc0133869f49949a627e38412c914f0b,99.99
6c33226d12ff402d2818d9d6c7042496,99.99
c2b189b3302f679b82b0ebb778292f0c,99.99
43cc1adfc1c4e2dcb1d4cff33324ecf3,99.99
271aee9e74c1b17eb4d12b6ee0d3eadf,99.99
2c2917bd12c5663dde831f0a22df9caa,99.99
ed64dbf702aba15d83a4a85d370780a5,99.99
d659a8c040d4fb6237d81ea5f3025aa4,99.99
4785457a74ce730e32aeb085b9dc08d9,99.99
d1e855114cbb40986610c20743c4e067,99.99
282e5e59f9bed5c561e52c14586bd6c5,99.99
9257e7f34e66593a7e9fe6b654e38044,99.99
946e503ea55c7d86c408ce554593be1a,99.99
4b6204272cd5f2e9c0b13cdb47fd3c8e,99.99
a0ae88a1f9e295befb3436f377b0746f,99.99
3b705d9646bbe74ff768f84e67a5512a,99.99
3c6d4ce91828717abdbb165d5d80e040,99.99
190b368f5dc9f4df66376860dbc8af15,99.99
0c18e52b37750f951f6ff01e8b9fc351,99.99
b92d3079edfca64c3eb8d564eecceeef,99.99
9f0572207530663fed60cf042b2419ee,99.99
9ead440af699d23efa370268809949f3,99.99
4c2e10872d85a8372d2997ad653d8ba1,99.99
0098400373e087d3c231fb5d37834fde,99.99
06879ab94dea9160383cbca5dde64794,99.99
0d4f5ef1ce058d5e16703ebb818e9454,99.99
07d2fc9925c3b3ef80df52be56a06482,99.99
e25b66d47c973a4f01ff072edafc907b,99.99
1bcef4aba3c60510ee22250ef9a6f2a2,99.99
500d6039642b97f92c9a47d849af5410,99.99
c6d19a56edfc65d81014bb511fca2461,99.99
a4033f67e5f83bbe0675b0f6c5393018,99.99
d8c1539abb37e4d303c460e0329954d5,99.99
9ba5995f589c7b34e63b60f5c5636a89,99.99
96d3e1ee7a247b85e2b282afc4eeaf5e,99.99
f0db968ca669b9bd241c27a383092d9b,99.99
eb113d359a9ae4ba112d2cfc3568b085,99.99
3aca5bf74140f4549d0d2414606f554f,99.99
bbd19dc1cbec6e7a4de9dd1ea15e2691,99.99
908da3238812331bbc1e8bca51b1911a,99.99
d8f0435d32ed6c394932238b1bc2c103,99.99
bde92b9857b42315d2e6dd12227ed9a8,99.99
414ee807f9a069ff6fa70d9580089f79,99.99
e375964c94ac8e726e9449cb270b7f92,99.99
4e46b98e954d79ebbf7744bc8f7e76ed,99.99
598d66fab82d8be2710823b2998d5843,99.99
96cf3e61d7cef93a23c282b589acc1f3,99.99
698b25aa11b2faee7c690a4b5f865730,99.99
b7195944c3ced9b70bb7476dee99984a,99.99
68473fcfb93723e5c2cdb27a2061eb00,99.99
87823ad51768a207c963b69eb27d4e4a,99.99
3d88cdea2b2bd80a592c3104494b7f09,99.99
d28c36430bfa1b23f6ffc7f9343d3f3c,99.99
56ae3795fc766069ee9a714e8434b9c8,99.99
d1c2ecfce662c720c6fdd9d1ba419deb,99.99
7fe8ad3da0eed925b63b9e35391c6770,99.99
eb6fe4f7dfa98e8ff658e2655a0e4815,99.99
093db840532a831a3a7740a8c71a24cd,99.99
9ee69ccf67900e29a32f9790655af3c6,99.99
2e424e88b8c35f824145ee570fc9e027,99.99
71c688d6ef8c2e62746bbcf7b30fe8f7,99.99
1ba85623b286d71c8101ddb6849a15e5,99.99
f510b8376e50c3541d4f8b0276014635,99.99
ed6e8b106e557c95ea0bf5d3a51552b8,99.99
c038011fae88e7294cb5fd57d553af96,99.99
0ed69dedf24f7a41d9a121f868ca58a7,99.99
5d7970d7c8dd592b60af9a22922c4908,99.99
9cafc4c4cd0912423065d57c236feadf,99.99
ccdcad079f5bfbf08e7b419abac8aca0,99.99
15d3d11aa10e41016259565bc121004b,99.99
91449a9f90feafcbfcb06adfa94f268e,99.99
e3b0b1f2ba0407dc084bffc65ca80479,99.99
23f0ed5b86d3cd96d4b8eba5c92107d5,99.99
0b6a6db7c5e91f4bfd593b6e78206e6f,99.99
76fc8f6114e39b45430e09eff0fbeeb2,99.99
3876981810ad50e6fcac8fd58d311976,99.99
097e8c3630bf6bfdcd8c9d3d3c7e5eb0,99.99
7a7c876da1cd77d1bc2db660bc78770a,99.99
2101819c6afb989af1f32457282298aa,99.99
7666437651e45d394178c90df5210750,99.99
6e4a291496a89ec1ae2da5eec9d81183,99.99
3853318e172a57acf28ce004da061c24,99.99
a71eaa5160ed05216c986f70f11ff298,99.99
ab70757356e2a52c34c7c092d2f9f935,99.99
b4ec511dd283ea2371a1bc337d1c62b2,99.99
3a95f031143940302929b44c219bb121,99.99
8ea3b6bb64805e8007638d84577686ea,99.99
63f65059544beda92505c6b39161c681,99.99
8dd2d4e7ee336eaa9956df2067e02189,99.99
7ba520aa0e64d984c4518b4da81547a4,99.99
c8669d1d4882bec78d15af179426f1c1,99.99
10a1c1849bdaf9e98abf78bdc22894f6,99.99
0aef4c77e341d8944b0e48f4decaaa47,99.99
20b9c1c22b268584d60d38d65e92f10f,99.99
171233b55272542bfb1e4d1dab2569bb,99.99
6f1fc079f4830debca704c7575c2883f,99.99
d853299cbfd0f6f3b35dbd5e9f216db1,99.99
38298b9250dd60ab3c361f0f806635b2,99.99
60e55bb499b71f520bb1a1c15d0233fa,99.99
7b6c23de3037071d2b6b35fd19365405,99.99
ee5974ee702f618b5583ac421f5a8b03,99.99
f684afca98c282926cb2915577d8cf67,99.99
332b269682a1dfa3237a8641690993fd,99.99
b550b22f8a92af4e89c41f27b2330b48,99.99
a5e8f1d1cdf5e548e6048ae76949857e,99.99
825b81ccc260bfa204edd537acf022ec,99.99
e2ee1fe3a75eef46de494b0680d31036,99.99
44ac2f795d5c5ecfdfabe89cb214cdfc,99.99
77cf87bfd4a1599fd60dbef096717dfd,99.99
c05cc5e49aaa8b52db646846fcbe6f99,99.99
c46757e9d12534dc8e5e6ab555cb5c9b,99.99
cd4c3fcb577c9952a9e8d7aaae763e51,99.99
2b3a8cb14fc68a1f8670ffe4e22065df,99.99
bc9a4eb297265a4ed697391e22fb3b32,99.99
9338144d4b5f5ca9a8300c36a59e7afd,99.99
c263d895926cde57ac7fd58054e41de6,99.99
5b908cece884341d65da37a92210d839,99.99
6c2d4f0f802bfa13d0f5020cfe3c7010,99.99
500e735e23e3e9a2406249a2e2ebaac1,99.99
a03fe684c21459c20367070056c26161,99.99
fd33e927e94c67ee7db2aaf788eb4a6d,99.99
0019c9aaad15b043c48f0a1180f22ce8,99.99
a5920b74bde463773fa0a63fb4834859,99.99
66130415d1832946fba8474e26e82348,99.99
6e1b5a35fe781fdcb134c79e76bf857b,99.99
abe303b2f51b88425d9540c97afab308,99.99
b1eaa3755ba6ed57cf89dcb616f1a551,99.99
e6c859f61d1b6126578a465822821f42,99.99
4fed323f3c05ce7d3fb23dbb9f67b397,99.99
bc0268fa49c936b8257b4deed2ddf341,99.99
da5f4f7652bf87d943dbebb0a108adf7,99.99
27aa5a306d83e3f9249e4464ab754b17,99.99
269fe9714fd6a436d8394d573318d2d2,99.99
7b92d7498d0b87efd760bb2ee0435662,99.99
2f77504d95a71ffa709d5a8939e384e2,99.99
9923fd1dde6b0f2423bc9fb3e1573687,99.99
57e35c7eed060b1d17f1ab92d9c856df,99.99
ccca5460b81ec0475ec8a506b25f5cbb,99.99
08fc431ce96ad22194b0a00be7100917,99.99
689ebb659ed83d0b534412e001e24611,99.99
38d293d1db6b6b4532d3ce706ae89c12,99.99
691d28310063e5b36b732b117f2bcfc0,99.99
56f1c0364602e45ee9f92b050d0e86dc,99.99
634ac2ca3280b01fbacfd73c3374cd02,99.99
99b92126d21d9072d0a2e3c6ce66ac7c,99.99
5cdaa50ad19e5560423eb9be41542e5f,99.99
c7ba975e53d533bc7596775b69c4db88,99.99
4eb9eccb3b24a747f725dbee821a88b7,99.99
8c6260231f19aa16c388266ba0854ef5,99.99
c655482e341138b41ea3240ccc43132c,99.99
8cc9f9d5d7b70eaee68ab729495685db,99.99
5647b25ad25cdcfc8b3a9262887a7b4a,99.99
c728a9ca56cbf45a1d9332d0ecb0a409,99.99
e795c86066375fa459ee9af20e75d2d7,99.99
3e5d28a6beee2449a50a07da9866d2ba,99.99
72d62fcd5850d8daa156a6a514da4ea9,99.99
f1a28efaa4fe73df57cc4dd7b491adc6,99.99
a568e815557dfe95e3b3ff832812486b,99.99
0d784347b63ed7b773817046d8674758,99.99
54ff013a35a23a8a8a20d4ecd8493e7c,99.99
0270aff4097536e634627aba39320083,99.99
29e95ac82fd9078337d1f51422300047,99.99
383525bd813c9db953a7991b7bd96f03,99.99
1ee1735cf3d351d27c1d63251ee73de8,99.99
955ed876526cd81bbac363ba0036492e,99.99
c854e3a8c5c5cf3a914ae26f193e78f5,99.99
6c8d6291cd0519f7a3a302c10ab9a8c4,99.99
aa8444aa7b1175a798e1b0452d98983e,99.99
196e42d45e6dd85d732b8f3da3aa4a9c,99.99
91b3deacdba9b650ea72228fb725b801,99.99
677f16cb92bfcbced2d36c587f719b78,99.99
9525e9588f32cbc9dd5eecd6c63da24b,99.99
3c14bd3e2287a1b895bc9af622d3f79a,99.99
4b8a694f92f4bc42833eccf7d1be0502,99.99
b112c25162f677529330d2d69d25ea4e,99.99
182dc723d820aae1a351f75ab1f53451,99.99
740c76c2ef0f25f8d80613f4658f77cc,99.99
11554b1aa0d4cd1bae90ea1663b0fa85,99.99
ff3c90446e084e96469868b72428e16d,99.99
a3c4029a2c764204030ab1c1cb88e6ae,99.99
7f3d47799abd19643ef2bed21ce226f0,99.99
42f1c1df53d915805a195830bf82a1b9,99.99
7a7b07ccd2c458632d0b5fa19c5d0d94,99.99
a48d8fbdbed3a8b9840c3f6bb5215a86,99.99
3f00c5554323c1de1b010995f7bdbbd2,99.99
8a8f4a93942a74ef55e00021748bf25c,99.99
9f8e8c99b0d702b71d105b8d922bc579,99.99
4586e941d9fd586d0750c6af7c77b008,99.99
340abbdbf0c270cc10f99d9f6c98864a,99.99
dcd40f3746fb8ee4fa0fab8dc6c2d222,99.99
2a3578db502c3ae037d92f70b089cd9b,99.99
a995c91194ffa9252517fa251995adf9,99.99
aedcc029d706666f925832dbece29f27,99.99
c5f2c64fb9e8baa1021a0627ad5f4245,99.99
9cc7c8d1d33ad6ae2a76f1c34ad512e5,99.99
d9f0bf605d60943108b07783e16ff7a3,99.99
79a4c16fed29a84462e7b5c831464cca,99.99
e28117caedd6c34372b929a1d1e7952c,99.99
be474ef1f732070de88e2a9f53fcb7b3,99.99
bce05094d02df76af821db9c5df81a35,99.99
ebd6d28907731a8fec0f1c594c8bfc3b,99.99
2f2d8f0427d9d1ee0220bb26d111e5fe,99.99
9228ed405d056055c5dad4e6f0acbb55,99.99
34c59bf3d0944d2887ee2987c2eda500,99.99
a660e7aea86f4a4ede60b224ed156937,99.99
6a403dfe7623d1672b0b17ae8cfd6f89,99.99
d652330fde451d2476a123ad0650bd20,99.99
9f0d658ef3d6f96143d992b4496304e5,99.99
fe659882d754bfbce85819a43c666004,99.99
f24a0e19b97b8cb4c2bde1320f3a11e3,99.99
fd5e7ef8ebb833e81b09dc6c1afc92fe,99.99
fa93ec129d3c3932303fa2d2eeaac5e8,99.99
fc748b54d0a4e82922a48d9d79529189,99.99
4726d3a6a375b7faa0e5e291f96f25cc,99.99
b7f50e32ef6cc9ed88e6db3fe26234f4,99.99
928d05fd0700122729f23765e85bbca2,99.99
176e4214bb992cb6ecb6d426f39db3b1,99.99
5b088866d5d40ceef628716f9ac1173f,99.99
711bf057d7e1ddf725fd731adb9f4a47,99.99
a95af80256ebdb05713863cb03060667,99.99
b3889ade4bf0e6c042b319f1618aed66,99.99
41a02c8fd628009f83d4224f7be4bd95,99.99
8708b977b718ad465e2c246f86d79e9c,99.99
dd20dff57e18e1c1fbff44235906d1e2,99.99
c9c7b9fb75b1ab9f0bbcd37f1c77c4b1,99.99
88e07c0e266bebbd0e4867ff1bdbffbe,99.99
fb5c13a43eab0c123ae49f226709b74a,99.99
4e96e84ace5bca3a2f1f8c6ccc622781,99.99
432f2e83c75cd332b78bf80f85c4b9d8,99.99
2913e8d26d830ff42ffbdbe59dbdc871,99.99
ee36564ac489d849c2e66fd1f3a8942a,99.99
d2821632217cab913420f7c8276bfc63,99.99
893f9d0672c5190ed0d36e777d769a3c,99.99
3414eaa6e8afbdc7e2be673c8a71e22f,99.99
99aed5ee153dc29a704ba0aa13056d2f,99.99
3e3ccfeb474d77e0c85a7c2cd541dc1e,99.99
34aeda2e58cb0b208099004f55062cb3,99.99
09a9e4bb743add1caf57d39d8e6223b5,99.99
9d419193755e034d735058db0cb195bf,99.99
0639197156cf2165c3adb6a85f9cef54,99.99
2a2ed8a860ff9b8c1da194b013ded085,99.99
34c368aeb9890269ccfa630bbeca50a4,99.99
260182b30490f385e08d9d9a755cee2c,99.99
2c965e4a79a4c978af0eec00bbdb9a22,99.99
9834899aa900947d8832062231831871,99.99
b48d1ddfcc65853c958c64994c693714,99.99
249188f806d10160f9874afb8ec5ed50,99.99
8fc77aeb6702524e82ee5274a353e7a5,99.99
c743dace5b15ed39b17b44dc5ad44023,99.99
3eedf498b1ab8e3143be0153cbeb4441,99.99
8d7cf6fc4668c48859673a8e0fc8fa6a,99.99
6cb66926d3e4e83573c916b52984b85e,99.99
e1fc2e7f4d1a81d4a8809cc57a5b2cee,99.99
65f4398233c24732b9d2effa4d7e83dc,99.99
78f88ec4242f01948963c37379b9698b,99.99
8e30d286d946595258929c8e7838c9bb,99.99
a9d2550cb10dd002881bd53c1e65b8e6,99.99
d4bb2e041f38325c883fb27e50d2b212,99.99
d03e957168b70cdef000379fa0aab72b,99.99
f0b133218c83b8eb0298301a5b4c17ed,99.99
54fb40dfb17ff13839fa8a0ed4189f47,99.99
907a616e207e060168ce482e16d3d241,99.99
5ac62b164a59f52234b173613df39b5f,99.99
934e65df19ff6cab141d3ec2b1a14e2a,99.99
4306e6c3734b9a238393e74ad76e7951,99.99
bf609b5741f71697f65ce3852c5d2623,99.99
2957940ed87c8ba87e039df44399528a,99.99
225b0cb5e7de0a208bf0c296fcff7bbc,99.99
eb8c5a8663c23a6ff923296ca3a1f245,99.99
a22de42cdb14daab6c9a294ed8c1f15a,99.99
6c6c6232ca79e97ca6629a5c0edc946f,99.99
f10ddfd3502d2ca8e86c91bac063760e,99.99
7147d53af4cee2254efd0c3f201ca1a1,99.99
88eec1a222d81af1a2a1ae93c669f459,99.99
52f441eb6db6a415704a7130643d0b31,99.99
da0d9aab073844504d8f54d9a193132b,99.99
409d8651100f3d1bbb9a4c2b563e37f7,99.99
b118a3a9fe2e44ab444d2a473f84de63,99.99
f405c1508283b811894b6fdb085041cb,99.99
8a177163539bd30cb89632e057088a78,99.99
bda7157621c15ca3dcbcac7924915099,99.99
36ba612573e878b95e3e5de1b17ee495,99.99
b1fc82d6dc640f992f317c0aa3c250af,99.99
2cf869dd40c98f29686f636d83545cce,99.99
55d6fe64c9ff321e925f284f7e0d69d8,99.99
4939442d3720ff9e90717a8cb6d7c1be,99.99
b4518272be4abd4fede98b38324944e2,99.99
3717612863a607e3b9d0d96369ad6495,99.99
789e7fd3b32368aed09a7971f76758d8,99.99
36b1c603b6b65fcb28a9f9ab375bdef7,99.99
7893bd53c7f981f44489985d50f87809,99.99
5baf0da772687f76fb0ee2f2f29595df,99.99
75c435ed38ebed76da849c31086b8ebc,99.99
c1e72004ebab4f632d1fd8c7fec05552,99.99
c0c0dd0d1683ca0612d2e1147a0eb895,99.99
fa8aaa18814fdd364807cf2de3b57fa5,99.99
0871641a188da31228226e3e25e5bd22,99.99
866faf79483941ea67160074e03383c2,99.99
88f79686a67c15634da18eaebf4e1b9b,99.99
891134a54f9e84658b60d48e94251ee1,99.99
1107d8722714c1c2f1bac3af244191fd,99.99
adf24d4aa27fc5fdeffab3f921271ce2,99.99
8cf15db55b7c5e0fc1a421e69dbcd094,99.99
99911a0eca901217e2c674dca58bd84d,99.99
68a7c5fd6f00d8218c92e4a419595a20,99.99
c75a1075cc4b47245da8ae972c8ac08e,99.99
23b8d8f0b764cd3b1b8791a64cf2e79c,99.99
53da475e7b18f251e52a3e0ebcc27b7f,99.99
2177e258ac5a20cb7353b00cf46cf86e,99.99
1c01334ffe1191d82c8d8e91932c5070,99.99
0fd4632838b925b351733278a5ba41b0,99.99
e59b0cc2c6ca3d7855713c15bcc8792a,99.99
048b0452f58c6e76c476af669812b2db,99.99
f851a04dcd8b9fde66d04b3aa11adbf5,99.99
082d42b7dccd6b23d9bad4f1c9be3f6b,99.99
4942083df2e79bb7ecb6728281a16b35,99.99
e7a3025d6fbfa34fb083482220ccf637,99.99
9f7ce73102ee4610f94a8c59cb1784fd,99.99
c44dee37ceb2eba1a4c21adb28eec6a8,99.99
e1bad92b722b5c4d529acd7eaedae6e9,99.99
816ad722b2de1efdbe48f97d120bbfaa,99.99
91d3149d945965cc9dcb46ca1981f7c8,99.99
66f01ea222b8f3f45e96cfe39a97a127,99.99
e350009a3f9ed178e32bbc36e989b431,99.99
9aeb99fe106f300fedf58b21dfb9631c,99.99
53470bb64d38af72a02b516796aa05ff,99.99
d78066bbdc72ea3165f01cd7c572091d,99.99
40291ba05fac951d2fe586191112b3c6,99.99
cbdff4a20dc832dde15dd8b704801e8a,99.99
f62b26b783dc075ee45d0525eb2649dc,99.99
4d25e798869c5bfaed1c5e6cde53bc92,99.99
f4b0f6dde0d7b89d73275a20797ab712,99.99
825e0702a45298fb469296d1ef110eaa,99.99
2fde2146af0116e4451b544145e05cc3,99.99
ce0914328932472d11605cd48a1a99ea,99.99
6ca4dcf487355859b92e1dbdb1d3238b,99.99
60479a632599df7b8bbb349bf4399d5f,99.99
58ed7744a942602df913a5b6eed945c5,99.99
859059cd1325a313f01afceec1d0f007,99.99
ed434f6c999779df08cfcba6f30956fd,99.99
321f41f3515edf9c58437c5aeaa163a8,99.99
309bc6b5086db3fca4273ea7d4cd7cd0,99.99
45c7a5fbacda5a0c424b9dab652b2e8c,99.99
669186fd119ac53e75216f2765120fdd,99.99
f26dfdc8f3fac264e967a96df00ac3bb,99.99
a26ebecf1eada5cc98c25bfd8b36d71a,99.99
b453edb9fb0a8f0fa061a9f7b28f0ea4,99.99
06c43f008d5fe07b07911ee6a4d16100,99.99
136d20997016db0a1a8016f0fa7b9ff5,99.99
a16adddba755faffcf5fafc6506abcd8,99.99
4f26ff6d59c4bc4744d70fec4baf7782,99.99
fa8effe5e95fe76afbeccc9191563d43,99.99
0c5391131aba8ccabf382480bb3bf660,99.99
6dc3ca63b413933ab4fd6581377a9a7b,99.99
8d8822ee90f727a3355664c50dbdbfdd,99.99
ae4e83b188810992512e82e498bbf333,99.99
716af2036a25a73295f575af6ff89e24,99.99
992a884e07e5321c1e9d5d33ae651fd5,99.99
91fa40257e77a974dc662e0012ae90c4,99.99
b8f2034a26d0832f43daa3a588a9131e,99.99
df98e095ab670c3abe0a814e160ef507,99.99
76e0f58a2cb8ab2aeddd01ac2c97626b,99.99
1ce361e264c832e9920f1000dd243982,99.99
98baaf70b26bcffb3afc2832343f350f,99.99
4dda11a4f999ace6297045128bd68a66,99.99
40ad2ed5cffb7e8019dd02fa0af921b2,99.99
64fa463ef0a19e25ed8a2aa16fc06de2,99.99
6995decf2663f921e8dfb49b3e7b5b9c,99.99
c158125265d0f5dbe154dcab88dcf37f,99.99
5f094bc01990b97538d746f0cee0e7b7,99.99
b76749d52476f8c463c2325f2b856ddb,99.99
8d397f2b636a37d80fe6a2c327cc7d43,99.99
9ed476fb1f00d21bf5835b86ac24f623,99.99
3654eb0827f9bede2a248b9cbe78a88e,99.99
a5cf875723369b926e83c640fa1e0917,99.99
518d97172e34c1aa7f4fcbee678c8b5c,99.99
28c784571d92457311cecc16e66688e0,99.99
7ad775089d5d0a91cd5d2cb473a42401,99.99
ce1db42311420ac7561b3eb7f2591ba9,99.99
c84260b7f095d358bf8725ea674e334b,99.99
595ead2f37e147dbd839131586555223,99.99
15b9ae31dc0100c5258609476904e5b2,99.99
718a745844ae0572d9341439dcbf717b,99.99
fe088b708cc9258c6ac74a99a77581cd,99.99
2eaf159c93d99b57a33a06a905515928,99.99
a650d6a91e67ab1f19e2671566a023dd,99.99
bfabad729d61ff21af664ef0dcd242b5,99.99
5508ec6bbd4b69597f6948ad2ff813c4,99.99
d7475a536385854da614094f0bf12275,99.99
9d492180ae263f5954bdd0bf85fa5f09,99.99
8f48eefd02f901848aa23e358fda7926,99.99
68f87541277bb5a1656f70f30bfeacd5,99.99
9ac2959f4d43d9e085366c1093a45b35,99.99
5bea1d085169c4665aa6490708882fbd,99.99
ad1b638693b03bdda5f8a9cb6d8a000e,99.99
67a973fd5fbad181639e544e6edfefd1,99.99
084c12a2c5354ee5059c02f470e22aec,99.99
55e3d3c5f69c510289c99bd76da173e0,99.99
a85e4012b0c95176be53ec2d87b133d3,99.99
fdd60720327e89295c1c7a3bf2c94bdc,99.99
536ff0cc8ec1d90d40b63686caeed8ee,99.99
680a424fc0bbea603304b1e6da2a6183,99.99
42dfe5520e445df2b7fa0b6e0cbab834,99.99
81d15034733f633b91858fc912702c79,99.99
2f317c9ccc4b07db3391be0c01ac4a3d,99.99
aa0bae21ba2b29948101561a7497737f,99.99
f18d013a75e175123bdcf626f02f8212,99.99
3bf49ff295a43e42c29f70b2b63f914b,99.99
2b7e2056564c3cf62c3a538efe74ba8e,99.99
1759c1aa84b35213f9dfbf0b1c54a51a,99.99
ce40bdf89725ab732c923660e1e3c932,99.99
8e4a4bf8cb5a4231d1f6abafb41f5508,99.99
a90c43658051589ad5e37955a0c2a681,99.99
7de50105907ead194db12267a68e38ee,99.99
61c5055cd85138ee1109ea4a2f89a949,99.99
3dfc88de59670ae75a0a8c7a2a3c6b99,99.99
560dc36db8afa12a1eb66f16ebc91f69,99.99
eb25918fe52d5eefd160d1cb5f574d7d,99.99
519037976a519a9bc93c1072764e9d00,99.99
c6cb51cd87af99f44bee9e0890d09959,99.99
4d7e93a0a4df3fd770527b9c914fd898,99.99
2c234c3a0b7d6c725d30c619f1c08b98,99.99
0ddf8285e8d523864efdb434122f13fb,99.99
7658c849ed9aacff0f071b3b4d5011d9,99.99
60846c3b365421d1d4c6d027498062ef,99.99
6e2c5c85fc9a79df79ed81223f74509a,99.99
d6c81d2347ad5b090166bece40a93388,99.99
4c3741130dccdca5d4fce3bb2822c9d7,99.99
42e93a700e1be7759870d72302a25aa0,99.99
036f3be5c1b9e3684b52ba2954ee35ce,99.99
0977ccd98cf666f24223669c1aae0180,99.99
8aaeb0d59652914da703bb9c4d50c210,99.99
3f0196c366d5b397e737549151e9a73b,99.99
93a9213a3f26b087500abb8186f71703,99.99
2c032031470d729f0d39269f7ddeea0a,99.99
f2cdd67066e10d7e31e0e81b6d920810,99.99
4b339b812b88b697ecbe6f20baae7e99,99.99
1cea141062333aa5ee8a5f68c85e69a0,99.99
80dd10412017dd7c11815ba1efc30096,99.99
9da01a19c4b8035ff31f3eb2a4de7c86,99.99
82d33a43eba91ff62c44064bcc348ff7,99.99
da0764e6cf25d2b4a34be1e89b11aeab,99.99
9963036a989c5740a45ab86f768c6b1f,99.99
e1fe4de4fdc660e7dc028a17b2fb2938,99.99
055646e9a1d0e5ee1dbaf2f67d30a5aa,99.99
04f201d7f9350c38e57f2d9eb9ef7c3c,99.99
61236884b077ada960417b31ffdf6e67,99.99
fabbae3d24088a9a5cc0223426188c4e,99.99
13be93651c09a42decee6be064c4ee6f,99.99
4b246f130ea11f8d194bec65b87a46e5,99.99
0fd46c0cebabebbd5aeac39506cfe54c,99.99
4254dc9d904d27a48d0a82cad2c4b26a,99.99
b6478ed646420d2549f0abea9deefebc,99.99
9a6c7184233793dc64cdabfcc7120b83,99.99
55497d7895383e1d82b5531d97b92d50,99.99
a24eb5ce89cb76e022bfa66a14535522,99.99
5e82ab5c814f9e94d5f6986c0d3e2e93,99.99
a8d813fb13a1697d868dcd44130cfb31,99.99
1b4c1968c83e9819f1c2fd4ae1cf089d,99.99
ac81fb6a1f089d191d0a0337ea2bfad0,99.99
6350ee478c3d2c52f1b7e1a27d182309,99.99
316fc927e9216ff7843b15aec5179802,99.99
5233c58c91a5feca56cfc6ac7ff0b6fe,99.99
d0cb76d6901788b3f9e893e7a7e93d76,99.99
2c7884a2190bdc520da920a0abc3a6df,99.99
2ca2f7dd6dc0683652217d8ed760009c,99.99
3f9d209f9535615d0b936238dec7ae96,99.99
c348bc75888d19850f16cc205013a3af,99.99
6318d5dbc7a0bcd4f0d7433daba1dcba,99.99
dd60c1a003b6f0c58d37985262256096,99.99
8953a5c61a611a5a2779189ed24e6744,99.99
52cf80510bae1e1665b35b35b9560d26,99.99
95205900a3c354d2b8a8395d48175360,99.98
5ee14eede4d713df2ad505dbd0a2b3df,99.98
6ac34ca71b338a6c6f2a929bb5da5d5f,99.98
845fb3e1855d0b89dc84ad803207a334,99.98
449da50336d9b1e5f45284b5e4647f48,99.98
49efae505182bd0c31e9afb8be694cb5,99.98
8877f3c1264d413a5033eca3d7510da2,99.98
a0e08b8248764d911334b7997a7de1d0,99.98
527ab9f4e18d3d5f24b5146bce26a745,99.98
1cfe50b55b3314e095ee4c9e6ac686d2,99.98
d040d9ddc1c5ab07441634fd6ebe0aa6,99.98
60e592e405f4749deadf8d23c7603335,99.98
e57791ed14750442d6611472cc7c4e89,99.98
ab1164a1a23cff7f1638eaa9585ca518,99.98
e404803996f5ba5376d520781e7185b6,99.98
6166d475cc68bdeb964bee918448f0d4,99.98
36782456de7dde717a84a07d7448ff61,99.98
affd1614dbd9b0feb6e820039adc1380,99.98
92c9aea03108d38e89023741442b118e,99.98
c68273998ee18269998844883ed238bb,99.98
2ee64c10ba69ec9d4d5bf49f592c5fd2,99.98
3b05fca1080c0c66f1aaa13dfbbc82ea,99.98
4e2137a0182b900a4123929b813360d1,99.98
1f8c8c7b7b7f10c3b35533578c3793c8,99.98
2b37acd5f8df4d3e14df1c3d75b8884d,99.98
1573438472daa5bd90e4ec252b6e04b8,99.98
2136055ed9bb96ae2c2a47e727f791ae,99.98
21c986e354b4475a8344ea160dc177c6,99.98
c3ee6ed245ae1c09c8996ec2eb14d4e8,99.98
d7316275d71440d2ac7993048c3b3428,99.98
2d271a75cb4a820e42f0f3cdf7493f3a,99.98
59ac3b9e18d9d220e42331311e4e29ef,99.98
7d612ccc0b2f698ac19966fff0b767db,99.98
47b8d87db17a0601172636ee6597a1b8,99.98
a3fdba764690c8ef42c34a13e94cc48b,99.98
29371226af5d2d25bf3fa7354ed7f382,99.98
cf48656f8158483ef39e8c31b49d7033,99.98
b883f3ec183aff519703556b87fec08c,99.98
da70cbcb5012f2055b4f2c90d28725fc,99.98
c4e7077f422f07fc99fcf2e215004ad3,99.98
d08af6caca2e5ae78e50b3e87c72d52f,99.98
2c4693a01b0b1bad9bc86176e9827af5,99.98
28446a6a76016b89f90c4a0e29f79d56,99.98
d75f92747d1fce34cfc812ee0eb0715b,99.98
160dd77fbb49d3d77780f7cf549bfa6e,99.98
5827bcd580d9c0a637c3482454a6d0cf,99.98
fa249529c7e571e281180b0b0db22a90,99.97
a41d7c051e3ff5d06a96f2dc547184a3,99.97
6416212b1f807629ba0f313580525565,99.97
2b0c7e192538f2086b62e93df18bf446,99.97
37745fa479f6b3130fea21ac6f375d24,99.97
9c15188fd1f1b19edaf675a673ce4559,99.97
d45dad93b2d2a50823475fe1a49a4091,99.97
446540c9ca2417bd019af1774d7e0dd8,99.97
cb03a28ce49098248b6722c38d00320c,99.97
770d6e5d00352cbaef765742ab1ca211,99.97
73e1d8182bdefebf6613a9b73abb0505,99.97
afd7ea9982d46a2379b043eaf99e3020,99.97
a3777228aa1a73a3bf9a3127609cf68a,99.97
a2be07c22a9d2071f65b6770e47f540b,99.97
1cf1191d426dec164802a915eb01cbb6,99.96
95eb0667cd630efb5b9b8d31cd52450e,99.96
2cb0c084ec56c7fc7d6278cdd8787670,99.96
03607aa94cc886c288008326808df435,99.96
1617a08d5850cf9628908bf7339c4245,99.96
f9b37579688c942afc65788eb6a39cff,99.95
02f8be25cf5a4dff37f2b03f7fbb04aa,99.95
a6a0e6b3107ef49975c1b1871402dd03,99.95
b93789e27aa5f66e5eff47135e12c1c7,99.95
6f1adf4c543653de220d53925534c94d,99.95
84b51da6e8b377bfd4ddc1b46000f3eb,99.95
93f774376458d072ab89decc29df4cb4,99.94
fabe24d7541900867692e15b61361bbb,99.92
147d517e942b17ad46de941559d06c46,99.9
e1ac927df4788454117fefd0c765f80b,99.9
ded9bebb4d1d6843b5ab3f894cf6400e,99.9
5a9b4246a7ab1a2994158a7f5d0e5a17,99.9
ea3f9a4239a952f61df1055303969be3,99.9
c2418185ea81833eb78da58f3b26f100,99.9
0687042f138418a235175398780d7d69,99.9
9dd548f9d9379d6036df9451f8ac4530,99.9
38e1f78f60f88d5086a4b93252cbcff9,99.9
2712ec2a4f99ec90fbcf6b3829d59872,99.9
fcfa6b64765235e944c28d83f99ee9dd,99.9
ad925d43cc1beb9f6078d16a8e85960a,99.9
94ee745f9c7998656cac472cd79c38f2,99.9
1b94340d3f245cd2045de2ef92cfbfaf,99.9
d95597cf8fd578a1e0e09891c81afbd6,99.9
2e9c6ec38c51cadfeefc3a53ba230deb,99.9
ba5c8647970adfafb5ff9b6ca922bdc1,99.9
360fe62c01314738c3a169f57bf3a638,99.9
0026955706fd4e2fa997f3f4c18d485a,99.9
ac9bcfbca17d0dee80c0d80125d55b71,99.9
a9bafa3709ad518f5ee4cce33af62751,99.9
d3d2e5315be00995805d910be5eac7a0,99.9
0eff840a67ceab65fe61ccffdb12e3f3,99.9
2ad25d0d9c260ae766dfe444ecb901c8,99.9
b404c626366430d37af24dd5512928c2,99.9
3c01c0ac05ae7682df07dd707e4d49cb,99.9
ceecf302e4a8a4018810a27e9501d422,99.9
7836f079e1b55a81c5e3ad8c5a7d0bb3,99.9
8918dedf08a051aff27479246e74a5bd,99.9
f1bdf27d218c669055685957b5910511,99.9
80f3395a6ea10e0c83ba9ee52ca25086,99.9
6c0f0dd8985cc0a789fb68327a00bc39,99.9
5c2de499c8b3e854beda15e1a3962e8d,99.9
00acc750f0c2bda99b95c4043ff1e662,99.9
3ce508227b305ee3fffb0dcb4f89db79,99.9
e294a68d25cb786637b9bc7e4b9b7102,99.9
64bfeb705b436477f84efa0fd4623dc1,99.9
83770e4ae6657c20d943abd491b12a46,99.9
1b96b13fd6728f27f75ee65f6ec70d74,99.9
d5ed95e0e0e9e8aa11659f41ab6534b3,99.9
40e26a46ed470562ca16ed2d686fae4a,99.9
df56491c32230f0ef86a5c35dac4e0e8,99.9
4fec47453d7416adccd7f7e8f8649614,99.9
134a1bdf2deb906cf9e47363d42a8ff5,99.9
5823661b1efa7b2bf00d10155b8b59a0,99.9
cb0aedeaa6806eb9cd79fd0fce02ca1a,99.9
1ad157f908eda2d776e2739a9505495e,99.9
e36b4fc0db47825f86924fbf1ba79487,99.9
89e206778d5691ee3bbe40bc2f6bb541,99.9
c9810bad88b465541f86a819e6c17b69,99.9
47906d6921c01d43565d5756204d2d4b,99.9
2befd838f726c482b5281c5f849b3cad,99.9
dc2f72aa54d226854638f17fa00fc400,99.9
cd63f1331ec74e1097b0b508703aa00b,99.9
4d6ef25c25da36d22c1ffa42de71a136,99.9
5f080af2e1fc61198972128bdbc9de77,99.9
9b242aab6db41736d33c4b915c3b5d06,99.9
4fc731f5601c2f6b0676bf85d1907e05,99.9
6591cd97508dce287ed3f3c8a473f3d5,99.9
98ff9f70b5748c2f0518a94f9e9a975d,99.9
83e2900e30a1bd700bbe3bbe5a6ea6f4,99.9
c6a0d9feca03b4c670ffda33632acc15,99.9
ea630e23f32fb8ca4c141b2465b2481b,99.9
cd0ea36f631ecc18f4a781beb4799b43,99.9
3a62dd5cff90e249bf54a92b5c97f040,99.9
7b63a8b875b1f72f1a796fca5dc7be1b,99.9
4cc3ed3fc6926d0c87ca70e1ed88ca8e,99.9
fdf346d1caadaed88333734da63d3357,99.9
5489b0dfffe293c1007436f4a0b1544c,99.9
11b9d87705e14c4d101622c838fe9bbb,99.9
3064a79760daecc32557164058582b7a,99.9
df6080c9c9123b2b968aa62b0cc5bbdb,99.9
914ab1ff67c21c0d81ee7bb3d0e33893,99.9
5091c4ca04945991068cfba00258cc58,99.9
2302f96d8d2dae4878949f1ec805dbf3,99.9
1aa505b34fe90da06e7a0e78479942e0,99.9
9e9d6b4d5b6cf2bb1c710a3be2f5afa0,99.9
15b2eac395043e2fc2577903cef35ffa,99.9
32feb02b40768c61b91835e766bc87f4,99.9
0ee95c043bcf195d5315984c992278ce,99.9
09f891a12438a14831755819c1338f99,99.9
0adbcea65a531588e0a7c68142d54192,99.9
2ea4ce20f0fc9da88a7d19803be280dc,99.9
06d3d7382dee08a5564f898eb8156e58,99.9
aab70b85acd198f5a41f3e9f2e34a63f,99.9
5a51a3e4e59bc5017de2c60b24c3a819,99.9
c8c67eae0994c44a07fe8cd2c5e54caf,99.9
771cb90ed752d46f2ab874f2db1fad48,99.9
449150a1b645337bcbe7ba5cdb8b709e,99.9
df97921197ef7add5cf3d5059b7f1160,99.9
d7aa0f10fc74a9cb305ff3bac2391730,99.9
6e2155e4c5218340df96c5be87f8931b,99.9
e2206e15b4f1a53db362ecf2d200e0c7,99.9
c612eae35f6ecdff3b2f877149881c38,99.9
9d1c9a836e9373a4fe1fffe53f734ec1,99.9
a04277988beb05911a7c9bbc5592136e,99.9
b2ea611fe31cd36edad1b142cea0a9ab,99.9
6ce87a341ae75fb5857c82379ae886b9,99.9
9cd198046b343d7e99c505ee8c9addaf,99.9
463562616569ee98ff487ee7cdddf6ff,99.9
83ee8100a0d0c4f437e4bce4f0f7cca5,99.9
e5d25166e8ddb625ab9ec16629428e77,99.9
afe9d1eb2f0425d550f70c13702bcd85,99.9
9d2d86df6192506a8173991de7e90b17,99.9
b25714cbd8cbea548e9a868c2a8dce1e,99.9
ad4da04c9e20699c6ad1843af39846d2,99.9
b8fa0384b93837cca8bfb537c3c32a64,99.9
78ff7cba2d0c2c6c1dda40ac4ae7becd,99.9
2fba0d3535e03b92c457788233f615b6,99.9
eed611fa7e299d5bd996f6c69cb21349,99.9
cc09c3d685e69f23f703cea2f3d81675,99.9
a9ea7e7eb22365e3e98eb723f0662066,99.9
c6edb49f1865ee09a53a162607b354b6,99.9
e2266964ba442379634f15b1e35b9bd2,99.9
2ba91e12e5e4c9f56b82b86d9031d329,99.9
dbb68cef9a37ab412a671c35ef258d33,99.9
7e56c2f611900bc524fed3a1c4b3b640,99.9
9711ec758b9270ff19adfc9bec1b4a09,99.9
a1e90bb70c475104b93635434a20f8b8,99.9
ec3e0f50ed5d126825023002f112c7a3,99.9
51ad396d34dab6f8139ca3f03dc2b0a3,99.9
453d8b7c9bcc632c55fb9864364036c7,99.9
db704f7d5f899dac38fc1465f266694e,99.9
fba3732f0dcc23e5c1be212d0c297f01,99.9
1e1a73be62bcc1e2641423d62a4d8c35,99.9
2de73f1de26fc95d24c3f33ba8ed023e,99.9
7a1559fef97a80249f1a88e23b0155be,99.9
04b59b5941a73b8bce510973637d9adb,99.9
69d234580e4fbeba8ccea6b767bb801a,99.9
e48eeae6ebf2b3fc656815c6cfbcc6fa,99.9
a92a310a3d6670dd78d7cb9eafa760be,99.9
a2d6e6b9e568d043e74f9f63655869c0,99.9
0de46efc7d10114ac311e5e16d8dbdb7,99.9
118295a853acb536efff13740faf5be8,99.9
a73fa1e059154a6fa8c7e419b5bd0936,99.9
1332071e42004e21b6999c8cad4503bb,99.9
2b490666f3fa3630b987ba391a9ffd30,99.9
6b5c111bee605b7af9779ffd96c1b564,99.9
af4ea2d184d714d4e1b57caa68f0aa90,99.9
208f0d8197eebd27794e170ae03baeab,99.9
46b2c10f2aa1bed65b95d2593eb816b3,99.9
1cfe9cbf7d071f113398f3290a620214,99.9
432e843186d4ed1be1c754d8fea8c14a,99.9
2eaeb6168aa4c77889f4c92ff8923288,99.9
757336b19576e72b70a7e2152a167792,99.9
7376354857bb268f2b6233bd0b9ab5ea,99.9
397010ff25567bfea9f77fb921c4d90f,99.9
60c9c9568fdcbbccfc7ddc387f76e200,99.9
5b0002be89ca4f534337a7e7a876138c,99.9
8fcb2ac952f183f3695080630fa8020c,99.9
561812638ef3a092f78f0c4a5f0c58c8,99.9
d56ce285564b088a3815fb59f5be3319,99.9
f4302056f0c58570522590f8181de2c7,99.9
4da548782212b3ddcddfe9943f1534ce,99.9
34955e04695a861e22cfc5600244118d,99.9
f7890ae6447233ac18ec39dbed309b13,99.9
f467accea193ed2a3000f9ea4092820b,99.9
37b1637fce7efc4438e4e9345d781600,99.9
7df771c7ffd3c5162105a5255e625d8a,99.9
36efd32104e8b48038e2f4dee07c3935,99.9
0f753a0814caee1942c04f4b68cea4ed,99.9
88519723851a4b27f5d0b3c2a32011a2,99.9
5a375925e8a7d2532889a3792aece7f1,99.9
b1d6214581f610ab4327d4471d90e574,99.9
7ecd15f6d34699808a3234da75bb1fec,99.9
053ca64ae25ab83eefb29d38e4e49c24,99.9
34719522510c9db1f9599a1dc98d61a5,99.9
ae8cb050c5b607276fe06effb7476c13,99.9
283081efda8421b64dceba3e98ed43ab,99.9
458727956b378f1d200041d2107e97dd,99.9
ecfaf0be74377fdae1c4290dc611c9ab,99.9
330a969c9598b012f28f388088fadcda,99.9
8f1471ec4f4620be6659239dc9b8a47c,99.9
a2667acb77009a458f3cbe8b70db4041,99.9
aa374ba4d8e6c683d6f35c9e9019f3df,99.9
fd7aed3bd9f6c47d1f2db23d0c6eec3d,99.9
4b25a602db6555d3fb9b68fa850aa954,99.9
5e379ca48ae12c4e18ffdbdd5a6e770f,99.9
1cca92e0b1720ab2b9f5643743d635f3,99.9
0f230afc42b82295bd241b9adbc32575,99.9
1eee689f04eca7cc238a23b1e581123e,99.9
5a771152dd93d31af819d708942afec6,99.9
44ca75eb640f2ccb4e03b3d930b88846,99.9
db34aec8913fe9f462bf2167afd258ca,99.9
831df3c9586948c387965d2e9efa5c86,99.9
d08c285eb2ad222ad414f308573afa2f,99.9
5af344c8fda521b985d571fd14ad8863,99.9
909d8e1f1bfb6af00321a96711b711e2,99.9
64ec097896b5529be6ce25d578233617,99.9
ced61c5cb8db0e02a11af8e5a2f3deea,99.9
4f3f2731dffc6342c607559b905e4201,99.9
76ada7e74088798d5ca6a6d90bb2aa74,99.9
dcf8a19a756f0a9dda118fe6366d3dd2,99.9
cff3017a38470298f6dce1e9d75f759a,99.9
c8707c963b890f39de31f9bf371d1225,99.9
30bfd27242de04156cbd74859ea23da8,99.9
92e16dc77c3bc26f219eedd465b6d189,99.9
cd036f4704c0f53c4363227d956745a6,99.9
92bb62cc05b986e591f8c0c3dc76f844,99.9
e67ca606dd04696d0ab6e2ed2d63a126,99.9
2e4bda9c3b716e596451491497474dd3,99.9
bf4e90bc274cf6d318ec55a1e6e12317,99.9
3cd2f012b213ae1cbcbf93630fe59d57,99.9
df4a59830f9881aaf97626b02b833fe8,99.9
b012d25fcce48f11ed97a720fd067429,99.9
1d1c8cdd81b98a8504f8d8137d525fc1,99.9
bbec1b75551d0757c99c9393ed2e1dee,99.9
a1b1a82720dbe747e7d52590721f73ac,99.9
a8cfc4868a3293b3f56a9da031a35e64,99.9
174d8398e18f661e844e419660c4fc36,99.9
8dc26b31e83f4d58759c682f919a7b95,99.9
b9030b17321f785b2e724542980e9298,99.9
6a4b76a89df86cce6a5bd6d5ea253c8b,99.9
e5f6020aa61432f0dcb0fcda1c5113d9,99.9
0ff410a8ee5cdf10708bb8069df0be20,99.9
509f2373dc9012e0d1071be02210a492,99.9
c218c0ad64ba488d6abf967e0e346fb2,99.9
d505b6bbae97b47f93e1ce62d3dcd07c,99.9
0f6ed36badb034a142c768bcca8a4d7e,99.9
f6b8a8fce4bbc55bb21168230e1ae579,99.9
56399803cd15cb00e69b0cf163c98866,99.9
14615837f83937b2dea94361cfb6770d,99.9
12388b49e68e75381131ee52c3b990de,99.9
0c759d0ffa38b978922b8a00506f6159,99.9
e94cba4a769c459e51325766ab2ef270,99.9
44d9f3ae381deda0c279fae4135ab153,99.9
93df2c2eded0c3103b0741a2d20ebb27,99.9
966e44ef089263460cc572f28187ee86,99.9
c6a89478b34864ed2e5f3415a1195b7e,99.9
5b5a8855830a3f6bf125706aad389a44,99.9
cc43755571b2b6b1622a65a334d5427c,99.9
8b967287904ffb5b38db4c1be72ae565,99.9
d72ad2046c192203ab313451dc0d9109,99.9
f89b63fb70a7ec9b7740ca031accb0cd,99.9
03de10b74e57b7aa7c13361497c5c51a,99.9
7e82da75efa9f715cded0aa152158866,99.9
f75a9fad9c2ef07542ad3eb5c7f1c5f0,99.9
446f3fb430933df5a26345961abf84a0,99.9
f860f5524f85b83ed02bdeb0522f145b,99.9
3b9f3bfff76dedf30b3c78c732fe7a0b,99.9
82b7c4df2bd96eb13d394cf8d77c98fd,99.9
9f49952c08746f493bed576ba464262f,99.9
15763cae6157b08e4d71d8500d5793e9,99.9
cd47581e8adae67161f5c5d75af64c22,99.9
ae4cbb01258ebf9955257b9a87e38ba0,99.9
6c4b51a890b7b2262c9cf629ffd49662,99.9
8935036852a292fe1f61a03c7d51831d,99.9
847e5e92dfff3787cc80378197b06a52,99.9
2aec4fc22605a14aa0d8faf81aa795c8,99.9
acc8347e3fee97262099a0f0baa1bcb4,99.9
90422e172674bbcd8cfd3919e4d10f6b,99.9
4b7139f34592b3a31687243a302fa75b,99.9
bfc848a6094c161f69be50d12014e12f,99.9
6ebcc946fecf3e62b0af4168f99a5e9c,99.9
c925aa23b9b1aefbe9df7f7deaae7715,99.9
edef7a1bafe2826816b9433101b0e144,99.9
503f7a3063cd11d999b3213df2a2ce5c,99.9
7e130517edfab0028a525159f22b5cde,99.9
45ce42e689bdb0412c09886deb96fd53,99.9
3920e62a14350104e67c0b4222cb8e26,99.9
c444e2b51cc423b7cd530ab187b74f79,99.9
89edd6e8fa1856adf226970df1219271,99.9
26c039a813a4c04b92fa1f38572501d1,99.9
11cee4c2667ae8b6af758fee17b3d3b3,99.9
84bc99d4fa96340d94e6adce31619cb0,99.9
b311f353fb8106812ced13389757410a,99.9
d3cafb429363e1c6b3a3af369e31728a,99.9
fef96c428a08854cecacd8074d64a961,99.9
1731db282fac679041eb553468a52e08,99.9
2f5fe9b49239ed5ec7a8b034c0b6534e,99.9
a9ee925a5fa01427b561e490b3ea0616,99.9
5041a36bdc802fc3c9bd86e381d26834,99.9
d4bbaf3940c858a6d2df292ccac7a533,99.9
c829c9588cb430f3636a577bdfdde936,99.9
a06cdf060608a4a80705bf5860bc8f58,99.9
e9fcf423a3dc8ffe1035de8904626e86,99.9
4cbc8c5fc7de7cf304844aafa22c189b,99.9
1871a12ac5e835c89fa644d16d17dd22,99.9
d240701e28474e8e538c7665b899f3c0,99.9
bf0dd7877a1c9d67d1a72893b8b500f2,99.9
94ea1224bf06222861ed3bcc73d4e6f8,99.9
a8b758c14acf33e5111e1aecbd1fdbce,99.9
7bea1627c3e438f1cf401aa2c53fea2d,99.9
682e1ecd45b764918a2bd91922b2f5e5,99.9
34ac286fd0dbab7de29fe00a6d6e2df0,99.9
39b95a2690bce9433140be3c4cdcce38,99.9
5a99f523ebbdfb370a07029f25a23bd0,99.9
120d8152329c73cf1c57b20b55a0d6db,99.9
66d36f48cd3edb9cb7ab70d5ca3f4321,99.9
62e016618dc55343014a69634e2248d9,99.9
f6c6d3e1e20969a5eed982163f959719,99.9
263ea25eaa79f6e11608a9e7d210bd67,99.9
c19b4fae26bbed35de3d6ad142e6b02b,99.9
46a4ac4dcaf4f17c44f5d7c5a5afaf86,99.9
b2c127d117c6606594c6e499975ebe84,99.9
4919f32743c45e43a452d499eb67ad1e,99.9
3fb3b5a901f4d21b944d1bd9ece51e60,99.9
40cdd667844b9779a041e2aebe0f57d3,99.9
172fc6a9f374b1266be8137c56c5be3b,99.9
5453a9dfe80cc116e6839bd77a6df6e3,99.9
e8ed7572e721227ba8633a723b2562d2,99.9
e501a79db5a18dc9f18cdc3956e59fc5,99.9
b4701cd1bb99456ea8df0ebaa9ad4ca2,99.9
bb835a982568100f068d3206b4e52f8a,99.9
3f9bf157d5b9cdd0ecabe348badbc21e,99.9
ead0ce31c9e113d7632ffbe5a6f86ff3,99.9
692a966102bb3e6faead0f03fcd197b7,99.9
1684ae14611db66fcad47175a24b643d,99.9
02e1dd9020188996a61734fe4b18a177,99.9
292d23bbbdae6600735dc07223918c6d,99.9
db827c31e94738e7525af419fb6afd82,99.9
166e89ca03220ced3e64bb51d351b619,99.9
b3533b37eba6b3bf4c05167aeac93673,99.9
941d964dd9641b26ca7f8f1d33b32971,99.9
a2d19f05cef411aa2938ca9d2a92d156,99.9
a148326eadacadc17eb9594a5617ea83,99.9
18111f48bcdff217fe03447584f175ab,99.9
7de20d53b87c404f4b3bb9f1e69618bc,99.9
6be29a1fa00c30c85b4e3cbc990fab7b,99.9
cc665602c5a3f9487780d90695667353,99.9
bfff9e1eedf0afc338a1ffb428c0354f,99.9
6d8fbd68670028c28a469ed765144113,99.9
99ed295fa7b1f749594ce5f709ef1073,99.9
da19a1e67956c7e774d47585e772b89d,99.9
c3a9744bc2f2ce8380e3d8556c4ba67f,99.9
139797e7ccd04eca107ebfef6888c0d5,99.9
0c51809f15295468c70058026d64a711,99.9
7d6047a2b5afaf9eae77000b7d995c67,99.9
f61588c8cea27b79e788afc67310c89b,99.9
3d7ded9f88ad6b06bc3f16ef0987fc54,99.9
f9be960abd2531a9b400e714b95ff1f9,99.9
e13dd3f5bb12b741263db05564de3f13,99.9
56f515316cc5a6a5dea32f233e73fad8,99.9
5c23fa18c25e09e15eb83f2569a914f7,99.9
76c49e1b8a61a95ccd217cbe1a01542d,99.9
f6ded025d711870700bc8fca5ea69ae8,99.9
9179a6ee349886a828e6a7fb9ca5c891,99.9
8c76491f42727034c617511392c0ae46,99.9
d890eafae5bea5d3609d7fa0b22cb293,99.9
daa3fdea600ba786a3da7cbd4e19aa96,99.9
59018458286e8b29ac7ebcac228b9366,99.9
e47069ab5bb1ad7de575d4a61b19a9f9,99.9
94aaebb6f7ac595f63abf3f7027e0b46,99.9
fa3d74d33883c20c33a556e09f856499,99.9
27147a988392afbcd055076c5e8c3e5b,99.9
1700391c8dfc8bd005f553a061675982,99.9
8e78c9640fc43f26f1696eeec000db5a,99.9
09c87ec40e7dc86bfd0b79ccbcb73b67,99.9
fde152951ba154f18237d6296891a9b4,99.9
39ad34e24c3890ee0c10160c95bc817b,99.9
0827a9c2399f5a54a666bb8c2b783be4,99.9
38217bd5799b8adb5ceec1a5f717f20d,99.9
c4b3853cb43c44b695d2b86cb2b0b9b4,99.9
31bf1057b00f14804278590bbac18b1b,99.9
b2284c8ca3597551ab478ae9e1558aaa,99.9
298d5160dfa09ed4cde46a9dd3518f6b,99.9
ef9fe1f29c9c6570b5567ba9c9f28ca5,99.9
5e0b9890265bd8821b59a933d7eb0a58,99.9
c1ba1e137fc4fbf24655b5fcd8aae28e,99.9
9b5d68f669f7ed215f789471556529fe,99.9
a36583a2550d00e8f0b3407bae8e73b5,99.9
0f346a2cc84ebb2d52f0759d0acfd030,99.9
bac2448b7c38109a44316a755b80957a,99.9
452f4e8f57fd70dfc1e17c1759d5c7fe,99.9
845eeb91509cf49e43a6730a4edeed0a,99.9
16a0ebe9c904c1ac4d2787699057b05c,99.9
a8b68ee0362dd1f3db60fd5145d113d1,99.9
520a609c3e7ac01830c176ab29145781,99.9
0fb5021bb0f0d46a5a11c1a668931be1,99.9
27389b038fe5c0831ab14f7dd5e8a89d,99.9
9fd8f92d72e01881424466eb23370df6,99.9
df7bfa162625fe00fdee8139c5e4cd31,99.9
2264b08fad41947cf8ebb7da8ed5a4dc,99.9
7e6ae0479bcb900929155830a618c54a,99.9
ae38ef6cb160d7a30f766262bb1f87de,99.9
30468d188d93124075e09c09d58ebc6a,99.9
846e572471a920777b3e85370457ea23,99.9
a1a8805f28cf7ec73c2dd4e7296bbcbd,99.9
7a1a96d4644f77c1498383ee348c490b,99.9
b819b2235f64c639223a446ccc826b29,99.9
b39aa773f89d81c6f9457003326d441c,99.9
c68f0eedfcaa1a44e88338a187e76275,99.9
aa9e7cf1e6114225210fbfd650dc0d3e,99.9
b8872139767b713da5f6029f8b749ee4,99.9
5e7c18a22bb8127eb99cafacc1801bfa,99.9
d1a2cddd07d7491bfcc7eee111311462,99.9
a8f04af129a5fbb2634d57eb7213dd75,99.9
83ae29b6de185bd85da55f8f6dc453a6,99.9
8bb0928c36fbf8a37b88a419e3cb0ffa,99.9
d7f16c15e8f7db3c67cabac56e57ffea,99.9
d6aefbc6bf6edba918286a439cf1f266,99.9
eee877487bd27956010c31db444ec903,99.9
3ca65f7aebcfa85e573e21b27457270b,99.9
f2d29d306dd51bd69fd4a75f95bfb058,99.9
979240bcaeb5925525728a666bbeaa33,99.9
ec3a21fddda100aad6ac0b7af8cd6da1,99.9
a6d2e55e57d8cc9cea5329db4a39b10f,99.9
91b3ab92e7279abc4955341318de42f2,99.9
39794556d9bcdf7549001fc3ec56e28e,99.9
744a8a6514f4b875dd09dc55ff0038ae,99.9
408501a879c95ef18405ae8fbf2d7f22,99.9
f34cd6c38354857985ae92056f6c2db8,99.9
7784df320c692bf79130b774cf55dc4d,99.9
13488239799b7592c29840772d1eed6a,99.9
4bd01021296a16c4b09eced359a39194,99.9
ff2d536c433f91b0b34f93fcc205dee7,99.9
639702fc05e25649d160ea04264a8155,99.9
69f06692f41513d9fb22e38c22491048,99.9
b9faa890d41931860c709ddbb9a2ebc8,99.9
c9e3c1652de60db58877a8b77775ea4c,99.9
6c678c38f3a0874b7bfeeb2d5fb22876,99.9
20deb76fd96659ae3d434ef56d42760b,99.9
d5fb71112470ab15d46a457c3351454e,99.9
93999476ae6be7517366ee903b0dbbac,99.9
fc2a8d30702cbc30e24fcd1315030520,99.9
fd0e6de1065c60adc1b5d48dc4c27686,99.9
edac3e4408c2b26f0d0b3a9f9a2895eb,99.9
b9a308c259d1ef624e6839499bad0762,99.9
a2592535b56c9256867a805f553147f1,99.9
79bf5679784b79e98f78639763b6dd2f,99.9
f417b6a6c162da3cb18a21caac0ec91a,99.9
dad0ee1e7306f92762b26957600a4d48,99.9
bc1d354b27648fc53db1cdc1cc7ff960,99.9
cba5baeab255524c13c3fbd18373be8f,99.9
775fd1046cb2538d5c7bcd70e3c0f152,99.9
23dce7eada3584aaf201ea9b29b4699c,99.9
b1cdcbc7bfab9305894a5693c993687a,99.9
c1aa50f6ee4138c1bfe0ae3a3b42f31e,99.9
af7fb1aecf06b1415f21521ac9a8c13e,99.9
270363614b2b12a6b9c4acc42ec5f3c4,99.9
5aaaebcba0ba8c29c8414f2f08224d58,99.9
960602e1849da56262bfe48c2c8bba5c,99.9
f65f9be353d7700fcb0f3883af7c0f19,99.9
274806c300bc5cfe6d0b7f7ce78e40b6,99.9
60ed2813fa78b43f432e38f812188271,99.9
4d9440d6bad7a880e55ab9dfe1bcb64e,99.9
d95b3ef0b39a4c4192e102a1c59d4c0e,99.9
4d602a31ac00fbf8a19eaec3d2dbd763,99.9
bf6bd42cc2a31fc6a31fbc2e53058686,99.9
b6092aeb3797d96e6cd8d9c586e8493b,99.9
f5fc6bc27d5c599cc9bed0a2eacf030e,99.9
03c25bbbfdb9e7dfad55da96cfb76fb6,99.9
aa58d8cc9b866d3ff15d1875adb9edb3,99.9
838b3f05366f4597034a946802abbd1e,99.9
9216338e390b878babc5ff9b0ebb10de,99.9
ba28f5e789469764b295ecdb66470d9b,99.9
a0d93bdb9c281fe2706f221422838369,99.9
7db8b504556b394dbe3e602a9b842112,99.9
00e144a7e8e11d93c3c4f12558735f03,99.9
c0f79ac4ba4aa7a1acd6f1a27940753d,99.9
d47c07942091434330f8bf4d93ac17c1,99.9
f814ce46aabf6e4f2fddbc9cf21f2297,99.9
80c33f6cbd2a66817b9961bfb0f13be9,99.9
3759a4801d63bec9d06a083b05503f23,99.9
7afdc9c18520131dea27905ddd17695e,99.9
57f15f1d728bd575e612f8e997f9c04d,99.9
2a950b7952a2d2eb12010d9f5d1b55f4,99.9
580b56994c5634a40e472f3398da9f72,99.9
f0f41eec87eb3d31733d349395eeb741,99.9
038f88979c9816294e2a236465e8096d,99.9
da0f1d8609882eb8e79a55c7ca567834,99.9
cf114462e0c03dc644e1235123758153,99.9
1557a1c24daba73fb59e9291482064a4,99.9
9521a0527be86bc0764fb3b817109cce,99.9
77a15f7a0bb69e8b0aecf36b112f9be0,99.9
252b958390acc3aba9cea6278deab103,99.9
ea3dcb2137367c05efe6ab5f4bff68f6,99.9
41fb9838de2f4b8adf9559010af158f3,99.9
a368eb0dbd95482df5fdc748411bc55c,99.9
b2998e51aa3d8a7f6a8eda85dd48b564,99.9
295ef8fc4d7b27b8cbe6154b704b0003,99.9
b687d0423417fa7cae8400313551240d,99.9
cac55ff10981d6526f8745b3b2061ea5,99.9
93519b83250d51338f8f21f11a4ecb7b,99.9
34608b6fe316137687ea50346aafff1c,99.9
bc29931bb08306c3fe8dbaf4587ced16,99.9
cf708bad4ed7ea3afd2d58d189fe2c6b,99.9
1ca5cd891f0d0367163d531a1c0c8664,99.9
683ee50297d69c35e07eb2fbcdc95737,99.9
e9898e0e0e75fbd709f47cafb8118592,99.9
c71291b5215e66f777984a2d42544b52,99.9
56919eb82e3c3c32385a9de417f51774,99.9
ab7afd365252d4948e7c65f64e3eee3d,99.9
b493a1308f58d9eb8fa552240de6514a,99.9
300223b911b2ee2188f0f18835ce9a43,99.9
e4817c123974b4d71409d4b74f05c6bd,99.9
d3f56203c997766f1acc7949ce48d1fa,99.9
56c930e539e342f070d8a041f9412e5b,99.9
f4a0b03123787bc57fd4fcd6ca35dbf7,99.9
02b2b9ae976e3d979e488606fdac435e,99.9
fdf7ff3d7a219e22cd23ab62dfb2348b,99.9
c5f1305fe9228545294036db7d4ac658,99.9
8caa2b611962f72d9905feffb8501593,99.9
399caeab35aff97623b1e8fc27bd55a8,99.9
e0b3f7b124e73c8b50ce6ad2bed45362,99.9
3acc86f77a1528b4b99649c2c83c1eae,99.9
cca8e8cf66f7fb6cd5c7a6ca5e0f9149,99.9
17f43f11fb46d92e981d533228ccdf59,99.9
490f3d8fb78a8b5b1d9fd5ab8b4855d1,99.9
19b32aff7804c35e85c7c26b2f51d7e7,99.9
0c8211ae93a1392896f80bf97ac79163,99.9
22ea83979016274d205e3d7b6c5a02cc,99.9
54642ea10048a6edef2db04a848004d4,99.9
d73144ccd5680a3ed460ed34939c036e,99.9
cf9d411ddeea9eb736d0c330efe0fbeb,99.9
7068851c14a0be8052b9a4bc4586b684,99.9
2e4f63075b8436d16195ef7938855576,99.9
7aa3c8e6975af99664fc8395e5a075aa,99.9
e1a40f4760020a947e78d81935ffb882,99.9
aa2dde08a5b022c877a057d0113a9baa,99.9
2bfc66d41e1b51c9512490097d79b407,99.9
41d82a50627bdd848154aa0e9fdb1538,99.9
7928c61e59aa688fdb5a7b06f21dd431,99.9
093ce66d767ff676396051dda46332f0,99.9
9afad8b1caa618b7db42fff802a20502,99.9
3dd25f918986c79237adf34bf069fcd4,99.9
1f70a80f868007f831cc34cb92c7791b,99.9
d85bc3e743a27ffdcaf0878bb7d6bf2f,99.9
8cc37f95a726c1caa804cb8a6d6c87cd,99.9
3e8ea3c116928475eb1069b79e6295b2,99.9
e7db0530c950f6fb98b796f0d2ff3757,99.9
3b00ef5e72ddc9ea0209d45514deddec,99.9
3277f6dc58d50bc3b50445bc977797a6,99.9
892d2f1d8cc6ed0db4c7f7b6613581a6,99.9
f264c34e0fdf350f49230e34796a997b,99.9
4dcecc67ccdc6f75f9b3621310442f75,99.9
ce34a9292c0c51ddf8171b9b333aa625,99.9
ed2f0df9d569485c302eb6405a4700f1,99.9
2758f5c95b77928e1a1b34ee48e6c8ff,99.9
29323b4ba1d62eec77efda916feebe03,99.9
eb89a8809ec0b2b9e8df416d7248951f,99.9
8f8bb707c5803bbdf5c57fb926b79156,99.9
69ac5f3d593857624021f06cabfa584e,99.9
d1c491e1bf13808a1ae6506b1000c136,99.9
abcde2c2a984e64cee117c3d5375f25f,99.9
2c09e8cb71e877e5e079fcafb4c75342,99.9
6403b0066224186f4e5dc289071cf011,99.9
87149a37f6af0099e38270936d08c938,99.9
0c65144301b9eb1274a016aedd1248cb,99.9
4e406f63632399362458c9523813ed02,99.9
96b77633df6af8e488d75d5a138d9923,99.9
eb44fe0ac99d141cdadb412aebdc57a0,99.9
dd775419344695651f23cdb9be218cd1,99.9
407136bd5649e73981dce394b201897d,99.9
d84969f52347f5ec46c190faf18437b3,99.9
de5287cb904d178cb3f21c27c0d96b84,99.9
6f6496c886d70f9cce8559f2450f1383,99.9
35d376a8a1c37a0b47c5b0d69f0d60f2,99.9
3aa168bfad024da059211a55f98f4508,99.9
c36f844b1efa80b3c0eb9c3a909dd36a,99.9
52daf91e2bcac63f4b5d1300a1b112e7,99.9
9f6184b685d245da0d6868637685223a,99.9
bbc0effac75e68c7c25d64e42c4eaf44,99.9
68b8c86408d7f6fe483107fa73f4dca4,99.9
5dab1c2427a8dbb2554e753cb415e222,99.9
3e2c76f875903f5937c2713907124051,99.9
f4a6449b040ef45fe219cf5cff341b86,99.9
1214e6e00eeb4df5e73fbccad87f17f8,99.9
19d69d5009cad1024fa24c7acfde2268,99.9
ae41e41f5721cab53560a02f6d1ca93d,99.9
d2690de6c17e258b5cd23a7e6d33beb4,99.9
04a0f320323673ed32272d2ee4d5cf39,99.9
1b55371dee453c946fe64347a326f0b4,99.9
9ad9c7649e0d97f80f696409d776a706,99.9
17c82cf184f52f63dbbda6f4db0abaa1,99.9
469848a22e35982f0568b2eb9fb208f2,99.9
4c188e7804452934753b45b54f5d2bb0,99.9
8e9b9f538fce17f7a827ed15f3b9b0ab,99.9
4f422869868682aaeb796bfdc8b7e68c,99.9
ee217a8abefaf7d9da9679cc6d42f242,99.9
a1611dd64649bd4c6ff1de1b4b5fdfd7,99.9
5b4cadfd6df7218b858811fc5c83bc9f,99.9
9c0f2c56f67748db1ca297a8434971b4,99.9
d34d3389bf81798f3e74dc622b038a95,99.9
a47435a823dad91fcca89385ec106e7f,99.9
1588284779024227e9d4a4cd7ada16a7,99.9
e35269e6b2b4ad71d56e93225fa58879,99.9
cf5b810e7cda8f5b798102195da70133,99.9
22ba5f25614614247dce2c95a3c4f208,99.9
48f43810876d876679cfe34b8cb78a52,99.9
24656feea6fec198ea27a9e505271a17,99.9
7d364cabbc68b49c5ad5ad0a577d0add,99.9
65f2c5942e588caf6ecc68c778a0ebf7,99.9
a18b3ef134201e61ebd69aa3f2eea60f,99.9
45ee981464eeb88b184117b24c6e2ed0,99.9
6dee66a764300a20244d9cf65bd47268,99.9
cf442293068fe81b9f4f4dddb9ce3f6d,99.9
854d22669de3c5fd600902f2f04ca4b3,99.9
7595dbe91b8cea93ea30ff24450088b3,99.9
36ba83214eae032b948f6a0aa772b0c4,99.9
a3986b549407adaa2cbef268e6e930ff,99.9
103dc45e4f414114157866ba8cab9fd7,99.9
6adf93122eaabf5504841bbaaa04b99c,99.9
e1b7d36c6112647b0f4e0c3bd46085bd,99.9
bd2215daa338b34c697773ceff4e013b,99.9
67c217f8637c4c1f72e8b54d2e5b0f74,99.9
4f94e6314d2529242a7d2feb0cf3acdc,99.9
8bc6fbf4d57f4c3dda3f16447e74f375,99.9
7cceb5f2b585e4346bea1666d6c88c63,99.9
f62c129511fd69648c45b74571444807,99.9
6652a9f23322cac2d52cee9daca89c98,99.9
f5ae2322934eea77ddab0472112f1f3e,99.9
b83825b514ecfa4f2ac12b219410377a,99.9
b451dc8c2ff1cbbbf4dd6082c170cd64,99.9
efbd645fff588c1f79128c56cb5da5ce,99.9
cc0be152b8158ae5ddccacd8efb97076,99.9
7179ad6de5e40459dd6d155a79e0a8b8,99.9
691a7804c3cf06446a3f2c13cecbf251,99.9
a3fb21cb5ef07072669662f3850adfc1,99.9
7a8401e1da2a596fa58956567b4cdeec,99.9
454586ba91da2327e8b3797673c84707,99.9
61449fa1b8b8998c9c3f3a7f0ae954ef,99.9
769c56bee6cabe0621e1c8ebef411769,99.9
b57c17af5030179bbd0611d5f7162bfc,99.9
00ccce5462294b682e2a5b34bc37c3d5,99.9
44a6739d3099d74270c8cb111143acf3,99.9
779609a1ecaee6f5ea1b6e50359c0aa1,99.9
ab84795406ac575ac820552275d317d9,99.9
9c119140512ebdd0f4702dafb7c4258b,99.9
0c34c39c897304ff49eeade3059c4c60,99.9
5bf3a327d1a42a8f173349567b0ffb6d,99.9
8be8d722cdd8a15e382acd172a9ec9ee,99.9
9089a76b103deefa3d0edf02bf06ff7b,99.9
2d0f20a9ebf453e188503754e69dd347,99.9
5ccfd1da4165b745aca83602f666e3b5,99.9
f63d6a90412b1f2f7962c7e34b1fc7cf,99.9
612651ffa100f3481fab324e1381d747,99.9
35fe8918157ce955294e67afe90f3782,99.9
d34fd89980ade52d9649cda228f19178,99.9
53516cee27cdbecaa1d122f5ae9a2507,99.9
d8926bd0921d716257b1879e8d4264ee,99.9
5e1d72bbaa87d25e9c72e387b86b5a05,99.9
1f95dbeb011c0827bbf2e50fa4624ce3,99.9
4f90b60d6c2988dc9b2842809df82e2f,99.9
bc13567372ad405e1fa1c93da7eb9079,99.9
5a46fcfb9cb1aa7feef0014acace422c,99.9
97fef60abc71cb52b81fe6c96198fdaf,99.9
5add23093af926ef474c767dd401ee6c,99.9
d5bb85d2c9324fc7a298992e501ca509,99.9
21fac8ff24f5231ff8f105323fea28a7,99.9
d464e9e9bbf4a24571dde33cae956db0,99.9
bbdbc21c0d067bd705b5aaff781709c9,99.9
aa3e2a644a8a636be70d257d3d219555,99.9
380891efdcfa5b83e68b95d88a4b292b,99.9
4bcc80146ca13e3d9b20a64dfe874d1e,99.9
4ebff481e06cb3d02d2fb5027038b6be,99.9
27188a5b1a74d5a05fa9aa20bd65bdb6,99.9
edc347d8ae380a3e06d090a7991004d8,99.9
ceb895511e0b3071a9dae1c936e9f218,99.9
9d46b89032f34a48706407829dbb55b5,99.9
12f985f830e8fc3be0aad2ea7c47b612,99.9
8a0328c1725d500d478f883180394253,99.9
51965bd257c834f80a6dc936635a3ca4,99.9
a15bc01a5b7926fc4baf9c24a83919ae,99.9
c44f92e1d9b62af5102fabb459161222,99.9
9ed93ef87e36da017477c052dad73c59,99.9
360bddb0078f97dbd1e8938d56e1bcde,99.9
7a3638e2731f92703d9cfc5ef2c220d5,99.9
b4f2638b64d93172899e3628f0f71345,99.9
084f54304c4a42cb5df4fd9eb5ac2853,99.9
59c4704f815b37eaecf78935a5c126b0,99.9
18abbf4ddb0d8414b4f9de1d7d865fb3,99.9
9065a96b91a08c08755c4ea2618884f2,99.9
67a2c81044afd5b588ea23b1617f9a3a,99.9
ce77075ed8a9f941a7d9a3f6e6aaffb9,99.9
07c6e5fcb00572b328e792042930c1b0,99.9
cd136d3ce441081cd15dff22714a5c59,99.9
05d4a0e7365cf69b45d3af76236ca83a,99.9
17bde6e1b8489fa8ee69d2606ef4abb5,99.9
0d380cd86105a9cb8abf440e29132168,99.9
cfb4f71a58ff571d9ba472b8c13da4bc,99.9
d812ff486ec5070d45ce3abff665d5df,99.9
d393b9491df482cf448e60aa9955b7f2,99.9
330082408728ef2455e41d8d17e0cca4,99.9
d683a82f865da969726293b2a90e7f85,99.9
a32cf4f044238acfab8c098cb43bd3fc,99.9
993add0b1f0f75f14cc08bc0e180db18,99.9
17b05621a4b0481d008669e0a474b984,99.9
da513f66aecb0c97a487d422bf105af0,99.9
016b9c55722fc080b0cbf76d663449af,99.9
819b0aa9b717f6d78c0f72211bafebe3,99.9
86dbfdbce3774efc9cbbec339ad6233d,99.9
2323671c2d6713135f3ac686457b04d4,99.9
9fcbe141e89de4f82d41cd5f300f5409,99.9
d7e34873f26bcf3c083e4fa35d5a0c81,99.9
f4496e91712e3a90cd82e287ea53c256,99.9
cfefb9250ee211b7d9b34b928d232796,99.9
32e2b0ae693a8b4699e23eebb370dea3,99.9
6e9928253a51ce8d2956f25f2e5374ec,99.9
153407ddd1d1805eea9f2ee7596630c4,99.9
6079c3b58285934faf0232a354b2c0fd,99.9
d827e5a01164c0de3239a95cb12774c9,99.9
5d70f3f064b3f91857f03e8df646cfa5,99.9
1b83402c2a0902c482f5ff935ca097b5,99.9
bbb43aad9fde7b0d46df42c694e8458d,99.9
7a2e2c861b10856781dc1a45327e6189,99.9
8b8bad2ad2a7e102081360cd2a107edd,99.9
dd43dd0d642c95dad47beb575bdb3ff9,99.9
55ca0a4d904df9708853ea6231f68a26,99.9
9e08d3d12c8694671a52867c2b9bb224,99.9
5a640517c107d62dc931327c40632325,99.9
9b47e059fe5228ac6c40aa71e43b5c3d,99.9
ceb911ab7ed6f6d7b8276fc3257ad08c,99.9
0def0c85a554e25ea5dfa3e80f4f2164,99.9
2b615e87c2c513958bd4ad6a59bf6cc7,99.9
4a4547a6adb1454321d88e2d545c63ee,99.9
d964c90c96050f92b1f888059f274966,99.9
ab67288694946a0b73b4e38e87928e30,99.9
a6539a023af66941ded3f5f9a6bdf0b0,99.9
06665c03fe91dc717e53e8316090ca07,99.9
df7a84452bd7d6921705ac34f40e864b,99.9
90d1c7278be8f2418fd8ea151450f359,99.9
d7fc0a0ddd02070c8be5d906af2b5ded,99.9
4eac36ec251e3bb189f03db46b86ae61,99.9
759f9fb2ea5a4a789bf67139e484cb1f,99.9
3c1e577269427d7d74cd119fb52a68d1,99.9
af12e716383820b78ce045de073e7502,99.9
a01c9c3550b75773973bc2ee330b8e57,99.9
23ddf94544227d2f8d924c2051a6c0b9,99.9
b27659c9bf30264f52e445e61bde1cf2,99.9
4956cc7d2a22d2682898172e9a1835a4,99.9
369aebea9369c6003d6713c2432645f2,99.9
59ab821cf1dbb82c79fac9fd2cec1f6e,99.9
d65bbb03192f8c34ba26b0208ab6cd32,99.9
1eaeea5f98120089f4f67fc088e4507a,99.9
2daffafd35eba3b3986e58a570340ba4,99.9
70c84875d254552d37cb96f14c92d23c,99.9
161d5918318f43d8a835ef606e0e5ba4,99.9
6221f7fda63d6e4bc39b982f8f8e225d,99.9
48edd605f2b0aa7b701d54771e388335,99.9
18998e51073ea0cf42a276acf6629402,99.9
99c243a33e10912d2f47510a2e54e76c,99.9
d01dc54fcf3bf7bf2fee5926f43e0516,99.9
2aac31c75a6e3d0c60c20bcf2346ec70,99.9
05f337ebaa4407b43c68d15f5cf1949a,99.9
63ac9058c1f1f1ec7f174e8d80d36ae9,99.9
959e9e378242bd601d7e2dc08828f53c,99.9
f6a37d2205361441f0b53092bb4dae6c,99.9
148e9dce3968211ba80e8db0b5b5332e,99.9
39c74e07d34944b5be0c87dc592e9882,99.9
3e5f38e2c9b854ebada680e510dda33e,99.9
1a72cda849bdeb05ef203a6f131535d7,99.9
b86d1b04dd3e814da042931b64c86c83,99.9
bfd209900e23295027e66497bcceaee9,99.9
526542b3a44f1395af237c96b4a6fc57,99.9
663c18a3be70329d3a7bc7a72aa88522,99.9
9b2edc09b7b984bc7166ca79d4b7b864,99.9
560c8089d5a164844c203f61c55d88c6,99.9
5a0e7a3d1f745af614dd6a9193197821,99.9
297aeb5959c0876ec66beba1a5202c6c,99.9
2a429fa14ae0251bcd2b942d4f115820,99.9
2aff9d1d67db8b6940220d901a107eae,99.9
9c6ddba61e8aaf823ff96b25337238c7,99.9
483bee82533502236b68f79d985e327c,99.9
746b43bea6d9eb220867694bfe4b800d,99.9
ee999a46c24288f09a34987a6886ca1e,99.9
0a0b289b31e52a51a3368b171806a8fa,99.9
de98b87b6e81417f1a3213dfd2c4c7ef,99.9
c73286ecf213e8bd89fce93c28d24f1f,99.9
2b651491a43e024dd5767924beb97e3f,99.9
660673ec54a8b7fe75dcaea60f3f3e0d,99.9
82bd57d22e9cfed2a29cf955f3c743ac,99.9
3619bffe8c0a03dc3ea59340eeb0d5c1,99.9
af3607bdd3b2a0dcdc888ed59e1c5a15,99.9
dc568c24cf5f6ba6691a0514893967af,99.9
8560b967cdb6597a5f8e81a89d9195cf,99.9
981408ecd1bd02aa4bb69a5f85c452a3,99.9
fac5e047dfe7fe85724e99ce3ff7eb80,99.9
789dce6da8f8db240c09464fa2f76ac0,99.9
b9340d29c2e363171c17c2b7704a09d6,99.9
380836707fbc92b86912f06cb61db79a,99.9
c19cb9a7806575c180eae3eb267a722f,99.9
1b5c7a6245081fb431cbc7e64302454f,99.9
a059473225838f7005cf82e2f6b9a18d,99.9
1e5b699b9ff60486d8d641a538974d75,99.9
88a8cf9e243fe33b9b678a31eb640f70,99.9
44e071e068f1e5d45b15bffe2793e8a1,99.9
3aaee00fc9ce5f6dbbd2f378254f7f65,99.9
a0f02065ac39fbe6cc97d33e2ab47e17,99.9
8244312dc71cc15b4bd7dbc73349b125,99.9
d8c39b2be9b9bc058f016855e8718e54,99.9
44912f3bbeb1e31b044228b2325fe4a1,99.9
5ea0ef1eba15b7f18658bf6792019bd7,99.9
2503901fe01cbd9dd73dd74547249c0c,99.9
97367f79378c5aa0836836ccb79cd2e0,99.9
e9bd0214b78584c2b7819f1312b0bd0d,99.9
8dd752df1ad746e4c67d1519ca16917f,99.9
7b438557d2ea3b0746790626ffa80854,99.9
1c90d2c27dabbe23f3e469b3776499be,99.9
8e3e7a727bcab54890a8ccc9b0d0044f,99.9
43a9d2a398e6cc3fb4e10a766d0458e5,99.9
b4315a3ff2acdccfc7734e953788bcde,99.9
3a1bc624929fafebe9d31bbdec04deb2,99.9
841ac05302de635820f01b00bda1a57d,99.9
c9bd8778478d381ddb117b541133bc1a,99.9
77c0e0ac4e38289361b25cfdb1845bcf,99.9
3a6450516782b7eddf8bd04dba4245bc,99.9
d4b9d16bded480fb0da4e578e492b492,99.9
9e18a290b9d17b14fe33b68a0ea2bfeb,99.9
c00da0a10c9e68d17183e84653fb38bb,99.9
17523021fe9a32dce622cb883869fa4d,99.9
bcef5de9c6261c340bf350662b4a6872,99.9
57d501c72879ffdf6edd0e31c2e25eef,99.9
1981af410fe5233cb4eb0e6708a3765b,99.9
3f774a8ca68da8fc546c22ba0e483568,99.9
76da52ccb9bf4415fa103e64a5a027db,99.9
f61e7939179462586e5e913a45dadaf5,99.9
7af59ba24405ec1365f4500d9e8538ed,99.9
5ef48d1af1f169b2125fdb88df851f49,99.9
809b0c6960ad6e65ef30e145f8eeaddd,99.9
fc2b715f699d791561d8330e42ac7350,99.9
fa109d7de2189a3656b2fd79dc4bb42d,99.9
7456113cce8651aa1338725882c6a353,99.9
1633693027f6a28a4f6ee559c2950e37,99.9
1c2b086c2496c2b728a636ea3bc95343,99.9
0677c160b8b19e0873a5096b5bdac0a5,99.9
d8ffafcca7e2d9ee5d8e7cbd7a2eb524,99.9
8ce4d77283bb19ebaedee1fb91fef7ba,99.9
340172e02c380c49afcd9cfc2dcb8dae,99.9
c5eca727a79f29737b93b7dbbf448083,99.9
de4686899a57f8be675fabc4c73fe80c,99.9
09a1bfe230250d668671a2415e97c4e0,99.9
06fd550709e851b276dc96774077fa0f,99.9
a2019bb87b2e136550f4a605ceb5e79d,99.9
8a91f4f2d274b6dc4ad4dc3121c9522d,99.9
a32113d5ae0d8889966b8fdc44d37fd5,99.9
4da7cb25c4e56c5cd9bb52e32159cf18,99.9
f599c364c91e59fb2243c0130907706e,99.9
d3246cf999a56a1467283ce2d9b01be1,99.9
0bbd16cf1f513dee4ef3394883e26770,99.9
9d7be57ddc14f4872c4482d2eb258940,99.9
dd0cdcf1e508e48373db51d8d34e3ed7,99.9
cfb4fa55f883a3e7ee496c5c57cf0d67,99.9
9ec775f536e082ba1878c67534556073,99.9
a43f4b30912ddd2288524898a1afb818,99.9
299ee5cfb15f32e8b06e6e1acb6ad111,99.9
963284c9d45bcbe8b9bf09773b58d1c8,99.9
ffc5e5000221495c2cbb2b099aaec969,99.9
41962ce20305839bcc2461247cd5c40d,99.9
9733f3332e2c91eb2270b54c9bbf7685,99.9
1a0e67acb719bb00bcee2e586ff3a2d8,99.9
6fff09352bfbca6e16a0dd54476e4640,99.9
62f020e3bc3bc2b3d02034b967456799,99.9
050e8225e588d2bbf4fa15f2f41a5c0d,99.9
d4b37af0b62dd34cc01809550abe9c83,99.9
ba29afcdd2ecc1363849bbf404d281c9,99.9
6bc2db722431353a176d8d00146e55d0,99.9
74ed6226fc58f6304ef1b52f22971c8d,99.9
80cb3c3b83d869aba61142daa276a508,99.9
c7201484ae70fbceb803edabe73f85d2,99.9
47eeb1b381b205ee05cdfbe606ca6753,99.9
bdaafa758b0018a554a5eaf1beb39ac1,99.9
3ac5bc758161afdfbbea6eaa4c27996b,99.9
b3db3ccf1c90f66819682692e2c30858,99.9
49e64271fb8eeb19851dc7e850e92204,99.9
2b700cb734e7009c5b736376ca57ebac,99.9
b83d1e4c6e630ab8dd058360d47b4c17,99.9
1d73632b0662cf95bebb7d4d9c6896c6,99.9
113529321cf955855ad19e49f974014b,99.9
1c8bd4ede09cf207df1dab28bf663747,99.9
5d74d4946913c1e86db6ea898dcf43c7,99.9
52a10e6a657afbd2032734f1e9af8428,99.9
b85cfeeb9135227e8ba9a25eaf173872,99.9
8e0193c71b2b59a05148996de6841d58,99.9
4a042355a0a8443a7025f6826fa90366,99.9
19fdb647f159294094912946b4d00257,99.9
ac1e3b5b6111c2cfa405cf267cab3942,99.9
35c8b0889f907434cf3cc776569ba7e2,99.9
5dcacec261f9a2d9b142342791ca9410,99.9
67e3cf0f18f3aab58e1ff2aea7667845,99.9
ffaa6016ef664a87ad16212a2630bf23,99.9
a12c7d650184df118001b3cebaf3b150,99.9
141c3bffe4f9ee817bf6d37a4ba1b65e,99.9
941c7cfc5b79c2c5acac2328e67460d7,99.9
33f9a3f51c6c2e34aec9483e3c632bb5,99.9
c142645e0a399bc8c83ae32eda0e90dd,99.9
50814dd40158d233103f675c340c68b1,99.9
23ba08671cfa9af47bf10ff731afb507,99.9
23a87ecab2a4cc67da627f356f32714b,99.9
dee57da8651049f63370bb487fed6615,99.9
4b635ddad21743917c499f9b05204909,99.9
f7a77c7648c5a144d3f6d3ed2b880f31,99.9
8e44b5b5a76df9682b27d50f5e98ca3b,99.9
caaee91bb5b342e7363dacca6cc4b1bb,99.9
e7aec94ccc558cd76a77a8a64ba60f52,99.9
9faa47bd04272a6827d820a812bb8454,99.9
305236c9ed47b8d84f14d18c87841daf,99.9
f927df0da3a9b4cbc4855bed6bc5b3cb,99.9
ac38ab1550dde747564ff2f7c70d8648,99.9
e2c09e699d1b2301790514ac52ca2e4d,99.9
b7e5bee0c729f6d947ea3b7c6cd7ef0b,99.9
a566b0041f91bec5f9633116d0f3d354,99.9
5396d78e1b3653707e4818ffb0bdbbae,99.9
2a995d6bd83027feb24706ba10ce63a6,99.9
2a30c97668e81df7c17a8b14447aeeba,99.9
4901e8cb3a6e8b2c044f18c699b00282,99.9
9fda2760c2553bd90eae1b616776cb44,99.9
82d45624329bcc06635f6400bfc2f150,99.9
b25bf9c7c5fea8692412832439fba968,99.9
c919633fca86b232fd7ccb55e4e1c299,99.9
3b50ec863517ca1ed754cfd466fde4cf,99.9
9675f162813f8861e38a896e784725dc,99.9
55a52a925384404b4e57b82938bf6062,99.9
9118fa17cfbbea237530d27536ec6eaf,99.9
0501cdf44db4f060b106258dbea42f99,99.9
4d36f99640ab0dd5ce16ddc05ea49857,99.9
c176ef68bc3812b4665d939ef7b10d92,99.9
59e5c6f91d4cb6852a0ae0eb3fee1de6,99.9
ff3c973762fd39294c6bfaf9a2c537c7,99.9
967afc6202a8b72db982bbd579fda7a7,99.9
08a1e1dc736d953d1deb2bcf41ceaa3e,99.9
3cbbf4aa377c9b40c8679e10f84f7e96,99.9
898c951d2faff7482c962f6ec525adb6,99.9
81e904f22901f68f369dacdac4ac28c0,99.9
365ad3f217e2d051fd7f5daf436e4ad8,99.9
d842ee6da87b7cd3d372271a421d5327,99.9
ba94161da871323e204ddb6a0e073665,99.9
ef96f06bc44607e1c2f798975fcd7b0a,99.9
80ca2676141288b0fb864389fa7e49c5,99.9
f5bb966acf5166fe6e68d15cec3747e3,99.9
dfa47dbf18628970fbfba709ee9354ab,99.9
8a20a3e68f8e26baa65f5abcb6c84c8b,99.9
62dda28a95e7910a905f9579090d9d52,99.9
cc96f0b7244df6fc5aedb941050bfc3c,99.9
a4b30736aaa3bacd772ff5b3cb047a7c,99.9
f06e0c84401adbe76296e185fbb8e82e,99.9
dc8857b7ed4b36d0d3b6df6cdd37c439,99.9
e61fe87b0864704d29fd5915b7387215,99.9
3898ff50da10264026af32549f7fb3b0,99.9
0c56a50d2954cbb894d48187542472fd,99.9
5a73138934244ea1b068841d01d7b714,99.9
39e94a0d2fb045f0489dd7aa5e2b4533,99.9
78a384bf56bf88937214c4a6431d7e84,99.9
7064ea6b6f5be7dd95d18ba31b4afe14,99.9
e1b929521a26db66887f7ec60e7ba2ab,99.9
201e36d57411ab16157cd234082bdad8,99.9
94abeca9046cd53c28184824e6b06c7b,99.9
3f553c1585d659764884d9faa44b68fb,99.9
3e53d88998e3c00789d6a197a80aae16,99.9
a513d9d214219138b0102cefc895d5cf,99.9
2b1aeba2eecc28cc25ea11c0fb348706,99.9
e49ae57f4bf25972e1e4cbc3794c5806,99.9
d1692429b72bdc73587f97f6815f6f71,99.9
1ac4629c7cb3f6b3b3c24712aa77e276,99.9
bb52339aeca3a09121d9d0b1c88a9dd3,99.9
7da0a45d9578ab07386bcfa01ba8200b,99.9
e2bdb59e52b9c278e2e0a651c4f40ae6,99.9
83f30778c676fe7faee499b6747e65b9,99.9
537e341fa7460c3734d91fc0b65cbdd0,99.9
b14de24553a648f6c1bf49e3f61e1056,99.9
7e29fe6c4881051063fbda4738a10481,99.9
78e98673c2c07e2fcec182b32d12a0c5,99.9
f43f42c150e9eab7bf629d7e3fb3709f,99.9
95085a19391b35b6f86c73d3abf96d7f,99.9
17ea3439e1b8cf03542a99b176b65330,99.9
4b2298ddb83f3aa56efc4e1dd845ac5a,99.9
3855c545aaa52b808d3db6af259b86ac,99.9
9286639c1e08a7be041e38c68d2439e4,99.9
04e348e604e760a16a4d3160462c73f4,99.9
a0539dcb52f6e42b62a2e9c8b675ca16,99.9
0805dba577d40a903cd65769580953ad,99.9
bbbef3f2ab06a8af0384658f6480271f,99.9
cfefa4ab3518c82bfb172165dbde7edc,99.9
09803e29b7c6ecb7de771936dd75302b,99.9
069b38e2803b8ee0482f95dac627877e,99.9
5581302de852c09823ec2e0fd3c46d82,99.9
94d5f4cb359028e2e43c3c240f4d5c81,99.9
4baab2b6b4a4953c559534cf576b7797,99.9
699e9912d1a73f5886be955cdadc3b83,99.9
1f4ceb40514a12222ea7310162a29f94,99.9
bc966495521575680633f5323eabd01d,99.9
bea3d0d84e0e1754c24a057d974504d4,99.9
b583ca6364f9ea2135c2dd9d3a3d1f1d,99.9
83c0fabff1a73b2196b69250cfbc1f20,99.9
1dfda6ce0678db7db39fd97a27aafcba,99.9
64a321dafa36e657f430cd3c2d0c64a0,99.9
a3a2563c24eca97f2b5cf885c2d8ae3d,99.9
4b9b08912f6f9001a66725eea6d935f4,99.9
71fa68b2e3f0b0a43d8d13982a622583,99.9
0359293832be85974700b436b3ddc6ef,99.9
eba930c3950c6964961c7c72f7f6a461,99.9
08aea10c40f606e52597486db2b56a81,99.9
889987ae94247fa153d244032f57ee5c,99.9
177d820976192a77707c09bac83692a0,99.9
45bbc76ef2722860bbfe8dee150b6c14,99.9
e2b825de6fb1e640dc7d4c0a43496e97,99.9
2804c738f5e22c92129278e94d2f9ebc,99.9
719d4af655a55d8cfb4653c237f6235b,99.9
8223cced69cfc254c7f0946a0c08d6d5,99.9
0c5febd94332b38c1211a219137f2827,99.9
df6ceb3f610fdff386d4ec827f7162fb,99.9
39e6b74713781e450f50760ba14e2bd7,99.9
c3f6c4ff8cece463e08e2e6d7fa0585d,99.9
d8451f4035fc04e69afaae68804852a2,99.9
f624111ab4517b23aab17423cc655449,99.9
4e6fbf386c2076b95813eea3cb438a14,99.9
8f288d91d4f704558cc0a064919bcca9,99.9
7c26da204a92b5e5e5a8f2752844e6b5,99.9
79ff73ee4e2d30dfe853ed111a3e367f,99.9
2e0dea6d8a10373b616e45283733c486,99.9
28635c64d8f2aee6e47124350f7ffb38,99.9
d81da029b132ec65b31f0ad2b7d6f728,99.9
dff7d214d0b7746cf254bddfb43add02,99.9
72d886d5743156953f86d0b3fce515f9,99.9
05c3177330bc9de5e895ecfe6eaf9687,99.9
9aec5bfd40cd595a69062c07fe5f9d85,99.9
138e895b5a9a4a40831d95856126c3ea,99.9
4223a72a89b38d8d60b60123c68bf3ba,99.9
dfb2322a5eb9d00736fd86f495d10ad2,99.9
9e4647d044b9cc509bafc345ce2fe5b0,99.9
70a6da4bfbfe2520b1db2523499c330b,99.9
58a3ff566526539c7148b382f2236368,99.9
a44bb60365aab78ba7e9832e5db51cca,99.9
740c51ceb4a79f84c7a3e38728e69d0c,99.9
37dbceec9ec09c507522d791301df431,99.9
f0254df400bc42848989555bf70a5b51,99.9
e7fdf001dc15351131c29af7d65ba701,99.9
3ace8556f39e277f89d4e406bd9954db,99.9
355ab104e51f1c3c84e6b1220f5200e7,99.9
bb4fbeef783542784ff2f38a4f81ddb0,99.9
9f667f9b7e7eea1ef00021153887a4b7,99.9
bb0801ebc512fa519601419633953eb2,99.9
6d50df77dcd49ffec3b539bff0890d90,99.9
5d124218ed8294959f04ece9dfeaeef3,99.9
05926e4309a9cc5f7c224d9489b0acd6,99.9
555f5d3c239776be4eb908473b18fe3d,99.9
4f3e4e67565f7302194622e4a3a21365,99.9
f7094a02fa3e369765c0c35f09c6eb5d,99.9
1422bd723a806e194cfb273eaa75e60b,99.9
d8a6a936b77f919a8e25764d335db480,99.9
9f629b86cfcb063c2d2d714c7dc9f376,99.9
c16b7a7d3a0183751d0b316992048d9f,99.9
d5961401e349bf22024305eef5fa9119,99.9
3019e355edb1326683c0511bd4ed2451,99.9
3f7b1dbada6110b581bd17c7069b4876,99.9
240e27f232ec053a532de5b5f8c99df1,99.9
60a0d861a188676b4415c2b9b0c60c94,99.9
0a9ac0c78e9dece6fa0e9ea38c17eeb8,99.9
8b88ddca05f92c92ebd089a65a2a7904,99.9
f099b487fbaeef30ede41694ccf282a3,99.9
c535ef31f19453feff718c929e078f8e,99.9
cc8e327d0cd978f764672975bd8e32ff,99.9
f525d0ae2d111d201b1169e0c1bddc1e,99.9
00c7e84c0c77753093b456d787638eed,99.9
4111e75859e048628882fda7bc71f6ba,99.9
18bf077cc226f63f9556ee53ecf916fc,99.9
ca501f1553445b00533c1596108fbc32,99.9
51460fb93e8641cb759c87b204e1fcd0,99.9
fb1442fddb3de56fa6ff095c77b296e7,99.9
3e38ba46dc9a8071d7a77f3a0479ef58,99.9
668ae42be228a2b9f3e0e1efc0e18072,99.9
a69d0bacb0c135ea37032600687cd693,99.9
c659c6ddb8f2dbed68ea0889f16c0f69,99.9
c34801180f2cd4439751f2ecb18ed780,99.9
e8f641283c4f274357a53abc7a1a0745,99.9
1e617abc89da2e263995e6a978758250,99.9
16d73e261aea495e0711671d3d20c1d9,99.9
c15a53f6fbae984bcbf4ac7bc4395cc3,99.9
2584a8c397f871fab8d373d60dedd289,99.9
a1519634d0ae8ab534c5ff9a1ba53c89,99.9
6a5ce32f795e7e4a0a5d87d813e59001,99.9
338804134cde889d5f389c3fb09daefe,99.9
dc1a33440c4324cd65028d2cf2adce0e,99.9
6f7c595cc36f2955c51afd8facd1fdee,99.9
23333f60bd6f1f3cdcd1f22524eb6721,99.9
cf61549e5a1db5a63945b94660db1d31,99.9
4e480a424e38883406d8b1c35f15b749,99.9
b7335be40f14f35559f7222d4875b114,99.9
4e48883d975d94cfbbffd16aadffdb46,99.9
bc5fc0f3f58bb2af88e54ae862bc3390,99.9
c49df845f9640195cb98d104bd8e859d,99.9
595db1a58f8b33d7c1358fc3d894c1a4,99.9
3a7ee02ff6c9374344b9a60592bb1648,99.9
38b61dbac22e5857e3a383f837398b83,99.9
7997729f17343b6f2bb7f4e809d868ba,99.9
04fe773e9c7304ce6ee144698193f8d9,99.9
0794e4b99fb7375f4189f2f9d1b4c027,99.9
138bb7818dbfc8690e61b143265e7ec9,99.9
edc88432bf299fcf8e62852c3562b55c,99.9
ef8d10671b9af3eca67b9d4024d50070,99.9
100a381a981220d884746d5585c4979c,99.9
c660c3abf6e4e1ad138d2118b7e442a0,99.9
e4e5bed9b0765800625feb8cdedf7f5d,99.9
69c332bdd81e457614a7674cfd817a4b,99.9
c18c0f8c117dc0553bb35bf11bb127dc,99.9
c7f176bdad499af9b7c1cb90c1e73ec9,99.9
017bd021539ebd414e15ef9aa11301ec,99.9
59767164df7391ae2e7fb56a665ca02f,99.9
e61954c72673483f567045281f4abd8a,99.9
c35aa130b867773e9f4fdcf8d878cf02,99.9
2b9f077c74b850eb1b3e6c5750233baa,99.9
7094418d3ab9adbb383e8b760756ba1d,99.9
3f5e8ec48fbe4a146a95c74608792d15,99.9
b7e037f53626373faca0516277bff49e,99.9
a5fd6dd86d703cedc9ab6be3dba12816,99.9
21df56ff1891fd112991f116c74b68ba,99.9
413488223a8f96942b9a940fab6ec40a,99.9
3db711ac66ba00be2f293cd00b4aa02a,99.9
a1345c83d6d18f5e4c7cd9cb50a49a1a,99.9
39d546b787598d01eb255ee2ce0c60c7,99.9
6087ebd38fb5b21f70e89b269e66f50d,99.9
9d4f80182bcd5568a9a1df457fdde24b,99.9
e1ef3cebaae1e789788698989cfcc210,99.9
abc452b5f9790d518caef9fc1a23d251,99.9
6c7a5e32a79b013a97a9f9421fc18349,99.9
9d8b2a0211096189deeed55864ca3f7e,99.9
43eebd9e1ce82376253188e323775296,99.9
c08918207829d5bf956a43e7de410bb8,99.9
dd1fe8aa6b0a4e2f807d85340113f9c9,99.9
65d47fc72b8e5311c67b18fd3d665df9,99.9
6a72b0e91fbb821cdade717f5899a67f,99.9
7511d7ebaabaa2f1e5b75763fac193c9,99.9
13dd0be11da8090257208e3e0e7af578,99.9
a517b9766ad7575781b94dad96aa08af,99.9
7202111424af2da450c72b5a3a79b811,99.9
9379aa1c18e5838ac70d531dfa5505af,99.9
c6b3ec6d4ebb93cc2ca09e6329d38f5b,99.9
8f734ced85f99f67c4c276ed81876645,99.9
38265f3432c4bf8436fc60dd5db1eb9e,99.9
394653a10cab83cad40d7e2713f3ab89,99.9
d52125d82ae2b3eb944358dbca0b9361,99.9
95c6b1512c5abd1deb0e1d8182d5c32d,99.9
a62023c791ee30d32d8c0b87baa161b3,99.9
243dc9231b876da619e0d87d9d05a223,99.9
f07e7c55e8f8f50b6847f8f6ff8ba7ef,99.9
784448d59180b2b8f5624e0d13267b34,99.9
a68021e914fb8d880d37ebdf4a8730a3,99.9
5a005adfaf9aea0f82402b36e5b98849,99.9
b57d239e0d3830c631f0fc60cb6fbc3c,99.9
da650708e2f0b63796c04b0f05080902,99.9
4979ba0e6037e4b28ad9059d4f070001,99.9
0d56373ebe3d4a35df2fd23c062db8ec,99.9
e3f5487587d3aff5ed923df31f8cb1cc,99.9
ddab4bfc18971652ddc9d033e424af1a,99.9
4b3cccf1f324abe3aecf89ef1ce2ce2e,99.9
f4f26be1188a8977388672a08eabacbf,99.9
29309aa813182aaddc9b259e31b870e6,99.9
9f074c63790b0ef8b01c66fd67a97601,99.9
a7276b8ee5943682b258aadbc2a19840,99.9
b64b8146f3738b7c8173ae099b5a03fd,99.9
8e3e478dd90b21a99470ef5973db83e8,99.9
89dfc5a431ab96d5fcf4ead7c032cd75,99.9
a191aa08b2695276ec71b4e2aa37215c,99.9
c04c34ebf85dbdc5d2d0054593e34bd8,99.9
e060cc4070c78bb9c40c42771b995c68,99.9
fc908e835a65941f82373dd643e8ef8b,99.9
f83f9c93730ab1ecce11b887c0b6be5a,99.9
95b0cd118d1f2dea54bdd21f996daf24,99.9
9f473d98981e375389f2616459d58ce1,99.9
74d314a6a565ebd0d43988de8d69d49b,99.9
58c0558cb537c7099b095b9f637b0709,99.9
628d10d7ac1894e2f7fe3db86a82e93d,99.9
72d1b8564e088b8bb0a080d3ff03de1a,99.9
18c65fe1c2079dacf02a25262bd0db07,99.9
359b0ac938d42de5cfc19de2e8b58d68,99.9
bb89ed467b77ce0e60a8af8152957ffd,99.9
278e4cb731c06be544c668f9a16c6342,99.9
2ef2d8073bd9cf0ed98b6bc8291dd18d,99.9
4984b12b5f7adf462ae21f06f87cdf8a,99.9
18de26631ec88285a3c56624d001defe,99.9
d84540bbbcc74f318a1cb2d8ede1990f,99.9
0f574bf27462cb2edf5873c751701344,99.9
857ea088b4889301375ca93ce3d45d83,99.9
805b88002d76a57eae5395ad1a655c98,99.9
aa9ca3127430c2e14db047a199e3d591,99.9
cb1c0127db43599374c82c6f00560466,99.9
eff301f10ee34644b4fd64e3900468ee,99.9
d1ff3e388062ad5a81ba9c2b1766e93c,99.9
80d7fa5801ca75a9d403e96d31d634da,99.9
d0248b585adc1896538607af63cc8285,99.9
9abc3d571a784146d4f60c6a45ca1cee,99.9
911446094ce29f50d97fc8f339650809,99.9
07d18ca5eb0bb3e96f406d74edb2462e,99.9
c9dd71ec6612ba575fa2917595bed09f,99.9
39e96546821aeddc8e6a2ccacd765d4d,99.9
f40ed29ddf8d56ce6055e1a37094ab0e,99.9
703cbd03b726ec242ab43c0c9258baab,99.9
27cb8a4edbd6d5a104308836c3b00da1,99.9
6bc10e2de3cadab0a0e0e96a880fae5e,99.9
d0032c57dc4c36fe0474fb56a0cbb26e,99.9
3c9a98a09039422c79acc9f054d09df7,99.9
fae73a7c700511a73d47915d118e5ba6,99.9
d38d6629ae21f5962e9ab76b553360ca,99.9
30d617e2f624bda831f1d5deab0c1fc3,99.9
ae7732e62b989c9c97e99244e44e4284,99.9
ed7a2717fe99c4f89746804d399a4e6e,99.9
a8af0043cc88a245b8c0c8313d34e882,99.9
cdfc533dc0becc56adbaede7ba806104,99.9
0a69d4359bde323285be50f7b6e0bda0,99.9
58ba76498d823b0628528665203de93a,99.9
8cca023b5d133ac5e6e6d5dbc06dc1ce,99.9
d239c1db98415bd787b80d6e7ccbb6d3,99.89
fb701899863331f841d102ec35e0f4be,99.89
7c4c009dd4c62ab693a565454eb92df4,99.89
def3ed0f77bde2dcb023d0249835e92a,99.89
666757864a60a4cb22fc360c7078612e,99.89
01e77dc6abe6f9991bbf5232b5c22d2c,99.89
39112321f0b9ef449dc16da22cc36074,99.89
fde638c6200202b4ccb8cb246269cc79,99.89
cebec0575369eb5d6df1ffc926584e7c,99.89
f7b249c9618f84a66a70a8c127d06105,99.89
224a3ccbc09897b81698cdd41095e94d,99.89
6929b4205121245fcddb29a451082a69,99.89
f380ddeb72aa4358af2f9d4a9dab1da3,99.89
d1d8cca16381f1693752b97fc43d6dbd,99.89
29c5b9b7cdb1dc4e4a574c5685c83102,99.88
7bbb405be147711ade88df14d7318dcf,99.88
edb19eef9b4f25d30662d8964f0c830b,99.88
2cd8c5d16f98a776a87ccfeb14c0ed33,99.87
43540c600261f22e0dc1f2d1141c352b,99.87
2b5dc04ffe1d16608eca457ec50f4920,99.85
c5017529359ab8ce299cb3ca7b1171f5,99.85
f108d57a4a2769a9114e2d33114b39a1,99.84
aecfc323849a062b7c83f471971f0f20,99.82
e27c13a71b8c090c5df94f96471e7994,99.82
8610db3f7a37d8a445f5649be9343960,99.81
a0561b2c7966b97f7f00862466db854c,99.8
8330434e5221369d1f7d3ffdf257168f,99.8
ccace14c820966d438707dc902d208f7,99.8
ed064a574e08a0062cf08d485375c9d0,99.8
f9d2339edf823b102c15ac8157c30574,99.8
99412ff66eabe1042d6ee2f1672929fb,99.8
ccd23e65470c2c930356c5d876cb9038,99.8
9801a1119c91032c99a15a846d4f5aa0,99.8
8a7f485b99c1e2752cf38f51601d435f,99.8
7780d39d849db4748335b3e884beb75f,99.8
24e5769f6d2997653d33cc6a5b9efea2,99.8
6a229d91be2d2807f3f0d923a7251eb5,99.8
8704d7f9a0909c9653edf868eb057f29,99.8
dcf9da02825b471237d9f83bd0c39fe6,99.8
a4e810cf60c264b677fd0f5739af70d2,99.8
8d0c97aee6fed824e2d1dd65eb09d104,99.8
e8a26c14acdc374e3333cb0877a04558,99.8
5f52141aca781f06028905d68b4a60d6,99.8
5fe0562353e8f0b6c0c6b55cd0f58fe0,99.8
0c045d9e471667c05202939897cde7bc,99.8
1a38f871a4976b1f3b8f9bcf74a70880,99.8
e7a176d12640c42f1d6f356d34adc673,99.8
c27394d633c742ecd944eff7d5e53b1d,99.8
895c0718eaf80a1be69a2b3c0ec144b6,99.8
3442692fc38c51ba3030d78bae07950a,99.8
6d5507a06e103b9ea6eeab8fbce6247d,99.8
2a7bc2d645c5b0ae20f1c4cc0c9effbc,99.8
eda51c25861253bcea16d0b03ce265a5,99.8
64c0c7fdf044117b84595a354a854c2f,99.8
3365f99d277e162bfa8eec5b9596212e,99.8
2f1be06e5cfe062d929943f22a44e816,99.8
73b858b84d3afef2fdc6a26f3ee8c6f7,99.8
82c1169f8932e7d57ef2a2f4afbb8a51,99.8
5e8f0ad7cd73cc125512ce0868342b6f,99.8
8f60029e03ce786d8da780666ca6dcb6,99.8
0278a505d18fa47752b1eab567f3427d,99.8
a0984e8d6bd840b4a63a18fb2be49008,99.8
d090dff5ad4d844ba73aef3ba808c5f4,99.8
9d64a2ad8bc1c7e6679a0646442c96e8,99.8
06b09819b81341351b11441f78c0073d,99.8
a33c1cabc586633efb1e16857766ed5a,99.8
598fcd9e3b483f9367c752f06d7afd5b,99.8
b36a5c96457aba6caa2835354af8b069,99.8
5893ebdeda7eec3e99a4103bc4b2fa7f,99.8
7ff28e5763744b926226d1e9ec551062,99.8
78044ea05d807cf1a0d4ed51c4064c11,99.8
5e7cb3f540fe40a51100dabaf1a5cfb9,99.8
a8a66bbda1336f0cb78c99853cac7b4c,99.8
6d1a335a66fe44759748471c86ea535d,99.8
59bb5484a2585a90377524f59eda659c,99.8
9002b566a0a335d74116ee1978d5ade9,99.8
7076c7f3aecf10b4e928caef589ebd18,99.8
ebf80e000feb1315e227014ae07e4d30,99.8
7d6272716530fbc9fc863f9239c87467,99.8
492bc00d194c024369dc01d865b094ad,99.8
e4b985e823ded8605f64cf1e28d013f3,99.8
df4c4273ca572a5dccb721c358e92c8d,99.8
10bdb4d046daa3102b2a3336b8ac6626,99.8
7c7856f9a967460c46d270ec2e67dd7c,99.8
68d3e5d419a75d87677d27f67c5b2a04,99.8
4f06c14beb9f0bd010c8386b2bfa21ec,99.8
ec6603dfa8747baf79ebcf7f7b767d2b,99.8
251157d543994b7844f57ebb1faacc9e,99.8
32fa504c86bedf737265d5543514c2ae,99.8
7bad53b812883912c72e7d9969efcdb7,99.8
14ed3e209d3c30fa876e039840c8c515,99.8
513b21479e038ae5a8180f1aae532f8f,99.8
319bc74aa0d3a68dc4d3a98b9fecb45c,99.8
2b1ae2adec2897b645009264eb99bd86,99.8
ab9bbbff9759ecceeebcbb363cb484ed,99.8
ac4d7ea25bf1458ad9bc7ae8dc831697,99.8
af494a72a0ff8e7ccc03fc96250fccb1,99.8
369b079c89901eec7a23b1deb9a7aee7,99.8
526234c32dff9347334c4e30f625dff4,99.8
0879c47e542184edf3c921d2fee17084,99.8
8403e0bdf7c80058e9287797b7a90abe,99.8
b085bfa9b1e902519eff7450d26b15e2,99.8
acea50a6ef8ec5df5b11ce75b47b5a3a,99.8
4673e1ebd04cf92efca5b5068c6b4b2d,99.8
e567eb5620cb3f0051634089f695a9ee,99.8
28cda571c0c9c4d4eb6ffb191cce829d,99.8
8be124a574ac70fa7cbfe6d79845f9ba,99.8
6b67557543ed930f8339ecb7edb34233,99.8
a4dab0ff651e9d1f888ebf7238577dd6,99.8
38ac160055eedc7c75233b488b5dd50b,99.8
44e8a890084067f1ccc9689987c6d001,99.8
f068db01b58c44524e54a0a0315b6dc3,99.8
cb3a230ca25e27dfc3e5209786bd29a9,99.8
2b5e912b5f0c054a0548725c2f7b6a02,99.8
141f5670b7004a1251c9d0b45688fbfb,99.8
1a6d4833c060a4f4b5e296057be4fa85,99.8
01ea69b195809e2a8a932de44d8c0f73,99.8
a4a2abd07b1cdd4902cf245cdfa1451d,99.8
f8905c78de5587c49435373871fd2e17,99.8
0f5480c5aaee82c59b19b3a9fe5a50a3,99.8
7c47e730a960e7d9ded4626c589580e6,99.8
4e0ba3517b618410bbca2d46273404cd,99.8
fc81aabd2d2964f3628687e82557a107,99.8
ac6fcaa127ca5433e6df97fde1892428,99.8
1d266d86834dff1ab24930ccf69c2bcf,99.8
a9df1781e1daea69992d6ad7363e8eae,99.8
c379dcad6de362207632704dae7fac9f,99.8
d23c612cd9d2a3ca8b182524cc3ed822,99.8
973743e89605769ad70c11a3483efba3,99.8
51905fbecec4261539044170d7338c03,99.8
e7f8bbcad4cabbfca64780b831dbed30,99.8
e1eb93f77c516900843a8b7827abe866,99.8
070bca17bc76a393ba985b11b2f9deda,99.8
b8863269e5fa3dc57a35d34991e25987,99.8
56e8cb7692d76a84812cb3c93e1bcaf3,99.8
d792fcbef4db8b7df7eaeca5f352f006,99.8
d6ae8fb84a31394c5efdbb375c1d49ab,99.8
bcd15e6f5399f2899de4482cf6783dae,99.8
2355af7c75e7c98b43a87b2a7f210dc5,99.8
78756227f125559cd869e1de36480a89,99.8
a6084fc44d5a09f247a4a2f1d49f6f58,99.8
f5d4222513466da6fe7d52a173a97b17,99.8
106a04e2dd5442bf459d06af3d28c625,99.8
9cb13b3ed746886e379ad84688f99fc7,99.8
4785460c1de43d63bbe6adfec5f2be27,99.8
a9584c57b96de5f09b0bd01550b2f612,99.8
1b530d740fc102663f8e9220f24b46f8,99.8
1e43307258f5a07b28b93426cbf1f8ef,99.8
a45aea2d812b88b18d3b5a84fae5a3a9,99.8
92e61800a81b3ae33fae913c58410074,99.8
890f8c3559b1bf4248a9adc64369228d,99.8
ac9b50b4cbc686b649cc58e76fc794f6,99.8
0775ca209281f1bc02e1dc9e7f1e2251,99.8
ba94c4a2ea6b73745411d64f48180b6c,99.8
3338b065032f601234e8696a96ae03dd,99.8
4fccee164a7c9613fbf6978a9c4cb72b,99.8
67372e0bce729cebb559886b6c4d9e2e,99.8
7e64b83c928d645bdee95d00750ea34d,99.8
e3cfff24939005d30dd3a046848227d6,99.8
e240eff137fb7e448e220313021b903a,99.8
1d7e8ca9d132fb1570d6290fd89cfb72,99.8
d0c07be82fd929e1f01e1cac905e437d,99.8
bbfa2abd07d6ddc2845d37b1487e3d34,99.8
69bf47236b3b6d2da24ec0a6df47e9f9,99.8
44f360f66ed7f696c225bc804507345c,99.8
8dc19ab48e501be6368547d40ab20b50,99.8
1bdb528d7f95c7f3e4f46d7508653d71,99.8
afd8a87f50245eae509882b78dfc038c,99.8
60f940bfe3cbbe38b1f7fe69d303e768,99.8
b3ab583317b4c18eb28eb0b498e74be5,99.8
4e32ac19f4d82eb93a61b07b37c24eac,99.8
6e49bb1c98e6dc8e904a19cca2a4b17d,99.8
89863bf862ffb0131d2e08ea0bbcc406,99.8
3944f41fac367b589b94741981b484d5,99.8
88eddac47472e08eb17d96a25969a655,99.8
801bb18cc4e4328bfe7c8094fba43fd4,99.8
7e99f5592fa32c986abe9622f3058a49,99.8
de2d4a479a79d4d85c9ce01caf804937,99.8
bb33fa516cc79147a1120958912fdf33,99.8
8b2abe6f49370b6d136af8e75cefd25f,99.8
25b117fcdbc20023b2bd7b6ae0b04535,99.8
1bf2f43d6cf4c045e9dcfd3b9a8cef53,99.8
289e413a221b35d1cf92f69e4dc48fb2,99.8
04fd187530ffcbd8a94f5fdc33989941,99.8
f0bff5bf56ab0827538fc34dd19e88b2,99.8
058f217e8e5a5e459882e9a74f9353b6,99.8
b42b585944a004bd4d474f531012bba6,99.8
f25016ac73279ad09553297de654c03d,99.8
1d4b7bb9405b39a11d5aef6985dd7a41,99.8
9448711e9143b3cb9f54d8526bc8655d,99.8
b185b126fdc8f60cb8be77078546d1e2,99.8
6cc2669297113f79b91a3904a83c2da9,99.8
bf4672f1d0d89b6a477e91f6ee8ff166,99.8
e15ca41d2ae4006d333882ec44b06660,99.78
181e2217f874cb5390be37f378db5e07,99.78
4d54bd3326ad77cbe4e1bd929a209106,99.77
4c218eca2a721ce320b45f9cd190d7b5,99.77
1802643fd59a005de6b9876d5aeb5d28,99.75
cba2f0b361c1ab3b0dd3b24a3b9634ac,99.75
2a56657815bb20eb7a1bc9afb957e784,99.75
3ad2516ff419427995c53ac22ac46ea0,99.75
0930cfefb0839652ae7700c489a44e15,99.73
b023177e6578e0db0921a55e11746091,99.7
351a042a5e714d23e11b893ad67a1c91,99.7
bfe5554fa64e090da51911511e22c72a,99.7
ccd1069d389fdc3a3b3f0845e3515334,99.7
16fd9e227064982140afdb3e1795f1da,99.7
72fbcb6b724fd7646a1dd48df60752ff,99.7
fd3ac2a1589b1f1165978b2813e923d7,99.7
434aff98d2a7b723a8275a47925d775b,99.7
f5555f62b74120f4842eebe217cf649c,99.7
57de838eef2ecc95a8b6040a6a5157df,99.7
cdab12770ff06d22874eb69b43033d29,99.7
6e4e92020773c17f824fcec1f80d11ef,99.7
e74cccae44bbcbe44359bc665e6caa19,99.7
2a31b406c87cb5527f853c2b0724678d,99.7
1bab4d51a6fdda66f1abdbfcc1c907ae,99.7
b32de211be666fe1ff430c4a18a1810e,99.7
520e97ba4dce3dfef4304e6c5afecff9,99.7
4eebac4bed2f2bb4edf34449b953e384,99.7
3eb6cbde029f25aaf299368315f7c8e8,99.7
94179a63403312836ef05d67aeeeb53a,99.7
062e9e44f1ded5f24b2c5839423d8446,99.7
4d6dcc03e46614005963c9e0eb029a80,99.6
e0228d0d1af80aa872001373c79171df,99.6
ca5fc68d665a2ce5392fccbde3475f72,99.6
9feb16b98e76be61499a57c2ff685f5a,99.6
305a9e259688ab7df0108a28782b1c35,99.6
fd1e8f741dddd37b475e9737d0b01c6e,99.6
44482c5323790a05d4e3d7b3b00a32a1,99.6
4ff9971cea5dbb771a4a3950146cf123,99.6
9e6531ec2ebbf1bc5971bdddd96e67a1,99.6
a359041b207edb61ae00ad420f6c4eee,99.6
847c8e8ca5103c823bccb3e76066bc4e,99.6
5f3221403110323a072c5eaa148080f3,99.56
30e44634f95a0c8423585cddd8d89c12,99.56
666a4eb7699fdccd19518171e0b5a069,99.56
bc5f82b8b5dd3a9ce329068716583779,99.56
abeff1410fcd658ea605208ba4ffb9ea,99.56
38e7cc6d0d44f9359780816a0e29a25f,99.56
722faefed2a13f6521b5b1af3aa04087,99.56
87c195c16ba427c0f0f60d6d6d67a312,99.56
730325254d70acdb14dd00de0e81eb52,99.56
a920cdc19a22af73b009c33354e5f442,99.54
0d92a8c5b4ea740017de97793b717392,99.54
dda44123b0f5efa1c245e63eb4ca663d,99.54
d0185ac97dc1fdcd3815b4fd9ae57180,99.5
19025a4f7898d7c5bf0613959e831719,99.5
214fdd83f30952a8958538d5c861b368,99.5
791e96b5c5bd657bd35c741628d4ec4a,99.5
ec33d3fc0f4da0b41f352f62cbaed8dd,99.5
c7714f993b003edee23b00277f8b8c23,99.5
01bb4e5dc779fa3f09a2c2cdf9561f7a,99.5
c65f4e5152d584b4fafbcf07c48b2249,99.5
a5ced4926d7d8fa71e9be2b007720356,99.5
62eaff9c562f9d1b880ecb6be6054df7,99.5
33e2c0a2b85e5cf272063cf102cab8f0,99.49
560e59375e38178f7c0835d9aa0c8cca,99.49
0184a596785fae3af62eb04f7c4221f4,99.49
4841d8c1900e338fd39052513cc592e2,99.49
af31beb9cb1ad7f0dd644d33b9e9ea44,99.49
5c896117244c11cdcc73221662757e05,99.49
269ae8f67b993950cb22dd6ac9bf9177,99.49
a340ce6c3570e68d4575a06053ecc491,99.49
9224227b38e57471ec3ba10a33dd4ce1,99.49
4df21f92a25f5b9eecda78ff30a142b9,99.49
c31a5c125845c57d4d939043eceaf511,99.49
9e3137fd1b04696c4c9e850182b5b5c4,99.49
2bda20cb35fe59471eb900f7389cad57,99.49
57f6b7f37038497a0bb971ca6c7caf22,99.49
7bd51ad546d78d7678edfe06a435e86f,99.49
f00ada1f8340fee461d7d4ddd48361e6,99.49
65ec18be3c4b395fd65d144516ce5fd2,99.49
4aa1c9249c489f2b6a739f210c0af109,99.49
8d2fdef78ee20442bdfc5dca39b6562e,99.49
4519aaa4b436db3df81e0cdd1f3afbb0,99.49
ce11c5da877465175182c9082327755d,99.49
1b277e094d7add96b8704328769f7f1b,99.49
ad7c772f08c612130e912d8055a3e636,99.49
9cc2c1fada1c57d908696c42d75e0283,99.49
ab1b249b05fa46a44b900919ab2b0884,99.49
c1a82ba80e99bfff31d8edb5eef82db8,99.49
f21425113f7f4bc3d60f088b01a73eea,99.49
0b195c8bd6f19b62c86b632913467703,99.49
ba8f5b71a2f118cb40ba2f733add6d8e,99.49
4c279b544594b9bc2e5f8db65fd005dd,99.49
12e5da270cb6349f4f8781521a208d6b,99.49
d7d63a15651d3301580a663f91652dbb,99.49
616fffdb091c791e3b001da68172eb2c,99.49
582e8b955ac2e3a376918a4fb797b6f4,99.49
37bfa4d2789f73ee5dede363eca1d3e3,99.49
62f5d0403db9849066c753aec113e20c,99.49
857270fbac444dc798a0a452cec924f8,99.49
3699e8655ee2b00739ab632855447c5d,99.49
e7067f47085adab23af0e0a72857de91,99.49
e3e3ba1f68d80797b4936578d0154539,99.4
0b29b46052f69080a341a49dcd982955,99.4
fb0cfde85c52eae49fd2f0cf9a023844,99.35
2061a03f190f40e42813e1c258ffc3eb,99.33
c622b892a190735ef81c0087973fa16d,99.2
616f891beb5fb30b85a4a97acb0d6ce5,99.2
5ae4cf7d782d80c9c6a74d92f332d6ec,99.18
2132ba99628c9fe848aaa7c1264501e7,99.18
a3d953660a42cb0bfa714a2b62611983,99.18
5cf4d5881fdfbc98e93eb6087d217528,99.18
5acaa0f6483771e35b156b28688839b4,99.18
60d789c27fc12b99518a66072e501ad7,99.15
4a1bc15d1237a794eb2d89f1516fae88,99.15
f43a7965a53bb429e61adf64e43df9b3,99.1
3ea99345369a3d2eee4b0e3ab06c445e,99.06
fcac2f2e9d198cbaa9e1fc45e751f63b,99.06
fb7a1918bb56cd4318461bd2377e5e80,99.06
2acc73593b7fb475e93c5896f23d37cc,99.06
8297d4f2b469f1b4c24903373384b6cc,99.06
f0f9a47c97201cc9a55283fc343b6be1,99.0
4984300460446e6887643cdb10d21688,99.0
3387e364e88b70e1eba504d737d32cda,99.0
159ac2552bf49fe290890620c02d767a,99.0
fd475098454916759d0c3d5a9d8996c2,99.0
f51892a5889a968eb6dfbac2cf946946,99.0
4f31c34bf33334525417bab91b4794da,99.0
bc6a3a6f693b3363d1bc91080a2a1824,99.0
29a5d8a991b0527bda42857a66337abe,99.0
3980a868afa7d58191daf692ed61deaf,99.0
85e2e59e0cca5ae33338be492457eb38,99.0
40b04b3bf7ab6d7c73d5e68e7327e17f,99.0
23bfd4316e261786deed5a08231c75bc,99.0
b3c8ed4840e19fb161faca3b4ed4cfa8,99.0
857818de2f9ea61790817c40cb6fcbd4,99.0
8fea6ef2e4738eaf898ed6973c9a1153,99.0
22c855868c3faf25b1273834d9b187a7,99.0
a5a1d696925fe03b4645c9ac6a417230,99.0
5e629f5cad9941c1f83b0ac0e287348a,99.0
e9706926b9ad9d60d5512eb6b35b78dc,99.0
4c3438ec5a2100f3739525f20beef134,99.0
8f5669832169fa27323c99f919d7f4a2,99.0
1130a7b0de3b712d1025595e41893015,99.0
e8947d67ab03b85b640693dd06ed3c72,99.0
290e2d3c42858f8a22534459de3bdb2e,99.0
6b9a33f401d8354c5d02e52e111716ba,99.0
57613b233841cb5d133f6fd1fe6a98cc,99.0
521302710083ba5e737ef5cf6438450f,99.0
c3026de69a46c492b925e7ece4d9fc94,99.0
02b93f79beb6ad4bc9f83969200c1652,99.0
6e7d0829bdbbcd61c6d863922f942daf,99.0
d25d23e0ef512c7477f03f0a6130c0aa,99.0
80db8c7a7ea6b11ca4c65cc2b93a6dc0,99.0
bd3791922950cba5ed71594c5634c030,99.0
802c2f35fdb3e279a6d2b470cf54e4e1,99.0
a2774f30e21be537815251bba41cd096,99.0
640903633d4a72545ccfadaeead42482,99.0
69b9c50c3e920a5ff0fab8e65b4dbaff,99.0
1a39d706d531bfbb53490b3b30396aa6,99.0
6a330fc6550084bc7c035f4695121771,99.0
f63cb8460e0b173006fa7e7bf9cc71be,99.0
da4b0dd3c2d5b6d284288457c7bf612e,99.0
2d9cd6d6d59bfd360ba595e45d097409,99.0
dd98149e38b6d4596c5e4052d0c1a786,99.0
94681622e0ad228d6c238a15aa9441fa,99.0
cbe5be475ea71afedf8d26de3ee7fe85,99.0
4fdf851814f8f40bdc1a2973b759566e,99.0
919279990314ce9290fe3fd3bca96ee8,99.0
bc62514151f687ae93af879b7755c439,99.0
2378c9eb16e57f8e54b53be8009affd9,99.0
78e307d7e86102ab611c978adc4e8c0a,99.0
7c495c9a1dbeeb7167642f15ae11bab8,99.0
297d3714675c007773d44da77d58f599,99.0
c952b4091e6556025f82582019bce095,99.0
9ec9cb2a44ecdd3fd0c412cb3d331c03,99.0
ee8ee27bccc792f9be6a47c298ef0cd2,99.0
adab968330b10dd8f1b1bf395da8d698,99.0
9e0b738a4cf778c630708dc17360bcc7,99.0
644dbfbd91a2bcd850d57349afb60974,99.0
abff70935d715a6b06e672e0ec88c089,99.0
94d64c9b674e29504cf012056f182c9f,99.0
c777b902d1733ccee3c92bc2c451538f,99.0
b5c718dd1d2183428f7e6e2832958a64,99.0
5c6008b96b0de7d864aeaeb2a2333a7b,99.0
e5d315b5b2233173aa7966525862866c,99.0
f7097f60759b0cd6ce26029186708982,99.0
e4a6b71c10472822ebb5071b89bd9937,99.0
494e386d48abb14a2700a12f821eefda,99.0
3b2a92fcfc6e8472ca6e95fb92cdcc9a,99.0
0f28203c5b6a0b0831a64782419024a4,99.0
cf7cf1913cabcd7ec3db1e6e9d02197e,99.0
4a7d1bb0610d8bf2660e1571f2f10027,99.0
04d4b764b4b6cd57ab59f0ab357b2450,99.0
946832699a5d660dcdfed91bc6346cbb,99.0
e969dc5c6a9219727d0b39cd6757e936,99.0
77f95a7936bf7baa7c112ccdaf0e97dc,99.0
a04e3a209e3d2093c17df390116bd3aa,99.0
5204cc6cd68828d006ca3bad2a8aca13,99.0
bb10386818dda2842a580048ccb08fe2,99.0
593284b430f85ce2c670f5aa67bd5464,99.0
c39a8bfecb3528240e368385de24ebaf,99.0
b4feb20872904be591bd839e5e071437,99.0
49e4b2fb8926a656f2415667cd8f6c38,99.0
208459884575fa4a9ba36f2b869162dd,99.0
b9a4ae03439dc5479da32b8359c44790,99.0
b147d384b96247c9b9f589261fa93b6f,99.0
8fa1e3e238ef73b441de4459dca8a032,99.0
0dccee4f33390ac6dfa9e227c3ebbb94,99.0
35148f0d009a1f17f54bdadaf07a4bf0,99.0
044d7def82c6fd78156eb55c3135edef,99.0
4359f277297d4121b9077aa1e8142c8a,99.0
ad0d3c49b144627644b8e067ddeaffb4,99.0
d113ba2a1ea2b9013508861db82a1ccf,99.0
0f887db1a0da167d1b7c85c3ec5d1f5e,99.0
976f152ef42f30a6e4bca8966a8b4099,99.0
20526e6ac068f829f191a7dd0a773d07,99.0
e57add4d88806d780e707e4c23ac0db4,99.0
d247ffe58f195ed4a80b16c53d4692ce,99.0
53f46f4de675eddf5155ed374fd47b14,99.0
861f0f5541b6bc7f636241019495d907,99.0
c68f1a0b156eeb49b2b3168e4ab55681,99.0
b5733ce0a21606ab2fae67325d0b3fd5,99.0
1b70b7fe9d34b71a39cecb0f79a6fa89,99.0
aba4b03424668feae599fff4122142c8,99.0
1c6a3211e5215fb2cbc2f392b76fb37b,99.0
c5c7d5c47827b765408483c47ab485fc,99.0
a2f671aa98a5a68d022c3fe24e91d6de,99.0
0de7cc8d3218ed73d9621192453a418a,99.0
a829ee384e09cfdd79757cdc48e4acff,99.0
b462db54c81d851ffb3aa793cb6dc33f,99.0
756fb9391752dad934e0fe3733378e57,99.0
2947a753b45ea10edd8861584073e202,99.0
345eeee76c17d84aa898e125faaa016a,99.0
971bfe39418350859c2eb52127c06aa9,99.0
6559cb5b365f173915f766fefcd86972,99.0
a11dde3e6e22e6541818f5e81563bfc7,99.0
4ac864354fcda4d761ad2c0bd1c3c58a,99.0
a8675865694fa23d42e8e3889f5763c0,99.0
e25a9348be62d74fb83085a98eca5e25,99.0
436c99758020926f3516983ac84cb5cf,99.0
288456cc4ddbce6d17383ab66199b78a,99.0
dac9b9aa3863b89ec71d38061e4f4957,99.0
8d81bf44bb2e36dbfab5353d8b683420,99.0
c4e4beda841dae55b686660858d7d0e2,99.0
b075a9da8504753b6be39fd18a41f032,99.0
786d2b70bafa7faefceef98aabd9ebdc,99.0
35dd14f3ffded4b92a1569a0ee3e6d1d,99.0
94b1e925c0b906a75bd2464a24243db3,99.0
0a24a365e81dddf7b29f787249fa31dd,99.0
a5c957468ed6f0d66633b446e17e9865,99.0
c116c6d91212370ed7f5ee7313986c5e,99.0
447a6a4a1c174d733a08b68480ba79e6,99.0
81abafc6b0432b81518f8ea7ce955077,99.0
002d597546b2cf44428232c9f237f873,99.0
78ac9be1727e63c5059b77925c92c7be,99.0
997ece18cfd25f3391063ee98943491c,99.0
b5e5834e0ea55cdba7835b12c756f94b,99.0
568ad2e25b8b84904ae2fb3863363a75,99.0
ea229107a6c42936eb9b5381d4ded0d4,99.0
bc6dc052222f5224fe0fc82d6ee058e6,99.0
708c3f976416fee8bc3252ff6c411f41,99.0
0e59f0cd0c6c20fd1420f27021796dfb,99.0
d96f4f29f2eb4864528c23adcaa2f7de,99.0
cb51b7eaec381b2f35b42e3565f5e401,99.0
d6b5bc1a3bb9c1ac3514ba6c282919bd,99.0
11e0f43ab4e2d2c48348dd9332c0ef80,99.0
c9e36b6c0cabf0ca3e5831b9a9b1d2ee,99.0
77c6c090276d77c5c20d52a14a05dd21,99.0
2bd8110535c65cd7a03ad8863109458d,99.0
e2db07183615dd1fd30115b590cda2b7,99.0
b885ad8fbf6695694d6a5724d4681cac,99.0
431431bf5ddc49e07b516dacb7967b82,99.0
0d01493e2f68de841f72c2e405dc001b,99.0
9648b07145cfaa61d8ac6bc1bc294ebf,99.0
93e860f59b9c3f64328ee86718f7612d,99.0
4ee4c7cf3dd5c13201b260d010f3b623,99.0
21b744d40c3f56ef36b6207f61c49db8,99.0
899cdc1395d9d42d165d8935d7bbc7f6,99.0
f160aaf480efdfa7268f0fa535f73e76,99.0
4a1add67cdb4e087d6fed466bbdb032c,99.0
73ccf5f60adea302cf3e6deb81dc3b15,99.0
ee3424ba724cb6d97ba9785339bb5ea5,99.0
c6ab84872f21f56c05e6c4ce5d7b9d18,99.0
950068271820c29cafe329a8ac678b9d,99.0
2192a7f0e014eabbe36d560d31681cfc,99.0
2ee4ab7bce291f4adeec13705aaccb78,99.0
a1a724ba9559410e160d1b1e5b1b1ce5,99.0
563e9c2a3c5061cdbdf8cb6f828cd165,99.0
08134f392c78e4c4cc9ba45e21a542a2,99.0
ba3635a32005efb8620da7e57b206cdc,99.0
e4713a0e07528b06babe87ec0d8fe450,99.0
ae5ebdc6de8a5f0bb49b5a3cb50c661d,99.0
060f7a94f04291ec1ec79d0d61eda142,99.0
ab364b9574cac248d89087867bc3bc4b,99.0
e46731ed04dacfd209c14dff32d96e58,99.0
2331e8c700acf09f2ce29fc297f39b03,99.0
86dc0008c3bf5f3509d99992746a98ee,99.0
cb2abc64d6a7063dcddae2add2edca4a,99.0
1fe6b9758bbf667a036b6c2620da3423,99.0
08fb48675dd414001931daa99d6e2ea2,99.0
235702411e5214f0e4a0761bf5ce9e99,99.0
d506c0d4abd2528e9fddb923894a9dda,99.0
3b1cbf321a120453df51216a651815af,99.0
666cb467ea14b1f98b33bdcf2e71d124,99.0
10ac88ea3693b00bd942c769a4c0a29b,99.0
d5a0064fd4c9034929991d1aa2f5ce7b,99.0
edd54a65bbf38c7914583ad0ad6ecf2b,99.0
feb1fcabc87e998d533ac59fe7cc0d1a,99.0
050a20d417ba3e1143e75ff878afbe9d,99.0
944eac17089e8ffd72fee9cd656c5444,99.0
ff95df9a387c8d032a2ca6887cf77236,99.0
fb765a48e9f6c36764e23c01eaa9547d,99.0
1d8e6f4864a4020b702ea9c27919395c,99.0
b3c9b5795c9e172c44c29fbb63f750d8,99.0
b4e1d5fdf13905222b7a571b9edad9ef,99.0
5c766644f78a25febd9a1460c012954a,99.0
224a8eb01d48f0126078cb3edf3d765f,99.0
badae3d50f5d9776503033061cd21a2c,99.0
1003176bbc6539b4cf4931fe0228a69b,99.0
d1ce97e059738b228faa1e4ad83b860b,99.0
4f6d65038bd393dd461e0f8e7f318287,99.0
ad1d759ac34436287fef54f18ba06157,99.0
614aa3538438ebdbf8ce41bac4fc3443,99.0
ca618abc1a2b015a670d47a8f7694612,99.0
64e4610c79c90cff2b13643f3708ea16,99.0
ccb2e5b49e285395e26a9027a193b609,99.0
589d137c275b6d5febd35a00f490e8bc,99.0
89c93c9e16ecb1633c04c433d4d144f5,99.0
954759bb948c954f87dbba72b4703451,99.0
de8eb4cf6668c16796ddc54b1ba9d7f1,99.0
e8d19c7ae749d892ea35e91da2f345bf,99.0
cdb8930e682ac290c0c645bd9307f65a,99.0
8fb4a6f31ae474c757c377a79b2aec17,99.0
4c05177cb2bae0f8a47e0e9fa3710023,99.0
ab1c95ee88c4f010e6cdc59b1e925228,99.0
dfcd94e8493dc5b9551c733d5a5e89c3,99.0
71d2dd1c3240f4125e7100085b75444f,99.0
fd7869d321d9f3267c7af012dbb2a737,99.0
2d96fcd378f95a432e17149d2e169247,99.0
465c85475574bd5c51ee1e4fc4d3ad64,99.0
158041d0636ec65fc00ab39f1d70a097,99.0
14d5fb1a68df603dfdf3cf4d7b75306f,99.0
72d4958cd71988163a65a245caeae772,99.0
52fbf1dbb0b436722374fff4d86eadfd,99.0
d934b723f17c45f76011cf67420bc373,99.0
f7b083bc0eefdf761a28318a9052cf4a,99.0
29d0d05595458932c0188df9b64c02ca,99.0
405574485dd981a5741f447ef70275d7,99.0
0e59972cf69e00897677dfb1445ba420,99.0
76cfe843e966f172cf2c2ec811e9da4b,99.0
6f3a42b6df965a08f68a19a2b1ce4323,99.0
f7c89da122bf0065f6157a4c19bfe24e,99.0
fad73d5dfe5f793e62bf5a9035bbc5ba,99.0
e9b64f87b2d7de5db20e56ce298eb3b7,99.0
6ed4bc068468ce67d11a938a9f6691de,99.0
64de25609e79914590d78c38330ab2f7,99.0
9d4d8a6556530ce85b30147f9ecb799c,99.0
2c0a50f85601b8f4dc450e4d824ab203,99.0
0ae25c813041ba75ff447da9a7b449ff,99.0
fd88b35ff441b1536cdb975e1f804480,99.0
1f3ba3284cbf9d2d47bfa7fde6b54c93,99.0
66fa6729af7affe069f99452dde687e5,99.0
3ff6f6e6874c814a1e3018464b6eb71a,99.0
07575be5de5f9f414f6b35ea2dbed840,99.0
bb2c661d1ea302f88d64aa23ca35d269,99.0
c9211a09e264776a9be83b307ec11464,99.0
f75295933e7327404320b0afeb527e96,99.0
1cb2dfb80b5dbf6750472c2183b361c9,99.0
28fa7dc03ec522bf4b643bf5b3f67134,99.0
dbd64242f4e04688f40fd50596bbe17f,99.0
680bd140f4bbbc2f51d31bda12ab83d5,99.0
98b6834cd613456c3c7f38402ef94cc1,99.0
bdf7555b68e732af4bfe2171b8f257ed,99.0
a8dcb38cd44dfd905a024b1aa818f9f7,99.0
87135d156578200c9b003917ce3cdc4e,99.0
3dd44036d8793402eeaa83d4ebc0479a,99.0
8943a94fe1ac9fb40704c0015b2db105,99.0
8b1dc34a89bde906f1d7fc1d11378ad9,99.0
8c6eb8cc62ec4775e56cd5a96647bad4,99.0
6eda8b6897009af449a490b86f154f42,99.0
7365a02a72ecb505e9b2f199fabbdea8,99.0
04ee4047183ae1e8c2db584004b4ec71,99.0
4791855f611bfc7e8c06bd690a64ca10,99.0
babcd8fa0e2e5bb335b85783a9194ef8,99.0
aa0e9dbae0fd13c89d3de710a9f907a4,99.0
cf5303acd11028c4c8d482f68b9a0703,99.0
b461071dc1b4a15f4dab9db38270a778,99.0
655e4ac9743faf6ec2d032a75c002723,99.0
069540ac78a5bed2d5f836e7bf6b2c0b,99.0
21c6948e51a6ba4b7c7cf23a5bbfbf68,99.0
04544ddbd5e2606f1dd899339acdc9aa,99.0
fafd8a53b1fbc7a2a6b8d26ba13654b6,99.0
6b7021aa2622618c2a5fe9639f8282d2,99.0
d3734b07069f813524d5e7b0787b3a3c,99.0
c9be31eee5d42b016032f115e6640689,99.0
e92c17d70d8258db4b7a90ad4d2b65ea,99.0
77a7cf31a977baea81384a16e8ab52b7,99.0
b0f630442a65aadea129861805c3c782,99.0
3e6dfa790a707f380c06b3cc7377d744,99.0
3723e7de3c8b36045cd416e09841e8ef,99.0
1d4ed4dda73e2e995a8265c9e1e88867,99.0
696f0002c84ed9082a868ce411e31a31,99.0
20e5e35459943649df4ba95019a7e60f,99.0
dcf8829d7b09493cbfb502af2340be09,99.0
869662ec98a7c9674e1a012769f0c7de,99.0
ffbf82fe167e7156e06fc1778d6b1cea,99.0
51b1d74aa37644a52863a3510364b126,99.0
90e6f34587203aec0ce33b4e42aacb0f,99.0
42aea70a3c46ebc54431c9cdc496ace6,99.0
24dae7a96334acc076cbf38e4e5ef7e1,99.0
36d7d2e65db0c8b99fe779122d6a2b57,99.0
04782c73fe6e7a3b4a99879710f7362a,99.0
8cc4b803d404274f768502b72dc31b1e,99.0
50c7d896c15275b96cca5fc50866500b,99.0
c6beb736f4565ec28fa2fb77f7817686,99.0
832b138e378d72a36ce0d4b96c12e828,99.0
3283abacb775a93f517302541826d786,99.0
8a31acd6bdd796b96b5cde8325da7c41,99.0
d4b31b56a3fa1b91fa8d21f6f4466b6b,99.0
46e11714d9f2fbe6e44ced00b92c73aa,99.0
c344c11cd7a8b4700639c28d94348b82,99.0
6e688f070b3858a019b672d514648fef,99.0
d52c345d18c7f6fc9973c1855f012f31,99.0
eb43bbaadb2127e8e40ae1c3f5cb3d58,99.0
094deb5213c87322748379ec26ebd971,99.0
b31c12ea4d710bdd9d0ba78cd8867d68,99.0
2b8bf31fbedc0d88ccb1f48c3fe903bb,99.0
265eaebad135d379c092f5a86012533e,99.0
4ea3819fb9f6083d7d145331fd9a0960,99.0
bfc4ac44365c4048159ebb0e3ea6ce6d,99.0
9bab8efbfa8eb13c2cb87f6b6d6ed863,99.0
f5d424d732a0df26a3f0e85276ce7664,99.0
a1b77a1ac055c9f9393f4d0fb36cba85,99.0
57196a49e744d8cf881f433e8f3c583e,99.0
b8c87b84c9734273f3a1db3e61ef3ede,99.0
ea413fb6be454c30f1bc38aa40fc0476,99.0
e98719d1f6780ce146828b440839781e,99.0
b2d1536598b73a9abd18e0d75d92f0a3,99.0
71ce2ac1bd1b5610e994eb279793f1b0,99.0
b7387411e1331720315e1f4aaec75703,99.0
dcd82b51ed72861d202f5dc8b3ac8a19,99.0
ff217adc6431eb19f8af637ddd66a2d8,99.0
4ad39f4021dcce82a5eebf9fd9dd7a6d,99.0
99b3b3709b00a7b817833b1be4ff0729,99.0
08ea393f29fd8d854b91ce3a902bb5a0,99.0
900ec2d33e1e3005305ba5e07562c5b6,99.0
f420ea368e90d1796c8a75c5a65f431e,99.0
0eccd889365bd8b8169547bbc25eed73,99.0
43637cfdbe878616b3930aa886f7fc0a,99.0
d13a7286a1134d92e5683129e5cad53e,99.0
199261b79f63b071d8c40c82607857b4,99.0
b91b9dbb1f0b536a366f742dc3ccad91,99.0
ae5ca79e6893b64189a5b4044aaeb70a,99.0
c64c7fed4cc7e3fa5557d8fc6f9625d9,99.0
5fd6dead0d9541b66439ca774ae0d73a,99.0
50c78c4b3b336807891817726f2c318b,99.0
445845e4372db1e918553b093b13fe8e,99.0
121ada84af097480e437f1a8c979f6a4,99.0
82a4593f9f099724e0e3c93993dc6cbf,99.0
89898d84e6fc0dc4334bfa801e4d94ae,99.0
036386bf476a9425bddf9639364e2907,99.0
0f6d05e9c956bb1bbd47af66ad74b86b,99.0
891df15998426e9d609b7f363a555ce4,99.0
ac9650ff78fe1d4b99796c5caa216ad7,99.0
110854a59606d579bbac092d70777bc8,99.0
c2a42c6cf2c1a14683e01d64890e8ae5,99.0
f129f917dbb46b91a85be24af8fceb4f,99.0
8342323ca97ec421480430c2a893aca2,99.0
092b21da7f42569218d5fdf4f96c1025,99.0
c4bc7e3472ec59cc181b8441fef3e0c3,99.0
04ac91a37da7d16302790620cd39449e,99.0
4c422f5f0c32753d20228e9a09b6b6c8,99.0
e4faf561b80855c9514ead44dacdb679,99.0
fe12e2e42ae4e9e2bbbfee8d0d801bf7,99.0
f822b1c76826e07be34e43ef896901ee,99.0
c7d900a1f1f7f278c06d3ffcd18451ae,99.0
51eb7663bd61a5973720f98b62097595,99.0
d7c4d8b45b0a33ff6df7a3950800d4e8,99.0
aceb1218ab19cb199ebe711d613f9fae,99.0
46efeb419cd0b58214d62fb6f13623f7,99.0
6e4bb9c63481c728b560cef60527169a,99.0
769ced89f96c3883180bd5f0c360a366,99.0
6a0025b170c9bf01481303d361200524,99.0
722b019d300f4e859a92e10b3b76f6dd,99.0
78ee827873e4946a08fd80efaf75140d,99.0
a949e48c89ff4cf4e5f14fba155eb16c,99.0
a29a8f7ba2f1548f9509525b8db4f677,99.0
8a4097fca61c98661684fbfe703083ca,99.0
3cb3b1b0f1de5faea9b536f2c28f66dd,99.0
2151df75aff3122332dfc66083790d56,99.0
91ef15a60f302d55d0f2867836abca9c,99.0
fc3ad5e4ca7a01c02e25bd40dd173b57,99.0
4d0cb78577848977158c7755edae4fe1,99.0
dfd31f8e07d6a7078ae3c8119cef1c2e,99.0
08ee0fea033270eb52f02441559cff94,99.0
d4783e1e177f32e022479af8c8000ac4,99.0
030ba01b106f8389716d742c08254b99,99.0
e65ce9b007466b457e8b7bc5004b1186,99.0
039eebca4d46be9067692e9611a7207a,99.0
53e76dd2ac2339c712daa2fe769dad51,99.0
28bbfb348f7f0f1df39e79a95a6e1ee6,99.0
4c1a5dc3d05bbb5004b795e136809b6e,99.0
616c98205174419827715be4466f8ef5,99.0
eb9ecb224ea727eff79b0c19b063da3b,99.0
7b2c888b9cc6cef7b7294d42d1600fc1,99.0
0d4a5cdbedc3aa83305c5d5ea18a19de,99.0
7784b523efa600a47de73bd1e9f7f022,99.0
a5460ac48757705144a88316dd7fe9c6,99.0
077ca1c409a011f74f74e99eea92103d,99.0
b268920db89279bdd95a06d4e5c703b1,99.0
11bfdeb017d615bead55b7ff2de22f2d,99.0
f6eb32de7446f7ba98122e5b4d09b3c0,99.0
1fe914be3f4027b4b54be92fdb3438f7,99.0
c3944031f7a763edadfa03361c9aa06d,99.0
b5d66b35344730fb340378ad6f4886fe,99.0
5bc6605ac9db578bcb4c39f796294377,99.0
ecd4901725ab74781a930b41d7417b01,99.0
fd7f607e063c6ff3a6f6403b35d821c3,99.0
2e4296c24612c218d6e2fe370f0a3c61,99.0
2754a7cefac9fb43b30e62440b7f41a4,99.0
52cbc1b147fea486193ee68db886f4ef,99.0
acdc56c0f3c7be5919d08dc466b41e39,99.0
aad20e68b92b9d5989bb98698bec41d1,99.0
1f286dacf7cf0af9d9b77173e20ae21d,99.0
0a60413541d00d686cf4a7cd994cc1f2,99.0
53e7d67eeb84c9b9c79929c6de3d1612,99.0
f21ba9720adb1d11243d94fb25c8607c,99.0
a09edf8c1e842e94805a206b3d73eed5,99.0
6b5f177df1eeee9358cffadc5b8c39c7,99.0
b3c171ff72e6652a6cbeb21665f1bb3a,99.0
1a6fdce580e785d2b1348c0efd45504e,99.0
97a148c9ad25b3c15b299382a18f12c4,99.0
1fff5bd495b4e1ccb35d4a2b51520803,99.0
c64e943126adfabb1c2ae21b4bc1e650,99.0
f4056901edbc5d4f4e76b539f416fde1,99.0
e4f5e592e5ed9f4ee608a09ae76ea443,99.0
aad17301903645de9fad94ac78f1aba8,99.0
aaf5e78f089c2839879586a479447347,99.0
4804ec21c7e5e53bca97763ec94cee05,99.0
88fa170f588384f0661664db7dd7aff2,99.0
b362913ed32818b745caa7396e5fc17b,99.0
c79ff780f5fc0e20fd2ed4de186ef34c,99.0
1fdbbeee2463b68075c1dbcdfbde3a4b,99.0
fdcc1631fa8227c686d97e76607bcf2a,99.0
d3c58deab42f2cd260f84d6f6a3d7769,99.0
a6137fdb179b9e20c03ff14f13137f5c,99.0
92baec73466089a352a95f1ec4716688,99.0
3fc7e9e580d05beb308c448408bbb2a5,99.0
782da07dd1b66f0a3ece989a671ecb8c,99.0
913c6ff534af922ec4d21dc7f1b2db49,99.0
b5da75434bc34cab9625eb0f3a203994,99.0
4dd3a0f00eda9c4ec8d3b86cf231823c,99.0
5dbb903e6a46f5861577aadf855536e4,99.0
53f52ce9e1e5565cfcf8d97b0bb7caa7,99.0
25a4bd9a80cb3c08b055e2e207ecfbc9,99.0
ffcbcec4480d074ffd50398e66bff27c,99.0
2accf81d596636b3992c483970215df5,99.0
734061465fe7d5790e21853ba9721acc,99.0
d55f1ebcfb5f55d099b562c8d808cc10,99.0
20a51aff4b6703b2097dd814ab6ec6ca,99.0
c623bda1dea517d87d913ae3260a32d3,99.0
3773bcf1a6fbd29233ea1c1b573c4f22,99.0
97795c829cac9e27181af4d67c47c7fc,99.0
54365416b7ef5599f54a6c7821d5d290,99.0
f7be76b803e9e30d3432bcc0ace89803,99.0
2c00f48bd55a5b15e9cee392f6e5d313,99.0
0107ed88ec010416e20cacf67d2c905c,99.0
7bf8183e6301c1bc4f8b012752f50749,99.0
075b39e18f6c41df500a6ae613a735da,99.0
b903ffc665d9abfd2ceaa052d8da5642,99.0
5fb9d23a8af73d1d81be9447185a10f7,99.0
0e87f7e6262f9b3ad93cb19a32bd4a1f,99.0
f38dab26883c4fe20a3e9b92e07692c8,99.0
a85aa0eaabbe195c286dedb52f4c8d21,99.0
88e6097804f37b62bd32ab8705bd6959,99.0
323a8dcb8bbc42ceaa68d278b023e82e,99.0
8535ac05b512f0e86671379acbe06517,99.0
cb549c1deca0377593482067838961de,99.0
ef9cb89d841192944af064c171bb901e,99.0
4f5fc821e352eeee7b5cad75b1d95078,99.0
30704e074aedd9c8a2f97e3cde9c101c,99.0
00c7c6f2aaf86b1a5a386b103b67b218,99.0
cef0a506276a74c28d77739366902cbb,99.0
cf4271010037d613e43331402384fd04,99.0
9547671cab73631f8607de9fe65021a3,99.0
9307cfa073da17b120a650f7b2361afb,99.0
e74e1a4dece835c923fbe5d0848f5338,99.0
e7084cc2c8adcf6fb17adc7ae1a150ae,99.0
0f0f0708cb128767fa11e1b6daefe426,99.0
18f7e8c7de57a6bc987cad0e9f587d98,99.0
0f22538a0fd58e81046bb26803b27aae,99.0
f211d9a5df865e35ec0010fdb6122f85,99.0
d52be8e3821283b0592f231cb6285b92,99.0
720d86a24892277b6987d83426aa5d91,99.0
78993c71213f4dfaaecdeccd7ac590fb,99.0
18207bfa3ee93516926cc203d7558453,99.0
88cd4760d06074426489e89bb4116184,99.0
9373eea767fa2a799ae494e7a66ea704,99.0
37321ae3107bfec4b546019aa642db2a,99.0
78d2344fcf124f101a40d35cf4df5c18,99.0
a602db8a2bcfe54098fd9670db2000de,99.0
e69c1b17ce033060c97375f5f1d06885,99.0
6a64d3236b45b82c56432501b7358de2,99.0
a77cd04603184ba353fd0fd98d4d3aaa,99.0
65d6ba70d7f0d0d81347734167257877,99.0
cf6f93633e3f4c56949d0ea7ea1b14cc,99.0
edebb8880f0aad0c05946257fe9edcb2,99.0
e593c28fd3bd8594f6b393bc9cda68ea,99.0
e1892c28d1493eb6be3661e8daea168f,99.0
b84438b09aa33a6e08673fe173f9796f,99.0
fa2c1dccb281817f710caaefcd0d254e,99.0
dfe9b8ef242ad589cc5b5ec521045c1b,99.0
057ab3c9006d239fa05fca50c8be5df4,99.0
50132e9321ecf2c2c284e87fdedf1f72,99.0
89141b4c6cae95109f80cd2c209765a6,99.0
f84ec40a029590cc02022cdcc711d322,99.0
68aee9718d1e57dfc6fd08c539f5e0fb,99.0
26bae6c90b4b6d9a7260381fd825f8b2,99.0
7cb60a605d9d8f9ade653d72231b3c68,99.0
56a66f8e32ba42c558e28627e216f52e,99.0
ed06bdbc21c55e3174bb8aae5e36366e,99.0
beabad0a90f659fbd73b571183bab1ec,99.0
fd650b09ca50cbec651acc566907b2b4,99.0
d3e422a0da17d181e0a3877325c3d3ee,99.0
06db786002c0a85b36bdaca70b9fb4fe,99.0
aae647d172ff2dc11ef066bd441e3bcd,99.0
edde43d7203ce8ef765673aebee3b966,99.0
cae6796042db16178715255a22500a32,99.0
332075f1afb4ca1099819b4379bd2e8d,99.0
59c7cd4620d300ef5161fa43d8a02937,99.0
802afc498fb100ca6ee8ef029719e141,99.0
12f8c19a8f9f1015564e4798c6b1a556,99.0
8bb7adfbcfbc35d2577ced908736ddca,99.0
821cfae6c6dc3f7fa663f1716f837f0e,99.0
d6c52e7cfae2c1fda93a81b706555188,99.0
cecc7f9a9384f6df323bef4be5f761a5,99.0
800e0a5881496753a6583daf93f88fa2,99.0
84c391f6583d7b5bd71ead8b85f36d31,99.0
48ed31e735f1c420ed6ca3637b7c744d,99.0
2b134b9db1de9df1353432128c8d29ac,99.0
3f75db6a3db29236e3e7975d66f376af,99.0
60254511764522cff2afd2174b5aa9eb,99.0
c9280eef806b9c59397a4b993c1282c4,99.0
1bc9f54f97cdb38a6bba7f6a8287d918,99.0
11ab17e4c92e820e3f148f8d420736b3,99.0
ce58284e603a53a3184ea29f84fa92e6,99.0
f255d679c7c86c24ef4861320d5b7675,99.0
33615d52f0c92e6958cc42155ec4f68b,99.0
5e19216b79235df70a847c63e6d2b439,99.0
9066ab3168b0115faeae69a808b77781,99.0
42f6c1525163111eb6473c014a46fc68,99.0
104bcfff63c47ff5cc1e86d1f022bb56,99.0
6efcca147ec1fcf0dac4e4275f8dd159,99.0
adc5095bd07ec629402aeb343d18f480,99.0
0d49e6cf6c6049404ab247c5d1ea4aa3,99.0
dfda52c60be1482823570ad5721b5e27,99.0
23267a340cb0e9928fca29f239429b11,99.0
1e838d610c4558100d05ee4b24e874c0,99.0
f7ceef0c0b1744d217b4b095c8a461f7,99.0
65f9db9dd07a4e79b625effa4c868fcb,99.0
eca1a1aa65a7924689ffbd52004fae8a,99.0
6816cc08a7c9ef50ff5bde38948ea97a,99.0
4ce13550ee2faa98b72b3c507e1144f5,99.0
4d28e68a0eb49542446298648e3b0307,99.0
5b37b9c7a01fb7203b3fa19364ebd350,99.0
4f68a907849fd57a95e09496b2373da3,99.0
d2f293555622eeddc13693f3e676f570,99.0
8bf326e22c694e7dd390b005a6560b88,99.0
bdf4339fff7a233baab4173fcc20bb8b,99.0
98df4110c84b721812f320c82d936019,99.0
2e2bead49a3de15b31c5213fbcef6cd8,99.0
ca355694bea3ffcc170fba3ad327b02f,99.0
4509553aaf1841a7fc2de7bc3cbaba73,99.0
adf00ef90563974803ef5bf381313946,99.0
43a7dec98e9ec118d59b430191944a29,99.0
9935e5d76abbd2e896173776107c06da,99.0
23bc5df9b0713722b017fa1e1bcf30bc,99.0
ed078a8771e5fe1d9b99bff595938736,99.0
2d74b09be680f3aeb92b83e357268c99,99.0
f6d542aeb738701de1005a737e727bff,99.0
289fd418dcc325a3820763155a982c51,99.0
6dc8989e7dd66019f9c1f24a61b092fe,99.0
d80baef8077ebca9d3545ac893887d4e,99.0
0d41b4a10415bd94fbc317599df557c4,99.0
305e7efe0d3e93e9d201ecc4f5ba044b,99.0
8b0be9bfc47dd1771ba01b85951aa770,99.0
683adb140377f00f3c243258bf0eaf83,99.0
af76edabdbf253fecbc78beafb220e79,99.0
747ac70e4caa61315026312e740a1346,99.0
15aa00d0e958881f93b3cbd18eeee820,99.0
daf220c354971444745614116205d3e8,99.0
6af8e0beec8e9442aaf16b120e5e02a4,99.0
e805a2d89df2d760a6ad978b424cd561,99.0
87cce80a2b8cb524f7ff411bdc22e2b4,99.0
5e36db9241439a2da5ba15f679116bec,99.0
72a767a5bb465e72ea39aab45c2bc9c1,99.0
7bc83bfe8058b1bdefa4a84bcfc8af0b,99.0
ae71451a12e82001865a77949127781d,99.0
8a01af238f4fc14ba37f1a26a1f2950f,99.0
3dfe77e7e9e11249eab5f54ff0c8e26d,99.0
410487a17df8bb033e4173a7ab925f66,99.0
fa85d6a9093fe47d96171fe07423e12d,99.0
a92dcbd9afbc87cfcf0923eed2df56ab,99.0
ef3223fd7551319d1b24ab755782bd8a,99.0
e270ecc5eca315d6e60925b03ce07705,99.0
e74fc06d9a52d095af413c99ea25cc9d,99.0
0d1c9bf3e851a0db291a9edd754e46a7,99.0
aa3e453b2894cbdf8e6c99570abc2b37,99.0
e1a66c81cd7d20ecf12f40679b70eab2,99.0
18a0ae9ef526e6c02b8d1c384524e70e,99.0
b13f6814a87e9fcc95db3980cbb7af42,99.0
e0914eefae8c413678da6e1c5fbb1ca2,99.0
4005256fc4a95f24f61fb7dccb7d6b97,99.0
042e5efb06ce782f900f6585a4671cbf,99.0
02d2c49ef9837fbf18d71940dd7cf97f,99.0
a8ed065dc70e5226d2fb9ec1ada6edf6,99.0
09ed4e9b4faf4f69fecc31273d565cdd,99.0
43a137e2ebbc35bf3e7aa0dad8bc0d1a,99.0
fd4e6dc2e2ca0393ac80b6a2d6001179,99.0
f9e6de662e2e839154775a325e9a254a,99.0
693d065dd4a1d11c5732f3c64c495a0c,99.0
045ce65dc053765839733057c287dbcb,99.0
80baedbeaca5cccacb1118378473cbac,99.0
d6991eab03850ca580267c3608a42ca6,99.0
3615384330cc6ab631ddd3a480440253,99.0
ce1798e7ceaec0a413a5ba767d658f24,99.0
b46d723264d34fd4beee469578541558,99.0
992b5eacca3441bc2ad844f72a9cf4f1,99.0
b8b6fb1459833a7facf8556729f93edb,99.0
b3f4c935e5e55ebf855699e8bc3c48ae,99.0
01fa535b377b96fe00287149f6f01441,99.0
17c129a1c8fdcc29710620f9f73a4ebb,99.0
72d60bc30c5c827b3be3e3e77b771ac5,99.0
6cb1befe6e1531894ac1f6f39f2695ca,99.0
5f9d4ba1b2825bd9d4c3af5722c8f790,99.0
7f35bd4690a9e1f8ee58ea83c99151d0,99.0
8b0bffcded3c6fc1514ab88b85d78d37,99.0
cf14c812356b6ff9803c25aea2502855,99.0
b68b7eef43b973110deb801a7c7b6752,99.0
f2cf42d4e28d675447e5d6125721a496,99.0
4222e370d79c4751361e4122928151c4,99.0
ee5c7ad836529f8fb1f3db7a45114f38,99.0
9ca8d3e162050ac6598654057255a86c,99.0
65111bf9dcb7fbfb127968a3f174ddbc,99.0
7657becc356a50411c8e6121fc3fb1cb,99.0
bb34d01e3f4e286f40a869a5339b7b2d,99.0
a6e22c9df7242208bd27554da4b6ee97,99.0
d44cd2f8ecb3ef1eb66441776c1cbbf8,99.0
5315874b889d49018819b02de29ef596,99.0
78eb357340012ea630b73f91be6050b1,99.0
b0b20ec1d0a78467f48fa124af23ad81,99.0
c8a0b7a3747bdf0764e839a4d1ec1d20,99.0
5ce9ae3923690dd36249c49da1d264a6,99.0
d19bf7506977eaa73334f94c63b46ade,99.0
5b353a2b5939d6221b41e3e26a18cf98,99.0
73afc72acd21df38d6370f85e399dc31,99.0
bc9802f1680047c23503920524d21e8b,99.0
a14033a8e28cf976d87b63aa00d6d34d,99.0
ae5889fe15b781429771c232b8b81d59,99.0
a417dc4a8f196046bf2e5f5c6a9bff7c,99.0
ecea568a35aa58467c5aff2899f5a6af,99.0
fda0335b2cc8ceacf98e89f40daaa7cc,99.0
4cb7804e8b8f5b45c45e454bc16ad5a6,99.0
d14a493255ac86931c7c838940cdaf6a,99.0
889a1cac67c44cdf76924df5b1fd3bc8,99.0
9ce137c8df764bc7cd046a8c155e9c73,99.0
a317108e17ac2499f40ad853aa533810,99.0
7f403eb7a5cb3611bc1c024c38966d0a,99.0
083f43233953a6a6b3a4fbf9dcf3722a,99.0
94d00a2a42c7af169f6f5f44f7a86b75,99.0
b546b6395b62a37f63ad6f6e4aaa420e,99.0
2b6040b9e07d07c64aeb630c141c5b53,99.0
ae5c099e4280d1e1623790fc42494309,99.0
d02028ce4af456706b1ea6038e902a3e,99.0
775a538061a1499aadf461df629f423f,99.0
89517109d03f8c3f1c63b84418e97559,99.0
d2dacbeeaec5aa8722102ff00b782580,99.0
904bd8e98e800d6531eb4afccdb8abd9,99.0
32e186b1bde73732f1cca0247967cbcb,99.0
8024e7bd493bfbbdbdcc32f28ad4995a,99.0
0050ee32fbb93383fb0d9e3d8ee89a07,99.0
f92ec85d59e831845be77e6cb91af597,99.0
e33f822bccbf6bce25484ab577ce3bed,99.0
d23df2c6c3e51d875f458d123b2b3c90,99.0
0370d1c87da5bce39a913db0c94c146f,99.0
c4c7a32e73bcf7665b3d37447970e3ae,99.0
724a8db62950dcbfcbec9be37795ba1c,99.0
950dfc01056942c9da37e17fe1ab71e1,99.0
cf03fb26e6e79189fc120e0371240ff2,99.0
3f71fba37c2f425974e32151d8771e9c,99.0
070e9150f3506123fdf71f5a4e1b879b,99.0
d00682c2eaf70db1869809d2fbaf7aba,99.0
59e1cee5d1efd103459268e1855ee787,99.0
2b136f8cd495d93d9b5a47bf86fcad32,99.0
a4b8d55efb639d9fa404ab1fbb1b722b,99.0
28e1fb62850ddf7aebac7ec6602dc756,99.0
6181ed8e0b73f7bf53900b98f67451bd,99.0
48c73fe43ce5ef6d2be347c14ece9be3,99.0
05f34a3ba5449df9b9ab6bb247c7fe45,99.0
579ddf1469941870f4417ab3bab71c63,99.0
7d937ae0cf8dcf549e545d4df8894161,99.0
87d61d8c11c89fe50ae234f4acec63c7,99.0
072727b98246cb0cc8d55699bb4aaa8a,99.0
d6ed4b9b153462e57e9aeb295d89e3ce,99.0
2716c83697c166617d8844a4bcde50e3,99.0
446a7b388b7e3c35ae59105a61876c33,99.0
ecaeabaa3109d6a613f300679354d494,99.0
7e4b15f49a6df5d7cfff17fce8610367,99.0
5eb4c61bb8be9ba76f38fb86a416f777,99.0
07396c453f4681f7be214112539b29b8,99.0
d736b37b534972c1961ceb67f5c6bbd4,99.0
1c1e1532dcfb2dba978d8f91fef9484f,99.0
3df8ec244fd52b4f949b5720ff19fb8c,99.0
bc21c7439566c3869ab82e0b1e16a591,99.0
107e500e8e622637a7a1c9d7de5a01ea,99.0
2a4d4ee2aa215919b261827389e59ddf,99.0
4a4a3cc29d727a8112ea6e4887174028,99.0
8bc6d4441da1f5ad07e433a76c8f0606,99.0
116458665bac0ff47d5e87f65e8ec681,99.0
a7498bfe950aae505fb53f3647fa8178,99.0
960170643bc319f5c0b1d0c813695e19,99.0
259e7de24e5dc43cccd9cb271167bab1,99.0
7ad350082deddef39b254d465520be10,99.0
a26826f3a4726ce0c82e8864025c150a,99.0
ee4919c10e807a1ac1d48c9314950830,99.0
3008ff2ba551da3613146780b11a9818,99.0
f2eb353aff16a4faea7b549079eff559,99.0
354841d55248144bfb36d2713f14eea9,99.0
32551508d9cab8b1b550dcc1c16ae792,99.0
2294a7c127e0aabbd84d87b5f50adb3b,99.0
e1e9b9c2601f12c07d764a115f54f6fd,99.0
363f600ee23c788a5ede814c34bb97c0,99.0
e8d38ba19da8ead0ef9cecb9027eeb56,99.0
b4d86b43e329b3b6208ad60b28f37789,99.0
166d8a3eebbd35ac3c6013d0226d7e6b,99.0
21119651f4644d55f2b8dc4221623047,99.0
14868a65241682f256d808dfeaa38d0f,99.0
2e86656bf35be872232e7ba55c1fd751,99.0
f9ebf8ccf3e65834d3efc6aabed7dc1e,99.0
75f14c818131a7f552dabb5a34faf9be,99.0
328940eae1f0fc2517af314e26854533,99.0
01f1b8e88d206e16909ed8c49f480e9c,99.0
0b6f35a17065f42b4737c5978235e61a,99.0
435638f4628d4cce72d5ed0a416974ba,99.0
7baa0b7ec74d65b734e3e2ce04663146,99.0
761a4cbfcebc07e915349e3aee6db335,99.0
b4b478405c7dd5a6b087550d411fe5c8,99.0
08be5d1f213ea37487f2698ca4b2be07,99.0
da8a74c5ac056c3961c84a67b7939aa2,99.0
df6cad6f4f2bd25475d9c36db3c65331,99.0
aa14097868008504a3c5304dbbd71f9c,99.0
528db5e83192cfe52f500e42ac01ed57,99.0
62c2c4e5b154ee57a365a112c97f9a65,99.0
a4767447abb2ab008dcbc5b3eb8865ae,99.0
777d7156a23f1cf6ec9a402e405d500e,99.0
3b6954289445042b908cc49a153bbde7,99.0
033be315f82e41697260be39939d3662,99.0
4e07dd0417777efe5b61679498ca7df1,99.0
4373e14c9a936c5033553ff232ab132f,99.0
ff636b0dc3b46a716505c283339c4490,99.0
868884e6ad80e650949473ce7f88d29a,99.0
cd4798a175d55f962939a67e08f97934,99.0
c6afce1779e2ee8b819a6130d120a48e,99.0
7aa6b791c1e47633122b949ed9d51b83,99.0
c60f17355c341bb9008e70012da7ba70,99.0
c64ad317815a22929a63ffeaf92dfc1e,99.0
7d9f40a95248706df2f0f8f2406fe759,99.0
b4de188c4951c5b03bb1d5f1abebf6be,99.0
e8945aceed698580f92f6d9e4ecaf34e,99.0
9a7d2f02363a5baffe17935aac9a56e8,99.0
075ef61489ef7122c2a0f69e79c55ff3,99.0
2d90e35c08e9844be3e33d7be88d5d7b,99.0
ee1435be88c6663ac63aa3e43b0c3112,99.0
5a8445a0040665a9818d188e81a7189c,99.0
85f40164ae641428731f872e94483b1e,99.0
13734f74516626e9067903f0befacf2c,99.0
3f6a6eb34d4017a2af3de15d8d19750f,99.0
429f3e681a0604e810da36578f7d2808,99.0
e2157bd7eb4af4b0cb8cc0fd2ef04bb0,99.0
e67ac2332eeb7aa6035f6f29d5c41c8e,99.0
5dd80bdac6682cd84f82271ba232afbb,99.0
74a2f2cb1f11f490eda66560f4038b8a,99.0
e4465961826955d1bc6a8728dc6ac6ce,99.0
e5f3f0577df1f93ff3a2a1544a1c759a,99.0
2fac2e14733a2deb5e7b5973ff95b115,99.0
70d5de1ef2fba225d499156e5b8c0e4b,99.0
396b5a4c38066395a3f1fbb86f2cac80,99.0
262e3835bb60820bea8ee7847d5cd365,99.0
92a03bee8af53fe8999c5a3eb9645c9f,99.0
31e34659933a639fd1d656924e76cd35,99.0
321eaf610c1ff5d6c82a5069ab9b820b,99.0
969b1c259f71e3cff2fd83bbb41d17ea,99.0
9a8e5079815727677c72c4791d3c3a4f,99.0
d362bd64c90ec81c31af95f224c9f2e7,99.0
f1c60a312bea019a3f8d4e38fd7f00aa,99.0
1ecfdd635d48581004c3e35c1a67c4d3,99.0
c6e9208594de0ddb9c87118e75b7363c,99.0
1742f9e84f26bdae2aa80ad287934f5d,99.0
5f3cab40b9c76001b8ec754e761e59cc,99.0
778aed33f729f0922a13de9642c9443b,99.0
a9641f3d71a5d6ed789920fcc9c079fc,99.0
b6607d072053280d29eaad974debf575,99.0
4f0aabc56eb3f3cfa1eb12bd4de97110,99.0
60d825970926bc552c3299d2d1b5041a,99.0
a991a323620f70a0dcb5e9d3ffae0a2d,99.0
895911c68d1a41f344eb97cbc3194d2c,99.0
2007223e672598a56eef0066fd02531c,99.0
d8625cba80cf33402e6f516637f5717e,99.0
1eff2b97ea85a4a43eb612a29a2c169f,99.0
5fdc897ca5f1dfbeecfb4f55ceccd011,99.0
62f3d61a58b432e64c4cc26e78685bae,99.0
432ac0d7623722c25bc867fcdde88e50,99.0
0dc19211283195b22b2c945bd5b0acd7,99.0
ae632365142083e22587dcd1553a1cdb,99.0
e1be54348f99cd564abe01493dbb0a69,99.0
140733e9ec44bed792bfa29d629c0367,99.0
77ef5c4759ca73c972dd784c5110def1,99.0
408594e77f2d525600de4c1fa6a1b4b5,99.0
72f1d0a4234a68ac84541e9c70bebde9,99.0
fc493cac52ff802f1a9331e05c493404,99.0
41f62aaf741486d48b7f7d054b6c1adf,99.0
fd1113e9d9cf81c3b1e1704b6ae6286b,99.0
8f308e7e5aead948f03f2a0454e2a50a,99.0
9a5933540f93a1f6293effde1e30f5b5,99.0
91df91f61d39461148a862af99f34ee5,99.0
ebab1fdb3a5047f2ea1a0886696fbeeb,99.0
20442b054a06b68bb23acd5fc74014bd,99.0
0a939b926ba6773c282fbce261082f9b,99.0
5bfd150544af5c2e3c71497022bd60ce,98.99
c557c88c4ec1f4c74389e95230d73f3e,98.99
9ee1247050410211261eb5f6b24257d5,98.99
a8e15f3b8994154da337b60eeda28eba,98.99
08a8854f4ff6d0a1211f34e75b14a42e,98.99
0a37c6a2240aa3a2dbe0bd0216e10243,98.99
77188a1f345ff96d99ab8fc8bdee03bc,98.99
89ff417fc7831dcf69332bb5945e5a83,98.99
62b1788eb836d7afcfc0c229b9a68887,98.99
e7b047f3e2c9bddb8f4dee625e0c0ce7,98.99
eaca42ceea47b823f2265aa4dd3b2a57,98.99
8fbb8d23c7ba8c4375e6eb948709754c,98.99
4fa12f3ae394aa81c4ac1faaa5a52276,98.99
3233824abac66b13902632706385b633,98.99
29439576f6804f546a9d1b4f749ded69,98.99
5cb839cc9f60f1a15c2cd80336f953fa,98.99
ed6759db821e3f3dfe3a15f3f516ca84,98.99
12cd97779bef91435975ccf9d4b3dea6,98.99
c2e5e2f8efd3c8ec18e0c21d845d3667,98.99
c08bcbf28cd7a7c95c95151a3ff141a4,98.99
17f213c0ec73d313a15ffd954cab9a5c,98.99
7b680958f51abe7d42751d02c4e7fc63,98.99
202234d67b3c6de086dee7ed4bf9c1ef,98.99
aa3f9206096ddfc4a5c41cdddb76f77b,98.99
dae4a42ae9564313cd02f47617dd9c25,98.99
6f5f6c8d2ef266f6e4f078f1d2fe5dfd,98.99
202a9225c9f2ef075e5813780113672d,98.99
f24242f44914c2af7b95dead241c4830,98.99
89740b265a19250949dea0e212b9c92e,98.99
dc828447e88442f86ee27cabb4d7aafc,98.99
b1d892aa7b187f3e981f1ee0f4799f59,98.99
29667dd522207b9db84b2ae8bccc0069,98.99
651a93e609de83580b7e073e997f7631,98.99
3a1a556195f1b6b85df1bf9aa4ba3d88,98.99
4cf07d342b8b351f1203c36146dd792f,98.99
fa7256ca985236e438321af2f1128658,98.99
d3d15f8ea937386cd303c296833ea313,98.99
58eef387307ca6f5acbe151dbd4d1b10,98.99
8a309deb4ab26233b41e32cf441781a8,98.99
872e8f8c0b4df3c1c97b0ce2fdd2d248,98.99
14e13233e812fef1af2d37af6c49a74e,98.99
d073b9710a594b0cbda0ec8fdfbf5d7a,98.99
f646e0b3a9bd8785aa85b0b2b0ed9b38,98.99
3298a35f24f353765e2570b3648550f4,98.99
6d44a24eacbfb20e36197b155875e09f,98.99
c690c7dda7366ab3855de3bd40381f19,98.99
eb69c7715d71346c7542c52b8ecb3923,98.99
2e77e20272624db559cd9aa75a4e13cc,98.99
f050387d54b69dd65c3ff25fb231c999,98.99
8a0e11cafc8b658d8568e4f1ec3ebf6c,98.99
6b50e8e8f944c111ed859a1df91e8138,98.99
be2d7e9ecae8f1917dca505e18bd27df,98.99
753d9b2beefa23a8a3546b9173b7e4c7,98.99
1aee0c71b6dc4f257027beeadecb892e,98.99
896fbb79da75a6bb466de84b5dcacc41,98.99
f7f5f8060a3c5cb40309f6ca8b9e008d,98.99
1b393c9084db305931984dec8e6d952f,98.99
e10cea5ba6297bd8736856b0ab6bde8b,98.97
e734e3c32bfec854538b74ae3d618a6d,98.97
e2f8991948307e6172c3c55e7d986d9c,98.97
e95ac603dd00da603acf38d05e55d781,98.97
46b9f480dd3a334d6482b9663c46ba71,98.97
136650e7d6ed0da6d222b83fb59144ad,98.97
e38d1d16f382a3c99f6da45b79418463,98.97
290f50187878d65a9f8bb34374afc31c,98.97
ba30b0a551ddef6057b752431dc4abeb,98.97
a9cade3439281b14f81dbaa4ea56242c,98.97
be6fd14065c4c866425ed5d68cd15730,98.97
75193d47d5ebcb53aa34ebf1956e2e61,98.97
d7ee3bfb60f039d94e21001ab6a9a7af,98.94
c8dcc1767867cf118c0aa5f86519d14e,98.9
2407f7da08e4ac6c1e2fbd698bba4d9c,98.9
09033cfedb9bab5c54a33f339fd94ad0,98.9
1658aca8e2203981e748c418abb17ec8,98.9
d09516047dc5fa84a13d5b3273c09a6c,98.9
dd39606c9f630c83664bda7996220c07,98.9
c043dc0a96a5b7025d902c6766d70aa1,98.9
2c2e166b40d0abeea975d9813bba3ffc,98.9
aadf17dc4ad865d7d15ef9ceecd4bbb8,98.9
265e3c18ceed2964038497b11ef3e4c7,98.9
f5f3d53331563428fe4ab339f29757d1,98.9
08f008821c233241d973e7307f036cb6,98.9
5d08033bbe18873d442b007496ec9774,98.9
ae073273f107a1dac78d8827d9a83c1a,98.9
1e55ff6f2dd9f787bb907ce309a58715,98.9
18845c3cb10fa908026d273708275723,98.9
4e48950dc929261767232307f8fb3306,98.9
f564a6977edca497bf999c9d025226df,98.9
8fed668b3ed411fb360e8763176b2da2,98.9
a35401291a0580dbcef88f14d8938900,98.9
6a3b51e0438c010467b78845a6ba7612,98.9
04b0bc5f7a9963bbca17c293037dbd2f,98.9
365667aa88f6a4dbf2b4fdf13b003d3b,98.9
5f12f95bc1755253989dd6dedd75b510,98.9
302025f399c7405c509a297b6b9a1e73,98.9
49919872da0015df0976c8783cc00cde,98.9
39b7aa490a7fe0a3b97c53221bcc7367,98.9
d65fb8db178f6bb3c8bcec231908b96e,98.9
f9fac5d83d911cc24a60b4f7a33433ec,98.9
ed18b557140ff674f36cbcf73921dbbe,98.9
b36a66381596ca6824c2ed8059e2a63c,98.9
613e5140d40c87bfd6d9f39f0892ea94,98.9
0ec0f812b0dbc104929395841ebecfc7,98.9
dc657a228881825237f4957775272d1a,98.9
91226d2e0845a09fdd86f955c3f32c88,98.9
94779b9caa445191a00444b6d61f257b,98.9
3b48ed68b4b102be66c2ad261f525d20,98.9
869e496dc7136ad068c0742cebe8ac46,98.9
834c193325b5706d645c66e34ef025c1,98.9
282074f150991eb0d22d13a6521d0ba2,98.9
4e99533d9f44d1f5a66cae1bb9e42ba4,98.9
4d7554a9ece8963a6e505c6bb9daf108,98.9
e8e49c9aa07ee125c68e2f6596840bd4,98.9
f4757f24b9f9a170299f8369b2468b38,98.9
9925762e9ebced24854c787ad2429492,98.9
1db1d512baa3377e9356150fb80eef98,98.9
ae33b3fd78146ded26175b92f8890b58,98.9
5f00dc1a9cc2562dacacea4e8cea2811,98.9
05fdaa94a8d41275bce5b1b1ab5a6733,98.9
a2fbca2d233e0e5cbcfe95e7545bc6ec,98.9
67a6887d8952c16de0e49e6ad2d6e2a4,98.9
b071dce336bf942fbd27a73e53dcad66,98.9
981cb320d6e0696b7ec07411513b18c2,98.9
95a614f4e894a20b406e2e5f866b8347,98.9
2b0a5b85deac8b6d317d15ac41b14734,98.9
0b9a25915090ecc0db112277977fc2cb,98.9
efd6d74f549dc540555631e0b36ce02e,98.9
af228f53b88e6a0fe167b55a8e6c8af2,98.9
7d99c524066bfef7bc42e78e16df00cc,98.9
5916dbb1df93e4c648fbf7a263e0ac94,98.9
7ecc1c199912aba27995891774aefda3,98.9
bb20a0776a1c66986ca5799dfb8735f6,98.9
c9c0ac0ede68e7a4b8819c0dbb72eaca,98.9
6388e7c216b24a512b375a525d7ff4b7,98.9
22a84c58ac535245cd55a66b9d982d05,98.9
90e8c848cdfd95e64ea46179d33443e4,98.9
92d816799e81ea5cdb034d077ddbab15,98.9
44dcf012f505f08758861bbe8348c0ab,98.9
6c36aec745bb066c2624b515689d9a76,98.9
bb6fbf6fc0129c677084ae0f9e41e356,98.9
b02d54a7514873cc4378045dcd7af30a,98.9
5cd1bd59727e5fcecfc26a1042008134,98.9
b24013868be3e363721503d466163c0d,98.9
1bc1f845d5ee3815133a247a80959a3f,98.9
3ff46fd67dbe9f158238070d47821cf4,98.9
bf5c3a54675e9a5b3dd58af952adeaff,98.9
23525e42bf556c4b729e86f16f5a011e,98.9
679f806bb713f4708899b805673758eb,98.9
6e6e5580d0964735e8d947787a009ab5,98.9
858b19e77f1119a522e8cae0f62b4a52,98.9
7ceadfd26cb54dc65928c90a81f0fce7,98.9
5e765dec5f63120d512eda39cba7574b,98.9
e18b6ff478167b0efc409e52d13e00b7,98.9
51eacbaffd2fa372bf9853dacf832c9d,98.9
39ec404a2e815f1d1a700c3df2aba180,98.9
e1dfaae415bf74e473403a8fd04ba7d1,98.9
e62524b785aae220dbeb9997d9e34312,98.9
46c3e824512d5824205d3414227f81b3,98.9
bd4afd3a9f1b50e574d0e5aac2f42d3b,98.9
b9623982c4bd3fe52dd641612848e535,98.9
2bbf2cd73c694493b5360050d798f5bb,98.9
601a560d4b23a44c2fa46d012210992e,98.9
8160d3ae86542d2fdab50e4268f6dfe3,98.9
e13dd5d554283954137c5d0e3b5de65e,98.9
428d7dfc5b5d5c2d8a28256d81d60932,98.9
7ffe655c7441ccad969a2cca863acafb,98.9
0cab59ec041d1c823de68602b879072a,98.9
d734d17e8f83265b2dd1054ca7990b57,98.9
f6a410defc688664c9817dbfa4017e8c,98.9
570c80022b8e52b1c9ff467a601f9358,98.9
4f7f62783e96305f1b820feec78c33d9,98.9
2ac15321c365353c71bb07e03d5978f1,98.9
5ef48a50490097673c18755851059261,98.9
5ec7c1a2756cc2e97c9635b15773511c,98.9
4b3d787a9e9869521189c533d2faa9cb,98.9
c5a4107bca600a202e2de778a540464a,98.89
d98480be80c2ee41a16df48653cb7d6a,98.89
a50e121890928010391cbc82c8b8e83b,98.89
45016dcb53fa07cb0c050dc78b2d6f51,98.81
dc65bea8cc50fddf15c1121ee9bd1666,98.81
204db45b1be689b09c9e5c3a705f0409,98.81
03472ebe287f85dc536f9de2241243cd,98.81
c9d88d6e1149572be3556d7b0024c654,98.8
743d5f9183ff8a1f2f80103605137dcb,98.8
275232a5e605bb6d1f97eb77679bfd0f,98.8
7e53efd6bbabc2530e543a555d20c8a1,98.8
365ed08446356b37760003aabd1c8166,98.8
cf21bb8a7e2d6feef9d4bc23da7d679b,98.8
80ad906b5e2e5d97b96c167d244e9e0d,98.8
5bfac31979b433764b7a939b6b46fdc6,98.8
b6b50cc057ac2920cd717ff1d6dd1fca,98.8
54b6f1f21ebb3358d8aff74164294c37,98.8
6cffa1011064035b56965e363955f701,98.8
46fa9624d8685c23181067afeb9d39f2,98.8
a2cc9f80829ee0d67d9767a999c9de40,98.79
71401d6f3ab1671cd5569779cdb9480d,98.79
4d1781c18c229f28b3279965b19e34d6,98.79
541fb20ed985a8eeeb7376e5301ef828,98.75
d1ee885105a18181bf52979a83068e2a,98.75
320567e24f1b4c7c15f405f9f4923715,98.72
ed39eb2a370095119f9e4bfa282c7f57,98.72
2747fdc95e12b07775c0cdee68fe538d,98.72
3d9185d4067959a7698dd058212314a1,98.7
d4f50b1276863410efabe595b9691bbb,98.7
c0d7ee1f8d98b1524b9f5ce264a5d3c1,98.7
dc6c6bacaee8aaf42d5ce696560033dd,98.7
2528510465c7572dedee4431a7d52e08,98.7
e8197f1806f51f75f725632fe03007fc,98.7
0206228d8670e47531b5d33d7b79b82d,98.7
548f3459f5efd20ef8bce6959a001175,98.7
6863efdb7b49c05aac8bf15b2fe41f70,98.7
ce9c84a5a9d089aee9b8fa2a5fe5bf77,98.7
693a95df361670ba4f1a2099c77e5f0e,98.7
d67b2814a012ad6435baab03fd78c52d,98.7
18a23b8649b823c105ec408fbb12c7d9,98.7
9c6016bbf8f57b1aae49ba49fa48d33c,98.7
482b479c313204de48a1ceb1c2f9bdd4,98.7
56cc362401f4a24b064c7156830bb758,98.7
fd6a4522daa083c5ecd8d3277e9752b4,98.67
6f62480457537c781eb271f9054890d1,98.67
1ff8a1ae692a49c3204aa327a2c9cc7f,98.67
f3639d5ac79b87a62d0e0829e46928c4,98.63
e8ab70fc0d2c473d43b64647d1d73414,98.63
d726d2482113e66adf5e9cb61b6b4a91,98.62
631197db2a25d8b37847b8c7e8c7a999,98.6
a0d14322c2c081915c5b59c56418469f,98.6
afa81f130be8a45995290f2bef7da15b,98.6
14f3b4b8a869b608eaf1e27b92210e6e,98.56
5d19714e81cbec2bfb9573edf9e1346c,98.5
218df111659cc390e2aac26fe50dc702,98.49
7cd727f4c16ab0b4ba4cfd760cee2316,98.48
633429bf89b9c39b4269ebe8936f16e7,98.44
e489365859cd08d9e3b411534e1e3df4,98.44
d59f49a089c44f53e700fbd0e951bc1c,98.44
5b833faa46296c2d28673200449b0d0b,98.44
0b516b1985a3c37fc5b3e2d513d3f688,98.44
0a99769a832fecc64920faf892ed1be5,98.44
75453526d14f384f99db4628f4b0cd33,98.44
b867c3da44a39181b0c4a1ef9c644673,98.44
105f5188a142d32dcfe97650f8e114f4,98.44
2634cfa17e633c8f78dbe962e5654652,98.44
5286e92641536e814f85f6f5f45e9d2b,98.44
e34e611ede97bd86382632d4ef71f31f,98.44
f018b0b1208c22cf006962995d3caca8,98.44
11d81028de401df36d24cd769fa0aef3,98.44
332df68ccac2f2f7d9e11299188f8bce,98.44
1b6cec570b25e346e862d1e30a8d652d,98.44
504d0f9e21cb1577eea28f19076379cb,98.4
968171cecd496663fe1be63fabd91562,98.4
b211cd56ba82a551739992c41f858f1b,98.4
258b9a99a288554151e05a60c0c09670,98.33
86036e031e6a27824b98ae995119bea3,98.32
261b803faffa79451a72e2e7967a4a1b,98.3
439272beaa5c881ca48058d7c72109b8,98.3
03bc4c1c174bdbd205c9e537437d3c02,98.3
46d8521966b3f64cce626dfc6b655d1a,98.2
7f16d43cea70ede77ed426833543f3d6,98.0
a539d577f8423edaed4834095468f154,98.0
970922c6488462df7d8b02576a219263,98.0
0a88dbb52560ef62331305c8c92488b8,98.0
809aa5fbcb85cdb0111071083767c662,98.0
b23e3f110598a3783b8bf7cf6e342d31,98.0
0bc0850d0f0f4d17c5faac1f564e2a7c,98.0
7711cf624183d843aafe81855097bc37,98.0
4e9cb4e5f4db18cf45e19c7a20951349,98.0
887e8328775b187e3a8863ecba16f06e,98.0
aad1444f5011eff5c501ed9598fb5265,98.0
67e656bad90cf1cff3eb60db78ba3da6,98.0
8c0993c9db15910b863ce755731f3b6f,98.0
67f2cb51ce2f2e03409b212892cfadb7,98.0
984a20b3e1900cbd89037ae41956aff2,98.0
c8d8a6d906f9007f70b24c16e2e9d378,98.0
91e482f8c3164d3ccca546c08023e115,98.0
d73e78a0ebcdac80f93f4b9726c6090a,98.0
f95fb411cd509902774af543e8d0caf1,98.0
1636332b9a64a599200ece387bfb69ad,98.0
d6584c0010456a8b5032992b53d0a2cf,98.0
05f0ba650e96816117cc49d9194cf3f5,98.0
5d990cc9859982a2e6fd7e0da5c1134e,98.0
5d0267f4f13e64f0c7f34022277bc84b,98.0
99066eef70c41483ce836d19832c5a00,98.0
43688fad66340b74b9c7426fe3a4aba9,98.0
3e3c5aadb40efe1d4eecdb8cf37c340f,98.0
54b0fea1be2a733ad963bf38d6198aa9,98.0
9fbe3fb7115be42fe9153ec901bb6386,98.0
9156ed230c7216ef5f4eed2b0fae39ee,98.0
951cca7b29b84f6f11fa7856a19544ed,98.0
a8950672a28d9b167bae1f274ce5b7d2,98.0
369af2b60d3095c829821e004f220578,98.0
456357e2997d47334ff9607ecdf438e4,98.0
34a4d97b83f57da56a9bd770932ae017,98.0
731330fb63d7ccdebeb8f36bc312c031,98.0
75c7f286ce3498129e5b1cda16ec5cfe,98.0
f25a63047e9c81999345623a11e9c090,98.0
eb31f299c1cf5985343718bad2277eff,98.0
3c38c986290171c64d66277d6fbb6be4,98.0
5cc7fa8a319ba6b10b41096f5f45a6e3,98.0
bb24d17eeb70555031e8a703ca441320,98.0
f31ab086c3d9d2f24bfbc27e6a7dc672,98.0
873052c581bb137118206c234627284e,98.0
89aac25164a5f84e4302a43721d0dfd9,98.0
08ef3c3458f9ebc1b7cda8fc71592a8c,98.0
f616e57c95fb82067f537e274789919b,98.0
ceb3ed4e8ea33e599750c82eb23e50a1,98.0
5e80a3343a853add61ea8d1c192cbfed,98.0
681a1b18b795db24cb60bdd5c03d31b3,98.0
272a66e5c06a785604f496b1d4bb8aee,98.0
a633db940f16194ccad9feb7a574cf19,98.0
e674bf9e1fd5863bbb4c72f95fdba39f,98.0
95c1dc49c01816d23f08c0aa2a89f85b,98.0
a2a5465995a3a887603b8394b7dc69b5,98.0
f67cd1a215aae2a1074638bbd35a223a,98.0
320b142aa54f0dff7195429d1f971540,98.0
a3b5fd61a4f17f0246244a3b6f336e02,98.0
7d064377b2c76729a248556076be56a1,98.0
a6a945490e87ec92deae6659a4ebc73b,98.0
d968e5c03602c9ba9201038339872902,98.0
ab5435d7f1635a9eb10cd11e46e488f1,98.0
a0778b853584b734d017247ce2e34ffa,98.0
1f354267f54a1ee829ee41e7e8c9bdf4,98.0
f6833ccf30c2be3236ddb14118c44f5f,98.0
213954f035bc62d583b9e11ee09af81e,98.0
ea3742e869d611ce91ce6cdc43bea07b,98.0
1ff3a6c7d14e5d9f6ccc18b1f62a9668,98.0
739eb599dee869ac6f617b28e59909d8,98.0
a37d16a945757e5fe3d11fba1fed79f9,98.0
93a76cec9665317ca677f7800987b681,98.0
3c664b374699a72e45de3edd4adfd360,98.0
f9a6eae78eee9737f197727641c75f44,98.0
d2c8a6a2fb3c618a57c3ab9c01d343d1,98.0
b7cbef9a346d7be216c7e57369eea78a,98.0
2b9bd261eabeaf1563fa5b33e1a15174,98.0
93981a3a039274f7c0f9dfaa22318d78,98.0
e3927d011a411c732fa0a9037ceb8737,98.0
456e88746e116393262f6be40a43224f,98.0
7a8238a4fd6dc6bdaf627a14c3042dba,98.0
f07b68206c2986c757bbd4cf41705f1b,98.0
a69ec5f1dbf0907aecdb6eb748f70036,98.0
51b4fb94719b87aea1f164b9640212da,98.0
62fdaf2211b823f8c457e4cf68a96ab9,98.0
be279ff076ad2fa8bda5c64b5e778c97,98.0
fb413491947c3cdaa43ee5a05f1074fb,98.0
7745cf61130162f1639e8aca053a5655,98.0
da76db45bad3e7725c88825007a1f3b0,98.0
569074f2521cdbba257e9fae5d95d75b,98.0
3fcc626dafbe7670a20531c1fa8eb3ef,98.0
a382d42829c2c119982c1eb049e6a8bf,98.0
a26836b9cfc40d714e38cff84bf5381f,98.0
2374b79f980310c0de32c4d0bbca4150,98.0
17298835e7756f3763fac2562d2adf33,98.0
0b425602b5219a3697993d0d8595e414,98.0
85074ebbf507a1d5e46df973cc4c05a2,98.0
76c6370ab8b030109448c39db2b9e08c,98.0
1ccbd390e07c1663dccd2b14c9b03fe5,98.0
43405cf6cb7dbd41afb6a0388d778002,98.0
c025200e87520a89f95e5520045a8b5c,98.0
a9e25261c12f314cfec578dfe2e5407c,98.0
fb58bd5a632aaeafc101c68c4cd5ff7f,98.0
73525342ac09c029b29da85b83796bd7,98.0
d241d89dc876ac8450f20fa9824eb416,98.0
90606a62c8ce84d7f091ae1fb90c595a,98.0
f41bb7eb1aa215a93ebbdc0bce5ee717,98.0
3516fe1f76836656ef2b0606179ad3ce,98.0
14e3d8019a9d9d2dbb8cade45a30ed97,98.0
ee33563aa0224664c80c9322ffa26968,98.0
d6e5282ef68aa9ed7c6d9f38731872ff,98.0
68f99cdb70a1deda1e1e9b2c4f591987,98.0
14b0912a842b58de740de4a7b5ec8e1d,98.0
b2f930a6508108d4a877ceb27a66ff77,98.0
bcfe21a120bbae5d45cf229b1329b5ec,98.0
59cd85e2ee958a5bec765f2f07861395,98.0
c28f25ff63f6e64318f04142b8220093,98.0
11a216d3670865418a5b3a1e66ef30d9,98.0
f7f184063ab8cc7efdc45ed1ad02cf70,98.0
8c591cc5614f1f31c28256ccdd155d44,98.0
5c249c721eea202f6130a24ede66ebe7,98.0
def29eac0753a10aa156ff1c3ac96575,98.0
a128541cb76a69397001530fc8eae67f,98.0
826b3d6dca34095b2a33738fee76bf21,98.0
d49cbdbee1c22fbbc2ac603f3c4f17fb,98.0
15f8356eda69cc714ad4bf6eced42fad,98.0
bb465058eeef2697a5f4a9534e3750e6,98.0
949aca9096947f634b8f38889799daf9,98.0
05d0697ee7803f15ca4d3a5005551d06,98.0
d4e5ff3c9dd6fa19f954c3a2f34e8704,98.0
4fc3b1a5f61e6ac0d356d91a9dc1d434,98.0
3f7c3edf69a273ced1ea2dd193cbb7dd,98.0
3c051a9dc07e854fb5fb5aeb7b8575f0,98.0
b49bca9a4fca7f417da7a01e96f21295,98.0
d7c7adec9a1f73c44354049cc01c93e6,98.0
a52c5345047bdc96320561af39f668ad,98.0
a3aa6ae41b113ea75c5ae9bd182671ab,98.0
5435eb14eff6770bf45a7fcecc5c8566,98.0
422913da7b656e89449fcd22b0f825b5,98.0
756678a6b6b90b059144bdfa80f4a786,98.0
e1128b4c9ad263d6d9e6224ce32ce2ff,98.0
696ac35ae072343c061fe625f63ff5d3,98.0
3799b47e65ccc4c1e46c70278f711345,98.0
3f4fc8799a67c8500c491d9822e365fb,98.0
a5f1810d806f61c3f5c8df1162d2a3e3,98.0
0b8f3578fcafc95887db21db6e68a9f1,98.0
e2a164a42f91a5ade4e93c5f07a87987,98.0
b31c763b3d3b41630c903bc99fbca4fc,98.0
492ed17eccb0e4776b3654a1b7336175,98.0
c80a28aee3a9a5f9b0df6a7ea442c385,98.0
382052b8a8ad938d68c48bf1685b9d67,98.0
02d90fa9d123cbc2535acd3871b10acb,98.0
55b0a777baab080147369bfa492dbaf6,98.0
a2f4e4ebbe49edc1c3e350fabf9bc4f2,98.0
5d2fe2b9a5f9cdb004efc538341af56b,98.0
79de9d85491851885fea90dd77892073,98.0
01a666b8081772ddb748b5aaf9dc8bea,98.0
2896914daa531536d8c68d2d9bf15198,98.0
f102a085bf4cd6f830b46066fb3f5e30,98.0
dcd3d418bc3f3a6b9617ef14ddbde12c,98.0
e0dd320157a7f8f023cdf6a7b7eeed8e,98.0
ff774d667d8f3f8fe0bdd578e8d0a85f,98.0
934193e1fd8122b3380fe12dd0807ad7,98.0
d38c046c870e2b8c4ef837d1579276ce,98.0
88dc5c43f74b840f951227bbdbeb1d8a,98.0
69cd54f7f6f6d66a47adf923bfd0682b,98.0
e9b844813a7b73ca203d03630ac40a21,98.0
87eafdd6652dcec2a357beb6263c11bd,98.0
52586a86015b83c57d03c1ce23f96192,98.0
46cd40cdb8086e4507d4649843ceb79c,98.0
3d798802212f9299b50786d192429d44,98.0
ddc1ce8e98661b093c07a4ce91290c9f,98.0
7f516f7fe2d742fb94e464229c864cc2,98.0
87852505ac66e288f4d4cd20c1a4ecf7,98.0
c1cd6c7fef540804e13d14089d18c0a2,98.0
d081610250e278e9e49c0f26ed0a0947,98.0
378ecea65f92a1ec086b469d9d0e20c1,98.0
7f85abb2fd74817e5580b4405ef2bb08,98.0
44f7c335ef13543f17246fb1010edecd,98.0
17fa34113bb7197374bed266c6b35c05,98.0
2e987291c3fad1c8a06a9a93bcc3e03d,98.0
b04c9008a1e2d07f98f682eddae9afd7,98.0
da80034e1558c53729291348af036338,98.0
f3378abf11c5e60a9d1a6aacd6504ae7,98.0
5cdc529a6c5a4e1608532af45ebced43,98.0
0c494e7b47af78f1d766a4f5548f0c08,98.0
86908d3b15e2dbbba49129132772b62c,98.0
05e93cca1c74e73874334c765fddaacb,98.0
d5d4cab5f11cc0e7d3c3882091d815c7,98.0
fb7edc27ffa937fbe3721f0ecfb7c464,98.0
e1c409b2499704247a1dbb5b7f96d78f,98.0
7f9a771719afa6802825b9f0793d980f,98.0
f378db927bde450be949d83d9ad0b751,98.0
31798549a2bd00104ac9b9dbe884b455,98.0
a22fed3b48d1b9776ab55ff6e305a637,98.0
279a782ead71289aea6b062e56a21aec,98.0
4c8ee552a26c7dbd43ed4361c4c8df0d,98.0
b4fe49de4099d1696f0d7d6d00abda0f,98.0
b655e5fd84f933787506b58d4060458c,98.0
ae4776734a6c3d0a014d64732168ade4,98.0
f009845070b2e65bb051193322a10965,98.0
43bd79aef01361fa6eae728bf2919215,98.0
73f0cc708f1defa0fe32569a96aa278c,98.0
837a022a0ff4fc2ccb82a5ab089a4c03,98.0
b259a18f491514438ba620caf0bc2c38,98.0
858992797280bee2dada134ca5669097,98.0
639b4be4445fb77ca44168e45ff2c188,98.0
66d663da211c0f3d4079b5df06669d36,98.0
476d38de4beb6fa4eb5790c87aebcde3,98.0
4298b27e7fb16fb2538ed0327176fa32,98.0
e0133a5e6d476583f3ae4617106c376c,98.0
bca042dd52272f582872f0ab66cf2afc,98.0
796a96842a5cc545311f8736eb0f0ad9,98.0
6d6ef306307d9bf778b4315539f4ba19,98.0
af63175339503f8622ed95df42b0228b,98.0
3d568a09b7dd9de340acc65db8411388,98.0
1e47adc3adf1d905c6db3afb5592a8f8,98.0
b9223d6492555dae908f216435580a9e,98.0
1373bf3289262687cf4e388a8318d8d5,98.0
6dc95df834f2d7815109d4fe874ca6eb,97.99
befd7bd9c4690e11b74181093f0b8e50,97.99
0eb34c347c6e0b9b96ec7360e1b0acf7,97.99
c1f352ccd2d031ce7548940f091677bb,97.99
bfd642434ce162e150ee0ffe83971f9c,97.99
d8ed94ebf199911163993a13b3a34ab0,97.99
6fec7996bbc8eeb913f3b92a79fd33f8,97.99
e4041e33b658e847dc2627705fb128ec,97.99
c9fe1c67c4d2d851dd6d1a81751636a2,97.99
d09bf8b36178cf14a41da572dfe0b8a6,97.99
8e791f9f55fe93044d73c6d79b1cce11,97.99
e7a6d5ec5bf53d5a915f9a24c0ec7ebb,97.99
ea1875bf521c8ae175fbf16abd1298dc,97.99
aadd0bcb192e7beb0eba93b2adc144d3,97.99
ac4803ab1d19fb7799da3fb6f333d4c7,97.99
67ca8a588d64d60990648ca5e2e61c73,97.99
964b34423c822e9bd9831635ccc83db2,97.98
06ca4d6c6e5ed80da33fd58e240fb4a0,97.98
02d6d55e8f7b1d7bb212ea9363d51569,97.98
737a7651cb45d8669d7b056c7c0f9444,97.98
f500dd184defa958680246d01f502e13,97.98
7cfa3cb5ae1ae9ae5ffcc1904141b47e,97.98
ad7444d174fcfbc99c827d57b8d85fa8,97.95
fd492015a21c195587e9c376cb9e9429,97.9
16775472feb645411aba12f5e7a68b38,97.9
7303cd164266e5bbf1368b21cd4e79ed,97.9
b2ae80ffbea40a9641c1a368a6883841,97.9
a71f65149295549d85fe86597d5bf59c,97.9
5f5807b2902d221edab3af4b1268ab00,97.9
7a4bda17979cda408ede421d6f9e5337,97.9
1f2fc9a5e5b79afd37cab0a1458277c2,97.9
2118fc52c8116d7f5a78b433f7bce745,97.9
affbf9d0ff0808dc14ffebc55c1b1a94,97.9
048383af1eb5828a942dd65d7d43ff6c,97.9
3c8f17b0e8d76f1b20bfe61915bd53ed,97.9
f5f7d3770d19c8d145d6b3d11b49a001,97.9
a9ece8c6777d0483382fac50f6f5ad38,97.9
24bf43e2cae828813f9abb15f060174e,97.9
567d514f1a88c65ff485aad94cc1ca56,97.9
4d042e4dc301e869d325e4dd227beafb,97.9
b3792fdf98c0b1beb9a20639840d24cd,97.9
ec9941bfae382794f75c237d60273a42,97.9
dab909a0d3e409f1bc3bfaba39d56340,97.9
8eeafc4a2696a4673ec4e0dbdaee54d1,97.9
7c48f7c0d3dc263cb9c47536730b1b7c,97.9
dbb71dc9efb3e86f11b03e57afea00b8,97.9
08972c9a494a9ed1a7a73df4d0bc5b58,97.9
053050ee241c66cf7b2c7d91926547bc,97.9
b366c01a52e0ec8ad29f7e9411371ad8,97.9
8a0c8a9b5f063ebffac115532c94cf1c,97.9
14532f1320645821a6da04e049dc6b53,97.9
f68313aa890cb1f32ea402439c6f1c4d,97.9
8e9d6975c2eed815dcddf57645e28c18,97.9
8c6d3fcd7164c66c11e742d3799118bf,97.9
e25a3aee6d27f36054035c028d016e91,97.9
f66c6c329416cc3e040dc0473cdb72a6,97.9
70c4a16db23d6dd87b8de903e4f6b389,97.9
774a3f0f568b720be35c8a92db1a5aa6,97.9
18dbb42d3322bd536fae68ae41640e0e,97.9
96dc376e920227bd4fa8e2c8031dce1b,97.9
a519a6ad29df59c413677e7415c98290,97.9
4f3c41c86d3911a51879acf4fdacee74,97.9
d9ecff4f4363cdedd69de972b3f926ef,97.9
79824f9b32c6fee859ff6da207934602,97.9
3a20ca43c1d668ed330330e1e84af91c,97.9
2e581e2fd057f25288a90c99d06ca1bb,97.9
ab6de5519f65c4dd2757858039d7748d,97.9
2fa7b0fe956bffb7394467ca776543f2,97.9
5fcd01aff39a8f9922b7026f8ac46b55,97.9
d3d7b1d2f4b9cf8721881aa0476a9e3b,97.9
d070c87ab93dcb76d18b098b81db5889,97.9
e5a66e97402372af6d227dd7b60f97a0,97.9
0a3459f8f647c54834ba504e02519cbf,97.9
87a86ea726adb5f9d23bf68e0b962c3e,97.9
1bd85c9d65bc738698fef11a58127278,97.9
6ac009da0231e1256348748cf0b68003,97.9
eaa2a67b296ee18d6f41acd4b01bcd45,97.9
97a2a07a99382bbf7e4242fb9282c7c3,97.9
ca03c5f7316bf1323ea039523cc0037d,97.9
b262f00d6317f498f4a4e97a97211e5d,97.9
913f7366a195d993874a912b9aa78eae,97.9
a2e2d94675768728d29f95b2663f6a6f,97.9
1375bdab8fea25e742665665cb71742a,97.9
6719f20371d31cb16a4b76b7e2d1cfe3,97.9
ee766a73c369b2e79200cfc2441c1292,97.9
1cbd28e5d5fca550ec55a287e7ea2f96,97.9
1ed0b85dac00765f5ada1d0b4d672f4a,97.9
3d912a1278304423ac4bf9805123825e,97.9
bfd798b55813a211343f1612ecc25b17,97.9
165fd0e9f08674d04684807264f3d58f,97.9
8dc46ae5a9fcc44189e417a5357b6bf8,97.9
d500c6adddbf36b09f269947a7b32a4d,97.9
6e3adf567210b700ceb44c9c59562751,97.9
1cf5ef75dd5d6d44eaabdd942a78978f,97.9
472beb48321dbb71c4b3c1667a285ea7,97.9
5cc63059ba2d74d18396284cbef18014,97.9
b1ee4fbe44dc61d64d62717783b66164,97.9
aec43290803fc74ac83844dd7d6005e6,97.9
05b061099c358258e9ab7344cbb3a749,97.9
c36cef102538362b68821fc650961cd4,97.9
53c756c5593a91a5f091245c9248ba8e,97.9
9dc4cf072184adc87274ccd4811b508a,97.9
925f16639a7b83b8a7e533ee54061f2c,97.9
10a91148fa13611b75851e906551f77b,97.9
e024c1515b1062b1e7e613f840c35ba3,97.9
3dbe6001de7536eba33cf52dd52f8baa,97.9
571f9e60ad9942db4d49ea1a37343445,97.9
5679bf4d0900a0e28ce699536c8c3e43,97.9
7454f64a4378ab4a3aacafdef6a1feeb,97.9
006ba1709128094a7047a4fa349f9bc8,97.9
d31954b2b197f356ff150102558df16b,97.9
f22b3775609919bd63f913708763a621,97.9
f5ac2e5720e20d222f1cfc513670b40f,97.9
25c12681274a662fb98ea0eeef8405c2,97.89
b3ab3d70a498cea9282b87bc2fdf4c00,97.89
6d334aaab9f45b27efe602b61679ffda,97.88
7e69a78d736e406a05871ede7ec377d5,97.8
5edca9a028788c636ba7e0cd425ddbab,97.8
b44d6441a07845ea9e5f870f7609f724,97.8
4511d912cee18b90baab41f94f418b8e,97.8
0a312ef8311e4d1c2a9855f3b192878d,97.8
fa59e6fa00387c862015f023358f6c6d,97.8
e8e910c6bf2020933d9ab5e394fd3954,97.8
8e79a7fcab919d35511f0c0fa5de5097,97.8
5aba5cd911ef3113db47dc00f259399e,97.8
f83ebf1a13178e0c7c5c6cee2f411dce,97.8
48c392168cb9a99a2d448c67606f1b78,97.79
b0a977a4cb540b662f7995ae3a799fdf,97.79
c1999ef8b7b49e8bdc4fe68988e1dab0,97.79
cf5b89fd10a74e325c93aa41bed3bd57,97.79
97170ff49eb12980f83d493178bc8e66,97.78
930bad6ba843cfae6c6f9ec4d673f276,97.77
222d19075d00a1a10d67f05e0d4f8c52,97.77
4f1212f002575430394a22e55bfa4ce9,97.77
af046fdbbda4a307d96801ebe61482c4,97.77
9b11cdf7ed97f8277b5c067210c0b472,97.77
a226db4721e81e964df0fd08d7978181,97.77
839490da81c03456fbeec08f5451522d,97.77
38073e90f1d3c50d9026b9dbda5f9352,97.77
94f306aa0409590067dd3c13fb2cfb4d,97.74
4d6427b10700b00dbebc5643bb630631,97.69
d7f3f624e97e6b8498210e38c1feb723,97.65
28c857caf2f37bb8751725b85dac2481,97.65
dd19811f111cf44a0e3d97b617373301,97.65
f2f42d03fbe5b55d80ad510da9a19de1,97.65
5e2d22e7df33e1938e816e8f7cae6e8d,97.65
9af88c5c4913d8884c55c1b4c31cd843,97.65
7fc9c2205e1c413236bd7c1e4fb0f53f,97.65
22b1ad8cd3406eff0192a04e1dc04e03,97.65
788bac7c5c5f205ccd71fcc1033cc29f,97.65
a65d03fd558a48255ecc19c22141edaa,97.65
cee11660eb771d4df1804dbfe426dbfe,97.65
bbf3c2d882c9c723d05d821e30e4e2a2,97.6
443fb38bef9cd479ea0f132d98d6713e,97.6
44a0d7ad2e2ae7517322fcfb0f51ae48,97.6
273bc1dc67aa458215ef8bb8f9dbaf55,97.59
7fc1aee92f41c50a308472ea5053eb53,97.56
5baeeac9513c0478f71f435889656e69,97.52
99dbdde50aa099bb65865d1d444bea15,97.5
7166393c56bbf109b79189e2facb6d55,97.5
1ad59cfff88d9a65f56e359d53cef06a,97.5
35dc5016674d49923c0e9028d82e9d7f,97.5
02a0087b3657817949973dc48134dece,97.5
d57500bee542441e296bd152fc8773cf,97.5
a3b59440d5de8981d49606ac1bc8a89c,97.5
499813b6e2b1ab4e68e9530231b076cc,97.5
80592dbf71be01f4059123025479d07d,97.5
f7692196c74198c07989ffaed4402a68,97.5
975b4155ac0320833dc30e150b1d5ce0,97.5
8e859deccb1b9270f7875a03b5fdb541,97.5
477b3eafd427bc07ce0ab9ddc85bc89c,97.5
36899cc7265e3e18e35450c195790ea4,97.5
9563f0aff8ddc568e70a2814455598c6,97.5
d86328d99f1c51c918adbeaba9edd1cb,97.5
aeaeb880137135bdc093ec402acea9c0,97.5
19eb2ff94ef3470db204adaae3d6cd99,97.5
50522881b20600ac15e2c5d82e1bdcf8,97.5
7414f2b75d82b48bc9e568503de1021d,97.5
7b6f6703d25c976076e04f14ea3f22a2,97.49
dd1638563063c8bdf31cdd3cbd9e162c,97.49
355248ba118c86731d82f41ffff42725,97.49
953e37bf294c1677cd81c99facde44f0,97.49
2799559b8170172643a117e4d2923125,97.49
6c11f829f63b1bf47ad07aae66f314d8,97.49
e4ee810bc2b3c953b3a94186d5709182,97.49
cfbef476e3977219a4db308d8decc763,97.49
2be25d8d8bfb9d5cc6690cd241c7dab1,97.49
43cd53f27b1d6116fd34916977e07c48,97.49
364494c896e14af987f4ace014b15533,97.49
f41316561f7e7cb63af5bb95ad9b4b26,97.49
059a6bcd8055546a0aa2330dd63d972d,97.49
6f4511798549eb82e7ced95ae05a73c7,97.49
a4413edae691fd0d28bd04b8a38b259d,97.47
9f58c564d66cb668a955aadb89ef6580,97.47
b7d128f4be4acdb1542687fe78eebbbe,97.47
37ff611a66e811a6732203b3d2b38ad5,97.47
24837e3e2c1cf723f71edc1a281e7bf2,97.47
d3577e370718fc67f3a08197db533c12,97.47
b0103288d3ba083d3c76003e1c164b86,97.45
3531374f19bb8c7b141d63401042cbe2,97.44
c18b64a465c9f5309872862fe7e84ca6,97.4
6986d823ec7bf5f71f3ea0cb2d60eaa9,97.4
8510c34c43e454d2c8025d92613821e9,97.4
d68f1a91d75b0f64bbba94060bc54bdb,97.34
ba58047d3124fa183ce64088402c6f3c,97.32
56327d59c871dd2d1ccfafbc6db5d6ef,97.3
40505ab5febdc43bc69fb4a59600923e,97.29
72bb4b179b30a3befe3eb909174f2bce,97.2
008943f202ed451804dfc1c23248eeb0,97.2
36f11bc2f238337dd8856c7b60603e2e,97.15
8e66c07dec133ee37abc193e8c8fd088,97.1
f6b2c83ea477af36f44a1e2df7320036,97.1
dd9e6825c25b74726720391d01006dfc,97.07
4a016c3ecc920db586be088aeea03714,97.07
3695710584daf1fc82ae88317e1649e8,97.07
97ca397101025587ac98da9417dcfa72,97.06
1a6621ac56bb4674312d97846fcc7dfd,97.05
7f194dac460c33b8e5b69366f13b0d42,97.0
9b81e78ece4755a8554bda67601746ac,97.0
b45089bab74f82570b6e4b765a86aea5,97.0
49e5a3194d78f1db36db7ad6a2dfcf76,97.0
1f1bbaae6c594001f1baac4d5823a4b9,97.0
9b684ecb3042a93d9476416aa979f289,97.0
2c9f92e1d9657eb346ec0688113e556f,97.0
0166c4ebd26a021fe864a0b91761f50f,97.0
3a70c3662e08337525423b5fead248a6,97.0
f4f5618d81049a33d2c1bf38d24ea5ea,97.0
41e5e8ebaf5c8d1409814afd4174567d,97.0
30ba20c34cecd817b4390cfcbb66f0d3,97.0
bd6e32e47b687f2658c4031ed5acd118,97.0
9af11477b7e25648e3f0b63cacb6046b,97.0
87722cfd2b0a53af8fdfee69e8c7feac,97.0
1651d9c8b1860f3af49d1a908b8b47c2,97.0
3a74bb190e1cae0a43c2d2ed531b5682,97.0
0739e05c71a6246747cddc1af25fcce8,97.0
bcf9a8df4d68e15e629cbfb6d57458ac,97.0
2e0ef40f86d552caaeda3b3b33e9572a,97.0
69b4b187cdc035cfa618ffb2649c4260,97.0
cc7e12aed3bd2a272471c6060f80f543,97.0
963862856dd9803bf29fa9b5e8e1bdf7,97.0
1e9cb4f102332a9b99dc7d29d51c1962,97.0
23a2f28693795176def2172543a4dcaa,97.0
59b7594e814e06b262b29d914b75684f,97.0
ff6b440b2465bfaef05c675efb48cd15,97.0
0493e61ff10b220ec4799578e4cb7e96,97.0
892863ebaf42fbf7dfe545a8ccc6d6c5,97.0
b8547f5a50aacb21a829f9096960afb3,97.0
c49ddc57f4de85a5c7694bf37f9b525d,97.0
cd7f52e725467143b7ed30100a8bd63e,97.0
885dc8729f40ef52d15c2bad5121f7f3,97.0
6b75995c62a24fe0ecf2ba831c454632,97.0
d339519755a16bc40e45c2491af7b918,97.0
9602f15c5b6b91e4332690c88fc5ea58,97.0
6e65cc8b1e891b75f2fdbf78446f4711,97.0
11e9a91d1c890094c148f7ed75642135,97.0
78d5ad706a6e40c95e76d3b8a05d7b44,97.0
c0ae42d2483c6e45c787412fcf10388b,97.0
0b70134d7e2d9773897833e933c6ec5b,97.0
b9da6623473d64470e9f4bf9f600cd25,97.0
9992dd6e05230ed6258a1e7fd24d34dc,97.0
6441eb0c7137d32b8796372cda922818,97.0
91ab1bd74f89f434cbec29de5cb04181,97.0
8e37355e9bb38531c7c64f24c9134fbb,97.0
d1d4697472a54768704161ab0d713a1f,97.0
d0fbdcf740e3fed9ef3386ba948f0a1d,97.0
7b913a2d826245167f82b67681578ce2,97.0
5fa1b89cae3baa0acf6ae160651b7876,97.0
a7ec6db9038cc1585dd5851ac3e1f7b1,96.99
8c1bad84558341cde17c31a0fa68c46a,96.99
26355ea90aab63ebf5e90caa825a943d,96.99
1c244737574dde88c13a85c04017d496,96.99
b05b7ec51cef24539548ef473cac2f56,96.99
06d338952a08988a496796c25a61d12d,96.99
67f3258da9e5f76c4d43570ec14fc783,96.99
891adb1fb4da5da2b8b8c367bf9801d1,96.99
0ef6c3eb9b6225c4e6e938b4d1016713,96.99
dcea546715db4488cff53eb2d6dc7dc2,96.99
83995b06f96e8a3f6dc6711cfd0c261a,96.99
35b58a7a83b62db8460d169eb633c1dd,96.99
e6be74a356390d0ab7af33d0575552f5,96.99
e170101aeccc12fbedeca8629826ead0,96.99
2fef27fa210e5425b6cb88ffd77eb3b6,96.99
862d78ca89647c96068b98673b2de19d,96.99
696701728a4e18b1373bce09400fa4b5,96.98
e793c8553a6ab762573c4236c49d3eed,96.97
1fabee44ed07815c74f684fe4826c686,96.95
10d74e1a3adaeada0d8da4a2b2891cc3,96.91
379a02efdc6a56bd27f99b95fc2f6c06,96.9
05b050b67d4c33acf2ee9cc81e85ecff,96.9
8228970427bdddfa151f173ad4c9884b,96.9
e2b5aaefe3f4020eb916560800ea9823,96.9
4491394c47b830b8d4c14645d4c55344,96.9
f0a51de81b61dee051392841bca48828,96.9
9223f91f9d02d1ec93b349431aa372fe,96.9
2493e5de8825ebc4c303f4298f97ce1f,96.9
88312bc5fe4c1c594abf422b854b6677,96.9
1f68ee73eef4d1f5d6f533099725036d,96.9
4e9bba67e9b0526746181c622d619f89,96.9
53d5e3e5a2eb022edd3570dde355947b,96.9
7c34219589e3983d508d3e782f0c18ff,96.9
55b0fd9cdf955584decbf774489ef0be,96.9
e0b7c97d75cf1fe355964ae5820b1b11,96.9
9aacda4060fd4835ee6541958cb9a1f7,96.9
ec201fc4260520724e8ed826a03bfbf9,96.9
16dfcc3ba48551e3c242d53438e7ae28,96.9
154930c28c2d109634219d99db20c23b,96.9
fed0ff024b3a8669c894875e9bbf96d4,96.8
e414cf673d7803bcddf9263feed7c535,96.8
da6bee092c65d53d6a2a8a3b51d6cfd4,96.8
40066988850bb19638f8c63a787a21d2,96.8
76ffdd319555663e8a28ed983516ca28,96.8
a87399449477ec0d8884f0d575db8c44,96.8
bc34e7d3f5c7efe151681204a0057b7c,96.8
017b60010b64f28dcc98161205bbf51e,96.8
a1882adbacee1e44d96f0635e70d7b2a,96.8
a64f98b1b0d8e2ca4cba10a0a2adb3c8,96.8
baeea62e4d99ffdfb06f365b417d4060,96.8
df2bae9cf7a0caac49c44889325bb29c,96.8
3a06200fd3d32a1e27587352f34c37d9,96.8
d3e29a43c924fd6064e10fe50ebc8925,96.8
185086f7b5b98370b0d12e2100a69e08,96.79
4b732ba2cf096d518f1ed2bea340d6e3,96.6
d3488e0fe542621a715eb2b6a4f203ba,96.6
7bd970d498ab2a1515d5d0095bb7cbc1,96.58
e7dbb6cb6a60a83827010f30f9afe441,96.54
9c033575d6b8818ce82640aa5674494c,96.5
629abd181c1d9ef4bb09740b75ad1cbc,96.49
0a6cd5472a5da8843c9eb2237f4ad942,96.49
fe082a45e6e64db9443e39ef7e3d415a,96.4
27a5c3f64e3c7a22e2d03c50fc37fa31,96.4
f8dbb4dbff56646bce76b5929e83cc7c,96.4
21629445d0959472c635563937c1bca8,96.36
b68c905ab520e155e3e405bbf8dc1bb0,96.36
5a7f3db2ad4bcbc2c044cda44f7194e2,96.36
7cbab7262068bd74f2094dd3b0a275c0,96.35
5d129305a62a8b8565abbf89b92de3f3,96.35
6ec610172716519f13781b3068dde24b,96.23
f83827c27a34ead29520a2c1713f4f1c,96.2
f6c91fb1016695135a32d3c11163887c,96.2
7ef89752008fa8f8088ab2429ad7c17c,96.0
dbb094b39f0bda5d830e3c902cc05b72,96.0
21d04e5e5388dd3c8964b60f9354c34d,96.0
9b665c863801afc3a66ce320339a82d2,96.0
ae60b5e3a634bdf188825c1576bed6df,96.0
b5024012e2eb8cefcc0a866047341d47,96.0
9ac98c144bf795926337a72f09227eca,96.0
1ebe4440e27e63e562784cd1b8a85a37,96.0
fca319b6b92302ac722e396bdb30072c,96.0
807df231549803cc45b10dc50ad40322,96.0
9695ed0844ddd2e94315f39ed1828058,96.0
d79f039ffbcb11e3ffe7410595788f03,96.0
b429f06acc228da3b748c7022f6cf56b,96.0
0310d1eb2978431efb158b535a3c0fd7,96.0
6757b444241f1c6cf395f850f975fb52,96.0
9c701fa0ca8a580d86ec245af013d65b,96.0
8210d932dc0ae881df69bc694b290b7c,96.0
3a548818d8a92c6e2fe22eca6596148c,96.0
5adb0951ee1644e69835635d77f51e27,96.0
c88fcf5993f74c364d6b198a06b29be8,96.0
e8515276707fdd0900308f2cbde32131,96.0
01b8c0cf86a1a5e8653ccfddcf906862,96.0
476578ccb1cfee32b298106e453c7402,96.0
53aeda88537c0ec7534ebf145d399cc0,96.0
1a3cdf589900e001df8c88ccb3b23a45,96.0
cb1c5947c260382a1bfd4034cf35ab54,96.0
07e7f8e9c1d7da19613688c978f10c4f,96.0
abb03979e095eecb78777796b3ae9f92,96.0
e759db1bd97e2c1f97c134b192acc0ba,96.0
24b0f93c6cf382951539720724e57161,96.0
c9fd6700a8b99995b60095c7135aeaed,96.0
5eb5071a0658db5ffec8043466df8141,96.0
6c8f7799a68b43732bd676927474b28a,96.0
c7d65abc07da65a413738fc854d8112a,96.0
f030a8c355a06d51f7d7398113421b94,96.0
b73534f953f7c9cbad86f6bfe75ab43a,96.0
ba7414163652126c43ce52deef540a4a,96.0
af5033805554e79d20c8a977e40c2151,96.0
241f7cf080f8ea8d27afbe1f075aa1d9,96.0
e2e25e1f6c10e641654ef18aa598cb58,96.0
b27ef133dc148dcd56ab0549319b1743,96.0
e3e78349eb9adb90eb3168e8bc30d029,96.0
b52534c73cea7912f255f9a6e19ce222,96.0
a4a8f70c6e841e099bc5106ea46bf078,96.0
18becbca2304b0e3031d1841a8b8b5c4,96.0
784fd050a4f5ccc4f971ce1e3c97276b,96.0
7d0d42828b50e02b5a4e2c9e95f94a4d,96.0
72447ff46c5271077a40ebcc65d239d7,96.0
cf97e9cf454480b303de6736ddd15fd6,96.0
342e317a94e99f9100ce447a1ea53fb1,96.0
5a81532d5c4a7cc911be376fffeea3b8,96.0
40e7f3dd68599eba447d4f95e9cedd1f,96.0
d4c5a2a1316f738e72e179d6bb3b6d8f,96.0
cb985c6505d91abacf7830b219c95d2f,96.0
88489527cc5297af6ef25ae19ed5506b,96.0
e706c3c8520aea8295103ab2f84878f3,96.0
7dfdc9722ef41b3497667f302477a476,96.0
81ddb4bb77adfff778e39bff62e51c28,96.0
577701d3d24a554e38b47d391b1c418e,96.0
a56b179c3c9e1ca1b6c153c1e0b8117c,96.0
500e9bef5740343df08a23b9a9e69e5b,96.0
8485ad7b186ad4ddf28eb66db67b2aac,96.0
273c6f662c38f1ede258db91b1a53f46,96.0
e9d4a08d748f76bdddafcbbbaf1e9fc9,96.0
ade739c544405b3c2ddc9c52677be125,96.0
a0dffc3bf579e805942c0ea91ec402cc,96.0
3c3472f5efc17888458e428b0b9eeef3,96.0
7181d4c67d92d02969a0d9bf56d4c645,95.99
2472a0dcd32a7a004f34018c998ce7ee,95.99
b69dfe8213b3b11dcefda5aeec567dcc,95.99
1e62ceb7892fa195f10e9189f1266eb7,95.99
c8bf1d94f111d4a5375259bf4de0d358,95.99
d2d1149622911b7c1702c20c92b8ed38,95.98
02fa11df400d8458c3bfe07f7273c894,95.98
09691e1d4b31ba0fec34f8f1e9327bfc,95.98
a894e37533981aa4c3846740280fa5f7,95.98
26ae76bd34b19ca8abfef8155f68d468,95.98
6c1433334b9652a4b751fe18aaaf4225,95.96
61cfea5e527a1303643af2ee780731a8,95.96
f5a4449e21c1a59072c9258639e55776,95.92
c4229c2ef3051a513c020e11d599c4e8,95.92
5a381c51e7136dd667ae7ed7e6893dc3,95.9
08b24593d911d9c0cdd1ba943a7a0cea,95.9
4ac279df237d79f58d8b70addc6e5d4d,95.9
bb90fe63b16b6fcd28b01ddc2ad66777,95.9
2e0106ca3b75936039430788f97c6946,95.9
c6396a2ea2a0c2af1f9ebd8a0e498d1f,95.9
e724d380e31da91cf1b08843ca18d53c,95.9
2dab706c04920c7225853f5a75a27415,95.9
7d59e541e73484ff409f45b78f21209d,95.9
e7d13351cb9b5e948ce8e069e6290992,95.9
fb61c3e862c5b609f053cc4717391c58,95.9
dbd8419d89e2d12f79322167e68e6225,95.9
00b14856ef33f09ac83df50620ce60b1,95.9
07730bcce8f619f15485de16f0793767,95.9
695612b8ac0aee492ff152bdf353bdb3,95.9
9376b063a94c859dc0ac58fadcb15902,95.9
13d5c0d8f58b98b7b5fce3cefa1becfc,95.9
1b61e763668c00af8338b7dc23732fa7,95.9
1ffd4255012e38481e8561a5d327e1f9,95.9
ee93c4b6cc8819eef9c8fdd33d3b29ed,95.9
c48186aa94c4144379b2fc03d38e91a0,95.9
d8f3e586c5a006d51f26fa3de177ef19,95.9
e093120ffd5c259e2decb4ff5266f0dd,95.9
c1b6deabce3d7c0dd9a3b178c424d618,95.9
bcfe942e5e0905bd455622a0c95bfae1,95.9
c1b8a840b30cd05d10069b83940a4585,95.9
1665c47e1eecada1c2035122a988cd56,95.9
03f2fce950d12e18b97760794a8d8994,95.9
2d1f6ddb9f55c993ef3f71eec46464fa,95.9
c85790678eba7034f14f08ee44c67c21,95.9
99fa743eb87a62c121f007fc25e469d4,95.9
1ab3117f58e7d55791a60513d9dd7f4f,95.9
d6ef3328eedc908b44e74cc119e4af95,95.9
ae5b535b75ca9bfa696cbd865be253ec,95.9
cb4f601a5eebf94e41b2bfc80cbc8e62,95.9
9876f334f1965ef939a3b7a5ba355c54,95.9
12353745b7c8ba37795ab8c7102d761f,95.9
636a71e8e595e27362790f200dc2a391,95.9
397cbe809e45d41179dcdd64966e4747,95.9
2f82fb3939b9090dd4888bd6236b46ec,95.9
e12c68dd4db32c03ad19a62b5c3da912,95.9
c8e498dee65a329a3952083292a9381d,95.9
355a3acbbb6e562f2221b26de02308de,95.9
ef030a565acbe33519e028e1ced2a826,95.9
3d77028036a9c3d50a3de663c112677b,95.9
14d2df77c026b6a61f1b4ae9667cb70f,95.9
6ddae4f84b0d366e83e9b673ffd32d74,95.9
528147c7be575606dfc8712c88ab1062,95.9
f7a1760cb5d8ea758cf8acc50942535e,95.9
330786b82d1da4f900da3f8124a9f4f0,95.9
c71d1b20c171e084b1e0b400903d6e99,95.9
d581a915ee9473823d90a53dc8f25a68,95.9
a0f86008a2c44e553d93e2ea650443c4,95.9
378815af7b0dd095845b35bec5a520dc,95.89
74aec07f91feb0eda0bc6d6837c89170,95.84
aa649379e102c4a9ac069e4b0a71fd0e,95.82
67127c6c29a10ac3bccb1fff10fe5758,95.81
ca54a515b761ade8c4c0e1bd239d5001,95.8
f5b5ccde1fe38a396f760e071900d248,95.8
2bdb1510d7fa5e2e324f53d7b0ecb0d8,95.8
4faaab7241716e18dbd26260667a0d18,95.8
2202f25c6279be61c311a3af46157e32,95.8
b82b5150a2c602dc8ba92d1b18881857,95.8
9597ad6c62f26f85a58cc2ae70586c2c,95.8
e36b2be26fcc8f7f0f5e79f01122ddd2,95.8
c3d05702d44a5599ca7993d584b4fcb7,95.8
cc0790a628bcd4331e38e34d60f01233,95.8
52bd7ca97f7ad5da8b25ddda59eb33f8,95.8
c029dfbb73a59f46affafca213c29747,95.8
dac424b7c982443e0d3b8b901b806e3e,95.8
043f84c471d1141aa553fc893c6fa14c,95.8
f97bf3effadbdb9e5c865d0ce0eb383d,95.8
7b393e0d47d2fe92e1933ed517fbc89f,95.76
b7f69471fed8a036911323fca290a2c2,95.74
c4cba54bd066481cf87d57ac65b146d8,95.74
c0c00bb3d4f8ba50e3272999db271c30,95.74
a794aeb8ea48e9889df399b2ed132de4,95.72
bb68bae4ec9b0b46b26e003f01459c0e,95.7
8c88f5153f5d153654ec491bae2323aa,95.67
57bc8cf3eda46454d194910fb86d7596,95.6
b7a18cb59c24649c7ab96dc6f8443688,95.6
71bfa4cad3d846d385f5c0dff040c73d,95.6
c991372fe4a2b75d9c43c318062c1f97,95.6
20d4138ec5c459f8c6e823676b3bd40c,95.55
4966d0c89c40e0123f63d0be0ff4553f,95.54
caa242c6b4ad24eb7ff0902b0aa1fd44,95.52
1bf8457339eaeb36acde4228f7b5c318,95.5
3f7a51e1e98b8842843f9e9c49d0721f,95.5
87e60e619ad3ef385afa955728751bf9,95.5
c86d591880da35f17546e2be58e66660,95.5
1966bc82aac018dbe08a465f91380268,95.5
9ccb1a83b45a82fde633de4af9fbd099,95.49
ef80d9d1d4e44ccbe835add86a3db3b7,95.4
0cccc6bbb8bcb891c78b510b1e4632f3,95.4
f5ea6eafb5cc345bdc3232c49b661147,95.4
f79c95fa7462b1cb87c31e3b68e30b5f,95.4
8dd74bc7874323d7948b25debd8488c4,95.4
6ffe821e64bf61f081034e0976e74e59,95.4
f56e6a45937a0dafd82c6713cff1e50e,95.4
1765717276473594d6231f90c621ea9d,95.4
eadb38f485051a13664f0a4bdeb60b59,95.4
f73d378096054953caa2d69a8abceb73,95.38
0db0eb41bc86fb464a6e175e06304992,95.34
64cb0117a687a23b3d4a4982c7dedad3,95.33
5632f9bcf2b8dbec21e40b4a3a9fe7cf,95.3
aec46c70ee4de5fa0bbd56a89a301ae8,95.3
c37b71524043e5e4c9756394d4608244,95.3
18e4e3b5b035ce0777b667468ba0d774,95.28
7691fababe5a8ed586570e0ae4c7052e,95.28
de73b3e049462be84b0eca4d8d288221,95.28
b74c99719fb1dbeec40d25847236e488,95.28
9938dc00ee7b2a4e7843c807deb29ba7,95.28
b3e4e7be7d2042271ac4022ab2b88db0,95.28
8b9918302ae3090aa6f372883638268f,95.28
9ec5d37080b7cb6a7297ae7e58429851,95.28
81ba16005b845b1e6b32ec1b425c5ca8,95.28
4833bffdf808dd229fb636eacf117d88,95.28
ca4586d803c0e407f595a28bd5e7fdb6,95.2
cd299b4957202f88287b1ede2991cf5b,95.2
624aca1ca85903e1ddc3f825552925d1,95.2
3fac62e2f234a69854b8bb6e56f5267d,95.2
950dd2650d1748f4b42edb506811323e,95.2
dc30494a7cc1b61f81bb79af9447b4de,95.2
34c14391e34ba77edd322046b9a1eee5,95.2
8ba72f151a0ffe35ee364a1dd8efecde,95.2
da8c803de79c3cb9417419917fee0d5d,95.2
17fb6d6ad630f465c7a86169d5ce0f4e,95.2
2d5b2e10598f23bee8a27fd92f570209,95.2
28991726082135ea6a75457c41995705,95.2
6886c10afd8d27df19c5a49be96cd346,95.2
b67450e5415709b21b5f1f49a1974d2b,95.2
3413b1a3a719cf261ac926114e3d3da8,95.2
7268d0d0a96aae2c0a19496f87fa9116,95.2
87aae16d452e159ed7e0a92c97d0139a,95.2
9faf910da52163bdfa603771d11672c8,95.2
a6e84bb95b4d5ce9a5230c99145e07e1,95.2
dc7ad4861af267442ef03d5e90d983c8,95.2
92b13cb37ad7bdb61b0abd19136c4cd4,95.2
32dee19a706a627011743dd7c54f3c35,95.2
e1504409fcf87ab3a65f3e819c8bfcce,95.17
c0eb20386dc0f45b3b1df7f8e34ca9e4,95.15
34701efe715e4df96dfd1663574d4377,95.15
521593e76eab8070e2cb4c1a090f7c5a,95.15
22a2545b0c2540f5d4877856967b89c7,95.15
135ac351f2c3ae79e0cc6af3a2827538,95.15
ebe643e3568fed9b2884fa21846e945a,95.15
bedc6fea4e51a49792c93e3a911c3e74,95.15
c6736488ef08396f75bdddf8d4897625,95.15
f7ac2fea33182bef4f8d0abd7257baac,95.15
939d90676bf5387c6e87a81701a9250a,95.15
b879348d650661f4d92cd4f204985945,95.1
7700917fd68e46178da25cb3bde42684,95.03
9213aac1b5ff45da25ff7bedebb9a6e8,95.03
1ee0463373450df45e0eb902fd7e066e,95.03
16d42879056c9a5d35f92938b5827e67,95.03
05d0be2e670fd919d30625098bb1134a,95.03
b112501fe8c654cdbc64213c8686f1f8,95.03
e8df9a2dedb6f1ce8db6910fd1772c16,95.03
629e2d63ea37ebc6f703b86043d21e6f,95.03
c107299c436ca1d87c2a63b573ae4901,95.03
c2f8f353739798ad5faa45e74f1fd23b,95.03
f35ba86362d6c83789c2c3260fa02241,95.03
b080e72cccb4caa016bce4b738691ae4,95.03
60887cbf71e8f7b3729cfbebe22a0a01,95.01
48f03c8ade4452268287d23f6aa1516d,95.0
677ba8a94b1dea49a4d324e88d1fbff7,95.0
ac4e419fca1484d20975bf38ea7b76da,95.0
738b7ced38b8ff1176d4ca7dc74b4322,95.0
c330c9cae22ab51f243bea0bc1310dec,95.0
deca74811eafebd0f6bf28394e96b935,95.0
770a46db9679c9f9b8f8d24f7b81d150,95.0
4147e13258334b732b00e23d934b69d4,95.0
1bd0d28ea82c44fcd1acdb41b4f464ea,95.0
e4a55eed69fa7e98992be7fdc783a67d,95.0
e1a81b9db2bc308ffc7e2ee4f70dd22b,95.0
dbbab934da3c392e64a7c76adeeed097,95.0
539758b1f5c9ed62617d6e9cc64c4bc3,95.0
c998e4273d84997ed8b850f317f269cc,95.0
bda6f9f3c8f357994fdc73eed9144fbc,95.0
b3a9a8efc10d7d2ef76bc4645c0b3c5b,95.0
00aee581138f207eb71f58811aae25d1,95.0
23d6ab7b1056050fdd1fd32ac7633fb1,95.0
3aa42c09878ea293cacb60290fe10035,95.0
54c305a3143449a2aa8906eca0c2305e,95.0
e476fcea99c9ce561bfdd36692edcbd0,95.0
468e0abd39582f1fedef2ff885ef67db,95.0
ef0842e9f5530bf24f7e7f8fb85cf62e,95.0
f97b46627a4e56ccc5f4026cdab2b60f,95.0
1f4cf3a0ed802a084f89a2cefb3fa8b0,95.0
d44a9172caee8869d7a292346bd11070,95.0
ac959e22b0cd67aec6bdc0e3e4aa2ad1,95.0
06691a2638e9d6c12e0e4182a7e5bf4f,95.0
436ed42873ae3e3fd1bc58187e3a72d8,95.0
4241b08d083d12c99a329c9163db0d72,95.0
fdcd4987132cf021f0594fb829ca52a1,95.0
84bb5bd833c86c94c1d9b7e1e6f0f6cb,95.0
1353a896c273c4c9727e6c65601de865,95.0
bdf5201a85adc11a3881a5e1ffab102c,95.0
e4caff66029e8290ad28fab525631c74,95.0
c3a54edf080bcc3c840ae5f97def207c,95.0
469451c2725ae0ccef5f959bdc62108c,95.0
afd985a81dce5f03f9c6b167a033c7a6,95.0
9097e442e65d053fa4a3540c362a8cc9,95.0
0cf6581eab07e09cb466aed8cd26107e,95.0
598fec59f2830ff2f0e1d2da6dc7aa99,95.0
b87216a1a52934fb1f8b32cea9e43dff,95.0
a70354351603c255327b5159c9c3b5ec,95.0
a526ad521f88f610b87a17a8a064a502,95.0
c035da5d1169d55bb2fe42597da25385,95.0
a317ceb88dae0225f3f124112ec44808,95.0
fbcb9f670817ba999c65cbf3fc9e0050,95.0
6498585d215691d85122192071230014,95.0
331252685d466953567f1972562ec167,95.0
601b800732110a9e3695e9c454bfa828,95.0
26d9f7a0be92fddf04d1db3e581ab46d,95.0
b7099c2fea8e4284d4e9c6250c9a135c,95.0
780ec436564cb778756e937440177788,95.0
f25bd233d365ab0119f6bf5f397a955e,95.0
b2817df30d7390a156ef1514c284010c,95.0
572c7a22d51433eedbcd766cbc7dbc4f,95.0
cb40f963a5e723ee4d756e4e68935006,95.0
810741878a633d09a01e832247d4d31e,95.0
da432f82dd35cf00fb08da4a18150c82,95.0
8000d8c2201ad0577d5f459c6325ccdc,95.0
0feaa9666d68f76e57167ccbc45723fa,95.0
faa620b99336f779d6ed431347eb83b7,95.0
592f75a04ba5b97b4bce5fe56b112506,95.0
51041da5ce8f5c2125a63d4217c2bd8e,95.0
d01bdc3e956a399f85f4e275ab5ddf92,95.0
b2c2afb111af6e0f4fc365860ad22537,95.0
a66bf567f44cbe933a27026b623c7fff,95.0
72121723bc54405da6fd53fda50dac24,95.0
71f6152998635c3ea46ac44cb989ff49,95.0
e5918d9d55314b728a1c5b2511c6ad61,95.0
4b2742702e4dbb0a016f59ce18ae200d,95.0
c0d3dde840d9abc8fe89a5e84ea65031,95.0
a2aebe68f52ca3379e422f65383ea153,95.0
6a0cad7e06a1bf0e46d968f094dd0051,95.0
d5e571bac4046e819aec846ecbb548c3,95.0
0755ba88bf7e1c270f5a94264b17c603,95.0
96d7d3f3f249e0407bc7e1c6d9e33629,95.0
f26ab0f57449753ea2109ca8b35d1034,95.0
4dfd5c5fde13782f8a08265d9e373d81,95.0
8ef9b5e6a4f621a1ee03dc8da58cdb17,95.0
1b20c7cb67a754803a8333fbba322472,95.0
b88b5ea9a02583be2411361e12d7ba9d,95.0
8e957cdfb5ecdb1128b8fa65ebcd91af,95.0
d1c3bfe0821606dd96e0af5cf6fb258e,95.0
9fd0f7c1f0c833ce6d92c9d7b171cecd,95.0
9c09e23c3e0db1a6157b983e6b6db539,95.0
de4f2f705b9a9b3ebaa3ad349020b52f,95.0
92798cd0eead887b1731526180775beb,95.0
ae5ba6d5577f1b5e2db6fa6d96a9dbd9,95.0
b016b681071197d7a44648e5d04a2d34,95.0
817b266d9c8e7ef78fe7a9c3f4faacbf,95.0
eff63fb5ce9f9c5ba32d31116c8b61b5,95.0
471169e42b5af2855233dcada6ea5b9f,95.0
75a1c32fcf51a0bf90ca27da1d941733,95.0
5c3bc8bdca2fc8158e9909e146b8f337,95.0
d36608c12fd914588d6838d4b6d4e8bf,95.0
42916f80ce60d80745efd7c305d35b98,95.0
43828af3e880066850c0cf0fc0f5e56a,95.0
ad90f3af913ffd92df5465d726858001,95.0
9f8bfbe789498a0ec09caaf47cd84216,95.0
56dfafb543cfa4c2edcc08b9b2c5f0c6,95.0
9b2ba3e7bd5a92f404fff86ff301a07f,95.0
968e2eb4991b10dd284390b31df9d4f7,95.0
c0a3de8a20cba69ce61ab364f4f399f9,95.0
5193da38ee92ecd1078e8f1929b4ef53,95.0
79e35a8cf48a05893167fd04dbd226a8,95.0
58c2ff35edc0c22c7430228ce542743f,95.0
e84638449e86bc37c2f4cabcafa62155,95.0
338de346d6930edcf0808e2d45d13652,95.0
b41fd3073c40d1445c9bd861f4d2a57c,95.0
2f16b5574967005f60d394d874b205a9,95.0
5d6b137b4a18086f6aa7fa255fbe0f1c,95.0
f9f2cb313b6837f0a56e1d92fe67b0a6,95.0
6360621c848fc2ca203c2b52db062206,95.0
a97cd8cf85518655548739df41a46d2b,95.0
c82538d5fbcae9bd56b9ff35b1f4750c,95.0
8ec269bbb4cd0dc50384536a8b77c7f5,95.0
a0aefa53e4e63806160cb3b94eccd85d,95.0
1ad694b547c3ea9f07c1257306fc67ff,95.0
57b61547bdd096c6501f7f22e512fed9,95.0
cef4fc64d5939bc3f04e00494f2eedcd,95.0
f478718909f3923543aef3539103dd58,95.0
bf95c2c2c53ab4df6e62dfff66f98877,95.0
90aeead19683470f8f2af44cfd09b321,95.0
9bbbcc15de251fd463cec54df59a24e8,95.0
1846f31738b622a163fe57dd41f2df49,95.0
9891fa5f230a468c896c05e09509b451,95.0
fdceca9202d57e4bbaa7a6f09d677c9a,95.0
c1b5229b87a52440b2c3eca86b14ef94,95.0
82883b04e133c829127d3a45aeeb598c,95.0
da311a8b4301e6651bd35fddcf9ca6a4,95.0
d2384607a75aa3d8dfefce1b6ba56366,95.0
edf6e9f4ea080de0350647ce44557e42,95.0
9d9fc80cdedb63de913387b502bee19b,95.0
1f144031daea5ff030f43cbd0fa1a63d,95.0
169488681038e66fd9023f2a5f33d7f5,95.0
bd37d48dfe13bc5dca2f604aa27a5e84,95.0
2ea694334078726c7229c21f0a7cc021,95.0
d5b5f8b2c900c6a6eed9d277f88d7ac5,95.0
d3fe99bafbfd3b2ce3e6cfc4d7946fa7,95.0
9b04a56f34a9db495868ffb6033fe2f5,95.0
123287f3f6e1998cc472de6310f8e81d,95.0
bfdc91ba39894bf8935c66e17060382d,95.0
ff924ed193229e3be86706a86806e4e0,95.0
b102a37db53345d7eb418649b096f8e8,95.0
2bb07e3ac6087606f0a3c7802a521cdd,95.0
411bbd7a65438216e74fca57fc455e63,95.0
1aa402090c81ae32f4a46c5ebbf55a07,95.0
7388c946a76eef51eb68a9b11bd84efc,95.0
152f7f1e31c841edcb2e9d218b90e2af,95.0
3e085d0d49176bc8e7503e236dbd43d8,95.0
95c6b87b46833bf235a0e433df10216f,95.0
bc6003b439787a2de9ae42da13cd4e00,95.0
87dd18546a67fa179880ec78244ce499,95.0
a90e80167bf47fa1cc55a9011380e925,95.0
4cbe7cdb500ac94cf673f67c9f28d8c3,95.0
ada29697efaa03be520885ccccf7c42c,95.0
86cb4f1c3e32aaf6c8dbfb68fb45a0be,95.0
4fe9a071f9509b1fb624febda3938108,95.0
413af08c0a0b10c69e1948e72debe635,95.0
578d5098cbbe40771e1229fea98ccafd,95.0
a8cf5e4ad3d3c90e47518a21b0b600f9,95.0
2923a4f90cbe33627932ccbd6c6da251,95.0
5255888d021de3e7ad01cbc8e47b256c,95.0
ee0d30f65ed72f4041f9a5ced21e762f,95.0
71ad48df61327d880c5d6fbdbc971996,95.0
232b9e51fc0fd2681049e687f520df16,95.0
99048bbaf712ed26c3641bf889762e87,95.0
b12903e05aaab54fe9fa5dfc3fc5a29e,95.0
b1190421767ae467d7e6e9c7659a12ee,95.0
23cc364ad40066c905c1a07e4971621a,95.0
2fe42bd26424cd5c60201bb918266f8d,95.0
fc2f1cde057c9c2675602bc90d36b54a,95.0
032ca2b9ba3cd98c0b7f814f2e156f2d,95.0
300b04fccf49393ab58606cdf2c4ce52,95.0
aede53c41bbd7d79c62bba347fe8f36e,95.0
3598525c5f55f5313199062d3a24b706,95.0
57a08db4c4e6f5698f07f80b11081805,95.0
af6309e0dce903544d58e52083be8eb5,95.0
366bbd2e43543cbe8842b9d6c4c144d2,95.0
3d3464ab866955b8cb517c77fa19150c,95.0
83a2f4f3aa8d4d67689541c5d5ab20c8,95.0
e92376215b80c2c97a67489e50927147,95.0
e93b368ca8025ca8aab2cd43ad299d2d,95.0
b76f6b4b7545d1a23bfc4caece1d6ddc,95.0
8569e9f2797775eb7a3c4263e868ddad,95.0
12217655416d9edb5594c7dc6597b85f,95.0
72740dc2b626c46da39cd84cad2102bf,95.0
f20a6d4cb03a77f8819ab4b0a55a0685,95.0
f6213d96fa0cde54d863dd5d69444587,95.0
6ed3dd81265ce526e909e5cc253e32a0,95.0
3b94cbe2da4723336d56d2d2c3451b42,95.0
530369cd01260a1588a9bf87b3003878,95.0
6edfc5bd75a056281193727926d99a0a,95.0
4a07364efc6beeb55df6dd72f15088a9,95.0
6a5c19d132ee5eddb9406fc88a0052c7,95.0
0d94d871bfa2907282e049f310f5b335,95.0
52012c91a845e029dcb0f3b305289415,95.0
0c449d43caee651308a153c58e09c9f7,95.0
6f392cfb40b84e0857b16c23c773aa31,95.0
860ddc7aa11dedbcd7d870aead27ce0c,95.0
09aac084452bfe2880d35d02858aa98e,95.0
5dc2a94af9cee325d180d840f8f551ba,95.0
3213a8e8a735e9c3f003f19d6db1287c,95.0
b7514d57081dbde6d17c152fc35f3531,95.0
392569e210fa974c457c69cfdb400d1e,94.99
778fbba7af3ebf6a549195c1a09b02fe,94.99
3690f0b9db1e13d5d4052971317426f3,94.99
b4aaf53bf90a2f7dfdfd39b0b4671f6a,94.99
d436bce514752338004b26a232f21008,94.99
d600c51ea8cf9cfdad799165e8b88df9,94.99
05b9a99bdd307548ae19300848825919,94.99
7bf1567e9cfbae7088c756e852d682b0,94.99
bd82f8b438e8a7f9559e2578f9d742dc,94.99
68d71b7a75306be42e90795009f2a8cc,94.99
3ce59fef19c0df112d2a59bc25cfed72,94.99
1dd0b0f0f377a25ba431324492636237,94.99
e65bb7ea45b4d422fb0c5229bf8e0e48,94.99
024fb58b51f34a34fad7a533363f0c93,94.99
8d632afbccd84514a99517b239113320,94.99
cf863328084a8370735e38ef92d26cb3,94.99
1e93dd7ed89b9bb680c296b4aaef62f5,94.99
b3fb50a69d9de3ee23504d2cd66da13f,94.99
a322a6a643ad00260fbf07da3f0f2bb7,94.99
f0bdf021706156be0a9c2517e26237ce,94.99
47f94098dc1adc156b6dcf02d3524a0c,94.99
261f9769b9cfcd2b2eedfbd442ce40b9,94.99
9b36a43eca86ec3b4e78f95ae56e8fb5,94.99
79db1adcafbefdf198943d7684a88e5b,94.99
0e24c20739fc582fda3306fc43683aa1,94.99
5d6df51c09860f2d3181a685d5b6bc6e,94.99
a65586b39286f01b1a697f36d7364add,94.99
40260703a69455806051f4b6609ed08b,94.99
1e0123f53e6dd3fba2b938d4d5871029,94.99
d36963f1a06842eb57a96a1da29cd66f,94.99
e2fe3fe92da7cfb1115664a4f48446b9,94.99
2529bc44e8097e196ecd0ac108c6834d,94.99
2d3488b51dd898ee2b4d0eabdcf85855,94.99
69bd096df0137b7c401eb3daf9c4c96f,94.99
23c6db8b716b4cc0c9cb7ca858400080,94.99
cc80220c6e0873649ef45c04fb6b5303,94.99
cee2b2ed35e8bd1166ed5a4f0e45ddab,94.99
65c9e0808cb89c7417c7ed4ad2d78fe3,94.99
c757306276211dd58a7c9fcd06fec330,94.99
c25b788e63b4f8ac4a3dc15c00b7d499,94.99
c4094c75188203c52729c56102e09b30,94.99
a2392761e41169375f4e7ac6b9d1b548,94.99
77e912c19fdfce2abed4fff5c47e5527,94.99
bd2fe6a35c295706596da2439a669278,94.99
f7f2f01ba77fa1b1466c30aed84e66fe,94.99
83dd278da57d8a6065e06d3bb547bc91,94.98
ce189ff73aed087ab7393da0c12fa5d5,94.98
0702faf732d0bf1539d8808806133ab0,94.98
6a562d22d4e2ce223ae7ad8bfd834ab0,94.98
68d7fa1466056bfa867ade66120b4042,94.98
d39dc030d8881866a3061535c0b22c1e,94.98
24a982bba67ae6828be5c20e4b24dbf7,94.98
513e518b5caafded884af053de30ed00,94.96
10ee14e89676c9f43e64a67cae62823b,94.95
76f19d6a7d77ce535fa4160a0a94358d,94.95
9b8a332e088c71b5728c58a94fd97dfd,94.95
2300ae9b753ceb97afd2947c1df471f8,94.95
ecfa3f58947d84b3346a3634b233a259,94.95
974f9c5c29d6eedcbe11b1b76ef43553,94.95
c94505e1ef376d9df87e5c35a2c5dc2d,94.95
8aa2bf57305447ace1ca0679861ce644,94.95
ac58c4227a6b6b12f7e158a96522f61d,94.9
85788b14a51a7467a1aeb0715b480ac2,94.9
4a421d8ffe9d45d86fb36abe25c57013,94.9
7b6b0d2de851a700547c7c2a311b17c4,94.9
57543f89b3a2af4bd27ce772e5c63f02,94.9
e22bf63c919b667e3f31fc1f6b28e5ff,94.9
87449a7d4a45da8538cea2e72ec2c729,94.9
72e3d271900aad9fa041dba9e8df3285,94.9
5870d9bf1eb023b23ce0523ee7adcefb,94.9
e37ee50aa10bb9a706c36e25989dfcd0,94.9
25f0e9d9ad9e4429c9c1d50cbde345da,94.9
f58c599c3632821a4a9fbbea187fabde,94.9
2ccd375a9c87139f7cc9aeb6016b58da,94.9
7ba8828b204ff74e292e6a82f84415de,94.9
50ef4067638c55d3a31c306fda104538,94.9
24e2f602477037622c685a7bfaad0c6a,94.9
503ffd7cfd94e2c0c94bb44713dd44b8,94.9
aa9982bcb598edfa7ac5bb9c48b24955,94.9
630b17e6d0e50025b0fd34573e6e5647,94.9
2eb1a6686d8b3a677937ef0fb70ab984,94.9
fd4d2add7fddcbb3074920019da1290a,94.9
09e63aff4c3961cfadccce6865e4a647,94.9
c51460dcb59443d89846e238653f6002,94.9
e8d83f6d852a30443910d6da1bbcbb30,94.9
817bf570282659feeeea95bd68a6ce1d,94.9
6343ffafd1f78f6c90bc1a81c2fe1175,94.9
3161a1718e27e1af7db824fd410c25b1,94.9
92626a3fe5f92731f1d93b5d9cd44ad8,94.9
55cbadf1632a0767011855eac1eb4313,94.9
abe8ec6548b6351d3eef00aa566c4fe2,94.9
42a809e06ea3d25526dc83a485d31d38,94.9
8d0454ea83ff7fa50a1e99bdb77cc485,94.9
a796b27faff0efc05c414371a3f26d17,94.9
6973174251ecb1f546e5dc66a0d6c90e,94.9
d1e8d2dce7cc66c32405d66e9eda6b82,94.9
8bba7817c19c5fa590c8857669ade46a,94.9
fd1600e4be4ca48f98c8f5f1a567d2e8,94.9
97bdaa7714daa17db09478ae047d40fe,94.9
c58612b6d9ddfca2992f01f5afa04e91,94.9
fb414321e11f6ff470a42cf778c60753,94.9
a684554378131af35310b25179278c1c,94.9
75f83a990e836eb646dbb3012266cc40,94.9
0db477b7de3ab3b53089f5222a8afb97,94.9
58b3208913cae35dadfac41929721901,94.9
9ffc09532c583dec3640470a69d423f7,94.9
b4507e3ba05a350132d8518733869b49,94.9
5b7df9ba68f1a6b93e9c93f7e594ba58,94.9
ed4676d154bd29df2e8bcf60549621a7,94.9
758c08b6ea220ebc93f6048997872592,94.9
61999ea0577a957d34dfa9728c1ba783,94.9
6ef5c320fc470396de760790087ce396,94.9
a63dbfab3ef9b3039729c1c73ce56cfc,94.9
494280b4db6a55a3a77b346a6395133f,94.9
8f7ebbc98f08c8d938cd9ee021bbba2a,94.9
f8a55986bb0726b065364dd2ff6b84f9,94.9
61a2bcfdddcb8a54fcb1df4a1f2a6f5b,94.9
b69013f022544024af2ed8bf7fae976c,94.9
26d3216ae8309f99d09049a7aa5b4495,94.9
63b6d17991185fced5b5dc0dcab5b739,94.9
324ec4addc12b40f3f4223fc376185fb,94.9
205e9e9ccff41ffe4716b95195c3ef06,94.9
55a186d87435d0bbc44e79d149fd4d30,94.9
e27c12dc6178ba111a48e4fe8deaca15,94.9
40d3460ad3b63de04990975d2fb3330c,94.9
6bece35cd8a5c807a7046aa864977e83,94.9
cdfc52019bb0d9ad47cddf2ed52ed2f8,94.9
2803c057d3a734c257e48b068d04722a,94.9
15b01c0eb91f2f6397290e02db0d9e0f,94.9
b43d44f5ef38ef51e3c44a68898642e3,94.9
7c27da568f6235869ce339a08727f125,94.9
11a3e46b98d08eb603d8862efbffcb42,94.9
06206dbdc73fe897776daa1ba986b24d,94.9
fb9c9c6bcebbbe6024d75155b10ead23,94.9
64e05a5658e2a963d97952707f256a7a,94.9
85e223135c4283c5a41fe1b53b53e9d1,94.9
d6a855553de81fa086a4d6dc6d414a26,94.9
7721950fa290fa8e274ed6ed728c6979,94.9
2a9584c1ab5178e20f6b2761a4561cdb,94.9
1cd2f43dff52b795d183524bdc21e5aa,94.9
9adf65da360756bfdfee35a88e88de4f,94.9
01f831a3745969dca7b974014c4d4344,94.9
6aedef640dd95d641cc06add41083177,94.9
866110a8d7321eadb2a20e6ef51c18d1,94.9
26f7e20b9ebc14b0de484d49ccb2305f,94.9
59ba882fbfa53c2068bb4a0787b16bb1,94.9
d381b739f668204d24cec2de8c3c648e,94.9
45cd65c80f6ea79a63c4feafe0091034,94.9
42ec03572c4d7d90d58197c94a22876d,94.9
4b4e0bd0381028a4284d82ad490dea77,94.9
eec6ac37b5e2ee144615361f466cb0cf,94.9
d09e32e1434fea56e44cb50f5e339c04,94.9
e6ab213cb124524887ac41b8eaca9653,94.9
9dd8245cbdc86cf19b4e02f11c923849,94.9
204bbfa4c9b59b50791939141259e2ed,94.9
7675705e45e86c1b4e8778de97056428,94.9
e593c9bd0a981206713854fd1e2386c4,94.9
618e2eabe655ebc288f1f744371c98c4,94.9
5e7c5362800cb30ef68fcf3b62af6fff,94.9
8a7cf4cea62052d36e74d823a5044ada,94.9
f800714187560129219abdd0c3e1ba54,94.9
20a459f06bebee6460f9b18bc196998e,94.9
d9835e397f7812d5257f6033b9ceba0e,94.9
ee52259681df8fabab268236704fdb0d,94.9
1fb551cd3778f86a2ba7f008cc6165a7,94.9
20c14c96fecacc6b346f159123bdbb26,94.9
687223424c00a708c168301ebb8d16ef,94.9
5ede34a01165a4bb139990645c5bb314,94.9
fb944bccd653c5ddbd20241772e5c11d,94.9
6e99627292e6e50e897b63a3b94560eb,94.9
1b236b4675c2748987e0058cc0515fb1,94.9
3535441700d41ed668237e1e79d97fdf,94.9
787b495451c8e31d9383f73a96184115,94.9
86774a39f72b954bd12596f8cdcafa7c,94.9
1819b150ea6eebb9ab2aff49b8c2d01a,94.9
7b131e878811275a3d853de519c82787,94.9
51a3f6ca37ce15e0d719bb118ee10c96,94.9
a64531a31e0a79a337b2d6611160ca76,94.9
c160bdb0a9681910cb625afdd993a8c5,94.9
bf8c745145995e40cf8eb7aa837881dc,94.9
a116f93563fbdf7029e5cad149c8e0ee,94.9
e3b91047e6ca3f5e8b656750fa3d61b2,94.9
7bba4420a869ab8dba1c7096358c1d66,94.9
e0971b72a2d7a7d471ea3122bbccf9a5,94.9
b1e400431e457864b28ee85866c790a5,94.9
eec909ab0da04f0d3e92f898c6994d37,94.9
45b73da5b4052e86fc997f0716ff2bb7,94.9
4e49550249c3310fe829e426646091c7,94.9
f84d4f781159bcacddf2359446f5e346,94.9
68ebcac94ae12019a0d4412660f8f1d9,94.9
9290739baf91f2aa41a56d1fce6d7f12,94.9
a6b19a21cdce23baec63e5e6a0ff8288,94.9
e808298285a80ef79a218d5309b38faf,94.9
6091f333209123c861ccfb14f0816132,94.9
d2b401a6c35de1f9edb7eafa56e43e76,94.9
ab7eb9c1ecbce30c44c8393c7a47499c,94.9
5e98d1f8f0534c460557d71961a7f10a,94.9
812f7acde5d7925b7e67ba2e53ee8afd,94.9
ea42eb64123b7ae057842bdb7406dc55,94.9
530220145a68ef57f0cc54faf1061f8c,94.9
b55f5e80852ddf5aafeb3d6ad66db919,94.9
7a09a14821e574a7774323bdfab4908c,94.9
a8e03c54c10893c78668247d5466b725,94.9
5413a41d855cefb4a4284615864b664c,94.9
596fd4048d82c29ab65e84fb7877f431,94.9
4b6525e692ac07e96bb6af495504f6fb,94.9
e10c12f413255371f0f8f61d0877bdd5,94.9
013e4fc1800b9973a92b450d18c4f658,94.89
b07b8de547b39b7864c6b7fc1ff90af0,94.89
72241f6ac253dedd45a67f539f113891,94.89
037356d24e116561460bd349e0ef7f04,94.89
edef03bdc413c0a6511fff76b3c9e0b7,94.88
67ec955996d7971b82e80aea6029aead,94.8
fa20d3825267b677fca67a5f6fda32f5,94.8
43f44585945297e024c2f5814c7b408f,94.8
f99b5ad76ac1085ae3628a3dc0eff0af,94.8
8def3efb30406813d14603306f520d99,94.8
c7a4f00f2439c3d918aec59cd25a8948,94.8
2441cecb43e28589bf4c3703ae8d6980,94.8
ed918a8f711b7bbd736fdb39bda8f783,94.8
d076efdb7799c038d147359520222208,94.76
f41451d33ba6f06c67324fcdef70dbde,94.75
cbbb38942ea7e6eaecd622d228fec2b7,94.7
22ac956b832047011bc3022b149e4b2f,94.68
967dda13a14683fe2fbcc6533e74a2c7,94.6
c8e2e9dcf35592ed3c5c2dd932cfc779,94.6
9d5af95c54d7bc8a6ba7ff4e58a27cdf,94.6
749d4a25eb7bd33a4a39b0b106125744,94.6
be0948f5348ad6732797b8917737b441,94.56
958471435e5032bfc8fd27062abb64e2,94.55
7a9157a86c1824030516037d00cbd64e,94.55
416278ffe6603e08f2f135a04e07c611,94.5
ce1cc0a75364fd2ec2c90648453e787c,94.5
3e95b686c13d08206b2c07b838b65372,94.5
0496ba4893dc2332b957b3ac5cc5a60f,94.5
d829398fbdcb8dae2747726ad64bc41e,94.5
e89e8c6a46f7f4a750d221ba1ccc012d,94.5
9c77fb557d9f0893953dc65765db1ba7,94.5
d95ce2be6ff270c56b9120ab3a481146,94.5
1c247ed1bb41f396d77b442440331f3c,94.5
832ceac5b67d91f8915213377b44dad4,94.5
bd13582471af02ce718568d9cf8bbd93,94.5
00eb2bf26ade27447b6532561c6a402d,94.5
0bc54a02fdbcb70408167af288be3dc3,94.5
18c36d92cc77f076f56a7f5c5c084603,94.5
b98eec5515037585fa2083f6e6b787db,94.5
811863441f31bb8c711015a7730e1b41,94.5
1964cbc4f686c7de6ced7a1e10479987,94.5
d2de2cde46b0f64228fb64eab3cd79c1,94.5
a4239b620a64a0e59a683c996203747f,94.5
54845a8b81a2d3e5b77fa702300da942,94.5
6e20bece97c49a1acb50dd8a05c0220a,94.5
10328da232a833bbc058322c5f545310,94.49
6b4a545e81c747a0f12ec50d9f725d63,94.47
1a7b99cbc426a387112f667359019065,94.45
5fa09f396373904956de2a879ecb7e2c,94.45
5ba7661245837f4f897eb201624f550f,94.35
e6aae10414e072fc934b448c5e4aecb8,94.35
5025f49aa0feab6544b796e66b8e54ce,94.3
0cb10e3c2af21e14547d1bfda472a2fa,94.3
3a5695bdd7131d847aa186d3e219a142,94.3
512846cb027d802d48f0eb1ad466c94f,94.3
80255b4d66957ab58626ef18f9c5f16e,94.3
c03f13a216dc4a2cf98a0109ca7aed80,94.22
27a878219114302047d41366ffeeba1e,94.2
0b0dff8d1c3195cfe702916fe62b1564,94.19
b38f618992aaf66a48b289e2624199cb,94.06
b6b5f05626c60dd79df381ce89fdb876,94.04
b09883a38c50f6a64741985bd80ec237,94.0
c55355e7b977437c0e3bd30e169b66c2,94.0
e05bcc70a42c95be8c4ba141fc5830e2,94.0
26fa92624a59797dda22be2e952140ee,94.0
969f78e4502fe4fc9d432ce2f34d01a0,94.0
57210fcf293fab7b885ef8eb44591639,94.0
7bf30e8c369da26439282a284134f49e,94.0
9f1ce9707ac4a64d4d9e99339fa0b08e,94.0
ad6422b821f38baebd08dd741a040921,94.0
b047a1af40cee55a815fe7075e4f1a74,94.0
843b211abe7b0264dd4a69eafc5bdf43,94.0
9f68ba009f061aa7f0c6458e66efb743,94.0
16c2faba7cd51b4d08e6ae4bf0519bb4,94.0
a85f4461b4976515bf01ad76776638f9,94.0
696cfe66865abec5b9a5165cc2b7bd6d,94.0
894ce1f963ccd5807bc43fb0e71fa892,94.0
ada8a8ca0c1a864faf637fad00538a71,94.0
a80deef4c70516cae6c81f06381b2d4d,94.0
7bbd0991ce7abc02edc027353b6e3f73,94.0
477d86c69046e0524d097ce4619f78c2,94.0
a5193734c2a6462a16cbcac9f059d36f,94.0
5585e81d18619898a7ee6517d67cce6b,94.0
f46860fe1b54585612e3fffdbf52e43a,94.0
c3d0e33c9d758991233ba3cd56fde6b8,94.0
7438ff3aefb340ad9c04d0a5b1cec14c,94.0
941d03f0883fa067d8897ef31b501488,94.0
34650be05232210e960d2e66d783aedc,94.0
63fd9170b32b31124ab00a1f8ed620f9,94.0
1575a1538d2879dce4c6c8669c661ed5,94.0
d36ad67e31081649d98206e542b056fb,94.0
cacade100f1ef4bb325438538d726a76,94.0
ed5d382ad64bfb554932d5d64a698c93,94.0
deb1ce7ca68ee64461402e881a1c02ae,94.0
d3e077372d87af3cb6f307c26855e2c4,94.0
5670e8edb5152237d23bfc18f0c96e72,94.0
bb205b0f9f296e7cbb610b231dc401d3,94.0
645f1c149377314d10ff32039afa7b14,94.0
edbdebdfd7bb25917c54cc105e4686a9,94.0
1c0f684a7ac9b27286bab298a8e9af79,94.0
9b86a9a051872962a0d00c7e1807cb6f,94.0
cfde53fd036308dba103823ba561b885,94.0
41d8bbee1c02a36bcc5ccbe2d5f0a85b,94.0
28f3cd142c1a8a51eec212602b9bf077,94.0
820ce34afc3dd20ca42a649b9104336a,94.0
0949ec89804801eea30b31f63f49e2ee,94.0
7b1f7ba982a688da2fa0cc1b56749d8b,94.0
4c6113ce1061af072c9e439ee436fba4,94.0
f196d37d8e1f7f90f133e063d58fd132,94.0
3a39eae0994776de1b44b1666124aa7b,94.0
7a4c94706d298eaa66cae2aff0cf11c9,94.0
4f2543864db97ed20729a2bade1a87bf,94.0
4ed9c0afa4ea1132e602cff348fe99f1,94.0
b3fb9c5966693add36d343659bce6fec,94.0
42356f821a14f6c5ca7af0392a4141cb,94.0
dbd01710a8d1ac22396873369d7ccf40,93.99
a665a1314241703415ff8050078a480b,93.99
8b064a200d335d30d609487f84414812,93.99
fd2947021eefe3d69a634044112ef5f6,93.99
3d4750ef71b9c11bc21110cdde4cbda2,93.99
85569a220677a6e1458ca456d5c0ff29,93.99
d60f4a3046f0f5a081711930422bd04f,93.99
efdb7165e1cdb1a60f09f771135412f1,93.99
5e2bff98772b674b3afcbcac6efe0f76,93.99
b815bc9e9f6b9713dbaa7f27c5b1bab1,93.99
15bea20cd005ed59d34db54c6b32ec98,93.99
24f5c81f1320573d31fdac7b20802d3b,93.99
1553ab603591b0bcd1db71d3e0bb98f0,93.99
14771e5438c96d48727f0abcc82a0f9c,93.99
ac4235b361fa3cba41eec937e58cdcee,93.99
4a741f0bd96ff7d84df0a878fbe416cb,93.99
0a10f2469747884fb49105c75f609257,93.99
50d875023f0a34420fb37be9be212945,93.99
15f9287fd26f7b9c9a3a78e4cc82586d,93.98
bbf5e4f5d513a583fda9a03c05bc4917,93.98
11e0029418313bcb51f04b5ea486743a,93.98
1a0d6c0fd553e58bb7456e4bb9f04fcf,93.98
49c9dbcc5c5326a91545d815205828d9,93.97
eb4a3408cdc127877b876b3aa183491a,93.97
6d51f1fb500ebe392c0f01f81c33ac4a,93.97
894bc3b57706081b775d54a4756654c7,93.92
d8b784ae75a963e447ad00002350a004,93.9
8397d3c7e88a2f43a4d125c164045a32,93.9
60f1def9b59b404aa3244246ae05bb94,93.9
f679fa8e9a81de8ac956abac047e5a20,93.9
2276b635bde7b942fb5121b7a00e8b2f,93.9
3fdf7e0abd67bd9c56395d0cdcd7d63f,93.9
c4d577a3b00d363c6a6e57d629b4b558,93.9
39003dbbc1288a363449f30527539286,93.9
c2b75d1fd53bb83675bfdc21b3f6d1dd,93.9
49a5d570a49209ce35342d68ac4e519f,93.9
53fb0f39bc6effe2c89be509e2a9f6bf,93.9
28f6ea6858cfdf1b45f4a3623a6955e6,93.9
4cd8bcb17ceed65f2172f48bfa1a2834,93.9
7e42e1b6d62913f7c891b8418c7e6481,93.9
9cd37be684095870044dc87dde12f767,93.9
7814655ba11d388e25aa22d97131da57,93.9
5adb76c2c749cc4021ffeb2d5a088c51,93.9
d56e7f4b619c4e92bb318fb9543d0015,93.9
9723d86b12bdec025be4c43f71b0ba52,93.9
54b30cf929edf0b2c88698d991241574,93.9
b2b424bf038e5ffd3dd24325a80529d9,93.9
bea028dd673f09d19c823b4b6a68a171,93.9
d1ae2693cea4de1a7763a73018e7a6a0,93.9
c7026d57df26599c48a4b41e6bb9a57a,93.9
de5af6c03310241012f6c59998a13089,93.9
2caaca1985bb7a8d6ee344b17faff467,93.9
7b18acfe11941bbb0f7e40b0410fbba8,93.9
7f0ca17bb33b230b47459437cf0682c7,93.9
bc325f6a16500a6eb5ac8d20ef1290ce,93.9
5e3c118213835b8e4dccc105723228c2,93.9
986b5b432a29b3edf0f60465e6496f8b,93.9
6ea4abbec741ef9f6bb96b8838e2945f,93.9
07731871dbc303d9af056c55552492de,93.89
91694ff681d33e1a57cbb4bc22f3342e,93.81
2e2311a6dcfd6916130042e7f0793281,93.8
1ce752e35481181a9166fa7eca8aacb3,93.8
95425cd5d47d6f05ac54dc500abe1eeb,93.8
1eeba1b0fd9dd044280bce0056665d04,93.8
9e9cab5f8089dbfb465b14561a59606b,93.8
e51c09b37c7731688648174ef61e64b0,93.8
84a17cfe532e2613e99a3850e80b71f8,93.8
2a2e5da410ee444f71ad3655ded22c9f,93.8
ddace16f5366d93a1044dda72a384815,93.8
6eca6a68fb5698b5bb9671f869617f2c,93.8
3ceb1d618224bd9b3bef7cb69a44442c,93.8
3ea02d8ec736f8f94fcdcf7d43bbfb92,93.75
92ea14246ba314c5642045e9152b75a1,93.65
75c8873878785af64664ea575dc50c52,93.65
75c610c81bc7d8a4d8f1629725bfb2db,93.6
0f11f3592b2780145f6e1fdd6119234c,93.6
d4126d6be9549edce883718b6af9ccaa,93.6
c96a1529c59cbf3fa1a38386f5458c0d,93.6
e81e3c4a1ce58b000f69c2166bffc095,93.6
57519c5cbf6b7c0d2d9cd3ccbd173776,93.6
8671244f3c6c3af677a047146fe41707,93.56
f4926d4b789ad9370721217c7800fd58,93.55
888444899332a330a2799e8b94779d1a,93.5
d28c1763c1a27adf9ade614296a59e3e,93.5
ac7e0a1b153aa1cb418bf882b101aa31,93.5
0c0876b2cca2dd85f4f6401182ab7691,93.5
7b57816eb86d27beaec4487edb99a0b8,93.5
1fa0b2faf3792a27a0ae71480c5c1e72,93.5
139cdadccfc90320a5d8599745cd10cf,93.5
4ba2b0197b5e437ae42e625a89ebaf41,93.5
9e9e7a5ee7c5e26e2782c06f0acfad1b,93.5
d722da5879a40dcc6a68bdeb5de48f99,93.5
fe4a3d31418fdf45182fcea36d1515ba,93.5
be3909804136bf8c69d6f1349168c90e,93.5
32d919a6455ad025e21d0b612b2b6554,93.5
e79b5d781ba41620987594b6efefa45f,93.49
8300b253882166d54df794107d32f0bc,93.49
f6d20984abb578ea47f9f68ddb947966,93.49
111c5a4d2e3b12a1e4b8dd7fe3e4974c,93.49
b8ea8d6e274eb09417e6dbe8dd24d55a,93.49
59d688a4ae12c26301c19fc90cc15ce2,93.49
6a5d2101f8e85d2d3d5fee09a0fd50fd,93.49
8309fb4280b0ad191be5bef656794028,93.45
6ac5d6f73012a423df8bf05e5eeecdf2,93.33
a16703cdbada7b47755ce962a48bf6e3,93.33
0a9da881cda07b1c0870449d93a9660b,93.24
0cd47abbc8d9c815ff586e5b21280105,93.24
4ddbfef66eaca734e8b160c1c048a385,93.1
2c2f2a5860e55dd7bd048637328908c0,93.1
cb209afb7b4b522a2f22a76c0865aaa1,93.1
fdd9327630579a54d51465e9cae41a9a,93.02
2231986257f0ec3bf5abbc49d3320e9b,93.0
58c91b2ec8eb157ed2315e16df70d236,93.0
77c82fd1eb30bc7ca2e3075fc4bbdbd7,93.0
bce8f513920e36d27e25af34061cf94c,93.0
27caa643cfe4abe86f3cda9d042f7446,93.0
95402c3f92d7913b4a3b37aa4f51c9e3,93.0
1ab90907dc3f013608c6d1d2b312a1d9,93.0
4d640f85482c23980bedcc13a8219e23,93.0
30dc1fcb030584401c7209e9129b68e7,93.0
30a1aa7080aee7946cbfdf518232591b,93.0
6f1a3eca32ef3b8379dd7814cf87c8d4,93.0
5184896b399ca54e78e21e5f8e0085ee,93.0
ad12d6feaa37e9500ae0eb825bf9358c,93.0
8ea66ae4d3f2dc12f923574e837df7b3,93.0
bceccf42d84fd8009a31e3a486b6ce89,93.0
271f8bae1747c6d8d6e269f4fda27345,93.0
07d64c600dc999b465dd059929063cc9,93.0
fc583cfdde5d391a98d0f17d30209677,93.0
d0b0d73f1abce4934ef0895fed3726d7,93.0
4b5988f858ad9f6e8b3773e13ee2c771,93.0
000379cdec625522490c315e70c7a9fb,93.0
ce7388c949c8766b3b5c80704b371c16,93.0
8d89b38aed25e930a8c7cab5ec2c2da1,93.0
41efd10f01f154a3bd077b715dea67fb,93.0
fd7338eb61d3bcf7a748f756e37b8bd6,93.0
758e64c1a6e4fda4017265734e140f12,93.0
65e8eb92d79163578ff601cd27408edb,93.0
4bf8f2a0187cada294f054af193475e7,93.0
7ce0adff24b4b3d2b542175fce45d9b3,93.0
6f42eb897cf003ae9f1fcf351a0890a3,93.0
cbf470a60b080862a89d9de80635aab2,93.0
ae70eb1dad4e84497e4ed573ef907ecb,93.0
f4891489f2c2b3f48b045142a066f3e2,93.0
c4981c3e4fc10c84b4ffcf5d3b051edb,93.0
078285da1785eeb5bb83d3e4d1096fc2,93.0
1783f6be6ff423505459462e62ba6482,93.0
dd3de1d94c4a7be4f1be8984e936f004,93.0
c0f60cca1662df685545a69bfb900e96,93.0
669fa2dbff38c196161e330c91842143,93.0
d6aeebaa342ead97cc1b16e47d59b867,93.0
ea60b3dc0208675595c928338d86973e,93.0
536ea3884533b0bea59e31a7c240fed8,93.0
ea3d26a484fac72fd517ff2455ff3cf0,93.0
7ad00854738c8fc46b6bf4c6974cfc49,93.0
1ca831a513db77af32fdb3913acf20bf,93.0
212c99e249defc8507b913c1eb889c57,93.0
4ee5479481bf07ede155decba0cddf94,93.0
6083fd47c2a7ea4b4b70aa65093b5e24,93.0
183a08971a6a765d93ce3a523f013c68,93.0
339077c5a1390dca673f86ce755d0778,93.0
af6c81f9ed3f319046388c170dacb02e,93.0
0f7e05d305b397dd18acb5dbc69a39f1,93.0
61997754df4745f5724d60969f0ce80f,93.0
9ef02e0bb31e88a1fde897b4adc31233,93.0
e95bf722477e76e8bec8c721acbdb418,93.0
c50ab133267839fbc99dd43faa20652d,93.0
403d6dc4a2ce0ab3c7c8ed1267e7b989,93.0
f88a416ee96a705d4dc77e82fca0e2f4,93.0
067ccd26a1e4082be06995121d90c1db,93.0
3bc36b88b6987a920fc6aa2e63f6c76a,93.0
c2707c8fb97cae32e395d91109cf58dd,93.0
380b3fc8462fdcd133a900ae7e665133,93.0
39ce17aaf75f3947b94a0eedb243fd93,93.0
e753a8c5c00e7acb6be62acbcb6726c2,93.0
7f1bc009fe19bd5da0750c9161fe70d2,93.0
186471b7d8aa716be1efeb6753759d30,93.0
6b635e6c379f66519085bb6d86dcfcd4,93.0
e98d4459ce911f6ae3aa3c9c0f3d94bd,93.0
4bb8165114328aab76daee192c23573d,93.0
cd4939a4356f7857c5b698932ee3eeab,93.0
4c60fe3fdaef95d866f244636f242f2d,93.0
be727cb4f334f5d737a6cd88c4347acb,92.99
f611897d4144c0528cbd912c0ad0e5df,92.99
b1f944564a9a2587451f9a1db9bc6459,92.99
36ff5b9abf34399f011005832bfd57a3,92.99
145a4deb39fadd4ac6f0c758335f1baf,92.99
1f7a22279c8d2dcb4819098ba596d3f8,92.99
f9b99e5f9818d9b898e34b89c5a75605,92.99
4965b9be66de662998ffee51521b53bc,92.99
2e373e3e8d560be62b5db0358183b0c9,92.99
1cd3686dcba36634fb02546c59b48291,92.99
b826fbf79786885fe1c10736318b7161,92.99
4d1369e49a544143b943aa756b04a306,92.99
db675cbca3e2013b45758917a705a509,92.98
7a94daa481a6da66609f5d721c4cecee,92.97
efc4607fbb8ac874c7f80b692b9fcf0c,92.96
4109c63be22f97950143c4acbfa68e4d,92.96
c4e0a16af80a051c0641f0bd76622c7c,92.95
4f4ee29810bbc369aeb430d5aed89fab,92.9
c81fe5c30e1cfabfeb1225fa672ffafa,92.9
33a90278a0a7d6de6dbd7283f413a4f9,92.9
e443687342a318891ded77cd6b35ae4e,92.9
d08fb3f54daea61a14946491f8cd4ad2,92.9
ec6d733c729e45a75dcfa18d42c29c7a,92.9
99d24bc37b036ea1d3126f00f198151a,92.9
f1b1fdbce377337fa5032c63729b67b4,92.9
f8a238ea4650cf05765ac7a2a54d8693,92.9
860f2edf83e2e21d5fdb5217f7635753,92.9
159d6b06f07d8a56005d06dd7d669199,92.9
0c0770e40680fcb4ae855ee1493ff116,92.9
fff200ad56bd3e1caa576cce9d282672,92.9
ec37a7901c9065e7e37c21cc3b983195,92.9
978e12fa282adbbfdf238bbfc43bbc32,92.9
1318775058e4321f5018e2fe470947cd,92.9
192f8a34932921270eeae48aa340ee52,92.9
07ea3ec35713ea67602562cad793eeba,92.9
ab16e16ba3e5b87a82a2dba791f53f35,92.9
f82f90e4f8e09dad6bbebe46b6fde923,92.9
54436727adc02bac2985f7f95c883b72,92.9
bd9f453692541458b7e80c8ec16bc167,92.9
a390fe558b139ce011632daae403ef40,92.9
255fb2b89d8189122d5ad8d98c194dbd,92.9
08f3422a3e840638ce551d88ebe25a67,92.9
dd90be76e9da7c8cf31e6c2d4f0a8828,92.9
29c37f46cdc35fd09806f6a826079c47,92.9
479ca8d1cff55ed96a8668fbcad81524,92.9
2ef3c7de1b6079d40773f9efb4bceab8,92.9
86aa5fc8f65c55027ad99b9ed5d272b1,92.9
1545bded706d3f0871eaf9d677090e7d,92.9
aa31cb4c8f89a13e357f2fb946a14d9d,92.9
449bbc0df0bf1e966a7d4c41fad151bd,92.9
82b0c471b6a24204ca01741b3bb5cc87,92.9
e0fcf37333b29f0b97e8af045f8efb52,92.9
c2a4ba1f57f47ca977e26c78a486e671,92.9
b2ff19f8f1820f92b022f5d33e0d198d,92.89
d3f97856abef8923cb180cca3f197823,92.89
959dea625b3585727393f81649b336a8,92.89
9112f67cff437f03c7617e0b7a72846c,92.89
d2ad5766873874573486b1af06c74dd8,92.89
d7f9e3bed56f2896a2bd3a7a369d7d9a,92.89
ffbcf1eb664ce45bed8883fbcbdc2b06,92.89
228c08d51cbc3f62907a83a9ea1ed246,92.86
ee5c318cf48984611de1e810886ed587,92.8
482837d98afbef61d7c709453521a3e1,92.8
f632ad5299fd1a88f9aed3c617d761d0,92.8
1ce7d8b38f4bdfb50ba3cc9136eb0917,92.7
5aed239a8964c9d4307c5f47c0d81132,92.7
ffed5d4f6245fe13cd57054621eec36a,92.66
14e237fe96e5b5c7c4cf9ac6c2f5d60e,92.65
eec09eca4fd01d649cdc17286fb5099b,92.5
ec9e3bc81d6b93d5b6602984f860ffce,92.5
2c17a1538f46a90219647fa26b661598,92.5
733977eacc36467042335fbb457cb244,92.5
a9d7dadb674a2b5f2ba297d75abc3a4f,92.5
d4beef859d9a353bdf1b0876730c986a,92.5
050847efd8d1bf6c54662d9fe2fae0c8,92.5
ab836f077c0bfd95a66b4ef495d3234d,92.5
76a1b8441dfc958f668898b0825fd102,92.5
2a632e9d40a3a80a44f559f341a36892,92.5
65c563b14ed084517de63c0060ae266a,92.5
e36d98b48eb5d1b52eef30063bef6924,92.5
b46c68c30126edf5c5dbb7c2961f8491,92.5
fe7abd700836b4f8d8a8a87624f4071a,92.5
9f813f104df6eb4e42db39a0e6f4aa92,92.5
f8fe44962522b924e8ec219034dfe81a,92.5
8f3ca17afd7d48dfbf1aff93b99101c5,92.49
b0c20452deec54b06c12b989536295d5,92.49
16d565425477f516882cc7bae128ea5d,92.49
d1a0299b96bb74b36b5be8c849f188b4,92.42
f1c76162ea81ad7889daffd690950c5b,92.4
9e87d65b2c176633f2117870cba54361,92.4
3f53ef6dfd153c217fd13e670a215495,92.34
8a45f7d2b87f16a273fd86e9d5efc35a,92.34
9ad2bb40f5ee7830938a7c6147146376,92.34
aec77f52ad492c98a6edbe277120228d,92.34
eeb730c4c2578aded27aada780e25e93,92.34
3bd9cab16ac6be6b2cf08859994a06e3,92.25
276170f5bc4eba680e2ffb623dd52585,92.1
a54a00bb6ed9d6da10607809516554d1,92.1
8c02349217989ee7257c050cd31c5933,92.1
39affb22b0414feee0d2d41c3434b9eb,92.1
19b718bde73bdc9cd4eeee8d034d2e1a,92.1
69d18563a5f35efbb3559c926d4326ab,92.1
f37d1f456e7b5329d33210c0e8eb6ce0,92.1
29d38f9bf6cf71f4db95a87da5ad5086,92.0
eb6c2016db590aefde406e79651a4e8d,92.0
061c2eb252b4e73472bb4f9e1169b43a,92.0
dba5cf7fbe92b362245b9b3d684471bc,92.0
cb07e9c35f7a2f69616e3f98e53b4378,92.0
f15d200ef0ec72271b2f83d53604fde9,92.0
8f8053e42f46e2147a21c3efd579a37f,92.0
99895a9b5ea7a5e7b2bd960ade35f89a,92.0
40d476acc6770da6c864721bd0360d0f,92.0
24e087703533b976db3e2d867e2b07af,92.0
af716e66a2cb5edad96d3a43ac94932c,92.0
7b75c3c106052a5a4a6f8b95e794f0e8,92.0
8cb5c95e41d7589e72453a8ce44a273a,92.0
c4ff6e8b5ada8e701e1388a369137122,92.0
35e65e2b5e2ea85800c37046acce1e22,92.0
8cad5ea5d951df9c2745a79c027b239b,92.0
4dd59a7d17b585dd01c57a0898e7ac37,92.0
70fc1f96a2fae9693b320e71f0275aef,92.0
1197bf329f121b056ea797341fd5544a,92.0
ab38c15ae437c9027753155840482b9a,92.0
67dd6c4914b64b0065aa2f6d9930e8be,92.0
50b34e62e29fac12bf47dda803eb8f31,92.0
76e7be904a79a6f6fbff238fe6223be1,92.0
5f8821579f7deebd8827b5dcc57bcb45,92.0
fe0697e0aefd1e73bef77dd71948100d,92.0
7adfb8d0c45a93174efd5b6d3485c433,92.0
e6e54024af4e4f215a7db511f03f4701,92.0
30eb033094de52a963d1812ed53a4c65,92.0
6bd9e09f124d408482b182fd9903d5ee,92.0
69fc759c2dd1b4ca51e0ffc8fa632455,92.0
acf845d165d496b411bb1fb6c952b75d,92.0
13cec4294177df9c4d38db4e9d981230,92.0
2c699e733aa003efaa30199d2dfc4c41,92.0
bb69f8f77059a3d1c6bb2242b10b4f56,92.0
f9091907c8f636a4c8fddd72f6d0c8f4,92.0
e9890eff52c96a26d5fbfec4d173aa57,92.0
e96f726a36912911368a300dc6cdc621,92.0
2aef1e92b65aaf92fe0c6b5cc45f2060,92.0
7d2671576061ef532adec03d895eab6d,92.0
b42fde337b8064a69eb4c1d0e6d43fdc,92.0
4bff33bda9d28aa45c0a3883999849bb,92.0
c5d108ecadaedf367e995520d36c9b1d,92.0
093e07dbdcc9f26d16a5cf4c0b8173ab,92.0
d9f669d2d9959193f0121cf7a8897893,92.0
4a03eab27d590c8eb367f57a2fe5ec7f,92.0
8a733c4716440dcb6c7fb14e31d296dc,92.0
4d17e331060256334f7306addefb7915,92.0
d23d90c1f2e9ef50c8536ac262199950,92.0
6b86bf7b0271bb85a4c6ce7f1d0370b1,92.0
d7e97bb9c2ea415d1b1d1178198048a5,92.0
9e76b1b37605f553636242f3e5861c3e,92.0
a1e65f5f12d39fd6d16d0f74cf754dec,92.0
545578257a7364d3f3e14f3ff67e7d5e,92.0
6fba2f2bd26fc0e5f05a1e007730bb70,92.0
34be67598de227a6b323a75b6bf65878,92.0
01288d72df4b2a4fb61182da4113ceab,92.0
60a397f10d638fe16f3dd51a345f6ab9,92.0
2fb24078c13d0689c1a6812d0e36295c,92.0
6fc30afbaa8c92e5d4af80945d59793b,91.99
ab374b1de7b43e4c22708b9a10eeff06,91.99
f6e0ef71d5db485c5d842f12dd67ba37,91.99
73e06cdd33db85da3e3df5c0c8404718,91.99
e51f2a8949104c23d15abd26048a0af3,91.99
05bb610f8efc9a227c9c88ca5bdac554,91.99
9d02a1c6855b3536a26bec71750a7908,91.99
200c580999cc1e2c937f6e2f82eb04d3,91.98
5e8da2602df4c08e871369bab9405428,91.98
024a05bd7b940e8cf5827498ed1e039d,91.98
808ea78f3f8da34cc5aa6e723b9ce7c5,91.98
cdc8a72f10450759bd9aafd76c7a11b5,91.98
ffe7ffb7c7ae0d42808f387578426b3b,91.98
d92c4eb4cfeca0de7c933dcf36d2f7ea,91.98
cd2149be09a8d515d7b129d8dbac2fc2,91.96
b4c825d6c0092bad902b89dce80ddd91,91.94
fcb0632d5c4df71e640a71041f21a6f1,91.9
17084ed39947b199ababfe28c0044b39,91.9
da71ef178a592dabc39893a5a4aea96d,91.9
a3f75bc9ece2710b9799855474eadcf2,91.9
b72250b3fe9705bd075b55d6d0c0ff85,91.9
0d1c5b3db710f5db56a7d67dfd459da2,91.9
4308db2f3f1ce5f817e16184cd306817,91.9
c60ae2f802c93d5d8df1f6b12afe6937,91.9
4fd530fb0a2670c2016db3210471fc7d,91.9
3601d7ff340f497fa2bbe5a612e88844,91.9
f9985b23d4ca672f9b3086de24187772,91.89
85706d8fd13e45bbdd93f89b557e3386,91.89
75aa0f7b76847ca2b890f2e844a4df54,91.89
a053b95d32607c31f7a02ddc583b7e49,91.82
a0f578fe552521788131d5e9cb728e0b,91.8
42f3222ef4273d065434ed6449442086,91.8
9a37a72e01b19af73e41b1491d8d9d8c,91.8
6f08afe6208e54d048a3fc50e512ac7a,91.8
ebf86ca79813b04fc5f6641638ebb9f6,91.8
e09c9ad5a286eb60a8782f205629b53b,91.8
f6a53e7bfd553a8616b6b113fbce73cd,91.8
019874e4746e94aecaaa9494661b9f26,91.8
50ff7fc5ed9bd9bb79a4313f9924c6e0,91.8
f277efbc37718499302b3e189bde8e35,91.8
584a431c7de9d7fece6d188794b6fb9e,91.8
1ab8e0c89bc86653d00e6ce606d71e18,91.8
8d8b42864e9c58a7c29ede290104b5aa,91.8
e988c9a3c46e62ceec5ce41fb13c1e4e,91.8
51dbbdaba8a7400b68c2c44be069b5ce,91.8
43e8636f132b4e9a972b5bf396b1acd5,91.8
aacaa03a2d85d2992416317b3d1ff5e8,91.8
f745cc20c9f5a199205e7f08487942a0,91.8
3e4b0745edd000022ba7bbeb4918104c,91.8
d5b03af823742e307896a30d43e41340,91.8
bc9a74ee219462270870472b5ee3429e,91.8
58b3f9d97adc1124fc58d45224de7912,91.8
f1d1239bf0cad23368e7729702967983,91.8
215c61c4b363ec63da749d67a6b6bd59,91.8
8d619f80aabf169920e723ebf035f577,91.8
9f1174fee9ddc446660a9131d5c23923,91.8
e298e74b806d4568b183327e007bd05c,91.8
38045eab76ba7a85aa85f21a100f56a2,91.8
98218ce2620a69f2bf746b2326b58c61,91.8
6c2d0842517df8f1dcb81843c10410a6,91.8
20c93ce4bf340f35b3d27d2219cc5937,91.8
239f5de311e5a80828f27f9f579b85f1,91.8
1cf11582fcfc4e9b387dbcf13697a623,91.8
a10542ca15d2b49040564f4e1b40675a,91.8
ac7b051340b262da47d0c7fba8e34a9c,91.8
242286573731605587d92d0fd8162a09,91.8
3a5f82b200e600b7fc671e3a395dfe2e,91.8
498ace7478636fb1bea4357fb62a30c6,91.8
a6c87725b81598322c4399140aa6cae9,91.78
84c20d0d11544eca9070946f4bb31c98,91.71
14c40450842463a4e86a52654f2e3ff9,91.71
63be4feff10a0b1d85f2cfbf10df9754,91.7
3ea4da2f3447247b3d78cfe6c43a637a,91.64
f6dd501a7cd9672dac78ff3d26a9912d,91.6
38bb507d2633cb3070255ddf8b2daa5d,91.6
1603d8a8d0f688986db6314be1264b8e,91.6
4351c2eaa6563ace78e4793c5459fdea,91.56
42f30d19ba55c70a397cef0afe830f2a,91.55
7a3021c54104f38d7628434dc0e748bc,91.55
126020c44cce5e31e2e4ac4f44b0d638,91.55
24345778235891cfb9562afe65a18137,91.55
fa4564a01977f94480c920221fc48f1e,91.55
51413f058e230f8746d80916d2036794,91.55
07eb1b14bb3ad0b4c5b5a5412d13eea1,91.55
4ca7133216f9b31f80221af0636877b3,91.55
ea2ecf4a8368958eee851ed4f09dfcc1,91.55
e660f7483c8a0e1600ce3131a224ce75,91.55
1ece1ad22029bdc9810c4d93cba3e11d,91.55
7ff9bb06c12c2a81674d806fb707fc81,91.55
ab407bdc2ddec4a08ccb2441648a7c87,91.5
95c1b0ba082cac1a452cea81d5c86d3d,91.5
50811b375285c235a013d3d645d93641,91.5
fd866c2c21e9fe3acdd94820ad6628ca,91.5
8554edc6506352628829dc43454308f9,91.5
21f377bcfd473f018492b826540d36ef,91.5
e5010ccb54ee9788ee5df0ceb378a7d5,91.5
fe947adaad7a3db48e9ac07b358e6aa2,91.5
cd37bc7c650eaf90f1675508bb70c809,91.5
940474e02a07d83fb5d8ff6083783296,91.5
432bebd364d9ae1ec762aa1916b29db5,91.49
7222593d73650ed06f14c173e8c0e796,91.49
4cb7ea6ea120acd8ad213beea31ef046,91.49
685b324496cdde685f878afd7c329cee,91.49
7f6dac815cfedce002223f96e81506ca,91.49
5f2722a842f2c4139075f98f810e0cd5,91.49
1b6dfb571cde0e7d73312c4ac876ee42,91.49
0f8ca88d5ab70cbd3cf45231a02a1921,91.45
d67be65466afe0ff78ab3b609c55dc51,91.4
2f3f2192e521a60c3f97f340e9f964a9,91.4
d1b609ea6019690c926e752444343efe,91.4
1343e92bc9b2136df6dc8172d1b5b6e8,91.4
e36a9aa169049e117a9f775f945bc6ca,91.38
4cb9e449f1f1ca4b439a52f2e5774c2f,91.33
90846c8af61d95ef1e68494b650d0bd7,91.3
446e5d4f61445564a962e11953a4d5ec,91.3
c7077d913fb62ff4361399a9f4683479,91.3
49165a769ffc8f63260b6ed8f9b5ba95,91.28
4108be8493d3de9fe8c7ca8d31d13407,91.28
89ee23cf8b826a758b7e2fa15582ca2d,91.28
b4ccd6b4f5550c49836dc4c7241c1150,91.2
3f3c653d87141f50a30e6818c98baf67,91.2
e3090a0296ad1120f91ae33b94e1eb75,91.2
178c94084b6160780bea4065bff9d33d,91.2
2a6654d9b0abcfdec88a4c0f58b169a9,91.2
e899215e0960eab10aba098c747f2c88,91.09
5684d5bc5f337269ce0f7b6c40ef2ad6,91.08
5124af0baf58d5daaab528b151972178,91.06
087cc2646ea2ec2582be6ce1efe88cbf,91.0
ded07964b8b743d9fd2688790b7052cc,91.0
84484fb1df4af441d3c054c7e13ecc6e,91.0
40c17557e54ccd8ccb7f592a2c1ce94f,91.0
87fcd3ae8cefbde105ade8be91dbbe7b,91.0
28e7c43216a6d55d260c3fd9fd7f663c,91.0
130db473eac67b544bd3813c3a92cef1,91.0
a60acdac62e9cf7ec389b37d8d81e948,91.0
d34dfd38d5a09cfde6f512ed4ecb9600,91.0
67ecc6b957ac04df1289cbb717919aa6,91.0
cad1f9ec70f4fe10afa85f584ec62d37,91.0
b9609058c7950a7350e50f9b2d286bf9,91.0
1a71c3ead49ef67aed93c31aacc4d046,91.0
26d51363d20344386df9fb922a155a26,91.0
b9051f8570a716f98777d8b82d883a28,91.0
e61c7b78eb77ce2e5f0706eb12899e5c,91.0
0273ad500c7050a14ee1d5a79d558605,91.0
d85d3d50ccfd1a908e83cc3e2ad32622,91.0
3506351d6f6e36e9b381d2cbd40000b0,90.99
86a37dbd4b61a93b6fb20527263bca1d,90.99
fa865c3b6a22d9eae6d21cb673649062,90.99
61f65e892666612e67f67860caa1abd7,90.98
460dcc55d5e844747e459af4e09d747a,90.98
5567b3e3e9aba361c3ebf8f9530addbd,90.98
e48db55564959abae4213119668090b8,90.98
a0250ba2440a6c1078aac6883dec215a,90.98
2d9a7f6bfb053e602cc26e9c77c5f2ee,90.97
6856d69929a7b81e1531ae0c49054921,90.9
dba19fc278a9c05bdf43327f419160fc,90.9
3a8331c2730ad7283201bf2eb3a52ab0,90.9
af2fbb84d88e6790325d8e566bff63b5,90.9
55ad70f3207fcef17011bf16878d5b9f,90.9
b429e53162be13ff540986e8b19a10e9,90.9
679c8904ab29adbc9094871de22ff44b,90.9
a1ba14f56d6ae75e85b273c9bec2c196,90.9
d4af21206f409c5ba8408216b06b00b6,90.9
e7892cc507b3a2e9fe53385ee5509351,90.9
e61e3c71e8e35dbf0a4df24769a0cf7a,90.89
d653adc18616e3bf4070236ee0041627,90.8
f82e7ea7e2191c41cdab06dbe728a725,90.8
bdbe54565d106f2e7717db1c4334c6c6,90.8
fc376bd798ea2c82b7603662867ee0af,90.8
1353b6db7e448ecfad1a4cd13b95f832,90.8
9a33c1a33043079350725b88636bbdd7,90.5
1287bb4d651bd96d3b090a92997ae7ea,90.5
a3bbdde95e5fde2e9e01162caf5137e2,90.5
175331ead0c0b4d45364cff5f238cc8e,90.49
ce592ad7925e24b891730859400babe3,90.48
68c2e9de3671404a8f65a869f7a61e5a,90.4
235dd3ad25bc8b3cc4b559a1f835866f,90.3
7e52c40ddc442f47bd543f184fa91d0f,90.2
7fa7bd0cf78ec810d6a60fd27acf15a9,90.1
187503420a9d76ea39fa37e2429c167d,90.1
1484aa9c76bbac8c518f7eb7328494ac,90.1
8699622eba7793932f43f365601cda2e,90.08
059ba2888199d4f7b4361686f67044d4,90.0
0deccd2553f62773fa2c8fc5911b4afe,90.0
a686bc69c00dae62ab403c20223443b6,90.0
428db965aedf0c8c56f94d005539a9b0,90.0
1297411dfdb6b4fc12bf489fb299be4f,90.0
b37dfa765c704039a689aed328bdc92f,90.0
f9b4a5c4cad76c978b5c0192cebb8ff9,90.0
5d3c9530c128a383ad3335377d9654e1,90.0
17d3670bca39b5c4cf9b10007975cbe3,90.0
3a28a125ae8571da188c2152082fabf5,90.0
69f3d5d216d99079f72ead4326908012,90.0
8a59aa4c819f3517cb74c672f5564ab1,90.0
90b42864e69464c727c7b8e69b53b008,90.0
030bd1d7425888e0429cbe0b1db927c2,90.0
f37a6d2033b44cf9861292d6e4561c44,90.0
d2c43bfb223cdd91d21e77277cc0df6b,90.0
3d5895b2ff74d5fb6536827bf9799baa,90.0
cfb5969d922ce93f09fe5f973c734a01,90.0
4a2d2e5f1e7d78c701d998b92fe72bd7,90.0
6656ef7022a50363c7be5fbf52d90e80,90.0
c58f1066bbea8063d18312d59f73882a,90.0
f0d84f7bc23152603cb03037a44ae3ea,90.0
29d45845fb05016aca8ee5964f8bba00,90.0
e78962abffd0512b03a8a659eb4246af,90.0
05f224f92bc94da937b108bb3c9af282,90.0
df7fdcf45f4eb3ff483dabc694bea9de,90.0
cfc25f5094ac0c042426bf559e9d6ff6,90.0
273cba7d43266b9fb2737824de113e43,90.0
475f9b601c4b09c1ca46c5e534cb04b2,90.0
81b19d2deb2e6a0bb045072ac3bee91e,90.0
7d4ca04618bb93d27e18473b6d77abc4,90.0
1932595737c305d582e1b11bea15d29c,90.0
9e1a673f2651c20ede7dce5751950602,90.0
c6e3f283e7657e8d92765c2ae986e1a9,90.0
0bc2c14672dbd55d2657dc1913bdd03a,90.0
2c5d8d5b0c34625a285c2a0380a0785c,90.0
ccb3bd6adc91b59bc8a1bce6f1e336e9,90.0
432409d104be0801dea2ce3ae6bf094d,90.0
bdb13e7e5f15f5da6a671eb4c4a088f4,90.0
2b73a8fa9430b526be65472668b11004,90.0
4f531f24ba13efa329c743d01004891a,90.0
e00d37f1223d181e8f32f6f4f6f96c56,90.0
863865c82cd0d41a60fc51307be1d19e,90.0
d82cb629b7b1f624a52b434cf9dfaf69,90.0
1ba1881ebdbdef7f2d119f63a4aa602c,90.0
ca9645866af9d1031c01407bb61027d1,90.0
829161c749b57a5e1a33703a77718e05,90.0
ec428d23b2452cd2bd3daba88b977361,90.0
aaf2c80bac819f4785dab771fa2742d5,90.0
489b09be68ed44791c5b0eba7dc7eab3,90.0
df1ddbd77d8ef26e56e8962a2d515c1a,90.0
dfe661c8c4c584b4a8b55081660e9870,90.0
f92c779f378ec9d9e214e32c3780bbff,90.0
bb4cc8d0f3fb64a9accea9301b1a028d,90.0
41629f77198c3f777c7704b91f5effe4,90.0
9f547d6d74fbd8d1e47e5639d14ac7fe,90.0
6fa5afc4dfe6e55bf4117e62425122ed,90.0
198f2f3c541f4dba5b27ebdcbbf620c9,90.0
a795b1e1b0e2f4f0f620f2579fb2436b,90.0
375abd2810522ed78eabfcb615929db8,90.0
7c3b56c934ceb23b3ef63a681146bed5,90.0
c4f7b469a14eb388cb8284c6228c17fd,90.0
3f0c4f20e1fefc38906f69768c83e2e2,90.0
8e701a68e78164f7db35aec3712ee685,90.0
b5662c2ed415c039d62566365f368635,90.0
09d736fbf93b015aebbfcc66ecb56c84,90.0
3680a273ddb333253fa2edc7d3f8a3f2,90.0
09542e37fe5058b83524a4ee128f5bf6,90.0
5509b11339d759e867ea2dfb58075def,90.0
4a8ce9a8cb458c67086e351552936cd2,90.0
5d8cc99a36e20a6dcde6fbf5135fa45f,90.0
f81bb64a1e672e6cbd0e027046db8533,90.0
c2d62e26a7052b597f2c5f86672e2e0a,90.0
27a2c0a013aee9e9292894fe5f43d1ad,90.0
f8fd9bba9a4358344cb5dc6387c75b98,90.0
13eafd20487a83074d2571c9db223951,90.0
1a7edcadd05cd374c32cc5e4f87d9832,90.0
30b441b38d5a5d35013a37dcf4b37f58,90.0
ce9f7eca3f2369c7de337a4385790c62,90.0
3faa0b42ec04b1eb50445122ce3b70d5,90.0
865642a01a73d8731725095e54313684,90.0
ddd50d9c0a2b734d5a3cb0466c1168d0,90.0
c9d98f41b99acf97b856907c6a229212,90.0
5f5babb717b93691c4757d4bfc1293a2,90.0
0525fa756013f1d648c20c8892bdea3e,90.0
3468e012ad483ea43c521406841b62a5,90.0
9212bd8a8b1c001d716214c44892b1f9,90.0
617b7fef5b839e920d73822fee93d1d2,90.0
df6ac95338050880eb8d4c94baea71f9,90.0
b6a05996b3ea6ffd1c61f75085b37a25,90.0
d7ee2abd77a06c14710da7bc5233f234,90.0
d697b4cd06da932225ff33cec30cea73,90.0
e57094aeb5c4a3144bdb6d0efc67aa42,90.0
328d7a69cb9cbaf088eed3ed778804bb,90.0
c583f53deb44f18dd6def0714c11cb69,90.0
5ba405e307bd7a9c6991a51dd81bb417,90.0
0e5d87e1d51e9f178cb9b52c16f4ec60,90.0
382ae8833c34ef87ae580858968625f3,90.0
ef6175a8a1635137174ca0cd10d6090a,90.0
80446c9ca01b14a65601abf14d15bf61,90.0
da03e848597392e6e96751f887271ad9,90.0
ba9a9f680e0ce9c248e43df637331ff6,90.0
c95f441349c34de1fa4f9b0b7a25d9e0,90.0
0e05e54f8ee266e19c910ec3073c24d4,90.0
5f34948f5d071e36441bb09513db16b1,90.0
faa16af8d17f256f854d0b7ef0e49b0a,90.0
bcb15fe39a9e338031254851ada7c6d7,90.0
c22ee415b6474778375b4a8bac4e6054,90.0
258b5a6816fdca7a218868c01b0e6bef,90.0
0f4ac644739f6e49175bb1baf0277b8c,90.0
072dc9b3b89c0c4822159ec565baeab9,90.0
fc786b631b0c7de13ab9d65b09aba88d,90.0
690d9e177e7d2a54b8d4ad4c08d2b6a4,90.0
ffba8d414efad51ed575616d51e326b5,90.0
346f3247d517fffb206310b3e8ed6f81,90.0
9e73731040bc438293c93f43d07e71b0,90.0
8dba88d5e26038cb58d959f73983a975,90.0
e1590b7d981e0275dbbc1f44e0649716,90.0
59324caceae2cc1a5b246483864d7a95,90.0
7c548882bf83f9fbe5cb6131a81e0839,90.0
f46232212123865e5196e5d003faebf7,90.0
40a2ae9c0a20cb33e84a612a9585db55,90.0
9f3fb20fb87cb2bfafe9b6b6bbcfd560,90.0
261268a1aa478ebccc55d96f0ea430c2,90.0
412252f46f6f9a739d1c261c63d3b947,90.0
2b9cc72f1aace0def73e1719380d329d,90.0
cabe1ec4e4c40db3c14ab19cc09bbd9a,90.0
151728b591af91fcef8ae131a5746a97,90.0
11943259dfd283f8c9495db75d4e56df,90.0
e8f5294ac14b69130e07090b8968d934,90.0
58d11cdb235f26b32a45a4615ff1950e,90.0
c95a657b0a8875f1805ce9368a62fbcf,90.0
213133b1f3d6d32a0380333e4ff1102c,90.0
eadc11a901ffc9d8b616ac86cf86e666,90.0
fbebdb808932c68bf8286924bebd2f35,90.0
6a19aac11f8b7b0541420cfd0b4bd3a5,90.0
3b58d1afde0f2bf6745494bda8fd0c7d,90.0
3e5cc15b21b9977057ff8c00b64be840,90.0
ad17aa4275b1b22d7add92a895a5d640,90.0
bd3ad078b52fcb396d0074465620ae0e,90.0
915d2a8950a52d39766c3cc2516001a1,90.0
a974da127096592544c80544ddd26149,90.0
1b353c00c71689afba44554e43cc5a76,90.0
9014ce6ca5d769a08a59b1089ff38001,90.0
6e0d24cca09d3e293781b6fb16fb5a3c,90.0
b27076fa2b6253d80d3e3cfc6b4427ca,90.0
9baf7895fb5451b36fa17a09b38ab6ea,90.0
8d7f1f15ecebe2d314c4b8ad2121b697,90.0
bd2a2e0bb6c012fc813a03698fb78ef4,90.0
533a50f4592ff36c1041d824d4c67ac9,90.0
bd40faeeca500f134adf9aebc81453bb,90.0
c6cb85c4524d4e9a3f0a514c5d2dbaec,90.0
da5d96580f18bbaa1b06d6678cb50acc,90.0
6fe3e86aaffe0c52d238e4f89950ac1e,90.0
dc46fa85c061e77c72b5d5b870491ad0,90.0
eafef898e7bad5f60b2e30e18565d4fb,90.0
c7f43a392f5fe1f7d34dfa8a57cd4e92,90.0
8998916ec8835c7e91dda0f4a10c9a67,90.0
20c6ce7432acf52ce53dfd747c8f6de3,90.0
a9c2657d6325c3a16a14172b79188fb8,90.0
ebc37754efcd5ef1954d9980073a6c00,90.0
1eebb4900528f6f5203228dfa29f90c2,90.0
f9f9943ef9d29a86f10de3b43cd84356,90.0
6bd3cf62d1a263cc4aa9bf23929d9bd1,90.0
f04bc3f68cb2a1fff4fb642b10c6ecdb,90.0
096fadb12270ba03ae06893cc6579575,90.0
2b76dc3d276278deda563fd2940e4df6,90.0
afeececd4c3a402d37337d7f8b73ba12,90.0
020781297fe6482b10c41bd7a105d508,90.0
3d1688c4011a8de5b3b77d2f0bebbb6a,90.0
ea4e1807aabc4609b7ace0a75efc0c49,90.0
abc544c5a1298a863548ca55c0a727e8,90.0
659e17d303758fa459f2b37ef353f5c4,90.0
1ed444f5d0c06b8fe5c17d80f7400c4f,90.0
542db4871a9bf57277abb73a1b3305ae,90.0
84ff6c64c583bdec4bc0b0d2296879da,90.0
89e0fb5231643d64e8088aa09207df9a,90.0
c9a8614ebfdc93d16a98274a78580318,90.0
78b2079d05ef3c868c4737043f33e6bf,90.0
2959844df7ee76304ee5657652e32b83,90.0
0b42763d66e65a34f6e2978facaf93da,90.0
b7e921dc4c40998b54af80352b06d7d4,90.0
9e2fbf49702bad5716487f79ee40b2a7,90.0
1c436aa3c85f978a78df59eaca01ede3,90.0
4ee5fecd6bbda3b34759f2c4ac11991f,90.0
9c9221c1a68ce2bcdaf79835a2c9b319,90.0
c4bf50bd183608e780cbe9672505ee8e,90.0
d3780cde743cdf0aaab988d388b0e38c,90.0
ecab37577258fe43ba4494a9dfe4af16,90.0
29a39a2b2d74efc63ad4bcef8073a0b3,90.0
8b316b6e975477bad2f7f6954807eeaa,90.0
77455d55caf7492ef02147a2bd543b2a,90.0
70136d50614636d92e9a66bd6058151f,90.0
ba686a58d61bb51decf9bbcec00cc130,90.0
bf90fdd4fd96665f2f7d7a2efcf5c923,90.0
ad530f0385e180b5b52ffe8cb9658bca,89.99
40664536db090f451e6d4c8d5782cae6,89.99
45f0aaf0614fd428a6fa63a391f3b737,89.99
ff6414bc057a2275b727e817428a1637,89.99
efe8a9fc12246a46b2b6ee7344b9d03b,89.99
a44a037a63d6afc0e4e241e95abc4fc0,89.99
2b1da8246f1cfffd9c12f2beabb66016,89.99
dc1d5b5f79066d5d533a3a964290f56e,89.99
2249f071408bcad102a960d0c0d4f271,89.99
b80791f990004efa9e9ae711929a71ca,89.99
29ad2ec77814bb6829ad6212b904fd75,89.99
cd00039f779735fae733fbefe4aaabbe,89.99
791e0f733f0569448daee59ca0573b4a,89.99
8751c8062e9b939640e28854c6757834,89.99
4c6cbb920ed9c24a2fc96cf63e9d5732,89.99
17902228ca51ded3c5b9f6dbdef80d6d,89.99
3d2c79eca9a85888b5b3e6c35bcf3935,89.99
e320d17f29ca1079bb66d0c0b4546ceb,89.99
0b35cf387e2b991b1a6928a3cb351f0a,89.99
e60906c4373d225f252b1993a11feaf0,89.99
ea3f5d1ea13accae4dfe669074ebd0d1,89.99
1df542b40460b46d1dacf23ef66bf3e8,89.99
13ace116fc1cc03f12a0d4099635f5f7,89.99
4ab661c666d14b2b8e1e2dc0986bd23f,89.99
66e651cfce68db9739dc0cc641872eab,89.99
e67c59b16955238fd5111eefcb0bc8b7,89.99
6cae3f205b77ca69e198bf63547f890e,89.99
2eb418e05773dedd932d4e0af23bae76,89.99
f225771a2f46c4efd6ab6967f5c23070,89.99
f7e5540aa410fe3af85c74fdf897a0a3,89.99
99194ab42c89146967b2403939935312,89.99
d4e2739cba461368928b51ca712c2bc5,89.99
0c387de9b1d29c241fd527453fc9650f,89.99
5a9dab9a998feb671962ee95d6cb2b88,89.99
55c883877ae7ffd119c0661e7413818b,89.99
daf9c315a3cccc94ac74f780fafcdeb7,89.99
bc731f33215a6ba7fd9ec9f2d984f132,89.99
4a2e409c2c7acc33b3e9f114f689043b,89.99
b4fd3585cfff96f1762daa6a4c375895,89.99
86c0cb42009c2e2a0a59969b0d8e1ad7,89.99
8b7e5c8dcd0889f39a19d63cc3f53ad7,89.99
e9a09c7c5f699f95b7bae10f94cac398,89.99
387dd90ff1ad4a209fbf5caea3d8a526,89.99
3801aefdf91a678d97c08325798a79bb,89.99
b546ec7b6ff311b43fd72d1cd665dc68,89.99
1a6f1dbfd20aece653f3adb896353111,89.99
7ae2a9337aa4bc799723511faa1d6830,89.99
b98e27275012bf2cd7c99e02edcf473f,89.99
fb78d507b1a69fa3058a333371c7371b,89.99
3ff9a0ff4d3f31c042b67356615d82f9,89.99
85e3bad84251738643dbfdc9baa3e535,89.99
3740f4d0edef80f567eca55830ec9e8f,89.99
2e2bf40d03d6ed228d47cf7fa49cf90b,89.99
1393ce4aab394aadb6d9df4c59c90363,89.99
d47e69f46624eccc55b349af80fc4c53,89.99
8255e4eaf811ff690f6b153f4a127f0e,89.99
ba31215f5bab89b26ac8a363565af45e,89.99
96ac279e2c00c0a8f5a80347699674ab,89.99
42690ee9d3a727a176e4ba6272ab6feb,89.99
2ff9559e01499d89efb1d99b938faf7c,89.99
af3038f8591cc3ff12ecc0dd57f5f8b6,89.99
23c94608325bb341f9b35b61c93c9db1,89.99
33414f5059c66942804592502e4b1881,89.99
c5b20170d6ddfe451eddcd3ac0043bff,89.99
1101858718712788854b23b5587b5cc8,89.99
4df14a3e8dfcdb84d0f23221ab98ec61,89.99
b370242b6f87cc495b150f8f384a897d,89.99
788507f8d61760b014df86baed570633,89.99
1739dee582d93a96f098d56b594919c7,89.99
d35089bfbf0f2268fe911190d655cbc5,89.99
4bd8f16f1eea99ae36382282aa03d538,89.99
35dbaf9c728f87f4d2f717370aa3eb43,89.99
8a9da9c94cf6fe562889cf755b39f946,89.99
c2f6b4196d139aa5409a0f4fa60d9d0f,89.99
aa4a725263c6983512c603c3ae6aa188,89.99
9c3fb1109b44bd639e335faff15da8b4,89.99
9e4b7f5c3438f529cd165ff6dc63eb47,89.99
e30fa490cbcc9a729fc955c34fdf6267,89.99
c4f3201c8753984f3b3b52ef4c6325a2,89.99
6abf781c5304890987047e9aa239caa8,89.99
bd1cd40d508c2fa2726df9ee675d2a06,89.99
8f25e3d0881a4a8ec6d6f05380230741,89.99
2a08c1df338020e00afa250b69e0096e,89.99
e04fb0ff8c7aef7555088b36b68d77d9,89.99
d0336e4e5b32a3ac4319b917f5f826b8,89.99
b7d357b5d22f91e4ee177ed8ae73e5d8,89.99
1f2722fdca6b6d1179a1482e8ce679c3,89.99
94c1a60de2eed5c304c731a6ec674387,89.99
f4c8e771644395dea2f5dd68c227794f,89.99
f122107bba8fe14e1ef0304dc14b99ab,89.99
06526b788f07150810cae37d79932ce7,89.99
bf18d7a165e5587fc4c0255650798092,89.99
b0bf96141ea3ab6bf35713f1c06c6a22,89.99
031cc879a34f7c1f10a2b25a5d3e5b0a,89.99
6ea7da4ec82f5312d79d3b27608478bc,89.99
5eaeefaff41fd7faf56fbffae6758e5c,89.99
927f0faa2744e1cdf9e41f695584615a,89.99
afe0cb3cef1354ee82317557b902dfcc,89.99
d2317d845e2470c40a65395b96c49080,89.99
983cf42eea94946e805387fc759d8d71,89.99
fad0842d5a92734de3060f71a8edbc8e,89.99
e90cc0e61fa7f47c18252d0dc0881bb6,89.99
3a0bd5d8e3cf00a7202f2d20193b190d,89.99
4b92257e64f8b355f6bef19fe858a85b,89.99
df5c9e02596851fcbfc98804e4108bbd,89.99
568ae62594aff679d94393aaebfbc3b4,89.99
4d6a266d51ab154c329ecdeb33c0fb45,89.99
fbea4ed949b70f597425d14164f82851,89.99
7f8c839bf5487a7167bc27ca02cb7dc2,89.99
878bf7754a5b3f732a8b6c3d5621e2ff,89.99
4216c98d4881970e5ec5bfe71af61e68,89.99
25362c0ad43cea95cf1ddcc7fb56a2da,89.99
afdd9ed40f5403d7cb0718d376907908,89.99
1ded2724f10a7e371f4ef9ddb927cebf,89.99
21fbc9ed5116c69ccb4ee2c301b9d518,89.99
4679f6b56b929bc8adaf8d07ea14a4f9,89.99
cf6825242ddd453dd3381bb0aa0976d3,89.99
b2099fe288a182de6bc01a69b3975e8a,89.99
31f96a7faffd537b8ceef28d305cd375,89.99
1463c39e05cd384c4dfba57429cc311d,89.99
6668327c4285ae69687ecc0b3cd7c888,89.99
42c1ac3753be0c490aa5c797b5fd335f,89.99
b33b9e91b141710fea31cc692dd293e9,89.99
5a87d99b3d3b84811076c7a1c5bb54c5,89.99
47f773dfff4d38e72ce3d45027b55ca4,89.99
d5a9dd036836c41f94a05b54d04359f4,89.99
e80a1e1d476a1ebad5b9705581ac1923,89.99
36a9fe16e0dccf8efd8b98fc7002378d,89.99
a031ec9f2684882b824fc8f227198da8,89.99
4b8aa85bd0844a2cfa46261b1afd9386,89.99
71188f24ebdbaa24c728be8cf2540500,89.99
61f5cbcc9f04228e39d1466c2394175a,89.99
07fcbc2e9b0e4d8b1f9698560ee91a16,89.99
16a01fcc3eb15d1229e677d6e9c34cfc,89.99
81e90e05ec48bb929c239b13a0b96394,89.99
4e641f7435785c90fe41aee70a858cc2,89.99
e182e74f04b76814710d43aa2fe4c99b,89.99
f48021d46a7c5b0a77b16ea28981cfd8,89.99
27a75731e54e65943d86577cbe7b2d08,89.99
249865ef7c68054c2d31ded934f362d1,89.99
c171b720b07a79a5f662c1c315071880,89.99
c4f1f918cbb3c788b660a59218d51376,89.99
a4889ee4f068c80d6e5d5adc2f36de1e,89.99
8b9d8f3dbc665c26372a5bbfe22ac953,89.99
dd30a41164c111b2c77bc14a640392ab,89.99
029ca19aa34f9311941ab931975cff1b,89.99
011a899e735ec86f00f26089cdae09cf,89.99
a6cffa6427f72b2d368aa897c18e54a2,89.99
acd6d873b87903bf2df580186eee89b2,89.99
3fb8d3153876e8ddc599b0897537310a,89.99
71258da264186f80c019c4064b6e03bd,89.99
d009b56995af220371a203e9742de446,89.99
a5d1dcff78d0fed7c29d371ae3e60da3,89.99
58a75ca9de60ce1a749012bfccf2c926,89.99
7d32094fa9c3a39dc91a3947cbef7a13,89.99
e40a458c82716775a01b1c6e7b6832ce,89.99
8882d4731ff6a9c7c6d5680992e456f8,89.99
07c457249ec4f7f19f0244025b671ccc,89.99
3747814954da96f7b6923584ccb0cacf,89.99
98a6573f1d091284af86e1060608a4ec,89.99
2aa0fffc9c5ba51d764877eed20387da,89.99
f470ef6c3f70afc022449af9a10aa4da,89.99
0a6a2c30e710204472adcd654bb7a662,89.99
9cb4c350f711bffc912233f1ee5c8767,89.99
7863d0291e39b9afd4f996796f01b811,89.99
16a2e2b2a97824fa864facd6f2d0d6ae,89.99
469884f267ad928b17fa5cc2751ef2c9,89.99
e40062f086a32b25380806237e2d433f,89.99
cbc74b0ca7084cbe01cf1dbcf885078c,89.99
3af72eff337f394f1da7588435bdde2e,89.99
35722c9192c86e5a3f6416d8a2e5f036,89.99
1b324631d216d08777a7e14bf1dbd008,89.99
363e4064dfc15766183c22445d40cbf5,89.99
faa2b1263bdcf8066d313b33a309a671,89.99
2a16be3ba0e087da21ba61fbc73f36bc,89.99
33274c7a5673ba426b910ce5311a4f28,89.99
9cff8d557e02418fe939f23fafe35735,89.99
2740275ffdc269b76a204c20fbb880d5,89.99
0632cb63610a5d7d5da9a4fb595dd101,89.99
27836a364192d2883d89cb9a0c366176,89.99
4d83eea159330f461e9616243fadef9f,89.99
1e442ae42cba4e82336cb1c367c7b75d,89.99
da2468255bbed189389e37ff2b98c534,89.99
af3c71cdd7b17c594709c89593110601,89.99
7088d4c9520dacf9055680a903bbdc59,89.99
4e78d87ba58c7d214e8cb4d7f2b90311,89.99
7494240f5d789b28dd2814f66140f069,89.99
8da3641c15464cd20c78bb4af6ba6c87,89.99
daffd33c9c28f5568d0b16153d4eab9b,89.99
97c13b305177b18f0a127b1398264870,89.99
09c79853703c0506c3c48fe5c24ca574,89.99
91f44dca88f275b7ba5b9d0521a03aac,89.99
0a7eaf59de0cb85fe7a904ecf2abae88,89.99
e1f67a370030c2c5695ee3f95c44cd90,89.99
99395303dd04655721e445e047a2cabc,89.99
e5a1d6b035730d7b3dfef454844597f9,89.99
eba3f6407778bb04d46966a1d80f84b9,89.99
75306b74ca7ebe07b42a7e1eec7eca79,89.99
5c98ab90d6e953f282ff28ebc43a090e,89.99
a587568552acc7996edef3369f972bde,89.99
f274a0e24f357993f121fd9f41956f31,89.99
0ef08c64c1b6a57d81ced188dd485805,89.99
ceb884f66ec83a3d90578d492c89a137,89.99
a6e13122a50040141e00d70edca2e668,89.99
e08b75dc9519535144829d6fccd04f6b,89.99
9a13b939d0808694d9acb1e92b764049,89.99
5bd83f73e8be292c3e97498b88d94784,89.99
6d85a3ac7c668a1b826400ae9879c06e,89.99
0f3f92165f5acd28ac0c06580600fb10,89.99
b071cdcda7cce65633507bd9887a6b67,89.99
4d225460f83ea2b1ac705ad1d5eef02f,89.99
073cb4e6d4c56f02630968213bbe083b,89.99
c8146cb28fa1053e64b1d6ffaeef6d42,89.99
0d6bc6ebdbc1b267e8d7e11a8e70d455,89.99
0a4f9b636589b313dfb812d24c71ec1b,89.99
2b1d9ee3ba8db722d07d8cfe12c88d61,89.99
c1526791a147accd570e84fab7e3b522,89.99
e67ce987c6eed16599773cae6fa3ea2f,89.99
15f4d0b2acbd4c1deb4d62a8111fc846,89.99
3c47339c46dfdd322a6ea49af536dcba,89.99
9bc638d98a04f9f85b651edf96c3c8db,89.99
939ccdfd89645db5eb0af0501c8b7525,89.99
3a521e8379dca62886b0a19623de3d8b,89.99
d9778e3e408e8c54bdb818ab6bdccc39,89.99
c9ca9573fa99e8e7f281d4ede1c2d2ea,89.99
a5842d685688289ba97b113d4fcdca10,89.99
a4856ab766d5bbc379fd5c770def82e5,89.99
daada56f7d2e74dfd291d652b7e03ac2,89.99
db4ffdc69a26c7e3fc8858bd647e157b,89.99
23898fe69fc9787b0855955d2d4363ca,89.99
b99e908d272da937657210cfb830ea6f,89.99
a8f5a28154b64dab69d0a0ada4d223ff,89.99
ef064585c1de7fab6cae13fae7ec85b8,89.99
17f0bf3ee55a47f1300daff51d479b1e,89.99
8e2abb68f8cb495763d94b8543aff049,89.99
87b8555f86bb716ec7408383f4f3d889,89.99
c055020629cdb9a9bb8b46ac9eb7b1b8,89.99
b0ec31ceff599306883ff91086ccc676,89.99
ef7dee73560f32c17dd064b78716ded6,89.99
062299d194a63996946d805c916a21b8,89.99
c188123bd070ee752ddea0aa7ca1f6e8,89.99
751cfe7493f5c120bdee116e34ec8fc5,89.99
241efe04479ae6de04a7f69b67fa3c2b,89.99
7e2f8af51987a9f7042bff6a743b062d,89.99
63f88c298f90fa0472a1c82af364fb5d,89.99
be2bfa73cb312a427f22e598733459d4,89.99
5f20763b5bd262026f3594475650ba50,89.99
d4d2af2131029c90e9e447e97da69a79,89.99
eeb1531ed63226d548c9a56af412d488,89.99
b31b732721552a38f5e8c1a10ea02399,89.99
7dd6b8c6aa412198c9b992768af8683a,89.99
f4c561310fbfc0b28a3419ff3df88950,89.99
cac4863658358dbd33862dc91b8f0dc9,89.99
1fc09040150013ea0ef014f02dcb4e97,89.99
1a3776751ed3dcf149859b769566fe0c,89.99
97a2b94eabebd1d79f9ba6ace3ae5757,89.99
68db318fa01188d9aa08594fb543704a,89.99
fcfcb8bcd054a54262f2698d0e9c4a3c,89.99
19e79f3c130850cfbde71ddc43910641,89.99
0bfe96ed9f807da029472429981cfa99,89.99
7ef2fe96dc160d36f8848d6716b31ab9,89.99
82e58e2dcb507ecf93f2e2a38e485a1f,89.99
6f70f80d7b53b0e1f9fbd1966eeeea51,89.99
b846ef8789f3c1086d7777b1c575688f,89.99
3868c59da4413ad3992665dd89cc56f6,89.99
ada7aa64fd4dd0de6d39f26908808090,89.99
ee2cb1f148f1e7ac8293287c6c8b1d0a,89.99
e5c9c7e98713540d56b5af6a906e715a,89.99
a7b21a6a3ce44761ce4955ab0ca3c99e,89.99
c0bfd7a4af42e5c34ad72c0e641bdce4,89.99
79c4c03824db69d2f61c1e8d8ec24443,89.99
db674f95856e534ab206869e85cdf53c,89.99
eb9a02ebb55bcfc0516d56555290bfa4,89.99
994cace97b0f7461dd1b9912f0714560,89.99
d398ba7b07e152f0a90538e6c0a9be96,89.99
cb2931ea3f789f27dae36f4f94e6c86b,89.99
5cba34aee6ef2cdb57fe60ed3a7cdd8b,89.99
6ad48bc2c6b7b02239848758acf6c6a5,89.99
c2a3ea344de262f71dfb5d9f83a02adf,89.99
82e84768dd919d3a1df7f533e6d78be6,89.99
e865ee96ba1d73c1bfad1dc94269fc14,89.99
c12a75d29dd96752f075cf3910771f22,89.99
8802053341a1925bf7255eb73bc05005,89.99
832916e9b7e8b6e2cbed9dab37b12efc,89.99
3bc78aa00882a8b09310c88ab771333d,89.99
b54f2970a01e0b469e80144249a71bef,89.99
25cc5042606c108675729a1e2967486f,89.99
840cd954602dd3e63769e976e9bfaf4a,89.99
d6051fb16ae9b4c283f2c9342ed1ae87,89.99
d80e4ee14e2b5400fd2ea5a2ea821be1,89.99
c1c5f746e2e64d4708601296fe4899a6,89.99
7f3fc39c83759723562a0fa24e20622a,89.99
1bc7096979db74678ff84d5a54599054,89.99
c67de3b27c091f07a35cd57362cf225e,89.99
f4b4417d306cbf8c55ea65c89d0261f7,89.99
a322df321383c6c340fa14a4a87252da,89.99
1d23076b85bfc61ed3777d9286c75d98,89.99
abd0bfdbe2c7a12636b1c25a87cf38c9,89.99
52bd992e7e198bdcdd18854c7c2c1667,89.99
21b9c54c392e4c52b31959b997305854,89.99
3d841cc542d87235715f9fff1c8c355a,89.99
31dcf859b26b69e249d9189f44b6adfb,89.99
a01af4c0ae53b2c6a91b40b6e2dfe766,89.99
86de6ff695c68ac67ab271db8074219f,89.99
1a56026e25c55e895a50fc6927743c1a,89.99
9e4e0a6bcb1f18dde9f42bf20dc4383d,89.99
cad130372a8e9ca60716caf6ecd9fff6,89.99
659ded3e9b43aaf51cf9586d03033b46,89.99
e5035143901c34019cf352f0ce00a0b1,89.99
7089dec5edd14ca3b741ee5789b6f398,89.99
80fa5e87f845ffa3b3176cc677e842cf,89.99
5ad6bc8f1dc030d6adbb044fc6a7e394,89.99
3cf092136e989db3a73751c5de94d633,89.99
48e6b0bcf07e875ac11d750a5ca6db37,89.99
365681813ec00a0106fd91f8e5cf5488,89.99
feecad59da8b9119cc7c6c2035597783,89.99
edb5b016b8ad8eb09f8c33cb3013a52a,89.99
ef546a9e08a36c4b877691daccbc4304,89.99
da16a9b6d9f5be7c2266a76de19516e3,89.99
dbda5f37a1f989b254539aea7f0dac61,89.99
919aa64a6d7c36fe7b543e67a44aa203,89.99
b51e528978d85b18b1e29f5e915a93b9,89.99
4c48be8f6a938ef775ba2c4b4ecb64e1,89.99
8781f2cf85849ef0cf952afa15974337,89.99
647f900332d9e5339d6d05c7da34f651,89.99
150f3b531a30c607299f88011664e2fe,89.99
18ef6bc859ef973f95e9f70287e72a69,89.99
44854eab6adfdaa63e9f4d6d59040585,89.99
1b4855e0e8c7bcbe7235c4486514ea80,89.99
03ee2343040a3871cb2cf313cc795c72,89.99
4c831bc8fa7d54c003e65dec6f327731,89.99
fc618ecfa7879ba8f15a0b1975f15670,89.99
8f7e5621fe5515e2d200a90f6643bbb8,89.99
869f9ddf43d5855349d3a8d5c7c6f1d2,89.99
0bf7fba27a51200f1752bedc3fbd2628,89.99
a48363bb61734f93041fbc103db9fe74,89.99
dfa2bf31dd8d1c1a393ee8420947334d,89.99
661104388a3c452adc6db3bbbb214f2d,89.99
ab4c9e7ca64df4b924904624092ddeb7,89.99
e630c8a8b546a3a6486ccdca9cc6eb0a,89.99
06e83f0e8e47047739e6c7cad483392a,89.99
475a8fb3ecf9ce05d2ee1b6944d1a04e,89.99
c2a9d304ac6f6c83a1d58953845a94b0,89.99
16c7728a9584959d2ff2bb9e6709c56a,89.99
82a83f6c4fea1e66fc3cade51ebd1584,89.99
7136e57a423e37b67db4785828331b99,89.99
035c08a68b237ef4afc82109e61a7380,89.99
c900738d9a4481241c132177fdb51380,89.99
15f7712bb12fe27068e5353d14503653,89.99
481ba8e132fb318b84d5fba3bc98021b,89.99
9e43100b3399c9b4d9a478bdc4968136,89.99
fa40ca124c4f1de21f3a5b4aab3819ce,89.99
8a90ed699497824a81e94d090da7e70b,89.99
55770885623f29be5cca70c94523333b,89.99
d7c5773821f77c5341e5f00dbfff4115,89.99
1436b43dbcd3b1aa2084f051539f416c,89.99
1dd775750ce8919fc542b8d1430802db,89.99
fb916208c83ee30370323e3be83256a7,89.99
8dcac248a1ca0ea58fff86c10dababd3,89.99
f6568bb3340cc8cd3d1c12eff4877891,89.99
c129172a7b1a93b029911b83f0d49471,89.99
686082a35b4abd8b7460f95528f557bf,89.99
9233e7930b00fb3cea4494cb15cfcb08,89.99
a1dc114de3210918e64cf89a0152dc2c,89.99
e0c044fa5d47e809a273b81a01cf33d5,89.99
27b058511237c877ea1780292c480848,89.99
d2b75b78a075322d2570b2de5b0d2a57,89.99
2b7fb0fbf3c88895ab581f348ebd8534,89.99
79c07db4dd2ebdf63826672146b15128,89.99
00f8ac751ae484a82adb20b42ad1aca7,89.99
94f21083ba3ab6d73c7e556e1c67a362,89.99
bb502d133f78d9a41c6f118585010147,89.99
288223ca4ff3435a01a015f18fccc873,89.99
5c45631cfaa5711b78f3f1e24b125a7e,89.99
7e80e1ed7a11adbfa4014d0839376d80,89.99
8a7211caed65d95327c162a2b3504e95,89.99
d0247c28374e4e18ae76a079b07f69e5,89.99
2455e60f97ac33afd680f99a68760caa,89.99
f82d1df095bf073a1298faed123b844b,89.99
2f1c62f2de3cb661200ec441c536c20d,89.99
48853c5802b9480df9fe3b34cb7226fe,89.99
b75b00b1545eac25a3eb6831a1cefdac,89.99
af95cc6eaa339e55f750352ac6b94e12,89.99
d010acc7fab9dd6b4779bfe36b73024f,89.99
b9729467688cd631768cd55a71ee1a09,89.99
748632357c64f888b1f6932d1eee4fd7,89.99
0446b2b06900bd31f919292a4379ffb0,89.99
90eb057f5f17fce155139fa361d55b23,89.99
9fb2a50e1626149875659631f35851a3,89.99
93aa25c384e914320479ac49f4cf8f69,89.99
e27db3ee3d1ff00e1e944f1c327f20f0,89.99
4e5260d91970ee888b0d1705b3127169,89.99
6633e658356d7a598fe1cd44a46cbf34,89.99
17650d8fd018ca863381864aa56161fc,89.99
228f37a3380620e2ec5c239f5b7a245d,89.99
08ffdbf0b21cffff0d50f69e34097e6f,89.99
9d4f394cfc7fbf420201e20f14e87aac,89.99
6dfa75688bd7027b450552eb0353741c,89.99
2b61b65a606f7c61cc3df116247b5a10,89.99
9f865243eedd5290cf1d0f8b5d2d1d5f,89.99
35eb4fe5d37565a2e1215d70278eeb12,89.99
67c3fd42f958750063b6815fe700c309,89.99
48e01f582babc900edbc0a7d81cf02b0,89.99
0d01a413706d06cba5ff8feb7f503037,89.99
3d9838aa35223cdfddaaf348d93bc30b,89.99
c13f8b9243aeb2b4d10cc57686af4023,89.99
7a73e4ce8425974dce8ff8bc9178acc1,89.99
d5177ec73984b17dee2526644f0fed7a,89.99
ef7d3722fe9bd14721ced0ea08b4b6fe,89.99
d4a5822667d384a634c0c2596e04b0fb,89.99
456bc15b6d6ff358f65574b05e443459,89.99
133c4c1d627767c0eff78980c767ea9f,89.99
abbbbf3b358a480884af84bee14b9102,89.99
09b78c606e60c4aaf004a1b4c4f1c33e,89.99
904aa283282e380b879c883a9bcea050,89.99
02c2e2139222f456f8a73e0ef7d59a49,89.99
accc1a016a05b961ce5954d27f8af8da,89.99
de9bdaac8c69af8c5b5be278f8b69b93,89.99
8993926d713ff449ca3680f5cd6b0101,89.99
cf30fa000f0d790f984ac0fdca6b078e,89.99
cec95d0ac6407b8ee8f5a56c45dfcfec,89.99
004f39eb181d53fa796fe82ce7a0cbd5,89.99
f0abff8d773904828db3a92108aa4666,89.99
a968b991fec4d5579af2a5024bbfe7ef,89.99
7e393e5538c26c13c74bb6fc603a59a8,89.99
6ad62864f75d24638cab4e7bcdd9972a,89.99
adacd5821ce9cbda11906a04cdc72c27,89.99
2feb004585ba9625c73bd2745246fdc8,89.99
be61ffcaa65d9f2e8536c198f314c3a7,89.99
55b7d2c43fc07222317e057078e80db1,89.99
bd7ca23c050b88950225b16f05d65e35,89.99
f10dc4a09d9baf2cb4983ac1d580776a,89.99
f372dd9ffc7c3279633787779747a055,89.99
1c40682a425bf050f6d2d827d4bf2c3a,89.99
2e13a3c09098f24694fdeeeea8015f1e,89.99
3a560621e7e9947e505bc42ad8321241,89.99
4d5a7808f06b45c09cb4ad809763ea27,89.99
fed52b16378d5a6a91126dc5ebec1c97,89.99
b9e4d8c0a644aaa42e1eff5912fe8316,89.99
9facbfd2dd51a45404d58154b12ed2dd,89.99
25b1a4dce6e22c03b3f25ea737690e7f,89.99
a63bb59ba24b8048df8549dd217a586c,89.99
e061c2ded773c5f33557a5d1fc914d23,89.99
8a40e7b0b692d67297e200e598a4a6b0,89.99
41c745d2f76353fbe24e980cf298b6ad,89.99
06ee4dba2450f13783c438648931931c,89.99
71c4cb2c996f7c8a8583f350547290f1,89.99
84951734dd4aaf070bc468a035ccd794,89.99
e28ec0654fc5c2fe9ec5a119d4f199b2,89.99
8b5c51bdf0cbe555fa3dcfe7c54e5f60,89.99
fdc9dd7a957b7ea7022556b849b4a057,89.99
7f0eb06f3d665e1f3de64301a663056c,89.99
29d53b94d4f30c11a33b9555ce6a9639,89.99
1c3ba04947c5b1390ded9d8533791ebf,89.99
63adaee377092616c26dd4b26b4cc633,89.99
f6713f1b0063fa3da301e681ff0c2ab8,89.99
d0299904c5fa5e5937428d93eff7a783,89.99
70ad007674b8e65f57884f8deed264ee,89.99
3f3102815b8a6a1ad94e102399d6bb03,89.99
a1327b6cd120f01ea65a7418197d47db,89.99
efb45eecb70bb27f975a210586d2c726,89.99
618b8a8069f55d05ad5f1ccc488afa5e,89.99
ef6730de0a87fdb396dd69a4ab4e1c82,89.99
8b19bece4c92821ce2ee66e4258d8d92,89.99
8fc171b51b07eca528a8a2000be5a16c,89.99
164eda7a0e5ff5a4e059482981f52eef,89.99
cf0258b51bd81324ef3cdc82b110a15f,89.99
ab737335fd537457d0c8e5eb1dbf0539,89.99
0597c9c022748f4c23f019f01b8286f4,89.99
b451a2164a5f018b0c83050e005c5d70,89.99
4292ad887342214c93ed734b90355ce8,89.99
87ef890f6ee57134f134f76f5c5d6b53,89.99
97f8dc5ada12dfdc4559e3661ff27a52,89.99
42cb2ed4340c69d79f2663a367bc4247,89.99
10c24e9fc5879ea6080e2b72e0475641,89.99
f5e7020383fc2140c6ecc783105bd4b3,89.99
a82bdf553fadc78cde56ecc961376472,89.99
616077b2a7c75e09c541623ceb18c22a,89.99
c06d0ca3bead2fb2c60abf7864f427c4,89.99
b168b6c101fbb2ba0b62622259b9e2e1,89.99
1aa1b1381dad7ebce4929e76ab28c229,89.99
760640cf7e70b20bfa629430e7ebdff7,89.99
50b848cc87798c6c8261280fbe780227,89.99
eedca305aa0dd3345af3506d66090a10,89.99
befd7cfedbfee78c1165d05a1d3c40aa,89.99
57aea3c0424ba421f4a819dbdd9fcb33,89.99
09bc7297c4f07c5be96e0c5708c0deaa,89.99
c77cf42ae5c9e65304958f02c978145a,89.99
b9e21fd96c08b1563793c5def420b9a3,89.99
b327fd76ece769c66b82a814c1e82a6d,89.99
009043346db59e970bcad7e5a6e590ca,89.99
a5895176fa92a5df2669d7575bdd1292,89.99
23954a8ef8b736e65195710c34683222,89.99
08dc787fbd670738dde6d2b5302c922f,89.99
33b43c2eb8acf1e3aa1fa7e9d5e9992e,89.99
f1fe2ea8c27448f0ffd2ecc33db10897,89.99
20c9d0669cee573b65626662396744a8,89.99
3cdc0173943f051e46d6f1d616a70609,89.99
7073c349e3ebe9751ad154ad30b92e25,89.99
50eeafa74cb06a1386d9c4bbe6baf9a4,89.99
9116afdef84d57d567a2d87cc9dd12bc,89.99
f439a62be9d46893925dc9c101e2b80a,89.99
d5c08d6e9c2263955bde6c3178e46123,89.99
ed9905aa9b57c2aa73612f73bafc9588,89.99
4d90452e76c65ebcaaf03f036f60c95c,89.99
7b145ff64333cc07e73ced4d598ba9cf,89.99
3c7c0817031460a455bb61fbc80515ee,89.99
08e4aec0cb39467c0d89548c9e44e28b,89.99
75ea3b206fb4890d3247a0afb3cd9f37,89.99
8451a9eb6b84b9f11b3505693cb6f838,89.99
9d5587391b02f9c7561534b159b4afc2,89.99
77cc3e952b4b134d8df91b12ec9696c4,89.99
547dbb57ee7806557d8c8ac8feb3cc93,89.99
ff5a0334a979c80401bdb686ebe6512a,89.99
1402b31a46b7bb594499ae2d188b2913,89.99
63f58793879e91091b56be7228ded7fe,89.99
32b231f4bb38d9d9670c5512f7409b34,89.99
c2ae2ef380ab9c79079da7e6157cdbba,89.99
ab45e7a398426e153bba8316d497aa0e,89.99
c4ff23fb1fd220525bda9c4470402c9d,89.99
036051a7caef0230a4ec9fbea54e06f6,89.99
7022a8efc480a54d4fcaddb10315fa3a,89.99
cb8ca0a09824115249e1a28fd6028751,89.99
edd6171703fc6fc604b060121467683b,89.99
85cf8450289e9620892ba625caeac5cb,89.99
bdf159e598f47ed31091ceace4e20b63,89.99
30cfec2cfb4af26925989a3ed824d45b,89.99
106f3a5c822e52bc9578d692032ad772,89.99
c23053e4513a5142d344eb5efdb17635,89.99
a7dac20486c0e91d1e34ae9f1c92cde8,89.99
2c4bf1b6bbd370f8ce5380fd47458fd6,89.99
1b660a15d095dc956092864ab9c6fd59,89.99
6b506512ab0a47b1b878bdc698865247,89.99
357791671a41c4a3689a29f94ef60919,89.99
64ad3c86c789e4ec8abda9f287bdacb4,89.99
9e070cb2730a7ad3880a66468a48233e,89.99
d6f8dd44b89b4808e4a0d8f7f338af37,89.99
0663e652f8793c2d4eb77e8185a5747f,89.99
a338432949ddc9b9e6bee3d2695d655e,89.99
1b9598a9203f9fc644cdbb61d47af9f6,89.99
4f229d93eafc39aba3addca5eeabaae1,89.99
683a8aa7f2d173c62431616f6108efc4,89.99
153e6d880db3cac30ecfeb13e0047841,89.99
10276990ddd572aebd466ac9e10b08c6,89.99
d7caeb61acc60fc161dcf2b7b57387fb,89.99
07cbe547b6dec2535abda65b57733754,89.98
b60caf0e1a1297d235e433450bdd7551,89.98
0c9a4971a6b2319c83049f113fb2eb48,89.98
574d62d458f862a40cc12c3f41418c3b,89.98
822457b288aad37ed215d904b6f06068,89.98
e4814f4661ea39bff3e049f5945706cb,89.98
b0a2d47eaf9986e2c7fd4bcd994dfe4c,89.98
a887eb458211a94104cfabfa62a413c1,89.98
101379692221e06327461201d91def6e,89.98
2232236611f1458f825a31b9cfbd0997,89.98
5a1470d43d8ad960d4199134d3df48e0,89.98
0f96da4e84f2c6fa860116a023c1744d,89.98
eb46549d630eae747fd8771f202bc1fe,89.98
299ab139539043a0010795bd2a7626b1,89.98
728c8233f4259c2252c6c35692079286,89.98
99c0d48ae664eb8654598e061df8c266,89.98
d07978b1573df93b66cb82101ef3a549,89.98
523480f61a2b701291d0ead14ad3f7a2,89.98
719ab90ee360e6144da27b3b35fa6936,89.98
3c11f4f0d688fcca55850744ec691440,89.98
e9ccc97c91ce48e2723003454f1c7725,89.98
7f5f7aedabf1db3434414b19470fd942,89.98
ea9e72efe082008da9a82676a5d0c345,89.98
17b8a885b9fe961edd408993cd61e606,89.98
df260d95c577d15b5163902632a1ff39,89.98
b87f977ff3eb88e15e3203b417f51332,89.98
e73598f08c4fc8c202f6307eb2c94779,89.98
02d16f10703b6d4ef180f921028032a5,89.97
6e48d6ed38d6d0769ba557106d3a6fbe,89.97
0ef019361fd1cd11940c8da0e1c55d96,89.97
c1a651e2d54cfd4ed849d5035d1a09ff,89.97
ff03c28afb14c93650bf591cb49fe327,89.97
9478ebf211e29b9ca87768444aaff35b,89.97
875a1e0d9fa0e8aaa253208331a4a3fe,89.97
00796be07bfc87dad2e31ef15490a718,89.97
093e5958897592f409553d0344ce50c2,89.97
f83ba5b7fa884a9b50fd4f6ca4826c42,89.97
ac9fafb8efe7023c1126fc949eaabdc9,89.97
7c06711473bf4fef27ea11d9f5719158,89.97
875c37aac6954f27ae519fe04562d0ec,89.97
4297418af8f60c03bb773fb1181f77dd,89.97
4999d38c632863ac151e872e3206c7ba,89.96
c4f6b0c6b4edc8bf67467bb6bf1077fe,89.96
d22f25a9fadfb1abbc2e29395b1239f4,89.94
00f83de98e791c2a4b779f7e61a4cf28,89.94
9ab1a2a05e0311aded3d496b4da0df87,89.91
b8126473affde2fa5bd627695704995e,89.9
d4b0aac5c815e51d81bfb5b93efa1fa7,89.9
52518ec19d39f15886aeacc964c20129,89.9
17d5188e44e02cae416bb7b537d6b2d8,89.9
5d0dc01a24e822ec01298260d70bf6cd,89.9
fc2a9026566306914692682fc68e346a,89.9
1f02e9e9b0864235d4ff570a181d2c97,89.9
df1f0fa2859c0463b3bd4c924afe9c88,89.9
f615b9fba62078d016eced173b68b46a,89.9
69cf5beafa7bea170aac033ed6ba25d2,89.9
2519d867dd1a3978f406e0af4f7ece17,89.9
c180879e74d4c16ff6a311d185440de6,89.9
d6540fd1f5f05337ee0715aeb83b08db,89.9
da0ba2a9935bca5b4610b0e3bca9d3b4,89.9
0a8bbe8223edbb48f6525d97ee1b1d7d,89.9
8f6e5911262a8742393596bee2c09eac,89.9
049f52ebc1b166994f1763e83455421b,89.9
6785394051d55d44a1cf44ebb2d3a4cd,89.9
bd55c3ffa0302b2a23cbe06950196b80,89.9
1c5fa35b696f73137a7fa686016e6323,89.9
67672ce6d9f5650e7b59142d7e15ee62,89.9
379d1c8b9cb461e483579f8239d3c316,89.9
ae404bf53c8dbbf8902f33c6756bcf6f,89.9
6fbe4775f3b882bef0f10d86a55ca4ae,89.9
839112f54a5bce3abf98574872d91859,89.9
1c6279e4d8a3c29eeaa6e9b4a5925143,89.9
d4fc2ef8f515dbc8e1889ef8319d3f11,89.9
12938c2cf80c01e9b80ad27a7e93e14b,89.9
01d086a800f69d84ec98c276bd44dcc6,89.9
f0df035699e5e64a1bd7887457cdaa23,89.9
ba872cbbf97d4d4fceb595cb1e1ef62a,89.9
849055ab6cd4bbc743b31a7a5f218b8a,89.9
53225ce513466acef19da0494fa7a7c6,89.9
5d4134c9ae17d09b86aa4387c2e9b6e6,89.9
ceda30af6bfa9670fb7486d3e1e8a235,89.9
8543a6864ebb4e1c380b2a33679d4df8,89.9
1adf1bdaabeefd1a481a848c62b455af,89.9
64e006a132d86c9189f9656a1cb41939,89.9
6796f5ccba24f2ff5db634fb69f4b64a,89.9
eb50e8f29cd48dd8cd13d7f9a24d531e,89.9
3e516de4095918fe6240ec044580c115,89.9
bb7eb42e14e681c6107f6a8299025323,89.9
2229d64b701dcffedf518f2441a2d2a1,89.9
1aff35540649a1c5ed033773c3585d7b,89.9
1ec9ca87ae6934e29a7f169ddaf26b34,89.9
bdd0815262a2321eef5cd84a7846b0fc,89.9
b0b3a6dec8254d6fb2a49f9eb6127a37,89.9
276bafdc3963a89aa3471c3d83a9db4e,89.9
dd7fd70977bfc6a88921cf540c612bab,89.9
883bce2f3694717d0403432a07768b05,89.9
453f30c948afc44aecdf5cceec18f8be,89.9
88d99e45257c1705ee90afc9f2736dab,89.9
654462019c31f990e4e83b074b585b0e,89.9
e496a9d420122cf49f1ab0f297e381a7,89.9
f953d665a4abd0d479297c34e1ac7390,89.9
caa060324a30054bae148e4d7ad1da22,89.9
66e7fa9567ac4e4f4a28f1a487e05c0e,89.9
9c0012520fca0a89fe04dccc4188df60,89.9
8f458f1a3f921406c1dda20db858fb40,89.9
cb389847793403afc3326a7036bd58ec,89.9
10939fe7d24f9b514eae65d8a0e94935,89.9
765916936db218a902d068127e62e913,89.9
7ed971d777a1a449bcca5e0b8c8c0e4e,89.9
f9d7b0b6a86b7d2e73db07051ebb57f4,89.9
d72100dfddbecb3d8a9d74d3e35fd472,89.9
f921671e530fb8699e967a93163e6f3a,89.9
403e3939144e4e8f0d0bece178186f2a,89.9
b88e97fc641b78c256cca3665fe4aebb,89.9
104ea0cee356c642a75bb6feb295fe77,89.9
33b0475b1cc6ba85f0fb4df8f19ec5e1,89.9
c0e7e79bcaabdbc3d801aeccbd349acd,89.9
0e19f44898c5554faac8f95f1473bb4b,89.9
f3f5f2c750c64c3bb2a8d10e7c511d46,89.9
d3771c25af3818130bac73c3951781f1,89.9
d022e4875848a3dc2c845457fcd70697,89.9
ad54cac7393fca3e9a8a26ce55f38154,89.9
7d8983250c2d0a3ee2e1deeb1bfd9523,89.9
b465a7a0020595db2725747369efedc5,89.9
3ff1fd17fdf072b568d67bbb73859d31,89.9
00b694184c8c2f2a565e4def5a00b8ee,89.9
2a8d8cb85262f7eaf4f1f5a398e5b7fc,89.9
3bd4f41537ca88b0dafb14f5760a5f29,89.9
7c08ab0ad22ad42e8f4d13e0047c79fb,89.9
1e33911f485f93fae7ebf9f9f26c54bc,89.9
6279699ddc44b1e242aeae46bdee5ee7,89.9
2e6e4e3cb07ca8e126b5a3035cd9b07b,89.9
60ec3b210180753924a4b3028b1f6b72,89.9
a96f1353d402e430810a0e6242a36083,89.9
9a68e7f267f4936cad2624395496633e,89.9
40cec67ca5cd920ec76d1516d45cf89b,89.9
d33f06026283e831380c5b17a3210a44,89.9
5bf6712d826fa9d669c1021b8c1f6ded,89.9
b1a474d32b80c083d328a463e8d235bd,89.9
b663fad935d54a48a276dad2482e5732,89.9
1aa41a9a74f23cf6d935353e35baef90,89.9
bac2d6a45da3161ce6bcf6a09118b99e,89.9
f746bee856810072fc78dfd15eef717d,89.9
63b69c94f2e6d9c7d3ffe290601c526c,89.9
6631da7e6d5498aafb370521ea6069e8,89.9
a57b9412a20c347327a02a7cee299ab7,89.9
2bbdba15c2839582fb9289c882aa9e8c,89.9
7dd7eaca9b852c556a104ef0778b80cc,89.9
11ec6fbb9a8c2ddfaaed9308a4d9fa46,89.9
e9ce07a8429320d678c5d43d1f54b750,89.9
62286d8b713dea952e1d37b8acd17016,89.9
bb2b13404fceeed2fe9b865875786269,89.9
a8855786ce866e5aa1bf16a510c812f4,89.9
85cdfd07a32b8c544f2718302c361301,89.9
699378662a662906118d5c91b689e7db,89.9
867acb26df6bdec3856b1be4f3a9c7c4,89.9
842a6c0885e47c69615b599eba940e0b,89.9
5df52c00bb3e854f687e11b615d99945,89.9
fad5cfec056b2a0c95c7ed673254e6c6,89.9
37c3aedbb5e47029dfacc96860f24058,89.9
24b0e37628b8587edba95902f2dbc012,89.9
ea8c40305a2e6dfa376b4a22ae8f9f6e,89.9
d41debf49d2fa37452a19e1aa1358005,89.9
d0f6ac8b0f2bae53a8b2319b222862ab,89.9
107e9ad240231ed3055437dc2bf81d28,89.9
b9e99e126aedd5016252b969e6e3fc8a,89.9
2a121b0b3ad1786974498558a5b85b4c,89.9
27b9b32173455ef32167540451749d0b,89.9
d635ba5e62dd2ef082442664a865bb39,89.9
cb38d00c9e5573f32758d4d3dfa382ab,89.9
44bb23a3255a15c3e1a2851db5a57efc,89.9
ab1b4c71bb887a820db3346f0af72b14,89.9
7c3c4d1fdc55ccfc2adae608089ebabd,89.9
b71c4219b9a9d3099bb874afb7a44df4,89.9
db29c736e0b18b8679863653beef3fe5,89.9
838aa327b0491d3cb3e9c1c6d9bb382c,89.9
6d0e46867a3f2b90a1e26bda0b1af118,89.9
09bdb008aba35184628f9ae291c7a8ca,89.9
f6949ea82c82c0cf177e05220c22e232,89.9
358114a3a0d2b8f99e1ac9c0186a7d98,89.9
e470e314e6a0a2c4047969fe6e787eed,89.9
0b95e76c8ededa5139d9f8b5eed8f904,89.9
6922c3afb2cadec30c156c781dcee406,89.9
65ce638769e46f0ce2eb1e5c209a9386,89.9
d3f60e1e5172b9cde50298bb5bb0de2b,89.9
4b748494a63ac39b38be07d642728949,89.9
f76cd756cb7b70b6f769c529728596ce,89.9
c5cec2f88aa92fc22fae96e287c61ff9,89.9
180b596cd1cad920ac7b0013be409dbd,89.9
3dcd5a57a320df6b31415106a56d8635,89.9
13751307ebce764ac230d4e0aba435da,89.9
181b56f69c22bcb0ceeceba56c06d239,89.9
425885462bb30dcb05866866aa6ff81a,89.9
bcc5a972d84f2adad7ddb44d42ca33b7,89.9
1dfa1a2723edcb1ad5acd5f9f9d52e8d,89.9
d2a1ddd88d7fe00e725ff1b57aa1778f,89.9
217344c7c334e16c8e76551b4b240c1d,89.9
2f2b3604cde42f8268be1b41e0fe19f9,89.9
78d89bd1c56e434c026478dc9dfba367,89.9
2f99094373caec27d1f367812e659547,89.9
d5cca9a06792efce47d8a9aaf94446ec,89.9
895bb1651fed84d066b4ee21258f0a9e,89.9
55e8f22c0447dcd78b438afa98e2b5f2,89.9
dd146127504152f9336f1a2ec56c58a0,89.9
389dfb5774ff4738514d05e7165f172e,89.9
007612fef51262f4762d32add5d128cc,89.9
45d711af86c5e3676f29317484cf200f,89.9
5883dd12bf11ff68af8a169dc7431e75,89.9
0ceb4e966053cae65b559f959b705f27,89.9
77d7671f7d3cf078a7425fc3e3890b86,89.9
c924a61b4c49f29bdf7336649d89240f,89.9
ca1a7da184d06f128df4600dd61381e0,89.9
d57b9dfc139d48fc3482411baea546ff,89.9
ef35290fd218e965ffe79ceeadbd7f9d,89.9
1cd22e66beeecc44840a7891d76b13d0,89.9
080ea580ebf890d1b95afdb8d7a5297e,89.9
3e6d5ab80ad405a8ebfe75d52974e93c,89.9
62b423aab58096ca514ba6aa06be2f98,89.9
9ad093e3c09e370f0f79dd573a9b2f34,89.9
35f895b0df1f9b6ba0f64e1d7c0874c0,89.9
589b3c2e820cc79d4fcba7581e4099dc,89.9
e6c812786584e6ad9d3b0dc444913bdc,89.9
fa4cd2e67f0e9eb36f86d4b1413b059d,89.9
b4d1a3ed75c14a0a67cf515cdad1ff79,89.9
bea5832c9431c2d2088697935c46a9c8,89.9
d358b0b0d0d456e22212b8643729207a,89.9
15f254150d0e0f1fc6358514691f65bc,89.9
41932cfbabbfcfd18e1369ad72baff9c,89.9
24c40b316f28ac7b0a7fa59e21e6b52b,89.9
4cd756c714ca569c2450c24782004147,89.9
aeb0b15f3b0d8ca88635da3b08c1b28a,89.9
faaad19c113774874c944e2e1e1024d5,89.9
1ae3d1ac4e9f72126d07ba9dff0c3762,89.9
5a6a4a2e451c08ff810096ed0abbcfcc,89.9
400454b87af26cd25c67f15a9e9657cd,89.9
bb248d53ccfad4213d4cc085f4ea8605,89.9
00072d033fe2e59061ae5c3aff1a2be5,89.9
62faee0a2a0c1b99966bdc94c12081d2,89.9
1e0cff4840869d26725b4115988cfd61,89.9
c5a403a9068e20d5721cbe18394aa496,89.9
7d550b5426c420f2974720bcb5889ef5,89.9
d81f8aa1254e807ac4701bcf6f71fe6c,89.9
c64e9527bb01925d4b79bc63487d14ac,89.9
8dceb137a720a476f67a550cb3745aeb,89.9
ce5b4e25d215256b0416af19bde155a6,89.9
44b07e53a284d5abc4dbcf7ab6f96750,89.9
423a97d6fbfa789c5e5681ba953342c4,89.9
67963c9d23067c44d4095d9a185da880,89.9
eba7ed7b49f33dcdb5757243bb1151a2,89.9
36c3a3fb83889124506b598b3e7a20c5,89.9
372a1a3ae257624bdde208da2e0c6adb,89.9
3e34c35ca425e415dce71af4142680c4,89.9
1718537edd72e4fa514fd813bd0df9c4,89.9
4731d6ffe1259974fe8f535d39df0ff9,89.9
0554357bede8e7adab8e4d3a88652483,89.9
85b65af675e83a04f5d0c511dcdf8f62,89.9
f561479d04074fcab81dd916fd6a79e4,89.9
21353e8505522af33c2bd5cfc6d371c9,89.9
0fd9e022d3e82c6e05d0104ce129466c,89.9
79985af478adf04cac1894e96068bb5d,89.9
2b01b5fb8141bbb9fcdc853a0e26da83,89.9
91a4d4f7a264cddaab3e19a5ad4ae8bd,89.9
7ca3b9ef13b93f0aeea91fc136aa9d18,89.9
31f8e0bb80606b3381ad2c6b7f802786,89.9
0fd95c5b51d5c0fc46e89b7a0f8ab684,89.9
a407bb03f91e9417a3b25ac7bfa0d3e6,89.9
16e8e5c6fdaaee75dd2fbbcf3b94eba5,89.9
3fe4aead2d8dd97cb9d07372418e9bfd,89.9
d08751add5d557541cd1cd0ab8c3f579,89.9
c6e5dc26706e556b6e6cbe4321670954,89.9
74feb5089eb1fcb37b967edd6964212d,89.9
8d8468e5ed9827f1c6c9f022f44da130,89.9
3ba36f79e706c3402e5959eb12a8d661,89.9
4898298d72e64f88fc72c75881bb26d6,89.9
18976320a78fdd6d267719e22e7d0d1f,89.9
0bceac9cc152b61d82f0956d301a63d1,89.9
02da7b02a5b13eaa8a12755d27593940,89.9
9761a94d5172ffc843e5fff9838d5a89,89.9
880d640d4c1edb86a3499acd04525e2d,89.9
25fcf13e3c9b675d599bc5c4ffbc8398,89.9
289b34096f3531130889189eb2f4a372,89.9
fba17b6ecab422fe1c1972562e41bf9c,89.9
ccfba1a75c6b8968105c35b86389bffb,89.9
a7c1a00c3e86423d935e2c72d56f02f6,89.9
68256f31fadd4aad4a03b0ac128f9012,89.9
41b8bed69cc3434edf5576568b852db0,89.9
53421895d40d7df28d68c22ffa043355,89.9
52d598f0c12d5b6e3e692560e34ec0bd,89.9
d52da13f5938784b86666bade7b1d578,89.9
8fe693b836b15ebda5ba1b71fe254a75,89.9
e545e697bb9d1b81e0a702121d4e94d5,89.9
f46b0601b70c9fe11759823e2e6520bf,89.9
54ee05d8abf5d1dd8007356cbc844f75,89.9
4ab32784b66dd82d47948d37a336621d,89.9
1393e6c04976a6ec4677dfd0a4a37a2f,89.9
32f4a965c6bdc83352b503354695ad9d,89.9
10b7134ae8b326cdb2d42aedd3093bc7,89.9
2083b59aa027f1712e497b4197e3ebbf,89.9
64ebc89fe827e44bf4c57f7e22676e12,89.9
7a5d8efaaa1081f800628c30d2b0728f,89.9
f95a14235deba625620b7032c18df530,89.9
969159c8b2884272d6e4ae6b343af005,89.9
ad5303ccc4b7f49cbe9767f6a88515d7,89.9
dfe07b2441fe55e26d26003e49455172,89.9
d83f6c677e1ab91b5c1b97fd4b63f43b,89.9
bc01d798f24a959b19dc8168975bf7ec,89.9
2a82d7cd3bb6eb87bf2ae493195d4fb3,89.9
6421f7c015f434812081873e3765b3af,89.9
23456b8fa364475d41ff13e408d9447d,89.9
7e6b89d215c902827d35ce84c655d6f0,89.9
878dfb736721aa20ea2d1a0c96e470d1,89.9
fe675b33a964a34734880d553ec3107e,89.9
d351b7e7ca128fe099da4c7f4a84f1bd,89.9
9a75b1179856777173ca2a8176bcd9f2,89.9
727d0eda3f67ce09cd6062748b414523,89.9
a419883e5bb40642decd2eeea734da73,89.9
97ae6ff94a9195cc5e2d8fb995619619,89.9
9849dbeaa220f8e584cb0a572d708160,89.9
0dcee6eaf86fc9b2d45643f46af4c87b,89.9
9cd29c8183b0d26d285255515ec01b3c,89.9
697e36f0c22d214ee7e86f2b8e017988,89.9
353a6978b7471f4655e274156b120b96,89.9
8662689997b421310794fe25c28ecdb9,89.9
aa625e70d5e95d9b5c2c24e78fa0d75c,89.9
a83d26c9cc247262c5c8210d81cd2ae5,89.9
ae8d66e811a5685e813d4fabe3b805a6,89.9
b7494292e530fcf77327f1649793a426,89.9
630e9a67c8d1528b356f51ba17702570,89.9
6ae5c91f98215861c17a5dee19a4d109,89.9
022d2a2e532b92556bf7cd39107fd780,89.9
ccbd5f3c7f46b8833facd60c6a4246d3,89.9
2999cc0c4e1eed40a05f564daa3a366b,89.9
99caa7dab4866c43392b1d377fe0f406,89.9
e4560fe786a08159d4c201d309b4600b,89.9
5dcb91571a9b716bc97e0d4de1cd0d6e,89.9
14aea6e289ceebb4c4389c168be3dd9f,89.9
508725a208e122d97b52dfeabf0a0d06,89.9
31c3ec5dc1ec7bea1308a156c95e3b4b,89.9
1106c98e3e238c15a37f86586c61effa,89.9
0d8c61ac7bb256d13971bfe77837c0af,89.9
5e57d863ea7e6962334cb87cdebc54f8,89.9
ef68f44cd44c15de0cb8bc53c4fe3782,89.9
94a01ea28ca5c85624360c16e402efdc,89.9
1e248ce64cdbfc9d30332ff380eef1ab,89.9
b58fbf23126951dc9923dac0a51e0dbe,89.9
fefda5eaeaf28f4982a6a46228c3eed9,89.9
796b1e83d2357fa922a37e5d007f8923,89.9
b62747c86e1f3e8d299ea29af72a22f6,89.9
1487098a1d83d17bd6b04c1fbe1aafb7,89.9
c4661023cc14f8b203bb388f6d486f3e,89.9
a1c1b7bc5b4c7e44bd662900ea448b05,89.9
e3efaa5464e83a195738e268aff73a4d,89.9
3747b586188c3c69c6a430658c2ae9f4,89.9
bfe0d569937866f0578c2d61850eff1d,89.9
60852efd9f53d2f93fb901990a7e9f64,89.9
ac253a92ef58b7bcc1c1e775e6f79565,89.9
1b520c220eb287288d456d947acec195,89.9
7a1aa3b46000539bded75c131c2a27c7,89.9
8435acb0d20dea7a8fc0d659bbc3eef7,89.9
5f79e3a70edb7b5c683654cb6285c88b,89.9
d6e801f63a31bda1ed8f6caf4c2620d1,89.9
31a317f8c2ed13578e35d87fd51754a3,89.9
8927e66424e270e8dfa5edff7bd06734,89.9
428e2a922b73a9f9fd3f463f767159ab,89.9
4ea4534f03b9bec97d923dc02b404656,89.9
04dbc4abee6079d145aecbe59c634606,89.9
6e599680fac6fedcf093d102468a9676,89.9
99ebde4033307c9e5fa759154f71a2d4,89.9
b4555c86f2cac80eb9a05546896ac079,89.9
1dca431885dd72251e23f8bfe57326a8,89.9
520aa27ca1f4ee8465b3ec516e6d0688,89.9
17605eaa42786601c59faea89bce41ce,89.9
efe0b326802e3b2636f4b6b2a7466f15,89.9
42f75f85ea5abce880a33720e1334d02,89.9
e7c04f8aba1cd41dc50ca867e170c352,89.9
2e665ddd21f4674f2b1296f12c1a5263,89.9
936b68a646c4f4d8a24ea74d7649b8c9,89.9
dd45b720dccd7bfde7eecaf8974ef691,89.9
ebe869e29b2fac730ab9d529fc2f8c17,89.9
252c595d77cc6e66adfa5d0af8dedc47,89.9
228c05590301d865a158253d3b5d2350,89.9
6edea7df6a0f1cf05f87207421203b9a,89.9
54bf961dd7993c42e63fed62f478f87c,89.9
42c38d746d678fa66ec2a2fdb9c84d8f,89.9
2b02213d249d2abc717cc1c6bb4e9cb0,89.9
0f0242e95194275e6fcb0660f728b7c3,89.9
a0786a9a0b79d012f0c4558a7744c594,89.9
51756ea9511c4d8f66f7086a126d4ab7,89.9
4f07ffd62696e75846ea2fdfd05800ea,89.9
5152585f73b24d675bd2e8316b4fa99d,89.9
d99ff94021e8cdd83a79c28812f1d6e2,89.9
7ce2416c6e9a2d16b45d4cd192984d33,89.9
1abde0f02489fb0d22f4a0be40aa537c,89.9
d5695e900ecca93e1369d850dc1e986b,89.9
caf13309f13b92c0b4e19259a74566fd,89.9
405901129a10fc58c472bf5555e20d48,89.9
8a99826b768415524f88058e2a68f980,89.9
685bbd16ecc319dc3f5945cd9410fd5a,89.9
fb1edacaed9e826ba1d26577ac427d25,89.9
13cccd43a240ebdf4cba52bdcb61b97b,89.9
b13d2760d38f105bdc7647c63b130e0c,89.9
8ed1eac4a6e3270d12bc685cd1c5267b,89.9
5bca1d1998fd0bcbfb2d499cf1e6fb0f,89.9
2c560360a2c0dd8310ab2803712e7f1c,89.9
57770afac55ad920cc32d7b4d0a1230a,89.9
f074190ffb3794d0aeef9a074077c0b4,89.9
a697310dcc6dec6e09e601a68fad6611,89.9
964dafa5a2cba25ccee25e355f9395b0,89.9
edc982d0c07e8652a9d589a8d88fdb7a,89.9
13ff24cdf0f2387256f8f193b6e1bdaf,89.9
da98878435e1b9d2e4682576dd42ef9d,89.9
3f0230019389955cbcf00d4667d0883a,89.9
09c17ca161dbd35f3e24a39d7273096e,89.9
66aaeb93939902f6cbc196d9f6e103e2,89.9
41a84693075e67aa8f408fb362532bd3,89.9
289e858c348b174706313d37ee8e246d,89.9
5df9b76bc23ade55793d79e024ca0871,89.9
110d797e5a5055538df046c2cad8f3d4,89.9
64951dc059928ade3849eec4adbb689b,89.9
1018d28fda116184ec63be90496e0535,89.9
d0eca4dcf131a1a0f4665c2a47b4ca02,89.9
8b626aa008b8fc32f56aba71c3c246da,89.9
874dfb94ae7ceab047226c11f81cba46,89.9
df08460daeba386017003beed23b4871,89.9
b408e86f1975f2dd2cd34506f0b33329,89.9
a4bea9d0081e8ca8680b0a399e9dcb97,89.9
2cc54719065edd4d2871fcc67c434d7e,89.9
04aac1179f493ca4027fdb822789e857,89.9
01b6593aa123cea222a7b4c18c3e6961,89.9
95fd44072533bf3f63a80ae485cd0f47,89.9
6608ebf280fed4041d9fdc8047aa6b4f,89.9
bf7ad117f78331b6bba8bec4aa1ad3c2,89.9
4c80e5d2be0abe809be7d2307881969b,89.9
f7a7c89c26a88f235ba4dee6e9e46d14,89.9
d6674bee6e13d7654aea0261d0054fb2,89.9
b72e9c313a07ab5d332768583ba38a3b,89.9
5d7bf0dcf8306abcdd063a7883e23ae1,89.9
e073ee9356bfef110cf4834bb89646f3,89.9
ba7ba28196d8d587efb0976309c93928,89.9
98250a166957267b24eafb8fd85d8415,89.9
e282755182438a82582d2bceb0e358a1,89.9
00bad631eaa8723983a6c7e2f910dfca,89.9
a0ed1a42e302ac466ddda7c0496b928a,89.9
da6f92c0edaff5d147b17f05eabdef1b,89.9
0b5fa65bffab4bae44dbf000ed874ab2,89.9
efb399989df3fa489f07cf50a7673566,89.9
62488077b67f2fe2558dd09fa9e81ed9,89.9
d111e1e579cee0e145c32502540387af,89.9
5acd1a67f329f6da37575c08b32b87e8,89.9
02fe8d515ed6bdaba7035d433bdac524,89.9
9d92c0ce43722dbc5cfb9b7046dcce65,89.9
b30eac48437e2422a2530a87568b5613,89.9
43186abecff556fa7c348f82d51abf06,89.9
159ad0f6cbd047fb360f05bb09e6cfe4,89.9
11e380be5c4a5ce9622d3e48d02f042a,89.9
418d6e2ac79a4d0c97a9bf1eade596ef,89.9
a62ed90dfc56c8eb3e021e9151fbf469,89.9
fdce567416b7b96de1c0621e6a88a7d3,89.9
124b29c0b577597f7379265f38d50490,89.9
5d44b0796aed22e02ed55dc2d5ff238c,89.9
a1e3207213fb4e743661d253b7bf5b7f,89.9
af626bcc9c27c08077b02e6d3aa00c36,89.9
6fcf97197c5a7f107a6057e93247bff0,89.9
8b36301602029ac8f28e6f14a682c089,89.9
59a741253766579b0d5a54f810ac96e9,89.9
7c029eef6932cb5c705df129bf18c52f,89.9
1c2892b86921932bc4c4ac3045481688,89.9
2853fd4b314b078f6a16bf500bcb1a0c,89.9
208782af33053aa8a60fc82ace534497,89.9
3c8296a5e7b1a8640f6e31bcfff5f41c,89.9
bb2864742927b9a86091b575651f58de,89.9
798dea2aaefb3885972c1a1d262ca636,89.9
7e1fefac4949b05bbf651b093817fe1f,89.9
fd871014d27b3b0a4deb772c5d5902a8,89.9
7ac7d517b48638edff7d3ccc84063742,89.9
65b63693a2ff79139a26c94f260651a3,89.9
fc65613a333059225d516c273fbff1c0,89.9
ad3e2c79a82b673dbf76cddc3e33a711,89.9
f06e94172dbe350cdf8729a64ad2565f,89.9
8ffbe0a28823d2a5ff88a9e4b1b7526c,89.9
58d891eda9a7fef354dcfb65285b4587,89.9
c859800e47b268489f7ee387c913a409,89.9
168fe9e12001de4aa4b035efcd035de5,89.9
ab8238abc2ffe92f45b9c14b9f7f33f8,89.9
90f51bec5d0d69face28f9243b919d34,89.9
cd69b09b4e88e12801fef674ab5258aa,89.9
63470440d292368c0428a4f7ee7c5c86,89.9
330a6da5dc55174ac54298ac57c07be1,89.9
7c2a55810a39cd8421f6fd48f88210ac,89.9
071d06d853a81c7dc7f80666509c9cd8,89.9
890452f55598c5ac58e2c80ddc815521,89.9
53f9dd88885b2ae949d68db6810f64f9,89.9
932e3af0ee6c27729b0c388a58a67f20,89.9
7c9c1015111c84b3feff7011e229470d,89.9
b94a154f7f51cad4efd3c2ea0d4beca9,89.9
fd006a53412328405bda07eb5f6be031,89.9
b49cc676663ad8545fd56c4c2ec8545d,89.9
ae93709aa59cb498535355ab9ff6e8cf,89.9
6eebaa1366d1fecc9273ab402af38d5d,89.9
050a44e2a689099514443c37f6b36c6f,89.9
526e982e0217539da2d43a01848404a6,89.9
a644339bf7abd0f72f6de816e4a2f80a,89.9
c261db649b0612a59b601008fc05082b,89.9
7cd6bff8976273c486cb20ce0bf2a209,89.9
9677d2282168e413c000b3ca0ae8bd0a,89.9
c2c28bc5d6302d53fa45f5e2c69aac3f,89.9
7d5f98d04443ed87f53433191d7676af,89.9
fe3d5f55398a4f615e48725f02ffc5b1,89.9
f47a3e021a077696be3337820048edf2,89.9
781aba8df3b1bb0efe7657a98f7412da,89.9
da9c83d94321bbd07861ab46ba121cfc,89.9
fb9bfdd81da81e42e604a4be97092130,89.9
7f77bbde63fb27ca5bc7a1ff43504d7d,89.9
4f7d09d7800186530a64236919693655,89.9
b7058b7d5a19aa16175aaf925067d659,89.9
0e690432c515db8755f64ec9bc8f28f1,89.9
2e6c0ccdb5b36d98492e1ebe5a372146,89.9
13a9174710a2a98da53a186dd90c0292,89.9
f873eea53c6efb9f7b57d7822b209e05,89.9
a5198834e9ce4bff80198fe5d5c4f25f,89.9
116f2485586eef5359edb16d364f7136,89.9
8bb174fef8bdc73b08cf5b95d62736f8,89.9
ea307d84349255edf7b95f7a6f53dc98,89.9
3c0562c182c693699c1c5e3cb4e455a3,89.9
daf22b7353d8e5021df9894b32dd6b45,89.9
9f72d50077337c7f7b8e507da76a6426,89.9
1c50cf6bd2a4fb1fa75dfcc08e3b879a,89.9
92cad8e5fda2b485e79051b39333b461,89.9
e8f957324bc3abb0d6af1642f06d3476,89.9
5ab0cf98530afe73920c05b432a8311a,89.9
3e64eb3cfdeb0c9cb5fb497e7afdd9f6,89.9
3664970f078371fc4638701954f6f048,89.9
9cae326cc4642d878c0cbf143ef29da7,89.9
fb4d778f6b01565f209b561c9928747b,89.9
39ecef3d8a542ee6b91e7bfd7e9a6b87,89.9
1d5c5823a964c7891fca921536fb2463,89.9
828704fce3587adf8ba5725b2f05daac,89.9
ec45a475aab53b94988fa324117b87bf,89.9
de933a935e7c75c60cf44b12e0972268,89.9
a9686bd14c5592e4a7ada5df264afcff,89.9
788e9580bf43966d1477ce4fccde2d32,89.9
5e999c70b359d4d94b417249a0b97902,89.9
218c4c3fdefeacdd18ecd0bd5ebb827e,89.9
d6184e6a56d0baf7b891bee8f43c5066,89.9
300ce7fc3fb7ffda8794cd2f97b2f826,89.9
e318ac5013fe7085087153196649820d,89.9
76523bb9cbac54a9e190b9f652762a27,89.9
b9e6a4f0a7ee0e84bd7c4d275789f2a9,89.9
957f3479d00c3d8aaa4ccb50b22e5ac3,89.9
59e0b2fbf8c9258307645d377d4c80ff,89.9
5ea02a7e688f1ce6dbeccc48a7d45003,89.9
b89010d4a6acaa06d4ef89043869838e,89.9
b719887f1d49aaa4687be33d3929129c,89.9
d2898df8d7ab23976854d61a684ef6bd,89.9
225b48a271302bc83c266081c9b31dd7,89.9
3dace48db3ce6191180426da0fd94318,89.9
3e0ea72a6a9f85a1514038f9881cc62e,89.9
318c79ecbef169cf1961191ee2e2b547,89.9
1969056fcbd2327c0071143fa2bed65d,89.9
ce8256b7d2de810a1f6b169c12b80e7a,89.9
f478c41eaf614ede7ac0fcf64a043e58,89.9
35538047e33ffaaeb5858b7cc1295296,89.9
5ac428ce4c03f5de316e89f6bf056560,89.9
d8863cabfe51278718a9920aa867c67b,89.9
bbc1a821d00d020c0f1d2034be380b61,89.9
84cf34a198e8a9fd8e7187e16dd4be33,89.9
92efb7442d7a27f11a453e0c0db25562,89.9
281544d276e137e94ed0250eaec7756c,89.9
02c63a27c1684a847772c7cbdd01642b,89.9
313bf9a92649677bf64d953f47f6e39d,89.9
31b09f351f1304b76f05c3e4039b4699,89.9
9c5b708a188f9bd992c4ae5676323d08,89.9
2923538b48ba4910e980aa90a89c3a2e,89.9
2dbc6c19eaeb265c5bed88607eb98f21,89.9
d990271a4a5aafef194d5cd0ea385bde,89.9
93d5e378ae2f72a07db704f1f6716a7e,89.9
c330e15c594fba46d26cc80beb73b06f,89.9
4181c1efd9dac6b7c835fddf36b25185,89.9
b6b23dc32bc247d86e733510cb38b276,89.9
9d2b084fef3c3995d1f071f52c097fc2,89.9
423259ded99a71af3c276d1910892e7a,89.9
3acc59b50c125a36647e0e9fb87a2668,89.9
c94395fa4f7fd0440d8972d45d711d6d,89.9
4a731d851f767c0002a3a8069d62d73c,89.9
1ba27dd3d21d68e40a49916af05cafef,89.9
aa49b4ab5daab2fcce2b1ccf32dd9b0b,89.9
02b83a1a2a215c7f7629c8fe41a7cad5,89.9
27b295de7abd15ea08c2dcaebb4a3666,89.9
a6468b1856e4a74b6c786117e626749f,89.9
710cca84f93dad4ebbfff1220d409458,89.9
14f9068e637206960a557817377830f8,89.9
6b75e2df886b0fddea0581a52afb6968,89.9
29e75c5bc4d598db86b874311d317d69,89.9
a1f9506b4302736a8c61b16952bf3cd8,89.9
7f67b155a0f106bbc33e66c52f71db79,89.9
b07937265615c5e0deab6c26429590d9,89.9
1028d10bd7d1b06c571a8b080b855660,89.9
749b2077e835452cd5fbcf5cb13c8f6b,89.9
10b59f56c87c5f68a2dbf3646f0f78bb,89.9
dcc9959af28c3b43a76693497d0ac476,89.9
9f1d0829689993f3a43fd9961c4e738b,89.9
b2205c5c3126e91dee627de5e09e89e6,89.9
69669556c0498b560a9eda5bcabdec2d,89.9
75d185d54b0d5071d2d87b078bdf3dbf,89.9
9b81f09686cac80db4a3f37ec6ad91a3,89.9
2ffc88ec5e8f0015074628574fdee23c,89.9
fc024c596725f743f0d7bff1b3786457,89.9
e3e0dbb66c2ee05a114b214a7e7447a0,89.9
56c808c1dd74f671f4170b03666749bb,89.9
b2e698c6de7b1c259c522cdd740bff4a,89.9
f5389cd0ee02b3476058b95446ebc174,89.9
fb6d6e72cb047e58c90844f7dc43c375,89.9
64042b2284d62375ab149d343150c5d7,89.9
483468a56a54dbbbf8f2b2354cc8a729,89.9
7586fb75bde894464060825135c1c887,89.9
cab1020e65f0807262252b3f21c8598c,89.9
bc52d9d25596d42ee5bf3af7045b7bbf,89.9
defed1717ef59e92b34b4d220be6c9ba,89.9
e2bbf69f932758880f88508bea6207a4,89.9
e5ed7280cd1a3ac2ba29fd6650d8867c,89.9
7a64b719c194a2438f57a7b650ce371d,89.9
54c8e2af42de8737d1e0fbbef5e7416c,89.9
40bc1202d31e52d9e121fcf3c6cd6149,89.9
8ff586e977b363b0fcd27dcd42ba736a,89.9
9f39681d922e6f04b06ad5527fdeb0a2,89.9
32bf3df42f4a846dc888178f9e276111,89.9
9b665a2a798904a4f68c8b09f08c65dc,89.9
5d0e84f6254b4249f9c17ca2642dd09a,89.9
7ca8e352c87e204812761e7dc7f8fa54,89.9
f23196bafc986b19ef1376642e907527,89.9
8dbd4ea7dc84915203eb642a97fdbd77,89.9
00701ade29704fc9aa33a8766b082cb6,89.9
bd8d067426b640b65c68dd3ee6c71d46,89.9
de534e17e0c64404d3c2c366c1b1b16c,89.9
a45fdf15523abcc42ac5a7793b940938,89.9
27f584b0f1dc4e610065c240f68b6be0,89.9
8f328c1ccdd8ca4e1c18d6a31ed528db,89.9
fb5a37c5751065b31f48a501d47eb1bc,89.9
94e1e12a3d64d14c81f0058db88d2cdf,89.9
b441a818126f1e5aacfcc95a690be79b,89.9
cac54b823d33ccedf1c3d552de1d41a5,89.9
5fa2153b4ba64216d026039216f631d3,89.9
48809a65c8830c54c2316d6a15e6b8da,89.9
d057d6f4efb78ec1c7e5f1b28f67493f,89.9
3ce8f9a70471f7eb4e9f4de10402dbec,89.9
0f414c3de4b25372b9db335c5570a095,89.9
0f80e191c93db94bca6006c000ad3989,89.9
c892c369241b3684e3c45864a2676648,89.9
9d7e77ac76ddfb20e31bbda7cccf6f77,89.9
45193c34a13942938ead2873b64c360c,89.9
59545351b3f53fd18987ed9bc7a8d2bf,89.9
b710399fff76d7d382dc542fa66da001,89.9
077857f2672b24eef822c0e0e9b17e4b,89.9
daa8453225636e0b071a47d14745259e,89.9
dd9fd7139e2f57b063f3ac0d911b9b6e,89.9
83b0bfafbbfc77e2e63df86f34e3f4ed,89.9
1673f453ac44985d748c41c89551e0db,89.9
8a8dade6b896cd81f4146a544ccdd0d2,89.9
7322788dff45d0d891c0c22c8a722852,89.9
3ce0f3492243e7dc026346678fd4f703,89.9
c4dc91bdedce7359df739e25b9b3a21d,89.9
a3d018dbe7100eced7eae9ca087430f9,89.9
015c3378ca571c1468e2be925e4dd502,89.9
f1db8dd5d132de644b898613ac9a96d2,89.9
4630f83501d8ae1b951d562f4f0261a2,89.9
5402a27e0d729263afb6bf491bfe7c0d,89.9
f2b21667a66caffb143cfa7b66ee903f,89.9
f56091c3fb2ee9ba23d99dd40a11cb7b,89.9
2985a69f43a3e22e6147e29d5af17093,89.9
ea6c726a9ca86a098522ed490e0004f2,89.9
2e5e8aa95bd699a5e7adf23762e87fc7,89.9
399418247cd6a83c103fb7025b68405d,89.9
eadf53307c826970c5d2cdc74d38e918,89.9
225ebef5545fbebaf3d70c1c460a5859,89.9
9b3cb84abc5c1cec3d856dd6c807b13c,89.9
4537e1008a9afab2213beb76df625f95,89.9
8a4cf15e60353a23e927ace442b180f6,89.9
c54724802874343ade44ba9e89f5d6d6,89.9
a85c9694bb212b94285c40933fd6191a,89.9
daf813bc2e41c86027d086e8dfb35571,89.9
fb545b1c12acfe1a72c0e57c087f9029,89.9
9163faf0052ba7b49b28687ccb3eb6a6,89.9
136df629e6a56d2350b74fb34deecad3,89.9
f1e72e6212d8f92341aefe99209898bc,89.9
3a244dad3b1bdb9cbe87b7572a55b654,89.9
b24b48e39da85ada6098bb3f13bf86cd,89.9
c0607f321bb86a70b4c2ac712efa110b,89.9
65d08e2bfce2c91a832885c4995025de,89.9
5741b6f030a22bd35a06b1d168c6c6c9,89.9
83f3937960f9c14efc3ab40957570050,89.9
91cbdb19cc0cb23e62b4f291f0c1e41e,89.9
c7a3d38f91df1c3b930e3c8ac667868c,89.9
40a38cd4a86f1d51e4a83fd9d4ea8806,89.9
1c226c6651185362430dbb00936b8af2,89.9
f96b1ea5b94b1f78d8dfc90b9c79866e,89.9
6665232247ccd2b3615ac7bc9eacba6b,89.9
77da1fb2f68e50fabf4322cf29885578,89.9
c9993d6a9ac3183eebd2fcaa4bf4c4dd,89.9
6d4b01823fdaba3e45b7d933041a8579,89.9
bc303aac3563316de8114c1bb12ac2db,89.9
4fda3efdcecbef2c095828eb120fa692,89.9
f6cc7b845fde9d4e71361fe6fcd7ef75,89.9
264309a71b792b40150ec69524c25603,89.9
6bb4af3f77ce2203db9e10215ba97127,89.9
f7f4c88bd5093db7e3fc7baad3cd8deb,89.9
5473f5784ea911c98ae1da72138f37dd,89.9
bdfa6b6351a89a8d9381608d2ee5abea,89.9
fc322ed337200cc851691601159ba5da,89.9
91f4c41a935cd785368b978f1a82b237,89.9
b804b2833d003cbf0ca148ee493d46f8,89.9
83d0b3985df686f67a815c1c0712e54b,89.9
514c6e33892730a7739115d0da57076d,89.9
baf139d17c0df8f5a049b57af7642f3a,89.9
4479c24d672d4eb166c60188425da673,89.9
9d507dae8b83f73bf1c00e1ca2e4357e,89.9
b92426d90dbe2a340cba7eb1ff4d500a,89.9
acc1272df0c1c3d973ccb5be09d0ab41,89.9
1e98ec6af6b00f2b6c4974181855fbf2,89.9
ac1a777cd3bf601e371e7162a1ed3173,89.9
69a96a3c8cf76c66532032497443bf0f,89.9
2d44f70281161cbf9bb10e22dfa63fb3,89.9
436e9e545e5299f9e29e1f6083267aec,89.9
385a256091b789214a0bfbd295406bf8,89.9
d956c02f6d3084258733dae0dd964a53,89.9
bc9ff46a719141196e645fe84056864e,89.9
58bc1c991340ff5dad626db50a02b869,89.9
90f15adb98877594fbed555a0622972e,89.9
34e96035e861054d0816e2168ee210c5,89.9
860ac166573be76ffb00c3e483892094,89.9
5eb90b3b173b853d40a5a388fc9f9f35,89.9
5a64af38f58acc23a5240a7ae411eb03,89.9
0721e1c4b91bc6ded6579edace8659d3,89.9
7a5af48bab8a9cd08b729db964a4f8f3,89.9
52fd614bcf2cb390624779fd05110d84,89.9
dc2fd15d2dbf52095072ff3e9938cff6,89.9
946c117a09139194a84e03319d70d999,89.9
b88e5fcb328ccbab9b165162de7073e3,89.9
f1ac16433d7ba82b35cf60446432bc44,89.9
f1afd1b05c94e42923ad3cfa6d34c344,89.9
aa673d212bdc1e18eb1cea48efd99f5c,89.9
878c66c9ba46232f0c5f137801321873,89.9
bcde3555c10846d1a1cd8b8f3aa52be5,89.9
5b52bf026f62860b9ca706652f1426c9,89.9
b915e678efb894d35e8ef23dabc97e85,89.9
4825eb6b9fb138f6e32be28a39054bd8,89.9
44cf54f2e6b9ba1a2eea3231a300c24d,89.9
331f1be9df6d6b0b3f3d70510ebe5038,89.9
c56ac40c3685486f321027a4c3b3adda,89.9
78b7abcd3a5388f7e44868b2a67fc36b,89.9
68121777d7ed2dbfd4456c0d4c037cc3,89.9
a56a99918e8686b7d35af612dd30e86e,89.9
97ff9b5ae14f8fd17a06e38dcbfc3af7,89.9
1fd86c615df86be8983b0ed134d3d23d,89.9
660371b8af390559d94226eb283b514f,89.9
74d653f3908d54caef36bd9b9a3c7627,89.9
6c5cb6d6b3bf36e1fcc36c2ac4d94542,89.9
2f21dceb683c02e437f9505d913fd615,89.9
6b823e3f6bbe648e82c15939d5659652,89.9
809400fee84b0974febb3e3dfa7514be,89.9
05973f8c1b234868c8c1397d05d979e8,89.9
4b8449f6f267ff67d74a83a4441dd7b5,89.9
06de5c754510bc13915d1bb9617fdadc,89.9
f2a5ed507918ca3ac831b7d38590141f,89.9
4ef3af4d34d588d21fa7570c6a08feea,89.9
12088ac6ea84edd4538e734343afa548,89.9
e71debe30488f0d8eac45ecafa13a725,89.9
9ee92db26a39b7ca9579756ac1bcec81,89.9
f2b16ed068625074fc2afe402df81384,89.9
3208272b8e9b21b56d16be9ec8d03b0a,89.9
a95dbea26da168d82f94f2bbf429868c,89.9
b2c8b552197447d6505dd622e60a4cd7,89.9
c450725dd74fe776455b35682c2544dc,89.9
63da2e8fde0e3a1b064e9641ffdae56a,89.9
477c364409ec4664afc58d14a58462b8,89.9
e50ebc827aac483cd6a356d73877f9ca,89.9
10ae228290257879f2e957f97b8439d1,89.9
6d2c453c45724e86f5b33a15dad5ba1f,89.9
a00009bf8489ae779a18179b4716f195,89.9
3597d588ad764ca2e11ea16ffdba3f15,89.9
7c4eb97cc786cd7b33980a0c1183989c,89.9
c19f7da4784ab55d1332e7ebf7132534,89.9
ee1efc7f165c3d3c8dc2325d82e79b2d,89.9
162580846012b5d598f38dd5039737a0,89.9
61a009b8ff38558e6d4b09968e4e2513,89.9
32c2f812cff3dacab1dff78ccad17c78,89.9
2641ed152a01cc9e2039a4f804b1d00e,89.9
7d7074852c030d222553c809a7eb3699,89.9
bdb07c4ef56b510b835265bfdfbe8319,89.9
41453f96f2b3f05b47e7ae5130235fac,89.9
8ddd164648c824d7250540119f73b9f9,89.9
7b795a9df1fb7368c9c00514370d5c4f,89.9
f583d14f88786e6534a3accf5a082b75,89.9
a1cc7ba043c795a62707cee79758b7e1,89.9
1f184001b4cbba29eb3ddefd7b0a195b,89.9
fcf0cd42fd7991c2a63cb036bea62c95,89.9
d8625017429f160bd561b8a77715ce22,89.9
d5e893e9cb27ef066698e1a8c2134a84,89.9
42a83ad36631f91c083ca28318f5c24d,89.9
effd5aca956512e2f7883894b59dbe64,89.9
a25c191eb1025845e8e9d1d806fa2605,89.9
c8d3ca6c61c4ba867847be9cda6d80fb,89.9
e70a0538bbd5501339fee6675bec20ee,89.9
94cce5d77423fc7926d3af0d01f379ef,89.9
91e93abb370cd3dc6af2a46b988c593f,89.9
39c4a14e8828e782b82be2823738ecb3,89.9
5be52c6dec12c72dc02ac315ae57a221,89.9
8e9bb73ffd143cbd9ac3766df76aaef9,89.9
f3c9c6bf685619f838e78019116a92ac,89.9
b2debe4651838a3396be94a0471a5912,89.9
32c08ef292e0052b476b1fb965873759,89.9
8851a3c5fac2f9c3abd2fdfe879889fb,89.9
3eb766c4e42f04deff042edb442998cb,89.9
c50977225ea8106769613f88e9ca304e,89.9
e433f1adb60e4638fb1f463a5bad4c38,89.9
8fd85d9eff1b41fff629b2f0e33831e6,89.9
a52803a830c1641ba40537bc4e901532,89.9
aea480663063ea96167592d2ca91dae6,89.9
43765637ee2f45b91c03a18d71b06b1e,89.9
75f9eea27d95bc07faedf009cd8cd7b6,89.9
d3a7f01174c7a3d2905734b89cacedad,89.9
e345cd8dccf24cd849941b7156ddf2fd,89.9
9b8ce803689b3562defaad4613ef426f,89.9
5e5e6470cb171508e864b8fc75379c73,89.9
f5d670454d231abcc3e35c592ce3cd54,89.9
cb9f7e754714c4507e19f30f716cf99d,89.9
d5b301a2087b017c4a9ca9730a2b18cf,89.9
0a69fc827f07f7d333a26d63530bbb5d,89.9
6ba2b4d1755c093c1e43843f094a041f,89.9
fdf260f95dfd0df0da8955f6152e0f60,89.9
c47d9490576d1f3daad76499776dc7d8,89.9
1d7d832199ca5ea415e212d226ae106c,89.9
bd4f8a3189df658a5278e99ce0d6e94d,89.9
610d46baa16bdd3d06be944f569b4df9,89.9
cb862dd254966bebe1b6c9489f09add7,89.9
837e5a59495c88f7881edf3d5b3c9c97,89.9
48197ad034682abaeaf6f049cefd1c36,89.9
da7acf84f4943e92fe8d8c767824a994,89.9
2dd5c9999a479a9e240d42bd38b4266a,89.9
c20025cccec47869bcd85c6863446327,89.9
371caebba0615361040bad4b89c40acc,89.9
6289cf6bd100be2499a029a27b1b5f26,89.9
ecc4c57f91567adc1932e27d5913d3d7,89.9
7dfb9a9908de354be283cb44589f723d,89.9
1f29abf411bfd452f339ac131885c3e1,89.9
7b0d41e836e8a4abe1293a322995251a,89.9
b1d878bd985be25da3e8661e49f79319,89.9
4d985132cd5b1f67b75b6748edf69be7,89.9
495a06b43543cd05dba495187d78de12,89.9
058b8118018cd37ff01ae5339a76c980,89.9
4a0df9c15b8f3bfb01a85c7f15a5ce7d,89.9
d23b9cf616bbf50601b8c00f9e390142,89.9
9c51cb0ca16bb31566de2d788653616e,89.9
9cc241dd34d97a4c8a2d0b63b3ec8105,89.9
5d633f08f63d946e620b93e3ba8c91c6,89.9
983b7eb075badfd4d31a2fa3481cb34d,89.9
d32a414ce056bd6f0c5674e1fb54e860,89.9
0198441fd94fedf81ba98683f6449a1e,89.9
ac4b2869f3f9c161a9dd4a4610b43c92,89.9
e0794148a5ca03766b58cd89b81acb4b,89.9
eb914f782da6a9bb3aeeabfd71c3966b,89.9
9c6b64bc4edac97d9148a1261cb1b68e,89.9
7f152281939e9bcf8dac90dac8375678,89.9
1092e3509e1abf967bdb283b72484323,89.9
5a9b69b8d07b5b9b2b5c97df75837da1,89.9
e52b524213096796ba7db61e4c3c2c00,89.9
ef553fe919dcf778989f099f9c02774e,89.9
9fa5945995475c5ea3d5770681c7e394,89.9
0667de33efbc52c6313bb98eae210182,89.9
77f94a8479757404d1c14a4ff16a23a7,89.9
d04b1ea9de553c20d8315f98cf8289a2,89.9
89baab6924c357bb87101f06523bf1a1,89.9
cd241660996be926eb075d2bdd2d0d61,89.9
7cfad50335cc955293a6f717ed14ef91,89.9
f0a83115db332c34b1c6de134a47e025,89.9
01206a881130146c337962e714f06d66,89.9
25c2777ca6e69ffaf3ff45bc8db161e7,89.9
4b2ad2c58b9b9100a496913942cc3ae9,89.9
5299f26b5b5f89cc7bdbfa82c2fe92e3,89.9
0e3878d41f9d6af61a782398afc4923d,89.9
d615653479e9e236a30a9ee118fbb718,89.9
244ff6bb69eb5abd32b5598bec40cc82,89.9
805dd3f5ae20e13e154b376a706f3541,89.9
f71aed45047f9c67240fe76a11fe3343,89.9
693d75d66a44f39ce21c963b90cc9efd,89.9
b46ec2f0ca57df3f1300fd71d9b3ac50,89.9
d9591dd084b9ee3bb45ef4b8de970dc1,89.9
5a25e5160e5a5ed104c66d7829fcb5fe,89.9
ce516dd122ea7a60a3f1a76b6153e125,89.9
703c8a3db3081a6188fc97fd296079a0,89.9
6ca2317a896279a68296681391368d1d,89.9
e5312adbc717038bdeda3e2d57b34b05,89.9
220a33720bcdfa04febf2e17b7695b07,89.9
2b40c614f845a0ff9b821036f5371d27,89.9
14748dec58543ab418c603bfdc1168cc,89.9
22d2b3855c2c6c4be552728f1d2c3750,89.9
127a92c454a0c41d78b503f92ccab6e9,89.9
466730a200f279de9bec0f71ed929797,89.9
66c5a61c8971f955bf22b0786fbf71ab,89.9
bf75820404561a3f35085c58a99a63fd,89.9
864a3144c2c9184d85067dc7869ddf8c,89.9
a83d443f3e8662006104c9e728f5dbf2,89.9
2e50f32ef890bff070fc82627c078120,89.9
ec072ff4dca90dd780fee30b5c0e8d94,89.9
7b26f260a1a551e1c66c5c69aec43dca,89.9
d42ad001693a3239001399f3a61987a4,89.9
d71895cdbafc0cc4630e3470733292ca,89.9
3f34cbecc617815bc8418b236ae3065b,89.9
6ea7b70c8bf8bc5d2d162d5b8eb8b2eb,89.9
71319ce6cebc4c3df28c715534e39eeb,89.9
0e4c745efdd0bf2b7dc380ef27da4844,89.9
8bb9675b99a1bfa9d37b5100fafb64d4,89.9
27f6af0c81fab95708eeab76326d4b4f,89.9
e039b096c7512203e0875e9f26ccd6c6,89.9
ca3287cb9c0f12ead0bba50eecfd5c2e,89.9
3140172c6ff4a7d62ac9bf889ef87531,89.9
c1721412453c2c255eeb8717065beaa3,89.9
27d2498b916f719b4ac0b76ec2823388,89.9
ae7abf694bd69600898325b29921ff3e,89.9
7c93c17ccc4a9e08b5f287dcdf38e9c6,89.9
51b1df4fa4d7ae06535610dbf5e2176a,89.9
4c22b6fbb2fa829e31d83b4160faa4ee,89.9
0595cb1106adc0f2c0f617c560fb8e57,89.9
aa33d697a2f5ee04aae5e9a8227e913e,89.9
ff321454b4ea8fda58a0d3a0ab2609cb,89.9
0e75ea874d514eed9be0dcbc2d02debe,89.9
dae7b22c2b1be64adb1011ae65bf14db,89.9
f3b9b8b6d11fc7c446254660648ca292,89.9
bd6048a0960b15881f1ae5dca277fb52,89.9
1878256be6b16ab5f7759b1c7d7f4903,89.9
af6378fee220bbc5a909a38beaf2c4fe,89.9
0cfcefc0ed0af6a2e601540feeac24e7,89.9
18fdca36cbf14a6972c06d9b3c58452d,89.9
c3c5566434df9ae3d5c663e4a29494eb,89.9
6139e49bfb539c18b01ef2d7da91a863,89.9
5679b266a296360d8e87c0c4abbe98f6,89.9
ddafa7f909212324579af94f5f8199c7,89.9
b731b75ff482408e50e6ccef05579637,89.9
c44883d4af42d75135280741c983b988,89.9
e01d5f8990870a514c5a86cce2de155e,89.9
782a7072b467728c3864ec0c6a0b0abd,89.9
810ca9554e64b702fcd371852a304794,89.9
0c5f7a031b2d75ca9866d5fba3382b9c,89.9
d32d683e4792449f00b40dbf1517115a,89.9
9c2be6e8f872e092e549c5d295e8bdb7,89.9
1f04cfdc8c5570488a603c3834ba9c5c,89.9
0ea326425f455ed155649f875ca7a168,89.9
17cc65ff9ac50c525332662f3261a9bb,89.9
1935234c8a91d9942d487c744166e8a9,89.9
7d622173e13aab026b87c0cb81c16ab6,89.9
41c8f4b570869791379a925899a6af8a,89.9
350800e876179dd0dfe093a6fcf0789b,89.9
f084a756e2dfe27a56771ba88b84dbe8,89.9
e8730c3eecf9daada0e368f2e49885e8,89.9
8de47e3c79765207cd3b53d4c95ed949,89.9
58495ea8d65ad7a0908d89cb58fb9804,89.9
adfecba3f0ad769e4e73e28b71eaa2f5,89.9
8024af9135f058848c0c8400a9de55a2,89.9
3bb3946913ea760c53bc4298f9ecf5bd,89.9
ffdd80d8f3655192a9d2a38d5b18732c,89.9
40d2ac8ecc21d966160499a601447bd4,89.9
fd72fb768029bc04b1331be11ea3daf4,89.9
8d00fc5403278a6891ef59df8faf0b76,89.9
a24c81f5fecf3ffa0229b20a87ff1166,89.9
c3282cab6115ffcead8bc6557ff4861b,89.9
d8c87ef39b9996034c86991b5cb7f20d,89.9
4b5776d05ded0f5a435b56193b33003b,89.9
39a6ee9489fe63680ad9b1fc3b2fb332,89.9
76fdb94e980edf0a4a7b1aae1abf57b0,89.9
1f861ae5826135b3fdedebc29fed1fb0,89.9
c4bccb6bca925c3c4907841f24877a89,89.9
1e8a8d05272891d65ecf047d69003b65,89.9
79325a5900413d28fb63c05bfbd39e5c,89.9
fa4351ea18b92a5f0ae15a5207738302,89.9
7cc858beaf29178458e90ee34c3be444,89.9
f28aac2789e12c47afd75647b5788bfa,89.9
85b6851fbe8e4dfc453218f96df34eb1,89.9
0411ba9ee6c7697c60b2e05345557958,89.9
77305d99b811c59273ad7160ce1f74e7,89.9
74a5c783c269854f424a5ee0eecda16b,89.9
54ea3c7fd302cb400cf1369bdcd3c988,89.9
da0a466286c5f331008ff11925b8af24,89.9
05cca96fef99684c5a5cb586bd025104,89.9
30159428cd8098929d2d39e5e357fcc5,89.9
c03d03f0137a4570806d8b2ba8c8afba,89.9
3a266077b40cc7a23f3a468602f642dd,89.9
57be70fcc02f8ed61c1216c07d4fa1a5,89.9
0ac3283d04020b3ee091fe6496d9837b,89.9
e3bb1927f5b7938af5e80c2d5af36ca8,89.9
665e2a5d260aa9d1c63dfbbd823f318a,89.9
92aa8377d76dce02451719d307524fe7,89.9
21971b011fe99f0cbb172f4e3fd11f89,89.9
36d39e3b372efc3bbed5188c23d0d1ca,89.9
19e7a88b34ef70d108e660c6eb33e82a,89.9
6943ece6e8fee2637f6b06f466412be8,89.9
cce1958e8abce973e3d29474e46c3a14,89.9
0dcd628efce6f206be874c88dd0cc92b,89.9
3382b8d75ce7038437f50fcd2b91eef0,89.9
cd5f79d3ad1687f27defdd03ce9523b0,89.9
e5909576bb25ddaa6b7b67653bcf40db,89.9
7169e91fb9f3317bd7929572a3a34494,89.9
72716c2ef0c1dd56d24fd84dc05a52c4,89.9
cf7256c633d7b75adc48d8b8c2fbb7e2,89.9
395109240d37ac26c624df336fb780c9,89.9
075167012e0a7a0c8e33443f75b1a473,89.9
32b1ae50ca71feac0a21fddfa9be7d49,89.9
6dc5e0332cc8abdd6ca44c47fff35dd2,89.9
097ce021afdda40c7055a54a30c2f6bd,89.9
0b6f6a76f2c677c4da148eeef7c6458c,89.9
713477f27e9bcb84f9449e11fb6378ec,89.9
7635521331d89d14ac8b9e2b50a8803b,89.9
643eef272290bb07a700d92a22096e37,89.9
643e8a41cb0b7e7e4524e7ac3853c3d4,89.9
a0d04172fee3a312adaf26497431a2ed,89.9
17ffdfd715cc2d4efb1b4a3027353654,89.9
ed3fe46fbc557470fab546231b8b44dd,89.9
315a9cfa0469acc52513edc34b1987ca,89.9
e2f19e9b81bf91b8582ee89d85312dc6,89.9
6615759e7bae7a443a7f45937dbbb819,89.9
b7a49cc601821304d09c5abf1d65d55b,89.9
b5cd28e9aef7bab2d96668644ac46c63,89.9
4cfff3fdb1921c35662448807ab4cc81,89.9
9bccf54464487719b6a4bd080a41090c,89.9
a09fe71c9d5dc8126d5fd57fb84b9423,89.9
50bb9b23717954cb976494695b150d26,89.9
309b553ce7f369bdd3c8ef6032ac9b45,89.9
fc88a860a165a23886e3ed02e802c861,89.9
136f6eb7ba9d14871b678a90b36627df,89.9
b200f456b569cac0119c515ae68e36eb,89.9
3719249e77d08436fe164bcbcd7e2cbf,89.9
84e14521bff8cbb289a87be1961d3d08,89.9
99b27fd81ccca7419e44f9a0563af9e7,89.9
4250b80706838d41393b3f84c26c90e6,89.9
bfe79f9f71b7875319f353101fa53a3e,89.9
027ece8189c0d8b1d3b543676aa81a9c,89.9
210b08387f3c6ad661e503e31e713a72,89.9
042a0023939eb67c821adac70b70da2b,89.9
f90456a4a362936bedfe4f2aac7448eb,89.9
54f4999e6a74c50d068be44d1fdef23e,89.9
90c875b4f66a15b579d50846f909fecd,89.9
136dbac56cabaf131db79d6032ade0c2,89.9
e5cb26fca2d6d69837f8b62d69368ca0,89.9
0ebb6d45fdc7c49738cd93b0cd95f123,89.9
f2f44651bf72c2b3ac527a8ccc57c796,89.9
285b0ec7444dbba52a1a9395629c6697,89.9
75914cacf6734f099858d9878c05aecb,89.9
83ab0b0599bfe9b384a53a6ff93b621e,89.9
1f12b97b42f31c818d0db045e5cbad20,89.9
3bf56fc92ac737837d5f7975c335e01c,89.9
c8116f9ffbe1b125e4dec834a1b9e787,89.9
de1fb762971b0f856211554c3d21d05f,89.9
6b74fa3521fe75edbeff9948022f13d1,89.9
e2bbe53294315e37378493e18a996cab,89.9
a40ec3847924d7d49ee652cf8037caa1,89.9
9356bf993586056659593d478d8e3e51,89.9
bdaa75489c4822902151a3dce16288cb,89.9
84b5d5ec2e4c5409eb6d9ed090499a80,89.9
a6fb7a48402f0b53260a6b518b2119ee,89.9
1ff886d030252e3a0b3a86d4cbfb3503,89.9
2054ad4414cf4a7a70e5e33150efaa38,89.9
ed9339b395f5aad0302afac0f30a0c6f,89.9
b2c356033817f0ae441e1150b19c2d22,89.9
6510bf0824930d09246d3b8cefe42363,89.9
f2ffda134e4ce154328c0fa4cdc23f53,89.9
e0ae53a479573a7f685b4f94c16cf85e,89.9
aa52a4e93942568d204f25e5d3180d4e,89.9
dbf165106b71b1f129d0e677505aae57,89.9
81b50a6cf4950dce19790e9da3d687c8,89.9
518147c912f543f0667a98ee2380274c,89.9
c47e44b0ca209929cc67d0e45b62781c,89.9
f5aa9f70bbfdee13ec200c5d49177521,89.9
1f4ef6ade0241043e777a8e9d3060ebb,89.9
b64b895a846f1bc23c1d74ddd9947bd3,89.9
9d175d3eb028df5615147d3c83a107ca,89.9
e50de73a50d0f161a8a40eee5e0faa94,89.9
e180cb22c10859744b78296e8c461503,89.9
dd366840d2ab4e9287b864bd051196ed,89.9
d61aa438586a325f237eb96134c4fd97,89.9
09915c12803ae121d230703fdb376015,89.9
14fbd36fbe6c925943633de58361ca00,89.9
0163a9517d96e283b1a883de0e71c826,89.9
8abaaa8223a3e5974fdd567bb01088f4,89.9
6b78b0252c9cab9a767514065abb61c4,89.9
2df620b15dbcdb7972cd6e800a5dce1e,89.9
a0b7bf085451ca667f8c8015e9812e3b,89.9
00791d8bb3acb245dc0b865656e18fff,89.9
935448b17a181ad9f8eb610ec42a8962,89.9
d740b790c937025f1b8cf6df468a0160,89.9
4263df404253bc342e5edd63335a3378,89.9
73f98782f67f44297697ea25d96bd871,89.9
d2e827a0183c03e5696c076aa6db30b9,89.9
1fe167b007e7b6080ef8116d0f35cb3e,89.9
fbf80d284c6f23caaf933fd4298ebb5d,89.9
9f634269d5b217b28a2316238fec774f,89.9
8725aee90972f2988fbe0e559dc126f2,89.9
c8e6468dc0ef9ffaf13b7d8ff21f694c,89.9
25b8803dbdbaa9c9aee9b10282b73ead,89.9
5855110e604705924d9b962fbbf732d0,89.9
e6b780bb93376355d570c29b58b07f3f,89.9
0f4d0ce43e275049b57869be7cfb6ec0,89.9
cf7465a3698b4378c6f53566da7d8381,89.9
8ed61098286e7149e1cd56e639609c7a,89.9
1636ea836eb8309398c3a98f0fcf4951,89.9
019b7076acf0ef17a372c02e8b170cb4,89.9
145011fb245fefeb64d213c1193aafb6,89.9
483f9f95efee899a6f12385108817317,89.9
94907d569668a485bd379f425d64a4a6,89.9
e2a8d07201639004b090670ce5efe355,89.9
a6e5072e7e0797c72ee9a602f6ba2cdc,89.9
847aea1551dfb134e8c222ffa9488eec,89.9
50842fb323b23c7e7e2d14e083168335,89.9
c3861717ce209342c12c495176b855e7,89.9
419416765315af7eec3cc52b6590c2cf,89.9
1c551577e8bbbcdb2f249d626bf53c66,89.9
a3b5ff81584b02519006fbf4abe177a4,89.9
103a3e0dc4ce3737213fa7c10a839e5c,89.9
bafc01a86a63039112af25baf2791982,89.9
74970e00c9c5a5726fd925be7ab372fc,89.9
01de8fdab9ccb256665253dab73c1509,89.9
5adbdd84ac9f7e85e84a0111f41f91dc,89.9
56cba15be4c1c109c6ed9392706c62f9,89.9
f35e5fd801be940cbac8e390f8dd4425,89.9
bbf8f328e19099524bfbfe53ecf2055c,89.9
012413f25e1a3f143b2001198e916594,89.9
4a55003a271fa2d0d8ddab6c8fef71fd,89.9
6c4f1f1c4c39dc8ccd561f4f0c2135b3,89.9
6698eb813ad313e4fedc71733cdd206e,89.9
b22788dd1bcae68535e85800df4aea89,89.9
ea62921f15d73a2152d8f37d09c8c1be,89.9
4f828355a45997653584184482dd1c2a,89.9
bb1745533038c6df892337963532c51d,89.9
0c79d230814815f24c232a4ba3efb445,89.9
44b4092aca988a184eb8025c3064bd3b,89.9
df252288cc550625697753e78aa41671,89.9
d9601b8bc5f2cee3bbbb8bb106c0a659,89.9
76e8d47b66ffe39b5573e790dc4b2afc,89.9
cf801016b25bee7696b5f84e5c944b34,89.9
c470810bfc23c2293a7d75a7200cf99f,89.9
b983b6c8c77dac754125a7e55555c05a,89.9
b9fe4fe15370b83df77eeeeac27b3a1d,89.9
1334bf7fbbec2d3c41d69011aef3521b,89.9
4cf3e3c5c19ffcd9d7d4e1d78f966aca,89.9
186ec83c7ec57c2073127c57d48d6549,89.9
fbdc15d3098061f18f82853bfbfd771c,89.9
6dc92136a3eb6dfa6434a9cb9c74fa1c,89.9
b591943cc331d449b1ac46c0df74793e,89.9
36939b85495ade4c9abf1c6aaeb6169c,89.9
1845aa40e4a2a088735e3d6b87097637,89.9
0a648d9eb6a9fc8c4a26dfaef8b3b3cc,89.9
2aedefeedae1e7cf174d41766aa5c257,89.9
6e6dc62a9abb771cb96614a627d5cf4c,89.9
bb385eba2380679c7a9f02ca9b339d5b,89.9
27001c4612819736a6967d93c88a1c32,89.9
6df4246f1cf9de5292f78450941d26eb,89.9
0c0b4497d7324e5a4e31262c93fbc3c4,89.9
897b0d2314e1886d01454dfe633dbd2a,89.9
e154e499a4edf9f98c29f41476f96d1c,89.9
40e7dcf771ca0ec3ca8385388775f3e7,89.9
03ea960cf43b1d1e8ea7343f503e8fd1,89.9
2a70f969356e2a4bf261fbd483830d5f,89.9
6f1209bb65641b3cf8c669934485a467,89.9
b82ebeb157f7cbe3162e05f2bc3c7c23,89.9
5008e2a68fe081931e75f999bc1e5a71,89.9
e7c5f957b0de4d073c09a91b8bfaa215,89.9
b59bf9e1a0ea24243b3da2eee354cc06,89.9
b550abac10e148e050efe03dd209aa73,89.9
719635f77d4efdb02dd7792fc0c1ceeb,89.9
ba9bf707927a0be6c2a2527929f530ba,89.9
f777873517b1bf70c51a2950e513acf6,89.9
287775aeae82431dc317a670a5fd4f02,89.9
47a47d6f1660eda0a4e72c96c8f5f90c,89.9
abb30b586e7241af76d769f979dfcdde,89.9
de0029f32ce5af88c35451d139bc5d65,89.9
b24ed72a67bb8e128eb4eb427d47a3d9,89.9
2ac3946a9c8bf23c3734a24e4fc29044,89.9
d9af086fa1436ce10917c4d0362d5939,89.9
cf596d99411c2bf11fb8629cc050210f,89.9
23dc6b4a81c5e5897ca541952fb936da,89.9
ccfceced361a54b2400e5132d160c8d8,89.9
f109b06865467ef900b700716530d099,89.9
47b892943e7e44aab7a4973342b66d30,89.9
9f15e1370b94ffa25930221dd6dc1061,89.9
e679e15d9afcd1e3f068af187db70d03,89.9
afb111b7bf74e7009ed80cfb31a0e86e,89.9
438488a4ee40335948e2e3f5cfc74111,89.9
7a62749a3193d655da644468f0a4d1ef,89.9
28b19e4aa3b8984663064c407ca727ff,89.9
cff30f996ccea86c8cfe874709bf7a97,89.9
e45c59f17af3880d9553cb84c2314eb9,89.9
ba26119ebc275d7342f7f7a400c0cfd8,89.9
d1a0878d67783b124adf8dc580609ce4,89.9
5489d432eade5ee72322ecbddcafcd05,89.9
f44874b79296f9379e81705ae1aa9a85,89.9
ee036f3274491ed40be67fe834fa34fc,89.9
b85e5fff3dc72b68afe4d7791b495a62,89.9
e4ec9c6a947f3b53c7f98d16ae79f6a9,89.9
ecade4bf0c41319e2593fd5a10e7a5a1,89.9
c04e5815b1b55566ca94507f0540bb2b,89.9
a5e6ac3a5ce38448f898c1d7f60ee6e1,89.9
9bb8aef52763d98ec854841ba8d8b0d9,89.9
d370a0c04adf10949536f4c5a5dd0117,89.9
a11ad1badab961d383b70067c9c9a893,89.9
5e28694d6a61d430630535b17b41ee86,89.9
7ade565c3bb52b8592eb087a92d7b04d,89.9
6a70864902807a5b3c682a14d881ee69,89.9
18999498830a97a820aecdca59e84901,89.9
fed93511fb2472a401433bf486958f60,89.9
79ea5edbfaef2735d701da955519c034,89.9
03e653ee8e56b8ec6d97a5f5aa002be5,89.9
7f8faf5d573a53452104ee839d57e671,89.9
0648d2dc9982b77534b6cf12e660fe66,89.9
7b02e94a2352d4185b50fe7503b4b753,89.9
f8310a577e4c6ec83f3a4ba83d0619fe,89.9
37b6e5bed4770b564221465801f4f5f7,89.9
7df2f801c87148ea9fb007344fce46fa,89.9
e57f9faf02866cdf711f60ebf0da9c89,89.9
18138351c3724e32f1d6e0268f0c7663,89.9
a2068c82ad9b4be64dd9d98d2a4f0cad,89.9
84f53814bed2afcc48218cd17b23aa80,89.9
0fb42783dd10e44d286b79c1e10b1bf8,89.9
89c65a760685b658d53261b8839e8b29,89.9
14cb060b0482a83fa6609d36909bb3eb,89.9
32ae8ecaf26fb3a2a0cb81bcc3049657,89.9
41f5935e006ab982056004b85cd7d612,89.9
512966bc5f391e213ef515141a15f268,89.9
5ee58011648c4a85365707950e4d7925,89.9
4ba1bde676ff918afcb0eb990047494c,89.9
c89ecfb6b2504fface49990713e0ec28,89.9
9ba3b410b27f27958b0bdf1dd43f8d51,89.9
af1a02da78f2e9aab4a69b123263b3f6,89.9
a376b08483daafb5a7c16988d7123cc0,89.9
04ca69cc705242a6cb2465813eab22cc,89.9
1628224972c38ec171b239f7387a1c98,89.9
dc390c61e6ebaa34892110fccac0d58d,89.9
bc34456d3b02a05a197c94f72ff6fde1,89.9
644f81e8109d25d2df7ac2eb7b24ac88,89.9
1054549d2d002304cd50953c0df1077a,89.9
8cfb9c9751da0ae0f664b97b2fa0ecc2,89.9
26b849a0d8eed176f570248059cd4678,89.9
0fc25a3451d81cfe409466e229afdbb0,89.9
310491ee54f73c9663ccb5726a0ce485,89.9
40d73d7b16901d42c23c50e9c770720e,89.9
ee977261d6f914894ef5ac1a21968224,89.9
df60888bb018eac1edeaf5694b830029,89.9
1e8ee2859c7abf1bd5109dc08f49ea0d,89.9
cb1169f09b2fa517b0255a65e31bc9e8,89.9
643806a497cd1633636c26f70c58e63d,89.9
53e7c6b8641b7df1340abde0322d1fca,89.9
68d33255dae222bd6b4d4ccb0baebed0,89.9
8f727a6774a40d2374815831f91e0d0c,89.9
3e34d3a2f74fc23f3c0bef7294bb00af,89.9
c9f8da8278a23eb777ede2591b9ad3ee,89.9
647ec85c95efad786c21bc2ec967de35,89.9
7ec42757f1c506527b55a219ce8069c7,89.9
069f6d7625c8285eee5bc8ec0718b545,89.9
6b954f8f6a637e8f3e2b8174a4fa6c26,89.9
96062ed70db09e708d9808924b043b2a,89.9
4a2cf53472e16bda981f1aa3724e07bb,89.9
e5a33466701cd4bfbdfc0f03e4cbdb83,89.9
3f69775c4daa9083f46a17bfbc5a05da,89.9
72d191c8e8261379a271860bd5b2fa86,89.9
cb567aae66e06084ca13b05acf19692e,89.9
e6b134d384d1485e6fab267679cee3fa,89.9
a7ac5b973a7212f3574c67c63182c90f,89.9
b59948a7b140d0a16d1683138820eed9,89.9
a04716671ee5940d3e3fa0c3fbc939da,89.9
463b9fa96de25d1686165e7680f64cb7,89.9
4ea8dcc1472a40a7ed05115927623357,89.9
96a2add2cba046f553e5326dd46d010f,89.9
6a0da511a676532c35e86ca579164242,89.9
8b02f8ef59c26d8b31e7d0b9e844a680,89.9
548d14db00395dec9825ea9673c7e672,89.9
0fd081a171ad9381ac6327931d84b277,89.9
fdd7e696cd16748699f61a4beb5f6a48,89.9
62706c69dffb58ed1f0837001386a5bc,89.9
9041817f69a9a5d006ca45330c752407,89.9
177c6768f6918ca4002b8c16b4205221,89.9
3f7e2ff85b0210e92f5b1d447b687526,89.9
59d620d657d548cce67b86bf39adc5b7,89.9
f385f36d3294e4cf066cb4e2b4dc8afd,89.9
87593a30f5380e0ec6bb4ec3a6ac54b7,89.9
1e9b87abaaa43836c8dca222073a4b09,89.9
063a5ea8e53ff62d2547c8af92ba02b2,89.9
c4a592c82e1b5c3ba72057c5ec548864,89.9
659cb33e6edd0d9fb97ade91ee88307f,89.9
8fbab2ff4df1a7cc9531b14a686bb3ce,89.9
2c2fada471b6383ccf74a3d333b26a4f,89.9
11e813f91a44b1a07738e81621786657,89.9
5f825bf617f8288a4cb4f50c3c179794,89.9
e1a63a1f6fba5f944265e83f039868de,89.9
b6116b8c9793a5355aab080cb5a5910a,89.9
0eed3ff172c60ed10c2c4eb3a08e29c4,89.9
1839304e9ec39a3f259a3f6c5e9de0c7,89.9
bf9c8d8a4ada55c82c2add8a9c8bfea7,89.9
000e943451fc2788ca6ac98a682f2f49,89.9
d77e4c0bfd0085b029605683a846abca,89.89
689575ded4fb7b7c264f327f0c64aa9d,89.88
309d5fcef3ce034d709f2f89550f8b4b,89.87
be3f653814f8b66735640fc2b33c326d,89.81
65060b85a336b487c0fe7d42d64b3b99,89.81
e5583a36cc70b95b339afc5d67c5efa2,89.8
a22e7a255d9ae9a71a54cee860afd1d5,89.8
c2f6ae872b23d58128200cee5c1fa7a4,89.8
73815b917619ee6bf2b4b1849573c3ed,89.8
a8c3aa97105dafd8f641edcb5cf6a341,89.8
ad4bd45f6fff9e63bc8447af2af95544,89.8
f41d8c045d64733f404e956aef3e569d,89.8
00012a2ce6f8dcda20d059ce98491703,89.8
d5aa135a185cfd8e953da43adc76ebf6,89.8
b822f0e0b97e90832b5bb6f3acaa018a,89.8
bb66f809e5e058fd11be098c90932c7b,89.8
6f6071e303bb66bbc2ebee2358bc3309,89.8
3087955b73b6ad787e47adb991c57cb4,89.8
47e4b706141097a964ec6d55def70acc,89.8
9b615116bff806275507fbfcb7d9ea96,89.8
fefbd500a315bb3290af290fdaf5253c,89.8
f2391b928c8cc72908beaefec0015001,89.8
95c149336929694fcd5da2490558f63d,89.8
279375c3290f45664fb0b20cde471987,89.8
8bcc9dd14823b01eb0e4f80d3637a5fc,89.8
fb7d16371b8fad5d60b8ba464b1e135c,89.8
9816186e9870b50a311b2c06da8853a1,89.8
e7be4eaa39a7bd5d8f48f7810f07930f,89.8
bcb6f8f3a9e7a98accac27e694a52d00,89.8
cae0395b5740ffe6461b6950da7d0c6d,89.8
eccbb8dbe5b62208582b1d3325aa124d,89.8
d6677eb4e4b2fcd67cdd5bd3d69934ba,89.8
867a30b253f86ae579d823ef53ad5ace,89.8
b7e072aeb3554b56de4934c9da05da1e,89.8
eb33101eb2d193da1fb3cd894ec44544,89.8
cf8eccf3a8f869c99693c1acb74363b8,89.8
83b8264988c66fd059c5289c87e960a7,89.8
785d58277167fdb610325bd2cc317287,89.8
8f8eff2e14b61fdcc95c54b6a2074fe4,89.8
22c6b0b3951f5b1c04627cb184f1d220,89.8
24215b7765f41b05e379ba5bf279630f,89.8
dad91823e2eeed77b5d7972cc652440b,89.8
055e117cce871c681f903f52d7a866d4,89.8
551ea6ba7a69031489911338c8999014,89.8
75cd2e0c7dc1e1a9842fc85a6bbcccf9,89.8
5ab2ebdcbf0d95ad1b8f479895d8b137,89.8
11774e935f45f1583ef4422b01e8d1f0,89.8
5ec78f0e61e3daaac2ac4909e08e3394,89.8
b00f7bd546cc64054eb4590cc37bc2fb,89.8
7f2a66ad36459534aeadd9b1985bef2b,89.8
72439ef3181cd62d5b508cb9beb48c4c,89.8
6ab131454ebd00d6171fc1e8e3fdcb6c,89.8
6f2c39d4b256fe2ad20d3d53d16563d1,89.8
0b0a4e9f5cbb2762f23341a271219afb,89.8
8be8c5953507cb96a5f1b26c0480a611,89.8
c86ba1fc25ab18f3109aeecf55e497d3,89.8
abdcc1689c72dac777cf9f9cf1ec01b5,89.8
5447af43cbd7d4c3a958bbdd1327b6e3,89.8
5b1ec7f80273a8f34661d005f2f00071,89.8
8c250695c6959b9f09b7c1139313f63f,89.8
5b01dda0bcf9b3375bc9f423b276a301,89.8
576558fffc8182ee864220eadbb01541,89.79
8e13ce592a838ae656e66f18c4715863,89.79
4624a495981365fa48c8ac2ce5fc3b3d,89.79
6afb012b0bf2e380c8d417d2ead4bd34,89.79
2d691a5872478b245f5c80c7077b8901,89.77
d1c29a0c7f275e0723e4706e5a8de935,89.77
37c9f4ed2c98756074f6440f5dd817de,89.77
e223fb2857317a6f4e567a1b77474843,89.76
cbc728435cce4530845da6432ad8a388,89.76
ac20409a5bcf2810040956b8fb803c70,89.75
bcee5a28794e3d2184a0422ca5c0b95e,89.7
c3dc6b915bf0b799fa7f374212b0faf2,89.7
53504e2e5940107ff1e2e52a02cf6f8f,89.7
26280c295879b204d2d3c0452e0fed88,89.7
a9358e9cb07d34be0fed1cc93e7205b0,89.7
bca1b06b3c1249cf30d61543e7eb6d29,89.7
371b390ab804298b9f7a0acaa44f4128,89.7
cf0f3195f07cb461a2cad0ba6cd19185,89.7
6b512ff5290c944376228994fdb4a2a8,89.7
e2120686ad347caa15e31d9fba78aade,89.7
12cec4dfdc542a9bfd8ae48877401524,89.7
940526d0df4938d234d0a900268106c4,89.7
a4df8535c2af229a6efe1f2b28909912,89.7
f8e39e5b226eba33bb49dd34246d5307,89.7
3c7a441eca1f6d15ac2bb0dca7ff073f,89.7
e3f8719d6155a530d63f2e3b81d74e5d,89.7
7bf7647a30b5eb359fa56fa5ac136b9d,89.7
7db1710df94d52ef26189240a4cc0d80,89.7
711db73575cd5b4fe3b548c21fe53d46,89.7
94894dec203353d879dae7022d5db71b,89.7
6f35b5a833225638c4ba4fa744fd1716,89.7
739b7ba21659b8da269022378fd86391,89.7
5872806a5616a6f8c60d50f4f692f7f6,89.7
208755cf18ac5be0a157f7c3e1a190d6,89.7
d8a0e0a95a125e99270837c560431d9d,89.7
d99434b9f96330e5e05d63196a6a6812,89.7
d3a7a36704090ddb74e8a33463964262,89.7
8c382656b44e6d6375d2fea25375fb02,89.7
4b847f8636c302663e9f6b36b5570229,89.7
f7210514ea326661dffd19ab5b631bbf,89.7
c0283e476e89b2f1eb034beb4a2b4b6d,89.7
837bffa34c99bc9aed29abf1b5bdd886,89.7
0f139d1b208a62a37671423e5eff5016,89.7
9b04f358b1024f10a9489dff2cb26314,89.7
ac415398632d16a5eb2a5d6903714c72,89.7
3b993a1a8a634ff519d637ffa8c544f7,89.7
859d2f80a169acdc091ef7241c42f64b,89.7
abfa71d0fae78b8b69d691f25ca66c9e,89.7
bfecc12a12bc030a1053d53726f44f4c,89.7
f6fb09a1fc38571f394ffb6ce4116ef3,89.7
55564b631a23d681ef873e8354142da1,89.66
8abb94e8442d2461166a3e7dd5116aa6,89.66
01295bcfd2311c7b510c4c697f82b6be,89.65
0311e8645872f2e940fcdbd0373e8ef3,89.65
2f20e98344b75554e78a681c992cb5d3,89.65
1e8e1c62473f56df55197028a8b67324,89.63
28494957ff65dc4c08e80f679f42b7f7,89.63
d609c53aceb2167b9371f4c1d0e803b1,89.6
0f5a50334bda1f5cd66df24f8c4787ab,89.6
352438065e364ccbd52f9663df267493,89.6
74c02bbb65c9c231f85c4301e52c6db8,89.6
566782b45e70b898cfccd745e3fa1223,89.59
952f534f87d6ec6eeaa2cfd1d5987362,89.58
ef913faf232d3ef42bee90bc490c2ab6,89.58
d69688d427da267e3c2d564db094796a,89.57
61aecad4ecccb2ef8e88726a68d832d5,89.57
3021d0131228fc66c7b3bec2308617a6,89.56
ee90f96e60f6d84ca036056c4f1f638d,89.54
27f79ededcca8576f9fccc6679bd1794,89.5
3ce0a1f76b4518e1cd3caa673f6a5856,89.5
9da1a95a9bcbab2eb1a244f4b15d6cdd,89.5
44d53248bdd39a477bcf6278e73a2844,89.5
d18cd4e15b74421f0bedb7bc0db2ed2c,89.5
fce48cdc0473d52a614efabbb7820add,89.5
d16c4d8784780fd06b8690d1dfd8b327,89.5
9a73634a269c7460b509cec6f0f134c7,89.5
b3b12bd3e740601c17700fc176996c6a,89.5
9dadc4bfa2ec469a923c2ac8ffdc3a0f,89.5
a3a7a7e9325f146eaeea7cafbb1b5345,89.5
8ac8d9c1fb5ae04d995ea858252714e5,89.5
54206fa50231f19f182639391160816f,89.5
219ac6264d4fc0182ce6773440355b6e,89.5
950087336d1384f2086620dd28246cba,89.5
5cb95832b5a1636d643e01c44347c634,89.5
9687241c8ed4018450273e3fe23803b6,89.5
6db0261f3a8133850cca6eb390f64d43,89.5
d374f2ed1fbdeceaf653e5a48796c12d,89.5
65be8a984e4ddd88a63a984b4430de9b,89.5
ef775ae2f3b831b79dd2e9bcf77bfb06,89.5
fe4ead29b81e8ee884cf0660c17fde40,89.5
a0d327f07730fe86d1fdc9f640ad89fc,89.5
16d7166c22587cf0e485684ebf444c49,89.5
244f250f66de09985e7491ad83d77439,89.5
5800e1fa39d7469cee0504def8e4acce,89.5
043d2b13ed6c916990adc99db8cc4e42,89.5
c11a2942b74c892bc0f7511479d680fa,89.5
8ca3f53ee03ef2d704294900becc8be4,89.5
92cec1d7f2e6c75ec8f274aa1f8757cc,89.5
090c8832aab02cc3a2a256a01b7c1068,89.5
e498b60d4bee16a9faec4643a2f44e3b,89.49
3021c6bb6322269731ace6975e49c56c,89.49
c4776e481ae20a17b45fdb45497a6874,89.49
885aa5f046631ec02ead6b2bea798a92,89.49
3f443551fca1f7c1820002a3a06496ec,89.49
fc7d5050279455bec7ba29f3a45e7092,89.49
7f755f06529e33efcd66bbb3dd7fd164,89.49
25bcf96caed0ffa7418c7bddf65a597c,89.49
7ec9df8ea019ba4504e5535a7c9da8c4,89.49
90809c53d3918301ed947a0af65043b0,89.49
e90811cfde71a51d7d21823056b66762,89.49
1617502d775896406515c026af6e7a48,89.49
0f2eeadf9d52a85421167c42208423ac,89.49
30c61ea2e06c753a1cf9dcbde313319a,89.49
0bb6025d17db5fa2352692bc680873bd,89.49
3349e2ce76a78eb07d3d5e3eaab8e62d,89.49
d658da90f50919c17c04713e9d2b5a77,89.49
7251aa758779438faea714941f1051c4,89.49
e21b14b7f304dbaa47523498853a47c9,89.49
95b4a36f930a1f9f697ec131a1a20729,89.49
f384d3d46a938ede0333121a810b4d7d,89.49
ee942848b42d179e07bd0979c23fd853,89.49
7c098bfcf0f5c554326618d8efd982be,89.49
dc0ebf834c63bbe1c8f51c32827a7ed0,89.49
f75cda7d644f2586d2f3f5e83c00415f,89.4
efcb75d17dac5ed29c3a90167472f78d,89.4
fa14529dcc5928dcc9a4a3776b2863a1,89.36
4141d54aab56c4412b12a716b7cecb01,89.3
c8e34c509fee92d0749bfac1ceb497a4,89.3
432e733246f0e2b2691830b104eeb5c3,89.3
611f9bc426aa9d3223803647f29bc248,89.3
c5bc9b19d037a1e48cb6b6c11c9a2bdf,89.3
16296a0a954c3f9560636880d4e72c09,89.3
b19710fc3553f1074b2dd092678dfd92,89.25
f81bed8a63f637b20ff67dccd843c2a5,89.25
646d64026bb6cf9f9d2e771af5d54ff1,89.24
6878b420a6ca5508cfeababb62222241,89.2
be2cefe1adaced8bb0a0b41a1bae24d7,89.19
8e75040b2365871c96071a3baa129e93,89.19
ce24b2d3c1fa768516404a1f3af89c8d,89.19
c4df73f215e54692735130c2e738c177,89.18
324a03d3463a4457378b8811ff8077b4,89.18
3bd9ef86e2ffaedbd8bb7c3fe0438c2d,89.18
04a4616473f68f368a666ddddfcc9e59,89.18
585908a498f0b6ea9258ab3a3db3a9bc,89.18
267042dbcf6d3c39dae1d8bbc769629c,89.18
cd1e26832990fe789ebf64b0bd3de6c1,89.18
c358851c04b7a8a4d1940b1f3a316dbc,89.18
7d03d567ff50c1fb0e43724bf5f92fe7,89.18
e984f319feed64667c1dd59acd9bdcb3,89.18
b7b21112d947b9ee0f215306a1c21fa1,89.18
43782d05e9190e1425d7736ce63bb48c,89.18
6f4b3d02722aedcb77dab393bc2d019b,89.18
db97487aac33db3e2595cee7a79983e7,89.18
2d1f95b25c68a69447a4d65090b516ea,89.18
dd141cd9ebb1724a2200c1c280a67b2b,89.18
dc1df2b56719ddf9f948b9a6442fdf4f,89.18
77eca4439004e4aad223924d6f254f3f,89.18
2c35347dd7ed0a7c3a9e575ec33c5381,89.18
0b92c3b2085fc6ca1af7d396612a2a93,89.18
02cbf3cd827bf941d7f07691f0d69199,89.18
58ffeb6d4f1b69883968cd8c383eaa0f,89.18
48558a50a7ba1aab61891936d2ca7681,89.18
8bb46af2da65493427799b95d0739d34,89.18
e31cc7a1dbedf7b8118bf23028475df4,89.18
b75bc7bae07714f99400b0556dd05ff4,89.18
dc31258635460c1b340ee7c16485a60b,89.18
6f05cce9a1626926ab2be4dfeb9a33c3,89.18
01cc68904d33964bd2e7bd52d10efe18,89.18
9713347440d60327275fc4124a09f8ab,89.18
22ca8527cf04c5dead4fc42f22dd8564,89.18
95adab33dc843e33dbe2499bd2ce40e9,89.18
dd47ec035879a286789eb842ebe36739,89.18
fcb421b5267b4d3d6c0de51199351a7d,89.18
e7ac1a214498dd63097ab1c73d67c5d3,89.18
42f7e5300e022aa6ccea1815732b1134,89.18
dc755b08c86f5315f97a52458fbd59b0,89.18
e577cdd8e41beda4c3ff7eae5aa873d1,89.18
ed678437e137359ba38a1f1b55dea52c,89.18
bd1cb832a06d8e6a2dd57dcc50a6215b,89.18
4f848cc5e340405d56e2e6b7723bf8c1,89.18
5e78f8af6f430ad990614cd6a8c882d3,89.18
41ef6a2ec2be4d4d42ac9becc45dc57e,89.18
b74ca180d63f9ae0443e4e13a2f5bdaf,89.18
9fe2a1553930eaf754ae2bb82285bd30,89.18
04c29bffd4d52318bc9315f4507336fa,89.18
d2f1b10127eb4947c2df14f43edc6ac2,89.18
cbc2f0e13f49a38c7c01710a38c90a38,89.18
e57a401d558c29ae2ff5a5e18a3fee10,89.18
f2ef84434d98ce96654d95fee7deb7be,89.18
6cc1ba86426fb7736e66306b0de7e304,89.18
3cc640f13134a74f3bc34b9b0094d412,89.18
1083e818f31ccc3ffe523edf73b71df8,89.17
cdb1a97c4e99cd8bdfa8c7e9ee41060d,89.17
5234fd7181ad48cc892aeffb5cca652e,89.17
df89ed6b30c452e7d4959378606ce553,89.15
a7026133ddbd2e86c83ecd4dfa4dbe01,89.15
078f0224b486abd1118e85fc9d4d3dc6,89.15
44b387496ce8c6654019503566f11029,89.15
a62be637b764306b8b2ddc829a72e6ac,89.15
ae0c445a040af64bb95c3ba067441a50,89.15
7e7664514011a7ae9513d462d7e61493,89.15
cc4b3ff0e95d7cb184dda30ab5e1e255,89.15
d6f0573b711861f4999b9dcf22903bd0,89.1
120dfec0086ce8999e870485b9fb0f38,89.1
143714b5db067ae9c9e2bb399b49e4ad,89.1
c5c79cc42b407bb10fcf30e765c0ac2a,89.1
56be18e14702464c0b839bd9a735a36e,89.1
e0ac205752138fe132560b033be7f9d4,89.1
277216898f0c5c9655b48f19ae05ce4d,89.1
598f0ad85bfe5c15f18b219ad41a2167,89.0
5ce865a639501214aa516a7f5e1b8c98,89.0
8ca0eff4ed936034501cf36df9b639c1,89.0
2034cc6d6d517007a9ba3e22ba643344,89.0
768fc1fbc64588a761d7c91844052984,89.0
60e397eb2327299e7e71c56e305cf7e3,89.0
9d3024fe924d8bcee342b205d1b70090,89.0
6587ff580350faef8335feef410fee51,89.0
32598a93be7614cfdbe84634aae6e4a8,89.0
afd3f4f110c36e0ec5b412f4d30af5fc,89.0
fdc9165fcab1cf2e514fae8b2024e81b,89.0
0455d45b64061c4e759e04cd9101f5fa,89.0
00498d14e21c58ed2feb5d5feb4cd706,89.0
cb405a3dcb60ca8161120d7b7048b072,89.0
f57e0db92a75b273d6a4901c2dbc4453,89.0
326bd99b43665ac9e198d45b189740b5,89.0
15aa16b2327e928f15a72f11d98d241d,89.0
c7a4f3b89bd89c8b47b3eab4a1df1176,89.0
2c056583727ec4c68cabb1bea72a9b27,89.0
27f70c74b4da9a594a8eb1624cf5bc03,89.0
9d8aa6ca525fcaebe19a05f37b4e3274,89.0
2cb169fbbe4070527dda820edd21965a,89.0
3487bedbddf4797d7308d0aa43dcf30b,89.0
dd2fda0e298105194ad66353d757595b,89.0
727ddec07f701bf58a5ea4692c4cbbff,89.0
69c4b9f1119fe6220b93e9e6c8cda814,89.0
8d93c5dc4b7da51748b61df561bf1a67,89.0
f92b90bf5a014b8e6da12f110bbc2bb8,89.0
b1f4f4e81ad76c9d2da73a73a8cef3f6,89.0
8df178ced93d8d488dfceefc8f619d9a,89.0
3b6fedb8d82234fc49841755445308c9,89.0
b5121f7fd1b0aa4addd65853b3b2e1b6,89.0
c179c8690c67b29779474eaaed4e1b0a,89.0
2813267edaf96ed6712fd80d1d6df6bf,89.0
60ed0bdf61ebb2ee39c9b7fa7dbb9ee6,89.0
0a390bc3afc5179c5f3052d03059fe97,89.0
10c2ef0e5a6a9b2d28d70b65b5063bf3,89.0
0322f341d1346fa8ce5c28ef835f2f67,89.0
9bb3cfdc72768948a96a5c5c3e663e66,89.0
219bbdcd9309902d654a6f928c5cc0d2,89.0
adcaeeb04652f5b33cd90d497c6cadd8,89.0
248707f9a94a18492fcd8bd5496b67ae,89.0
5361c1b04541fb86bdb86deb42bf9d93,89.0
602cd37236aba223c5f8e60983603b3e,89.0
7a11dd385852e7c6d60e1a25c8c37a9e,89.0
0dcac624860d07405941a82ea75f9c0e,89.0
e0afbbcd78556accecc9538e96dcb217,89.0
5446ae591aef50bf8ed196f6903a48a5,89.0
c7edd88915e01cbf03e4e49f88339927,89.0
b3867c14ee9a7d0daecb27c1bba54db3,89.0
e1cc0c87edae7622f8c073c5629afbb4,89.0
74756c0559cd1cc497e70925b040c013,89.0
1ee137ba69656f5c76f861ff10702342,89.0
22b53ed9754711b0c879e9269ff9072e,89.0
cd79b901fd7641f3afe50351e94bc30e,89.0
0d3a23c5c5b8ee8da146658a6b607d05,89.0
3e427aba8dacfeb381377ca002f96282,89.0
81d9395aafe3aa9fcf32fe0478b59957,89.0
a2e2d0962cced12845a782c6727a6919,89.0
c223b45f57c27f09d6bb7354f1210a90,89.0
73e2b4288542d61062a05631a97545ae,89.0
2631e2a4ff33ee8258502ceeee2390ab,89.0
05428560b11124d146bc86a2c4d5bf35,89.0
34324e7a13247e2859ac8c1d3636e3f0,89.0
711464e4c54565256d2a20f481a8eead,89.0
b6ecba17279ae565a422a06aed03567c,89.0
4d115b2184ee4dd491a5234665158c4e,89.0
fd49e9ce1d624c2b1dab02c05ae03838,89.0
2c5fa55f96afc893b29c94255b4b7ad5,89.0
b9adab43b46a883bf011344a87ce00c1,89.0
cd83239e30889569deb8484dc2a05b91,89.0
b2ce78a52d897c070fe846ceef56a773,89.0
647210ee29ad619037c52bc024f07650,89.0
c9018293e2dc42b66344c493bc13546e,89.0
ebbe0203a019049e4f025a9ae4c9bc5e,89.0
72bf42311a073feed30fa11259e56254,89.0
616e38806d0772f1e78173b166508009,89.0
35bc79a6752a082a4494248f3ef790f9,89.0
8923186c52dddf7148df8811d43c0fed,89.0
b129d989bd1940915efbdc2d239386d3,89.0
2f326df8bae20dc643eecaba92d0778b,89.0
d5143b89d2bad5d3174eca1a2dd23b91,89.0
c468e7c6af0176a40092ffb15f3119b0,89.0
8a0c73eb44dfbbf9bf1ccabe0516a620,89.0
03b7f61816a176b8938c4bcc7c9720e0,89.0
f2bfe91c73291dd12b088dbbf7c4b1f7,89.0
02bfa7864b9a06a122b976e47a743353,89.0
0f51eea87ae9e277d0f099d51637772d,89.0
45acbc0c78c9f43f006f7aee4ebf5bb5,89.0
1fcdf88873d477c1fad8e83368f7f9d9,89.0
c60518f65df171d84c59b29c2070b040,89.0
96ca1a68160df60b151624cd4a23970f,89.0
5cf5337c93e16510bfc0a4c3f0e7d162,89.0
d2013285ea5d44bf4298cdaa180e58ae,89.0
4c5ba5a65caf829664f58363d03d1c12,89.0
2748df3a97f1a8f54195312846fe7917,89.0
00b196cc59531c4dbba23e94fff01d6c,89.0
e506618caa63a29ae2cc528536f0d11e,89.0
7a29b4042f8b37bb8115c65ff414b808,89.0
7427f31c18aef7cbad5e832810281eb2,89.0
5f55d8d97a10b2a79964dca646548519,89.0
171e18740969366355f33770c9281b39,89.0
0ee24ea2554cdc802c5822361aa82576,89.0
514a9247d9012eb7ca73e4ecd5872bac,89.0
69f17a4b73fc71cfe47dca090919130f,89.0
1b05d0acc0dc14eb233d8f76879279a3,89.0
0ac397ec20446825a099a646258cbf83,89.0
38c7187bbd781f3cb903117648bfa3ca,89.0
4b4d598de74e10dba4e7e2b3a8c8263b,89.0
16b64f7b6d8c8a1952ca8b8bca2c5a30,89.0
91c3dcfddcce50cf293b48447ebf6938,89.0
e3036be0afef4dc58d7d95e737ffde01,89.0
a23a7bba2a9fb6f506b92ce45b0ca17d,89.0
4df9c5a352d450a4788786688945e0a1,89.0
964774f215ba0b9375ea15b85fe87f3e,89.0
ee2fb723a75833c55fa34e4389a88d07,89.0
5d403e9930692daa08e3a13f8a68d462,89.0
d065739818d474d19dfdb51d54c0a1e9,89.0
f989b6b1bb5f0245a0280ff76a677f11,89.0
62a508a738438048026d02115a9db8dd,89.0
9a52582aa7f51386e0fd0dc17623b0a6,89.0
10e60bfc8f5b6e9d5cd340e0ff9f66ff,89.0
2d3475236fe57f9f651be1b918bcde00,89.0
8013d95ecd587043c16b7f3c809e2a37,89.0
5cbe5f384e68197de1f06c4bf7359e71,89.0
9ce368c03fe60e88669c7ad2788c623b,89.0
abb4bba6c51db8e00607f28f0af2e448,89.0
b1889da1a2d08df1a9d506efbf11784c,89.0
c1b8b898f68a9a9c7df33212d5366469,89.0
31b9b42d16fa584c55c792555dd4360d,89.0
f6a61cd798bac1bb08e6317e766d9de6,89.0
c83c5cbf020ccd734be5c53f6ae8bc6f,89.0
2bcd0e979cd0725c0109bd870712d341,89.0
14c5a62a317324d6479b2f68c58fd162,89.0
ab3a5056890fe28daadbf396fe470b83,89.0
b67a2c02b5d02f770e322cf5961378f9,89.0
ae4dfdfc0e4ac4c18a710ae213941b67,89.0
52b56e381d745120ffdd216f8b484675,89.0
1d404a3fed19ccf4bb7fc225643848b6,89.0
9a69b5f5047c5964e99ba4941b1e62bd,89.0
516ba11177ca1e74af63ac00324338f2,89.0
eb375a0cecd4aeae29c62be4399959b6,89.0
10d723bb23836f3aeaba6c95810b120c,89.0
8e708b1d7995a86a9130ce6267066b3a,89.0
d424b3ce4c850247e8c84ff8752de868,89.0
c5293253d2861ddfc7811223b6dcbfcc,89.0
4ea968eaa250fba63516f27fdb73eb7f,89.0
3121273a484955eef5f8c940af3ebfb6,89.0
5daa4b042b86596d319e3e78794c0dbe,89.0
2f19a6348d8d364bde749be98b4b68e6,89.0
f7c17f006f58342e6eb4afa6d076037f,89.0
e7e41f6a60c56e167991373f38836a69,89.0
e10ac1f32d57ca783af63540d3ec375c,89.0
fc72a2bc404989848c8afa35fab9accc,89.0
caad6959ea0c0fec14ebfe8bb44a985f,89.0
17ae35ec1439920979daeef055eeba28,89.0
bbfdaee8d0707c77fbd48fe08db7347b,89.0
53f05b7e71451b8e943a7394f5d3edb4,89.0
cef801d1929fd81ce1cbd403b937b007,89.0
302b06db224fdf184b7815e96b72d9bc,89.0
b04bda1c59e5886ca37fd5cbb9729b28,89.0
1062c81e88bc1b5def04eabbd1929820,89.0
7d03e38a63ec96be179e16ee2462cb13,89.0
215b793742b8f48abd2a927ff9a5ec94,89.0
1ae626094b558418fce6729a98a2f4dd,89.0
937005e0b96869b2da35d95841baeda1,89.0
15561f599ec6addd60f2456ae5c5dc14,89.0
2b91c0e00db628c7f3f8f581ebd9c4e6,89.0
4aa9fe244974a2e7fbd663b9b992a3fd,89.0
b223b44714378dd59b2e92910714f19e,89.0
c72b7cde8f07ab4cfa525cc02e55f73f,89.0
dfc2879bfd2e14b8241447c9c9d3c002,89.0
d443fbb79c14a9b9208f7dc9a9390765,89.0
3dc99b2fcf41c0898cfc7f38c2fefe5e,89.0
5f49586b0da4681d6ea0297082b395ea,89.0
e33baaa91aa1ee5a0c4467f086d9d78c,89.0
74541a9337d058343f559c16d898a69d,89.0
7402d0004e0c1b74eb4d6bb7bdd96993,89.0
7190c53ba54025067bfe7b212fdfc8b4,89.0
d725d18078e7d5c5270427fb8a12da06,89.0
ab8c39d930eca414e69c0e8b7072aa38,89.0
ffa9b6bd4bc00c0b12001ba7da300987,89.0
1c5f5ef87108770d7ffea1d7b0c353e2,89.0
32df6eb7b851ed2fad81c78b6a4883af,89.0
9e977b00515e6b110e1dd5af225417b9,89.0
e48aea5936bdbf8147c56a0bb25b74a6,89.0
fa4806deb2b4135ae3708a87c6279302,89.0
e0ad0d36082194b476d7b15e1bf6d561,89.0
a8bb774baf42be4ec71b92200ceee3b9,89.0
191b76fe6fe1bb52896153689ce5fc58,89.0
c4454e990aa89df90b0a773b81e20ea6,89.0
6b17845b9378ecf3d2c326579c38b24a,89.0
bfeb9df23321749fe2314b8a4925c8a1,89.0
d3a1c4e76fdb0eb4754a16e174d77f3a,89.0
a9a9a5f7935431f8f3a80e31bf910a0f,89.0
12c50c22a6f04953fceda99928b56847,89.0
371c644fca3c8e6854c3b16df9695e2b,89.0
34a4d38dfc89ce24d9e96604ac22d7f4,89.0
efb11532d679cf86f2c7e268edad0e3a,89.0
d6304656af67fcbb83f11a7496be7a32,89.0
995a8d3ce0c9af3522916bd31f4305d7,89.0
718b4bbc83d2cb654c02a9bae5e3a817,89.0
2edac855eba5bea5a8c13af1630a078a,89.0
301bb7f7306732397e9e0a1c614b397e,89.0
bcbea1e73b1279467bacc6e5d653bfb4,89.0
41a429938256faeaaacd3c5003c81602,89.0
59a7929fc18263169c90c46240902697,89.0
b6cb5664bfdea1f33dc4fe686546d40c,89.0
92e9bc030ae552be2a2602a7a72e999b,89.0
a395d8312d61fe8d353df099409d7ce8,89.0
1f20e5ed5b01639eae923ee8a4e86389,89.0
7822d16f7560fff772f780fc8b47bb24,89.0
4d39e674acd2b6973236e1c0e0810046,89.0
7f8feff355565582f36a0a3848231245,89.0
a6aa237d1c215f52284dafb8886e839b,89.0
d9d8edcc72abf5000061a707eb7aac2d,89.0
92f70647283582ec50ca1bb5794f6c90,89.0
f2b15f9e51e4e6f10da92a8030b95566,89.0
13a2e2b56fa1827d508a4da26fff4374,89.0
84719aec15dc5adfdc2b8d167619f343,89.0
aa5e567592c7fce76e3937e35c6a4ecb,89.0
9f499d6fb0d24a3acfbe5868deba0bfc,89.0
9c6ea4e6fbcff50e788a14bd67a29022,89.0
bedce15fee0ed902a24693d7d88028b1,89.0
cd4bdf5e378910a9e4954796a519dfdc,89.0
218e8459e120553d778fa740d5785b0b,89.0
eb6d12e42f89a27802e2bd9d1824cf91,89.0
6ca87302fa8a0163488bce8e49f9996c,89.0
a36a9e92d1a188e899ac2c70f7b60b54,89.0
6abca237f70bf072ffb9855407d08873,89.0
252c0f494f702d4238a24ea47848b9bb,89.0
9def8a387656f069ff6bfe9c5f60bd39,89.0
7bbaaf1c03c9d5a7d17c6b0ddd7374b5,89.0
2866d33ae18bc1d0b32f3736dcf7ea3d,89.0
ae4c7a6bb591543c410facd14b571ea8,89.0
4cb9602acb31a0dbf81de01a43d2d4db,89.0
93039196d950b641b6df953234890045,89.0
3904ba9aac7b2e3f7de89443f67ef2fb,89.0
6882c809bf72dedcfb767969eaf59ba6,89.0
3cd29923676e2dde9a89f7232a64de8c,89.0
1a2ca44429aad2d0351da1b43d8050b3,89.0
e1c05be92c14fdfdf526f81df3d5066f,89.0
6a92d9b18a6811e74eef28f1042fff82,89.0
10d62dc8911877b49e7a2a0981b60a24,89.0
ff8fb04f5d19bda82fe60888da7b0898,89.0
973195815a4b14bd3a9ae5c2909f1ff4,89.0
92e68079c7279941d8a95546c20f340d,89.0
8946712e249771f86d5cd37ac704b443,89.0
bf2f941a497aa93ace6c2dc0b55984a7,89.0
1612ff515cbb719b4fbea23720a1bc0c,89.0
26ce62d227386d8c49486b5ed84f8b95,89.0
0ad27cddd2dac328fa921f963202263d,89.0
e2f6148811e74952ae6014df0032018f,89.0
88aa57af603d46615d5d2dd0c8b35949,89.0
b98974c5a4c3e37d99a4a70e5c6e99ce,89.0
d9997dbfa04861886b1cc4187d51e370,89.0
a514686ba42450bf705222bd5ffacc70,89.0
d5eb02a8c975623581be64cdfc05d1ce,89.0
ec3475a898bf9dbb028af20960470d74,89.0
626d50c562d845df45eba106562c4d35,89.0
dd15d636cbf48f2cbf86149ebf9556c0,89.0
9ca0fa8b4167ba39b65483fc4e420675,89.0
cdfb43f4e84e1508fdaa9d6eb73e52d8,89.0
a6f1d9dcacb3094e9a84a0c40a26ce0c,89.0
f70ad1bcdbade5ca6c8df4ed62ca77f4,89.0
6e6e4321afd3581094cef66e0880a859,89.0
b61c656c330cd99a4d2cd8e90a498c84,89.0
f9030d8a14f66c686bbede3e008f3e11,89.0
75855a1905ba47d028bd9b3cae0c69c7,89.0
44a1ff0b539aa8b17c16cc9c98294420,89.0
2cfec1970705b37e4a308bb0d39113f0,89.0
c12ac6df65e8fd67ae26f138e91aa0e0,89.0
c043f98aea0bc16a2a4ef262d23ce44b,89.0
fc0b8d1a8058c6d7d5caaf77fd8e8e8e,89.0
58d5ef4db3cdde11b1c71f8910cb824d,89.0
d3ddbbd220a088a3e353cd270c184e60,89.0
2d2831c77d9e86f8b8534ecf24cb2ed7,89.0
a5ae10c4cf5d68123ae82de71e884f24,89.0
8eb048fef44343cb54c99b43509f978a,89.0
8eab0f859d9f479c0b4f8838c63f3cf7,89.0
79293a3bfb63be93571d2184d168d40c,89.0
334bfd69f2b3792809da9d569bf08513,89.0
c66fcdb3319d2ebf6058b6634d1e86a4,89.0
30810a37ce547250cbb4f6be12dd8e36,89.0
abe3fe8adfe5af3eefa704fb9837e9f7,89.0
d866e504fb74cbf859d8d083b9b57837,89.0
4013377bc64e177fbd641283c8f7bbd4,89.0
67ec30c3644befcf17d88bff9f9fd1a5,89.0
b8733d346bac6859519abd26e409fd6a,89.0
6cc2e40eace90bc96763f568bd106a6f,89.0
861b8e733eb985f26e20a1df9a03cc0c,89.0
1e3efcd043381813bc0edd6c151c0741,89.0
1bfd803066eecf5f3dcf479bca3fb644,89.0
b401fff20fc244a3ddbc89ffd51474de,89.0
9388427ec5b9553d12a6d3edeb70db8f,89.0
f504b57716599db532487c2ec5654b5d,89.0
d0186eb06aa53361d8406e9f209a11b9,89.0
e0d3f99b39016b5bcfffd7f8d96296b9,89.0
16df532b7f39f745709bbdffb7a3eeae,89.0
d1240cdcdb9e6f08aa9a329bf1751c0e,89.0
98a505463599ce446e333940e305e756,89.0
0f716803e855d3b377f06bdb3adc6bef,89.0
e30bdf332b6c38f5f22d50dec12282cb,89.0
db1c38264b085163dfd19679ddaf733e,89.0
cc11a11d221f1461bf5d830a37e858dd,89.0
58931b4b7f3aaf9269ac4ee1c3d42e28,89.0
b1456aef554ace51083ee1a97fcbdade,89.0
f8fa3c7d2eedd1a1bd9b591b89a2ac41,89.0
e9046d06be1980b8187bc2822f6138ca,89.0
a413396dcb9a0e9398058e4eb99bda84,89.0
34767d7c5bd566155efa60611cd0d56b,89.0
ee24608e86f735974b14388a6d14e969,89.0
0547440e828d7b3fc00dc7cd355b9fba,89.0
f0f80b29ec7bddd2eabfd008e1596571,89.0
8f69a86b6f73cb1bf07174b4b8a72aa9,89.0
dc3daad47c0792f3bd4366246a7955dc,89.0
61785716554ceab5dd02f81e6da75309,89.0
cd461407373ed9a97abc9ab4eecac2c5,89.0
c15f1cb865e06aa248fdd865c6052ed2,89.0
ab5bc6d7681714398d7588cf35ac5eb8,89.0
9e2edef7aeef3c2fef91128e16df141d,89.0
fd617125021648f494340f571d3f277e,89.0
ce3e86aad1d622225ecb544bae76d9b2,89.0
927de9deb8fc2609844b1bb01b1f5818,89.0
362614b2140245271cfe4bb7ba93c602,89.0
2020559b0ae9910898ef57a8159533ab,89.0
f6e8c30f4b6a4708456c8a47279a22cd,89.0
5c7ad9cbcfbe41d1dd622c64bb0812bd,89.0
f2d1a5ec0f849f0c6face669f63dbb0d,89.0
91c76805866deab5a543dbc2ebd380aa,89.0
e75f582835be082b8ead72b1c7231f72,89.0
55af6da5af6bf6dde05f23dec9502c33,89.0
b1f1678b3d52d09769d35a9a3c1b200d,89.0
67695b88e8c2e8705b117d549fa79c26,89.0
d77129c07a09045897df7b1ecf5b85dc,89.0
42da448b13fbef03246fd2ed79442e67,89.0
3f9b89f44fa0f0a8a673166eb3854789,89.0
c144f59368d920463bfa38944b893f1f,89.0
77d7ab88d99606fbc5f3af63ee51a1fb,89.0
1d00d4257cd4d0b396bcc38d629a45c3,89.0
8937aecdb50038467ddbb4d8cf5289cf,89.0
0dc4d1b841d3c1a1f076fef9a39c210b,89.0
60228c33dfb376c26f079c73e5a39ea5,89.0
cf1cc250256e6104a7b863050258225c,89.0
8fe0db7abbccaf2d788689e918e3135b,89.0
14adf05160841b9f4b22f189542c794d,89.0
882202b66b1bc288e8fed52973389523,89.0
9d57dfa1766130e4c5f63c2330539667,89.0
e4821491cafc33d088879ee8cc3c1d1e,89.0
219a56cc6da62f9ccbf37b4ec2b2317c,89.0
3d8e9316108187a2260a005f1f99cd13,89.0
5ff78bac0b4943e13d653225befa39e6,89.0
c1ba1d9fcfc1dc5b48a03ab56c5e3468,89.0
fe3c7865182a7b0d5485e438ec3e7b63,89.0
aad53c950158343811d07a7ce61c0f4c,89.0
4907ba2deda6f3cf96409a181c097ef5,89.0
f09077c150a6709d8fece7e4907b1653,89.0
87c1595396829625fdbb8420094ac831,89.0
24a828ac4a607d344c6db9cd90afd0e9,89.0
c031bf880215d40a217accde86199086,89.0
1801ef99dbe925417e3103f8adafb25a,89.0
f21be72df342026508f9072dba657632,89.0
386a6f3a8586bb3c2d2b923312c36572,89.0
c2a245ef579dd7e4212f9bbf9a4d8cdf,89.0
93ecffc5232c696502c0835ea9ac8bb1,89.0
e4896be76a13751b29781085cd8fee98,89.0
9e60e5e98fdb65ceb4af79ccb5bcf45c,89.0
cbec150ab167587d8cc2347cb7b92c8e,89.0
9c37ecc155c2873cb1f780a10c4a8740,89.0
8676c80898b5fdcd9f7c48c39b000043,89.0
d0fa8739b954eadf1d625455ad82c292,89.0
766f0c0455e84a2e4f8b2bb5146da1dd,89.0
7a29ee3459ade6a5112dcc40b2efd10f,89.0
75b742fd3919fbe920d6ae8a2b4e14e1,89.0
6ea7de0aff8d4a57c2bfdf5c73690413,89.0
2428b8b4f40f13ec09eb1a5f99a54c80,89.0
cdb4b652db32f3d644367ed686fbbff7,89.0
806972b159c0b485d212c2c35012c012,89.0
35797e9184f5e25129a0c326e388a45a,89.0
dca277531e8f668e6053e87b931f3b93,89.0
9a73b65ca2a7ffae76c1b8216ebc1b53,89.0
a82f565513ba05f2932657b5e817c837,89.0
ed0031841a4c57502d36d9460a7e23e2,89.0
d629cbd97a483b5a37661e0a9b9db9e2,89.0
8c045d0442a9354cfc68a056c51a817b,89.0
36a6a653181b375a3ebaadafe70f5fa4,89.0
3e030b5583bf176a11742af18c4f545f,89.0
e38fc72476b1098255d854f952857147,89.0
5ab696699d0dd980f653aa7ff7f4242a,89.0
d7596b2c9f409e620d46a4156992a165,89.0
377f47f7fe916f817019431d3a46f70c,89.0
0880c134c210f2ac6c3b925bdd4cea3b,89.0
a7a769e89cc6af5bcc4ea18ac329ccab,89.0
64563bfd8ebafd2beb5ea14f14f14618,89.0
76ebc39daa5ea881b6ce1ef9554f8b6f,89.0
cec0f9df31c64636ab663d68079cfb2f,89.0
efa9c1017b6b7dc094571e2678e972d6,89.0
c74a2fe2283e8a8bb7129c75ac770162,89.0
c392b3f933878be846c4301608458aa2,89.0
014734aef2673760779034c8f95ca598,89.0
ee9814ba62951e233b76a8f52dd0dcd2,89.0
9b17b89440b919ae4bc6faee3c8058bc,89.0
72788081fffc9ef714b9ba0e5c21e7d5,89.0
1377de493eac3f735d982ffb1f321083,89.0
937842321212a49449c12718a55c14b8,89.0
db913801d35c42706a588ed996c67318,88.99
44dba573782d25dd9c85eeb29369ef88,88.99
2939a5df4e8439863d6ef160fdd53295,88.99
55079e53ef36aa309bc1f0cc5a7b9ca0,88.99
3739f75c5836f6b41beb45a988b32888,88.99
b9662bb6c6a36059b08d2ade7f499d65,88.99
e38405bcd1c6689c8d6633465f927362,88.99
f1033bafb0691b4ad24836f8f058ec64,88.99
9186dc07f7eea5684ca72a79410982dc,88.99
320cf06e46b715660ce965771a023702,88.99
b7eb23bc02ca23e9cacf170ff45aa78c,88.99
306a585046357d7895a655e98bce758b,88.95
01d95b948587656bd900ca5e00983957,88.95
5e6916fe2fcc2d982cc64eb97f593b92,88.9
d2f46f32ddcde42c9e0f81ea3a23a9f3,88.9
5686c2637c5d9d4b4c71a96627341cbd,88.9
0163303a840691e9f9378d1e41f4849a,88.9
3146904311eaf296187c7c7768d78210,88.9
a089b2bc903a8628095c330985e9ed58,88.9
ba054847454a0d2726f6e96f66cba531,88.9
36bb86967d3a46938a1082eb16fe38d3,88.9
d018e6ca1b199645c9074c8aa0377729,88.9
4840b77c0a6401c19133b159163d0061,88.9
0551ebc96733a7f875a0018f90cb7d44,88.9
7ec5b53960d508118d7a3126af968d44,88.9
a14be49c073e5fa0a9a4105c60e8ca8c,88.9
80c6469c7aec5761a0a4805b335c321b,88.9
ab0634d19f181e73cd4100aaf5ede459,88.9
2a7ba63c9e507356e5670b795ed56a18,88.9
ac0fc0af13834a5c37a25f298526fa81,88.9
e05192daa12f2f52c5a1ba6acc464b8d,88.9
82cc0bfe0721cd93d8385061f9214290,88.9
41ec5c1a4fefc975303c7307936ee7b2,88.9
ae1e1f0cec5df61e31eaa2c12d094fe5,88.9
e5ab8e98638fb9fff7458efce3a61325,88.9
1c1f87806ef329fd59618c8f50a3ef1d,88.9
c577a3560a4ef759e583df6ba85764d4,88.9
48c9d7ac3c14a732cf8c8a1c108d0a83,88.9
90aa25ba657c2ef8528494e4f5e99abc,88.9
633852d4d34596c85895e88e7047f948,88.9
05220456bcf05145e812c1aae7e40aac,88.9
c840e43d3d57dbb4e99374570f2488cd,88.9
801c629f9d3579bddf589ec0328a4238,88.9
2284564a4718c89d79019e76e9df4b54,88.9
f869fd9a4d35098605f1064d07ef3dc1,88.9
dbadf55e573c2aa40903dd0daa617d4f,88.9
25b00f5aa11b21b76df976c3642f851c,88.9
f6cd35fe99de508fc7a11e0028666025,88.9
5df745fd89c4f2b7c871a74ef0bc1c0c,88.9
6ec3932978b2813138d8782ec59e9ba6,88.9
30af142d1d13f49efcef361f6efe715c,88.9
1918658fc7c2182ff0e4f0a6a2f1973d,88.9
c8e53439446de62f0372c338f29b8c80,88.9
8ab1b9d34b04c3ac1d49a07e5d4814aa,88.9
371e25352587a8bf2f77b6739406281d,88.9
47fbb158df800dc51ea6b33d40e214b5,88.9
bf84e7f1cf36cd90c6f27186dc787abd,88.9
a906b65e68b837bc446e58a40c482fe7,88.9
68e676257e42a01c04de3abd6816c3ee,88.9
f82e86f678897969ded42dbab137c31f,88.9
210639025fc2dcf33c3bce7c1dd5ee1b,88.9
31678010a352c0368e3f35edb1cde0ca,88.9
1a4b78d85fa4ba4e6411700e62e8417c,88.9
ff93ba140565309beed18abc96393146,88.9
82b4582ca53e348c274cb881878ab776,88.9
cfa9e5ae05a54e058846a30a2c288118,88.9
82495ff60ac5ed00f1a86fabf329db45,88.9
29a5c63da0bab501e5166734eb7cdf4c,88.9
bc0136edef6ccb670bfbf9303b8678a5,88.9
06ee09badc38b922a88d417e5134e3aa,88.9
59f0f1854435bc2fcb6603c1494ca439,88.9
3024a5c8a1db9ca1e3ba8ec9cf1fbe08,88.9
14431311128d398802425dbbf581784c,88.9
e65566ca7c20dc6d217ca2849f419836,88.9
34a9142cd8fb2a2990cdabf6a94f50fc,88.9
a6e4791b144cd68bab4be0e640e230ea,88.9
36e22ecc218919a886c6dcf9aa14c7f5,88.89
1f05354f6eaada5453b292bee372b797,88.89
29c5a310a777e48df51e2b584f859b99,88.89
f736518cac254d51eb4082860aa0c4a4,88.89
7fc192d50259bfdeea71c5314d5b3f0d,88.89
cb7d9b0b6bb782faac706deaa158b5df,88.89
8b39f67a1a2670341656024a1b0a5d55,88.83
66ca2ee8f30e613a3a693b7ba32936e4,88.83
870d98ac4ec1f123a4206746c1bc0822,88.83
a0e82528d5112c47eed2ecb84f6c55b7,88.83
ed088195af7cb6b070c14b39d860eb0c,88.8
a0b883e84e3ca2f19b01ab28d6fea42e,88.78
310f4c1ebfa70d27337359ee72d472b0,88.7
f9273052bbcb14adc1ff57a6488cce75,88.6
8aa97fdffddd4bdca82542fc851250dd,88.6
fed5b2be11a3c585de69796e97435b53,88.6
7e22aa38ee8f6869c7efd3348b63be3d,88.6
1fe42529934b191efb447972c43ac91c,88.6
18ad9aebfcebb839003218074d82f1ff,88.53
c5784cb43cc7e83346d23ab76f18a09a,88.5
cd25b85f3cf1debb4376bafc231f8137,88.5
b94afa1536154b937c32785ad8263141,88.5
ed428ee145a75b8846cfbb94fab90477,88.5
51d502a84c571171762fbda013cb4e09,88.5
f85444670597b08b2c8a44beda3d72db,88.4
9a4bab346d564c0b0afe5f7f5b9854f6,88.35
4fec1b7b504742ac7810b60fad1af235,88.35
9bbb164bce1773571bde10037092bc42,88.34
ae9e2c35eaddbe0c57e9303125afab54,88.34
2826dbfaa1d90ea2b97c93c35fc4cd92,88.34
2075197b8dd1fd7d264efd5d68fa2c97,88.34
96d841dabf65efd5b1a7985a1d615cb6,88.34
bacf5021c97183a2a3946dff31e56098,88.34
f49428e00cd3aa74376828ef1d135cfa,88.34
e6db1afadf6e82428aa9ce9039b8e290,88.34
b5fb9a0f32a8319d4102955e48ab411c,88.34
6143a8e0179e0771a2338d843163b338,88.34
e77fde4531c32ac343f4487c3a46acec,88.34
a85977bf6665a80347ed3e48860f79f5,88.34
43d909b315d369ac4a854b268e5690f6,88.34
7556392e5dea50250680dc5e7674cc7d,88.34
f418631c4d2cdc8d91131224b94e6748,88.3
fe9dda7284a8e2bcba116b9ec263b46e,88.2
46c54cc1063c79f28e48752e8675aaf5,88.2
7f72c366833450b2a3d61fd7166b3add,88.2
25943239ef2ecee5e700508aba214dc3,88.2
c2dcd18bfda62523dbd2c53ead8b5fe8,88.0
fe15baa89a27d9486370adc29d11983a,88.0
454966f7c9735e0d105c8fee65228072,88.0
4f5a13c3e2ce9cc5ae2e77fc2f2716f4,88.0
74a5f021f6b7287c7c7928937d5c378b,88.0
fd25e91c9eec3ae30bc819313e5c4c90,88.0
0a7067041afc571451c8425a1e7027f9,88.0
955ca1d545f1d15b50b79a8f55d07097,88.0
9d3ca2bdaa191d1909163cfc7d660a9d,88.0
f176e43ae87e9456af2f9bed9243b93d,88.0
8de735c5b8fcb11696c84002643f902a,88.0
d41fb6a790ec990b784d24823da41d30,88.0
2f0cc3afccab59129e4e8c069b466a22,88.0
6316ea86c8694f41021cfe91287144b2,88.0
85e2d3f3bb3973b7d10bcd6a3e6e50ce,88.0
f449680b54a3012d3a608866fcab9fc4,88.0
cc32c81557f90ab4b2752af60f5d3b2a,88.0
48a2ff6dd87b7dea2ad5a878a393809b,88.0
b1490f84c4f471b21a23e59d56a17d8a,88.0
54331cadd9ddf19eefc8fa76be1f8b52,88.0
4aceced3f07173311e7bf932e72b2e25,88.0
47d57a33b121cc0148e40255e14aa146,88.0
3019ca49c92ce04c96c93ce7dc9da413,88.0
45067e8e59e7901213581b2ca0cee6b7,88.0
73cb441c896a460a30affe43bff3df82,88.0
a20ce0f9b5dc63281fac2f6b2ce053a5,88.0
9e5557654c1e107f0924b9f01df10579,88.0
7bd425c3c361c9e83b81f32dcd2f34eb,88.0
b8733025113e28454fd06c6e97ce9748,88.0
e20de059c02d45a71c345589a4eef8df,88.0
7838d6b5968151758cabe119640c3fce,88.0
b195e38bf691c3171e5861b9c431f4bf,88.0
d709882bacabeecfcba6ed0cb415be83,88.0
bfa038d9dc03dee42e6574d7df63f51f,88.0
3c78bfd891da95dc74a25cdb244f5a46,88.0
fb776c31b53a1f918c012a98ecd1050f,88.0
844fefc57b6c9a11bfa1a8eb4b1a6e2b,88.0
33bc53d99c2c290f3c416e474a5e9e08,88.0
428e0381c7a36540d57562f45cf9abd6,88.0
31b01af8b3ff7669130c48d6314da52b,88.0
629979f51e36b1b5e7589d7c96020b32,88.0
a00f913be49c322cbdef526d61ac8380,88.0
a22bb337cbbfd6263b5b91561e72cb53,88.0
753c1896b701191a973a7b3e7aded7b1,88.0
dcf1ae57963de0f6c27b8c03e8e384ac,88.0
4c453cc8401276b89dc3a0a1d7ef4ff9,88.0
7c3cb653ac4e0de00faf0806333ef64f,88.0
dff76d8f98864a042bde79ce48314dd9,88.0
3dfed65ed75db506156cb06133a99245,88.0
2a200e13a7681982e2babe7390030f1b,88.0
6582b96a9add89bd4a5a7a6b5b9391b6,88.0
386866a1fdcf810e483b35c769265464,88.0
8fb0d3b9306bc2fade01ee327e0e3cb8,88.0
68670179b351515976ce1b6375b66df4,88.0
b1228ceedc8b2dd34210e466108c6282,88.0
8de711a16151e2f8f16fcffd58f4d16e,88.0
e2287d42212bea87fe363e728bd41e26,88.0
3393bd1427bf03f06c6920825a192337,88.0
8b1ac7ae8682963fd0186940a8289a53,88.0
03bc9df96986cacc93d21bdb8914f83a,88.0
6c72660cf12c1182dec5dd6b28a3c59b,88.0
14637e4d4896ccbebeaf2a02b0e2a851,88.0
b98d7e02571e731227808ba5ce9a0adb,88.0
31919db7a3e7bc8583e81e098f9ba3ab,88.0
795212349b7312d0372f15dbae9c6973,88.0
ec2ba159df14ccd6ba99107d18c1681b,88.0
31e2810840f6394ce0bf49779a0bc7de,88.0
c181ea8a3ec364246642e36dae84bf30,88.0
ca345cb1e12c873647c273a2a7985f92,88.0
83118e93b969419946159bf8520873ef,88.0
12d8f59b2dae0dc76a89a355816a3251,88.0
359ad3b4fc253aaf69e36cc2bb4a6077,88.0
01122215dd21ac872ae567ec4e351e01,88.0
27f956858d2fe4db86872775ed97cbec,88.0
adb7bdc88f764de1e9ef8a7c5cf8e726,88.0
1918e05f3ce458803829a5e8c0064711,88.0
96dbb9d7776265abffc80eb7dd111a18,88.0
1d446ada44950f2608dc0c04c9b74bef,88.0
8881342d751d2d1f75196259e19b25ad,88.0
9ba410e5ef39ead3ac737a405812d23f,88.0
a67df0616e414ef54fbae12a7f2a1c86,87.99
7f39dac97083a76136cecfcc6fe71b73,87.99
84e9789e0b6dc1bfcf333d8e9f92826d,87.99
79906f0eef6c66263b18eae85af1573e,87.99
eac61be2383e572f69991d5cfa60a0cb,87.99
e118e14ed443bc9e2ea96b5bbe09ab14,87.99
d2dc6bcab2d5200c7df05b609db1b1d8,87.99
71722cbe7140ec7af2c5d829d0569167,87.99
934b4fa2791f6e1db380d989180d20cc,87.99
acb850d4b3d1f49d7c90ba88e74c4c78,87.99
1bd9ffd81a6e5ad005c1d52b83d000bf,87.99
040d91478309e90547cb930b7405509c,87.99
70710a1c05d85f29a67c7641e376daf5,87.99
857df1e83336925aff428375b48c55e7,87.99
8dbce15e24731c41a4e8f57b5e016658,87.99
8923748881382b63461d599d6b0d1b65,87.99
f99c513d949e50b5bba00ab208adb793,87.99
caa7acaaf9247a8f90b437b81277b419,87.99
1f184dffcd5da4c1f957cb0c260a2ac7,87.99
dfa7df4afe1ba4c38428bd36cd4444c1,87.99
d2da057d4083d5150c6275d1d17b7070,87.98
fcc915c201f58b20e92faf7fad1d9c35,87.98
a15a0e4e8c1247af365c25097f34a576,87.98
770713aeb61e544a49c3ef40819b998c,87.98
30d7ee6ab271792628f445c8c3232a72,87.97
b7e6fe20dcf335975cfc4b09e4e9f1dc,87.97
44329a3f1ba0c869822c4c7f921012d1,87.97
3f1db6e3075aa98be8ee64d9f8a2a65f,87.96
10953b2bea8e8eb31821c2d41e85c4dc,87.96
1dffde6bb897e1cc36b55f2798b37965,87.96
d0602b514179e7ed50e801cc02769bac,87.9
85d66cf3f4d426ae29730e95eb57dd40,87.9
93bdcb0a5bd6fdcaf5223c93174028ff,87.9
e823a77c1eaef4c7664b0f4e4d275fb6,87.9
c655ad65c7fb69b14d38b1544b44830c,87.9
c8ecf49c62e0943b4a44bad2af3f0e5f,87.9
471e287a6db1907b68059d0e15a1c424,87.9
8ff225b239f3603804f4ba37c225e2dc,87.9
872509846f6e77a52fd53369bba3676b,87.9
869af1db2a4d1e27f85ec5d4084b7e1c,87.9
a089bc5d8035937e139d790de9b24e76,87.9
964343a3f8a65e01ffad1b9bfaa7d7e9,87.9
3eb423a84af3314496ef52d9e172345b,87.9
b4a8edd174a1969bbe2c9d5ff9794cd7,87.9
d6dd14b0c6ddb5b124b774c49ced720d,87.9
30bf1aeb9b06986f63b155fd9e8e7d08,87.9
c070a39e2e1a6ffa15ac18f096422d2c,87.9
95c00052d37387b481adfb0100c50f82,87.9
8915506d8d59fa7dd9213f136fce84f8,87.9
d4be0795e8fa7ea792920e04f7fba7eb,87.9
db329a00354d35ec9fdaaf8e11bd8033,87.9
d8ca0d68edb0be8ece6c5ef00da388c4,87.9
a6551a36f9954811b66b500a973b5e57,87.9
0acea968cdada6a3801218d72ba2f8ae,87.9
65b9c8af625c3c4a37af569d46f77136,87.9
8c42eee51a607d2eec0cdf9b8056b7ea,87.9
c3129d9aba1476cca86ad20b00080fab,87.9
35130a8e95ead79c61cd466073b8a711,87.9
970f91cf8d03ab0855cb4b697fe2b6e9,87.9
0d65ae359b1b72bba4ae28fb255acf75,87.9
e96d02789ac557767bf618ee7bc02854,87.9
ac197c0eb5cf980ee812fe961476814a,87.9
f6efe5d5c7b85e12355f9d5c3db46da2,87.9
1027c017efceb6c66d22e9a51a2e42b6,87.9
f9a942e123f26ef3b2837f9b90e52bfa,87.9
28b4954efb44438d6b8eddc52ed8c341,87.89
eabdbae819e2939ce6b3afc5533e00bc,87.89
2e668121ef0668b3acd48b081aeca131,87.85
1084c1659a761ef371671a882a4134b9,87.85
b5577bfd53d22b13c97c7cfee65441f9,87.85
c88844e0c19da69e0525890d2b666e94,87.85
5ecd4252260c930abd92dd897e170c1d,87.85
5f896bc340a1f2bb50dc88b9f9ef7bd3,87.85
ce37390d21ccd85e25c90ba634097c29,87.85
31bd04a70aa18c5d0a7c018476942bf7,87.85
0c435831112cf4a6540e675f0590f1cc,87.85
79561349b5e45232d00d360ce0f1d4fa,87.85
291e486969763a40fc30fce9c73483ec,87.85
ce86714de00d981276c6823ae9503d78,87.85
f4b4667587b2dfb3a171da98b30fedbc,87.85
65955a56388dfb4a43d14aa4ae1c1816,87.8
38686e092acad12241973beb4965ac66,87.8
f745a07300ff4f04eeafe9fbafaa3b98,87.8
76e06a72ee5a42936ba3a0fc7a52d962,87.8
a35ef33a28a474a499c0452e297e3b4c,87.8
5109c73f95eb76f76e7a3b7248fd0697,87.8
cbccfa131f9417b13c43c21429910022,87.8
17cfefd6c2f2b503cab8eb0317923572,87.8
01aed44f9b372a8b9a40201cf7c155a3,87.8
024ae08edb07b933f90cf66233749218,87.8
59116842028366f9c16cb7c7e45c9306,87.75
2707853be7df8de3a4c4e8c718de99ba,87.74
38247382c098741cabd562674561e72f,87.67
f5671cafe4e66b4b6473a75f8f26bc3c,87.67
f7d8593f21cd130734e1c9da45f32924,87.67
dc5c40dce0690e12fe40479b48e6136a,87.67
16cc3f64905e653b68d869cb6f63ba25,87.67
66346a5f0be444305dba72915266aa80,87.67
9c28140f25d740d75f46e9097da4970c,87.67
9d1c9f15d1ec506b14077d5e6a4b7cc4,87.67
f8a9869101804af1e6a609a20dbb4c50,87.67
ac122c0b1edaebef0ccc35ef7338d865,87.67
98ba4b7dc27586a623a04479a55cacdd,87.67
dc17b8c70dee39149c5b8ec131a365e4,87.67
ecc9d1e0b9028c358a230d765d23332c,87.67
59f12035213d81f852b68da15b39aff4,87.6
43b7dd99d64e4277a2282940816d55d4,87.6
2992d82866eeba001e7a1099e552ce53,87.59
0b06b92f20cf1c739acdceb0e6f6d937,87.51
62189b05812bf34dc2aefcb4119080b8,87.51
df1936f12dd45f272699ab4d72a0b98f,87.5
ac8818f0291960e4c5c123a9a2a763bd,87.5
236164dd0ff42848fca581b887c1f6c9,87.5
57c2f085b05b55969f44246acdf2b5ae,87.5
e68d2e59d2daddbd8f3c601ef50d987d,87.5
d3fcc52e324c3c31feadab1600cee977,87.5
78d740f9f001c40e69d12fe4cda78082,87.5
d138ea4e35fb3efec4f710091919b561,87.5
1a6cd0a83e267eaa437287934d11f6f9,87.5
0f5cc28675a4f25a4b16f148a428c111,87.5
5da1095a53f33f6a963e8a39ade47df7,87.5
4e84e01a198b303ee368e61f8cd7c9a6,87.5
cad6946220c14b9dfdafa4813ef94c87,87.47
6417d1fd8cb80c2e0bf434e9a283bb1e,87.47
cf9e2b07f78cce347089900f49fb4746,87.37
a5bda6def3f77258ca2027b7d4a384e9,87.3
5dbd65686c8be953edaf0d56c22f973b,87.28
df4c766338ff657c085016f56ba362a5,87.28
48c2928ba35098ca096267d9dbe467b4,87.16
52864cff1a756a9d83a2f4ef43e3bc9d,87.12
f030c21560cd53689aeb6089340bff9f,87.0
7cb29cd77ba1de0bef1bd69d0e6f185d,87.0
dac66821be170e68ee80d01a5b166760,87.0
a2f14ee43910b35efbe3d3810744eae0,87.0
96d08143f5ca32f2205302e4820dd450,87.0
2abea2bf3e5611f7a96f8d24f21a7198,87.0
51a4c0fe0a21d5eeba0b60a0de272051,87.0
8d52d0165f53badec237c721bb2e13a9,87.0
e76a9bc6c11c6ce349ea66fbdcff4fe2,87.0
753c62e8a94b6f213074e9a8999e6922,87.0
91de39cfb08223e17c91d3ccd49b4387,87.0
a1fe27618b1d104361bd5a5fcc542d62,87.0
acd31301924a390d6dcd25fa5a4935a4,87.0
5fac0958cc42a73dbb13ed8f2707e9df,87.0
4e3b341939a50bd5d99a86546e81526c,87.0
c1b2a792a8f36955b3dcb27c2485aabb,87.0
1375316ebc7ef4583b565e6cffa8c717,87.0
ce6ccd40c94d231ac012f6488f144380,87.0
5b87dbf9c24436c97c4110980429159b,87.0
44acabc45f7d329effe63f3aa22245ee,87.0
6a0b64aac6b11f3b988161dc7dee946f,87.0
80e0bf8407fae789e9ddecd01e40625c,87.0
8e131764f4e8f9dd9a7371c023d404a9,87.0
9bab273018cf6c7884419950fb655766,87.0
3ea58b15fb3cf6875782305b2492fd4a,87.0
675149f38575f85aeb539721c522692f,87.0
ad41e67f80ad7ac61ec5b605751c56d0,87.0
5cd7b9a71c9e3e244d8415f996c091ac,87.0
4bcf2ad7ccc061c13ff360aae5b7abcd,87.0
e2aacee0b75ff97882ff482091869a64,87.0
b201351377dd577182a072e880c2c7ae,87.0
8f278fe8beaf13805e548072c6d990ab,87.0
e00b3aff69a0f5b74a1261a041733b5f,87.0
4ef856387129b1a15b95c15e91768007,87.0
ca5d72f1c65589324e254fde9bf9b59e,87.0
bdd8503095e84d7f2e416c70d2b62afc,87.0
4ff8e39c2ab4a5985c6b772934e2ee3c,87.0
707820300c6625542265b552fbdb4700,87.0
13791d6b3c4243f751729367e1f50e15,87.0
1472a76c9d36fd2791393544b9c92983,87.0
8f97ee7392291ea66b3592881e7a9102,87.0
27645e20a802dd1dfcff9851c39c5754,87.0
35cf4ef1e6641e62f6b7c29c8620c436,87.0
5e0f7317756669ff7b384444dbb81fa3,87.0
8e2ca602bd712bb232afd470752cef62,87.0
ee0cf28d0c8ce7f88fdc1ebf52fabfab,87.0
11b6651e83500aee07a2a5b39c329ad1,87.0
cb3ec78e0c9eec2708ede27637e9ebc6,87.0
5f905ca9a5477f19f392bccdc8b32ca3,87.0
c5d367f2e0e482d1f935aa40fa7fd3f4,87.0
8ff313e25b25345f237b434e0e497869,87.0
81df85472a415076704347302d743ea3,87.0
1185c50329fd678086226b9dff9850e7,87.0
608ca06a0877186cb46883660d1ae256,87.0
9c58fe04f9edc80e747a3e419b120d6c,87.0
ea05ea055bde9cacc0963b2c5530d07d,87.0
bb3971094d7eb77b5347edf241a9f60e,87.0
4870fd3dd96185117a9165d9be8cf09a,87.0
0a2ea6ce0a7f5f632e48ddb690a10e5b,87.0
7783f4e9ee759a514cf6cb3c1a069dde,86.99
4471aeaec8f004755529eaa87dbfc0cb,86.99
80b6b36a3124d01fba45ec50e6f5ae9a,86.99
d6f4a0ce3d9d4ad4b6aa20c54bfacb99,86.99
102f564fbe8648d75733d8903cdcac2f,86.99
c9cb47939ff0e1027568ba6d7130e700,86.99
36a1aa63bf2ebcd4911e026092700610,86.99
090c6762c69c517e7a4ee09f30c52269,86.99
3fe89a08445d29487b8766af9207a44e,86.99
926d5dc6f6593960a86fbbaddad5ee8b,86.99
8355182f364d22c4bb1ed8e4e82f8f1a,86.99
9d21cfa5b4ea02caca52f0aec9dd8014,86.99
7bcba019e4d8bf4e23f5b6e15bc50d3d,86.99
a84419a14dcba3aa77ac5e4d751ec689,86.99
1a99c03afc9d7b49e994c0ef31d0db50,86.99
9b1f58aaf85fa158888a1f21ef45d26a,86.99
bf5f82244d3e1de7eb04021eef2c1ad1,86.99
489e0aa96f25d98e59fa81b16ab96789,86.99
3c8892a24d5f35c4a39b1a374c662b60,86.99
ef3ccd6d77b6f38823b6360f3f2216f9,86.99
022ce4a398ead1391e33c9899e3e3d44,86.99
2de8a75c5820858b2d014490d5209fcf,86.99
cc3eee250369621d282cee76b06935e7,86.99
023a2dda10505c5b757b7f9887f5c41f,86.99
0a0c2a4fcc642872a37b8454f7c4df86,86.99
e833e54e7d750da0636bca867b66984c,86.99
31304d07af393406ff55aa71d5be1014,86.99
b75e423743f56708f69a46829cf28ee2,86.99
613cb6b6716d5dbb4cb4f57028e2ec3c,86.99
41ade4b6eed921a3540bc9b279575b64,86.99
4aa9a7eb520f8efdf80da20ba889f190,86.99
189ed22036bdb24d69e56a6789591b5e,86.99
00931b6a1ae01ead1f98d4e1d1547106,86.99
28c6129715163112501f1ae6b4255df3,86.99
e75cb50ef20e994f32b103533e1104c9,86.99
7a692b1ff18c8c21156b886e02e80040,86.99
36eb0c57b11107352f0eeb0824bd5cbe,86.99
597bd0e14e006030f62d7f250c38cdc8,86.99
6e4bf3181d51b8957a210a1fffbae639,86.99
ccf6e6ddd95c74ad8b2c92700001e658,86.98
82699946fac8fbaec3cc3c36ad0312fa,86.97
34fa3fc9de4b0d9cb464ddd69dcb75ac,86.97
28a451491753dc3f4c52bb8dfea902aa,86.96
20111221619a712e367ff1579a410dee,86.96
e138796477a31ad9d26398b9f46a45b0,86.9
a691e2a2ac37c387c637c02eeab175a7,86.9
5efa08adfd67aa9187b0ec83d949a797,86.9
377309e4c538bd6988eacb5862dddcd5,86.9
3d1e9ba476f69fa9d857a7be82e13d70,86.9
2266fa2bf9f66540147b20725d834d85,86.9
fe01d69c1c9046eed7b45b06a443562a,86.9
7021a4def279aa266c716c4282fef766,86.9
e7ee5ca88181306105b251db552c4357,86.9
bbe6f69791f44733cdb39b824789340a,86.9
380387dd5f07e2d366041fd4fb85958d,86.9
60cdb2401584f6851ca9e6254009a2b0,86.9
1f8ba8b0f133a1c149229baa78d0ec49,86.9
0ae0de8878f54a5f877f99d19ce170da,86.9
f4bc77282de3508bbec81bb1f8141584,86.9
9607a8fb005a71d577150fdfef27ca41,86.9
1dfd7d2f5947c02697aba7aef555343c,86.9
c5d402123398a97a7157e382b69a29c1,86.9
9182fb6c7322675e7bc5c4e2e9365c21,86.9
9d823bbc66d309224a2fc79014782e0d,86.9
2f07e48012def52891a4e56dfca6b9ff,86.9
bcee0525f8f15bfac09a6ca1ba1abf80,86.9
0779a3ea937f2e3faf95a21494a9a917,86.9
e21c3442d13a20b09663d90006158e30,86.9
31c3c57318baea8904c0855e7b05e955,86.9
299c412fded7334cb0c3a66d1ef90aa8,86.9
751e579ed6c435ddbe018ccc5b68e13d,86.9
6cf178abb6cadf4e56f9bb91c672c4e4,86.9
347542b2d5ff3990248773f2c840801b,86.9
c7c039c6fc668b0255e63a0141ddd202,86.9
e84b9343c4d7f0ff33f48ef21b9dc45b,86.9
e453eba6874ae7976a4eb1eca4afd14a,86.9
f396efa1786c7dfc9742d2512ff88f0c,86.9
9acb157c9da0db6d65c118f00c625c9b,86.9
7bb57d182bdc11653fac1593436df8bf,86.9
8a2ef78157619b780f710183a85346ed,86.9
c758b493f9f15038dce9e459b9074f4f,86.9
aa4e8db1608174fbd06df307c6ff687c,86.9
82a65a12c22a738d21581c0dede11f56,86.9
7d80457f9d43f875ec46ada37e537372,86.9
cb3dc88abcd9449e027ecc9752ffc775,86.9
068789693897e19b35ea3b9e71613c75,86.9
db946124b6774ad521438963b7611ee4,86.9
09e28006e0a25bff69fc0f9cf24e147e,86.9
81481335ea9181565d978b1943ce5f4f,86.9
a892e4a132cf2f2e6a1e4db449856006,86.9
d8f36d0b4ad0276f450d447c5e9d5fdd,86.9
5d38eb0b466af1fb629d7a4e7eb5663b,86.9
6925e102518876a52a0a0a619c118133,86.9
7ad886c06d1fec7bef7e5b62b00554df,86.9
0dd2a674a2b63f9fc54ca6cd83532728,86.9
02752ad42b3d725c49a1194731564a0a,86.9
b0830c204ecf09c3c64f626e65b39c68,86.9
473510bdc67d814c1feda19dc137023e,86.9
9be177de63fe916dc713470621281eb7,86.9
f85e2294dc95234e99ced45c8a540649,86.9
5a99f3ed7b721d9aa04b6f73e0abdfc7,86.9
3b3fa5f6633390f93ebe4245e60d757e,86.9
5f9b9111b88da78fd820c8aaf90215a0,86.9
13c63b62948447f955a98910800ca8f6,86.9
fc2f06b2af43f8be78736cd991ca8486,86.9
10dd16991df7b09028004ea139cf0111,86.9
f5e44f62177b59d9938207502e8a44f3,86.9
cbbc22c778fc1cfd0ea1262a6383c2dc,86.9
69f53e58ff6de5ca800428c1e2102704,86.9
aa0e4697be6ef9ac1fe98b04ba32acca,86.9
37975001f0bc8f900dfeeb40a2b4e303,86.9
8a19afec74d4f1f9cb69fe402d98c3b6,86.9
d22efbc2bf3e677943e5308d143715bf,86.9
ffa219109978b03ab5d6340856861021,86.9
624089fe851f3deb7223ffca03a829c8,86.9
767b8065b92f5174f0a6f5ecd40cdf7e,86.9
094560467d8afd775d9f89d00cf1e682,86.9
138a01aa92239376fe0599ebb07a2c1e,86.9
cca88fa7b5c234e518fb27e1b1856c85,86.9
5b89802df153a87a24a6f52d70b239fa,86.9
4f1f2b13805c2ab2ce70a6cad8001b18,86.9
32310106268df19502c10ab4b70f26ff,86.9
06b1837a8f2cabe23495d0c93519bc26,86.9
2fdfe901849d16dcfd92d3d8f4c5def3,86.9
baea9bc37bb47475072fea1fed249b1d,86.9
a63d4f5f54b2c1b2bb6c123a13a0cb03,86.9
8d31f10c7e26ab145710d27da348b9b8,86.9
9dca8837b7f9fc25ae379a58bb66094d,86.9
6d9ded111ea89ad26ed04e6b806de89e,86.9
348e683217ee0e2946f846ba75105e62,86.9
243907f3216ccf9f3202f7d779dc5d98,86.9
ceb3d8fe921823620c6d8623678d9f25,86.9
fb3a1bc3a71559f316726f0538b0fee4,86.9
ff869205a42a4de9aa4a4bc357c62507,86.9
075560cf9df80d1ad1d32ad2e972dc29,86.9
20e5cc9ddedc1a426c64d1d4483ca4d4,86.9
eb33bee09a3f5351b344d6c73cd74c52,86.9
60557beabb29add89b6ad201ff7ab80d,86.9
ec15d7f50570970a15f54734bb692e61,86.9
e2020bee31eda61095a0bd6a93cf9b7d,86.9
83b375fac933deab3c14457b21418268,86.9
f24ec14ebe3c7e4a7dfa39e1e95fd316,86.9
72dc9948f6e570763c3ce7cf97342a1d,86.9
f632c808918636bee977a68126b32188,86.9
1a6ae0c3bbfa4819e6d83bb7e1f95c58,86.9
423a6547d7793a95cd18c4882b72f464,86.9
deccef8e76b297c735efd35686db0bf9,86.9
a10afcc34f66a704819e459a8f524ffa,86.9
e98243b9c86d2b1f80a9186caa633023,86.9
100d18a922c64bcc879866075f24913a,86.9
36fbdf474dbc8289005a4112091225ab,86.9
377d7f9df8722eb28e148a6014eb40ae,86.9
25d26f1c55116588b67a8285516e039e,86.9
3c35d9abe15b076da3a85adaa215ce6d,86.9
0fad62880fad2d3cc72cd82cc8131f03,86.9
83bd185600ed4811ec23f273a2392dd5,86.9
0ce02066b6e51b9fc335c98572058d4c,86.85
286082dea69d984a431e02b1fe26eac9,86.8
e2666dea91aa368ca907c511cff7815c,86.8
19245d7a8dfb1639e01f96c455fb05b1,86.8
6a45ce8c1eb50967d6dd86f18a2fe2cf,86.8
0b55cfa61c39a208b1326f98e265dc32,86.8
6ad370043aedf67e3620fcdccd95bbf8,86.8
56fe4db72648a5eeb98017348323cf51,86.8
eba1b8c8550dbb4a9e8d60dc99291454,86.8
eb097f0bc1c67934f3172862f49f082d,86.8
b4cebd8d585bef627dac123101a7efff,86.8
8eeb3f16a6b991197431a8738689fc5b,86.8
c2d9dfaf21c7f698da9c54316a12d12a,86.8
3c52d94017a3d96915999f30cf42a9ce,86.8
2528d846a0e0970307407331f0852615,86.79
5a9e2ef7d42425c3967d5d8720449ceb,86.73
fa01fd7f92c80ab0d14406bda3204b23,86.7
ad1e6b608a4dca0dd25bf862939cf3aa,86.7
2fdcc8d5431fe439ecf804319253377f,86.7
c06176336d389d51bdf77d87e4da8f6d,86.7
ee3efd144d308f6409b291bbbf3a699a,86.7
708c68b6742f97b62d44b4f33b262190,86.7
620732fed5579e0bdfdddee02aad4c54,86.7
2a4c34907e5d9cac0fe074bfb086bc4d,86.7
ef6de34149793fbcbfff584a15926055,86.7
b9259ee6253d68e0d106b527cd5530d8,86.7
17f5a6e687b0a9ab5048b37d3a4cbc99,86.7
b4b3f6026dad88e08fb993834e90cff6,86.63
e9a689ba0543eacfd32922f7195fbcc8,86.6
c83a9069abcbbcce875df6da03a2b901,86.6
c3c91f40e481639af088fcf9a9ffa1d0,86.6
685bc8cda67aaf7957992f50657f26a6,86.58
ef588805eee0e2362fb49f347db06922,86.57
4c5aad2fced1c04f3d972de3e17e7e87,86.5
9b5af511b8833b20a6e0299008c8e7ce,86.5
ffbd6fd1ff815c8392bb0f6e2fdeef75,86.5
250a4d001740ff863694848d179ae512,86.5
75ce1bb178b20194ab00843a85daae8f,86.5
071ceec1efc0edc2d11c7401d4a1dfc4,86.5
a614e89ebef5e6e90fc819d4d4064bc3,86.5
981fbce08bda7429770ff0cf3c2e8d5a,86.5
5839cd1ebb011269812882c66532a116,86.5
676ea4c495818f6654dd38d006cfb1d7,86.5
6c07c8c0969167614207678f7235bdf1,86.5
7c5489f880d1fae58fd6f04fc891ab6d,86.5
1a6a3799a5f4a04b52919d8a8a79ef5b,86.5
503840d4f2a1a7609f6489f44ffa9f7c,86.42
62b6a3539d0a995555f9b4a446dbbd4e,86.42
4157ca2b5771810949aeb38296f9e40d,86.42
419a59df900e484bcfaf13c37609e7d3,86.4
2571d368d88ba3b8a3d8c8ac46744bbd,86.4
ceab1b83992b155eb6d4dc4f94156c3e,86.4
df1669128bc89d6b100a5cb141157b97,86.4
fe7374607781a49ec88f4f6e274f5ee5,86.36
c8264ac3fe404850da5ff804eb71d719,86.36
68420570763989d8da614b8da4c5c102,86.36
0f5e161db26d065ff8926895975c0ca6,86.34
05b508111ffafb003a1baa8e9cabfcd6,86.32
3c10e28136c7245b59aacf777a4e1e47,86.3
4818f4fe96d4948850d3b4673feb1da8,86.3
21a0fe1b8065d698dae75d6d25e8dd80,86.3
4c49ffd00d17560e85c4e0e03e8e3fa4,86.3
f796cc9e19019673220efa160fe7e610,86.25
60737004a5ba9b76bd54988608ff46fe,86.25
8a22ead57ce5289b0a1667c54a8cde17,86.25
9eadd7c343bcf2da0b502394690fba4f,86.25
754cdf5cddcedbe257b8fbea2cc1ae03,86.25
6ab3e2bc219dc5f054b7962e4fe6cf39,86.0
ea609017dc5e254021b0da67321990b8,86.0
1cb344df36a1c186ed3526270cad5fdc,86.0
3448488008d7d108e6293951e93b5d91,86.0
ee4924a569bd574dd0b2d9b86fa0e773,86.0
8d4c26167eda62aa307cc99050e5cf8f,86.0
71f231be6ae63347086bd8d1555b766d,86.0
f5f5d84155b71366648375418c62a566,86.0
0952956c78aba45f953cf2b24cedca84,86.0
c5156853ded5199521864606a85ff104,86.0
7dfcec15d820559bbf1201005afc06a5,86.0
26bc7a790e0b09e634990bd957f09ef4,86.0
944a2a882a05e28038d5469d405badfa,86.0
ec12aef9939e614d923b504beeb0443b,86.0
a6543eeffe9910be4170f5ef3766fdc8,86.0
423852dab82b7c8333f71b06f3a6fd77,86.0
aad6bca63106902b51ad818c7d5de1b7,86.0
a968e0ffee24627fb3f39e54464cf0b5,86.0
4eba4e54a08ee98d9031561c10c499c5,86.0
285c88af7e1c25b0894b354f52f5da1f,86.0
8835260f376f7746c4e6cb38547bdfb9,86.0
39eb26e58bcb1c8c7775e8eb056bdcf7,86.0
bb3dfc96067959cc506ae60e0e3dddc9,86.0
e7ae0379ea4e32f9eafe151d5147cd7b,86.0
1e0c217ef3faf0c5a171d075f1dd0b6f,86.0
e9bfa89152f63f9d38fd4dc978100ce0,86.0
4ead00aa973c2c2a7690f03095428809,86.0
a7669839a9034fe81cbc46797f0b4f61,86.0
7806523fe460a68fed9c0cb005038bc0,86.0
bf6b253b57084074028db05fcb09acba,86.0
2b83d4c1da04d92aceb19710d0a59ef9,86.0
2c87a3f1856fc95e951576f758a9c55d,86.0
65d02ac88852544e987a97dd4cee24f0,86.0
0273345e320539cc7bf1f6469b2fa34d,86.0
dcd6f19e0172cad2d541e453485ec5c5,86.0
afb66b2191bb6c27a3014bf59c52e487,86.0
7dd3dafc8bc6bf2b3b62ebd463b416d5,86.0
35556be598c1246153f4660064fad5c3,86.0
e7b36676c4758c74c1fde1f2551fe169,86.0
971690d4a9c0044682ddf18ae5b32f1e,86.0
dbe19466d871363c6c583a244f1298e2,86.0
11af45ad3e989cec1c7b9c677d8ec713,86.0
ad64e3a8a8bc6123498fb7752c53017e,86.0
c042a28b840baff48f255b7252e3f4ca,86.0
cb07b073490cf298dff90b9df4fdc969,86.0
3c3e21e1c8c76a166bd704a70df5bcfb,86.0
cd9b1d451f848346d2938df6c3c4d2ac,86.0
72faca08b5857402402a9fb618084f6f,86.0
2a20585c72d654acdd99d11d22040fbb,86.0
fdc6d9ace808ea44c8fdc1622b36a0ee,85.99
c590510c46287c15188b2263bd0bdc1c,85.99
59b6f5938b3ea3ffc6326ec7fc60f7b7,85.99
f9a8d0892028ccdbc5fbd0f1966841ad,85.99
8ff85decf36580a14779815ea2116a91,85.99
08528824266cd0720658ff01df662b6a,85.99
86cbec283637b077fd976d1696a19c0d,85.99
b0c96e175376cdef2e1640bf58485d24,85.99
c41e2f7d5ff0bb642601009cc50a0980,85.99
3054d43d379c9c52f4053d52fa9bebb1,85.99
fd4333e53f43e1531b94d8d3f020c27f,85.99
eb12b0442c9bdca72fcfd03a022d71d0,85.99
2c0bc44acb0f7e0523edb387e6bd1fdc,85.99
351e40989da90e70487765f6ea15d54b,85.99
101761ee49f83d5aedd8e7b2cb007363,85.99
50c3d604564366cc6e2e3e920cfe6a36,85.99
46dc7e781b1af14990e339d42bbb6477,85.99
c558d21ca617433df233c7af51f35a08,85.99
dbfeff192be593c120aa3e9b4c8dab62,85.99
ae4bd86dee7a02e33ab573f70f141ee6,85.99
abbd729eb82f54309a051a9a003bb6a1,85.99
b4a44120b7b9e503fc473b953771df90,85.99
0abfc3708de5203597a8e7a5c14aa2ec,85.99
999f1c0594fe8682e523baba67be6959,85.99
a3ec2256ff70cc52f3cca6d8ca3018b9,85.99
f537950a5a7658bf0ebb7a8bc04fd6a0,85.99
1c5f3a0f0e8fceca5ef74a89eb54dfe8,85.99
04bb4cf0fe0618ca7a2abb353f333fb5,85.99
3f6c3d9854506e3351e40a91f8b85b7d,85.99
cf807a5f40605d447229279eb252ab34,85.99
5582a1c42a6723f0fdbb6dccb54693ae,85.98
178cf970306cdf3e11914807903454f1,85.98
85182f0b98c07d6648143d62ec4182e6,85.97
b9fa68d5a325ea422f38f683138653a2,85.95
9898e7a6254ea0e7e8bd2bd10a2ce2f7,85.94
714b6710fb0b00feac54edf86be85893,85.94
72d22223828ebe8d8f4529ba06e89871,85.9
14ee461cb73062a37b46087e2e18d753,85.9
120900fe5702f3b09c391b686de66804,85.9
2e7caf02d3f51fe071a2444d36ea2d51,85.9
a40a9cca30df7d2a36fdba0dfc4b03e7,85.9
dd8df3b485ca4fd5f19369fec6fd81f5,85.9
6e68b6dc067250f47b8fefde703ba5fa,85.9
93caf29e16ec797fcc749ba3f519f3fe,85.9
a31e9efdd03a113a21348ab6843d7e3e,85.9
e6746025c842eea668be9825f0476359,85.9
6599f7ebc34cdd20cce27c7d9f05f4f9,85.9
962f5304e0c4e63d74fb81bbafac050e,85.9
f6bb64a35eee41a5e4ab974cb8de2ff4,85.9
7eefe1898dff66fa3b252fda68ff2ff2,85.9
7f89e070ec0556f373339ba76637964d,85.9
17ad940941a7926e0e82b5a341f5b3c6,85.9
1d8198faf45acdfbd8a4676ae09d4b39,85.9
4eb9006df565bc421b07771e021529f9,85.9
5229e43884ffd6794e9397bd346ab7dd,85.9
add67dab5fc95de57ed622543b92d355,85.9
80fa3b8e966af7a5b447c7ab96f2864d,85.9
1c587d7f2e6a80b508b880020d1ad07d,85.9
e46010c28f8c49202bcf2a0b0347189d,85.9
5248d3a86f1b9bfe42ed12027d84b454,85.9
ebdd7cfdd27befeb9dc8fdb6e639b145,85.9
db888d32c02d6e2480834937d0485ed7,85.9
f78e23aad8e572277a28b306314e1d3c,85.9
d66844e2865d7000a3ec9e3a81ed0bf1,85.9
0d72c06cbd17cde4598ce4aa6d065a7c,85.9
88ba6e648722917fa0eb0823d3197582,85.9
2285565c69d3cf67aff44a8a910373f7,85.9
92cd246c0e13f888349600875012b35f,85.9
315928729203665b684389cc28b8865e,85.9
428d17477be86381ead9c16e52c0528c,85.9
f1a239b72ea3fade1066471be5a5eb27,85.9
f5ced6e0d7c20ef958cf5f9269f4287d,85.9
7277b6486e43ef6b8756caa0be68fc6b,85.9
5cd3b70cb7cf755c4c87a1f9ebd19b0f,85.9
ef7cc029996e1f2d164764e8b7888f71,85.9
4ef60e9aedb2b170022f42d5a78248bc,85.9
e328b8959b9167b1106d4108c3ef0b92,85.9
7b5c8f4c68f979af2de83a7eb3331f8b,85.9
919dc37f94a27a8b5cac7fd53291afd4,85.9
827cbe2af76bd50839030b7576d704e8,85.9
a0361634806336b2ccb198e40eb9bf8c,85.9
19a35c7fca09991bec956f11a02543c5,85.9
6d82091ecad0c0c4848d8e1066550f20,85.9
743c1d91eb910917739b0713540a43f0,85.9
8abbf0e126072255138704489bd9897a,85.9
3d881d50f2933937fcaa85328d3e0af0,85.9
2ef8398f62042a2b4fb8a0bace741671,85.9
68cbc07269ced29d178eead440258d5d,85.9
d23dfb1dad1e005d8889511d3db1b888,85.9
a7bae4e3c00ecd65443abee9eacf6614,85.9
72a06cb6380fb74e2ad5c3ec0347304b,85.9
93ffe3ed1345ac913a6e4a313ed51e30,85.9
2ac977996338a34baf6c0a487921cfd9,85.9
aeca4ed7648c403088113efb0e5a2ba1,85.9
118ea956ae83ce874aa0b2613c29f0a7,85.9
73a2cd1d3f8cbdf473fcda863a049218,85.9
47fd546b958abf99f25c4932e57596b0,85.9
f6900efe7cfda3d306e794fa2e92d58a,85.9
83aec5c557978975ccf546bfd82eaf45,85.9
d01cfbf8e18fcddbbd47f155c0e9cb68,85.9
57f70c8731f4b0c1bd04025365a14b45,85.9
e74c41931c0fa48e37c07bdf0aa5a8d1,85.9
dcc80d06b3488b79f9e4ad23364b16bc,85.9
0fd32272b232b1f9014fec159b49efe6,85.9
5f7a7e33fde7fdd09dac4e27902f7868,85.9
1d90552931e70c9f5f72f05a9c210a56,85.9
9d9e86f105e656addd887968baf094fa,85.9
4c2cb3e121a25e566c2872b6d653291d,85.9
b1704059166b57898f4860dd1309c796,85.9
db8d5969bd8a72001e6f9e26caf31d6b,85.9
6b303d3b8cdd5fbdbeefea8874d5bbe0,85.9
319b0b8fca928caf9f619d0b77418263,85.9
6d10e0ce7d75bda911b1e2f5f99d8843,85.9
1f224b90a5ccd7ff2d61d7c34ac8508d,85.88
a552a8ddad3a5ddbf24e84046123e406,85.82
086b14dd810812fd51da1b8dc45b8aeb,85.8
b39c1c64b6f3e8a4e3373b37990b6614,85.8
66fe4d66419f0c7d08b03b2814aeb9ec,85.8
9f978a12f447c1d1e426f473f95983c8,85.8
0129ed0b91663e92e982965f3a6245f6,85.8
aea419ca36368e77678b20a1867481c7,85.8
b871e614fb8b5de170c88efe4b3aa3b3,85.8
eacde47a3187282a48d907fa9852e740,85.8
a968ee66a9cd15045bdc38c66181983d,85.8
0ad73a033a18bf40507b6a86e483b303,85.8
add4449b1b01cfe21c015464931c4a36,85.8
c8ca4bcdd8d22697394008267108810d,85.8
302166f85f6ebcf766b0a9bbaae2f0e2,85.8
542225aee88bf09fe21f73ffe2fd9bff,85.71
c56940eec5b36f84fda82f05aa520e7f,85.71
723e7d9d77b344e0d9f92128b5fae6dc,85.71
40eb0a4998161dfa5723e56c65d7f1c2,85.71
ba41b21a02e473ec8a2467747bb735df,85.71
ae40a9366981463c2e921d2ff3527591,85.71
e0d2bf838eaa43f0e43898c57ba69303,85.71
533363729bbb70f47f8324cc1079350a,85.71
ecd4294cc1c20eb519940d800d535eef,85.71
a2e5b98ba9cb004814ab955f08d087d9,85.71
cb957c2b54ff57da8b57bc5c6e0a3f14,85.71
f40f31f8bfcc5f74d9d246354b90af09,85.71
3ca51c5c83761d83b4385b4a1cf5f191,85.71
3c18062d70c18ab190b4772535ab9618,85.71
2afcc4c46893cd524b6a4634cabdf226,85.71
2161ca88caffc66dc0a3659788ab1148,85.71
93cfb05635821ab4ab784f7b3f8cfe44,85.71
a1e279d799116bd3fa998d8cbccda302,85.71
a712ebf5bf5ad342a5ada632582d477c,85.7
c76674aa2c0b761b1642970cab5baa95,85.51
b043505be4918bfce20906a28b3216ab,85.5
8a86e15447c677ced975088dcee32e6a,85.5
f3a76cb53cef80f2754593b264a19a09,85.5
2ca6c5097107f90390b8798977b97c1c,85.5
72f8edf9440d0b002a8c5a83884d879f,85.5
84e34881b136d4bd4a43c7ecac79b090,85.5
d798f646e35028ba7dc770452f208210,85.5
9fe64e39becf76961f0e4a73514d7630,85.5
8c762c68957cf18ec40db1474c5b2d29,85.5
40179b084530d7e15b7727c677226463,85.5
e6428b88ea8513d718bb4199f280cd77,85.5
c30e67d247c28f04ad357466c40731bd,85.5
c14493561a722266d3b4452d54871c40,85.5
2c9e2ef97744828d58f63b1758e118d3,85.5
d9dccc612e425a72407e2282054e1d06,85.5
69321e0f270ea1ff8af1d565826e5a2c,85.5
78d5b55ad35e8e1c25a0a31b3117fffa,85.5
eab676576871f35b5954a84272b96c9b,85.5
76a753fa316d8bea2478e1a7047e75f2,85.5
cc2560d14b160bfaddc6e058b7d45550,85.5
63880f01e6552a098dc27ff21a302661,85.5
3dcf72ac785b3c60904db9f549f52744,85.5
52eb67e00aafaf50dafcc51e1cef4c08,85.5
945ec7d09d4a36769efbdae2d9be7f8a,85.5
11ee259027b2302ab1d54d38f5ec9b12,85.5
c8dd4d6866a748ee31f9946d60277428,85.4
fe955316fa2ecdc7cf6c136dab7fdf1b,85.4
160d39c7a142654123bac7b96de44c9c,85.4
c385a910d2506eb4c809fbd19f8562a8,85.4
75b47d5c8dd4b9975976a629071cefab,85.4
52267b6895bce2066b815bb3254e6a47,85.39
10a21e43dbcd02549e9f07c7a2c985b9,85.39
200edb1c132c2738f191a50202241f35,85.39
ad5eaed951a10f80d09e7f473a8fd08e,85.39
e1a9260002f958ad5765a6e85172e0ae,85.39
74919fdb4ad927fe09adbab786081109,85.38
209beaa8ad584bf64b28ddc0d66fd7b0,85.35
2caed4106ac34123aaa5b6bdcd6fccb4,85.35
2e1ca63e5627b6125345cdd302d99835,85.26
c68958aa2647722de2320a195b3c0303,85.2
e6242688aa32fed2e637c9c7700eba53,85.2
665c06c713395a778be10e3672163e2c,85.12
92dd4b87879a4dc3450ccfb6ae1932f2,85.12
c2bd0d10a6175420d7de0d85b089929c,85.12
c35c5e3b336edfa0c68f04924fa48728,85.1
14ff02bb0043f9bbf84858c7aad8a05f,85.05
7b9822271e0d86d065661726b72c2c85,85.0
14d33cc0fa27e2987dc450d5352e898b,85.0
ca8b751a40a816dc8d14138ff9d81ad4,85.0
2ac47a6fd8210114acf678959654944d,85.0
fa91a5a1d6a97235e91819c3926f8580,85.0
9135d15b2375bb7ae359911c404bf841,85.0
ba0babb4c3c3ae5383fd29f3049d6bec,85.0
1387dd8c63136e2146c342690bc971f7,85.0
58dfdab06b8627a7ae9dba05c3db2738,85.0
cb6250837d190f8c91e749dbe05e7095,85.0
f8be79366225c3a37623f18429daeb5b,85.0
f6990f08f8262f1a0a9db4839fdd4109,85.0
a4e394f0af5d9354ae5618c0507b7bb6,85.0
8c2c80b3c71d4aab125e0b8b1f8c36a4,85.0
a83775842cfcc6236435e48b77767b1a,85.0
c76a730bf9caf9a71c30b476fd809494,85.0
989673e978a9791ee928fbf975f950e7,85.0
a31ca5db9ef5f148f11d4e36253aebf2,85.0
25b18c96dd859f9163ddfaf961cbb476,85.0
9e80bf15286ac4efa8833654940b0e1f,85.0
aee29664d08a2f502eee98c9350dac41,85.0
29ef1f160ce630146dafa02052e2c5bf,85.0
02e8990f0804b2043a2c95f16605344c,85.0
06f8cc01ccc3b88ee6727ab815eca7c9,85.0
0ead2ec7deb36617f21cbbc23d67c8b0,85.0
43f6ebc958866877836364dafc90e2d0,85.0
681bb5b35f14531ea87a864968eef187,85.0
f3fb0bc387b5a0742130f65abeecb5a7,85.0
e57543cce378012b13546991db7f3cd5,85.0
79e6d859cf83e9bf76a07629ca91a49c,85.0
96b846b2e764efc19d7e33e7a482a603,85.0
9be040aacd72b1f7c7273d2c837f25cd,85.0
4166995d6f525769768b925d79c2f02c,85.0
d29b98891dd9358ad1ae903e19531100,85.0
69a2031c6a5259f4649be50190c01861,85.0
4e9217c5dfd97ced4ac2f769f8dd087e,85.0
0825646a316d8b2bdddea079a5e01fda,85.0
971ba59e6ace4c658faf50668b72c5f5,85.0
82ddc239252e7bd61f6e32e8315311cd,85.0
a4cc365cec41ae5dca9c112b9b0f141e,85.0
673d3b04bdc0ed94516bbc922c2160a8,85.0
97872d3908c8b7aa23b2dfde235ec569,85.0
d821071edc6be2316b5bb7b4bc6d6b12,85.0
bed2ee34a9844b7ef08aa6ac5929b9d1,85.0
103224917fe72e5c19889715d69865cb,85.0
4217d99ce9006d56d00b88996f384420,85.0
bbe5971faf8ed849f7dffa2e412859cf,85.0
3c9792a69423a23cb1fba107c5079981,85.0
d789d104ff47289042198c1a44f94441,85.0
eedbc4ba82eaf24acbe9448241546893,85.0
c43895d12dbbcccde6062f41482f840e,85.0
529d3f46584a8fa9027777a9c7d5a1fc,85.0
1bed7a0466a17b3a8ecb1fc7f16434a3,85.0
feae9a3b1042a253d6ead22e76bac298,85.0
b75ed88769f013db7e68d0edd67afce6,85.0
ace63d531dc37c74d62c8263d161f8f8,85.0
e14faebe244698de485170d9275badc5,85.0
c49c9e9e0a0d5da42b91147d46397db2,85.0
9f8e4ecccb611b74938b089f0c883c00,85.0
95eed62685a983a404c317327e7799be,85.0
9069eaf7acb0e3960f09b27b04c3011f,85.0
f39b368f2937acbb1d3a629edbfffcd0,85.0
79b19b4903258723b72eefbaf47e00c8,85.0
b0849c728a665c75ff6656e6b32845aa,85.0
222ea254760a8b56fff02febcb78b507,85.0
f6750b796dc102521e62579639ad43b1,85.0
eb45ccf47b0ad6454b040f1282d15139,85.0
e76087d142b485212126e60e1ee032d2,85.0
4e87cf360a8ab537d9af03568d747a1d,85.0
c713fee6f70301b6bf60701902502703,85.0
67603d75e8c5c2703659fecffe85f8c7,85.0
fb88930922844557bcffebc8f3478fca,85.0
28b58622eaf1c155869aeaf9e321a25c,85.0
309e974054989e7a4f3fc8805b3bf55e,85.0
7d9802889236ab8fc541bfb438978cd7,85.0
55797a8a69854e4fc1e636937f0c05eb,85.0
3b56ff9de63e4c2fa73c05d315e51720,85.0
80397076b6d12ded0a040352d6acc5d1,85.0
0a2a3b9d1077f4b509232f38c3f2c199,85.0
ef1eff472a8b759da492a2c060b23273,85.0
9c0855a182df90f5d5a08a743a4a283f,85.0
f317de5860d74365af224a7a2c19bb85,85.0
18f8cccef7493faa881941ce84bae351,85.0
8f3b9d3f52f2f606b6675ef3d7d85e7b,85.0
5854eece0da8b269533797089c252832,85.0
a883031033e9e3a9b75867f0bb39b4d4,85.0
06731a4123e5f778f31f5f4f027bdf38,85.0
3d2379343a747f1645e5cfdee7ebb595,85.0
17fcb71ac217425a94398fc2b5d5935c,85.0
09a6ee079b6cde6bb2383abad4a33300,85.0
fc05d47a498e95d77cbbf3d2e0f52e96,85.0
f1d7c45979a18e5935d60e64b4dae786,85.0
0d7b40f01565cfa9b39df48d77c4367c,85.0
9d39986f52c6b7c373762b2e47a3205a,85.0
111a2956d57d20d510a33b3e06281f02,85.0
ab95619729662c9ec3f0dc3c7642fe7d,85.0
fcf28aeffa802b47732e096c083cbf83,85.0
6a3dbc73fd55e0c6ecbee56656482225,85.0
553ebb0d7bef0d8be08b4bcd9c3a679b,85.0
c0d48da3a52a85f4159b10d3fe81c557,85.0
e500ecd3e20aa548a181842d8b0802e5,85.0
616c3d715afc55e0ae24fcfca7780796,85.0
951034aede95c25c0108682c6253fdfa,85.0
14899a7f295c6833b50bc7950eb054dd,85.0
4101a5d6c7424b949a43adc5a2c0b723,85.0
6db9ffb75f1ab4e8ff22cd38c5c32579,85.0
e157b29fc9776fe9ab6ba2bd3f0cb002,85.0
9ab223471e12c827aefff3c0af9483a3,85.0
054b63b8606d2faa194328b09033b53c,85.0
9380187b6f9feb21e3f3852996416927,85.0
47e47955af2683fa8896688e8aaa279f,85.0
4a4bc5301ac979c57a95bef67041937e,85.0
60316082457ca4288ed89e75c9f9d50f,85.0
37aed206805d3581cf77ea31a79beeff,85.0
35c73a071dbcb6ea541e419fbbf443f4,85.0
b7e6c3b93c496e674a95460fd73f4b32,85.0
9499bb274ee28faed7cb67027a326406,85.0
cb76227f1e96fa31a4b71813c1053696,85.0
62db6986e87cb368bd98dfa252ecc606,85.0
cd99a4cb6f4d2e8342351bc978460e07,85.0
72fcbb1145f2889eddcba6d6c1d6c090,85.0
14b8fc48b9f66832dfca6333034c46cb,85.0
1a8582fe2b31a03c19ea05a47f1ff106,85.0
5d55cda7f7aa80d5875ee28ea2b52110,85.0
f8e69151f573cef016abaa5b176209c4,85.0
f25d1202670064ec91e10d3575474dca,85.0
98d2898e432505920432cba9b38b72cd,85.0
75ee4ded6b8b2510f575110c1bbc81a1,85.0
c3b0850bfab9fde7e7089966a8ffa271,85.0
4a2f0cf8a7e1153d38caf2106258cc5c,85.0
83b344733bd1afd8dd5fee2b1233867e,85.0
04c6985fb618f4fba64adf76dc2dc855,85.0
a0e4dd3110c8e935735669706447da3f,85.0
ffd1de7d1aaba96f625807ae058cda15,85.0
89eeb5f63b668897a8bfe8f4f479acc1,85.0
da64cce133f777c710f8c902f1b452d3,85.0
2e661a1348e46a3a18291240f6e1fa8e,85.0
d3fa29ddb32982917d99b75a422e7e2a,85.0
937a297223ed84fd61bfba360901a29e,85.0
5efc5047589fa989a362c98f2137de01,85.0
3a40a64d7f436e75094aaed82fa082de,85.0
a2fc5dce5ecd2193e8a448946f10683c,85.0
37000e0d03f1d8fccec6cac3a8020850,85.0
a7d495df54f10702f7163c5fed0ffb5b,85.0
04fe08050dc149cf00e43d448c468128,85.0
35082f1c97a2d1c0d85ff7ca8c5cfe3f,85.0
86d44d270b72592dbef78de27ec82d08,85.0
1f231469a9fa94500c4a93608eab9441,85.0
dc1fa8bf46a0b4afeb55416fbec4e690,85.0
1314035a90e7564cd6612e1cc9d7c9f5,85.0
d87ffb0cd756a3428af8b3a78b1cdcf1,85.0
d14fd2f32ddd1cab26e66bbd544bd17a,85.0
2f902ecc9673532b130b276c7c5f572f,85.0
19ad08b3871b3ed5c9bc241a8b4644b3,85.0
81774f458697acd21ab7e2ecc86720a9,85.0
a2ac4f1a485abd7571b0a0472889e71c,85.0
d7e165ba90f233742894011d725448c1,85.0
ce990e6331cacfbe30d267a2f847276a,85.0
d849cb7234793ea46649de5ac4fbc012,85.0
4442cf326cdb49f7580c6d67a8495161,85.0
196dbd926f76403591fc4fd8b225171d,85.0
afc847f33e3d5712e2ecfb9756c66a90,85.0
3ac536aa3b70068437132144e3a1e1ea,85.0
932f59e516b83cd4348384fd3b999972,85.0
04db714126e894b75fbfb664a136a497,85.0
5acb73b6b3d97377b7f750208b7ff478,85.0
d8de65caf938995f19d88ea2a3c08a71,85.0
7d4f13c597af6a491ad6b96e4b7b1ae5,85.0
ecd3026f2f4b19561b6c62b22fb0ef1f,85.0
37c1966d2e9025108649bddf9522f3f8,85.0
e318785a0ab20e1264cf1dc51625d53d,85.0
6364e6758c586ecffceded7d3a988efb,85.0
4a068788cb64b9a1e8a4fd2502ee19db,85.0
765ad23d182d4724f6cda1d008f79df0,85.0
901c413984e6a191582753a0a51104f0,85.0
5a2e16b4fd69014e83f7fc6de7e5cc20,84.99
cf5f546249072bc99cedea6d064c9d0b,84.99
abc1fc1fa3830aa1e9279f3e5966ed7b,84.99
486a09b3981a40f3d2e61faf113c28b5,84.99
964d237d2759ea48aa2dfac1602cd550,84.99
3421bd7491b7d9ddb3bc8c8e9261cc50,84.99
17a86a3ce7de4116e732b36c8b8f628e,84.99
78e507bc638584ef237fa084dc2b5e42,84.99
2181c158dfd236e9c1854c05f1bd6fae,84.99
64a059ad8576d0a738ec6a8e57f21802,84.99
20a63f927ff449c4b0c0a3c03b91766a,84.99
149cbd3f684d523d087f5260302c90e0,84.99
573e35a0db27b8a9cc744cd73c74f3d3,84.99
fd3af103b28dd473810b5f00d7f43226,84.99
326cbc06e2f48fa67a884ddfa1694412,84.99
556f3c41f6a00f2a9fa4d469ae57a2ea,84.99
2c000709cd9668216a4c418dd4be9391,84.99
05a87ac6766c8ae5ae93c0a249b5508d,84.99
b314f61ce490f69d09a150a40b0872e4,84.99
b16a8106a86d19fefd75989b3ec42af7,84.99
efdaaa423d80c6bb8a11cc2674d838ff,84.99
0678f749ee34f9175a0f054d2dd19131,84.99
4bf7d34e26bdfdbb59f2036daacea28c,84.99
de5fc49b0e1b56af06fd208b4db4c631,84.99
9d4a035a6e506fab0cd9f7daa355d48f,84.99
c67f83708340f88414c55c7679a3dcc0,84.99
6f014635454b0038028f5228e69f50ed,84.99
4541fb6085235c60a37508989a808894,84.99
4aaa498a3b2f602e7faa8c84a8465d29,84.99
6fb5713936cb9444969c88b385cc74fa,84.99
8dec2656c5c6488f6b882468efa6b90e,84.99
3a11b365f9dc63f1bb29092b36b9add1,84.99
70c5df327b31188d6f5bebcb28da38d3,84.99
0f5b40f9925b49675464fb74869c6547,84.99
85bafe39b908d61ef7633ec65599d554,84.99
13b91579bcc8c9cf1bc5d2f1894b2392,84.99
559374e587209748ef4a67f367483120,84.99
47b1ee85880e75bd8e8b4546cea0c711,84.99
04e9f1c738a73da01163495783f0a314,84.99
2b47ff70d422cc3ada976dea40f48782,84.99
6b3bb3efa85c5b14ee91bc7227bdf0c4,84.99
a6f72f557361a8486bc61d508d44c31c,84.99
dc16816be6c6f5824f45a9b4604ff8a5,84.99
4d6aab311eb3e1bb0a54b3d0c575fcf0,84.99
7a3d80bf0a5b5b564db738f5aa86c7a9,84.99
bd1a163012abbb431a551fa95aab940f,84.99
ecf69e0cf3882d637727d4708ad34d4e,84.99
37609553fb8663b9b04b87c3d4f0e98c,84.99
bada0d55f95ceaf4f6744c5987501c90,84.99
e7b950a8f7872df50ab618d052437d84,84.99
48430ed054d8d4f37f6ee4f17bb2d920,84.99
54c2345d5d037551fb0370b86519a481,84.99
48feef90ef337d61dbd501ba9fdec246,84.99
bc9b377eea5541f00aebe8002dfdff15,84.99
97ba7ab5636b3e4696989ffb223ff95f,84.99
4e067fb6e20c27d9fb61342c64647181,84.99
5fb72531a5f56bbbffaed518edd7c504,84.99
64e685e8056227e8864eb92949604290,84.99
2976d663596dda9e709bc788d398e249,84.99
ed19fa6ce948d52be769926c2baaa17c,84.99
baad5e4d34d5785fb9530d6faca59d15,84.99
ae9fe453e6f022b89b6b4c2427a0250c,84.99
fb3b60e4d8f392647f1564b0045b8d36,84.99
1dbeb177782cb653f0cb867e3a63e738,84.99
30f93fb1dd34821c6ddeefc08f66a537,84.99
3031f51fc039076cb3843d4eca6a6fc6,84.99
cc17e813b63c679d370ab359fc852e26,84.99
5a6cc3894184f42db83284c7ff6914c7,84.99
4f1d99d568c60f8702f77fb3bd12c1c0,84.99
3a5dbd95b86626c3f0c042ace081118b,84.99
5ac65f9c50c32dbce8f2ef6b90b05822,84.99
3c89fd1d9b9438fad1acf39186bc0918,84.99
90b516ed3fb8da82d2610b62afcac965,84.99
b961ab7b5e737c9101d64485c9e12a67,84.99
9cd9908817c0c07c4de221e72a128838,84.99
d1176ff41d4334e95bc110c2c76ade62,84.99
b9262f4d64091526ed0f2f7b0772e181,84.99
3c69def4ab71e86973e492336cbe3407,84.99
a12aa449040e9ac7ea1a7ae64dad0176,84.99
d2ae704f9d199bd4f701a59c5f7bb914,84.99
45e50a6d3f743d175e0d778bb74e0c85,84.99
49b19f4a6f34485ca671a856b84076b9,84.99
d51a769f71cfbad7bed52a8e4b3d1ceb,84.99
e02f5d3db6a97933d8d9a4dfc6a69ea4,84.99
855a5be4b3b7ba38a048ba086647be0b,84.99
c3a998f9bf142fb0f745c8a7ada028f2,84.99
b31acd57a019f00da1fa8b6dae5b740f,84.99
798a392e3a33f98aae3037e1c5ad78d5,84.99
2ec48d47b79cd3db9fdccb0d4a2b3509,84.99
4077a894fcbcc59fe14e9acd059a5a2c,84.99
d3afdb90978c6c51e32a939b9300a7fb,84.99
2dfc298c9c63e33b5dd41f0d7fc8cb44,84.99
3602a1fbbb29af4c057aa49ba33fb2a8,84.99
28e1c9fe318b354a59df509689129512,84.99
4eb5b79155c67869cb04c77b1541d6eb,84.99
79d047607f9ec18553cee7b117499d34,84.99
670e4a4f769d3645007a5ece3e9a7c2a,84.99
faa60b8bd84596f71cefc77af1406537,84.99
86c74e1a7c642fe8eb9e3c57c6b95c8d,84.99
b7b240223f7d8bafbceac9f74d8b60d4,84.99
bf49919bfd6740a5f7aef378c264934c,84.99
db722d5d0a94bf93c8a0a000a4dae533,84.99
1863b95f5438f793f49ba1c6995860e7,84.99
fd00ac0c4373ccce4a50d1b8e0c09ed1,84.99
61238ee709250f8eba322d023775d9cb,84.99
d4fb5e0c3c6784e683f2e94ef85c7708,84.99
416550c3b1ff8516b6473558a1200b74,84.99
849d4f35271a07987c6af0c676c5ca31,84.99
16ea6215d04210ee5847d91040024792,84.99
54565fff90abee9162c1e36bafcab49e,84.99
dcff5ba8cd5e93960bb494141d39df55,84.99
f77832be216ca2601a6f6acff4ed12d4,84.99
0c6e32ec71aa88984aedb1ee4e48fe59,84.99
8d3dc05925d03b20372a146ac5e621c1,84.99
32c608689172699f708eca9ad42b373d,84.99
ecee98d3844b444ee51e518aa621149e,84.99
90065cd5c7c581bf099b1b9bd589a3fe,84.99
dad0f86e922e14e943dd690c9e50b3d0,84.99
6b0c6ebb1217e1feabecccf409b064e4,84.99
24b4d0c68000a9d238dbda53980081f0,84.99
b37c31e2ae4a6cec098a2e0f5ffa71ad,84.99
d695ab7244b50995dbbed9c1c5c81d57,84.99
12ebf7237cb92792a80d4d577e051f40,84.99
2c2c6d6306525aa4e3b0508924c7e553,84.99
c97cbfd3517896bcae9450e52779b784,84.99
2c78100a00d87d5c94812af161ccd4b5,84.99
f0962138bed00ecfe37d99b2502ac289,84.99
bc4851eac6f3eae2da00c2d91f5c5c41,84.99
7c19bb90f09363da5490086de7b02cec,84.99
377c587dca2f85d76e1621134f50c291,84.99
8825ddd25aa90c9895c662c03975ba06,84.99
8d35d30d13d298189f5800e7be43739d,84.99
294f90edf9d7f04ae89f4af0f2b64ed6,84.99
85c768a183c66d7db2ed659b450eb0a8,84.99
3c27fa120474684a56b31d04e55b7bcb,84.99
08e7487578bd3fb98d11c5d95f1e5db5,84.99
fabb60c6365514576783dd1a8a6b8ad2,84.99
d53dc1a1abd8bf35dc80cf67e4605d44,84.99
898b7fee99c4e42170ab69ba59be0a8b,84.99
d5a188588f28fb4843c19c521c3e197c,84.99
aa9a52398f8c0dcd6153561448c6a1b5,84.99
691d9a220987890bc307768fda93e890,84.99
0277e884f6fcd7d9610836744bc7e8a5,84.99
830886644e4e7bdc1395f0a7773a9235,84.99
ee3c35dc65342f759c109af645da0163,84.99
50b67e49412e93a5d37e790592da9006,84.99
ce27e4fe4c3d64d7ffb6449d4fdc97d3,84.99
9f1988eef91821e9884aa98ab80d74f8,84.99
59cffb72caa49f6a3614ede2efea1357,84.99
a51b9cba9204400d980afd668d27d3c9,84.99
8574a86a2fa79fa51ed1c5eb8b8bef2f,84.99
10ce609a34904ea87a4254e96b05dcf8,84.99
36578b0c0b959dc3b01f093b6a96bf00,84.99
2c4e6626a5b947f38f954b988fbd7522,84.99
4147dec488b2752a744128d6662adcd1,84.99
e10692d4cefa5a2a842a8d45c2c12247,84.99
3295d27f33d0a40b245030ccaca13fd4,84.99
881ecd568c8e9b78be7c86580059c248,84.99
460f9766e57a23aeefa6502d1f8f0e67,84.99
f39b60f54b475d95d610a8f3f279c0ba,84.99
09946974353beb03aa00adf0004610ee,84.99
0b9a8afe0b1b0528e5f71368e7554722,84.99
15272c15e3fe4645525d8e796fad16b2,84.99
1d9185a63d204e8a36a36edcadb69a95,84.99
fc6788a31c7a99fec01c62063032bc12,84.99
5666c037aed4dc726ddf2e0999782cc1,84.99
f5a5535a9bed38fefd7e764318d86a6d,84.99
d719eace562b89db5f0f0f627aebdc67,84.99
9b2599fbc978e2b119aa13afd44211ed,84.99
2ad6a1964e68226e5707423966a8a1c6,84.99
3bc03463644a6c233b170519b1b203a7,84.99
a33cf67d34f636add92fbd8aaacb5fe8,84.99
7038125d2dd44ff468225fbf448194f3,84.99
c84d204933f28e79f84d0f00c8b5f7f9,84.99
2090d890643c458aea7ccf5046cee92a,84.99
283c934c7ac7c2da310b1f4d826c6d0b,84.99
0267501c086535d9c9babc4a39cc63cd,84.99
8c6b7e64f89548cf3c36b786f3b1ceba,84.99
363263d717319c175a7b063d383d95ba,84.99
f4cfdc08099c49123ea4fb6f32bb603b,84.99
6adf590fdc1f4f88daaecf7138410e19,84.99
44f9f8d695b6b897671ffa2cca447e09,84.99
f59baee36d1ea32dcc785062f5f55a77,84.99
1dd8ff8ec5a03f1ea1996060c0520667,84.99
ea36abf64bc24b2bbe8d2e894728c498,84.99
37a66c3b722186efc524fc70636c2e66,84.99
1ecec12b35d77b3828d6a1b40dd4a6d9,84.99
1eabab60895d7199ae261bc0b489103b,84.99
0761d6eaeed45df14fb10a8f42fa1d63,84.99
6981cdccdf99ca1a73963e3559352d2b,84.99
d4912628608c865230b81b506ad14c39,84.99
6ba78154cdda17dbb0e69a207b6011ac,84.99
f732374f1ef394ef02779fb939c7d32e,84.99
d1ce617712697f57e7b0d079759b9bd9,84.99
2b64ee8770672fe8f26ee30b6830af94,84.99
ac99113c54549df0dffec419b6cb19a4,84.99
67260c60edf9d4c22831ad47718a0e5e,84.99
33aa91edcf7c42a51f4c56d15586bfde,84.99
e8043e94a03541766bca8246a5af9d8b,84.99
b5ed78953b6b308d4335360d6246bcc4,84.99
b353576acb75a31101c682a70e89e6bd,84.99
15cf1c39f5851adb0bc3ed236060c8cb,84.99
7b54af8469cc5523cff664b14aad6a8d,84.99
9691726baec5a32ce2780c8a4f40e0ad,84.99
1683fabd45e65880729fe5db964a2de7,84.99
5e93191479d3fd4ab6079da767193ad2,84.99
2c2c89758acd7a5da1c982330f02ccd2,84.99
4c6bc85dca1705923c61ce674c99dca4,84.99
07d32200708d263fc5006988e4b6eff7,84.99
ea3acd2d48472322455ab1b6ed05f253,84.99
2996c6f9c1d4db56aa70c0172b5d8ed4,84.99
478017e895fad878b3b74d8d6dce1d22,84.99
8aeb565d66f27043b38e4476f72360f4,84.99
cb6623755c5572877aa65de62c147da8,84.99
5c26cf0daeb23e00d681b8cf313494a9,84.99
f797b305ff4fc7689400509ea249468a,84.99
4a8fd791410e8ec07fd17d12cdfdd662,84.99
a8a76356d43038ba58e73cdbbe9eab86,84.99
a3b0c31efc374019ab3bec5af3a769eb,84.99
5c287b027e8b08cb118ff3a2e36066f6,84.99
a4f16a013ae45f11edd3552e63ce589a,84.99
2aae1d89507c1461a10b448d50f16801,84.99
b08d8e609d55b8d13dafb964bfed9acd,84.99
2194b4c1bf6a6a4c1990166e6250dcd7,84.99
f9f5ca79ce83ea7f4b798edd03755127,84.99
6d92f68ebcc8f9931a3cf051fde4dc8e,84.99
a191dfc729f180264941a4368d69bf44,84.99
a77f4b21bfcd5d78e8799a788934c8fb,84.99
29250bf22b33e1aaa5b19b78e7593afb,84.99
5dd037b7e50e7de06920eae973de87a2,84.99
320820724a43fe701ae97500b3760a81,84.99
c39bbcffc6e2a782a4ad8ab65c6f2f96,84.99
84122f2d938db6827af18bf927d56051,84.99
9e0343bea00991ed1a866327ae1998ea,84.99
d299e0e07e35f5c6fd348ed83551a272,84.99
73395602f51bf2b5aa514a888a54bda7,84.99
2a5537cca47095c73bb1d6286ee2c543,84.99
5264c52c5c2654d13ccb5e2532ddbe11,84.99
8e46c55f2293dfb57e5e70080db74fe9,84.99
3070d64dbd2b2eb531bd394fca72a9d1,84.99
d33d77d276d94eb726ee3edaada486ec,84.99
797e79e27bb840bb51f00f7c7913f752,84.99
0e93ee922bae01f842f765995049ba02,84.99
12fd551b8fcfa9432c62a084ffb4a34b,84.99
2b4c669e55dcd0a17e79c4a3a2ce1f4f,84.99
beba57483041cfae26ab1d42f0d36a37,84.99
38878f4361fc8d5714ca1820791b1320,84.99
251f5f0058f31c30526c210905587660,84.99
becaefc357257f46be4d4fc171fa2771,84.99
1be33a6809926667a83a435c2c09f5c4,84.99
1c0e734d1feded71e62583d4c8161d14,84.99
0ceb28a00e14081b054eee1421d9d970,84.99
dc1a55154836abe604137fb9a1a1b6fd,84.99
cc27bf63205ccfdc2bd7bc007c8b775a,84.99
214ce9e02ac216cd4635b77c9f8e2fa9,84.99
e07998356beee5173909c8a6df66b48b,84.99
93bbd148ee409937dec05943e6c27573,84.99
b1b141a3e687373c558ceacb977199d7,84.99
1b1aa6b965239711ee0033be972f7f65,84.99
c986404d6cdb4c44f42b32e11f5b4296,84.99
cb882d3802f75f5385b27d93f3fde60a,84.99
3cddce665511ae4a0a9dab14c29a0486,84.99
7ee2727255fb492c3bc059cfe72e01ed,84.99
9a2dec0b33e6a1c7ea867c6f304279e9,84.99
ab8cb67d593249c068209ba6f8b79a81,84.99
e04fd5d40b1f6994876783e748389097,84.99
fb5984b299eb1ae66a2f6725317a495c,84.99
b095f4c789b7f1660f9bd139148a823c,84.99
547246bc4e83bd1e8a467664133af423,84.99
c0dff8a50695d7f810848537bd81688f,84.99
7bdd1a8a8a27b40561a9ad6fc2889383,84.98
5f5829f52483f22c186a6db61eb4ab56,84.98
d5879700cc4d4fe1bb76db1b7a2b2c7d,84.98
278b20066f017dd8eb063797b12cf012,84.95
8eb88eb1066f4e8b52dcc1b739652b9c,84.94
f289ae46fe4c8492d0b09e523c1c0a12,84.94
927b5dc6871a9349fe880e674f2bed6d,84.94
fbafa37ca426d853ba6afe1c796f8c37,84.94
9944836d5a56d5519e181665f6371f3c,84.94
4149bdb48e912fba1b82209e8523fe6f,84.94
8397274a8680c08c3208912c33d63809,84.94
ab880a095ff46e861877d7b3dbac4e40,84.9
8183bc209961160c9462b9007e7ae910,84.9
30ddb50bd22ee927ebe308ea3da60735,84.9
38d2b4629523c6df929e8e1ea42d1327,84.9
69f774928b3541289743181082f07ea7,84.9
277f75ffd7746b6bb5995478da29cf8f,84.9
55883315bfdf93b29586555bf619e117,84.9
aa9b819478f905f30084bbe6bf305687,84.9
8c94ef9d12c761e621097b7836b0503d,84.9
5f66fbfb3bf50be018e9aea8906bc04b,84.9
825c3e6abb57bc070f488aa9638fa008,84.9
6f77c9578a65aba965ffb1634406249f,84.9
39d259d726ade44a7e8f52bee95b3726,84.9
ea73910567eb37591907c52330458a3b,84.9
2ef4b4c4630ad3c0f379af495307470a,84.9
28a8f06b3dc694f9a4de853564bcddce,84.9
eba6b4c02a87d8d361314e878cd67fdb,84.9
6999658d578eb62c7559abf3b88f78c0,84.9
2ef9aa87865d1090e352dcc1b116ac23,84.9
94384c84cc16bfa2d08be7bc9ed690e0,84.9
d9ef95f98d8da3b492bb8c0447910498,84.9
5573b74621b2e7ef7db25cae88fa62ed,84.9
2a06b461bbe46972a81f0b9cf85662ac,84.9
9b8673c583ab263d6bac39e6bb7247ce,84.9
579ed05e977f9e95c98a761d7ecb086d,84.9
0b66b013c23aff19e0629f10dd2483f4,84.9
3a8d5ed2ce3dea98d9fe2744cca85212,84.9
9c3dbbd6d3c8090df6b78ae9b2c0f6ce,84.9
c167ca7e3249df1c0fce76509c0da7bc,84.9
080be1fb261fa4104673e0388e5ed508,84.9
67de99df30be5012ce8bfd6501f3c8b4,84.9
683037a185ea1cfa11ca3ceddaa2d9bc,84.9
4d31ce9c178f01b182e89b3b31c1d35c,84.9
00b7dcb6e32230f09195eb0e9aa1a94b,84.9
6fdf1309d22d779b57f60c34222d724c,84.9
9eb08c0928c156fd96e6a7a01e5a1cb2,84.9
ccbd8555e574d889b4c79b3ec6f35fcd,84.9
07efbcfb30cb5bc9848be5f17af8eaab,84.9
96cf7781083280794f5f93fbf2054128,84.9
2f36d971005f4a8a072667fa2e5bf407,84.9
3de6e3e6c40629fc73a0e3727bab4622,84.9
c9596125b77d7da43c4fbcc097c20cec,84.9
97ae9af8fd08e9d6027793548cf1f4e1,84.9
841e56fbee6e9b955edee71e568cedc1,84.9
d87b6988897b12def5709ca4f8142012,84.9
4e0d465bf7a56e22b91d75f01e5c8b0e,84.9
0c34c6b2040903846896ec9e587e61d6,84.9
fcce126f6d5805434739fe769241e00c,84.9
821a7275a08f32975caceff2e08ea262,84.9
338b64a7cce0259c5062aa03b2537597,84.9
27906336f91e1856dad3519e74169a28,84.9
cf04f5f184e4c0c5430894beada91b29,84.9
dc837eded61982cd9978632a52e3bbc6,84.9
a6322c065720e80eb216e659d704321a,84.9
27384b6028d1bc63a679abe786e4c2ee,84.9
512434f206598b09cd497e945a550558,84.9
a049db073f7fcbaa05e0b4ebabba07a7,84.9
e94869a739b5e8d08b2be671ce692628,84.9
b64a501ff90c1cc90a37033b845f8307,84.9
f28c324210f50213fb650245fd97917f,84.9
3acc9474e20338145d7a9e31318152ea,84.9
c7a95f71c103ce85bb699cc7433f01e1,84.9
6478395c7e1bcbf3c7ee65a18ddcbbc0,84.9
bd28fb21b93201afe08e27ea9b3bc90d,84.9
abcd1cb598dce7c73f3d819b7dfedbef,84.9
5bc4e669e3fd7aea38fca1ea497bf110,84.9
580414edf10e54926b0b40b5e9bbfdd0,84.9
2d91d851c42c4baa050a2137d3b6dcce,84.9
d0a06220865cc230d39188471bffd4f6,84.9
0a6632dda0d9f62cf1373d1572587f82,84.9
843ff05b30ce4f75b6170b39c78a8ee5,84.9
f8e4b4531b76c0efabd7bbcd6b8579d7,84.9
9f3ba8ca881a4d8641dae98f8bb8ee7e,84.9
24e437d5b5e5b3315295ffe2fe9ac376,84.9
a8f91889224701a2000ed6e9efe61a88,84.9
4eb63dae024202dc0114b95b5429c0b1,84.9
a613fd651e8ace0cfe8e7b43534d9752,84.9
c52983bd267afbbeef81821675b3bf2b,84.9
84cad6a5d13b2a45316812384327e16f,84.9
b9c45504891563b2ea4c08f027a8d7a8,84.9
fdc56d367c0c7399e18dfd4d0baf7e6f,84.9
d5879d3a1c4afa3089af92330d2ba438,84.9
5ed2bc5e67cc792785c5e70a48516a69,84.9
7bda7c209abee2dc689491a15dcce710,84.9
315d5bd7eec944dc993cf112641f9a1c,84.9
5e314ae29121bbbcd0e1480d21211017,84.9
17eeec12d0709f7095f937373f3e170f,84.9
038d3dd1371d364b6ae8ece9febc397b,84.9
496d2b35eb950f48f03c4d4bb925dbe0,84.9
dade896e95a36c520a0bcd0703385b74,84.9
d39cfc95a6ba2cbd9cfa6bb862fd8d77,84.9
ec1fe36ec54f1a3a67f00e71d010d1ae,84.9
f52b4e8cb4e838d66ba5606db014aea1,84.9
fcd5e0fc4b76825fc852c397485d8e9b,84.9
9f86cffe5085a6a5bb4465d5e51160f6,84.9
e39ab6a98380f9071aa15938efb05d76,84.9
5d333f71a8e4d495a82fd170d4fbb455,84.9
c533b7bc7ce39f7ec56eb97aeb7dd087,84.9
5face49ffe98436f58e5a45ac1eb7c22,84.9
acf1e6076f30d9c7bd8c41937e1d7d9c,84.9
247eb12909a8db3cc579b1260c3061e6,84.9
9451edb45cf5cceec7b51c5411a5e663,84.9
c313a2707fc8f6da5982ecba956b0a87,84.9
a6a1db09b78026c1162e1b0086e55f33,84.9
2d3c195d92da81037ca071936b76c3b4,84.9
2d5a03254d72a9e56dddc8616bab0216,84.9
c05f7e2878efaa870798f749be8e8fb0,84.9
31d301f727179ae52ba29009bb5add70,84.9
a9873dd1220a45e8814c937107682236,84.9
3a3091df564663f3de7a01b0b200411c,84.9
cc873c781230e2a1817a19e6156a239f,84.9
29e5c0a29e58128f9851f8aba063c578,84.9
506ecd117e295d1d3059a6f5148d2f9c,84.9
c445b065520c54b05cc0f634e502da29,84.9
3d6c5d2b414180c36624a70e6884e9c8,84.9
1422cff2e1205bf62421bb34b6549593,84.9
2d52316d85ed03468576e14c787d8518,84.9
560bdee82cd21f8162ea1a5cc8690ca3,84.9
e3594043f88c95220d9cccb2e97708fc,84.9
3de47730f7553f17b3e7bf5ea4934eb6,84.9
a45f5a73ee713a736acd6e75c9c836e6,84.9
bd5eec32a64e9b19766a2a9f9dfb2a77,84.9
75d90429e22ec177e6c69928ef95a9a4,84.9
54f882decb40c19510992ac57e00287b,84.9
79859d97de80e479995cf1353d51dabe,84.9
bba4fe473b8af647a7af5929255344f9,84.9
3d14e5ffcd2a7d420f8179cef490c08c,84.9
1c6601b317e51e02a166d7abc7fe5acd,84.9
dc1ae3bf413691963904df3c6ef69076,84.9
a6a41ff534ddaa09d1e9cb71ca9613be,84.9
d5723172d999044220a4331cbc4af5da,84.9
ec03e43a7a5f7a6774a43ace6ca4f366,84.9
bc233ab00b63e8ab556331a67703cb0a,84.9
9e474bb844a79cb40d7289813d98c2a2,84.9
622ecbc498c1acdcbdfb4411b78c6315,84.9
84d5c42c2307c5e6d3998ffdb8cb8082,84.9
113e7dd1a806e5d38d1ff73a2ba99f21,84.9
5845a34267863dd54bddd1579854ddc4,84.9
448bb5b3df0b636fcc39ecc2ebd20b5f,84.9
2b35618d386d5d8a6aa0a063343575f9,84.9
d7a062140afd5082a93efc3115b6bb53,84.9
df6e96da5aba22aaf0e63f79c82b0e6f,84.9
06c760a59b5508e58bb333d3bac7afc9,84.9
234b71c1b96f9b6073b07083c14e9067,84.9
19f497f0945c930df0d41ff9c0fd1f87,84.9
ed6d639168d3420f50058536d6bc0118,84.9
014a9fe1063cfc79c804affbe855a70f,84.9
60fabe9f92e0b77b6925cdc291cb5b96,84.9
3316210707aa526d6607add03d086ec7,84.9
c97b04afa90855a89f2869848ed61c03,84.9
35349e5366b6dcd7f8a51e2bf1b3497e,84.9
eb1c357d7150030e58b2ad4cdbc1fb0f,84.9
4936375938024d7bbd97ddf1cb1ce133,84.9
bd2957d5d4bf88bcb379f95a029bc3c8,84.9
3426e7a4ab70dfdf2fe8ae2060984be3,84.9
9dd67cd8c4589e31802e8e02c24b3b64,84.9
075c121d41edf32d2ce4b13c67152000,84.9
9e6cae17256441213a833b1092984bf3,84.9
c4866f0b17eceb1322854c023648a596,84.9
d608d88b8e4dfd4114634d9759b2f63b,84.9
ac9fc6d2a60feb9bd19d1c24370c5107,84.9
2664a440338cee1a8dae9a8417ba2433,84.9
51d11ac0e8033bba4aee1c2fa2012d84,84.9
f681e458ef2c62a0c8763e1d0276913e,84.9
671296b6d3aa0f88884ee2eaddb497cf,84.9
c66b54f9bc3001f6550cec597c77f8fe,84.9
98286135e8d1415dc79e87231cfdfaca,84.9
1d50170cec4905b52a53fc43cf2eb0f7,84.9
e83678b18eeb52b82fcff5e21d12cf6d,84.9
b4241348c529551cb7ed00edc970540d,84.9
25efef823626e7fa4e74f0bc9db133d1,84.9
36122b844a5f69861decff38a343c58c,84.9
94244564d138d5b05de63ad1c686d9f6,84.9
7d118844fb2bc2f03cae5ed0e7327b62,84.9
03c27921f605f0385f319ba1bbee389b,84.9
0b217d8da6b2afcd904aa1240a06ef81,84.9
42cb6791d77b43e03043928246e7e635,84.9
7f34b9bf56cacd4cb15a9c221c7d31da,84.9
5b39b48541837b16cfbd5aca0cf71d51,84.9
eecb43b5c2dc03262b7b5abefd535b3a,84.9
911e4c37f5cafe1604fe6767034bf1ae,84.9
76c645adfb10bdaf744e6ec0649fe610,84.9
f5bb00108debe00bb40f041482324c4a,84.9
3eb68295ff8fa518e9f2fee301c233db,84.9
7d8a2f9b1625dad7429434e7e9faccd7,84.9
d2e2768ee7e1a5e1f4634ff59fa38777,84.9
227d70f3020b7eda1573401a7d5e1aff,84.9
b02b96a13a1933796f5aafbe5a477e1b,84.9
75c10aae5ed03135ec947742e1537be0,84.9
35a7f7f18808a0d5ca9913a8bc0304c5,84.9
f71f7e5f75fe51d4524114bc3777db35,84.9
74454d0e51e0eeaaaa9b7b135469c420,84.9
258e996a14e61bfb2f47235c39bb415a,84.9
a4275ab53821438a83cf6e6dfe85f88b,84.9
80fea01f7df39bd74716fec615b69f97,84.9
9cd516c73a329f061611ae45ecbbe580,84.9
dbd66d239e963e626556b738c4ac6d90,84.9
96c539a8b0ec601832479366f6e937f0,84.9
86da2d358ebbebfd141037f3e96d37c5,84.9
39968567a8df09da844200af88be6d72,84.9
b36c7156c67dba47caf8b45b81ce7c29,84.9
83fc79bfef5a8fb84c5d77f3748e0064,84.9
6276e8b570661459322c7d568067adb2,84.9
05e07b271bcf1cfa9390e028b498bd71,84.9
b893a27f67713b0aeced6c2ec3f91250,84.9
dcfbac644e59e62debeeb913cc70cb66,84.9
8d04d2021a6a3e1e48b0c6ce1c6bdacf,84.9
8a32ba474626e785c7287ddb67917185,84.9
9ee6de6c09270cb89824aef9d55e644c,84.9
7eb4dea79d49dbcba6ff501c2d408774,84.9
dbdc5f4edc37f3f149e239e4a3880a97,84.9
04fa959a05c178cef48c006e12af8024,84.9
3155d972f9e19ec1a465e5d8dda5c8d0,84.9
b00d29558feacdefd4faf0c317f10130,84.9
fac293f9f6919969f4172b0bd1dc3c42,84.9
7ee37cd773f9b9d512246953410a97c4,84.9
f1b4556cb70283660e95764334f88a77,84.9
eade89049d83824e624c0c8ea7c81c37,84.9
0a90a58aa6815f51b8178742ab711588,84.9
17abf348943d3a3ad0573f2910035417,84.9
83289a74d3711814647a80118096beb4,84.9
b59240e14630c3dad40626dcdaf69b18,84.9
534646ab06f9d619ef46089bbcd39c67,84.9
98ce198be4b03c0a9057329b3d3c3035,84.9
04bd48b39172643799a1dc84ebb98deb,84.9
65ab89d0154ae1f5ed267cccf02c299b,84.9
2f186d7d8de0cd7d0157c5abb1dc4a6a,84.9
be5a493a772f5d77e1a9ef3b791176d2,84.9
a61b501908541d3087f220fe04b77800,84.9
19669d038ed56a7ac64ccb06dda3e852,84.9
742b3a1a3d7523219121cf91b522b53a,84.9
0948e6b4ba1a91e81f7d7ba6be31328e,84.9
138d31641096ca5499c35933c2d6c43e,84.9
6e875338f7a2933dcabb08b9404c3f72,84.9
404bf41f26cdde4690d5f758a1bf590b,84.9
d73568e3ecaf64187cdc402be8c8d0bd,84.9
b70f3b9d478cfceb437d77c3c6e1b251,84.89
b4486bd4f78522e7a25d6e7b57f2800c,84.89
353a77315095c1816b31ba0c89421c42,84.89
477e081d8ba34bddb418b250fc99fefe,84.89
1d03153fa9957f06d124c663a388e49b,84.89
0f676b631c8e3fe6fa181071d0a6bcfd,84.89
f227e7071caf55fbd19620ad628aa80e,84.89
0b7257e23cc2059f03898ef2efe234ce,84.89
fef2e5e63da9f3e1dd89e8e319468657,84.89
0cc62071a707339f524e9c9520dd9b02,84.89
d2f98382ccfc4e611cdbdfe5286feea8,84.89
ca1306e256541ca5b97110546d36f93d,84.89
dbff974cc2289c3426fc6e2dcd161644,84.89
c71726c3810647702ad76a622681f56b,84.89
983946c69566f5620dd3e943b936cbd3,84.89
96cf72e1ce19ef63a9c2c526203a871c,84.89
4e3b46e9770f521ea3c91fb857c4ae76,84.89
c2834e3d708a9530dbe9ac9b9e81a3df,84.89
28d7e45382072348de45a1aa5e813e10,84.89
3f368a005ca595365c3c53fd9a794695,84.89
9faad560424c4b5092344a27c98ab43c,84.89
f7c7eee947743e900cad930670b94341,84.89
299d5fa155bf62327d231c130280cbec,84.89
b65714d110c92422f67d49614c32f883,84.89
5eed151c17bc7c0694de6537f9335cce,84.89
936ba96509c9bd5b74f051c834d1fda3,84.89
537d5750de69a9a4f8d1cbe5652bdd17,84.89
2d22c3443b414e440199863946b77c05,84.89
1ace49e26a375d56dda111fa921f0c01,84.89
90154c4758ec68d50d74a971c4073314,84.89
0f6ed132464fa43523a9bc602da44a85,84.89
3a246064ddae27a4682505668dadaaf3,84.85
3d7caed6f08d019453b05ac48e8df08c,84.81
01570eff130cb5aeca5e6ddc6c14a6ae,84.8
fea16654c631c5cd6997fc0414c3a201,84.8
34276b3f27fe1d0bf5e96b9b42c1cc1f,84.8
13d6935a154e88a19cec61280ff67217,84.8
147a838b712f1218a8cf543c171d548f,84.8
ad0cff75dce98e304964d36a660ca06d,84.8
46734ace53678d89eb4c725317503e26,84.8
2d5dc94adca187649de7d298672da820,84.7
054436f8b0565d7b5c66e9066b564393,84.65
b288fbdf739c5aaaa7bb5ebe0ed315e1,84.65
3079cc8ddcf954eb8ed76d665c04e84c,84.65
39c7cefe1084962c1eee5d5697761e5c,84.6
caed95700dcb091eeaac59a97fe0cb17,84.6
d76652de2b233fa0a59667e8ec3b871c,84.6
e9ad9f02bdf9afbb0da8e758d94067a8,84.6
22e2382e2526b79392797774d529f259,84.58
da3f5b022a86cccecadb183b099d4eff,84.55
52fcca01e852db365ea24614a227cbd0,84.55
37c94bc93406e224d829c62d66d25398,84.5
ed7aa26942d4514875aa11462f8e24c4,84.5
7690eda4c4a4dfe1c571a961c59911bc,84.5
d875cdbfacf9d0e5aecaf6d2a9d77f9d,84.5
600e4e92337a1567445b80030189ac49,84.5
dd95bfd2410a54c97b63e01887047d83,84.5
2affb4edb80234af887eb6fe35a60185,84.5
10c29c2d0b6dbe6bbc886543c1b9097e,84.49
c1430fd5f2db40854fea86246ebfec8b,84.44
7e9747ad862b01f3bf33e9bad4cbf994,84.44
ae75ad8219b66770df6013a8aaaf8d64,84.44
d4772f8e732c5faa405ee431469bb21a,84.44
641fd96368dbf63c0ac59fb1f31d072c,84.44
8df2c8fa899507ec4c9709aecabbc68f,84.44
dc3228becc9cda34ba2ee67aec398f88,84.44
70d7adff1cd1d2116170e3c732e5f941,84.44
85bf95921f6be99d9150d84ddb935480,84.44
7fadd7adb85b1f419b8eb907f2159527,84.44
654616fe53836878f371ed7eb6119d19,84.4
afc2298cda7354dc7b88a657089c0da6,84.36
37b40b75293bd84e07bde8ad83066841,84.35
2096d566a987d9073e4944ec8dd7f2b3,84.3
e3ce0db8cddbefc774fa37de408d627d,84.3
e5e0698e95094be297436cbd55c2dcad,84.3
59f7e332be41c01c24636cf11a8f2fc6,84.26
d21146bb7e87bd17fcaccaabea993de7,84.26
309f516c4449dbadf7ebaa01e00bbed3,84.26
415e9e436e38fc030c0e1adf08a740b6,84.2
bfd12e217be642a47ce7c7fe5ced3292,84.0
9497c977e59506e4cc2e0f3094a3ca3d,84.0
424072396f8f28b7522790dda26981bb,84.0
7f10cfc70e5b4e8c9910f6d294d4bee1,84.0
618643a5b525ddfb0278b14362854fea,84.0
d2b9844cccc9747ba112cae367d1a551,84.0
8aa1ec0062430de2229f6c9efe8a37d3,84.0
b759d83c744ff08274fb4f1e1f9362db,84.0
3e72de005864d8a7e1b86c03fe94380a,84.0
b9ab019e35acc41ce59d290989f01d88,84.0
6fe3189a52c5a26a8980af19d26b30d6,84.0
62f9b69eb2f6aa79f6ff3682bbc4e290,84.0
e96059fccb7293fc18b1f7f8596488f6,84.0
315f814caff07be0d7cf52346a07adf1,84.0
93c43171fb6570c1c278167d386a5db6,84.0
55e153b503a15cf10845bacbb3b4d616,84.0
61bfe54a45dc8c5cd242f47818eb0964,84.0
16f656f511e27cc3fbf91cbc28c415d3,84.0
f4a730a77353e73995beea20e6d5a2da,84.0
d6f6c463e4a50601d5e92eef94beeb1c,84.0
74e3e0cdfd168eacecf2e86a6b2b5723,84.0
3619df7a89a873ba249bf47e9fc6ed2c,84.0
fa8298e3bbe898f427d91871c62ab252,84.0
762d74ac3091bee9c8fdb2f9ed67edff,84.0
ad66a3e06344ada3132a93b18f12749e,84.0
618174cd887c0ff38799803a8a885f04,84.0
07ae746c23c06957d56ae4f0a3f7b3fe,84.0
cdd203a140fbf5320bd06b0aa17aba3b,84.0
dddffccfa38bffb0c6e906c17678009e,84.0
eeca9c49930c852bd876095e673d06aa,84.0
00fb765118b6d3b18dfc763dc3729a5b,84.0
f1322b65eb1a2b3aafb6a961d920ef60,84.0
b874cb4de837705286fefdf01c56fd23,84.0
b28dc057a0489d3bacc53eab4fa4d2bb,84.0
9b5f918a0c218ab567798a49c4b604e8,84.0
6bec28a0162e9cf0dac2934b4c158954,84.0
905b68aed6177b504cdce690e4e85575,84.0
a883d37662d991238399a99208034bf2,84.0
c79c0283008594b41e0a8a8c923d3d7a,84.0
a192468dc4a03af2d3c89093c26283f1,84.0
876bfe052df18daad48e26b9a09bc741,84.0
e621534f813417899b9d1f1a3556fe98,84.0
b03183c784f431b0b4d56e94d9461427,84.0
cb3854593d940470990944eb8e8d44f8,84.0
134b8eb1be5bb89fd71a946710f4b0f9,84.0
8f1278c7bf83749550237624f72786e6,84.0
b42c97d094b5bb2c078e3f58abe2fbc6,84.0
1fb7536c5500b8a7252af02c78bdb73e,84.0
dc5addd4693ac5e18c4d5748e36d2392,84.0
254746cd0489a49558516e8743da043b,84.0
00ba7e4052ff6531f4e8aa0b0054318b,84.0
9be7121d4cf8f3e20e08d2b5366139df,84.0
e99bf5f6cd5edbec2d65abfa12bf3f03,84.0
d468f9fd5b79e8d23f71a60901ccf2eb,84.0
c68d0a3fbe7bf557ea9b8c822e154535,84.0
d7985e6fd1cd00201093d271a93f3985,84.0
e7338cc8d627d7b7bd90a1ce591b8065,84.0
f99d3670012af522d07daaaec39a2ad2,84.0
67bebc02fe1882de7424ae7c032fbcf0,84.0
f6592d1d656f3e8f3762f9e2c88cbdff,84.0
c2b2dddae69440202ae09ed199f75c28,84.0
f11c879c8a36fe856430463341cf89d6,84.0
8a2b7d85cd74e69ac62108df819c154f,84.0
6704402801c7e587ab790c128a619a40,84.0
1f1c7bf1c9b041b292af6c1c4470b753,84.0
1f1fab4313a5a8c7382720ba5f28acdd,84.0
bd0f57c02559be896fb70c75cb41b70c,84.0
68fe5bc21c5a3ad828108dc360c41fc9,84.0
dc6f9c54a936fab52be47aeb25387275,84.0
39794761aa663d624636cdc242f1950f,84.0
f731689ff400d169f1c568418ef8e856,84.0
865faa061fe0302e8f2970479d04c3f1,84.0
14306fe307e348f15f633d6ff1670e18,84.0
e19274edf7a9c51689822810be84c9e9,84.0
030ae7b844c8db8738bb14019351ea55,84.0
72c0a5b5eeff366eab8c72c021f961cf,84.0
056e379e7b68ebed81da9a22a795aafc,84.0
1667c9660e2d8494588daa01cf9e3f86,84.0
b5ea961a84207096ad869de1b301bc22,84.0
7a8a10e8ec473360ccb95041ec69365d,84.0
4cf6d50ca478c8ddc6eed2cd0ef52c95,84.0
80fa776fe16acffbe2108e3dcf9d4dfb,84.0
c88c6060cc61e64275dcc22da352122a,83.99
458f0c44547ae6e5a5f5fba63eaf25e0,83.99
fab4d0e05c214c4baa684e6107d77757,83.99
01e16f5204e8741494af3d5b4c355128,83.99
a917cebae53da0484f3b9e444e8895c8,83.99
460a1052bb04a53c2d748b89ef49f1c5,83.99
b5ded9bf40588418007caa3eec589c6b,83.99
00104a47c29da701ce41ee52077587d9,83.99
dff05c8eceda05173f9124e80e286170,83.99
226a2de9b9feb22a76582963ebcf1e96,83.99
d77fce353ad3d53a6a4fb5bf105d1978,83.99
008598a4ca17eba904c5fed695cb13be,83.99
b4a2eabc4ac6b82d0f3aa2961fc9220b,83.99
b1838d0d4345422a5a30e0d9251694b8,83.99
50c6ca8571f5c06f4e68f6ec3288f1a2,83.99
d256ef21afa8f4a7280825bb2dec1c24,83.99
8712d805700fade0c5aa62b792edcbbd,83.99
062850c890eb64c3bec2243bd551fb8f,83.99
d436890d44092b00fcfcbdd7a168c240,83.98
22263f5c5d6ca2fe997157c56fdf05e8,83.98
63bfda6ad1450c0a87a17ce91d252d76,83.98
54219e2e76f6a2c60768ffad1ef081d6,83.98
e8407e62e92117ad97cb1e74cc036c93,83.97
40224de178a0923de5998a578a19766c,83.97
a44a4a6e7b2c7cc8ae47bcc8bdb3cdd5,83.97
17dce92c99bb749a66103694fe26148e,83.96
276df8efcf9602ecddaa00e349eb79b3,83.95
1c913a67c4f8ef08f6b99b68a1f8d38a,83.94
7e82568d445c615359d582ec7852d3b6,83.94
8af79516f6e41a5dbf47396cf9e60311,83.9
e6c6fda1974d40fccb069484ad249aa8,83.9
b0aaac25cac80dcf398faeb698c0dd27,83.9
3a5e10ad0ad52a6507a0431bc4b4e717,83.9
c5ead19a68ca5b63321e83b4fc7493d1,83.9
4f478a1b6fdf3b0ea05cba4ca2aa473b,83.9
68451b39b1314302c08c65a29f1140fc,83.9
a79fedb5972ba433980364647953bc9f,83.9
663b2f4912cde86eb883a82b848b75ce,83.9
b31b698d14f51b2226b2f5057f7dac85,83.9
070db51ef1d6a1bd858c21b03de83e66,83.9
2026b1c867563bed4845509e3020574e,83.9
de3b172ad4e31e88c3c2b44f3df39a83,83.9
c6b4edcfa5b404de41a84649ae810ab3,83.9
3d9d4319d227b5f465e8a7ccd669b54c,83.9
bc29c3658c31ccba69cbcc370e11e8e2,83.9
93aaeed4e69b8ff70a4a732cee3e0415,83.9
588fe1b8e94c0e3d692b360864bdbf75,83.9
593d5f7d0a37236dc716353a76418345,83.9
d32b49ac4cbe7f35394e35e9fba57a4f,83.9
420621f1b13e83668fc4b8db1e614131,83.9
42cbc801f8d498f3baf61c890d2dcdd7,83.9
031cb9fac5344bf6def68aacea5eafec,83.9
954a6423f0d2b7bea00783fe754b7d09,83.9
683c9c1fe268212d92bf51fa976d136a,83.9
dad1e2ee878086780ede43f04ff07a53,83.9
c0a1f831e9bc121e3d53685f89955059,83.9
a6a9225f3727d32eef717af57c55b680,83.9
a2afcf0ba9863cf87074673aa017ba46,83.9
aa9c4bc7cf8c8f30bb449b7511860ba8,83.9
8c0f9eac2698a33a01f8e7c74a6776ef,83.9
553401fd74b3b623533d44c214a46431,83.9
703d42b3dd0b09b487140c480ea9cf1a,83.9
1ff82333c32e212750019462faf67a86,83.9
5c6b8bfd6f87527b28dd898557640c63,83.9
0a221a23ca36b34f1636bfdd15dc97a2,83.9
7451e9c9b6ef9b4ecd0450d916f06ea8,83.9
03dd937b72927cac2c5915a1b41fe012,83.9
04c29d61a03932febec8dbc323b339da,83.9
acd2729e1d77ccc2761fe33480c72208,83.9
35e6428c10b500bb6f921daee26e88d8,83.9
78ac64f5a8847d149315a3228139aa8c,83.9
d4e42bf2dbba00d9f8b380de725b9d90,83.9
b3e3fe3971fb3b7c1776e69da97eacea,83.9
9143de688296ba2531bed7883a7f31c2,83.9
e0588a026f187e4f6ec5cb1ae92380f6,83.9
7cf011f302f46ab7b5e69b6461b32d8b,83.9
dcdeb065392b1d67adb1f83e671881f0,83.9
10a718c72a2eb69c78ac4e550faffca5,83.9
f5f4bffea16feffa768852f147a1a15f,83.9
4a83a9d842d4d7401b972ecf62e85c1e,83.9
91f6c16b262e52de40dfd085259fd921,83.9
70685ed2b54ea53d14b41a1e7c57b06d,83.9
c24fc4f24d2c6bd64d612774f52d6a97,83.9
a9e6eb3c8110898977bb6781be052f66,83.89
b1a9b79f3f6ad40d676feab24845edb3,83.88
90b07585e5550008799f7bdd3e21905e,83.88
8342b7a301ca4f29668f944239c293bd,83.88
31f10ad47b4cd72f98591b31b0079bab,83.81
b3d4eaa1f3aaae50a2204927d522881b,83.8
02447d437f30e908a881b92fdca09e41,83.8
3e2d140f0acbb3da83a30d59fb0f805c,83.8
1f612df0d03085cac4b2ce8121d8dfd3,83.8
f813294c06241ae2660aa359c74e1d5f,83.8
1aef425f81d7df80fbd462da5aef53f4,83.8
c18b0f796ac8806c72e1596f5c7ff05a,83.8
edd183f39bf413df0f5b156e509a326a,83.8
a969cfdc9bb0e16f785c81a8bbdd28c0,83.8
a9d2cabee2f5635cc509f78b1b48ce47,83.8
c1785b084efcd3e71a83bfa29576dae6,83.8
b1cb2f9d7a19480f3749e248db14d58f,83.8
153a96492a1f15a8991fd4ed761290e9,83.8
0b6b3c11e9adac61ab45c4905a1ae766,83.8
c3653793974511b2f70c95d60b2ebd75,83.8
16121d3a98d220d269b7e7dae429247d,83.8
c8989858ca604ef323b30deed0422d02,83.79
0d5b3bca30f3aa04407711c35f13fe33,83.79
f774bf697b9b702ff9169e23ffb8b3fe,83.79
041c1b581b3d75b637507c4bc0e4905f,83.79
4b4be2256ef77aecee551a7a665a7108,83.7
1d6a94c9fab8ae6c1d3dcdb6d72eb946,83.6
365453ca95d711819fdeb0355eb470e3,83.6
82e75091956ca96dc8d1325295733386,83.56
7d9694032de35cf2f781e1b31b3ac923,83.5
c41bb9b32eecfb353668815360270496,83.5
6b519a4a2137c52eb08972b18e05d090,83.5
120e344115fc96baed2f4250646e8072,83.49
6cce36a98cd5c919be3b11396c802228,83.49
f622c9fe9b9ebbcd0b581ac520929471,83.49
54da822bc6ee174188b34d160c0c0ff8,83.49
4a8507b30ffceff66e4942af64465ad8,83.49
2d90c7d62a912282ac15ea7d3f09a075,83.49
433f70f1d652d249dd045f7922c5169c,83.48
b474f5d2fa522b1ab235ad78afcc17ee,83.41
734d978ad5e614c839d98c85e8e7e7ae,83.41
29e3dd4d4c101e8afb1f84aa611ec130,83.41
7b5b875a0a87ae800cd0230aa35adbc3,83.41
1a4c4062325be87e41a32061714ea625,83.41
68b9181084221650dafccfb866231456,83.39
48ebb06cf56dba9d009230cc751bb195,83.38
6a5a781047744e73847356aa65db1b74,83.36
61b417dee978cb372d39b4664901a10b,83.36
b7b1e834c2314460d8f26402cd95cdd6,83.36
c8e317a22b6d32b49ecad7cc6c08977e,83.36
33d8e7921924c3b75975500363ac32ed,83.36
2c3e8d890d489edbacc814614c3c2543,83.36
51993c208e83ddc0d8bf2423fae35e87,83.36
81ad00659acc734aa6a7eb51a27f93c3,83.36
fa37c71b257f8a67ce2e7018b3aeac32,83.36
f66c21f1e767f8ae02edfe27c592d698,83.36
d1e3996b3411bf78293c7bd70380b2f1,83.3
94766b73d520c1f6d97d480c9bd7900c,83.3
2e8ff3002ea6077d8b4b45f771612d3a,83.3
c877254bc5ca542a2098663f3844ffa6,83.3
93ce9a6cacc23c3350af92246db9ec67,83.3
79512c8103a1200334da323541679999,83.3
f28f26eb918e84f08cc0934f23d08ff1,83.23
adc59391390b3e7f83ce94f8615a555c,83.23
8953cac02ef5531e3b49afc55cc21232,83.23
7f6e0647dfddaccdf6e140f98e0945bd,83.23
3800248c953f6bfec3795d74958647d8,83.16
bdc73fef8fa89e24e2eee9834d05415e,83.0
60e319c699f4ef80e0979447089367e5,83.0
6a8a6f95ac280bdc089cea137074d852,83.0
0b9e85491c194a97516c87f30a93abfa,83.0
edc6cc31523779d9c623c9669740324b,83.0
9b75d329d5d07427875e8443ce939770,83.0
dca14e4b75e3577d07c234a18b657cde,83.0
32b1d8089a0d72d4c54f9617d432ddbd,83.0
3be2ef4ade2e034b28c37f8c996bee27,83.0
a96941aa31727872b3e6b1a5792bf3ea,83.0
8b446468b342f514b8dc401c8041cb6e,83.0
2776b143819749dc8da150f1ce56e8de,82.99
78295153a52585218d93269a83230054,82.99
b6821724e95a5a71d7eeea00d6572f33,82.99
1eea1a72f29237e9df4cf1025d118b04,82.99
1c21c09e8bbdaf078da329d6e85072fb,82.99
6b51e8782a01e0aeb45cd6f0b1cd4681,82.99
a3a5c7b1fffe9ebc5272b53e9b21176b,82.99
6815bf204e3baca2b1b0fa5d285d3c99,82.99
205ba642f3e340996c4feedc39f67c73,82.99
76dd2e33346ff360e5cf6da8211027fd,82.99
b20ee1ec8f27ae29b827b76f230e2a6b,82.99
9670f4d666e901ffcd28269d0096d000,82.99
704435bd61cfb6de6ef8559c90f64aa2,82.99
486ac5f6c418c91aeb7abdc247dab3f7,82.99
528b1ef29a59cf6e1cace49826d69630,82.99
f9c96252874067d98cead6b1f3859c02,82.99
5ec2fed3b20b579b75ee0ff1f110f660,82.99
8694a671c2d494062387f869f450b192,82.99
180bce02235c8b5667752d1a8144f451,82.99
c57928c036644588414e864683ff1da2,82.99
9f1c1125dfe6ebc040a6265c3dc6a8a2,82.99
087472c809af7a09b9cbf42d9938801f,82.99
90022669c773334bc88a7f36e5356c5c,82.99
aed92fd59e0641ff1de13658f611bb16,82.99
7c3842cd24caaa14e2e35e68623aa791,82.99
6c450c326e9c2432c271f7dc45105316,82.99
e5e5ed68f5e3c9e8153910bf408b75d5,82.99
e08ea881292d66c986889e262fe31036,82.99
e08f49e30ad8f0c2a6db4d6fc316c841,82.99
09fce00dbd0b6ac2ed1518c936c26527,82.99
1612f32963e9825da1018976d1c9e8fc,82.99
39c2bfd1f126f175ebb6e37c7069b522,82.99
26d46563156d3bd9dc62fd4d3efd92da,82.99
bc27a4cff9ebcbd421f18a4381bfbe0f,82.99
517da850aa8004540b1a95367cf26cc1,82.99
6688d1aa4df9444ff579176b40840638,82.99
c62da1081c1f87e25a54351bda880be9,82.99
9ea44c6865c92de7f9becf7d035a754c,82.99
ef9e14aab62ac8fd7ba6cafc87e37880,82.99
585a173e6339ccb640d466db50b28325,82.99
a0822e7d4805f4355a0cc53939cd05a7,82.99
de1bf47c6fadd8c028c7834a6ac27a1d,82.99
b290e388438c0fe0e7022df693252827,82.99
b2c4f10709f4cfe1f5a8711de1698d51,82.99
12535a12a38599a1966032a195704ce0,82.99
f98f9e7fb7ce031373a8f438d3c40a7d,82.99
fd888c7ef2b99e3b852ad4360418423e,82.99
34ef2b3671d059284077635cdd76826b,82.99
e300712bbfeb74952732bfb9a54912e5,82.98
c921549d3338d9ae7d718a63a49478a4,82.97
542af0dc5b39bbebba0a49c92bcf9b96,82.95
60ac5710c1bdce2a9a20a7e257137d5e,82.95
ff5357994d94da35b69ee05d44805916,82.95
f0a8aa77e0c61d91b2021d1d63b60e42,82.95
aec875b92e3272ca20c467a9424151d9,82.95
9131a413a15ad07ccf7654611d6436a7,82.95
a7bff776f2bba5d3d056db8e90775dae,82.94
32057ee964e8c08387a897d367b0777d,82.94
5982de3ff1079d1226895b3b7efe1988,82.94
af3915ccaab2ffeb6906e6d27b0a7ba9,82.91
819478282706b05fe0491ca57f315e3d,82.9
d33b250cb9b08d63736d711cad71cc52,82.9
11ad0ff67b7fb20bdddb437c0f60301b,82.9
28739e607ef625b4769236fb10acb1ca,82.9
e6a01189b2ec98944c29bf5b35adc1d0,82.9
35edc4a10a59c8a8224feb8c19a4a864,82.9
3902c3ceae6fd5eb42741d8ea50cd0c1,82.9
d31128d3252c97ef60b824e6d8eb6840,82.9
319e3c9ffdbeda213ed5d491e3166502,82.9
cc7770f5337f37b9cdf0294201826302,82.9
547d6ffb01ccfdcd3987a70bff3746d0,82.9
0fa5a039cd4176f863e789167c679aaf,82.9
fbb9905bfd1a8b623b15dcc1e9d76a33,82.9
13c417132e3c0f321b863c76b766465c,82.9
839300cf49f1e1adabddae574582910d,82.9
752e6b5b69b420a430beecc48889a67d,82.9
d6c42f56690e13e859a8b1f901aa0228,82.9
ee43192c53e487eecaf741cf64dca677,82.9
7633accb101fb669114ec8b7daf22e55,82.9
612c2e9ac0cdc41ded0c67720f8587d0,82.9
ac1f604f3b8002ca9a9c980fb56beb97,82.9
77a93cfc017f4052c2142bee27a12e2c,82.9
2df4741faafcd475e4f033e1c827cb34,82.9
ef36e9fff8f8c311bdb8d8aaaf3c3f0e,82.9
7400e7fb9fde7018d1ae165aaf5c5ca0,82.9
cdb061c59e7ce1676b3246012919cde2,82.9
db6331ea477ade9eb6cef50909c93230,82.9
af5c992666616ec17a25e14834d3e1e6,82.9
7348a806fb57deff7842f83e1a890931,82.9
3e028159ab3495f06edc695510fb350e,82.9
d75ec94339dfd4d525dac0f255ffa695,82.9
23498073f7aa58164d73d99dc9a51e50,82.9
88f1f681f57a72012fea8ef1118d2b26,82.9
55cea14130c28e3aff86b47a695a0f13,82.9
9de7fef5728db3b3dbd095e0533f58e4,82.89
053a441e831f4858b13182fe2671e967,82.89
d71c6edfaf2850bafce5d8a655d34413,82.89
2d2ad21a86347b86b40390702d660410,82.89
0e27a2aeccb3a049d9d3acf1b9561fc3,82.88
a20f368d4aa1abfd95ddf1619a7ad1e4,82.88
eaf9f909ac21d94f5f26666f93b05efb,82.8
4058d823a6156dd8f9a068750310bac5,82.8
3393a81259c166a36b3b965bffbeaece,82.8
eaa68a110b44460454d1c80a686ac16e,82.8
6af1e29253338a787c6edc983c48a78e,82.8
44cf8f1f01554551026ddb45bb29d504,82.8
d3ce540a0fc7b47d22fc5951ccdd8914,82.8
9b6c9edf7a25fc3db18ae72023576d3e,82.8
43cf5c021101b95e957e82e284dc2324,82.8
8ba0d90bb352406b0005d8c54ddb93c6,82.8
9254b2bcbb8cae395cb71104015219e1,82.8
3b66c28f77179c08a558c7c45540b6aa,82.8
c20e655b0eae926e5d247a75d2b694cc,82.8
299506f02772452aeb1f6f1d27b7b0f8,82.8
9cf66f100674f9c49ad1cce8c54545ba,82.8
a5c7faf5cec9b387040c3e5bf4d71925,82.76
93a5b971a6ea00235f3a66a6f1bc7d41,82.69
2b685398c61b72f24fce6c289aa1d810,82.64
e616cea6901a7bb9daed07e9135f4ac9,82.64
b2f309350aa5ab290783442c219a4248,82.59
f2c1deb58ec5364f5d4b8b0c8f78bc88,82.5
92fd2dbb19fd39ea00de6be68a726ea9,82.5
13365c4939099a4a1de84f9cfe06b168,82.5
e70cbe241863e88f29de4bd86a13ec96,82.5
a646acbc1456be6eafd75e04d1368587,82.5
093d8d33d1d80c01f9bae154fc35488b,82.5
f564b984ce7a01925073c4c5494297bd,82.5
0ee5ffdc9a611f0100258012cb35ffef,82.5
c3d3e00eb0741f6662891cb94a986ecc,82.5
c3036aa75fc90c5000fddc9ec49012eb,82.5
8e6103f34c89287ebcbb05d852e8a31c,82.5
965d83ab80a4b9913126a2856bb81e3c,82.5
4865a687f12295ad322d56809c3973bf,82.5
9ec979fd2f55c5949806b0cefd2a5e14,82.49
30c0d1803692aa5d5f70dfb0740175c1,82.49
a34cb9acedf3c08390532e4df4f38ac7,82.49
68e5402f252403e82e5b759009377b08,82.49
41756d493deef8b61c61dd340806f16e,82.49
1da1ddb93496c573aa47b5c21d5107f1,82.49
f1e20e29a707cbf90c52db66704ebc70,82.49
5f33e81a2d06645914734b1be2e05e73,82.49
5019c820100e38e2e46aa80ed4916fea,82.49
64a8756f577e219a3752509a837ce067,82.49
bb70f7ee1e4fe9438e5b2d199afd097f,82.49
9b1890ee72453831390557c7431dc6b8,82.49
eb7974f6e6fc0aa156371c21e1c39873,82.49
28f26ebe1e3c8ec0d7d747fe64957381,82.49
fe52ace3bd289465e2c38b9fc5afdbf1,82.49
a58272d18f96f43db0bdc49b07dab532,82.49
e56decd9a37f6d32ecbf12d3ce1801b1,82.4
d96e32c8a22d9ec0fe5f43b316a2a197,82.28
1e15ee73f855f62f18708ddae10c6fc7,82.17
1e1eb493ebb506c5746599158df96f52,82.0
74a78c83e4b1d9c3e6ab6e59de7437a7,82.0
5b2b1bdafea16367486b3310068895fd,82.0
8d9813443f924294eea9930def4e9d33,82.0
9f01e153c37aecf0d5d90321547740ab,82.0
a8bf87cfcbec9e129b0a2e9c56c2a95a,82.0
b41621582a61faa80d6607700ea04330,82.0
917c477d3c63db7af7578b82bb101559,82.0
4adf3ece7208d2355e78968a8519522b,82.0
34013e6172fdd3af23275163a583bd8f,82.0
59e9e313d8ad315f87096152ca093678,82.0
8648d9faf417d0a1c306053ccfdab0f8,82.0
c2746c0ec6e8b732c9a0f7d6a187cca3,82.0
c73b90e099cd1517cb2d1bb468de9a7a,82.0
54e1a362d386863805db2b1cef80cdd6,82.0
44e721751303c6afc04f9b9c61aeed75,82.0
b970847909a71ab7da63fe4fa663987e,82.0
9c085bb96a09d4c216879ee1d44582d4,82.0
ed12242ad54c1e72af61e6f7faa4ef09,82.0
d6aee123d24e8ebc27de72e3e93a8600,82.0
4bac80629229a5f4df8a9d643c573a7f,82.0
1309815f779a904c76a5e2398c57792f,82.0
24bc8d666b091ed2dc91f10af9987cf9,82.0
4b9fd65d8c6df9b8c9799ca7b0c75cdf,82.0
f9b34051f09f85c1b208ce8cb3cebcc1,82.0
5db15d9a05ec6cd9a4279b8b5f23ede3,82.0
4f2805dc44b7d28dc8085c99c9ad55c9,82.0
1ec264df7a63b93ee299b3e17c356e3b,82.0
c3d53f4a39f61b483aa1746e60a2913e,82.0
ceefe214abad6f6344cc13f232d56529,82.0
8ebf5bb8913b582c4bd7b637c370e03a,82.0
bd77da350a9ea3d6a17d1ae01d8788dd,82.0
5c5cc05bf0bfa425bf49a230db1871fa,82.0
32a999da0202254e1933631170777178,82.0
3a3fc10a053a684ea7b581c82916e794,82.0
98c39fc267125138d4b5a51bd2bb5e63,82.0
512d2f27ff16992be32202def0860e3f,82.0
aa5e341090958e5111abe3ba75bcfe87,82.0
4b8c52be98a993fca3d13a62eca22be2,82.0
6bebac2b80effd654b22673ae0b91570,82.0
a9dcb8164722250daded5f3dbd25891f,82.0
96215fbe32b8d5475f7ba7c4e9593dce,81.99
db861bfc61cb7889ef2bdeb018f5f070,81.99
c4d5a7f1bfb1a15e89c93a2374e2a314,81.99
a62843b08086d1629415a203a7fd419d,81.99
4ada596bb18a812d50553dc2ecdda9c2,81.99
f5471b550eb47981e7b33165df33bd20,81.99
668c72de37d65166a4ef67f66da10504,81.99
600d9b62bf2359d35f0e7ff9af6ba1d4,81.99
b93d757b24d7fe32863f81d69b43f2aa,81.99
0a0a7db3f0b06e9fd2888ebab0f8a694,81.99
2a2c0a13dbcdeecb4ee2242d223aa86f,81.99
be00488d26c4fe225097e1756a6a663e,81.99
5b3d688af33ea2a6e1ccf9a205709a01,81.99
d631f73550ebf21a52d60840d9c1c278,81.99
83e73ddec875e2e8165a939b585b3c2e,81.99
a82ab31ed80aa76d075e466fdbceddb8,81.99
8d448867c298ff9f233763eb683b27fd,81.99
6e083fd989298b1f0d7d3d3d4a3c187a,81.99
192b7be3761bcf4f54e2463ce2266c3d,81.99
c8011a51c0e76239227252d56d877260,81.99
f9835d0178a2ef988d91ea05bc03f16f,81.99
534e49c952f6dc9b644bbe55ffcac0d9,81.99
217413cd63c1f485aef2119fc9968a3a,81.99
2fc5bef746bbb488f889bd4046722e2a,81.99
711727165841f72d9f71976d20653191,81.99
81d302f82bb3b158fba1d63e779461de,81.99
ea29946c5fc530b67866c9cf8bf12aa2,81.99
c495ae8dfa83b158b111fc7b8304f032,81.99
61f669b57bc39cc991807a58ea19b98b,81.99
e05b882ec09f1e536450fdccda7dd023,81.99
f4cdd4fc25b538733574c54d02784e3b,81.99
98e08f2301967f4d4cac5614b75f9a9a,81.98
322491e830e0cc5847544c5315f9fad2,81.98
d9cb8278a776ac48ff885e81a08e93d7,81.98
4b5d6a7f0f2a3aa09b88aed9bbca201a,81.96
bbb1f572f496bed6a095cdc073c45311,81.9
0ce4bb6bb3b70f45dad963f27fa6ce5c,81.9
6cd14b229f3969efc4e799d5a58af63c,81.9
c0b4f1d2d74169ee8f2c4a8f4e2ec429,81.9
4e6cb162e877d11f219e17caca1507d9,81.9
b7e657b12cba6b628653085d819ba8ed,81.9
8195e180531d326cf34077d25743fb3d,81.9
732272e96e63085706cd8920ca92faf7,81.9
8ac1e0b199320f8019b466d9ac6f2a95,81.9
0b0744596a26951c22c400dcf85c6e96,81.9
3d235b435b769714afaf63654eabb942,81.9
d25b3926928d99ea5c87620e6d5b34dc,81.9
33d93708f11200d40ac11a4efab3bbb0,81.9
bc40b6c7a39b5a6a0f551902fd9fba71,81.9
729f3a53386dad2106c9e1dd8727554d,81.9
8fc079be60df7208407f6cad7ba33bdf,81.9
0428dac4668d094df02ce20e705455cb,81.9
6c05f6d7837fc7cbdfe9fdfb3f2ce09d,81.9
4f60b8e950a3f012e9fd35f7bc291803,81.9
684313a21b6b8e984f57771f36d7e03b,81.9
8c82fcad8a2673433cd9d9457bf683d6,81.9
65fa4d77ee3d07d58421d02655d671b3,81.9
82187afcec1f653bd7424ab915194a0a,81.9
f22efcfde958e9cef65281737498de96,81.9
9155e5f5cd64439dedad8c8fe39261e8,81.9
40803048d3a6898a71048ad33d7166de,81.9
1b4e8dc00e2ab9c15e6ed1e4b4bc79af,81.8
b97e4013860297dba48d699f12f91fcb,81.8
f1e78d2897482442795269df65b50a47,81.8
e55ce7b0d217face26f0b2126413a84d,81.8
cfa8d47c9650d5dd13b594b52cfc8491,81.8
baede87c2d2b3c061039482314cd988e,81.8
d9e2f7dbda4a813504550f20e12bcbed,81.7
1cad4a70058245488e56d4faa31717e3,81.66
699c53363f423420e15ad5b424eb584f,81.6
108c2cefbc1052c7ff4d02e7c2051264,81.56
e1915798c4c479ac75abf35afc3dd45e,81.56
6929301c2dd23e9c034837037a2ad189,81.56
ce41bc0c7e8554d1c08797761d12dad9,81.5
c04e51b398eff4fd75a3e7eb519e5638,81.5
2e9b45811263327e120fdd8f4797fad6,81.5
d2563794d28f2db19465352fabc3c910,81.5
296f5301f45389edbfbaf19581acae8d,81.5
a0981276e530beebf5ff726b2fd4ac0a,81.5
a20d3a8c6e4c5995c8c5f242cef23970,81.5
e0a720da8f7baff1febdb14dcea01314,81.5
20b9fa6e5c3b0221bc22277024f4a1fe,81.5
9ac79dbd56c788bdaa3fd33476b5e31e,81.5
22e479a8d9de172048d1dc3e707f53b4,81.5
d990b72223e95b999126c15954cd6fc0,81.5
08898ffe9691f44300322bc3595f6bf1,81.5
ae5471f99c6164664f3227292f7c78b2,81.49
1e41f525df3cf1c0195fae7dec1e2a7b,81.49
8db4bdf985764f1587a5a06107a28d1b,81.49
2c3de6748bde50fc0b92f68dd7c6ade9,81.49
3a1312f3b271aa1bb0c95afc4e1c7144,81.49
69fefa069cdf2bb5dd1201c9bbe8172e,81.49
e4b3b5a0f4830ef7a88e31fee4c7eceb,81.49
6122710afe884cc215271d9c7eb5017c,81.45
441c43a44f8fc8d89a614e806820a548,81.4
d7807626037093a489ab8dd97adca42e,81.4
6bece72376d04aaec6d30e1ae5bf84e7,81.4
4098b5d8a1400003c8cccba5aa9ffdd2,81.4
55b06840682fa5c3ce0401f9b20a7983,81.36
7e2d1c5c7664e386e0ab4166f94e8595,81.35
884e5773f9ec5902aec38d330c7daa7f,81.35
5c9f3097f3aba367342e6237eb0bd9f8,81.25
744c8cf8f12ba49a474983e3bfd71c30,81.25
3cef296eeb5eabb08cf17d1fee573467,81.25
29d8b10c320fc38f43d93ef3d4f68a74,81.25
712b52e705d92710be1e8fd8f1400c86,81.25
3d58bf9be1514f3002aeefccf9746d26,81.2
d723777e75dcf9ef925213374d01b37c,81.2
fc8bd7a118ce62013dc46aecf4bd3be3,81.2
e7b9cb018f3a336331ff2118f6fd5305,81.2
a06b6cb5d7c009502e975ccbf281e0ac,81.18
5600f98136f85ccdbc6f256643fc0b12,81.18
02bcb5c3c7be18d730eb163301b658d3,81.0
53849dfbee2387632eef6ed7f4deb3dc,81.0
77caed296c3dc73d8038279950e7eafc,81.0
fdc6b4e1b72c9caa7ab4a9a5c89ba7ae,81.0
97e5ea711c00ba54392bf866a7d5f1e0,81.0
deffd3aca3c7bd8f03f3777d0239f903,81.0
1b53d5edf59a0c038510fca97c43f127,81.0
18c30412c8d6607acbfcec075960df18,81.0
75801665be2ec6a40a121d7421b64538,81.0
42382073d3ad89dce202e766862bc851,81.0
6104e28eeabc55665817b8897914fbc9,81.0
b87bbd15537c8fdb8f0f37f8f76cbd6b,81.0
13799ef7771b9d92547ba8973addc959,81.0
5622d09ffb63e895aa326b94a2bbef7f,81.0
51b6c0ad67128656b6e4c745c947e6b1,81.0
0eb400f3e6d2f08e70d2ab5af9c203f4,81.0
4105eb02085967932bed76c39d8153a0,81.0
dbebe78b9864f488fad78e9edbfb8bda,81.0
d875d4a36905c7faf94195dd91f1101b,81.0
48034fc850feab344e3a8733abdfd51c,81.0
763608b1f43b27200accdc13c055017e,81.0
862f143bc3949d8503d8e96621b112ac,81.0
19f1fc491b7b350f93bb538f0cd48912,81.0
499c4320641fd7bad9530372ad01098b,81.0
e410246ce491cc1e9594cdbfcf92d1fe,81.0
e1e83e041c51b00e571dc0e877d94848,81.0
6b77feae2a3a39a0b0385e67ff194277,81.0
6b7e649105e4c5388bd8c3c4e9efcff3,81.0
6a53e48626a46a4e383aa94f7587a597,81.0
46c18ff31d8dfbe995b587d9830492f1,81.0
a8c0816a11a05bb71a5676d8ef985931,81.0
85f5620057716466350882996fba5069,80.99
3a1eff19ccfe0ad069ea6ae159b10442,80.99
5425974ca1091055b0c05604f43f711e,80.99
cfc905dc1522428901e88a7fa04d174d,80.99
9c78e560f118b228c2af50f2b5ea547e,80.99
d11fb02f680c3fe3f7b964722ff94a48,80.99
aaaef32968f77212ded9b31318d56dfb,80.99
f91986733d4a59b9fa58b33468548c70,80.99
12e248f83f2e7d0dcf7ab2dd25e3e609,80.99
148dae217fb9d16e644ffc8c9f214432,80.99
f64607d55a643175674d022b56a62d27,80.99
e21944bc1d3f9b04ed504bb6732a3198,80.99
a4cc880564ad5a16d186f1b9e65fb61a,80.99
b0ec3894ce1e2d319363928f8b4649a4,80.98
6c44a903274653cddb1df3bcb05ac71f,80.97
8754b8b9a8d00bcaa22908f3e8079ea5,80.94
48fdce8f3b86a9177f826892cc29b8ec,80.9
19fe071421f0c3e88b95a638f494d4a7,80.9
3ae18fc6a0dc28c2f6d1529288fed153,80.9
4ae3c3806ac6144be98fb9633c78ac10,80.9
bdb9d5db5b15a0ad9863f05918543c48,80.9
22419d01eca598d91376a0f5216ba095,80.9
d31d061fd03b0640264b81e82fd163bd,80.9
3d5558638c7f0b8edb724897e16c8d54,80.9
7420160ba52f4dc16e3fd5dcecf31843,80.9
5846e59bc6fedf6418b9f8bcc74fb06e,80.9
946b7e93d437f40f31318b7c37886e9a,80.9
b7a90f561b18304e3b27a624a291fe5a,80.9
0ffe361717c277fb8ea8c2dfc8f5601c,80.9
764192aa284b3aa660e6c89aa3849511,80.9
8c3ed15dd1d9aca4a40870f31a1e7253,80.8
8f1154600445b412fcea3fb8cc527b5e,80.75
b0de74a8396c6592f2ac3946725ec901,80.7
ebf46ff530343a129926adc1f831dea4,80.7
f764510cc6fd1460d82e0e0f7a460923,80.7
e6305a0a9355e91aad86e234263a41aa,80.66
0117fcfe90f5c0df487c5eb4ae067aff,80.56
bb4f37452ca6a6d24da2acd8ed4dd726,80.5
b6302ec7c7b78367c0f804f88b7b8461,80.5
ee64351d93ed36563eea84500a3f558a,80.5
d9709eaebf11e70a175f179d55b42bae,80.5
e26029bc77a880721394cc291ab5c04f,80.5
fda7538f21af5d94186af6d7395f4d7f,80.5
c66b45c4e7a46b471b18da7f3f7a2e3b,80.49
c6eb22e4e7b7e5b871c06250c3296ef9,80.49
96b2580181dcea8303d598627f26a0f7,80.49
27efe9d1e24b5c1e0b2945b4a86c1dbf,80.49
c69b77c1f493621d22d5197faa4f21ca,80.49
7e99e9b740265fbdbb624fe55328cddd,80.49
c9b80809b3b8f22d3b35d58beebd6408,80.4
1eccf64f71b26ecffec246c562c4dea1,80.4
48577f823aa2ebde3bda0767a3e1b925,80.4
a46d952f745f149d417e3f21fe73a1b4,80.38
2aff06bbc6e2b3edc33b58970d306bf3,80.38
6f40052a8d45f8396c7446d4cea1826f,80.38
c8e45b2e5b92d6bee52f6202d09eb4a1,80.38
e5451dc58f17a2109be360902da779ca,80.38
e085989aa21e36b90469d6940aefe23c,80.36
db6121751fb4132346cdcd62d3761641,80.34
236fd366b700741878a2da34070d3556,80.3
0b3278bf0e5d81dca450bb444e8bc6cf,80.3
2c3e6d34925ae17def03b796b63e8dfe,80.25
29094bc1b31756d584d3c3bb60e5db45,80.1
8f8bb0410866d416640eebf20b05a478,80.1
4ddaddea1ea57c06e540097ca6f6dd41,80.07
2832de5584863f66a54e271f2988811c,80.04
c1f10f7c10670ea8aead66d146e357a8,80.0
9abeef2af5c5ee50b19526deb79ab09d,80.0
1cea0c9e9a40f2a7c264e9fb0629cc32,80.0
496acdbb02ea6a0ee1dfdb9031f7c761,80.0
c1d7be54fee2b8dec4ebd5beea9ad0ae,80.0
cb98a3bff07a4b78b45ad0fe5a17fb1d,80.0
f8d3de89915324398f75b2f37ee7406f,80.0
56dc5cd1f1139873dd8df0c85489ef2c,80.0
2686a83dc8181e558df153bea379e2de,80.0
c3a6861e7c7fdebbb91ca4cb1dbdf7ed,80.0
7897c2b0a7cb0636ec2d75020c14c1a5,80.0
9a7d77512acc59e1d535fad1db9e3f85,80.0
ef663a650737cf78d60a58e37173bad1,80.0
fd8b7f9f197ecb324475321da4d9c75c,80.0
3916988227a640a3c0a13ca4c6aeec4c,80.0
345c52fd455ccfd8077644b600840ad7,80.0
3f2b5d8dc2d1ea6f3fe026509549773f,80.0
37cb0c403b8adef6c53a9d10cb9abcf0,80.0
10b13e89e2eb3812975f1dc3884874de,80.0
e1bdfcb8fc8d84fac9f5486f89620397,80.0
d3129719f3163141d962102dc94f3d1f,80.0
c3a9b4092a2b3529d4391cb11f1c457f,80.0
7b9600a82aefcd6b328f578e8e7a67e8,80.0
a886076b68135034ad8b4b3cfa8efdb0,80.0
83897467c7d8815dab64c0aac7b3a47a,80.0
a7f1b7380cabd2fb2efacd2df11ba224,80.0
78d33365650d124d2b20423fd6527ed8,80.0
49d785f527d4a06134c806ebdf629350,80.0
83e4bbdd6e54fe1a68afb9a644667d4a,80.0
f3058b4aa542dc954401a9e11aada39f,80.0
7e13ad3d6410664e2311bbe3433607bd,80.0
0ad55d83ed9336fc724bcfc6d801dab1,80.0
291717783772f0e6961cb1d303dab54c,80.0
7d72110cefac7bd86151630c0c56be2c,80.0
d37a69de40751a15e695ac5b4d6d45d9,80.0
537b84e67dbd62e82198816b3e41404d,80.0
997f5003c833c402b8b21404f179ed21,80.0
05442d85c4114266feb6a926dacb7580,80.0
29351e4f1fcfd1468cd282296d2e4d72,80.0
ebaf12daa4f5afc9ed0d88daa371f27e,80.0
91c2c887a9279ad257b85a27813d16ce,80.0
2bc33799adeccec1a65fa254bdec653d,80.0
2f8945b7099bc669d7e29cc676ead286,80.0
6cabfb7c68f8f61e3363df84fcdbc2fb,80.0
941928ba996c6599f39b5e4b9f1c1b51,80.0
53d8052fb56568f144410fc5ff6141c5,80.0
db2213c437bec3b7db3bc07b6ea4b35f,80.0
83393704da3eacab2980fb5c41db4fab,80.0
287a1010178492c6625cb4e9e1b11d81,80.0
434bd07e12c6a81c88bbf7e38022d11a,80.0
810c7448c272399111e86f0bd82eebf1,80.0
93056b7f1d5b18183023fecceb1c65d1,80.0
61375a3b2e9b6df142bef5986b176e2a,80.0
4babb868246b861f9f4acb33650d5505,80.0
c2e3af310bc1697927b089ce04f87c6f,80.0
9c31813dad0c6a85c3fc5ae81aadc0fe,80.0
34f95f0bfdae9d74c69ca03c5ef7d652,80.0
fa15e89eb4e9dd71dc106178ecbbeb15,80.0
86bc6bd1900b994ddc27a7c37221e822,80.0
fb132dd66864b65d4d0921eec276e5f3,80.0
51934b734e94e61d8efa4523e175c6c3,80.0
dc1cead92f997743b2af1652866ae92f,80.0
41ec3f2197c435d9c1da89f4da6d6d4b,80.0
f4a6186958b0d272ad9a39b847891a87,80.0
a2cb2bc236e62cf807925d6cecc245c6,80.0
f778aadf83ae85d8364c56f1daf01234,80.0
19187bc9fab7457748d4dc42a9e1c6fe,80.0
08a88979eb310a294b5636de96ea7fe9,80.0
958279c23050d6207d196c3057648f6f,80.0
60a83ed379f5cb395fc861e965f6940e,80.0
bb837c97a08ecdabcf131bfd33098c27,80.0
ccd6a4af78390b7ae560c1cc1cb1a2ff,80.0
ac45e35bf2b9db0b1da073260e0455ff,80.0
75bdb1995f182fee181467a77685336b,80.0
941ee410fbd4f99ec9e47d2067a0417f,80.0
b4ed914db06c9bfc5e7ab07f09a3ee8e,80.0
cdd36e03e9beb7bf2acb965044e3c3a3,80.0
6432b1823d5690f3a703b14533b9c6c7,80.0
9a237694d5e6ec690282d214bab91bf2,80.0
407c1406c14156697eab85bf6bc2aa2e,80.0
a1f1dc35609214187b96314cb20398a2,80.0
f27ae830b105fa0c204da2ef6a3ad0de,80.0
9fff124c067a8e923fbcf6cdea20ea56,80.0
74081feb88afbf611f4bb95713970ca2,80.0
96d9829ca69e8dce63b27175fd729e54,80.0
c8e2333d8f0ccaef016c6b1a1f28c0f5,80.0
f15455349aef0d798e08de51e42959b6,80.0
fde680ede5f8b0a4ebaa0fcd7da97f07,80.0
4f31f3e86acb37ec0ae7101e01917335,80.0
645e4bcb4b050ff31253516e363bf301,80.0
fd7bd57164ba6a5dd0d9e6b9b92a67ec,80.0
e8e810a3ec8dab981ac0cad1fb00312a,80.0
2cb427e402525a74cbec079d7b9be168,80.0
0cba5ae69e1d511fdf214aa4ab92740b,80.0
4970bb6b474c87daaa34c517d06745fd,80.0
0148f71e97a15ed3cf071ea28250eb87,80.0
be62d0b42cb5dd7bccb8d519ec063795,80.0
e0d3183e8ff8cac00ec77df643595074,80.0
a1204b75abcdb9adc1a6017e570438e4,80.0
aa5ab3effa79f3f9d5473b9dad8ce94b,80.0
489697f5f6ecfff59c39098592176df6,80.0
3e64181a017ab86b5d35ad23c3f0ee38,80.0
de221ce174c50cffd28f36e708c95e11,80.0
e0d04bfddd887072500d8f6bec005f79,80.0
83ebc0404ed775bfa7b6a635edb0c08c,80.0
5e5da5412a9c2e535cf46f43cd8d8e4e,80.0
c6a0d9bedb0b91a8a78fcfe6a2512d93,80.0
a2f1815ddf1ff479e2b3698ac4644b7d,80.0
aac634b21f104cc454d3e9c728c92727,80.0
61ffaa693fd37373d7d5e2799cc9c90a,80.0
93f7211c2d0f7213bdc94f51f0d25cd7,80.0
91453e7ca56963be1899bf47df4be342,80.0
2caeba0bfb84725435db827220e9f4ae,80.0
a6a4a92ed2dfb40d31282925d93feebd,80.0
c0af46300ca8b8f6cf17581e808854f4,80.0
ff9f33a3b99d4aecf89c3361baffefae,80.0
cb3d59f26edf3671cb877253c71bb330,80.0
4b0f1543a7439e9abd2078fbefd3f8c3,80.0
b7528f0ddb41ac295dc0cb58459adc46,80.0
210a7c0c901c3122cd7624f479b8b5ae,80.0
0c61300017ebcb3358fe2d7c8578e12c,80.0
e7aa4699c1185ffeb66ec319049b09e1,80.0
ad6c5c2a07bf505e502472afc7fef28f,80.0
b4651b07b70c725722fa9e63230b266c,80.0
c38477a5b6ae3d9b123c14c74e258210,80.0
80988b11269d81589d963ff44080ccca,80.0
21b64276fd9e94d8c4968d95cfc16a70,80.0
ecc8293d894d03bc97a108172b50b10e,80.0
1e46ef7cbf5b8032047691745edf0ded,80.0
cbcbb666f1aef35f6134e291a360a83f,80.0
9b9024a27b845a8b50ef8d1b7ba89ee8,80.0
4af1cf58702f9a59d4e3c02301ae461d,80.0
ca98f9d0b9cd527137b99812c0e0b918,80.0
c2c1acd921ffbfaa638922d1ce015711,80.0
4059656b16a5a2a93e9c0516a81ec52f,80.0
c3004b9514f8871bd714fbede4949b51,80.0
4540228750c81072a5cdc5bdd36f9e5c,80.0
5d3bef65febabb096f61f20bb73f4597,80.0
ea1db785abeb76be99f949bce241eade,80.0
571801f07099892d51d446575f25c857,80.0
28dfc2aca610daa042f70f24daa45874,80.0
623371f16358f7377123a845962af61e,80.0
5e7a903a7e65a88ab2458fb54b667183,80.0
8db300ca65a7fb8ae313ddd24b460e24,80.0
29358874d3323c0216925b21ceb703ea,80.0
1ee3f2411ad5097d580f5d8bbf3cd63f,80.0
a920a916257e1e8ccefc035ddf442b24,80.0
cbff1f00d84d9b3e20f8cee1f84f6dd7,80.0
5d790884ac4eda9070124e96aef4e530,80.0
bdeed2682d24050311eb6f60d75721e5,80.0
bb5d58576b061cb88c8de69676bb7d8a,80.0
85359231f98c7bf671355a8da03f0b0c,80.0
e07b59a7108cd76e53e18fe3748394ee,80.0
2aa1ff5c1969377d2e079814478486e0,80.0
ca879bcfd80ef6944931e896c48798a5,80.0
c1537c6f518d254b6d7060f966b7bcd8,80.0
837f6881094646f992554d6608720572,80.0
0da4c4dfe3d09319f5f1db69f78336fc,80.0
7ac84be99fa92537dc66ed34057ae742,80.0
ad2470a2b3c43797cfc4ddf238ca8929,79.99
62943fca2aa3e99b0f51ad01550e9cfd,79.99
f717deed9559899472e5164bd41fdbfb,79.99
12698ad9da6b62003811594de0ae297e,79.99
dca34bd8bd2a65a5344e000b1c730937,79.99
c0224870897acaf904dd02673ba65263,79.99
96a609f65bb190005427d012320e45cf,79.99
c87464756849e9ae28ff65d899ad809f,79.99
fb87d8e165da802c640c324b05d7d8f3,79.99
f78f9e3b2e5a3060c957bf427cf94485,79.99
c14664a33045c6e540862e871ad7a3e4,79.99
a998e828a104504f72ceb338f92043b6,79.99
51decce3155b475fcf380e6ca4b44725,79.99
5d72529b6ab4493b72ba6a4debce51d5,79.99
1f31410fe9060920ac77faf5ad2e3632,79.99
820f96a3ab9a4eb666f03d086440d610,79.99
5a58fde1e6e61c6b4e9846ba5862bc9d,79.99
48cd18f35946c908ed2a4ee678a054bf,79.99
1dce06e9d27c9c17cce1a77ba6a3335c,79.99
c386ca94c617d6f14d009fd2a1204380,79.99
89404eaaaaa93baa948bbfa66d3a27c9,79.99
22bba22f92a670e60291b231f4f5eacf,79.99
2bb79cf161d645f06386e045f246be2a,79.99
366d9a8f66450c26f90fdc377de05ea3,79.99
b623b283570ddf4563b7e2048ed5e179,79.99
e486763e526dc24abee95cc496d9856b,79.99
86f29a9accefc7429257806c483a33d5,79.99
5d000c4b96c4f8f9db7adf817a7bc2af,79.99
c983354c81954c824fb85f3c667e6d6b,79.99
340dfd9061a94b118456163263515508,79.99
3744f79a9c9def58674b75117758ff27,79.99
54ffc23dec5b15b8867ebb0b119e9ebe,79.99
984cf72312d65695c494a2d60d43857e,79.99
8c02494c18e2b35ac6dc81b110ee4e28,79.99
d12dca16ecd5d626b790f6d85f7c20b2,79.99
eb11a05262d91efd01a058878dffdadc,79.99
2916d07c039abec3c61650db8f0cf02d,79.99
a3255cad9ee6596f7c31004ce0b769df,79.99
2f8e4051dc3472a8595537b2f75b88d1,79.99
ec31fd62f972a172d6321f943ca34bc7,79.99
45a26619ef16991911beca12461d8d0b,79.99
18fbd0029be852aaa358a91a36d25752,79.99
50ca20518ce814665c93ce9b39832c3b,79.99
cb747ff2bbd153974250e103487644e5,79.99
df9fff917a4003e4b5883f0d4156b4df,79.99
310933b9b463e39423744c745b979477,79.99
3b31d1a929da02500930b2d475bcac0c,79.99
881c33e67e834bcd0e7229a37c674c13,79.99
47fe811e453bdad397f5094441004831,79.99
fe6d73ac006153a398439253006e5adc,79.99
560fafcdfba360128c1d7ff8adef1bf7,79.99
7e30f48efd6aa0558efab0c936ec626e,79.99
bff6ec4ae440aab4b8169c34f146da73,79.99
e25ce664a7a85e7ab17848a978b452e0,79.99
b501129c66ed61e8d5cb8e2b67e29e4d,79.99
047c4f9e8ca120c41c8d4a61df722ea2,79.99
70aea4d4d3272d80dae93bb0b54dbe29,79.99
a0a88da4a6858c8d7cc650bbd21949e8,79.99
6de64ef326df82caf572b9f9b164eb48,79.99
e67e1b5e6194408cc53a9ef5f9e3d656,79.99
2be96fca21c76342a10ba5db9b69cede,79.99
2abced1b837101fd4c86138cd670498c,79.99
a5d0163547b674f34ba89d5fea5278eb,79.99
485a077ad2a0a1d77ab724863b2f50fc,79.99
99182e080513861b4cd1c88dae4c020c,79.99
99e291d0698cbe6d49cf14061c4c7eba,79.99
39ee77e2aa7297977cbd1cbc12c912b1,79.99
2f9a21f241a3ccbbfa187ebdfebe4693,79.99
884d810803084b58c977aa975b1f3c33,79.99
3ebd7c64f990c7558321fb5af7a547b9,79.99
11e05e395828a7317f3a8eac9ed1a7ea,79.99
55ae57a8afd95ff914731cd2ff9bccab,79.99
c65cebfe321c38481ddf6a4d46d3e542,79.99
d87f9f36f8fa985c1d0c64981d5e1d7f,79.99
436e76ce9db9ce1615e2d2072ddc8490,79.99
377796a47a051edd1c8974f1d78e0d8b,79.99
6b09f371cf9b4dcdd97fe2e35600b5bc,79.99
6d71caed01ef04dc1f137440a60c1a47,79.99
989724cede76316391eb5c650b59938f,79.99
5fa9b1b199d0f77c57d2c30367b1c153,79.99
040d25956c9d082b572f1482b34630ce,79.99
49408412569c17ef3b50f801de020c3c,79.99
4c53ad7e6017d3edbeb1432f683823f7,79.99
74bebaf46603f9340e3b50c6b086f992,79.99
092389b0ad58d08590243690dc4db793,79.99
d09e527def89057b552584d04e213b96,79.99
a516d10692a7d47e724d6eed02eef99f,79.99
f13331a222ce68b89e8626ecd166b0b1,79.99
32b86a6966300a4fb6b8aac0937b6c02,79.99
f4c3c108453bbf266180bac30e6c3a02,79.99
a0edaa97421af6b1d805a70f13522081,79.99
1de2c9cd88fa2491be39710a830eedc4,79.99
bd40a0612024dd31a8033620fe91ba75,79.99
a5770b59e70395832ca615250e66bda8,79.99
fcaa1b94ff3c102dcab523fec40c1e4d,79.99
80e41f2c55ff25bd7a53ce33e5f799da,79.99
ef1cf638ea4788f89b4d2042d694db3a,79.99
a80a06dc6c8e09869e3d62105a0a53fd,79.99
8334312af31ce890e1662813e392cb9a,79.99
b05bd08872af166cba7eba25b0bfa580,79.99
1635ea91e392131cf6e536903ee0f339,79.99
c576613eac887cc36b7a27e0290f6b81,79.99
91f82b10ee276b5877b6bed27525b58d,79.99
8a46fa344fdeaff9de14ab259778bd5f,79.99
7fba84f2b4ba62e3ba53b7af60618507,79.99
9f57e674f66d1758920393d010d9e969,79.99
b0d296c2459346d50a47ab65ea5ea739,79.99
1fc6b9b7c6e90a06ae0df125df34e37c,79.99
776f08a4e825c406004d9e30e2096d17,79.99
da41a6aa006587987cde84876b62a097,79.99
ac4799a8aa8f7ec9213b489cf941cc2a,79.99
c3200137daa1e3ae4edb993e3818701c,79.99
80f28b0ec74ffaa1da8ac89d35898d0f,79.99
f24d7a432c684bf4e571600c1a8c313a,79.99
692cd0d7d32b4c9824235b5f3f03f68f,79.99
d3049798de0a92c334a345fd314a106f,79.99
36e2bc988f301eee478f9542c39635c2,79.99
4a82327166e6f4e44b9e02aa781b9500,79.99
4d3ef4cfffb8ad4767c199c36a4cfee6,79.99
70760f5ca54f7826fbc14b679eb949bd,79.99
fc27567df87c171a1811d56017c96caf,79.99
92e886206d327b4998f959511fa1c392,79.99
0058153a752ee674162564afb1191d25,79.99
1269b5efc07408e3f56f9179b316fa37,79.99
36cda18e13c9b168f5d9eaabe227dc29,79.99
ec057c0d855f5c15eec672021c9ccd55,79.99
80b6efab04a0273b5065335546f162d6,79.99
1cddf32e75b16d683001b555f0d3914a,79.99
804b12a87e551f74f8d1f0c310eeb15b,79.99
4490fd213fb26eb6d996653707721726,79.99
2bba47464a5490f19511a77f212966d2,79.99
ea9e30e3822837c43013a92d137ec31e,79.99
6b3e353f94d5ae0755ccbddd93faa2a0,79.99
a61a78484bbf3a46b2a83e5583a85667,79.99
efdec3ea6e5812a498878e88c96d160c,79.99
a3347136bb1bbf91baf78c0972e1f3ea,79.99
2f1c9e4e41bede115f482043c0210c82,79.99
dc21eb3a96b071672dbe53873234d108,79.99
e98b07a762a24e72b12e0bf2617eaf4a,79.99
310822f701b4f2b70c6d9843a0065078,79.99
1b56becc60eeb912a3fbd83c000f51bb,79.99
417d2b7edb0314e7f895d7ba3cab60cc,79.99
21fb2ebc5077f72af04e6ead0763eba5,79.99
59733519b6e54c36399d08e9e02b40d8,79.99
4f640c97c9198455b707c9d8a99f334f,79.99
92b470f48f1dc2cd557b6bdb7c74160b,79.99
a7f2c8702670c3daa643060f32eba202,79.99
78bf26d205e36dc287fddbb10e00fcde,79.99
4debaffe51960b42acb6787611c9a20b,79.99
633431e9aedadd76153cb6a8153921c4,79.99
847a65ac1b1b67459d7fe6e1a1af3c83,79.99
db4c18dc639572a181079c0cb47fded4,79.99
ac13e47e53abe1fb27ae12aa343f57a3,79.99
86965bfb868464bac27c29db1419610c,79.99
b4637a197cfe9186fd3fcebc55c596f2,79.99
3c62fe72dab7e6e7234f406487fb3abb,79.99
ab5cf57386da1f9ca72e6d68e511daa1,79.99
00914220fb44a373f667e19ed450e8df,79.99
9c5e881d4f16a4163a6590eb6c34aee0,79.99
1abb57edde8de48e9d6e1c1f3930fb34,79.99
0dd6b4d2aa909dece4da90bc178f1db5,79.99
3dbb2c10191d6da5668f35f0dfe989af,79.99
32ccfd7c658a49028d4be5ba326650e0,79.99
cda1c1832e5cd712bf3a1aaa333514a3,79.99
08f39bb318284f8eca5a32c9e3a15273,79.99
39aa13ed3149df725690f2c998b9a85e,79.99
1a270bd3424ebc7805d5e63c51957e12,79.99
7a0512170b6b35f50a4a604cba1f5ed0,79.99
3e596d8525490f4f775fa272e4f988b1,79.99
c9ac3328fa22ff28d8ec0b1307436d37,79.99
4f6601688da0bd1e6f7d19b8616ae639,79.99
bdb02eddf9e1223ae4fa0cbe08f89cbf,79.99
a9700175e79675ae3aba81e68f9712cf,79.99
737d438cd631428265f911322d7e7f9d,79.99
a21172cfe057efde8adc6efc12a66ae3,79.99
080d8d151b8d056e06594d20a73037ea,79.99
9e285acaf2c6d21722c95b867409b8db,79.99
9cbbf92f4988d72292de43d3b2c613ef,79.99
942e980b77548888b37f7630fb3725eb,79.99
f621630ee96392cbf8826fe3e6f381a4,79.99
ebee626449f5d99c176463605112b09f,79.99
27764b8d1e3c578021cd9c899ffd98df,79.99
5d3a65100724f6a8fc2e56c0af3e1507,79.99
1913fc558212417b4bc2c481af3f0ec9,79.99
48ca574e8c60c5f14ac63cb32a266880,79.99
0683b8e9246bd0ccbb16775291a66147,79.99
7ac184c768bab5786e54dd40a85f390c,79.99
8fee1426502fd108ed8b7cd85280d11f,79.99
f7335df2eeca0716c89a87c5692dea34,79.99
7b6558a31dd47d6fbf4907248792e26c,79.99
13c475ce9e903abde667dce845003c11,79.99
85f6af84a0950fd199880c7c5adf6af7,79.99
ea330b398b2ea97bf0ce6b3d36fa0698,79.99
e2407f57451ea4c3800bac917115ebc8,79.99
41c983dc687ad44bb790cd5840612d3f,79.99
4cbd19ddd6ecabff61817a1dc560ee7d,79.99
637f21cf43b788aa092fed350538f00b,79.99
f7497cdbd74a6992075dc562d0e26068,79.99
749a4b9ff7fd0dfcc08fb248e217e123,79.99
09d3fee85c0b42b394d08b20e7010f66,79.99
4b0d895315b8db8289d92f789ea5fbf8,79.99
bc68a8c3ad1d8efea8a756fdf987638b,79.99
1bcc46352683959810be50c962a27ee2,79.99
7f0aa96805d1c2d2002d0ac60c2ac139,79.99
b8e5f13a17dbba03c377de6deb70c588,79.99
3b408c6d257435c14b05234d711d37c5,79.99
eb31a8edc763589acbb30bcf919d9c91,79.99
067f45ab00b8417ea9d95d1f42f6a41c,79.99
c0fe3da5b46a731f4fcb8b1cefe71333,79.99
894c170e74c27177f6bc460153bf62bc,79.99
7f21886a1b3f4a266355c1b06eceb68b,79.99
db45c5d54c01175b7dbbfb6d533b33b3,79.99
9fab1262bba76fc0c73393a02ffcf3a8,79.99
b495f4cb5075ba6f945da71e64575cc6,79.99
5e00c4a9b6813a22869b75a51b254f18,79.99
d7a8966b2cb356ea3f57064863aec379,79.99
ab3c6485c1de9df6de671f4d04f990da,79.99
254a99b66d18dc590fb0b5e226382afb,79.99
3d0b25a53e5aa536ae355886c606ed5e,79.99
ab75fc05e770d670b6b3224e762e9bc0,79.99
39da6c5a8205b9d89895c6ce353153b4,79.99
0ae2a7fe487a9e59d21a1413570cae2e,79.99
5b7e6de7b89cb911855c83a991097cc1,79.99
aaf6d77cd0756a4e878472c3efc65308,79.99
158500a241d6d6adadbab0da49ed0878,79.99
145739ac2d9523be4e6c15058718fab9,79.99
8979bc6d19e57fce199b1fe679182ab5,79.99
501da9e5d17a0a47149b7c9c6fcfe392,79.99
64614b6f07b27eea08eac0f2c527645a,79.99
ceb4051c6ffa6d84505741c5f96093f0,79.99
ddb57a86c9720a54e2b7394c7112162b,79.99
57bf3690ab469dbd660d94f7e072d4a3,79.99
4cb73f8b4e17408828e23d6797c6b340,79.99
0f377e7c0d721d5644a35bb1665e6499,79.99
5094fd036dab1fcd208f6798e9e0dce1,79.99
0535ae315864cfff5c19849a12720b7f,79.99
3b0ce5cac8c33c35e058549782ec08c0,79.99
05c225ea6a3c4ffe071654a922b0ec72,79.99
d3c91b5f5fcf34f79c9f33ace68885ec,79.99
abd4fba77f31f5efdc766a09851e4da3,79.99
76590fc86395e0ce669099e608aa3432,79.99
981f069de04dace1ddefa6090489cb4a,79.99
7718ccff59ef9aabd38d81d5f14e23ab,79.99
70be873b5ea39f7ceb7bbc4d478c3f31,79.99
91aed284ce3e18b2be4cb2dafc798b51,79.99
947ac03152b213b0b824f7ae6b030499,79.99
0f9fc50c9cc8ee06c5d2445655e4bca0,79.99
37a33f98ef66886bd343022f96f054dd,79.99
260067e704311386301ca2e8a2a67b81,79.99
2060709885cf613153c4632e738c63ad,79.99
72fbf3e6bf841e7d04042b8358883f9e,79.99
45bbf2eff4f2ac65e54fadd264cddd18,79.99
ca8e057b7011f4a2fd41ba32463984e5,79.99
b6b56e9f292d6bee01d74ee5dd2e4b73,79.99
ba45b24196899d79381424d0ca7c7ea6,79.99
1c646053cf63b0b74b593b545d4d87c8,79.99
8bd4a71f026b8b9c1d1cbd23c9b0827c,79.99
cee87c1ba63da17e6d9aded0ec8c6627,79.99
8e348137d8b22267cd8006189ee471cc,79.99
1de54ffbfb658eec45cfc9bd9bfb2917,79.99
b68b9ed711961eefc13abb843a2562ce,79.99
77ab23539f45150a72717fc95ef3e503,79.99
6ca5c385d8c155c371d98c756966498f,79.99
cad7436e0e154e5c25656e550735d7af,79.99
090db52e7c7c0f9133f03da051a4321b,79.99
2dd2a6cc4abcac6d1d49a34171bcfbdc,79.99
d486c1adfb84aecbc44d77cf332b0cd1,79.99
0ceec0034a7684259a13e9be74338683,79.99
aca95283388edd82420431b36ac4812a,79.99
76b409766dcff895c8dcf3f3297baddf,79.99
f079d438f007085c7450888abda83420,79.99
c4ddd9835b9536ea25f0302c98c4dbf1,79.99
fdfc7165e786e2e3cf6bc17dca28d774,79.99
a955b91ca219905e5cbca783a0801f21,79.99
678d20542c7e73359dbe7f13acd6a4f1,79.99
2cb0f505eac7c62a0ae0f0b7506296eb,79.99
73394d273601d0e0e4d2445d854a6e40,79.99
75fdea7e28a52a5290eed66acfd60e07,79.99
0d4f0200088054680a2ab83746fc31c7,79.99
50552ddc834607092d9fa3d5c9fa408b,79.99
dd8f8c5383adfaefb1e09c4e73af40cf,79.99
80c3e1b1c8f720ec46e79b796b128022,79.99
e240b086141e7143ed7055f546b8de19,79.99
3343e9bbe2d5affb95e27a0aa9d22405,79.99
7770ccf71966b4049b6d62d1eb8173ef,79.99
92018ae7f2bc1871f7ec35c24cca37cb,79.99
b82b741535cb05a2dd990dc926db9a17,79.99
7b9b70fdd60cf1e25bd23cc75f3a1743,79.99
9c2ba98b81feb86a71ba30fbc3520f28,79.99
14e6336d457dfae4a1c4f1d201c5bc34,79.99
759bdc8779336011a659a2ce29d3c74c,79.99
0e0ad90f0fe129ed348defc9dd234105,79.99
03d1b22e6c0b53ff1ddc79c33ec96a27,79.99
46b4791a0168d2a222cc9875e1bc398c,79.99
5105fd96cb2705ba6d8b38955cd7e777,79.99
30115ee7a9182b11ce072122a37b6ca4,79.99
1d26d38a56e51a4def7520f3e3ad62e2,79.99
1bf918ef7f7109ab40fce559804b274e,79.99
3c726d68f076146069063ee94233eddc,79.99
4a2d333044ef97b6f65584614e52094b,79.99
ed4d18bb366ea3a34a6d5f5350c3320e,79.99
69ce10abd6955cc99646ae8b9bcd49e1,79.99
4e20d9b32522aa8445bd483c315648af,79.99
febca700fa4661a712a437ba656dffb5,79.99
9a8c1956b613fbde47e7e86171a7d5f9,79.99
ab62508ada9024382f392f57310f8791,79.99
ed2a1af23e7ea93b692e4ce29132445f,79.99
f5139fbec9e544a39f76d337e59fafa3,79.99
62949a19102c82481839ee2318f8d71d,79.99
ed9d6640dca24edb75404fbcbc7aa27c,79.99
edb21a9333f16c165cd1c1d5010cc0cc,79.99
ead3600e85d8eb332081f04815d0f381,79.99
23a1cd84da198975ae1eac2ce6e03b9a,79.99
4f431dee2efccd72a2b5707929dc85bf,79.99
496f0fd97174c54fb601fe2e6d1ec494,79.99
fd97c6b3bee292fe6f661fb73964f786,79.99
bc3d67baa9151394d878ae0c0ca545b7,79.99
37d017dda9c2b37e56166ddeebc44140,79.99
cdd33d0b02c81a178d88dfbc1ed9f0af,79.99
572ea23066532418756ac80538e05de4,79.99
e94d9670c90a1cd07f5d2e6a7d7200a8,79.99
84a720ebd953568e0c7bd02cf01337cb,79.99
3a71c671e598d5c038c5f0ebd94b4fa1,79.99
d49c1a082ca405f38d66150367989c1a,79.99
cbf6ebfd818e7d41ecf09423365f56c1,79.99
9fe9adc0e67dc3577474e2043a3294b6,79.99
ad78c2c23fccddebab62b1bc114bd51b,79.99
d733d35de46ca9b765e1ab0a59285b9e,79.99
007ff1d42a6a44f0e16e18d2d7d5f72e,79.99
1b47e01868a3afb430c5b11dd4a64c19,79.99
cb02cdda09b3d6ab39aadeac191f6094,79.99
b575923ff81f66375580c76ba3d2d53d,79.99
09c6fec25c3ac64f82417e456aa40ef1,79.99
6b2841f584f046ce582a6a12ca0ae051,79.99
4b31d9b572c261b14a4fb3cd1514f8c7,79.99
971a8cc26e2bd7434cced15690653229,79.99
7623e68f8fc6d03858171f8ee5d78ea3,79.99
19256cec9e847b0c1a2922e56fec42a4,79.99
fd1e76e052af29aedd38a2b33af0a316,79.99
06401c6722a944337475e6baed34e4ec,79.99
8d2d88fe2e3f3f685183bd52a8298a24,79.99
4e46d204fdc870530157b2c4923e3312,79.99
19436fb3ff972066d6abf7a2fe66a4c6,79.99
658c489ed3fab537cc7fb43663f90171,79.99
218874412ede29f4f2cf826409ad90aa,79.99
3906fa15ec054091d71e1ab2d6fdb3ee,79.99
c86715dcba3227e77d22ce56b9fe1356,79.99
2df20d16a7c4d40a357959f64b76a7c3,79.99
fd23695e0d517c34af14f966b662f25e,79.99
5ad1822b8f9f79c3b54bcc1346280bcc,79.99
c73ecc81a2b9656931ab898b16b017ea,79.99
29489a43dfe11e906e50b6c9f98faf9e,79.99
0346ede17045f279840b35cecd360d14,79.99
679199777b88ed8041f6cfe369cf722e,79.99
6311aafaf7186f5608e95b78e7f7a7ba,79.99
d8ea22053dd00896b4cfad5718cc2fcd,79.99
0c304fb37832102b8d85acbc63709bb9,79.99
bafa2b1bf446e21ad617511be6078573,79.99
e07317728c676686faedfe41304c7fbd,79.99
0b530e0541b196e2873192ff6cd44dae,79.99
ae0e840cf718fffd1ebcc175caa4c229,79.99
e93ae5839998dc27b7d5150889b9a2a0,79.99
7265fdc420132e4933a419d08a2ad103,79.99
cbb36652aacca97be12943211e867612,79.99
860ff122a98773fc264f13c61c22564f,79.99
a0fcfe55b0364c357c463b955f1539bf,79.99
47f65598c29fdf5ff7560cf8a532b07b,79.99
51937836340c3e832da64c7c6b524f1b,79.99
e5fe86fd6a4057eec6e9d4f7b539f082,79.99
ee9b73e88afb4904ee2322cfc89cf638,79.99
e323284f8ca0cc5bffa175c126763fbb,79.99
a1344b860cab384242be3c0ba0a5e4cd,79.99
10c1529311141c1bce5e8a4d808b2729,79.99
684cbb6356e27fe0120dc00c7a04a210,79.99
2cce95fd71a03d2f6e58f43ceaad06ad,79.99
cce82cf61ff003ab6f98e70e92045614,79.99
eff74417b86c2f9e3aa37b0c1fcbf099,79.99
a8a64714312e18e9a2688e946676653c,79.99
4eec78743d83caef716a0c3d16bfa843,79.99
11c2b07099015f6a90a1793c9863edec,79.99
047bf05a26a10d5fd5f98a37b5ad1848,79.99
bc07e86d2726e37a4ac4284e93f89d51,79.99
8d3734347fd7ca8cb68063adcc1152a4,79.99
1e101e0daffaddce8159d25a8e53f2b2,79.99
53ee287b218a0da1c0b0d15a6017ba25,79.99
8fd43fa8febc018882821f4a7e2d4196,79.99
797e5e1c5bd70efa9f1505dc76b8cd56,79.99
7743a320b133a0703f259bbabadb47cb,79.99
0420b6a1368a5577d96402bec1e4bf1e,79.99
c65dd94e69fd51ea41f87abcc2f1a318,79.99
ffe1eab23bff108bf37c973b05d4e9ba,79.99
0b0681e989c43f272ef233e1a286b2b2,79.99
29c35fc91fc13fb5073c8f30505d860d,79.99
ca741dc70e1b166cd577ba7050158cfa,79.99
61d359e1107b398326e830d479b466de,79.99
e692f60b9b5fbb4b803fe58759387cdc,79.99
7b8965a4cad877c5c7e3a07f7ded23d0,79.99
93b2528f542d60215c2d707a8c1a62fd,79.99
3c2fc3527648a05011233b150c49a3c8,79.99
00e3fdbce18ef97f5b13e1cc27e9dc98,79.99
ae1b6f1b36f47639b665736983884bc6,79.99
9de809b5f4fea7d2cbdd1956eac4d7ae,79.99
84af356c47c30a9754b1a35c0b29868e,79.99
ecbf9f24157e7fe4361b3782010b78ac,79.99
7754b34de4a89802e74462bf76d5ec58,79.99
7ad5a2ceca2e508196ba057b5fef8b19,79.99
338ee842af71339085c560431cfeae52,79.99
c756fb4b7da90c88f12aca1ae75dc1a3,79.99
e4addd97f9029b883e277b56aaa34338,79.99
61642c64e59070cf026efc7c1157722d,79.99
f32ec7decf259ca6b5020bbf07f4bc8c,79.99
17fa8ca4be9ab320869bbb7b3a63dce9,79.99
5b82ff3ca89561e5ad30db98a155caa0,79.99
816158478235fe7cc485d5ef205cb37c,79.99
4fa1cd166fa598be6de80fa84eaade43,79.99
f72803d7329ae3529dd2dff0b97410cb,79.99
4f1a7ec25f48a6726d5c30ecead0b2e0,79.98
1201015f8e5105e1bfb7e9bd75be8523,79.98
ab8cc597748aa43d9e07953a78c5c303,79.98
9e5c0e7ea478666e07bb55d81ea881e6,79.98
7091f759f7cc565b0c2f5456d416fbc7,79.98
c74004aa7d4bf3fff88c56081df5a48e,79.98
bc2b4334acd8e2111cceaa040aa39e99,79.98
c5452f24faa0b6d0febc5ec4ea9e3b13,79.98
4bf085b925c646ce8c6b130fd67438ee,79.98
d65d94358b0f8e89ecdc82e534e28c44,79.98
166051780ab1289739371d60ae85e30a,79.98
d3474a99f9a5637f3e8b70c0cb4304f6,79.98
9ed50d8deab882be4daad281cf37b602,79.98
8a6a65d9a516ea0cb0437634b4202677,79.98
73b498b492637e3ff6343c2c63bb5dd8,79.98
cc9df8c2a0e529acdf561a8528ad5f97,79.98
5decf38298507f43551a5ca799ac67c4,79.98
741fe7c77752d287f9654ebf6564000a,79.98
ae69b22e0c5f6e1327a91c284eb320c4,79.98
cdb762e6b19e9036414a9e5b48b1853e,79.98
3e9e084c1857e375aaaf16a24b3afd17,79.98
5959f73682e3e39e2e1384ec6b77540d,79.98
45bb6f326b5ac217492d09cea88bf4e6,79.98
2fb2352bb92085869dbc2c73f802d07f,79.98
3f4b4c9983562e52391fcf43be759d3a,79.98
7a4bfd73fec5afa8ec305958566cc3c9,79.98
f14d5c39cf968c9f2dfeded06d3e84be,79.98
004440537b68545ca3c341d7279bc4c0,79.98
869c947685e4deaedb87bb36764949be,79.98
a1b3147271766174415e8bed551f9dc1,79.98
a722db6f9a0dc652f3f8b70165707a8c,79.98
81e6dcb18ef7a826576876d2f21756ab,79.98
973b2338ad94b222873a45fcb80b710f,79.98
83f1d8a90b16aa7bbe517f99ff28d090,79.98
b0f787516b9c308d203ea1c61c81b602,79.98
57e1efa13077a20f5043d6f810814fe6,79.98
f8adf4020474a08e2d15151324999e36,79.98
e662478d75f42e6e2d0c280a52e49e6a,79.98
786d0ce7bc428e40238051866052f87f,79.98
126745c81418c66a077ae0d117f5266a,79.98
9e4c6b74c3c86a81e59c2c675b52d238,79.98
5f2f8ba9528293da66c5f14a559cdaa6,79.98
cce2973176e8b8a2ee3379279bcab6fd,79.98
3c77dd4951dba1fe8d9bb591b12abec2,79.98
32995e4cbc0128fbe56e9ee101a31916,79.98
7a3a2727ecdcd4f135729a00eaab9834,79.98
8325d6e7af2f2bfb58cf040729b232dd,79.98
863b6381550660b774a6f43d857d2b0f,79.98
f1a296a5548d9cbc53e17ad8ce77a16a,79.98
c66c3432dff0caa6dc5529cfba3ee00a,79.98
e2ab0674fb331225d8314dc7561f606b,79.98
3fcfab0e565a45accff1282416588060,79.98
cfe0779c3ed7a15946179c36cfcea099,79.98
e6af0f0cc1a12fc8def9faf0d08566f8,79.98
b6512881dd355fcce280ea6f92284193,79.98
324fbcb28c091fcd80fd3d135a898012,79.98
91d2ffeeea8628cb639e91d6a9fbd07c,79.98
9ea2a797c45283fd341f1fc735499d20,79.98
fdf606beec86408df71f59988b4dde00,79.98
5161d5feec98ade754f67746caf8e0c9,79.98
ef8a56cba316f40c236be1799e706e78,79.98
9c112ce3719cf1d699e888a22df38e90,79.98
c2732a928751eaab8cb1e80e6d0a05a1,79.98
e198d9344eb2d92c850249a49d874dbb,79.98
5c0a13726f1fdc75fb023894e1b64590,79.98
1bf4b3c3a54e8b012b4c82741cd3a25b,79.98
adfc29e0c38c693aebe6ca25a7e5d72d,79.98
fdc2ac3f84df51c5e19d183b4a11166c,79.98
8606b2a0ee4bf45d1f8e558fa083dfef,79.98
4b1e20bda0003d900c4360a80836442a,79.97
bd5a39272bd343c4c5bf68c7d25a3b59,79.97
0d143037269090509ae15979eddd8997,79.97
229755021cdd010bc07d4f5b35c78ef6,79.97
165f19edb02b8e3c2c7b4d426ab8a7fc,79.95
bf84807bbb27a050c2bb73587203309c,79.95
df95b7d6f8593ea6ba264820941935ae,79.95
219857d3d1aacbc175d70a283f702ba9,79.95
63a63a3d1eb4b42d80ed149ae626b831,79.95
19a5fcf6936cd424026777aefabdbc3c,79.95
f744e91c00c30f8d6fbf8b82a0903c40,79.95
c79caa525bc43f02c4275a8d3e72a095,79.95
b10fef81c37bf312c22995072ce92021,79.95
dbbdd5da6d15f24d7d00b601170a15c0,79.95
15b374a39d77931baf8a72e73194803c,79.95
c5aa7855884fd94df7d46d99cd88072f,79.95
474b0c4f14f206fa257fefdcb4110013,79.95
75ecf0a14a745e7e70450c3689123cac,79.94
79441b4da42dd98d65a70692692499a2,79.94
3919e68e67f1f09742535d65295914c5,79.94
03dcea146dfc2ccacbc079ee9a669db5,79.9
6f4184a789e441d13698cb3e51a2f4d6,79.9
675e27f6a4dfaf0f608131decc38c806,79.9
036aac46214f6843a9e8e0ca702e335e,79.9
d702c46368d5ae711bef0d3fe11c5e16,79.9
ee2b312e7d5d2985bf0fa8420b0eaf00,79.9
7d8e5933121d2d2447c2ef6a6a45d898,79.9
49a41ab9ecb4a1a085da6626dfaa26b3,79.9
1a8b306bb6065747acf856fd94d1632b,79.9
0a62c127d067624dbf0b5976d07a1d1c,79.9
cefd39a6ff2581a671f4ece797bc6229,79.9
4ad7e384a9915942c0b8bd7eb448b6b3,79.9
642d384dec6ec1959159dd012f83a7ce,79.9
768d73a87af63f0ecc15c2095bb55fcc,79.9
b4e369402f94a6036f05434ba8ac3a21,79.9
9d4f09256e5f25a5524be3683a133cec,79.9
d4a0d0bdf1cc15d65d9ced47cbec5343,79.9
372369c546ecd90999d87565c5400e82,79.9
e9d35eaacfc6537094c57afffde0a75d,79.9
af37bca8ff1fece07b46d92c0ed306af,79.9
de7493ac1a6cbcc74e201b2b082fb08c,79.9
675dd64ce8547c54a6cd06e46d312c2c,79.9
906614004e38a1e922ff033563bfdcf2,79.9
603f7c0d9ae8951348f59a7f8195e29c,79.9
ae08d99064f67ee7565351349be1ddd2,79.9
8db09297f613aa7c953b997e92b750db,79.9
66a4949b286c198a1894aa79014469aa,79.9
fed211da19560ffd876f33622522fe93,79.9
fa348b2fa2c90f9f246a30bbcf0f88e4,79.9
d3df45df0a0ad1b9cb85d24d84ff9b0c,79.9
cdf8cdb2942f8f85dbd0449b7e66798b,79.9
171345b7d45c10d2ff1a8cfc52c163db,79.9
6fafe51f43d9aff93174e020cd452f66,79.9
9ec9404f2b294f5635174b3d7e21c5df,79.9
4879ae50504f6547848e1eba1a89f830,79.9
80242c91ddfa33f978e5ea91a1a053bc,79.9
2bf0b7d39b5ee8eb16853ad8f037c7fe,79.9
cd5d029f3793dce60e4dbac49e2f4cd1,79.9
2bb538d3b5a93ed52b5f504aeb097893,79.9
d68f9c633f9ab44265b54f3792fcbe71,79.9
1bd769ab11ed47fa02eb91e4c56d5344,79.9
ded41dd5d45a3f9b3d2d5bd45d0e9854,79.9
99a9947c5c954fa3ea64dd9114e0f532,79.9
4e1df5678ffe8d046237c2b2dcf5764b,79.9
3e661a73488109b0bc5c9e71427d9939,79.9
cba68d0b18016ae8f86171ff3e3a6036,79.9
551f10aba6594e3e1cb5fc859cd349a2,79.9
799d71e04d62e19195822c0157bfe5a6,79.9
d80cf26503d6c62c4f520e54a88f713b,79.9
d6585a7cc48b6183f11641f735dd3f6e,79.9
c44422babe212ae76af23f84780bde04,79.9
44c6cd0bafac1d001d76ff0ac05f6411,79.9
0b3d0bf8648bf98fecf9551f0ac712ef,79.9
23fddcaf369c3c044927cb9cef494bf1,79.9
09d838e068f004c2f5c06f15e156499e,79.9
146a10f27b7755776c90efe2ef4f51df,79.9
49d3feed347ec8f74aebf675a422a21b,79.9
32c8f809c0e126b86603a26be33d683c,79.9
4a2c271cbbafa1d8e842cb3975693180,79.9
f99d7ce66aba4bf59de3c05ca6561451,79.9
cacd1ada4da83503de8c4fe16484b5c2,79.9
02bfd28debf51f86e1d6ef72c84075bd,79.9
ba9138e8cc38396b456615cdb000d90c,79.9
b5754c1cf001e3e816ba20df67cd667a,79.9
8352b9acd7620d5a82aa132d4772a9ef,79.9
7ae506d2e77e32554f60329f4e2c7166,79.9
2464caf8d97917916e15f334eb33ea42,79.9
56622505c5b8e35701af6c6a4f0d8e9b,79.9
4ec73a195462e949caf053148050c9f6,79.9
88742c42755e79a923cfbb665fd7b320,79.9
042bcdea41b22aa79516d40e4f374ed8,79.9
8f5fedc7ca7d912c79405b85f9d9299b,79.9
52f0992e20b8f1c4b113d00df8fd9d93,79.9
98b98ecd947a56dd51028c1d56ce0a95,79.9
8cd4d92ecfafea827568bcc959b5816a,79.9
8832ae080f1e1dc87ec053ebbd6c3675,79.9
9f8b2ccda5f9f90478038be84bb1ce22,79.9
b383a778278d061c8b275a611c26ca8a,79.9
7b33c58fc681f57e0b77b61f268771ff,79.9
e1c2d716039d0df723bcd9e375267b9e,79.9
139490b2445621f453fbd24447107581,79.9
78b62d86956ff92fb90758963d061c6b,79.9
2a146eb24a089c268ea7e15efb9ea6cd,79.9
61e7fea855ebbbcadce7dcd3a551aff3,79.9
075789f68b60edaacdb682ed2df93dbd,79.9
8345586f08b3fede926a66b367857e3e,79.9
75b29daf32c9b550b77a836d3223959c,79.9
3e89ec8c985e880a86ec677401c68e51,79.9
6621c2be563f141fe46a3c6bfe501fa2,79.9
f04581c79df64e4152c87007e29da2f4,79.9
fccae75f93f9d98d7be1e1c36a0820a7,79.9
59d3236fcc52eecc14c7f6389c15ea23,79.9
fdfac5d8c7e14d8fc236256a33b5f519,79.9
9c0b479752d281591ff3ae138fe39b57,79.9
a99c04ca7784d8b85d7b602f69105f1c,79.9
df26ca4971ed6b416836e89a20d4fe13,79.9
11a5ff795f329ad5bed0b30756f00cbf,79.9
d52952f17a55695f6713b15d38c9af52,79.9
9f93e34fc4074a28a2f91f0c7a4c5e17,79.9
2aadb729e67afb7067245bc438cdde52,79.9
911ddd6a22200fb5be95414c01dbab72,79.9
0574cae13bbc7aa1bf0ea2f16ebc138f,79.9
4347e946a0dfe19aaa1490ef58367be6,79.9
a400ff8a1b6512b2d1f9fcdaf5e222a6,79.9
43a8dd27afa9968b13e68053a4160e4d,79.9
d0f1e9e852ef9b1099b6dd3c25027d55,79.9
e77769a80e34cd27d3a09f5a2b095857,79.9
fa59e3b76be4ec3ab0fa05000e7bf6c2,79.9
2969538afaaa23e75f428b2d8f21f526,79.9
8e5583107dab3fcc2a648fc223243821,79.9
c40d73f46a20b9b5387bb02c800636df,79.9
49f09bb936129236bb452d7dce227c7b,79.9
fc1533d533d97f6b04f4eefcbc1868b5,79.9
0d36ee8d591aef32f7955493243b4a41,79.9
fe02f24a98d55a2d3ff3a1f65aa3127e,79.9
387752a856ae611e11987f531cf59966,79.9
5d5c01406d9cfb3a832953eb651bcefa,79.9
278cdcc821349ff6f7adaa126b4e8e8e,79.9
715a4bb1f449f0b1594f8619a155d81f,79.9
358be33e0da76b214b9504d0ca78c556,79.9
a6ca4afebc562b754b8736ff2d5adf52,79.9
6fc7977f7a1c3cfe277eb0db5e7a17e8,79.9
fabefdcffb5a0ee7e20d81f3e24785e9,79.9
294e8fb2739c1d6a392ac5ed4f8d6aa3,79.9
f87e7eafa193599180f8b7006aa01e51,79.9
7ca7b39b4d4978ef0a4709d4fd022801,79.9
beecde6eb4cee2e570e0896ac6c8c611,79.9
47c13b7b660f139c663f025db04ab57c,79.9
0c90ee6ea682be0cd52f9d9513056ac7,79.9
229eb8c50472861a34583e5d68fd3bbd,79.9
efcff0dedc5aad0606ae815bbb9ccad7,79.9
5d1bbf55dbbe7811fc7d591f636263b9,79.9
c7b7916c136129f52f612c5ea89c4526,79.9
7110ad84c08dbbcd73eb4164e2eb988d,79.9
e83a13032ee9a7d92efb60045ec1a346,79.9
6a8bbb42fd8059e4d2a11fb04c09a125,79.9
7fb2d32f0365313c45a849d85cec8702,79.9
02e5c40ec97aefc28340fa9702651e21,79.9
e3f74d4cbb4beec5b8b77095cd256b99,79.9
47f687f5e1072172dab1fa3bab5ec5fb,79.9
bfe17773cfe3db3ebf4658c3367ebc22,79.9
c8173a3b6ff4af2ee9518742726055b6,79.9
0e9832988bc93080e7b8ce36707b3bd1,79.9
b6fe463c461a6e4fe0cb1f23527efe53,79.9
fbf502ace030c7721fa678317d2567a0,79.9
da435b6ace9cf6de3283647e2c33518e,79.9
3c04c0de489eb51603854b55d0e60264,79.9
7992bf55255b4be39d582eadce86b18a,79.9
2f34631e6bf18b22701d79a367cb23fa,79.9
8aec5021898b1bd97420ae1782ce30c6,79.9
77b0eb29cae47c657b29c3d0dcb84086,79.9
7f8390bb894afc2fcf160888c1a418bd,79.9
d1dbb00932fd17771d25a90c9f3feedf,79.9
dc785164d7124591a6e0088fb6c62f61,79.9
f69122629f3b9eefba47cc225aca93ec,79.9
b85f2270139232cc85954282a4626dab,79.9
5b6887e0de5e1e295dd2bab123641596,79.9
dd846ed066a933c640205ff9258cbc73,79.9
237098a64674ae89babdc426746260fc,79.9
9593bae47dfc03aa5a1f85dbcf03943a,79.9
6a558f0fd01f63ca6888b774514772b0,79.9
cb147aba8e26b9511a5645054b5ecb52,79.9
e82808bc00d7a537dd141d2979b9398f,79.9
aef5406f71a6a3b4d5b5e14c8f2c6a5a,79.9
b42d691b31fef205f05f2c19897f5bbe,79.9
e3b811c775c529afa4bcffcad0a28c40,79.9
2dbb8beaee5122cd247ae28b0caa47c1,79.9
a0321a8ae1027f1f4740410953baf258,79.9
35778d54b4d1b7f04ad2de2aa694f93c,79.9
ff129bcf7cbcc3fedc69f441c0db6090,79.9
10a8647af4266423ee2e0e4ad5bed737,79.9
814d58f5b1b9829ab9a1d690b13dba62,79.9
334d2f3da18803bd68cdf58a72f93d65,79.9
fc04cbc6a598681d02b85ad190f1aec2,79.9
ac5677a03f0321d6d2b90779c5388987,79.9
77d26bcf98f1185febc59b7a80a13a2d,79.9
2c5a9bc89fc2aa27aa2f47a451840a0a,79.9
9cc61c2f285df20ce83ab844fd62df80,79.9
fb53b449e82b537c318a3a742ef82dad,79.9
1133179ed0c10dfa70681cef16b90b52,79.9
2cb4d66bf2f62a5cd981b4960c1afbea,79.9
2b4d7fd64cc2e0e288f40151855a1dd9,79.9
4b75343db338e4baf91d2307ed18232a,79.9
62d50e9a714ac024c196d9548594e2aa,79.9
edd71e80f9c64855b4f813b59b3fdef2,79.9
5f0099134079adfe14d1df3d8ecc57ae,79.9
7c60f7001195e887da64333e50289a4a,79.9
abcbd85506e144160bee308811967a35,79.9
d9ae100eb9db1a0209ec7bdb182e743e,79.9
24dcda920a2f70b4ee8cd24fbf13043b,79.9
d7492c2b1d4bcba6c2c8cfd6a25ef8c2,79.9
baf810e5901cec50dce627826c967620,79.9
2de62acac88898f922153c0c90bde026,79.9
6c159355cf46af35ee0afdefd08259f8,79.9
1c79e6c28df5dbb32fb4b484b0ae350b,79.9
7724807e7bfda007bee09c6418cce533,79.9
ae9fe2dbdd1123d0a5e3df14db6ef985,79.9
0f655d5748dc588ce7b67646cd32fc34,79.9
d8788d5ff361dfdfbd6b4a73eae1be87,79.9
7021e26073056995e09bf03c66ad5fd8,79.9
c6bc93376073354fceb3e603bcd50c79,79.9
871b9c40a3cf08219e272fe43666f18e,79.9
4a4b708ae01ec6ef1344971eb80a1a65,79.9
ca14bb60dd25b45476d1df73dcd4d2f9,79.9
c4ea73d6d19fee5568c98ff9ac70ee14,79.9
8fdac518e736eec059a03fe727efd580,79.9
19034dfcf5b62c5348199a6a6734e6df,79.9
b73a5a6d0d5c5df177499c0a40ad18dc,79.9
fc13b8bee7302ebebe10949e338c3bc4,79.9
874334459e24e6ddfa3a326253f9f327,79.9
487df359a91ee5a1c93455089b03dad5,79.9
9d152916f0320da486a98c2231599a4d,79.9
365adfcd960eaab19ba5e79e34d30b03,79.9
54224cb0ac10a018b2dbc51d4a8d89f5,79.9
522d542f869e1cd1db0df769db11b761,79.9
cd97862fed4c0d77b4e231f842935a99,79.9
63fc3cc680cfe86e7325de3069d53cbb,79.9
ed340a6ffcb1840c39a8fd0e2315ca96,79.9
89ff5bcd44ddd10ae61646d875620226,79.9
e3f99c719b14b43fd286740c5d8a7171,79.9
fc2a209aa31f3e9d4df7bdb03137b67a,79.9
5bad07c53c54680af75b95f32498278b,79.9
e3bd119a858d7097bc999228b3796753,79.9
92ac000d2f928f22b64ae50dc34f652f,79.9
42c45216092625f6735c0499e3e75f07,79.9
f8cf50e24d75a7eade3ea68116320282,79.9
fafb088f52611a7af479495f14d95aba,79.9
50a2bbfdc15bf77a19b7e096c8eadbcb,79.9
4db17e1523f559bb079fece8257b5c2a,79.9
bcde4a90c6095d70bfc2085e755383cc,79.9
7c3f9afa43e2d3a66ee68b8d41bc3bb2,79.9
d19f5d4c827148a50249b4d6f0e8d368,79.9
ee3dd978021aef55ba8a583afd608049,79.9
da5a76cb142d1caffc89b063aa35d07b,79.9
c15fab5c4434b79b5646efd43c6e4cde,79.9
dc75c759d2f158676e6d90bb661bf42b,79.9
3323889cb43c9118f4e5efa137361505,79.9
b687a3b5ea8f2388fb88ff386bf9bec4,79.9
b0679aa1778eff69e006fb323de25f22,79.9
4fff8a3a48dc8d24921a70e133e4e411,79.9
f81ad3596e26b5953d779b463edd3906,79.9
277e8bb3836a89ad1faeea043e048e79,79.9
9724138625176890a8c168fac8ca3608,79.9
98df3101937a591f561c473bccf61168,79.9
c33166e65d7f6c5d21dc3ee1afa2aea0,79.9
ab48b355cc77d8be6dfc61af3f902937,79.9
1e268ea1079d8a0eb6f8d22bb522534b,79.9
3618140a65c08f961619ac9054eb2ac2,79.9
cc8c14ab3bb1daeaf0f28c9523dbd29f,79.9
bc088899d0ff99a04ac52d4be2265f92,79.9
b6048e6d3f4fdae4ae62eeb17e2950a1,79.9
6d8bfcc347e45c98bffc86c5f798ad85,79.9
c68ef50ab50bcd3641328ffe3f745771,79.9
77e155485a013b9fa61ac6b8305c4882,79.9
97fccdf522527505c5002c22c5a0b720,79.9
4106ddef0ac33e5a0e3143456ac5f16c,79.9
c7a7c4075f96326be4f51c96c534fc39,79.9
de9df191bcb2cf694a14fc9fab237b4f,79.9
d25c28e2e418a2f688e8e17130b29b49,79.9
f8df2382fa1d0fd8c3b44994f3dc2ea3,79.9
b315622e6aa6f42dadc791504ffb88d2,79.9
5775b7b3418e77dcd619b9a0214cf265,79.9
75b4566b8f4d45ada46ff30440e814d2,79.9
74d81e243faed576ff50c5428e8cdbaf,79.9
25456ee3b0cf84658015e46686025224,79.9
7061d2e62a73ce636ed693a6a3acb65f,79.9
3e3fa4f86f34eef3b2eb0211c5657bf6,79.9
0342d5b49f9d170b94f0beb69838ed2d,79.9
64e63ced9363b9c6db11a74b66cdf47b,79.9
e4b6894569fe68e586b02fd831c98f66,79.9
a5129a7fe7dfdade527c8787705421e5,79.9
90db040f420ea2c7fffed065f53dd1f6,79.9
fbb704b2c1a3373c27c8a59d7d0d45f5,79.9
fb207c2acbbfce1b72734a98756e49ce,79.9
fb3467703a7b1026596f80b0a2c6da5b,79.9
9567b213dce8ca5f537da23f29cc2de4,79.9
89942dc468e3a820f4395a98761fdf3a,79.9
b1f193c9d9d90a526c2fb29a0f8e1469,79.9
a1275b13c8e2854c82b56a3264a9bc92,79.9
7a704fc433bd27f103e167b4898c831d,79.9
da44b6af8b732fcd253a4dcc4afb1e7a,79.9
aa9795e8b1f3047d51b386ad8a0cf1f2,79.9
610723ccf893b7420a52056e8d460113,79.9
dfde4831d648dd3f56cdb221ef844e3b,79.9
daa2f1f018a0e1cd2ced2d84ac489880,79.9
7c029959cc691fbe5dba3ce8eee98d14,79.9
abad8dba5de22702ed59246b0f2455b7,79.9
01d53422b075158678043b0c49b83d66,79.9
f90aaea7d2f604616c2f3cf4af915d7b,79.9
d1bfcf16e4d5966d1892538e5b3d7c1d,79.9
99291abf619e4c6b0d633ba7ba55caad,79.9
091fea6ad6eea188d7ef495b8b0a3551,79.9
8f94ce3dcd293ee4ec6135cd00220016,79.9
bf3fe3fcb5a3a2011b25e26f0fe62192,79.9
40b3dfbf520c45c6107a0d749c13855d,79.9
f66493b3020e1a19ee2b9cea6765c871,79.9
8c4630c4405c6b83c913ab4406132a08,79.9
5297ee74ebc6c60b203e91782c3205d1,79.9
9c312b701ef906a78d378491baecbdfc,79.9
5612114672ad64e961d09613b8f196e5,79.9
d3c66ed711b20dae6b22d583674f1e00,79.9
ae3cdeaf540be9f8c1be897ef4ba3998,79.9
2a39071dde4051dd748fc79b21d6139b,79.9
925055020d3da2a5a903a5c08e0accd9,79.9
d8d046fd90e2f29cc28ce93796173e3b,79.9
34b0bd805c03ac6e12797c098d6258ea,79.9
941913272005809a002595532d5ecc41,79.9
732fecf2db4d419a69a38f2763246dc4,79.9
088cf7b06af8d510c1280cc95ec3754b,79.9
3e4be3176a580becb5d751cf0f409c31,79.9
53859b5bd7c22aaae15b7482acfa1bc8,79.9
c4d87c0bf30269d2d7b6f5ab886b1fee,79.9
e67261dd807f298949d63fa4b1262eb8,79.9
44b90241722cab2d72afcccb730cf95c,79.9
23647526d326c88c24aae4523594b0d9,79.9
18e2a2c493be2d04def97dfc2e041b4f,79.9
b698dd2f2e777032c13190334b683b0f,79.9
2dc86eb45d955da9a9afa6f431ac00f4,79.9
3f99de115ff9a48f00eccbcbfab35fce,79.9
b9c32ffb4932ea3b8ee7c7ccf6a1c55c,79.9
0f17aef5c49d1678d6f765d3e1641067,79.9
756e1eb5969f08ae7f463ea02e8b5587,79.9
93c25770ff52717c14a54f59222a23f4,79.9
3fb83e207757e8f15ff70d937c86929b,79.9
b78865983d067a2d249b151a74ce1b80,79.9
97b0dc8fcaf85c48c61c57543aa3af99,79.9
be8bdf1e52f69c9b1759f5b44cfb44f3,79.9
d624b24bc49f1d1564ae65d2bc15d1fd,79.9
42fb1d5face0f66d488aa7b934bb6e2b,79.9
2e2a12a844ce176824840037f43a37ad,79.9
7202f447b2ce41c395dffa31dfbe4351,79.9
40496dcef249e615acf6dce37be1371e,79.9
cf49ace1e2e9a0f9eebb6377d93f5b53,79.9
16547cc187e249ef13e8fea3ee0b2c08,79.9
1543031602e4e5435036f20a7dcd37a7,79.9
28b41c7b6f3d16d027bfea553f86c827,79.9
b7e1c2f6ff7a227420c6c2ea91d6ceac,79.9
2da05c3c0a1de5629620beb7fb726e15,79.9
ea1cf488496888420bb499ec65e8349e,79.9
578d1924371af5bd50a63c3530017b8c,79.9
15f01f6f68d778e5adcafe2216db0945,79.9
741a12b94b48a426f2cbd87b83a62c29,79.9
3b9470ed68cc82d8fdaaf97d552e8fd2,79.9
49486aba6317107740a2b48f3b175671,79.9
0d7632a160295b6f335a091a24a15cca,79.9
507d1024879edd1c023eaad3cc4392fc,79.9
b35da35b3a7da8608a3e16edae62ed5a,79.9
cb726dee17ab5dae5abc420d80087d3f,79.9
ac26a19a99cb619d52447caa2c8b6a09,79.9
05ecb5fcafedf08e2eff99a170b9b3c8,79.9
eb48ab464500f361c68e031087e573cd,79.9
96c181fc9a7e358776d60521b3ccdc22,79.9
1124aa987445b3d3f42412a375522a89,79.9
fb8ce23b2809c1804941ae306cba5ae4,79.9
a8c58a2803895dbfa679c57766ad69c4,79.9
e41df38e44405433beb499b662d899e9,79.9
01c21b9e3aaa1a629149d34fe682ce0f,79.9
113ac78cf3c9c006adbfc3b051eead92,79.9
1bb8a6a63536e49d6f1a9fd8fffbe4a7,79.9
f7d23b42541edac2c5ec83a6c7baabf0,79.9
bfe8e93ab568d3ccc2adcdfc1f547514,79.9
b1778311ca1da06bd07eae33928c7dda,79.9
0a3ece42f8e175de4bf4776a4955d61e,79.9
5869e7e39f8126838d6f76ddea5d193e,79.9
9872c59c7d334fd71354134a7a4bf00f,79.9
ff3fb57f76210bacea765b1f7d8876ad,79.9
b66217448555073a1804c56d701fa4e1,79.9
428ce83b5723026d8b5a9e96a91c6127,79.9
bd8382ccd7a7cc07a7b4000fde126517,79.9
fc994762aef90ce03ebbd762f8097fa4,79.9
33859246ea7a0167422de9864bdd65b7,79.9
3923d75ad6b037d2ffa205f54a1fa392,79.9
417b3de6d7ba51583c7d1d9be3e002ff,79.9
9af9b372722698b16172ddf27eacab34,79.9
9242a97b0df4424530fff3d3ce4e298e,79.9
b0e95b319d7fc39e30be8edda9de0054,79.9
2d2037b93b52f5a7ac9e286e8bd69d15,79.9
925ec3754a8d9564f2c424924db3a937,79.9
3453409eaefe9c73d2d8fbdc03b97406,79.9
d325c94c9291ed4d4eff97bc40981b6a,79.9
7fb48eba2763ac51b79391d0636a7c92,79.9
4607b5869fcea2fc6ffa85f57322cf8c,79.9
1942836c2cf756f6ce519e15b8623d27,79.9
a3ad36a86128c48a3b16bf2d47fc111c,79.9
cda14d3d288eb8e572f473dac6f879c6,79.9
3c00b418224c7d87dc77761bfd76a327,79.9
52dc0499c97e797e32c0ad648f5022ac,79.9
b6e1c70884a3b3b65b12e82803ce16c4,79.9
2abf58739c3d54ee365a1e45045d593e,79.9
1a3f26c6b49cb0170586ddce31301c78,79.9
2572b5cd6ac919dcdc36995abb0ac41a,79.9
6c25309593351b489bdf6acb8e186375,79.9
0fc2ab06aaf44c9f55ed4d64a4c8054b,79.9
fbf29fba017084f9a57312200a9aba57,79.9
9ea4d3a8771532818add28222e15192a,79.9
ff707e35417fa22a89eab6549e33ea5b,79.9
70061eaa82d2b6fff7834940e5dfb6a2,79.9
a564fe760f592c19109251bee1a54b98,79.9
8554e010542e6c6e1764aa22d5d5b3b6,79.9
e7ebbd0d2040c613833b41293f81ca8f,79.9
e8ebbc2a8acc77cf4a5f8f496ddca8d7,79.9
d664e47f8c211a8dfd59924bc6256834,79.9
c22bfdfb53e8b78e4e8f250920aaeabc,79.9
a43fb0ea4c44e0767ef51bfbb689fc51,79.9
c1ffb8e28f7ca17cd219ed70abf2d62a,79.9
d22a7c815670fdbfdf82f5d0ce5992f4,79.9
8100182ef5153393aaa0b0ee5e7c0fb7,79.9
3cea18522d4d87f0397edbbbc5ce28e0,79.9
f50ad8aad42ad296a4604a07de96b236,79.9
3fd8f9ee763daa9b036f7263fb64c685,79.9
22eb58040e81aadaab163fe50e1231b1,79.9
fba40866bbdb9966b507e565aba87490,79.9
57189c2571937e9f5bc62d0d7045fca6,79.9
13506b60f881b8e29029ce92283dd398,79.9
a2a33693165276b5e7e5ddb42a1d0c40,79.9
8ab265b68e45adf3a9d8e7fd0df8815d,79.9
23451e6d4d21c9cdcfa7677e95ac53d8,79.9
1762d969fa7c868c95decf19211d08af,79.9
598d3839f11db213a5be6bcb757bc3bc,79.9
5563bcd137c276544c67d76ee55b0a1d,79.9
9451c114dd645e53368c1e7c538b31f1,79.9
8f6c75c93f78947bf1bfa93beadacf15,79.9
bc1955f5c2a40ba7940812bb290c6efc,79.9
17b0a5b70ea69cbaa9623c8946d85bc2,79.9
d5b12b50bd73a2202321b2b094b80344,79.9
07268a96fa4f3812925fa07de7cc3c73,79.9
992527e4a6e623c4756e60b7b17b1cfc,79.9
f12c3ed51e54cde5e656b7521495af82,79.9
3b0bdac23bbb55e39e39ba7299887cff,79.9
8972d1a383b106ab12f2a93f527e4d9f,79.9
e4189070d8fcd5b35adf9af96e225b2c,79.9
f7a749df526f395b70ca5590213ef24f,79.9
2bb4d542c35b4626635b8a771d9fa047,79.9
3bd20660108e168d60e24b450d49cdfc,79.9
f4656b824844a039a87fd9c51ad3586a,79.9
75891b0625d2cb397891c4497d7dfffa,79.9
a2591f825643f634e74804d71261369c,79.9
6e54ca6eaff27c22c1380cfcba213e7b,79.9
df009a16622ec931a13b2020e6e5a965,79.9
ba374a502cf67129ee00fd91ecd6f77f,79.9
ac8d05674efe12528f6d96c507aac3bc,79.9
a992e6c27f495b4f069589d84ef4959f,79.9
6aa762e5f01eb065661799c936a23487,79.9
bbe9ac5f763035eac1cd266700e17d7a,79.9
f217fb5fdfaf6ecb61bac6b6b5bbd3c7,79.9
12cc3483aa642a0bec778f15ed0b2738,79.9
8d3d4426138644f3d53a357d2c197a5b,79.9
bb0035159eb7f8b3caa5285dfd1eb1a5,79.9
77b4e2a15303756cc2a3b4a5d2dd3460,79.9
dfd302718038530187da374f795960a5,79.9
c29b0e9ba74c0fca0189b1b68436daf1,79.9
ce615a5a4fa08c571a77c268f87bf041,79.9
a545c778a3d0469c10cea590d117e9fa,79.9
61523d11d253c053d2567669b8e761d6,79.9
28e38ef5bed60776f44498addfcd8b9a,79.9
270707bf3e3bdd048a46f53ec68a6a67,79.9
05f55bda9372fe11109aaab2c157b57e,79.9
a7795c853b5a40237ab7e5088e984d9c,79.9
cc1163f317a3e7873fd6917b5b27ebd1,79.9
dfff11eb1f2637f31e8182cc82586b85,79.9
f877c7eb2c7e846ff91c60a8df56218d,79.9
8ecdd3e8d4b793349e6ef9b9b9cfcba2,79.9
e8ab8f389636432382f031e90d3606bb,79.9
157f0a9bacdeeeaa17cd314caad9e729,79.9
d91334c0843c16865902f1eb2356811e,79.9
8f056c120647ff44d360ba69b0619898,79.9
da55d95490988ce417fbf234ed9119bb,79.9
2fa2ceab7ce768b8a12761aad46f935a,79.9
8a0dace88e77177a26f71af2fd395f89,79.9
2a0ae78342ed766c8dfd9f7b09e300d5,79.9
bed634711aadd752f21d3bd8b2dcd9c1,79.9
a8d7ec51a5bea284fa021ca02a441b03,79.9
6d54b2b3ee38a0af088d05f349aa9afc,79.9
cbfe773accbd474bcd87443dcdf49416,79.9
2c0509f68bb1ee9b27cb1786a9512d85,79.9
3b37c1430b7f3a7e75ab75398969d054,79.9
5413211ad71ba3439017598fd9397d62,79.9
0b0ad226258e0b3560d3801a83094f8b,79.9
757c2dd6ddfe021260303dea1b58b33f,79.9
9c8c7021766b19f1857d1af3e458ec3d,79.9
8cbf66cca73b0d09dc57991cabbf63b6,79.9
dd8fd4a958c49d92d56c854065d11234,79.9
fd1b0a4fffd0008ee694cef075b6e987,79.9
43bc321fea1ef708749dd8349c5c081e,79.9
4499d160ec40728533c4b23180bf6140,79.9
4e2a379354e75a4545a46fe69949844f,79.9
d426dd330962205b3e942084af74fb71,79.9
566fb5b0430aa2669f67cf0e0d2af8cf,79.9
a71764704f63e605e020c4ae34aa78f6,79.9
a0d7a46ce79138370a4d1e1492a1dd52,79.9
a89a6972a81ec273e8741420ad5361b4,79.9
f90299c58cb4d96d99fcaee763520ac7,79.9
df155cd436a2de57875f8bc1b425ca3c,79.9
20077bfccd8f3f45b2e6e412f30a0414,79.9
63e9842ee16e70354e5f1c789eeeeb1a,79.9
4f553648de87c57ab72ad47bca12fdf0,79.9
c2f9ed82d68dce37c6b515af03fe2f05,79.9
5509fbf0865111b1607f03e136a4d735,79.9
92e8f9754238b9697d9dcbe02c20fc70,79.9
cfd66e8cb80e01b5d940ae54a7a9c007,79.9
e2dfdb0818021b6bbc677390b9c42674,79.9
4888da2416e4fd5010e50d1f720e7f23,79.9
e94c14839b8dac0fddfbfbf13fae91aa,79.9
f77630515a2730f347cb13092794c130,79.9
3c9c382a4b76e788a7f5840d02b943a2,79.9
4bc8074eead7a2f7b36765ef9014148a,79.9
56da5174c744af709d2e87b3b2d1fac4,79.9
b1cb57d839a262ae028152874fcd4255,79.9
b2939ba60688ad38a646e5ad35052707,79.9
6a54eb959342f4cbfa495f36e66980c5,79.9
a3502c387a6cf46d0848722a55e9c143,79.9
d24107eb048edca15d48a292af14e17a,79.9
d95e632cc60a0edb70179c336f056582,79.9
365ea489aa1e81ee23c0a26c918cecb3,79.9
7575557a12a4a1f9090984b67468bcf1,79.9
daeeb6112b6a95a19e34eb053141ad54,79.9
b09dc8b0b3756201b63501ed4ab54ee2,79.9
eec1d4932b6a3ccf5df8af6e5dff6dab,79.9
9eeb9bad5f4f3f5644ff026e461108a5,79.9
1e3005980e35ffabad12c31116e746f2,79.9
6b635dc10f8b7e1032cc13ff619f52c9,79.9
5729269e5c26b0dc6ed9f5b18561257b,79.9
f369a6fd1ee964e60011051f9c690c10,79.9
b97d64297d152f677ab011594346f786,79.9
3d245e1794d041af9c15d9e8933be45a,79.9
a30918e46fc2950e2c7494db4e71d30b,79.9
094c6b161507d7a620db1174dd826493,79.9
7aae6b74d7e0a2a11051bf8a16e16021,79.9
d9fa3536203bde0f33d22c61326df332,79.9
489d6e5705b34ec43cbe7cc16344a45d,79.9
c63198f961c7be78b3c8389f68a537fc,79.9
a8baa0000f9a034bef9676f8e5572817,79.9
b2df7562698a9df2b394725e932a57fa,79.9
f071fc29854206b94291632db6687bc3,79.9
259cd2e47ae29b399f8d36176b542785,79.9
66f800bfc254bf9cec8041dd1896fcb7,79.9
3f2c391bdef5fc440bf9ff233e36e439,79.9
04cb82f80c2964ddb436a3d74fc14ef9,79.9
749a270cfd211b20bea5c61663a99542,79.9
d16f0af73b9e96b00e80f098f42d8fb9,79.9
3bf2b91d6c9c0933d394da0b929d6226,79.9
505a5eff68ca19c0f1b2fa8ccdf84de6,79.9
14eb49caaf14d8168944777b97b48499,79.9
98c7df0a28c0bdabac4c8b71bad62bbb,79.9
099197f5b3af6c03f208f70f62df794e,79.9
91b356b143fb995d46c231bdcaace267,79.9
3ca3a2454f257793dba696f71c8f732a,79.9
360ba15086ef8c818aa096d3480463bc,79.9
c2043136b06ed8ee03cfe2c801d8d145,79.9
e4be72be1f23e97bd34c353e08d7ae4a,79.9
e6dee5fa43fbcf8448111437afb29ba4,79.9
1ad05de046ac6a5e9bca4fb1652af25c,79.9
5bd6dfd802aad0ed86c9984ac51858e2,79.9
972baecb256cb559fa77c35e421c39b1,79.9
12d1d47a8bbcc9fbb44f8edf70d9148e,79.9
124e3f6e2618c20dd81965e73f60e1b4,79.9
a6e1b2ca16f6fdb0eb443988df862f74,79.9
b8fc0f17153fc77c169c3d1fa75ed7bc,79.9
d1182ddec371df8bf4e58ac7f4657483,79.9
b3f63321d868c01dfd7a025899954ec5,79.9
56675e3225d73101d88be1b43c54fb85,79.9
f22e5d704acae54bfef534811c77597d,79.9
047c0b3a52864c10c09a8ca87bb9af7e,79.9
175dd7b2bfca46e0ff5cbca65b9c6e7b,79.9
b25460803232046ec91c399070801d95,79.9
09fec4d70947d5f83147b9e781962e8b,79.9
fb868ee37e21aece79f2c65ed9f3f118,79.9
43e0730019df444079135bad56922da3,79.9
df49b4bbc3535190a56a275caf8835c0,79.9
aa0bfec3e445f3bfe3fef812354123c1,79.9
740fc4d00dc70b82415979d52f127b2a,79.9
87eccba53579db5563b0588f8943373d,79.9
455dd870e5dc21f9f8595e7d81ade6a0,79.9
98e164b3750e0b9e0eddb3612fb8d617,79.9
3a27240363d85547bdbec2d23b0b0ab3,79.9
bf140fe2e3a26db29d95589b4e03b3ac,79.9
2b26fba665d933c5fd8c7c3cb844f27f,79.9
99fe6ea867f3a0788f0561500736552e,79.9
deeda01436f945c1ac2891356603a066,79.9
993c9a108c65a6b71f864f9acde3099c,79.9
a78e85d7d80bdae62134eb73e68b521a,79.9
02179f1b13ecf4531f0e73e24e0211ad,79.9
b83b879379e0ab1a9d8cf0143da28142,79.9
801c34b056bafd8457305e6fe54b9ddd,79.9
aed262b54ee421d5750799b00c1585e8,79.9
71225a0d901fde1ab429bb0c14978b41,79.9
ea949f6f5753d29dc9185bb4cafaeb65,79.9
a99420ee8768911f91f34b70236ce3be,79.9
bc7574e13c5310492ac937fec0a34d42,79.9
55da05e5440856411761c20733229b13,79.9
ff761bcce41a296b30dd9f9cba4c9761,79.9
4607f26eeadd0411d23ce49fa7f6c745,79.9
a3d6e70f3986099ed45ef4b3ac960019,79.9
34a181fed533272fed37fddcd45625a3,79.9
13f36458253f2a3f64986d7f918df945,79.9
2c370cb2b4ffe454319836fb3c4dcb43,79.9
01a9e6a66ed15bb3c5b3d9abc2e046a4,79.9
d12ca97166081cdbaf085814549aa109,79.9
9bfb255b9b882baed6b515d644f93f45,79.9
a44362a019fe8b1358893deb2ebdaffd,79.9
053a19d1f63c7f7ec53871bb28435d2f,79.9
7de0835c86a91b038913a48c54d67d4c,79.9
033fddf04734fc23644c3d6298562372,79.9
968ffe623134add215a1d7e107c5da41,79.9
e771c277cf012c1eb07d5986a5409137,79.9
4c0ee8ac78604b613bdc5334b9d2ed47,79.9
de5eeb7f22e90d51b4ed3d6d43905397,79.9
841841043bf76dbb83f79c7a36dcf24b,79.9
67e07b82c21be1ff6a01781a136d127a,79.9
7e2db0daffeb09ef8293384045079798,79.9
ee6b56c1eb727b5a30bcfe412e398d28,79.9
8ea42c1486fc37fb10dfb10210ea1e5a,79.9
5914ae519b379dc8a931e79d66e3362a,79.9
824e5cf114970042935600c0dc0c46de,79.9
1983ae20619ddc364ff76267d7130d4d,79.9
51a6df2da42b036642d738afbb52757a,79.9
6467fe19883330361d51a6b3df90ce59,79.9
a8ced2b91d17302bd3ee6c5d936a6c1c,79.9
243d86c0e5924f29e6e9496e533b0a85,79.9
c1a312ad5e73b483367502468fbb8a3a,79.9
5a036116645ad7781ca56e7a415513c6,79.9
202a15094b58a3344099488e1d48cf3e,79.9
381aee1e9f4b0395a780330fab335b03,79.9
ba8329f5610eea3af74dc1d1fe3e4564,79.9
7c71e90638cc8c6940af7e83d490cfeb,79.9
9c6abc7c0624fcc2295bb3786e8bee58,79.9
3b4f7be4dafb7e86ff361b032f410ac0,79.9
1c62c6b746c6385223cc94da28593842,79.9
aae187ac20079813ed11e67757602a48,79.9
f5dae6958e7424376b81b4a16284b98b,79.9
28d7449c6c7245eb14588078dcc84f6e,79.9
0539a1d77e38f808299c0f1f44280ab7,79.9
007a6cde976f335c04a22d7043dd23f0,79.9
55f7adf99fd2a2c01af34e2dfa272c9f,79.9
f0192b8500e66726ff809a70709bcfbd,79.9
91e9379e373698c0a78d1be3ad7b2a4c,79.9
49448355180f018b9167239d283ccbb5,79.9
c79653d0cd9bea2ee24b4579ef33050a,79.9
75f7b51090b336767b17dc099916f20f,79.9
0ba404d00159d8ce1548b956e1018c55,79.9
11261168a6b88ac6f1187b7d8b03453c,79.9
1dc00a26f0c615d12cf874964e187c14,79.9
ad1262041fde68e95b732a9e23cc9465,79.9
71aaca101e760b339740798f91ff6283,79.9
8a7610d26708795a04d4322e018f7f06,79.9
0bb62e6f9d167ed22e1ee8e12276f947,79.9
49ee772ae3757a7a5a306a582d2907a5,79.9
72e0272d32abfb1cd4b5418770dee89a,79.9
aa8825bc17f2b9387c3a0e0b2016f1dd,79.9
8207d1e4a52163b3351a281e7f553fa4,79.9
ca08ac90cf5b8ff42d87a9d754c2374b,79.9
f04a7506f6a835ea2922ea54f153f3a7,79.9
8b7aab2116006a1fc6840cbb745b5d56,79.9
ce4e4cd67d44364a45427521da9c03c5,79.9
ce3e4ad9d1fd077a56f53f547205b1a7,79.9
ef3c615b55eb1d05a3edac12405268c3,79.9
6b9eb9660bed562d1c735d3fba0cfd60,79.9
d6c2bf5d2cbabde0e7c30035efcaed6c,79.9
5dca924cc99eea2dc5ba40d11ec5dd0f,79.9
43773714119e39e64a98a041d164e405,79.9
edb933ed8dbc1ac6e080a55fc8357cad,79.9
186799b6bb8ea8989abffd8d1d8dc487,79.9
7f36f0157804b66666fe74cdbde2f1e4,79.9
546c427cda01bf664853d185e4cde13b,79.9
b94acc6de36401e0d0bb861e6d196101,79.9
081d97688ce99393dda013bdd97d15de,79.9
b27881b13fc8dd2754804c760c4c40bc,79.9
cf2b227b269b8b237f7f0495ff1a1d0e,79.9
b54819e96db553f368aa59390fffed54,79.9
c1a9d5a084a721697ebe582112bb7537,79.9
aa9ed9bf93a60424f38411623fec1c96,79.9
958c1d57ccf24ec9f9fde350870a7a5b,79.9
2b11d30e7762ee0e087603f4a5d3cc6a,79.9
d3ad4dc86c316469ac1f47a303bf5e3e,79.9
4d17954663b9c1c918d6b1c23efd29ec,79.9
f4db3c45bb179f36429fb704d9554ccf,79.9
f08897f66a5de8441153d71bde67e285,79.9
5975709105828e59aa92011e083dd9d8,79.9
53ab1397818d9580f807df23f41084d6,79.9
92349255be2950b2ecb56142b551070c,79.9
9303027a4c0c8a1e479e4c67045dff4a,79.9
010f3c6e21051748f72f762b9a7cb85d,79.9
0165da25e09d5c73a6d3ba6443d202f3,79.9
bad0ccd70aed2bcc484f003c21074a8a,79.9
d4fb0906b93ba1b93329aecf0c2d0e73,79.9
83d4c5cf09b56f567aea4fabe8fa14ec,79.9
c1b779122d300719d8b8462a6e8d566d,79.9
c250f85418e87fa6d92dbad44a293ddc,79.9
d9e37b93fff8ef5386bfbb36695cc072,79.9
b294b26e9808dad6725676239e3898e0,79.9
011263a2375678dc8d8fcda1c3e11cd9,79.9
47c47d5f6c02ce30ae9d9916399982dc,79.9
c90789e9dd14b036d46efe4a4b830f75,79.9
2c12c50306eac1f3254f0975a2d1eb7b,79.9
e2054b87898ae5f0c78d02286317178e,79.9
d3acdc18008e13a0f4c767063ba01780,79.9
fbff61e9ded6d5e39288096326996156,79.9
4b181001e6372571717941edd074d6ac,79.9
c17267116673d32cbb4178325794613f,79.9
8cffb89ef0a6557a99d731f67d652359,79.9
8b25b3dbe3d3054904d587578cb751fa,79.9
4d92a3b7a734fdf21d16feba6dbdd95e,79.9
79ff2869fac443ef6347d6ca410561b7,79.9
8f779615054237172976338200b04885,79.9
38312840724ceeaffab5dda0694f9b91,79.9
8205033143e83aeee71e4df23fedc372,79.9
a8fcf3c59c8a2f8f63406e1404dea784,79.9
2994be4afff3d620830bf66448ab08ff,79.9
a30ed289c17f4e875d4ac2110dc19040,79.9
713ac4139fc3aab8b2e00bd5644295fc,79.9
7a3eeb05f6f5d2ae7197941b5b2042fd,79.9
714a0994b31a6d165fadcc089827fdbf,79.9
52a200ac25412e4f180edd8fdf047116,79.9
2d0119f39e113e04b09401c98db810e7,79.9
8c4958250c5729af2c5a6ce5faf3e16f,79.9
ca13e387fcbd7936e2415f18e62e7d1c,79.9
d83fd9f13deddc99b735c9ad5a7fc43d,79.9
fd509d5bb115c503dcf629064a66381e,79.9
b1373bd6563737bf205587f4d78859cd,79.9
91e69f300d02ffb32f57621542b728c7,79.9
958cac30fa94b05f7747e91ed8798ef8,79.9
fa4cbecd3769852b295dd7f1072f860b,79.9
3d2f1b957f2ab1d9e0355ba357544765,79.9
1cb3b337875d7beaec095a3d988fd216,79.9
7640e5568c56caebc8e765dd896b6182,79.9
46b5eb3e7ed10cff6f8310d7dd721bfd,79.9
41b200d1ce8675f154c91c2da887bcee,79.9
27243f64062caa718113a903c15e854c,79.9
70e9cf1e18e454538ab51d6b0c52758d,79.9
28754e043ab5bf0dc60318d4f82177c0,79.9
7670015fc62bb81758579a5e88de8596,79.9
4dbccee7e5cb46bcf06f78a7fcfa9c21,79.9
b94081252e6426e1f737d627e974142e,79.9
2ea0297a0f76054d2857c4859220b1c2,79.9
f3258f0909cb8d6bed43289901375714,79.9
939b596a4a7229ebad09bcbad40538e6,79.9
359373e2e790686bd10c3545ede095ac,79.9
b7979573fc659753dd89544e555643bd,79.9
c847463d908b6870cf0f3bf2caa382f5,79.9
22bc7b908ab206d76f37baa85e168553,79.9
2c220c1528cbe628de003c145cbae0d3,79.9
daa6c672e522160f734bd6d7a4f80d47,79.9
3b2b96751131c948164edc5d21d27abb,79.9
88f6fc71994589a43aa54a32115c7c97,79.9
1fb7756db9b41c4632b991eebe03c438,79.9
e2dc0b0cef178179300195205e3788ef,79.9
d001995debbd9286892642f5efb1aefb,79.9
9893671bef76b7febbec2342704f3655,79.9
d34a8ca7db5feb905adc5be26b73db8a,79.9
1d8b2185936f79f4905ce9b17a40ff05,79.9
c1b119e6aba121f22bbc8c84b41dd47a,79.9
acdcbd17614b1ca4a697b36ba65913a5,79.9
8070f9a17d6620a36be583fd7905e8ac,79.9
f95dec2dd92f1caa88e67cc83927b868,79.9
9751d18d4431a7dc2bbd012371072e00,79.9
8150c02d03c6726cbc3ac7262c9c1787,79.9
9877fcd27590eefc7315fa5469dfe2f3,79.9
e75f17743ce11c2145ca3f188b8acf0a,79.9
3460ed6c280483b7ef76a8aecc1d2cab,79.9
2bc0454ee694c469f555e42dd18d0513,79.9
339ee61d8cf9ede8b5927f7e40e122cf,79.9
ba43fce88d51851ce5448562ea461800,79.9
3e66e1da69ab2a97a145d1cdd6294dbb,79.9
818605a3fbfb79fc9fd17d61dc159018,79.9
0d45bdea2b7f24d31d6d7da7a8c12d0d,79.9
344c03f30cb51e869fe51c0e5c6f9225,79.9
a8c6be5c3186865b8d4a86fc90ea487d,79.9
2c6175e58d7a5a280f53c095ad1dbe97,79.9
92e02a38a2d6043f4b2d8dcc5859b766,79.9
6a0826e27b0d4fbe7d06f202546881e7,79.9
36249c6af4dcd557e625cd73fb92b525,79.9
95a9ff2b2271177a20453388698d84c0,79.9
61db6421e5fab4bba7bd2db218fba49c,79.9
df26da0c53de7583fa3ca5a8ba04ae53,79.9
012890b678dffa039b23707633b2eff3,79.9
5e9a195cbfedf459a7015c36bb7662d2,79.9
b5d8ae6617dbbfe9e8376cfa1ac365ed,79.9
554df5e6a0e1f9a755932c72b72ce69f,79.9
612710bbe8a65f14327ffb3bb51b208a,79.9
274a720e69d300bc7696c8570f8978fe,79.9
7580e653b34e386ad0e3bfc986016011,79.9
bf1765ef1bb549921272f93e804cfe9e,79.9
9e2d9c6000d88cd4b51ab4dc2bc58ef9,79.9
e1e157f3dbfc5df809751ed8f7fbfd5a,79.9
fc8cc2463a5a12c57e5fd875551460fc,79.9
76621e79f527ea4202b8f05ee88ecd54,79.9
4e3b47ade5b3a124173339aaab33b05a,79.9
4c3c1fb477dbc45b3084f8c54902866b,79.9
24476e2a8c393ecaea905e2621e1d2ea,79.9
f7954af5e24649465e35d45fda3af4bc,79.9
752ba8eb303c863c17ab334199e73c42,79.9
0bbbcba4fb2d97e129f2f2622d82eabc,79.9
9a96ff7d201877cb046061e56a131772,79.9
8198f185b4b0aa7deea981ca451b1b1b,79.9
e808c788e5fa15411cddba5d33f753eb,79.9
1736819d6eaaf025234364660469b714,79.9
1929bb2034a92f2dfd0d359dd69d02b1,79.9
66726c14972bab4af7b2b1a3b0cbfce9,79.9
2b7ad3fc92af63027a7748b084f9b439,79.9
1322270a8d20f212f2a5b45d3c14fd66,79.9
388e380a8fd7135321bbe22ed193d8df,79.9
3c0a441449190dbe7fbcda9358caae84,79.9
596115f3401ce7826f03ca7c3d81392a,79.9
f46e1689a2c6031af912a19a489a6329,79.9
ede3d42317f1d2109633dddad0c2b993,79.9
fa305e19e383f4e01fde3e554221cdb8,79.9
fe631bf78d4a7f9382755b3b6b53e0f7,79.9
69c47fa9916a4e82ac61f93d8e822935,79.9
a5f0f602b9567ebcc40450094befe7fb,79.9
0d497718199a33036883ab61d24fed5a,79.9
a94c3c62bf1716a24b78c55c48ee1198,79.9
dbabafe68580d82f1cf47fa008a8e0ba,79.9
b15995cf87f15dcf3002e0d040a4a734,79.9
0312590499e722678eeb292f4da77e77,79.9
48898c590cea82870dd37261da197a08,79.9
dbf9a1c59cf0d00800719b3c51ca2e45,79.9
71766b2ff178d011c1c6ffcf667dc52a,79.9
b81d67e79a5c8f8960c71c26ff7763d0,79.9
7ac611c6e21926c816cfe58b2cb31837,79.9
02292531f73bf941ef5b09341e195e37,79.9
e9f0e4ef15a5dac6d7a66274fb0024e5,79.9
7286ad26234d396b67e5bfa8245cec4d,79.9
e6498d00216e88dfb8b0b4621b6da8b9,79.9
f2865b6b88ce263c27c20b3156712eae,79.9
527517d6ff823aecd0c4c8466c69b614,79.9
9540fa6cf6d99763f1c17623e03f8ae0,79.9
f7c5afab273b47ab517e096e0219b932,79.9
3af5a6102aff51aa12cfc86b57b7d690,79.9
df6d93efba53a613bf2365f7945febb0,79.9
31f3b17dcd0402e09a9e1841d4b6a25f,79.9
4194438fdb135e2e28575d75395bb79d,79.9
3723c0426e228af1f40c3a81174547db,79.9
3170d89b96f61be4fd054833a50a5a53,79.9
2864542befa48f24fae06fee7de38b4e,79.9
caae77d587dc3ad9c3bf7b473c74efb8,79.9
79dd76b97c1da86961320844cb4532e5,79.9
ab8ddcd30a237bdb975f54e291076859,79.9
6ae108a103903506b207a3168689f13b,79.9
01b0099d07c9a887f45ad0e29342cced,79.9
4632eb5a8f175f6fe020520ae0c678f3,79.9
29546828335efebca3e173400d8553a7,79.9
cd0fefe4d2b9a05282f54873803290cf,79.9
75cebdffc30ea87f6b90465318eb7968,79.9
08d3379b2b836a4301e02155fa2e294e,79.9
50f2efb2a5ba41f1b0c67ddb1daf86eb,79.9
583c04eb909c371a1bb82915e0d57881,79.9
42f6b3886f2e50b0f10bafb3ee84d8c8,79.9
3981247b0b432d04428f64339707c563,79.9
b0bc7aaae8b9b9e3ae2ef450d3ea41e3,79.9
2d973038f385e0f9d252f6662ecb9c39,79.9
f03d501fcffc9f7e97ab7c8f07c6fd89,79.9
d3ab89d9a1a9f356e6da0f519d0bf68e,79.9
b5a7d50f6d78381d8096b3c3ec58f5e8,79.9
7c525160831895121e9e41231b86293b,79.9
836f1a73296c20052ab6b439f79940a3,79.9
ececd83cf61745e93580aaba87e02f60,79.9
6c07c8a3a6cb8b630dcbf91da2cef379,79.9
8df6ff33bdcef4ec159bcedbbf6d0283,79.9
f024c67ecb2692299af6500fb49ef71b,79.9
9fda8229baa8c927fe3eb495042ff95e,79.9
f4e2f1855c0e113576f8f9ac3fa2bab8,79.9
f740e6e44d74fb1e93f1bcd947925230,79.9
66bdc78adc80b0edb7d38bea5bef7c55,79.9
d5898f068b0c163032a416dbe57e535f,79.9
d26249619b7e22a67f26df498314cb64,79.9
3adda932fc75b073dbd12c842cb18f6c,79.9
6a4d18f8353e0a76b4bd557c48bd7ad3,79.9
449809b16f1bbf5498551b734555950a,79.9
60c4d9c8c56613fc699cd65274408f31,79.9
98663ec2b8d1b5027c15e1f1a63fb984,79.9
565cac2d738e69ba2d8369747e27e475,79.9
aab5a8c7d81c12767d13562f38149488,79.9
eb6e94584bcfe4d41ad77bdf5b343ee5,79.9
293b54046b97ac0c171e5cb2dcd911f1,79.9
33f307d7f53585400ed7821b15a43132,79.9
e0912ca815ed2c022ecca985e61260e5,79.9
1776cf3f62cb1daafb56c4010920c910,79.9
89056b2877a2be69b4e9c9d7ebc3ae5d,79.9
9ca8f80d320284ae0aadcb172d352935,79.9
7dd5baf5ba6884882bc08f0f35384644,79.9
c963a11c36f0bc769bcf6ae11d514fb6,79.9
e156056171de3be3501585f3146ad708,79.9
1bf99cf832342c829e425a2c1a0848fb,79.9
fa3b5a98a4327c5f32694a30d0fa2fec,79.9
cf8f5aa07d29c71ffbfeb95f3ac3f39e,79.9
bbc9f2a768855a2c3184259d2d8d7047,79.9
c0c74e5770ac223cc65fcb3e531703d5,79.9
c065a8aa5e74348afd40ba9c3bbcb663,79.9
5890deddf0b6b96d8efbe6e96f0cdc88,79.9
557f75df416b80d4b2572587202ed6b5,79.9
204418cfa7ba634d96bcc057786b4307,79.9
64e16cf39b1284bbe8ddb09bbae1df96,79.9
6c2c33cdb59d110257017b087f67a883,79.9
7a568d5e56f817ae8835e7d92008691e,79.9
d5afb95ee4150b86acd92d05bc56b660,79.9
87dc506182489f087f60de20dbe2958d,79.9
ce8bb2a8b394a2e1ff263be5e3a44d65,79.9
39158ecf3ff6201bdab0f2bed9f00149,79.9
1828873db87f59c258454599a88452b4,79.9
6cd7a706016e9712540ec0eaee4dfecd,79.9
0d1d3910d8dcf00c0a13d5edef504faa,79.9
076eddad7b3de780b619cd4faae6168b,79.9
7571dcec09a46dd321b8339ea64f7d48,79.9
9c64abffb2de9888aa146da8c65a547f,79.9
9eb3f461f599bef9a3d6ddcaf1a2716e,79.9
fb4a17cce3735ae695019b8ec47c9ab8,79.9
7ddf54360177b27382331360ba87ec83,79.9
5775d90cbeeb78fe39287105d3373b51,79.9
bb00108144109ccb3358a5de12232077,79.9
b60c609c5a1b19d463baa42112d7609f,79.9
a4c9ff14ae7620126461ca55f36a76ea,79.9
e504a4f515eca66917e45ec6eda6d735,79.9
509466c13cf576e803ed0a1a39cc0792,79.9
ae8114bdde5d84caebb6e3a3a74a0c03,79.9
448c7012ea9044144e5006640fe2709e,79.9
45456cdd69ea63fc765c59119c064829,79.9
5afb0d90b4304a930a1fafd5f6188b8a,79.9
96642d524742c5e6caf3ca1c9e4f37f0,79.9
2dff57eef8db58c68868884a7ee65188,79.9
67b653733fd05d8f600e4bfb12d70964,79.9
f058edb3bbbcfbdb48a94999c90a7ed8,79.9
4944ae402beecde21f97b5ac649cd1aa,79.9
469de6321bc3cc06274c61d9aebeb0bf,79.9
3c648ff8badb1c19ac66c0b74a64faee,79.9
0839786620cd7ef6e2da4abca81ac42d,79.9
54383e6aababa529019a76c722f0945c,79.9
c259c8db30799313c68a6d56731821fb,79.9
4d3e17b60933d39260acc684f049f3db,79.9
62c1b2fedc08018cac5045b665fcf462,79.9
3387ad457bc4dfcee876ce0f8a958207,79.9
80acb3276f8c1309c044141f104f85b9,79.9
82b3403d0cbb90bad615c86c1a1a3b3f,79.9
81114b373fba246b9c221239c0de1f09,79.9
c5c2fda0ce0bfc32bcf8f6ccb7f8ec72,79.9
846ac8480d1d69d112d9734d2a1478d6,79.9
2d5d432f3d019335618910f2def0fbb8,79.9
63e5624d457e328cb841c981b28ad9c4,79.9
53b13fa2d20d9011a49a2751c95433a9,79.9
5a57b1a20de176ef2c2e643e33c6a035,79.9
0e942c2fb7b745fb2cd49f4622b0f5b6,79.9
e3866f2f23d3f1f9c3e11b31191be3aa,79.9
c87dce09fd74bdb86531c5787982a840,79.9
400b86467931388f2226d4f87d2dc533,79.9
54bec33d5e42b3d9f9aaae70bbc2f441,79.9
d7b5bbb43bdc6bb9bab1b8c665b147b2,79.9
989c193cfe0018c75470fb0549603d52,79.9
0713f33e5e39aab4a6ceba626f05b914,79.9
2be3fb811dc248c1a492b00121776c9b,79.9
8bcdb080533e93b661caaa8048121603,79.9
d12dfe84678bf6a057d218e2ee623154,79.9
5f09e613464dc63f9a5fa6516bd6f0cc,79.9
176252fec2dd0959a6a9c12ea3868752,79.9
a1a779486ad5e2f9deb27e850219d330,79.9
d203640f43b16ed84faf7c5895e28202,79.9
08f33b15b6d92a5209ca1622585bcfb9,79.9
d66608953619ee144d97bc31d4309228,79.9
b6a93f3f5fac88882e4defc5502f6073,79.9
1dbedd82802de22ae6aa890ed7c09669,79.9
4401e9e6cfd32822cdc8d03d8917fbf5,79.9
f36884f57905aeb942b296f97c63330d,79.9
08e662cad24727afdae090be490bacbc,79.9
20256d1b88643a4f8efaae9213d04da5,79.9
ff7c2f095c37954b032ddc50f6b83448,79.9
80a9f7586c30dab1b6cf315b01f20174,79.9
991fd5f3b0cf6ed94c38f9f3c28b1a80,79.9
b7826990cef0d1ca024e2592e3146462,79.9
3347f8d33927f9bb5159b2aa82b3d622,79.9
33b194055962ef1fc958b5ce53d6c48f,79.9
09e96f4ee8ba811ccf2e32141870e3ce,79.9
4c91fe346d929d32dabe30015f9c103a,79.9
8190a777da9fa9ca0d8e65e22cb823ca,79.9
5fd6b9027602772efd65c36c7caaa790,79.9
5299b943976494fb36a9cdd278099eea,79.9
0013cd8e350a7cc76873441e431dd5ee,79.9
74935c66741cfcde4ca7e0094d94a406,79.9
44488cff47ed7cd870ce098e951dc70f,79.9
389282247e4d4fcf1e7ca8cc728c7b97,79.9
19c30d0bda26f7212ad56f6b31821a24,79.9
dfb4280815288634f90fd842753443fe,79.9
0ab303f6065bc9bf8d4ff5a56cf5c52e,79.9
26c06d7ad51b1878a7a322c755140b01,79.9
57abc9be90fb81c1dc14e5e276a4ecac,79.9
d465ddfcf048829d50693a57b19774a2,79.9
2b410721c8a084c3221f9a93d695c1dc,79.9
002f067b028a3643ad3a0969c7a0f3dc,79.9
95ef10c6dea554e64f436a44e8fd723f,79.9
7cbcf7f49823f300c2309bb4344c0e61,79.9
51be9c21b18ae3683b4ba73763a05475,79.9
5bd7d2276e288fc3b5567b6aecf35504,79.9
b94a28d76c3a1186c1d20f6b23d5f6f7,79.9
8c555e6b3106e278f1c88251226cdb48,79.9
86c9a39c17fae370a496545e5d9a324c,79.9
703a839a6717be196b82ad74d103c42b,79.9
c71441ba64bc4f58c9304b5c6e1019d2,79.9
de94552cb07b7cbb5219d1616580a65c,79.9
2bda60edb6f8c6f0c33e334cae94a3d9,79.9
d6ddffe6e681da24bc1e5d632224d497,79.9
7536bbb4c2f84cc53bb71c0b3b239ce5,79.9
e4d20765e70b7bdc41584e4f7b53b530,79.9
4221d4ffdad18996eb11c8a829d6a073,79.9
b3ed5f9564ada032bd8880b15ec5f8e7,79.9
985df90166f0acca910f2105d53d6d65,79.9
7c91fa46908712a478a20deaf86252bf,79.9
5636599c855f287f4027c9f94870b5d2,79.9
50458ca4ea9153ae810e6ba5e8dd6617,79.9
26be51031ee800dd720d1e5f80e10433,79.9
5c1e671a4aa801765a27d5081fc1622a,79.9
6f641c501d95682b72a561a3b199f7a0,79.9
9d0c6eb05d8c8adc9242674560985252,79.9
519f1ec4a2346da697625c29aae10757,79.89
d5db211c4387fafdaead20b35f64ce3b,79.89
eb01d4ef6bd5691607289b7f83bbfd7e,79.89
3c96cfdac2bce85bd05840b62c0e2e8e,79.89
031c797ef7f555f09fdd23dc122cda8f,79.89
af1f25102280108074d2a310ffe4bd1e,79.87
3e337c99e0f5ff7ba9a4b98fbf7412fd,79.82
884a60a885505aa1fe1eca3f5b726e30,79.8
8c24bc448e42d1d62bb397209ecbd3cc,79.8
b007d2e0c2e64157ec08e33b3a3b1894,79.8
830bd6bef6859ef08f69d1a6ba06d655,79.8
3318dece9882e997922d7392849e4e71,79.8
fdfc6249ca397559e4e9530c0fef9cd3,79.8
810a9740734bc52d57e3e50293406cbd,79.8
56f8e10d9247aeeb8a1dc16ee66dd917,79.8
f3e417e7a48199977a2c9b58b7cf09bf,79.8
f27e39cb8fcb6fdce0f031e5d650c874,79.8
c3819d790febebef18771ee479550bfb,79.8
8e1dff0d67c90649dba1440b80328275,79.8
a7a40a88eaee993bae094cd0d25978e4,79.8
fa8047426049005aaa90db11b5fd39ad,79.8
3e473a3db2fe0c95efc450964e456779,79.8
1d2e29d040181acb5d3435af42bffadc,79.8
2ebd9fe4483c471718102ebf83d5ea85,79.8
a802e60b4961506099141f4e5f32d5c0,79.8
da0304128cf9402ed541daa9ccf50834,79.8
ae44c1a320c2e798ac2c6dd1877e5232,79.8
572973ca7b77562d79dc98594498372b,79.8
5519a510e5eb7dff3e95c0acff085cda,79.8
410b9be6153ea16cfc4ae635785aafe8,79.8
4577f6d82b9291135c729578c39029bb,79.8
2370e5073c3e8be7f81dc13643ceeae1,79.8
3a91c3b48757d501062011f3d5508576,79.8
ede9a1daf58d256c0d648ef7e1479010,79.8
63a2786add133285225d6a9d1ac26256,79.8
d5fc781810a027b383ef15f761be0959,79.8
30d149ba8c3793107e4829a8aaa4406f,79.8
1352a85e77e7376060d53f99c2786180,79.8
7dbbcbff88444c3fcce705d185a3c024,79.8
6208d45dfab61d93d63c82f085d7617d,79.8
e51da7f5c5a550482241a36db85b36c7,79.8
d0bdd3ac3cd76739239e1571f9fbffc8,79.8
51438ab3adcedb8f8c5b9e860f6d57f6,79.8
f3ad475cc60e554f7113f18ab06810ca,79.8
42d6ac9cd797fddcb767bbd9fa286d5b,79.8
61c13a14055ae790011592fbbd0a4f2e,79.8
fbf9c2e3c687f16df64422a9c855b8e2,79.8
120503a124fcaafa330a3340bc3aea9a,79.8
5be3842ff7dab1649892549d7d6e9283,79.8
c2ea07497b125b9839363147879118ef,79.8
06c6f4eaf3c4f75577aced1da71c244f,79.8
0a8556ac6be836b46b3e89920d59291c,79.8
2e9e510644901db368fe1e00af131345,79.8
a47974ac6596398820508728a779e2df,79.8
bb7d9373739134ace47d311b0d92e64d,79.8
d8727aec38910ea158ed0eeee9f7812a,79.8
d301984d2822130093f2d97255ba7f23,79.8
5efb71ecae9aec44a3c0303dd97ebd9c,79.8
69fc9694382814714406da71406d676c,79.8
452029fda060d82aa31f0345259f5481,79.8
2bba7472e1abb00f2e48d4740879c096,79.8
787105d518a38470555bbfe1978b63f9,79.8
740a0d100ba26c35140364abf56144d0,79.8
936abf93c937d29a4a350eb38faf8f13,79.8
25a6d4599c06263efe994de519d09ea4,79.8
5ce13c48eb47d2c44d3f1e212e4186fb,79.8
7dfcd47ecae5860d7c47befdc84c7d4e,79.8
00474d2582fd72663036795b7ab8cfc1,79.8
0335ba5113b08cc91e56660c92b370bd,79.8
e41819d1c95c12c9ce495b630eab8aee,79.8
efd1042b88d03c806edab2861bcc1906,79.8
56dde41c7bb48ff317cf71625ee3b33c,79.8
f4db8db2617de3def6b82bc375ecb725,79.8
98938d16787de642d239bfe5ad2885a4,79.8
2ebf822bbf33241c7bffb42235519f92,79.8
969b677e0624a27d4166d9a7364d9025,79.8
a5fb67a73080413aa8305238a00b0440,79.8
c255713385e828168bbe09b0ef8daac6,79.8
3c091938eb975e0dc733c67ed6a20556,79.8
0e37385834260d6111727103a93e790a,79.8
efd1a20eb65041a60f9c8c74cb5fc7ba,79.8
e91867593d78b02be5eb7163b8c295c8,79.8
da18c242eff18510c1df2f0337a9be95,79.8
36a092d8dd0744a1785253a886b8383a,79.8
81dd0c1d4b6fd66063d84be7ec98e51c,79.8
0e6d60787086ed1ea9f8b96bda67da49,79.8
fd8630477788509b1d3ac9100f15869a,79.8
2d39c751e91d476e9ff8b770eea07a99,79.8
4179f0f32ddf0566ae204816c4b1cb3b,79.8
135ea3d76df7cd1000e7f62591ebfd18,79.8
053c167415eb05d031067db2b288475a,79.8
6a615fa5571c8f737a2fe8820563bfbc,79.8
300e7a0ece4aa3aff333829fffd19179,79.8
9ef0a3bfdd0307c3f1e11e12316732d3,79.8
89d2aa071dbb29c337230bef92eab040,79.8
2bbd26eb6c71ff3750d2a1f41a9e82d5,79.8
3a96280db571ee2cd795421518e3fe66,79.8
da78330582f1c9cd7b9bed4c3453f269,79.8
5ad1e88a2aa6f14c0aee6d2f1fdd5550,79.8
ab35d7de3a6afe9a048803c7cb0ea90c,79.8
42bf2b478fd25788ef01f6d8e4a4ffd5,79.8
bb02acc51461fe7e45f7fdf63d18072c,79.8
15d6c1a012c2cdb6bb4d8e161bf4c855,79.8
a1dcbb0c0840d13d43f5434f1a82abfe,79.8
fd521f49383a26f40d6ea3d6eeeab735,79.8
6b3b47e89d4f0d5784fa3225a598f331,79.8
66f6040febed2f48bd70eae6e143a360,79.8
380cb69aad9e2d9ee9ad744afac47c66,79.8
359fa6ba39e8c2627b3a5ebf64df6e34,79.8
c5aad2d16788dbb223b0e53e18f9bfe8,79.8
c5b811eb984b0d3ad5a3f8a5fc439aa6,79.8
48969e0a2e81b1be34e650c00415e030,79.8
8a2e7ef9053dea531e4dc76bd6d853e6,79.79
62f7542360ee7d4be52633831421ca1a,79.79
ba80b3552fb59d460924a18437a9061f,79.79
e4efcc8ddbd88af5d9cc88c4e96b5f48,79.79
6822f46865b8f8e0a217d5352d1e5355,79.7
4fefa5680397eaaf3813a589b34ec0d2,79.7
ec91e560b9b86807cdf13ee64279176b,79.7
59f2334998439940f49385494fb8ff54,79.69
70f95a47532d0a1ffd3b15302f61a1bf,79.69
ec2dc6cc4dd715182e85b4e8bb9f3f63,79.61
1d4411212e90d6a24fd2d09f74878b48,79.6
486ce94ccf26c511ab93d31fefd5de0e,79.6
59e70f1a3f114665e9d5e636b52c2607,79.6
076a27d502aeeddb25e540fb3caf9b3e,79.6
36da7d91971708e84091a9880562fbd0,79.6
45de0b4bc6b0aaa0d55bde3d3c7a020c,79.6
9dc44c77359aac6ad31f0937961a9940,79.6
db46a2dcf676874d4c99565946437b08,79.6
6a7add565bee8d10537837268f674a76,79.6
52e79890db8c8221861c635f6b460b1d,79.6
d2031bf9cdd84daf07a2f29a688a4158,79.6
560eb8573a085b95bc6c26afa74ff45b,79.6
332d12b9a5ece1b7e661271928d232ca,79.6
4b1509222d997779d7131527999165a5,79.59
f0f6699433edca6bbabe571ee635340e,79.56
1ba29be14150bf12e5c0339e3cae00c9,79.5
19fb116add1492d602fa0c0fa8cb132b,79.5
a4949b565894a3d5c85b947cc27148ae,79.5
d8a27f544ddc81427db0d41973df9ae9,79.5
45b209938dccf191d33989996400173f,79.5
8f2ce98b00c29447f29b7b384c7a9640,79.5
9bf6e9e2b2991e939e0309fa5b8016fd,79.5
b67461e3f398c5f3350fc89cc61ab299,79.5
1d00e4153e19570adc3862c093d0d071,79.5
454cb2e166521abd12850178f0fbc238,79.5
fdb6ee42f69dd8ef339d4eb246cd8b58,79.5
b0daafe7a7f8cd393321fdb6f391e41f,79.5
e1559e6600c5c302ad627aba318a76c4,79.5
45a487f7d6b7c0d34a76f91c45c060a0,79.5
9ec353f970bdf785f6568724d9ea19aa,79.5
159399fa0233cdc4ace4dc9d61910804,79.5
4e0dd7ffa7e59c722552a3c1b895cdcd,79.5
dc0ac1aef635298b6a835b090dd7edf7,79.5
1e82f0d500dd0c3e22a04421762b7590,79.5
c580ed6ed2fe3533df6af1dcb43bac94,79.5
3c2f0a29038aff07034db22026b787ca,79.5
2a2a72fc4ba566b8ef03e798c723e9ab,79.49
6ed7fb8f89bb4995b9f7e63e23ebd9c3,79.49
70ae459bc3be4052dd5de533ade087f3,79.49
af6c6617155851e16396635223facdee,79.49
4b9791411c5518591201a6e666a1162b,79.49
1bc2f9120a7adf6adbc91fc7a32cc2dc,79.49
db256fd07ff78521a748e1b8f516cc9e,79.49
ba0761afd7146619e11ab4390e66bdd5,79.49
bd4a8885eb34fde35641c041de257375,79.49
8f4a2aae4e1857316913d995047dd100,79.49
686ce156cefdae2f46a1b7917d96ef18,79.49
7ff339e9bc25bd16cf4d52a133e3b54a,79.43
33bd2e9dd08297cd83395e0861e364e0,79.43
d857da430914a545da2201e96e5bce9c,79.43
c17ef88b39d731163898d59a3a9b6e47,79.42
5f6b999b02869d0f7ae1904d7f045149,79.4
510cfcb8cd118cd47b5eef32337a58ef,79.39
80780c952021dc6b9e6c0eb37b4e8e2f,79.3
1ab8b0ccd36ea396e05cb069c66342d6,79.27
371f737623240038bee3b526b809a4c4,79.27
ff78aef48af5f0cbdec5db7d463c3c39,79.2
3525dbcee4c41a9376526a0db1ffe715,79.2
55c6424f08e75680af39be358bd3c1e5,79.2
7d4b7b2c517be1c791bbaacd5532e98e,79.11
46a6f3ff9a9f8c8786c705af91edcbb7,79.08
63ca9e5b1b7438892210e079c71ca22a,79.08
24e60f5fae3ce0d4a0a86c106c879513,79.08
2e0b25d3a271e4c0f671acefb6cfaffd,79.08
cb3ee258016b1e793c1d6d1de6b9aef7,79.08
40941c77d00d4111644b0356f08bb7df,79.08
16fd28bae68d51e34f732ae6d1337918,79.05
d88a582259b2c0a9605d0ede35c62773,79.05
627df80b3c1f086dbc7acca08e714530,79.0
6903c9e22ca171ab56f877af3ebaa9dd,79.0
a0e4d2549a2ccda92951e6e5a29b76ce,79.0
ee1fb534e64d33fcb16a1023dc721a24,79.0
bc11dc645f9b9b92ae2581fc582cff93,79.0
9675a538e974ae5f04d201698b7193e7,79.0
2330310e89498b7b63bc9eadc09ab998,79.0
1c1569d6c160dbc103b50392ba28a01b,79.0
4f51768260bdd5b061fb0df7e83b020a,79.0
55f7c133632005298327e54f1ebbf885,79.0
212f576916b4e40f8e31ead6a00e09d5,79.0
e46e9c85007da5c4a92446fac56d0588,79.0
1365f6a63f912822c3e466325c795bc5,79.0
30e007b61b364dff4c0eae95c8c800ee,79.0
552e5dad0a117d4b2f536700db6cb60f,79.0
957bbe2d1874d4862a7b3c2b3d80f3f7,79.0
11421a5d8282871dea01884e642d35fe,79.0
cec841303d49ca5ab4756e8fee1fc554,79.0
598c9545a37f10508a8c3b51b849d8dc,79.0
2b77197cd07fdc2b3f32e1fdbe1fcdc9,79.0
f66a0a5603fb1d09eee7fe496b1024ba,79.0
84bc567e9c0441681bb72fe00357f22e,79.0
2f17624c9528bb0a4890103370ffc393,79.0
ea2825e90057c76355711df29b7b1cf7,79.0
c85c1adead3ced3636c148be7270ab62,79.0
c742fd30a8f25a336aae36c5b15ee436,79.0
31f86490c762d46b158dcee5e60bad98,79.0
e4bfd3a13a21560e8fcbb997f9e7060f,79.0
d54371af4fe03138c67f7ad33c8986f2,79.0
cdf85d0d3bca555a030e00a95504ffca,79.0
934007549103fe58f85261e64dd7c68c,79.0
d8d5514df601db9674d6629aa69987c0,79.0
1874506111e24e1ebaf030afd2356862,79.0
d5b5fc814c40acfdb0d28ac11f66338f,79.0
8a3da20a6b870824cb0ee7be8d43732f,79.0
a3d5d5765cc2e17795e0bbef744c282b,79.0
7558e6beb7efdd069ac43b97f4f8e67d,79.0
e18efe132d22a0596439bf40ad9f73d6,79.0
44605cd64e453a25d31eb0dc3fc43246,79.0
f43286f8e58ceb554beb28e9f3635a02,79.0
69009aaf4e400602c05b1da3989ca40b,79.0
4d6fbcefdd7b6cdb4e2b7d45176fa670,79.0
3459d53052af3d604fdd6959e4f73ba4,79.0
95c2ea614dbaea0a9d84eef22753b373,79.0
5a0192b98aa54244a703ca5464b21cc6,79.0
9b95359e3b8f3328ca9a5d453311f94f,79.0
788026d4f19935bd583197a8e62211ec,79.0
ca44b093785d8fd0ad08ab08a5492227,79.0
9688035c1df252e0084bc89e7b576c7f,79.0
07117462d9483029c4ee6c907a3f3ebe,79.0
859150e2ecae6575ce16e1c6b0ea78fe,79.0
1bf7076a50821623df388f22ead99764,79.0
daf74012e80df98bd7589a26389a44e7,79.0
695d206207b2d41598f8d78b77ac67af,79.0
cd06ff43889826d2ae1943fdaa68cf6e,79.0
c263ebf69a31d58fe14346bb309ff697,79.0
2d7004e28a033e5a7b867aff335b7e65,79.0
a25857c3cf17484ba12fa43b8bab8685,79.0
bdd18a912896b89d0d760816f8d09a4c,79.0
408684c3090959e9e7a9e4988abdc6c6,79.0
08e744cde3be00633719f04923825035,79.0
d60977f266fbf35d13d563da7286f472,79.0
45cc4fe542c5247bad9b6b91f91a7a43,79.0
514c03e2461d472afce7f786187178de,79.0
058b94ef521255536e17b2760fbf9674,79.0
11a740e9fc98568cbc38f920e92c850b,79.0
3a03bf7cb204cf7573e6e88b6ff92c1e,79.0
24f3558831b27d94b5f6c95a35cf8464,79.0
90fe5f027efb895658f71b213bc5f8d6,79.0
2106bd665826da836965bbcb2f5f1243,79.0
9919279bb9d90740dc78c930d5a2596e,79.0
3a236a7bec957eb557d66d11c1ac216e,79.0
d94b3b454957707eb99be5b96da7b71c,79.0
829605f711a1b775979373d642c17736,79.0
aa5f5931b8901ae1ca4b8302f9b94c02,79.0
dc69189910231e3ab5a478f14ff70d52,79.0
539c396e8ba2bd4ed701c8b6c80ffa3e,79.0
7cd23b5bc801943bff3e130093cdf687,79.0
03c546b7602c2844a20de363905be285,79.0
a0f6c55b4629fe861494feabd08f8e91,79.0
ad4b675c609e42cdd90bba269e85ab2f,79.0
a30245e6236757c2e9958195138fff85,79.0
18253aef19953455f24a7c0bc8de23bd,79.0
ca077dd95290191565abb393a580bbfc,79.0
9d1f05d166a3a858c0b9fc35fb48bc35,79.0
f6829852d6fce28aeee943748b3ff075,79.0
2fddb001e84993ba7e785f11415bc5cb,79.0
7c8ff94d316346a637130db994d25a38,79.0
f1eece538627fa853a59e6ebe3aa005e,79.0
b4ad286c394069077cd7a6119c5b3007,79.0
02f6d24b58d8286f9e56fe9edafe719b,79.0
a17c332f183bf79f07c8df13174259c9,79.0
b375ea4c89a7a7c39ae09144086ac2f3,79.0
469607928798754b49ca3658338a6451,79.0
00cebf30eafc51ca426a54082d26ddf3,79.0
5fbc282ba114f4932427cae8d2ea005a,79.0
68b3e1831221e63cd8e1ed2c2817c0d1,79.0
2851697223c0fcb11fd38aafc95b156f,79.0
a3343433090af3beb34febb7899bf0ee,79.0
51431f5f256321e9d1303b1bf1092144,79.0
44024df7d9bd0f986d18c27e73d39dd7,79.0
7f52f3f969ad5ea4a7b9828b41fe4913,79.0
6e177e72d2f06503b4b3dabd74db4a2a,79.0
02be46fd7da5d6db853d074afda49477,79.0
57560919e8c83fdaa81575a5ab74d0a8,79.0
6a5546734acb8b5faa48ee38c4592008,79.0
d91a7750133a9d5ec389b604ddcb534b,79.0
abdc00cf1e7fb8417abc2d884696502f,79.0
d96bb805d2c42af018ae5158fae49e2e,79.0
0bc8e98b6cd57c9fadeee5339a6e08ba,79.0
ae71b6eabceb10fc65bd4c7edb0b24a1,79.0
c36aba8015e71293fc377fca2be747b4,79.0
7d91e66eddbe71cae1c82842a2bd320e,79.0
82223ce649c99d806610124e8793108a,79.0
0d50a5c726a7cef6fa42fedead26a863,79.0
7026b1065ad9ce30d69271c8654a5a29,79.0
e24bfe617491b1049d94bc4e5245da53,79.0
16e83b87239bff66ebddbaa1028feb83,79.0
b1c2b777ab4fcd4947514d99ddd9348a,79.0
a8d9188653afcf6f3069b492036c41e5,79.0
c72da0fce5a6a57c138f06fbceb1d21f,79.0
f229cf58ad9ec2c7d685620141ad228d,79.0
6be73b0eb0bb8396d3e5eef58af338e6,79.0
d1bdfb50d2f35e41136fa78e48497079,79.0
0fc8cc4e3ab31e83bb291698794e0175,79.0
ce42c2a8eb29fe09070c07bd46a22704,79.0
46b980cca62c88e12505b6c87e37194e,79.0
cbfdcc896d6ebc83c21fdcf4f4762efc,79.0
88d2a817b27a601ab30de378e260db81,79.0
fdbfa1944122bb284a279fbc1030a143,79.0
de8b77d620db2066418a56ce3a1d4f81,79.0
7d8c2899f9095be928b72a16b21a3e03,79.0
b1c9a1e6aa6d7fcd06fbe3c647ff34df,79.0
2069f7dac27ea08a26fbdcdb18ae6142,79.0
2ae5618c6b6cdb298dccef0e69bc7850,79.0
357f03df48f9aad64db3a1fe4bc8f421,79.0
ff1ef36bb2d8abe17fcecd0ae6476e77,79.0
2f59c2057337694cfaab7576c1d05bd7,79.0
a655b136627ef43032b2014004995098,79.0
8946af2634bf83b52c86664a2a57b41f,79.0
a79086d74ade3aeb9668cab14437fd27,79.0
ea1991a3341d703b3b5c4c97790b8b2b,79.0
f78272dd982a15b63bd8b8862942552d,79.0
c3b95aff4e8ce920cf04ddae0ad7b7af,79.0
c33d94510461f224d7e0ee117becf361,79.0
af8172141c0b941edc73d75ad7264d84,79.0
7c54ea991f0aef5d9f42b1ffa63f3811,79.0
5110f48f7609169fbec145320da4512e,79.0
3724292dee0984bef85cda017ee77d30,79.0
63070e4e96e9d1d514fa14fe39ff5ded,79.0
0219e8c875d04bfff5a49b0555a08e89,79.0
32d28319e13266b3b88962cd06845ce6,79.0
839eb6e08e4322eb2037bf9ab24348ae,79.0
df17ca4a6f77fb1b756e30d6eb9d3be5,79.0
6fe4315d751e6365d88b81b2ecd3f75e,79.0
8def1d776006a5e1e8f7f0c9297fba54,79.0
ca1cdd20afd582a805c787951ba0a30a,79.0
fd1dd010106ac6f84273fe976a08e6bf,79.0
426a1722f03e1f1f3f1e1ad6f21573f4,79.0
fa1925cfe642740f5d758dcd83696629,79.0
865293243bd058d40776ed211b54174c,79.0
9886df160a00026b2dd8aa8eb64a2f16,79.0
2b655432dbb2d5e62b02aee3eafada73,79.0
674e3a0c090dbd0deaf457fdcf083a5e,79.0
11bb6bf8b510e50d36ab76cd9b1f23ca,79.0
a1036ff7e9a4d96af5aa09ee00495b4b,79.0
1f4e709098e1cf86de5a8bedcb26e99d,79.0
2c3ab5869c7fb40602a191fd89efc4c1,79.0
17e2812323656fc71402bac9010c24bd,79.0
7fd27dd37afea4045473c5038e8a7f50,79.0
cd46bd8781c25750e96a37a5e32450cc,79.0
30cdac206f7d21755061ef6ea062ab91,79.0
6fd81d719e3abeebb466aabde5dbeb2a,79.0
19625deff53ddd7ae31428185b7469e8,79.0
9425002b07757e5dfbf840f8c1310954,79.0
9205f96959d0899cf127815c70b9abc7,79.0
b810510c820c5d673c249dcb9d064437,79.0
19c17c9f5ab0bbaeed20dafcb417af40,79.0
7c5f8c2e42af586aa1b1cc8d6bc40732,79.0
fc5d1dd3f6285cfce7fa3b0ec2e3723c,79.0
9d08186323cf285e5f5c66772ef9c468,79.0
4532cf6e69b7306956fae228565175eb,79.0
8a8476a80099f2b63c573d23679532ec,79.0
8bdcd11b55403afdb8529f39cb0d4e04,79.0
cb783202236a8f0f033742f0381fc541,79.0
0cc16ad1d769d46165a88a693f53107e,79.0
ca67de53c6d54f8e8a64b09036387c0f,79.0
346b79c7102f7d64c113a6f9682b2a98,79.0
8c0ed8ab496f6c6c4dbba03d73a43557,79.0
f4423bcba715c4b8bc0a07c0bff7977e,79.0
c3bb0f6b7cd4686a3cb0a3ed4dcba76b,79.0
36a3814f42b8e1e33c12a1cc26c4c161,79.0
817496a3a4e02e8f5e16b5a4247ace69,79.0
9e1ad6b5883b382d3485b08f7ded263d,79.0
0736dbed7c1272024a471ffb68594b80,79.0
e12a48d77b46d7e64fd1480133932637,79.0
a325fd976bfd1f4dc9d374bd7d73ab3b,79.0
ac9e6e9eb60ce06ba93a4c311618f7f5,79.0
faa5236e556d27003bb3e013a8d72795,79.0
71cc75a603db03ef612d52f9f223e68f,79.0
68c64357714891130ff841271d1a2e1e,79.0
b13f522b29cfb5eb86f49e4d8ec98aaa,79.0
4a49dc2c0c4fb4afd6f8e9ddcd86f596,79.0
a215b276dcbea05a216373c4f00768f6,79.0
3a546060d84e8050f147b290881a2b27,79.0
42f395e1f35d1a041bafea4dd0875e08,79.0
657332c1833706577d91fd90ac02d9e5,79.0
03dffa43f4eb19d5bb46183e6be9c03f,79.0
b435676aab06e1a53ef42f979d671ce8,79.0
2c10d6573171ca0c4b464ce27770eb12,79.0
3451ca7392f4f8043c95edf9645252a6,79.0
90c0add5d6e376019b7c6e5d51314318,79.0
353c11a0ff60ff890ac462745af8ec4b,79.0
e8a06ca27f98293eebc07c477d59558d,79.0
648507282c038156fdc8b79d27ec53ef,79.0
ab5f976b67616479af3bd2404c26ed9b,79.0
353a334017814ca877ef6e3827c891af,79.0
7a20a7fb3709bf1c19eddf31aeba42a9,79.0
f5fc92d4bf1733a6700f10d06756b5e5,79.0
93ffdbb653b475a3d52e726359e91b05,79.0
26d6fbb3f19bab0637b50723523bc928,79.0
475fca6e147c656cf97e55f7fc807681,79.0
0b81ac66ced97049984bd7faa500cdda,79.0
dd774d127953e12f6953a9d36e6a3cc4,79.0
7cf4a335251640a443891c9e2b332ff4,79.0
8da590ff9a8f6c931088fef959e93c7e,79.0
80946cbd8d20161272e3dcdcb1777517,79.0
759a607575ac0f83a8957bf7d3228083,79.0
a0b67404d84a70ef420a7f99ad6b190a,79.0
9bcafc597352b6c442e746eb4c7e4f23,79.0
b5664d312b4ad255a24bfa5c28324c76,79.0
2e07ff10864815e97a1fdd6e2804733e,79.0
d962bd2ab8e3cbb417a6d31fcfe313a9,79.0
b33c387ac5c9922825b25a79b0dc29cf,79.0
6035ab6f7cf530e8bc5d557c4ba1a6a2,79.0
a6e47b0794b9bda3bbd7a62d975932a8,79.0
c932b5d31b1ebdad985c3a42061c9bc4,79.0
02990abeb531c8e237ac2b13141f188d,79.0
b014312ebd8173045d3f3b0770ab79a4,79.0
17d627c71b0f9cbedddb818f3be57921,79.0
4eb0e95d514bcd1758cee54714353cda,79.0
549b407ae341553fcc5f99e2f4077b2e,79.0
f931854a4d712bee76b807626ef2ff1e,79.0
1b60798ff4ed85e56cad952238e4e880,79.0
5a1821dc355e60b9a34b60a1b4b3f3e9,79.0
c636e0bd30b9ba3bab0e3069bbeae770,79.0
53223b96072a85f8f0d300f7ccd3a764,79.0
399e90278e14b9e4e3fd8e094c2c7a26,79.0
5e3edafd41f8556c7a445dd0afa69592,79.0
a1bfcbebe1e633d303b9ac1734de3445,79.0
dcf29d92b5428a9fbcdff7b35442e1c2,79.0
2f183950f835c2a00409f15423ed1ad5,79.0
b1077797856914c6ee3a4f54cef66eb1,79.0
2d166c1a9716cb46b3c4f7362681709e,79.0
6324ad8d7b1402f89654407309bc9c63,79.0
bf4fe999a2d7bc0465cbd817fac3bbee,79.0
c8fd59bd341fb70b98b85a0a01e4def0,79.0
87acea672dccd1c6d744da7adf24a947,79.0
04c1c2d37f2b2f5e52285534fd59e14c,79.0
5f3f626700a3d4f153ae552760785e79,79.0
bbd28269922a1ffb57ffdb992adae636,79.0
ce9a1bfe7bb87600f05f5c3a6ca24ce7,79.0
e22c4672d1f7767da4ef71549feff7c8,79.0
9797f235d77daa2d4bb88ad6a848497d,79.0
3c23abb98d078da4a47ba5558833d7c1,79.0
03377b1b4b82e780549eeea3cac8f25a,79.0
63bb651df1ecc3911737bf73a6cf1abe,79.0
b438c24cfcda41551bffe94603b98c68,79.0
6721658ca0e4a2bca6109b12f22ac8e4,79.0
337d71dec9e598ff68b2266eeb180802,79.0
6d28f0fa1646cf572c403bae21daea20,79.0
822a469c601a7639db315155a642410d,79.0
740d966972fc4d7b3911eb5bf066f510,79.0
052bae46e09ab04f63c1c76c317be0c0,79.0
9e0ac2866b34e103af7089323e2e8bda,79.0
6dac42a8db39e203ab662d2bac64fa33,79.0
1f27ba2520197d5a8994ce2a7598585f,79.0
e1d4edae73206177f7f95b5417066584,79.0
10bb390c85e1f5ef6067fd407d1ab43d,79.0
603d1bd1f37caeb4169f53c033dd8f08,79.0
e0c77096ebcb9aedc1c613ac43e0ccfc,79.0
d10065abe48b6225e69b5dd8ca4ee9ef,79.0
c52c1b2401857b019a8593b38ebf8e8c,79.0
6997fe0ec1de23e69f13fedf18f50cb8,79.0
6527168356776dd94bcbd72a3fe1e832,79.0
ade877be50f6c176e0fafc2da7f37fd6,79.0
db2fd7dad619d15ef24b86379a91f5ea,79.0
9fdde8e80344faf4867a80ce47f44863,79.0
40b4a5ba496a0d550201b2cef9bed5b9,79.0
f74a230eb772c5ee26a3239cd1debe94,79.0
d5f9198f26562d9150d2480290e7935f,79.0
032dc4140d9a51a0febc693a96a44489,79.0
db51f35aad5e37b5e416f74bcbb17143,79.0
63866ff0f24fe466c2a6a2c19e76793b,79.0
178049c612998e8e479d038c4cc6424b,79.0
29ab6f0efa83bad4156309c2ca057e21,79.0
2114238aa3f579996cdb40cc16b54712,79.0
93d53c5c83afb68e1063d463efcd99e0,79.0
dd3ecc2c18f356a45945ea903acc088c,79.0
5077fb20d8634ca6f8e48bec6d8b70df,79.0
29da34100ffab96f07b2ffe86c8a9712,79.0
8e29f1ea42a090c304ec11ad37cefab8,79.0
8e017b4671087e525f876be6b8a73938,79.0
8f55782365bb8e8ccad248e256ff0272,79.0
3ff44e26adfbbe256c5c9dcfb14d5822,79.0
0d41b93aa65d7ebb7b8b1f091ef6644c,79.0
2079230c765a88530822a34a4cec2aa0,79.0
a18a9be4bf49ccde0fbd6b0dd5748181,79.0
37b1bdc19b2c6a072058169f085d344c,79.0
d0c07cdd5cde8cb9b6fb2d7a32060211,79.0
787b46588e96b01ea8bb3a4bfbccd352,79.0
a3a647c9ff79e6354b9d49b7ddb86a00,79.0
d5f31990b4f54682ef990f6d69a82453,79.0
0a78f8e47a705e10082383eba3165dc4,79.0
c06e2d2854074308f2778ef16afcf777,79.0
4d301748886972e3ff4b8f930eeea153,79.0
0e838cc1b33b1ab874583658e4b76ab9,79.0
59022496d94c6627b7319e9ff4fc3ccb,79.0
f1b3e1386c39600aab160b41b275807a,79.0
a259501a0af89f46dd6e8a591e8221cc,79.0
e16dbb19dc066509f763fe7850956959,79.0
adba3dd15f1dde0300416deaf8370c4a,79.0
8e7624ef906783b093a58207d95bf082,79.0
8c45922ab37124236061691bacfbc7f7,79.0
3fdd4a93bb80c78e818830946d34cae1,79.0
c168abb9077b7821adae01dc1f0886c5,79.0
6095ba1a9acb42e0558d6e5c426ba60c,79.0
361b489a269ec4bfcd217ab600c15a48,79.0
80828141e564cd43c7278737dbb337f4,79.0
8e243644561da4b5822473dcaf36a894,79.0
e66b5747ab7f1a418d2cb5eee404017e,79.0
0a60a88da14fe26085b43aa273f3cab4,79.0
c14683c13fb7e9f39e4228f207eb05a8,79.0
db088f7ba499667ca71c3e4c92b4e4cd,79.0
ab3bbfe587e36e0183d173da19c5463a,79.0
b29ad9fdba379bec39155c8fb07b94e5,79.0
21c6035a264c66dfcd1fd3b1c6207c54,79.0
9cab4106ad574ab7a66c352f099e3b01,79.0
66aedbf6febb5a9634fc13fc728f9ae5,79.0
218053c7c5774b41b40b5a9060b32ae6,79.0
2f3982443d47c0cdbfb4d2a1bb6198bb,79.0
64554a77585a29ee9773f11065b33f15,79.0
22624b106a4d9152443e3737d1cde316,79.0
add0d3449d5a9b0e07a28f4ba45e695a,79.0
412652039abf88595b3853b0577369a6,79.0
e32ca66e09cc9793f1e4cfc5310ad8d1,79.0
fff906ecb75de5809be384e0f8d65e45,79.0
d96e54cb133388782b66c1a8ee174c11,79.0
562dd29ca3452640d5238819d119fce4,79.0
5a43ccaa10dea378cbc7a14c9e56405d,79.0
34a89d90c29c3821d671059d12216ba0,79.0
54a3a6f6333268fbb453f6b9834e90b1,79.0
75bfc6853270154fc640f0ca072112d0,79.0
1c3f1e66dc3859cce89cb9c12e3c1122,79.0
609eaf3a9736c26e1956c125c5cda487,79.0
58aee0d0dfbc927800d152c34dc5e530,79.0
c9982e891509b279b052375555742e0e,79.0
9111616f7a7d0fe5fd493f339ce21bd8,79.0
92628c277b98be63e84b493008544b25,79.0
f65235e8410545c21b41ecc9194cee27,79.0
9a3cefd7682653a40d7301eed503fa8c,79.0
05cf99f3501b95c29357f026d4383c6e,79.0
47eded05a30d7a6af12a5018a4d76284,79.0
36ddb89b429a4a864da90f888435ef41,79.0
2f3524f7d4156e3c4b08227bcc982d66,79.0
aba49a59724eb38578ad652f47f1167b,79.0
9eb4421dcd3ef96e81c3d954d9d15ec4,79.0
1969139e7199fb5279310e0cb26c66c6,79.0
0ffe52b2e3ef0d91f5387dbcca59a841,79.0
6ad88901476634d2b8a05573b3132f22,79.0
c7ba62ae9af40ba94f07020670d03ed0,79.0
a24fa0895b7cd6f32b5cbb1545f1caa0,79.0
f985fbb6e309bce26a0523005408b5a9,79.0
204bddb857a5605c63248d67c65beca6,79.0
fa52fccf0dfd67b8d1ed46b288088853,79.0
6c019a4320ddf32ebc05c0e33ffca560,79.0
8887509a58adbf58c980f239ef92dabf,79.0
9838497c3447f481f14b780164c2823a,79.0
7d35377fa3e76abaa30c36099cdc7ff5,79.0
eaa7f09c09e38753fad7facfd20ecb5a,79.0
6376861fae7d317b580afe9fd232f707,79.0
c8c9a89a37a20ae0d0b8abd5978e1240,79.0
6cf3dcc83e30efed63a32669fcb739d0,79.0
f83b48b7214d442aec1d4dbe429a31b9,79.0
970aa77d4b6d8573f8a743a35301f294,79.0
48a8e08cbe87ac7b90b76ff80d3df46b,79.0
76f6213a7062e68ac72d4d7ba53cb190,79.0
9140f6b8dabc82d5bc6f94b76b50e7b8,79.0
a823dcd9550040aaba9d6602f0d7429f,79.0
a3825afb142aa6b241b448d37792caea,79.0
1574b16e8e6a5235d905777c2cfd2b95,79.0
410a24845e470f3c52bb78f084d359b5,79.0
499887816fac561f0a3977725ea707fb,79.0
d4aadc1451a181aa980044087d8a3206,79.0
22ccf32feae4b8a4c59c3889328f3a56,79.0
fe80289c760cab85736b9f4429bf7538,79.0
03cd1b42e5ca372a1a7ac4d5b927b888,79.0
62c48c7669b205d2b76a4b0cf96f7869,79.0
1a1b5f9e903aa3c203caf5cb63fca2b1,79.0
0fa73966f993a5d1a62afb0c5e43f050,79.0
a7bd7bcfe3fa72f1c1a3565f7dde6ca2,79.0
141a1a131f78b3329311abcc428991bf,79.0
b1e9b2988dc3522049789d4794c3b46e,79.0
aa191250e4b72685f247d1f2ce7988ba,79.0
324822666baab3f88b6799fb25b0bc24,79.0
f05935d3c717a26361221ca371ed65ee,79.0
8ef068a69681113e7a8d59ce98f23c24,79.0
6edcc0508ef06f1f73fd05cacd2a2b3c,79.0
cb31d6327bbe3415b3f316ca925e8003,79.0
e1d569375b1ae9c7f97e864718ab4b50,79.0
871d486e1b7f81d41839e0ddee6cf90a,79.0
40d48e816a2a1dba20bbc348941f03b7,79.0
899b712f06e7b29eecd343b85cfe9136,79.0
412363a1cd7a9ea05975b78cb65196e5,79.0
92169b75de57d2e984f28cd62183ae49,79.0
d1fdd448f8dccdf1fd1eef2008573b42,79.0
8b0cf1c8e74edd9dccb69ccbf4e87e07,79.0
6e34e7ad19aa3c59753c0ac91ccb34d9,79.0
28145769d7c6f5e475d2780e3b5ee24e,79.0
e39b38536d12c6e0f1edcf28dee134f2,79.0
bab7a03582a1038a6bbf01342276bf76,79.0
27982915123a800b423be0df3ffd8352,79.0
b2d4e0ab0bb21afe0f13b00f7b824fad,79.0
3dd75da63afb021f9365e443faa64623,79.0
f01b83934eef46cde6b154916592bb15,79.0
44c347c2ce5dd6a95af04819657ab29c,79.0
df005ef58367013dbce4ad1a11e6bb10,79.0
b20bdc538695e93614d97f0aedbfac46,79.0
a099ef58556b050a3aee59af3ad33764,79.0
a777041c2eef52d6bf3fda896c12c1f2,79.0
5079b2cdf22330f1eed6bc5e8dab3283,79.0
abd4f44cab431f33b0c4f242377666f4,79.0
74109829d90b9fa80160019ec212d7fe,79.0
4d104f0702b64905fbf936991d2cb19c,79.0
7343c19728d9499883e74b93863dcefd,79.0
facac3d46472c8a3a0c5a8931f1f241a,79.0
bc6b9c888681765f177cacee35b6157d,79.0
42ca85e026223ad7fdfcc4bd3c55c9d9,79.0
d3f0c0ddeaa4a247d058533fb3ba29c1,79.0
5486d78af68ec41ae62f60ee4b611383,79.0
798515ecaf12e2e595906816414668b3,79.0
09b38464eb15dc38f7388212f156d894,79.0
3890ca07984aeb87f3c7418ee749e0dd,79.0
ee53b3b87293ad04d9799d92dc1b056c,79.0
67a34b2bceb02320cdbeedd85ba1c436,79.0
fe1ae0bf088bc446aa79c7f3c11d9fe2,79.0
81e881760435735cbc7c5c9861d70b27,79.0
a43d606a2cf881c1bf8d76847f144d6e,79.0
2a60c86a0f370e71921436d238e148bf,79.0
9dec2d47e95677b616efe366f8bf9fb8,79.0
0517275619c2cf3f948fd80048339422,79.0
d2e6487cfc92b4e2342d92853c158e27,79.0
c9f8a9efeb67ae6651f2eb9c038323e5,79.0
8dff15b503617623491e9bbdd7e6d977,79.0
5407de0a9174969e18320da8b30c358f,79.0
536b315e47f318f8144a85175c2a1769,79.0
bb6d19b76e0f5f72f87d72c33ade1136,79.0
da4d1ca7f0150ef5f5ff3b86c2b67af4,79.0
92e860f64d164d151e5fadd5f986b11f,79.0
b2a121a9e1d255c6ce969efb704562ab,79.0
ad72f2a64075d63311e1bf4daf91e173,79.0
7311dcf40638462f69a3538c854079be,79.0
b98a2196cab5a14e08ec4138141f3f33,79.0
479352e00cdace27c97cbfeef285327d,79.0
d11a88116d125a3d9cbf04bb40ccb85a,79.0
976f4427a843637b2c00d0bf94055f49,79.0
61f5442f8fb04c29cee265dfd79e847d,79.0
08181bc3f3c2efdef8dca2720d20b874,79.0
23bd1f62a71c6e64c2cf533f7a1e73e0,79.0
01b29f87009aab9f829369f51478168e,79.0
0ec6fdf01517d4e03821ee8f2adeafe9,79.0
3e01f558830af4f3d71c760a6869b0d2,79.0
60759d1a0d02d7e2d74834df707b597a,79.0
a4263c245321a3ad970851cfa92f201f,79.0
7bea077aae57157afa56bacc3852f1f7,79.0
39db8e59edb882c1518ef5624f4caf12,79.0
ca861b89bc99a9f6e4a639805b07cd05,79.0
2fdb3635d8791d61e451846d5680999d,79.0
01870df5434a15efdf52f02d895d3931,79.0
8b506f4dc52ba6daee9c1ac2987caa26,79.0
6f78bc73edfd91d21466c92cf0a43b00,79.0
4a7c4ff854f50db8989ce522597bf6aa,79.0
bf06c86a8b45ff125329d7fb1e3c2198,79.0
ec251fa96058b74b101b87f413fcd120,79.0
65d79ebd74ab7244b7c75799809ce6c6,79.0
8eb15ee1040f1c807ba88990089004ad,79.0
e77e013edbafcd4bbb08d482ede7ca16,79.0
b1a44e11c4baa2880439e1104a77130c,79.0
822fc3ec67d529e9601ead70e60a48ef,79.0
2d11229f7ef7911b8805924d8a34c8d5,79.0
47f2b4375b6c1aee9a4f95cbe493e064,79.0
5529306c8d488c130a5262f4ec3eaa22,79.0
89340e86033855c57afc47ba2d31679b,79.0
d03d84aabd2502cf10698e4153c70eeb,79.0
c43d64ae4ca2327e908fd9adb1544d28,79.0
996099e76d23cf9d25197bc7ca733a13,79.0
1b4a8daa67b84c94773419657a220227,79.0
c72574999d02567190f02835c3af476a,79.0
16049168e8b673b28d09858c49418c49,79.0
e77aa2c814bae1f2ac83f64322ca560d,79.0
5092c34f9cd47ca0d9113d39cc513940,79.0
01541240e24ed7cc26a5e0dd60c57c30,79.0
dc77ed4e8d992ff8e738b64198870eca,79.0
780b4d93c39f090c2124fc0a716c881f,79.0
0402d1ea1d67936c440f9ab05e45cd24,79.0
9cd3390c40316f478e8b0eba6588b214,79.0
a1bc2ec71a4ddec969845df90d51b11a,79.0
3c40b26b740ae128d28eceec148aa527,79.0
348e44614598924fe73dd13f6b3f63ab,79.0
4d66962e97baeb612fc75237b75d6e56,79.0
a57b7535d5456cda92677d9fbf1fcac0,79.0
a0becb2ea14407e097833407c1e23fc9,79.0
b02cce9a40436c973193673abe64658f,79.0
b498aaecef8eb64d52f9c885368c90a9,79.0
ae248597049fb44138b7cc721eb5bc5f,79.0
b952d6f0a1cf9dcb03ab9d23b6c8d4ab,79.0
78e7af7a67e984349c77cc89472bb72d,79.0
390737ff44f32b4b03dc589ed323debd,79.0
1832698a30f8a7d0e248204f4818ef51,79.0
a892d89a8126134ea70ec78d0a0f502d,79.0
8eb8bf0b474dc6ea2e442de6298e1b54,79.0
f93d45c8956eda83cf46d2e0ce19e910,79.0
eb648c2532533aa0dca70acf983cc983,79.0
4d13bf4adf89eacf8b263312d35f1178,79.0
00e5b2926b61c618f32e26a8683d84c7,79.0
95b1d607aee48796e6913f15e78fe1b6,79.0
436d3faf6f9b9df23510f8f9c5dd6680,79.0
358bcab53116b7f355527e475b2b6b1d,79.0
88e6c91e3f8479fc2f83e3be6280e05e,79.0
5a158dfc1554dd2b4fe7f3c2581993bd,79.0
2f3c501d98b288fc694a6c82e04131b5,79.0
6f25d98f3f9e03ef507d02ee33430e21,79.0
e3495901f796d61ae2604a9784306f61,79.0
f22b65b568ee679fc4f343391919c54d,79.0
07afc68e24c308212aef88a983497e09,79.0
b8049e11dc7ad49410a712171319be65,79.0
2ce9a7ccf6ab4ee349e1c33c7fa92ebf,78.99
7ca386d94fad690a5c2db60793eaf51e,78.99
630faf8ff0f9e9c6fd9c6033a9f94d95,78.99
efbf2ed09046e731a78937eff84b3c04,78.99
2109b137face1d5d20a2517cac0f284e,78.99
b2b873cd5f2e39108cbd3527ddf9a861,78.99
94b3e0523e094b7948b3e2faeccd6668,78.99
9385bae8bdcb4a5916f0e2eabe1475b3,78.99
33d3e95279af2757398417efced3b882,78.99
de0bfd8d6339439a14344e0688756245,78.99
a250f613f6bcde8c736ed7d5e04c26b0,78.99
09fc8ff1b2ecc31dcfe55d4ff7e4314b,78.99
ef21b7396cece7d3d4b2a7fa48e4582f,78.99
53c4e91c6e006b404ab61e39e24bc769,78.99
c2f5a75a0745dbdfbd79b6b925dc6ad2,78.99
6a67ec8122d1c3aaff99fb0fed2d198a,78.99
08dbe84d5f0f740e4ffded575b686e32,78.99
58aea9fc48bd6a46f86bdead5143c405,78.99
29e7c4e7a698937d2b7ebcaaee702c47,78.99
a5e6bf4ac91d2a0df7e87ad00f4b35b9,78.99
e0e963615f0a720d9af7aba91af934c0,78.99
ae6da44dd162992d63e17e4f482792cf,78.99
5b27ead11387efc7a24a84b33b05d2b9,78.99
6aec49bfd345b021cbe84bcdb51f7d12,78.99
0671272d236e58448b3cbdb7f819f6f7,78.99
5a5ea6a8215f199cf696944f1540ddf1,78.99
a32bfb52b772eb12837ab15df2b165c7,78.99
f1a302b1bf40fa1112e7cc6341de9368,78.98
a08a7edd638cbf99e97e2ed2d19483be,78.98
3fcc0d2a43e27e5cd14cb2d881434777,78.98
2e068340b3037f667ce3224bd59260af,78.98
71dd334c636c45c9b8da25979f0a6891,78.98
f6fb5f14fdbebba18783eb0e9be41669,78.98
03f7c28100418ce57927a01d62a6cdf3,78.98
7c18b49687c8b8a12728b09900a3b8e9,78.97
32b1936b81907e39a7f664cd0af3aecd,78.93
fae5d5fa492706b4c5c236fa57642e6b,78.9
b95ff7c80668f3bf98651036308739d7,78.9
f2fd3db2356eeb60c898172e65eb64eb,78.9
116a19a0ae346ac667f771936ff445bb,78.9
26936078d32b04563ad9ee6611e31e4f,78.9
79990624398c7f07be8365fe30da10a1,78.9
cd0bfb46992af3f658a01eaef07d8412,78.9
34329f819a7c0bf45366202c3cbc5007,78.9
511f891aac249115eb29a6c442b4f1c8,78.9
00652f7a6e012d58f58fefd69d1a1ea4,78.9
8a5761bfa4d9d8db8945e7afb9759397,78.9
c1cf59e73b753e3b4b30c81472c9ac01,78.9
c90229cbe0e29073647f84cbaf3d21fb,78.9
90f05850ce2b05640d1db0836b95aa59,78.9
a53edd5b86dea9f6151d2eb0d98e06a0,78.9
ac86819117de4520f5fa546f19f41ce8,78.9
2ae3c4ea3ec94a886974531fbd37faf8,78.9
28bdf307ebed2aa57b5c83c7fb080fd1,78.9
cb16d70208338e0a0b2b107a2f08df19,78.9
9ae49f774ba91f69c93163548c13c61a,78.9
f9025103c99f5cce0da8705a6d5b548a,78.9
16c38e4b6dac7b5e16a19abe1e10a009,78.9
6d7f870e9a0ac4c6260e01c5f3e80eb6,78.9
6102475657db1421e4637121b495bf3c,78.9
2a0fac767e1db2a693c798963e7a597a,78.9
da23d4ed5cb0efe5ea22d93e26a0924d,78.9
d2352eb89c2f0a1e01fca14e007aeb87,78.9
06d7aa8448b8efdde1c5759cd97d211e,78.9
b559f48b8ec90f0765f927d0d0f8e9e6,78.9
54f4686e731120a05f1b88deebcfd894,78.9
7a4b3b2a8d65d37fdfbc03846521c041,78.9
bc3b70c375396b2103e9a3189309a0b9,78.9
9e9d917a4dcbc69e41a7772dbe236713,78.9
3c211334433c8e120deadcddac8c34eb,78.9
1afc6147af870917a3660e15c7a41b06,78.9
b0763465f38496accca2bc069ce6ef4d,78.9
bb20f6ab26011e4a1ad2f6ce5ae40803,78.9
4d46e7275d4a252e48cb5c22cc7259b5,78.9
4c8d593df3cc547ce94aebece40f0aea,78.9
5a20dcfb449dd9191167ee988df7b258,78.9
cc7fed6a21d9de6727fde3c7974c2907,78.9
2e44d5cc3d54587575b3b5143b284cf9,78.9
757da6478b7e44d6f5d6d2a437b47451,78.9
99ca20e7ddaa6079cc0399bb88d3513a,78.9
2b51b026f8944d9089c5b26073f26d86,78.9
177aeb8e2d309fc50ea913b999596971,78.9
ee86753d48f7eeff7eb33c6ea9b5ea46,78.9
c44e2d2739a13ad161a81831dd162e76,78.9
f9b86ef7aaa86e26dc4ae07d713429cc,78.9
623750c8ee9b83640f13062371538e18,78.9
48e28caac1de5529aa5f4fd77b556d37,78.9
002a10e899b62a460b0116e0b68697ad,78.9
5c32a672906f78018ad33038a2c68e2d,78.9
b61df7cab5e55935007713b34a72b138,78.9
db7456b6b398f8dd62fd7bb6c28d59b3,78.9
db8d12f33acf6a08a434eda169d25106,78.89
ba7c84cd4d0db9d73b66a79e4d3e130c,78.87
322d57537c7a8b542895c84ab75181d0,78.87
01af5e81cb5ee5e0864941d3aa58fb0c,78.8
bf3ce642700f48af4eac23622e9ca327,78.8
940315ea735d972f39c451d478055de2,78.8
0916ccfc0748fba303c17f71caa2e34b,78.8
5a1c1e9fe3aa6fa5a2f1d9d86f2f9aeb,78.8
bf632bfc93eda6f702cb9607513e2b6d,78.8
d9c9ef12b7f434d895353bc7c362f8b7,78.8
c390e7a5039a39f6f61077081d2cdfe8,78.8
df46100832e89294d668a42c0cbc1102,78.8
f74e8fd404f4f5538e9f950421d695ef,78.8
0063bdf3bf91260f76973a4af6f9199e,78.8
875c452eae89cbbf07ef33d9e27d52e0,78.8
94c00589c7550e31350908f68e97d488,78.8
78417495f870be90c4390d66f1dffe31,78.8
f1fbe37da16b5a0c8ae8dfccc91e4340,78.8
916ab4403e7bdc0ff60082de49344e9f,78.8
43823dba9e3fd0ef605d78181ae84a7e,78.8
53853c7961bb58825edcc1c9d3e890b7,78.8
ce7cac55075d6a945deceabf09b8e50e,78.8
a592389ac0ee2443820c52e83b3b43d4,78.76
33829a5ab9c9fbe1c5a55943b73250ad,78.76
516034d1679bb8a6ea490edb5343c0e4,78.75
8c1ec538b031faec7c83ddf4914bf92a,78.75
7b0b3ff8c45390829d0e80dcc2a0079b,78.75
98884ec6bda9bc1b3104526bbcc19d17,78.73
3364d6e5ab62686255cf5c182bfb8272,78.71
40dac0b6e0b4a82845bdfcf014e84517,78.71
cf521179de3b4adb73fbcbf7fcb5128c,78.71
d12f4bbd1e11619a1a0b1f5cebf26a2e,78.71
3f94c09c6b5414837a4d133efbbe7677,78.65
b3a5381d8bb30cdeb5d9fed3b624359e,78.65
a338acc085a7c727f37ea35006506b32,78.64
1b1c230618ded6cb0d687497cbcc3eab,78.6
eb9e7ff4a097e2ddba2ee69b9983bc32,78.55
e261f0cf92ea24cfef2b63f9f3a0e6f7,78.55
9ddcd7504deb234b14f0d44bb47de04f,78.55
279a316b31aac761c16483859fa9d33b,78.5
ca17d4fd424a130fa7a57e5465939eb1,78.5
591219cc67cc4c76efa171e1a7db4d12,78.5
abc8fcb5f9ea7fe84e37cdeb8a7d7960,78.5
184d1cab9ddaf65a2f455daf134e9c01,78.5
600cd7e78fc058ef121397ce5c7eb4b0,78.45
10d8755a2833889b456fa414433e8369,78.45
62b8ef6432c7ab027447767c1f764319,78.45
f7a9176c3749939280666964b4df0e35,78.45
af115f332ba7f4d546292157fdc17037,78.45
eac9594724e31c2bffab441f09d36d5c,78.45
fbb43bb6c6acb8c718f9d2605526681b,78.45
70cb12077370218b7b21f70e78d3dfd4,78.39
862a7e1611041104fe62a9300fd5a1c2,78.25
5351c1e4ae199735063d6406cbd4b4f4,78.25
45ce7fad590507dc87dabf4b6989f7e5,78.25
92c9d31b34b4cf780fa6b3e82693fa27,78.25
5ae24f31b56e4671fd61703aa7e9e9d0,78.25
4c6e449385f395b15ff0c965aa99d400,78.25
f8f4b936789e0728c920f4a86f0f23d5,78.1
eccc8b75339a4424b10ccf9a95e81191,78.09
ddb1eba2d5a60486026e74e899e57b53,78.0
4b4d8cb0ca06c2795b7ff3e735a841e6,78.0
bca8bba0ea1eedec5c8490b408d6b97a,78.0
22320e31c8488b747af56700e2fa37c4,78.0
45278fbc936e6358d4cb198cc3dcddb6,78.0
03ce599d2de7554119405035652e592c,78.0
e31c5000fbee5b79061e5c07f848bfbe,78.0
fb98deb0395a93ba889c36ad75372a6c,78.0
509585871d9505d583be980046b14b8a,78.0
21779f705d7bc554063de51867b2e732,78.0
63100cd7327f21c64c011139cad4670b,78.0
1a554527a355fb6472f50446520db582,78.0
60eb53d519b8d5613ed602528bbf133d,78.0
d520089f0783d83ef336bd06aa8923f9,78.0
18a0e3a650bfc5f55df2c50a0af08378,78.0
88492e86ca0506b9bbc06675a2d7c8d0,78.0
394c35ecce8f2fc1cd69d1eef55659db,78.0
4d1717454686116ca5d1f153ca5baae1,78.0
68e58c93aaeae25328b25a47d3155af1,78.0
a34bf8703dc5d1a32b39fd86eb3b3319,78.0
70dbdadd7050b13d4b0e0838fd5388b6,78.0
fcc4ed69deb551648926eab09355a9c5,78.0
e4fcb0ddd691075c50298854a361c363,78.0
0a1b402981c8f8b2eaeb86a26e9deabf,78.0
f74078b8c7665e05f5192f8c7bd95046,78.0
c4149a9313bc56d51e34029d0a6b91e1,78.0
61917d02d985f97864380b56245d461f,78.0
1e7ef303479b8085a9e8d59dafa5a8e0,78.0
cd5c445be33d9a16a9db311346ddf34a,78.0
b151c788c2414af65c8c4ffac1a594e3,78.0
7c26a3de94d7bc7a532974bf3de191a1,78.0
1100b96416e41cccd197eff3adb4ffc4,78.0
b3ee7fdfb85dc3e5de3517c7be1bfc6e,78.0
d3f77bd405ced67ebdc5485771892a40,78.0
6995cb3bb43e00de50cdc447cea8cd74,78.0
d5551343ca45deaabf15841e8ea574ed,78.0
1290b1ab54f6ca32787bdd4b092797aa,78.0
32705597278e6504c324f9c7fe5d74c9,78.0
aba40c358810d9a20641b531b9ea4229,78.0
8468e974307cf0404f6e3d5af0ad1b9d,78.0
ed192529f494e06fdd0f5ed6d97f1c56,78.0
768233c1b23f5b36d4c6ade6538027f6,78.0
46a24db3ac753ca06bad5ebbea36999f,78.0
1201779af32273e7d0a14ab05164ab0b,78.0
96ac810815088c988ee333614f60ae67,78.0
f9a448ce00c793bc273313654d4ac153,78.0
a4281c769d0b18874653319a49618bbe,78.0
bb159827aaf50cb73aaa1e61ea56b876,78.0
b759f7250ae814965050f028d53d1aca,78.0
84936b26581d8bbe95b82c100ba14cf5,78.0
9166122ca8d3afb612cd3bdf4f804bcd,78.0
d480066851e79ce3e97c6a9e7e1473c3,78.0
2b2cdde08e3dfef7b01d635917ec54a1,78.0
7854d57bf936cccbe07a2741b7e252a9,78.0
be59d1e735bcfa28082f235468e3245c,78.0
689bfbfc2b6153e94e7ca8a1b52e3308,78.0
b1cf15b2a25c647c2de2ff757c033b94,78.0
1c0f5e9216a674a0f71118b6ab353239,78.0
961071125f29a1927a25ae916455ef78,78.0
32e5a91de170f83d02e01af03c9179a0,78.0
73b88cf201fda5ca2267c68e8f477a25,78.0
5b3095e55f991741adb3a487bef844df,78.0
70d1caf284f34ea4ee405e25edba63f5,78.0
2d900f649b6456aa43078c5f05d3079b,78.0
b0a3a02fe893d9a9385a98db1348244b,78.0
f3ab9ca7b6a450eaa47bdcb67175ee74,78.0
94ce4d82e3194bd3cbb1ae70440f877e,78.0
04fb6473ae3a533427a4d828d6f7ce7c,78.0
4abd79f956c83d2c78b65fab142c9d39,78.0
ffcf601742639fe15057352054f9e8fe,78.0
0072357d0a3394d268c6abb9e30aaafe,78.0
217503bdac3f53b7c28f19bc22b222c0,78.0
13f43c07545884756b3d67f598efaa54,78.0
3f9c2ab2dba880b58557d8bc27f43da2,78.0
017dd3798ef0f401392abdbc129d78a0,78.0
12ef340be64f76b4fbee7ea1209c6e9d,78.0
3bb6fe6b4eb747875fd4976d6b37e8cc,78.0
6d84c2a1d0700d51abff6b1aa6024a58,78.0
fe902415f7a8cb6528b7b20b4f7e5454,78.0
7bcc8224c35b0255465d83404c662c23,78.0
1e47b918581b562a9d8d9f85fcb9b1e5,78.0
f7917f73a6f8e4419346b35286f28732,78.0
9a91eb50cf55e8c29be0025166f06f38,78.0
84d9369e3431d2b768c1e80c9678041d,78.0
2f7a8b448ada52d632c573deda7664fb,78.0
67b571995b48d8a580a7a8d7945aeb8f,78.0
612ee478008f38dc47a805970daa54fc,78.0
29151ff994496b7c0ba04e6dfc65005e,78.0
a68262ca1274f00f43ae47bcb071eaa8,78.0
b81eeae7fc5d4576c4cb71c94930ded1,78.0
6f2aa8cb749347f2045d1104aa7b8fcb,78.0
59ecb3cd1a0a6e1e028d208ee17a1765,78.0
de30bd949849b73af18418c2a5d4599c,78.0
7f8974f5f4703cf2425f054b9a4dd6fb,78.0
38b3e1d7ff83dcfe80315b3de83c4676,78.0
205fcc6c48de256d3956dfba9fc6c0de,78.0
b17c7301c206c221fb2ee6552862dd32,78.0
81ff308d29074038f8d342f9c4462ab5,78.0
fe67d071eefb7f48949cbe89515cd672,78.0
03e454af33e93cda33e1b22175ab8361,78.0
1701de86da9c0357f7fdbbae51e66c29,78.0
931a86365f7db2b1a69655102b93396a,78.0
643f071fc2faf5d0725c69b733da69c7,78.0
f571c1233e373065899833efd71ad0ad,78.0
5b2f7a6f614c0a90e49635115575178f,78.0
c02524c62762e2a04a2b936b7f06f16d,78.0
ebe59b02da2c81ff94071eee41985e9d,78.0
bb0b336b64ce8d27877043e5f9477e67,78.0
e87b2d91292fb8748d79dc40c2c5d0a1,78.0
5e2cf044ad5eaafa0fc1ea6e1e06495e,78.0
88ed670f1c8478bb99d01d6a8d9cf2ab,78.0
fbd6146cc7936a7f362fb09d4526f445,78.0
ff1d1612f46b4241ffbc70a45912de1d,78.0
4d91c1526ac35f179973f1abba999ddd,78.0
98fa50d8068d3c2ca1a7f9993432a132,78.0
26ab7fc41bcc634a71bf252e0f2e2009,78.0
f12306737df3c62af03422d9ac2705e3,78.0
851258217687b82b84189f26e747d2d9,78.0
97b1940e2aae6798a81d3a4015508078,78.0
68f3666fedabd658c5aae67697b67e61,78.0
a7572127a87fabd47f018134f276d96a,78.0
82d90cc533f921fd3b90ff87d197eeed,78.0
84c816645752a1ded611ae7ca018ae39,78.0
c5a311bf217bf68d1bd93fd7854e72ed,78.0
230b221fa3e4d32fcc7525860fc8069e,78.0
40a7f711d403185fdc7517b5e7a0a2e0,78.0
38e226810cf647c1432ae75b8b8cf1b9,78.0
e33468eb1b5573fce44adf067714e3bb,78.0
94433870320f80ea3eb45f2e83969746,78.0
46eb0a46c1f4b94323047849aa20e7d6,78.0
77fbab2325e22fd41ca4ecb15714746d,78.0
e36a3d4d67a762c1e7bee1bf939769e0,78.0
c2e64d930487075593367a1ea29645aa,78.0
2776f550a963e61e066dd72affabfaa7,78.0
ae514a3a680d817b98d83f750b1a5ae9,78.0
fd7805bef7bf746ef67207171ed7606b,78.0
3e7f4132736787e21b8acecff2e7421d,78.0
6ff4159cf99d5fc64932c54abd985c70,78.0
15d63bd60a06e90dc6a42bac77e08b01,78.0
1a6cc311460a5a24215e4abaf86fc4a8,78.0
bc5c044b9f2533d8a03d44d518ce8fdd,78.0
4ff01dfee89511e08ce1605b08142cb8,78.0
29ace186c67ab06034ae84880cee3fb2,78.0
6cba5b40e48cd5ec625b9a419fbde209,78.0
0ef5347dd91b15252c28720c16b0438c,78.0
1f182ea0d83bd0a076cf57ef94768e48,78.0
768b1212aff7e8d5f3cdde251b172390,78.0
f064e65677f0641ee4c4d4bfd7b006a3,78.0
b7df53a300123d644d908e5972f24979,78.0
e76ce848d5e780ad93ccf51139a92b61,78.0
afd9ea67436a624c5430af8d663b6ddb,78.0
5ef22afa3412353bb66859d444af4dc8,78.0
125cc79e58f69c02004d42cb9d549f4f,78.0
6573d9e5a363a91f158ecbc52ad1e72c,78.0
f59d1a0dc2219d4bdb4fc23f0d1d3c07,78.0
22069813f745ad53f6bbc9edaff58811,78.0
73f61de7fead9fbc2021936d345c1531,78.0
8fbc2f7fecc58a98fbd87a538b03dfe4,78.0
c2d4ca05c1058ed1b1f59df1255cd148,78.0
bcc66c63c40a91ec968cde5216d0af0d,78.0
cb8142639e986f3ffda553fea7e60b3b,78.0
e6951e1d1f246d3bcd1f319c01eaecf8,78.0
66bd9b38f2219cd1108930c3cc1df43b,78.0
d9b8efad219a6a3871b80c96b2a5b19b,78.0
db2bde8c137c06bd2b2f616b27414304,78.0
ad82dd3414b1b3d24c02d7d1dde78004,78.0
cae3161d70d82c64c6a73e5e6b5ee9bd,78.0
7513b6833a1615ae5be15e84fb3a30f6,78.0
7b12b78707fde0cbf90aa13db59ebffe,78.0
0b165e2187ea84f69dd139344260d974,78.0
3a294058a2a6f63b24d6c77dcd1573b9,78.0
5e6b3200b3c8cd836edc7759a43865f9,78.0
931e89887633d3e4f088f8de9315292a,78.0
8db2bd257e77d70fd9ed115f4e68e3a2,78.0
8e80b162ca67be702f8eea30f9759c94,78.0
138dc7414f14d963e93984a277f9d3e9,78.0
b9c51efec6eeabef40ca9570761d2d18,78.0
3a3e3b216aad1589b4c7b5a8edd75c4c,78.0
8ab434ea368809385d2243c0f05a00f2,78.0
9599f5e43a9b54a82ab4392a0c8e94f5,78.0
08f602de759c88260240b8fae24fe91c,78.0
6f0972530647a75b615f7fe6fc69ca59,78.0
c4a6070421fb7c3223103d2c145b3099,78.0
0548553d5a48db3e51de97645681dff4,78.0
493fafc21c37974fbab32c80cfcfb11f,78.0
abbf9da820977da7a8e301a49d2fae98,78.0
13bde511381263b484f4a31ffd1ef39e,78.0
9d4b64f05426c33a47669d3e758c97fc,78.0
ab83aec447125dbf18edfd78471b9a0f,78.0
9a720f15d20a2063e49b82478036609c,78.0
5e50b2b1a4f6a2a5d4bccbf44f2f6406,78.0
3b3857f0e16e75028a0980e9fad79b58,78.0
1ca068671d3f087b2981eaf452ff0bb9,78.0
7f47f37aa5317f1a00d397962a0dc7b7,78.0
f0bbb754a5855f669094d5049c09c548,78.0
9b5909d646d1b9ec3d8cbaf0bae0a0ac,78.0
1d1165426dcf7175c06609f8326ec3eb,78.0
19f515a27e9715e1786e492cc22c53f0,78.0
de9bf374bb9b9c1f0da9c6e148f5f2ea,78.0
fffcb937e9dd47a13f05ecb8290f4d3e,78.0
ec2d40b48af443ce4251d17d933f42d5,78.0
b2e2d02679d78fa9b26ca1eddc475732,78.0
d4326e5beb8116efdcdc71e8299a7476,78.0
0e4265d2833c3c2eb76f1b46e6aec5c7,78.0
c32f268299ec4b883be4ec249446f0e5,78.0
6586420cfcd5cde6e764b531b51063f2,78.0
466f25f318b9280d1422a5c4e9a491bf,78.0
1599a010ac8a6078580e56db727fb523,78.0
a2b4e1b8a7a47286cd4087fc90dea94d,78.0
a099b36e23e1b29b9a8b71f12452d3da,78.0
f170321e9d98109bd05c9669e71fc4b0,78.0
5c82b918db1d7b8f0f653d714533cc0e,78.0
b83ddd8a3dc792e59a8dc90d05f6840b,78.0
e10ac2ae672e997ee64303b7f1befd1e,78.0
df92bc4e5ce45359089884512d0d4ece,78.0
21cfa0d3860a6887e90e02e4b37e8940,78.0
81593938cf7e6d2bd4a440fa02911be7,78.0
dc68515c1613ad4cb01edf406dd5c179,78.0
aa1e003c69c80cdf08ae8225270769b3,78.0
ce7bb4d2cf76d2692bf39ad988f7ecd4,78.0
3e0d489d05ca15801e274f39adb8d213,78.0
fd5df5d31bb44f4ffed6fe856c29802d,78.0
79ef93ae53cf11433ff20305d4d04e2f,78.0
3272486665306aaac6670c697d0a4182,78.0
c2188fcd07f361e28ebf769f322d4d81,78.0
77d431cb34c9b37a5db52340d56046ec,78.0
4562268df1a2d2ac226562d1af92ed2d,78.0
618021b3be169bfebcf9604979358f8a,78.0
12e631e6faa17d9566a8fa96e5cc3e61,78.0
1cb8d99f2db06ce29268139361108976,78.0
b91007c2341381d46400986511527c1f,78.0
432f78b4077cf2df78714cb592e66c1b,78.0
ff0bc5b8c87f66b090cee153945aa142,78.0
9d880550e2b2258e195c8de278cf875e,78.0
a096c55fc5ab79f92c64f63541ac39e8,78.0
ab2b0df51c890ff9bcae72f1abc72b79,78.0
8c40680f250c946c9625740e466af635,78.0
e0ef4d2528118e7e4798cfac790e0afe,78.0
1b663bed8f7682bb0d25c06d56f67e6b,78.0
e8833ec036ef5a31782fc90de8a6efc1,78.0
e4f8c8ade9b6bd86452130dcb763e63d,78.0
deb58e474a5ac6947195f5421ea7a7ef,78.0
5f16605299d698660e0606f7eae2d2f9,78.0
71e0415715725a3be02b81d1d5222275,78.0
29cdfcc8b8e7d433cb3dcc1c87b1b565,78.0
9c4a98c1e93c14a86d4c14ce25180aa3,78.0
b463091eb4a2e2889f5e5ce0421fe523,78.0
d7c21e2c3bb8f78c8bc0e18fbe065624,78.0
01709d66652d26124875777dda46cfac,78.0
b80c4b6a7f2a243e998baea98beb0188,78.0
82e537298d0d9ab2e0f7d1a2c2b6a3d4,78.0
a01515e4086971d3bdd9b13283c6c5b1,78.0
cb86c612ac1227e3ad9bdf3ee9503d7a,78.0
71b53f38663e8be6c14b3fb0e498e4b8,78.0
1485c9b9ae29583b848828a78bd8b5c3,78.0
494fe6ed11aa9695f8fd1fddd3a5ba14,78.0
b4fd952974f786b6a9877053a27c0bdf,78.0
4067ca2fbdff1cd37626acf984f56f4b,78.0
1740021b72f00232653463652baa37a6,78.0
2cfd03d5f98b80ec794362fc02d39fe0,78.0
2ff94475324cba16890704450f6eabc9,78.0
09760ab9f33a907e4b2a712ff12dc9a4,78.0
deebbba0098d787e7531e7b18760bfe8,78.0
f5d36001e841dad8e3810fcdec2dda19,78.0
5c094cdf9dea2e827167554212743014,78.0
0fbb00ce9569487ef8b95b9ec0b8e118,78.0
40ea24d06a54905dfa43438cf8732efa,78.0
e6f7c5c97768755c5535d2a3f6add8d0,78.0
011d2f8468c1be17b9c493a916e31a56,78.0
9077572642c665ba8796dae2b3e407d1,78.0
27922493604305f1b19ab1b30d084402,78.0
2ebff6706876c13d515f6efb2c687db6,78.0
7f3c887db8ec3506117be4612105cf28,78.0
16195a3a52d14b7a0d2e4b60ab64e9aa,78.0
f0e868a9c5f71021ea5dfb44e002f466,78.0
a956d76d8e64b5faf0097b250b72e713,78.0
09742ba5cbfca33a3b9b61099ea648cd,78.0
28dd168fc770453ccc672de7c71b3813,78.0
371800d440c7ea96d8757c42728e0032,78.0
b2aac5b10e65f29a30674421c6a53517,78.0
d5e4defad0007701ad0083f4cca2b68e,78.0
5ab6da4f0948f2079320f3ab48f44c5d,78.0
429df00ee80470e6a3dca2be6869f37c,78.0
f070c29c9efc29501d6c7540ac317aa6,78.0
a311ee3ace919e91f7bfe39b98976f57,78.0
2e3f6f2d9dff79e95f7e7d0d28e03d53,78.0
6a9aa977a36f5c46538472876e0b8d27,78.0
ada4367956f1fd1d19dd40ec4ecdab17,78.0
b26b334a381075fcf9f0b0354c4a453b,78.0
8078795898cf354a167e8832f263774f,78.0
4a0e66fd30684aa1409cd1b66fec77cc,78.0
3aaca6ae62be8d951cfcdeaacafbe32f,78.0
9f7e1eca162ba964a09cb214b05b8497,78.0
e3d1323beac42a0618db14537566ade0,78.0
39b59b462888c0b541d1550612718ea0,78.0
cc680f5a69a1fa2b717acc340313c4e4,78.0
f695a13f1a3cf82bf4868a4b2144d88b,78.0
311172c3bca4313edf547ba9fb7864be,78.0
d1e06f851aade9e435acec5bc8635b30,78.0
5e152b0feca6b29b0d0016c106678bff,78.0
71a73731172b757f95114d03aee0c5c5,78.0
0b3e90a83c52a1db4ffd061f30cbb865,78.0
c3537eef72f2b883b3cbc75b1b9480b5,78.0
47efe31635e7f43b94e1944a329598e4,78.0
4c2e38f82eb2b66258218c1c2393f5f9,78.0
a84befba87db6aa26de1a34fc2d72e9c,78.0
ca1ef3e4889588c88d7fc1f80bc06e05,78.0
5eda0e0b4e9d11a87094681a4597f90c,78.0
f9b066c171fb7629d7c1e494010e245c,78.0
6ec543ce9dcec8d8c8ccef9b30e3f5e0,78.0
8e31d3df66af9239cb3cea5d0b663f4d,78.0
aeecfee67c06877f64d2f6dcb5e94338,78.0
e3803fa0eac81de64abba13f1544f5ac,78.0
eac1c6949e2905bda961903996e25630,78.0
c42527f634cdcc96d4576f9961815586,78.0
6b6d4e00580b09f566797ecde25bfc1e,78.0
6d3be2594860b9675c102aa88d71992e,78.0
8553d88145be6a0d43f86224cf5a70d2,78.0
c5c7643873cf761b588d741cfce6c331,78.0
e86063bc25b588c3766e511d708b2905,78.0
f96003d2df26d840fdfe42aea5254ada,78.0
ff2115ad55e342ae746a65ed647d841f,78.0
a39f84a6a9e158a8f74014d8ebe1bcea,78.0
b15640bf0c52f6451ef41c280895d0f1,77.99
576559b61237a8086828a22482251079,77.99
92f24993236f99b8448fa691826dc67d,77.99
a439ca180ebbf3037213e6d501646b3b,77.99
3400a591c061ccde020c507026862af5,77.99
98290b31d96016189e57f0516fbb645b,77.99
e5174673a9e30f7bf48c44221755012c,77.99
a4e18e14c32019f5f66dba4c4db390fa,77.99
7f6e550bf9f774c6d81fa90cad2bf1da,77.99
be927eee70bf4eeb40e6a9fda9e4e196,77.99
8e07f247d16ccfb1bf53c4bd7461390f,77.99
1384d3df457e46094af875fc6b89e44a,77.99
d8ab740fe38e02bd367a4e783b316f1a,77.99
87f217137bb4ded8bd45e049b6cbcd0f,77.99
3925d8a5f225de2b3e2d791e3a547748,77.99
1d1978f8e820046fccfb94a20a3ae88b,77.99
91f3a48792b867c22d0e909f4087d966,77.99
8d8f4d670280de0542d35c1513829da4,77.98
28dd24c1893bfe62156c422f3b1c6146,77.98
39956277e1326a1d59862db252e5c257,77.98
b405be7ba8a6b89a3407ba52e0c3a236,77.98
76bf17a27388e84a9e6176b47fbb2961,77.98
5e6e7c5926d54f46cae7f468cd47a20f,77.98
e8d5a2b4873087880e7b934ec1c8f1f6,77.98
03caaa2424ad1eac4fa728131f432da7,77.98
1d044059d25414bea1765816c0f673b7,77.98
12485361650f36d12adc8cee72ff41de,77.98
c2dd4419fff3be4ee48f93165e30984b,77.98
50540fa104b2cb99c95d9e5d53efb109,77.98
6b5c0295e0d10b1a80a1faa5f41d410d,77.98
d228372e688f6c326c828e9ff761dc37,77.98
191645119367588923a2fdb37a2b919e,77.97
9b4f8a6fef490a9dc955483425c60e16,77.97
d8ea7d4341a28cff9a619aa4e785776f,77.96
393c4212a4f6955961daf9fdece23deb,77.95
19feed19b2084c7a8d30c3157e3c664d,77.94
e4e0289744e52cb66d68ae3ad7b49bd9,77.94
a7e2477559074ae9de9939c720f318df,77.94
fc01c82a43b55967223e6d39405624e5,77.94
225039e285ca2f82f0f22d0ccfda23e3,77.94
01ff2b68ecb885ebd063584cbde546e8,77.94
02c771f35f4c21a4197077611f4ecffa,77.94
d9335c099e6943d88ac5f8a7cb418b66,77.94
651680b4a7eb935f91d7ddf46e60893e,77.94
f8abf1a6df82267ba181287aa57e0ff1,77.94
456c655d5a4e26662aba3b30ddbef7fa,77.9
1187135b2d9abed46948c2f42710c622,77.9
965eedb09fc3ff483a7964148b3d9596,77.9
dfdbe8d0a6644129c9b415cade8ee0b8,77.9
4ca10045434f2376d99eb463e97a6f2c,77.9
4a67c8053442ff805d7354795303c17c,77.9
9c3547e21265b2128066d941f6b1cf17,77.9
9adfdc90845f16f214dd33af84f31922,77.9
b7f32ab5dccec6b4e6343bb8f3bc7a05,77.9
7456ab2fe7a5eb4cfeba4c07cd2b9091,77.9
9a536b164593c8e139c94f455e0a6882,77.9
6332ebbe1588da7f65613ad88aa0707c,77.9
bb2fe4792c031d30447e25a2f70bbdd8,77.9
c22bc32565fea4b4f107a60eff0c000b,77.9
924a7950479b075b9605579a24456054,77.9
c77631595ddabebc103077b4b96f77c3,77.9
3d54e262ab34438486bd0eb8bf022c2f,77.9
e02357005a0c25c4b79537f0fabd64e4,77.9
13362fc2728edd1397282bb32cf319c1,77.9
496f9977a929fa1e77e912f0d70c08d2,77.9
725996336a7ab4fd518c0be1493fee5e,77.9
6717709fc0a13a92f4f9a8cec700c7dc,77.9
b6b99ec327def693671d5b0db57fe6d1,77.9
0879e009db1e47cc3e144dd67b38b4f2,77.9
fd06cb456e6429bc045f67ef3655d0ee,77.9
ce8131ee1a45966150c199dbbc23370a,77.9
b44e5afe91c6078c9d08afdf11501c47,77.9
d2b164048dcefa2c5e24bb33173ca75b,77.9
1da77576f75de6e11b97a887bf8b353a,77.9
482219f5f0168b95b1349a6142fb3acc,77.9
809ad2833c6b78506d5fc64546edc4cb,77.9
00674fe0f6a6f190bd022dbca99795dc,77.9
f0bc088c671f31458f73cc1a6a347842,77.9
f6e6296520027eb656a2c1c4f80bbdd3,77.9
9816698ee0627f1826213c50de653a66,77.9
6763c676c2f00cf34f6573b3e0b4750b,77.9
50dbe1acb28dd57bc9abe805d6fb1966,77.9
258853ae0cc52bb282d4f52397e22040,77.9
bfc24858928300e9b18e0d96637b8404,77.9
26200259c9bba6e2708558f225ce4ed6,77.9
cb0c7e89135c416bc612ef8911d63222,77.89
9fd7e69beedc256a8c3e26435e9bdd44,77.89
1736d753020912bbf5049cb1d95b11c6,77.87
5425c3c66307418719d9c76eacae0d58,77.8
a282b878ff6fbe1e92f4ad9a902d97e3,77.8
99ad4cfc3a41b227def56de8ddf4f91f,77.8
3ec302e1fc6e2541ce59d066cf38bd71,77.8
4e03d85afc199ec250c37de13770e6e3,77.8
61674bb665054e94cbd972c2d571809b,77.8
2005babe96a6efae53dbae29be5e5f39,77.8
79f56f5284d3a9cf70fbdbfba977db7a,77.8
42669d66e9ebba92f46400f726886844,77.8
c41a39d44789dfa58ded86a11abfc320,77.8
b3e2215b0e94e6fa5c9905f4d4f96dc5,77.8
6c298afb86c5e59ab2304f486948f306,77.8
647267113a2f88abcd88d218821c6b31,77.8
e5bcb726405d10a80aaa80e36b66e50d,77.8
174db9ba66f0e37b60919b93076844e2,77.8
73a1cdebbca2e661d484b28a55a3a02b,77.8
829bbe1394c6df95d98dee8feefb977a,77.8
20235a2b591b9d7b3f37c800c56a0062,77.8
ff67ab5e872384e9b7cbe4260e1daeeb,77.8
1143ed87c28997c59c4278b7be8c1e36,77.8
524735cfd75059d221644c56eb7bbbf2,77.8
82f44f612817d366e8305b59650b7d71,77.8
9fb22afe5a91a9c5f42a502ac18cb629,77.75
540acbc48a5a5ef158b6656461288337,77.74
45823b70fcedb23436c8fd6509d693a7,77.7
27278251bc7e8a7107b55f3fd7061805,77.7
d559dc84324405217e129c2448f7b1d5,77.7
fe74b59a789bbd55b090ac3f0524ca8e,77.7
f349d0d4c578720a500efdde105e48cc,77.7
68193f081e367d33cf19052c565c5e9c,77.68
093cca7e01540e70298ae25557502932,77.68
4bd50b16b68527f8f97edd3950ca2a75,77.68
d10e34f0b33060cb2d99f93170da292b,77.68
86eb5f9093235e1e5e2f6db715b98ac8,77.67
5478040f977215fe64805033d2e8612a,77.67
9061de0a5e96934a2ac00aa517a78a5c,77.67
2885d1321f7811e7c2e04644eb2e0cdb,77.63
b71e7a738b9be01b2ae7347e8979a889,77.63
42c4b5ddf0da0094426dcd5a1f889d33,77.5
1a5dca881b4fc9ed776930b3dc9ccfe0,77.5
dd9013b8f9a0b85bc923959071a8b800,77.5
b2bee6fc26529d1c24a385b8632a5409,77.42
47a7e64cd6c194e9358b7df9c67bf9a9,77.4
058b2cdb2337b4e9fd5a3b82f9e204bb,77.4
33119874af2f4045c254bf8da62d12f0,77.4
88b4ee07501ad4605dc58366d31f09d3,77.4
3b0083b0418552bc7b8a1a083d03b56f,77.4
b4afeb58ac51bc903c5362286c6a5cfe,77.2
6dc10530802d3da9db8c93dda0c58371,77.2
369fa8413084d3ca6d64c8532ed1943b,77.1
fbb476beae00fbc35d20498ab657036a,77.08
d07a756cad197e40a3b11b7c243cb0d7,77.08
575a192461d4a325e5f9667e6ce5c2df,77.08
896dada927cc2f8481ce0733ac6468ec,77.08
8b98b59b683fc78ef2a248040c22fd5d,77.07
9bad93b17d6f93ac3ec4f63c2fc3b7dc,77.0
d33318a9fa8aff8362757a45081c949e,77.0
a13d2d3b615e7782205484d9c603cbe7,77.0
e143678e76c1279b51f6fb83c205b7d1,77.0
ea73aa0b167932887e8ef6b43e1d8fce,77.0
1bdfe41bb922828fb6d4eb176ac20071,77.0
a42c2f542fb5838777737cc684c5b4d4,77.0
6565e3986825dc8741d0c41228ec6011,77.0
3d5ec0c227f2ed9de5fa6d9ac438d350,77.0
ff55a5afd93c0f7de549bd83e418f55a,77.0
0f93c9c01fbffa1c04f19e99c42823c2,77.0
d197a95f50264651f6bfda48051ff614,77.0
56893da41f4c6bb7e20dd7b135e487da,77.0
e3c038c0f88122fd5b7f566d198acc39,77.0
b3892e93d6c7734619f01ecdb6e2990f,77.0
91ee1e782c3e581c09b679fbf19224ea,77.0
75cf16e96df2157673bf319ebcf83b59,77.0
ecbefacde17c98967b427a3a1f98880e,77.0
23e8f9579ef5c6aef038027dc2522847,77.0
168a7c55addb68d11de8cb6f86ea367c,77.0
4ceeb37a91f8756cf608d4ac6cc557a3,77.0
b6d487c7ca055e980a212615f456ece3,77.0
5396e1bd9b76a93072f7d3317fd11af5,77.0
8641ccf2e70d0cc04229db3e0b887fd7,77.0
1728ec067e65bce5ecb559680e0d522f,77.0
9add6a6f2263142f6bbecf2d0865b23d,77.0
5f2ff53e9d5e23d67e5245bb3c68d6d0,77.0
f679fbd06b9e6e0386c1755b740a8311,77.0
5c1fb0d5833614e60c4a2bc10bd5dce0,77.0
d2f2ab0eca82f59cdbbdbcbc3c194b01,77.0
37b891af1e46170207e5e0dcb2f88dd8,77.0
ddd15ef77c83eea8c534d2896173a927,77.0
b4e632e75da7f40fb8ba5a8363950307,76.99
61f53bd3b55a43b690dde0258d8a87ae,76.99
d6a4e4b359ef6c46069c1639a9ae90a4,76.99
7b5d63eb48386b35bc84661adc8ea79e,76.99
feb571b0b8e2ab5abe4f95cd88d0ccdc,76.99
3646e497c87fa084a28907ba063a9c50,76.99
40da9a7b799e50dd20d3866e59ea7156,76.99
7d3a2ac58365d16362f25948b7ad51cf,76.99
4c99e42a8ad0b0e539091d1b42d1d937,76.99
260e209f14f2838911c24a44769dd980,76.99
e7fa14abbccc3cdab0705a9dc2fac2cc,76.99
ea5e4169bfe8d7b05be4f3fa2754536a,76.99
ee519cedd5a973f8c6f245c1b2da22e2,76.99
31bf991e13d77e9989c3ead0765bd1c2,76.99
755d117f08b413b6638b6fcdc0dcb72d,76.99
bffe5bfdbcc58094a73dceb79f963d3c,76.99
5ad3fce8e3abe6a24c08115372f307dc,76.99
be22f11baf346059cbe6556ef9c69070,76.99
d998224127a8d4a8ca5ddf2a59006bb6,76.99
ff8bccea0f872d28efb3170d1be104a9,76.99
5a978956f6539e2e344d24647d784562,76.96
a9e98a5c4f40a6797f748ffe05967bfc,76.96
7981495344f1ca4aad199e996ce20b54,76.96
375b84477a8c0b4120bf4459a11bdc56,76.96
cdfcb5ee3d47d7bb53ff911358182913,76.95
f0a19a6acd8407b14705386e24b0cb70,76.95
9c1dd6baf3d63cf9c81525f321fcfafd,76.9
9e44cac7574c95db25b2982fb26afd43,76.9
879dfda097aaea67d1c652f30dc6ace2,76.9
49a2c85ef281610552a32b2f8c7cfd11,76.9
e8280150928b880e63d60cfcabdc25d3,76.9
77ad3a93d1cfb9881f54f9747d1d040e,76.9
ace9efacd99682fd1afabe6bb12b8024,76.9
dd06ec756fb54d70e970c932b652d9eb,76.9
9a22acb51c785b2f42ec2fe871ea3bd2,76.9
298aeb3893e2ab07eae2950da9635e0f,76.9
50d46a33c6e173fe8c9dee8b1788a1ba,76.9
f67c3132efd7fdbe82c5365dad71d736,76.9
64e2ba6c3e485261327eedd7e735765d,76.9
a2e1b81e95b64a49c8715043ec2bf878,76.9
e175224a1568dc4b37ece75a8dcc1763,76.9
1da9f9775d33dcdc0a8d7811009a19be,76.9
c780c18f44b29fa4d0f06f3220d466f4,76.9
314437095633767efe53c366467776ca,76.9
1e73856ff88f7317350280a958fa25e2,76.9
f58a7bbf2c58573b67632dcdcf9c0d40,76.9
032f5eb3f82038a0490fd6870bf131dd,76.9
36931bcd29c6a16317fc5709800e252d,76.9
89ba4fbb9c87d11be1172a0eca085218,76.9
45400e5af35d4f15c68b46c01c7bd8c0,76.9
bb57625bfea720d058af92852a0bb303,76.9
9a69f3a16bd6b1a50dfdbccd74e97757,76.9
e82f6a8844e7afd8c587b36293193514,76.9
186225e3a0cbe611c2f5a992977ea60d,76.9
b6a1f0f770066f23f23023262bd47f63,76.9
ce88121027e42c2e895f84a8f3ccd665,76.9
49f311ba3c66c63e7542a637655d4a2f,76.9
4804d03d9f6e3df5e2ca9f8cf6b07758,76.9
e12bf82749c738ad8e5fb1c11a50ebf6,76.9
a8b1da1c1ea9d60a78b2c7efc08a9789,76.9
f8260ac0cb6df254a4c7ec7dd62a3aaa,76.9
b117b1f7cae96f2fa34b1e6a7d3aa03b,76.9
4c2d679c35f8dc6620ccf96fde654f5e,76.9
b08b1d914afbe92145d57379083eb6b8,76.9
e005b68469dd892804952168469745b5,76.9
d85ece98ddf81cdbb00aa87d7d472d3e,76.9
8dc575d88d1a84663a281b0acd9dd168,76.89
0a000341124b520e8aee66df1f6dadc1,76.89
6f5ab7951708c5ecf54e051674e7a419,76.89
a90eb0fd53226594f6390b44eab06946,76.89
6b5be9dabda2ee2527fceadab6d72fba,76.89
d39272eb1ded3bfedc7660c7ccde6477,76.89
fe75555d86a6c7a5958c03b263a4e195,76.89
b4dd6d870f3acee54737b7089970e9d4,76.89
68746de895faae694d07cc9dd9c78f7e,76.89
e25fd5064e602530991d1f6482e642f1,76.89
39ca60b69b27e7490c2b5ca631644269,76.89
6c5a55062c58e82b90671a05b892ca4e,76.89
41f7392232f044ac07529df63336f9bc,76.8
3bb15be93abf3c2a684d163ba6faaa5b,76.8
b3af3ecddf3c4588121357ab183019b8,76.8
9e96eb974f4ac250470b35f5e7a39c1f,76.8
ef5e98e0d04d6d17a694e2fdacf0a8d8,76.8
4244638de4f86270a82f7210afd70d0a,76.8
1415842b09543beb4df7db795479ce9f,76.8
f9ec92fefe9e8f36165390d2cf8a76f4,76.8
22b6b404010c1f6864e347b5202085a6,76.8
739ee0b3c55d7509cbf93ba4275199fb,76.8
b68147b225261342f06c780cce2dd38d,76.8
1c99df5830f7838be17f9760bd3d2bc5,76.8
b129c5e7449bfea86f4bef20e296c0ce,76.8
268b8b7bf0c5d5653047775c202d6936,76.8
08267ee530789f980dabae7d90aa87de,76.8
a4a6c746d0fc091842d5dd44bb22d754,76.8
ee140a8d55d39b64ce5715ec7492e99f,76.8
c1596c970f5f8765d684e7e6e3421011,76.8
04fdab473a47f9b5bc9176d939d43070,76.8
42be86d23d5fc12768d90a1eaa83872f,76.8
3bb005ea4eafbfe73f8e720b795aa06e,76.8
589298dae9fd52c451466272d22efb8f,76.8
328b7317f9f2036922f29871e0c05456,76.8
e3e9ae1347443d356811dee97b0faa20,76.8
9a63460fe86a248fb211087b0f9d6945,76.8
d7d7e1ff958b325a457c29c296e901d7,76.8
14c896a3817e14183306bb2340b08ea9,76.8
2908f1bb8393b2ef0a9e98d86511fc9c,76.8
dbf5ae77201c47ae393b07a60788620b,76.8
2cbf5763626df1af3fbe147aa470f2a6,76.8
c459a3e01cf597d97c9b5c1795852405,76.8
90006c9239e7ad344dfc506766bd4a9d,76.8
d372ffc23da2cea9222083a79c94ede9,76.8
355171e24235fde9d45d6fe1e445c3ee,76.8
2e19f98202709f7fc7dbc66d023f9ff2,76.8
23301bca57eda7af3e47546760d9e869,76.8
e31e1e25783468eb55c5e81cbb4bce0b,76.8
acbc7198e5d22a8c00ac90aceefe3172,76.8
fbb6b1c7deb81cb55bd3c0ccf3414912,76.8
7771a8ecef3af2654be29d574b299911,76.8
c22c943a0e0b37c695c2b7f1ec195c41,76.8
65f6f10609e5c8911038b9bde0e27b89,76.8
0142101e44b97fe8041e8bacfff65ef2,76.8
679d4ea2fbd7a090a67bde09ad348e8e,76.8
87cb81e00b79f677fc2a6bb9ccdbec9e,76.7
cad14e9f8dacf575e0b90fc0b9415c49,76.6
9e2e01091435c6e4a3fdb05cf11423cc,76.59
0748be2c32fadcd0e5618a5c5999ae27,76.5
e5d9ce905a15cd4209143d34b655c8c6,76.5
4899884819536b44b5b533849b3683ce,76.5
ed9c2af7dc024cd1b8668296f64059e3,76.5
4596b32d78313ebf60d4b14a6a95ff87,76.5
8f321eaa95feb3ae265f40137cd0c1eb,76.5
289f58d12e1f8bb3557dd0e3ac818397,76.49
7f87098bc4fb9fcc84bd1dadeb940bf9,76.49
02cb822eec8b6309e7ce715ccea3390d,76.49
e372e544ed515524e099e4f543d9aeb3,76.49
fe4a4b61b1485be6c8e635377ea8f0ec,76.49
23e5941e6b3f8fc50b09b6a1d453fafa,76.49
f67e4d84b3f003474bcb280eb4814ac3,76.49
e2bd185ce504dd28d763c24a633392ac,76.49
db44d450b483eeccdc0873434be0b954,76.49
9431058c0d24bf917751473cca9b9054,76.47
47f19413eda74845406736042c7b746e,76.45
f6d1915aec1b2b664f424188606a4c50,76.45
941ff5dab2335191a4fc22b2f19154eb,76.45
0d3d95013b7a4c460a17c5e041aa0680,76.35
46a3a937b2edffe17393b408e1c8c96d,76.35
58f2a48696b2cf8da50fcb21f8512c14,76.32
624b29e32f32cea6abc3daa3a6e539ff,76.25
ae114989db6894fdea28ea1cfad80125,76.25
7fc27bbc53e9ed44571ffb8382b954a6,76.25
ae98a844ca4fe6653961f85c51adca40,76.25
fae404931d0ce02b3ba34f98c86e3b92,76.25
34df16078d0ceb647b488afc94a78519,76.25
6d384ee3b15cc25120b4820bded9e13c,76.25
1d3103ef95db3088d0372907e2e96a67,76.25
9bebf94c7ebe565cb03adb61f93a8212,76.25
7e9a5d4cbccb404e8ddce807dc3622c1,76.25
70dd390d4cce478ae3b76a877a1f8cd1,76.25
18a7c9329fb1cb4141652cccf84dad25,76.2
e96fee75ad6df5e2113615972ab1d255,76.11
c9785fad52a0529dc731d1c2444f0873,76.1
3e7394d8b265e9ff64b31f047cc71fd9,76.1
d270b55f727f490ae9bf92daef4d0b4f,76.09
9b8a879e1ae208432919c6a17998088b,76.07
fa84e29eeeb4975e87f5247804cba2b4,76.05
af14f91d10108ac2c2b34bf4c0f9f712,76.05
a2c32079da05c60d8e39eee66b12530c,76.05
0b0021fc48717a02bcbd22404ed2f1f3,76.05
b08ebb17618be48b7695500b639e1a50,76.05
ca118846503b75b80967e975b535e4c0,76.0
953eb7c942f08edca37c92f746af7740,76.0
4d24bcf4581b968e3beef8333d0df649,76.0
d4dd945fa58de986fe8b0fb39cc5f5fb,76.0
fc445dec83b9653400ccf10fc313796f,76.0
ac3785013e660eab7bd9d293de1db05e,76.0
5f059fa8dad478b357244744aff6e863,76.0
42af8991a3fe9285369b2fd2f2fd0c65,76.0
229a82acdfc80e86ad990006c332e0d5,76.0
6c4db8956588a32f2e15cd587c31c12f,76.0
d2bba849f339d556466b3cf88f912d36,76.0
b5c5be1de00553c776989382afa26cef,76.0
85ed9975a964046c663872ddddf775ee,76.0
49d707c4f8c279f291fa063f2d5cba89,76.0
4b2f52737e5938338523b61e36cecac7,76.0
4f999370ed9377175722063352c8db16,76.0
1c29747884fdd7ff5fd35fb194c08379,76.0
7d82a13709e99b26885a188cf59d88cf,76.0
de3375390ab39702b7268a2d01cb5e9c,76.0
b47e0f683ae2359400e00c58466a689d,76.0
0e0d9a5fb1c1611ad0c226eb668c4b2a,76.0
aeccea6f33964065f73897084dbe2aec,76.0
549892b83bc7e46e003b80a50affc103,76.0
214d10ae7f82564a736e26f93f63ad1b,76.0
cbde8134b8a718381d08167dfc58ec8c,76.0
afbc96f3c48598615bb4d177a6dff471,76.0
beb2d988f0a92b273dd13f6954d09f13,76.0
5a141d03e70c4c36cfcce2d07cc42f72,76.0
473c155bbf0e0ae803bd419e8b1e24eb,76.0
dd8f0b8565c4c31e908402ef0885e4c8,76.0
42da09831872a4eccdffae262281876d,76.0
f7302cd809752f03603a30e3ee06696a,76.0
a7089cdfb6b910afd377368f3335b1e5,76.0
54d0cdd30e650c9f5abdb8ee917dca6b,76.0
e2e3404315182f704a25f3e4f4c45109,76.0
5e28718800958c9b17749226df1f8b02,76.0
a380a86d2b46332db9750f4d27e2e44b,76.0
89b1996b0591126bf4b91eca215d6e67,76.0
7f8c8b9c2ae27bf3300f670c3d478be8,76.0
7db05161725ac1df6eb73ea54ee0008b,76.0
aa5e0a0c36015d39de864189a2b00b09,76.0
a95017f19805adc3b0c466bb6fb3c053,76.0
46b722b9131de67c3cae9b07c011588e,76.0
3be4ac356c3f5f24bfac0a0a60ad48d0,76.0
8d36aeb3b2106d94058949c699d9077c,76.0
b7e54c39cd257eee0fbfea32e550d84b,76.0
bcfd3b40a37ce48e8658f339cc31665c,76.0
7102a330fd35abe282bb2fc65e0a73d6,76.0
0ea00ae539e6a29390c4e1d0841352e4,76.0
49bc0bacf1f213a2d30e240c648ccb01,76.0
bffd4a3cd66cac8d1769af0897e8e3b0,76.0
22e922696a7d1ab9a19c6b702fedc387,75.99
26ad3d64c162fbf936fdc2531e0d5e80,75.99
a8a812ac63050ceaaaa30a9fa3a0db1e,75.99
2fc5d6605fdea45a8a6c16ffa8e9b28a,75.99
3a017955f82b5bf61bb51aec865a01ca,75.99
99ae633cd13e3d4b48e39fd38fd175f7,75.99
ebc7fc00c7327acb58cc64190b773e0e,75.99
34eaceb9c054e70d3902b70fa7052c77,75.99
e71fb5fc7c32a6b9b99faf76cae32bfd,75.99
712b1d3c8411a245f933a8a3bca7b585,75.99
544dd9e02b01648bfd3152513f08fbb5,75.99
8cb1a667f5abb6146abc2c5f953ba3b9,75.99
9333ef63edca89e95e7c016f1c70633c,75.99
4970cda49cb6e78d40d9316b5e8e6d87,75.99
2065bc3834225f512066523cbe850d26,75.99
873b040975fe95e97e2bf8e674b2739c,75.99
8ad8a191b4613c49278c97ae88f993ca,75.99
b7819f78202d389b5e04aeafa2c4eab7,75.99
69e280cbcf0da242631472c6e99a9cfe,75.98
bf08885e81c08228779ba7da3beb7e2f,75.98
768d8bd018fa5143de281e5ab97f678a,75.98
ad575c56bac677400aa8cbaca2d8446d,75.96
cad98fd1dcf33315396326f7fdefd807,75.9
72b4e72a035c582189e59261116a9bcb,75.9
ae9dcc4124363f82adbd2148d6e240b7,75.9
698bb5b5dff4a9c3238958792999686d,75.9
b1d59b3ee7b1ebaed9be61d0fcf26435,75.9
d5ccd1ab534cefef9d940030f898c4ad,75.9
6635cefdb448183a647fa3a813fa1628,75.9
b8540cabbd1fea8b8b13db303a512cbb,75.9
d67b6cca5a87299f711a6961f579fe67,75.9
6f33091955b66227318d0e051265e9fa,75.9
1c583bfe596440a9292e2733a2cfe1c8,75.9
c3490dcedf42cc4adaed83f6360bfa1b,75.9
47e4d87e021a20a49ead4ef11a9b466f,75.9
dc6a0f1c236b47d8263b9ad6debcb5bb,75.9
947726cce590ac43ebb3ddfc6f361726,75.9
e3893e579755de4feb1a4d0313c103fa,75.9
73cb49c250b8c84bbba1cc2a3a767013,75.9
8edc0c4d54043b99b14b4888e3dc2d93,75.9
5788fd9a1d707f6ed5ecd2ada911fcb3,75.9
cb0e9523a4cddb0655e0eecf1dcef2d0,75.9
f95370ea34c6c1e0dc4cc99480858a54,75.9
6da05f4c39571b239acb72979c20bd71,75.9
e902cb9d9992a69a267f69dec57aa3a3,75.9
ba5166acad480f24f1633e1b8ce21741,75.9
457c5b779426f95415ef8458d2040041,75.9
4248fddd68e3375c24e743290ce2d9fa,75.9
ab8844663ae049fda8baf15fc928f47f,75.9
15767fe37ba4bd84e258440467cf084e,75.9
107162b6fab1a3e94e15ac9a48207ca3,75.9
6707f7d56127b258c3a93068d0f9394a,75.9
ac59af422867c34edf0192df5a172067,75.9
45442979a333bc62efccd8a2481481fe,75.9
22a330de6f63a8d1631ce94b17a4fafe,75.9
e697f7adabf275ea017610a2d7944ef4,75.9
fd50b5df0c554a9639f8f1afb5eb5fcd,75.9
503c7a5a21169f21170540da26c2829a,75.9
f21df02eb4aa54d96f2228ed68850b37,75.9
b58a766d3cf723d63294d515102ae165,75.9
cc0a7e9b8731076de1d04d352d532fd1,75.9
084966d696e012aeda96da1231a42d67,75.9
13ebcb8036b0908147a1f63f062f9f6e,75.9
03a9f8974cc93e00d318122ca6382bb2,75.9
d7d19b248d66badaddcbc1e2277712e8,75.9
414e2ac71d455f634d69e610e2fd3b39,75.9
45891ccdcbb2236785720594bf01624b,75.9
700502d0cf7cb4c12a62b243f5a3dd95,75.9
8604d93017eead9cf30eab424c9adbce,75.9
abbeb6ed95fec1971a0502dbc128470b,75.9
4d0c3d50027cfbe7eb020590e8a81ce0,75.9
e59277b168390718b57dd1f0fdbd6306,75.9
7762cccc9e7d358a7972e20199158510,75.9
7ba33d3a46ce7a2be646df5ea992b773,75.9
e9b20da6b833991bce7e39ed324e1c05,75.9
e9c9e8edea5b2c31b8ce06f9ff086ce4,75.9
55216c413a0101e314f4b67c8e114a04,75.9
a5757008de590f9d9686fb610cd8f48c,75.9
23ac779aa02fd8ec91b381549a60c4ca,75.9
09b8d2be4d111c7467b4219677696edc,75.9
ec3032c0af9490ab5427a43ac0b0c426,75.9
d7602c50f544cd619427d56ae028a08b,75.9
dd016c21610e21f5aea27c2e560d1b76,75.9
79ae214df262ee6803fc0cc23c96b200,75.9
2597d599409989ece8d776be91b17f5b,75.9
74380820e581b5e8585abc1b5e11c079,75.9
5ef437de8de859d07798c5571b3c8706,75.9
c57bd456476b5400f11dce677c741e9c,75.9
9d69cb8a80980be80313e53d52f0d78f,75.9
7ab187fb18385ade36c907a5220c33a4,75.9
ba852190288fc72ca2cbd7f1f891daca,75.9
0475a2c07b935b757ebcf4a0cbf8c332,75.9
326988df99f9234c5e2275cc63a7e584,75.9
5655a5fd1c44d8ec0fa95eec6f63ad66,75.9
f799a8e6f3abdb5c59d0ad4a5217f032,75.9
8b26e9f4e8dadffe40b101bea7634b9b,75.9
5fb32891a7dca617c09849418feedaa4,75.9
f1e32fb88dcd5796930da1b8d162494c,75.9
47001e5735ca5ed1a6ebfbc7a231f354,75.9
5fc71ad3dce68409800df24dcad0288a,75.9
f8c39e0e6bfc93d6b12d7ea11a4ecf90,75.89
01311c3c93d566f9b8991cd06a0d33ee,75.89
7d9fba320ab9c9a2b2e2cda432b07e8b,75.89
2004beab18003b04d2e2603e1055d589,75.89
243006bde78b37ee1cc3a24727e8f5de,75.8
69669ffeb8cceacaeba748ae8e50af0b,75.8
b7145cf1615e2b7375e9d77b0406d83d,75.8
04766c84e9c55280866c5adb180dd21c,75.8
3a427eb5ef71cca3ee5cfd21a31bfaf3,75.8
4d5240c021628847b09010fa6b8bc549,75.8
39d1b3f6e70944054f15906756f6f6c9,75.8
c6abf2a87e2907d182f39e8d77101642,75.8
ed0ba95dfc7b898777db974cf116f552,75.8
d3c1d56a51432da29ad51ae084d90275,75.8
c5878c6ef1faa887b7331d0ab1331188,75.8
74bee0619fc86a63d3b020f457efb338,75.8
e6548333c31a8c8ecb9e78c48e18e35f,75.8
cc859cc46f64dd91bf9b8d0a33b3dd2e,75.8
cb786b63e7d9a15fd5cca45785ce1347,75.78
9e10bfe5eb4c55263654f22bfb0af9b7,75.78
5e0e237528d42f6f95ccdae5b516e2c5,75.78
76ad602d5f0774e99cc144e8942ff0af,75.77
244991f6b1f3d73088e1f8af660507b7,75.7
7386871405cf3ca6ecce7b3253fd6c68,75.7
1e0f911566b6b2b5f3baa386b315d2d6,75.7
0accb2f17fab605eca8245890843e1c1,75.66
4c2596cc24c1451ffa0745389966d535,75.61
4fca950f390bf0d7b6ae6978401ee992,75.6
fa3cfaab1954c94fa7e728c5f3aba9ce,75.6
3ecceee1818bcc7555b587631589f0dc,75.6
125d0c1b04052d062b22674949e86de6,75.6
752ce9de228d0aa05ded6c88c1b176df,75.6
90b17430567733d3e005cc92466c213a,75.6
8880362409152ef9d8bdc890e1e6d648,75.6
7c7b95360c53f4a3054060af22a7c128,75.6
ca522fc70b24d849d86bc869543ef25d,75.6
abda27cb02d4536c98bc0c41e6245317,75.6
57c3723a1b21222d0a785abd4146a06c,75.6
44a36762b3b2f6bc16c48380685d3d6e,75.51
39d7cb23edd7b7bae9e6e24e202d52cc,75.5
abf1a0d261ee8e27ea07f10bf7c9e95d,75.5
d5728a849d6ad2371a6481478e2c4ab1,75.5
e52293a37d6ebd3e79a0442c9b9bf415,75.5
f341944fd3b737f82d0cbd439c158da8,75.5
d7d8a9d593596826008262fc4cbc3b14,75.5
4ec0d2cb28f8990b106ace8fe8b80cd5,75.5
1889da9a714df2f014fe375a0aa0ac7c,75.5
ab9909098ee1c7b2dc687e351d6373a9,75.5
1fce054f8184df5c7a4b5d5aec6fb2bf,75.5
779d93baac8efb80a7a757af51297e66,75.5
ae426228e04d6189518ffd4338572740,75.5
3375961a3c02d5650dadc9294ea54bbd,75.5
48ccf3a1988ef7c484efc8142bd0a8ea,75.5
eeb51f4afec8f120dc1bbebb90ee43bb,75.5
daac7aa4ab9796c6594880badc940b5f,75.5
1e7dba41b27dfbe43587719e97cacdbe,75.5
8cd815c4851d1692f63dbc8b1231a19d,75.5
10e9f26949e4821488e156eaf33f5fa6,75.5
0c37de9d0308364cdcfc8c1b2c5e7d11,75.5
180831157f2fd84ffe435ec095d55ce3,75.5
c118045fa1e7f9e09a5eed9130c253c8,75.49
198346aca2ea3817a0ab900610c9ca5f,75.4
1829e66069cce6e4a16ac542178d5b7d,75.37
7a9e4631c3fa2487b3a4d1a9becf3701,75.35
ecbea905184a0c30d74e0c6e4da1ae85,75.33
60b8f97b6eb90e76c3ea399ae4944aef,75.27
0ab14736076aeefb2a545f8c89931f9f,75.27
5dfa4470104f14d785fc50c65a475b8d,75.27
cd016e415a90516d06178e876e57a734,75.26
7bf92820488d5d5d8ec42c1251b90679,75.25
f44729d81505dfc0b3e20396543f15f1,75.25
91c102a628fc78be6714076a1afe95fb,75.2
650f3b6c42fb8a34e34421a58e0f4219,75.1
bb8061a40ad1af7fa13caba06d476bfe,75.07
7613a02ab23473cb787132172dab0eb9,75.0
b4a1c1ee2dddacc1e25bd59637f0b4b1,75.0
843492ad5fcb23eda76867776a3cea2f,75.0
c453a30a6a88ce8fa78b7eeeb0c85226,75.0
8916cef3208941a11239a6791d459cd4,75.0
7edc8f32ebb21dbf9f6e734f2e461afa,75.0
7389ce9498dd27c46fc01c39626b6499,75.0
05f1c2a8e913a4084727ac728bbdbec2,75.0
3106fe6ef3e7aa3053de377e22826161,75.0
445ba6c382e34aeb1d2f8ffe7b19bc78,75.0
26f71935b39470865072892a7a035b7e,75.0
35dd70767e04679612adf5506b498142,75.0
9333083f95f5ec89a360bb639df79836,75.0
aad247815d757e959d4a0d5e0dabefb3,75.0
cb9f17c579c1e1f59b091ad9faa86fb1,75.0
c2104c655bc86770665ef358e287d64a,75.0
fdad7da94289d3521ce425b4edfbfc60,75.0
f36d464468a0c3409cfe1e8e515bd6f7,75.0
e0e81d6dafebf0a0cbb332a231fc95f0,75.0
c64870fd02b9b20bba0e69782e53d334,75.0
944bb32927c4abd9d6b4b526977583b1,75.0
19859f0215ac8c453a27b6c05bea083f,75.0
7fb9bf1fbf9d6a97da563a1ee652e7bd,75.0
33bca7a3d724c58d131611cf8f0f0d66,75.0
519391ef6ef1a362771982aa9248fd5b,75.0
697f5da4a12635cc0709677e6481514a,75.0
743b9baadaa9734c4f4955e2848448ef,75.0
9491612964bb8ce20fc6c680356fd784,75.0
5af9164d1406a7f016a689a9e7c38427,75.0
5941cab9faecc602df8b6e69150b9d65,75.0
063d4a3e8b18f528d4695e3faad38ec8,75.0
a45c9308012c637ed1296aff890b4473,75.0
853fe739af32030fb7727018ca65bdfd,75.0
896aac6741f1b66d32a3ef9a02617e90,75.0
e05ca5295fa14909119f1623a1737fb5,75.0
bfbaa776ca378a2d38584020bbb3cec2,75.0
27d7695af1d20ffceebf9c0ecd4dd53f,75.0
790f9fb968e2516feeb6fa2efcf4c005,75.0
a249aacfc4fe9ddca6b51c542c60e7ce,75.0
298e006b4f9a1e7215f43688774dab37,75.0
ac8cc4a85ca3d9075ef451162d432d05,75.0
f7c5a26a8b89e451921dee86a56ff29c,75.0
5449c0156b595816472923e07b218bf0,75.0
5870764232b1c85c58f471bea1c2f982,75.0
1d2fb9f421b86873f5f7604e48b4cd5f,75.0
447981b391b3ed33e5ae3e143ec1642f,75.0
3497a69327334f063f8da0532da8e4d4,75.0
e6bef37b9fafe1f72e911f102bbca3f4,75.0
404b2eb61444fc048a4f341afcbc0177,75.0
93e5e053fee7863481445ab2f577c8d4,75.0
9922c0024122d399a1459072a40f8b44,75.0
5256eb769f0ee97e182010734e1b1409,75.0
bab96d089beddb1b1823284d30825a56,75.0
f5cf8c95dcda99dbe9c0cffe8d284751,75.0
75e0705d6dc5fb48c6976d5282804372,75.0
32e9cd29933427903b9a2a0f2d6812fe,75.0
fb80123043747e0c9ba35ff7e48005b6,75.0
dacb079d55ffb1d3955c5d923df3ebb7,75.0
cc651839aaf53eb034cd0c8066e266d5,75.0
27bf9398c28119ce30319d0805503945,75.0
8bb2d77361e0be681e34e64984e23b35,75.0
01bc42b3e58ab446f0227867f665b127,75.0
e3e5c15c73942261d698533066c9c3d8,75.0
9debacf3f48d6ebb2f1883f2a6d73b4a,75.0
c900852d2ad6367881dcd936d2c8886d,75.0
969775c0134490a47f3e5e3737fa1665,75.0
7eecabb09b5cb3af852caa2a9ab2d9db,75.0
305a0c763f05d43f5ee4d69bb84919d5,75.0
1c1ad056c87fa765562c71dac650ba3b,75.0
9b581e0364d30b233f7653122203e387,75.0
11fafdac97dcd334c09f16efc5ec0fb0,75.0
7e1e4e8bf61282660be2b5237bbd451c,75.0
6336a73ad07dc9ca8f5b52e39f23c51d,75.0
b9320f6df9c6e4b539e10322ed14e7e8,75.0
0306418261763252d46c47f9251e76e2,75.0
1c51a3ed484cc5b74ea67b98402bc18e,75.0
9e7736550d54dfeaae924986ae031c75,75.0
c12fcf45432897dd8cb4c7f5455ef05a,75.0
80dceaacd607fe2959006b3796ad8a4d,75.0
5a7ead215ddd95a942d4128b56b7b42b,75.0
06b96b78945c7693a6b18b00b3bac683,75.0
eea81ec9d315c8f8a46c7888c7475fe5,75.0
138e4116bf4fa0d77b5fd7fbb4900a7d,75.0
03b188ca8a8eb2ac83073a9063a1f1af,75.0
20eab7f90e4ca36457cb0e4ba3cf2ccb,75.0
4e6c6b0b19e656a1d215b5ea1a28bbcd,75.0
80f70f0ca0bcd19bf71e848e51206d68,75.0
efeb1f8a504d300879922d4cd4a8a0d4,75.0
e2d9a04b85d3305106f1572f2b0cad37,75.0
a4cb414bd1f91cefa16426dcd559af69,75.0
37b6959fcd4fb9fbb65bc225f914d710,75.0
bbd8ca56992dfe0124e5903375484596,75.0
2dbef7c4fd8693011193adc8ae646272,75.0
a181d9739990ed390d7d9ab2565f93d1,75.0
4fe0645c92f662ca815c8ac150c5c152,75.0
601da0d71dfc743e8ccf7fb4f689a991,75.0
883e06c99a6a4a338f2b74fcd4d4e344,75.0
ee44e7fda0ad40d0374856dfe281368c,75.0
53c3725c692f5b03879e463456f50d46,75.0
01c79f3ab2bd70b64e01c67a91843303,75.0
3290173aa17384d4003caabe134a1d3b,75.0
961acbe75033495a32244daf91936d25,75.0
6a4e7243853b0524addc569804232fde,75.0
6cf9d8b8665004b6b8ce984f80074e39,75.0
b97047ecd83b1bf7e6ce76b89168e9e4,75.0
afb521dc2727e7e421365918326a4223,75.0
11f312ef72bdca82219eca082d2cff92,75.0
57a28102ea9d979187ea6179f2014a14,75.0
854f216a13d5e9d3c1fef396c69618e2,75.0
f3da085c67eb4dcf31e0c457c727744a,75.0
2158fd165c0651527e6c8cfdb5a2bc95,75.0
784bd6313862214534886ba77660a567,75.0
1e0665b5e6d0179aa3465a016dd49b48,75.0
d7165639dc4a682258711343560a17d3,75.0
7eac6328884607e8dd6a1023cda571af,75.0
b037a695c6950aff65e546972aded583,75.0
0c5de0bf7d0d8900b388eaf6eb1a66d6,75.0
66ebf6832f076ce198e877b3db4d50ae,75.0
fc35134d5c5f79e5a0e585708e37bcd3,75.0
dc5652c2466d261f4de94e0d2087fa90,75.0
26f501c8aecc330f4717e84328f09114,75.0
5c6aa01a2dd25458cc58481f40a25bc3,75.0
025868b2a0b2c0cad5e68c7762074892,75.0
4195468e58442a5c7303990a744078b4,75.0
e8bae80b6c9c8ad014501172ca7c986e,75.0
4c0e4e69a60620838f4c131f46498b06,75.0
3ed3b8e6500fffcf751b8861174195f3,75.0
9597de20c8b55d0f22dcc26fdaa6b2f1,75.0
c998be2593cc44f760130bd79c8353f4,75.0
22ca2a10366d24ad46bac7314dd6aee0,75.0
3505f88cf7163bd5119bee06799d2ac9,75.0
4d3f9f3302f3c5c144ef518246e4a66f,75.0
c277744e507e2e184d51d5e438b90103,75.0
dcedd59668720ae97bcf13b59d111fd1,75.0
760769b49fb61cc0c8c4daaef9f3e46b,75.0
8be0a881460ad503bd088bdd789a98d2,75.0
dfb7c2c626c94a2991089835ed7c2da7,75.0
edf9b6ec2c47047c704a06a32396ed5f,75.0
3f056fd2219b2981885207ab0eed19e3,75.0
219a14804135f9a0b4e76c88de0b5cae,75.0
fc5c199aa3526151dbe8fec0ecca3a70,75.0
c5cfb8b6f3e65d58ff632e69610c68ad,75.0
0b6b18ebc85a97f659fa13bd9c05be58,75.0
938c90091f4f87dcd079af568de52375,75.0
47aa15d805a354b4586f613823305a78,75.0
e91dcb655cec02c3277a5c66bac74e04,75.0
890cec1fa7f78339876c002658b35b13,75.0
c13db9bc3fded0084b31c833238843ac,75.0
95d1f99786856f94ec5bcd00146d0e06,75.0
5b1ea921958e57b323d3bcbd9bd6ed7c,75.0
17d00a6f67b69339cddcd4fc49c84f9f,75.0
61f5f31454727ff6b6b334255821dbe1,75.0
5d298dce585ab9711f691fa5c1c22ee9,75.0
cc89c866db4f7b9cfecb9ae48c47fc20,75.0
2a0fdf25de2d2485bcc958576f5d48ea,75.0
e20e5dab42cf2fc3a11d1c89e087122b,75.0
a57f56b2df041bebdd0c2efdfb1cbfed,75.0
5f31c34eae6894ae0b62423bdce88bcc,75.0
d8e2fa07c1ff57dcf5dbc5c5a7e71473,75.0
bd92a8b890c659ac8b0875d558c4e8df,75.0
213a706474bbd220212c4e9782b0346f,75.0
09425ea1839abf2f0d289a0ff453fa21,75.0
664ee888b9b21c5ed9917c0325643074,75.0
9c6e16980c369c4591035afd4beea81c,75.0
efc248b5fcc421d31a203cf79d92ecc2,75.0
e1786bf866d54dbf3f18f24fc7a02ced,75.0
3aeb9a429e1a2c05362a1c03cb1a087e,75.0
5e8a8f670905d99e5c29facff7f833f9,75.0
a90e9e085253a28c9206dc0580944a06,75.0
b4d7b5151dd5959758d177211fd9f9f7,75.0
85a0f9b7de741202663cd284bab26e93,75.0
05dd9d54d4ad7fcea2db0393e5f6c6d6,75.0
82f7c186aba09154512a00de43c9502b,75.0
fff4f0c85a4d710abe06599e1ed08a42,75.0
bc7eb769eeb68a51edf0205462dc15de,75.0
01c2a51e4844df386c8bbd058978052c,75.0
6d1a3e9eec0461474dda136c92a61a7a,75.0
384e863ce34d06b6b49e4c895ee4558a,75.0
debcbcc82ea6d3cd47033936310ceeab,75.0
c21b4101c44c6030ad3784ece35e04cd,75.0
9b609c18b93afde20a1389f4882a6fe7,75.0
2df9fc063bd388d8bd8a509ce6cbd7a3,75.0
6afb49b08ae306fee3f98b95fe395a47,75.0
5c8411c4553f08e12c2a485122113417,75.0
25613332a78a059ea028f0360023a830,75.0
7a0080167c446b9791171a3d8114cdbb,75.0
a5b427c689e1f8dabf0469b03d673f35,75.0
870bfea80f26efc288cc9c31b522c5ca,75.0
f4d390cc7c012341c0caef6141d1db8a,75.0
4e141336d1cdaa93513480ae3b553feb,75.0
28791c94579a4d9701f4c05e6c5f87de,75.0
590db569569a4a1b3074694f522309fc,75.0
a0262fcf5f286681fc96c8d2b8396208,75.0
846315713f7cf92c71ff7b96b77a4196,75.0
41c584ea27753451d9bf606771103289,75.0
792b1af13fc356344a3c38bf7775caa8,75.0
7a68d9a45dc7764b5990c638a3393d4c,75.0
b11ef54879526dd5426f747d2ed677c1,75.0
1466807c460a633a141042faed40b5a6,75.0
1d3e643209846ffadac771cc5dc1ed4b,75.0
67c5095699166f14b1bc5134dc1a9910,75.0
ee07904a90221e85a36e0b1babb6981c,75.0
4036b2b89fc1fbbbe40175b8bef92bd6,75.0
143916271961a81bab22655683b15de0,75.0
d61f410054ba09f3b01c47ddcb280529,75.0
7582437bba4cf37d2cad8d01a138504f,75.0
5499897b58c3ec629f6e695d644177aa,75.0
62b45594e877bd203ce2e49134b8ad03,75.0
b66b3c9110b9c8bf6d402a76fdbfbc49,75.0
b1d18515040386d031ad7d7d73a32fb9,75.0
823e4298ffc2c644adfed042817a8322,75.0
b7551075c84a52e0a16a2bdb12d89d90,75.0
5a9602cc6ddcdb2b24f0472bc9efaac1,75.0
ab23483a16bddfba9362d08402bc07b2,75.0
577ece54796bd0f230d4df152b53536f,75.0
2656a50d0f9e0263c2b52c42716a4064,75.0
2b94b921bc7c333ef7fb6004b658f725,75.0
7ea4dc55434223bffb2bb27163c60d80,75.0
50de73f1e5a078e023fd006b11abf75e,75.0
c28e434060c41e9357d06d986c630799,75.0
ee75c4c1d9856dcb231108038175ee7e,75.0
0203e70e371d45dbb6db12bdc49cd70c,75.0
ec5337588333ffb24ae7ccdb89d5d94f,75.0
661cda2d3d98e413f60a234cc9e86ac1,75.0
3304fe2035fb46edc7c6d2b2d86e17d1,75.0
bdc1f7873ac4879bbd970ac78c3d2d96,75.0
9b43e111c23e03151c69237026ec1988,75.0
2374bb1234352ce588b83dc14b59ea5f,75.0
9d3da05c54f78aa53bbf63126a911b72,75.0
f2f5754aa54743f8b50ad65876ebffc7,75.0
73ee8ac995e6714d70adec2abb1c6459,75.0
59227a9b6b75b6c0612c26336eec0a47,75.0
b13fdfd6831cacb296b0d4f2b2146cd9,75.0
27521e9ab2d6a683db9364fa35f83d3e,75.0
fc3731c564285a1fdc852355848fe3a8,75.0
abefd2db6a344cf871cf42687fb563f4,75.0
6996c3c5318b0283d6adb8f41fb62397,75.0
f7c5e590db7fdf20fa730ccad55e8701,75.0
9bd8e567ef3dcb95975094315258139c,75.0
71bc1185a2200915af09c03a5fd1f88b,75.0
701808ca114679d4c02ea1ffca6b0ecb,75.0
0558be6a6e500f5cf3ab336365099074,75.0
c9de938da00c05ca53a91f3c9b958abc,75.0
b25729f20309f4a1ffbfa1a250ed94d9,75.0
2186e05589fb7bdf450cdb18696915c0,75.0
7d3460ebd7b140cb166071ca96858a90,75.0
99d6b56ba50117ea38b58e27f9ddf3ae,75.0
26696cdfe4c66b1abbb78c250b2e9cd5,75.0
9c3a67b63043d1626a51a23c256e0caa,75.0
01389f4d25fdacc049ce7dfe96c259e3,75.0
054966d42bd2283fd25c9aa4fd8bba5f,75.0
4682711611a149a9f288e05f7093a526,75.0
3e75d56cfa408510e997f70cf2ba50e6,75.0
2ccd7390eddb1ba50145dd9ac6e6284c,75.0
a6cb9d818b2720e5248f79923502b583,75.0
37735129555bd983d0fc87bff0f32d4d,75.0
0ce599987d368a757f0818f3eef800e4,75.0
148557b5c36230134009aeeb9915b57b,75.0
bad68e8c4f52ff74e43fc36f3c1e2978,75.0
c727fb82883e584942d94eaac9d45186,75.0
01cca8f48e415e8612b70b1c5ee759af,75.0
c54850e0308f8bdd7d21266938cf544e,75.0
ff04d958186bab54872637cc6f097898,75.0
d828aa60b62d1ef598c2f7c75e7dfe0b,75.0
88cfdf24cd7c7e09f64d5673857f7ca7,75.0
3e17ed0c309122328824d65f3d0c2a08,75.0
e6a94dcbf84da543ec5c0188468e894b,75.0
370da8bc336d0b2d5bc884e65bff4c68,75.0
7820fb2584a8eba907e84f23104ea6ca,75.0
7d4c5305941682463dcc781b09694830,75.0
b6e54ec7c8d54cf2c0cfa7aa39e9e1f9,75.0
fa0ceb1ca8cf0c151487efbdd2ee774c,75.0
fe649b61b14cb640b2a17c9df5cf8766,75.0
4fdae31f8a602171e41215be582f60ca,75.0
a271e9697da5a5a81f68910277d60800,75.0
18c5f93ae4021a5c6cd973ec495cdc38,75.0
29fbf33d732cdc639a51bcab305ec6a9,75.0
dcf230a09cf387630ffdf416bf92b39c,75.0
c1c43a59da4d71581ded4e06a39bb37c,75.0
7155db0555447b6140ddd3e2a9399525,75.0
e86cfb0048512f8e1b9a418e4e2235f5,75.0
3c5846b47d54a0d65ba29fa2ff9e25a1,75.0
4de333800b45cf46559cc1966187a9d8,75.0
8da05b4f4446f3369da2122d0b381c3b,75.0
001b4e9b73aa98a6276b241bfd496822,75.0
cef005896655dc4492849ce91f7363f1,75.0
fba700a28090dd4cef5433076c454f4e,75.0
392b6d3ffab5331028e208c67f87e8fb,75.0
6f9e18a3cff69372da26f5ca639eadb6,75.0
b92adfe35ee85a1fade73f9464ff4b25,75.0
0f5f122c8655a2a18a653ffb083cc15a,75.0
1a676431a620077bb8729856a39ac786,75.0
d5d579f5aede2682a6303fbb42e9937b,75.0
8a9a1deb4c40a5a158bbb0db08c821d0,75.0
d2c602b2c49567d1e76cdf168ae8a5d1,75.0
ea0d5d3cb952f08d3734e1ab8814e4c7,75.0
77f98fbbf3f12d05b118ab35e39ba81c,75.0
ffb5eaca500a57b7dd52256fcfc82e12,75.0
1d5ff4f3adccc4a651df014533d39493,75.0
625666d6594f1bf4bb46738b45359bb4,75.0
1520a9be67fc73db03e23a804c48c62c,75.0
05142fcea1f1b7eb475754abf33ece6e,75.0
7c9bd29ba762dee02252ee11180a5f08,75.0
13a5f002b69c82752170c60bea8978f9,75.0
c186409957e66d30547e91eba37122dd,75.0
29705dae91566c0df058e2b96e05085f,75.0
4b0a27a60bf0f5c8e8c61e6bbea8aa84,75.0
ccae8f97bb03a9257e3abbb5baf17a1e,75.0
2ecde8027255d1d2be3a6df838cded70,75.0
5f119e53bce30c05dd6aa7e0365ed656,75.0
e1ad369d0ec1bf2fae2a72a49f273e82,75.0
ba3ed9938cfdcf9b004312a8dae52dfe,75.0
f7c73f4b5faf697429c33ad71963b338,75.0
c1a1def640f9f4a3b89c915eeeea42f7,75.0
9ade91248eb4d71d634c09e4650d36d0,75.0
987792d50bb54634e7d921c843a4c0c9,75.0
d53f997545472e4212417f7a18b8af2a,75.0
851fa3e0bf415f6945462c8359258618,75.0
deec229612812deca98cf48ee50e5922,75.0
79d9a9799118ba3d40c7ffb9969e5d1d,75.0
2842a713be186f048490153c66d876ae,75.0
1e42bebf128ecca7f91a96aca2272f7f,75.0
48a917be2f41443540f0071f765aeb06,75.0
252dfd638053d916c4b380dbbd08fb01,75.0
dd9e4c1eca6003eba8ada3a5b1484563,75.0
13d366a15142a8b6f7e39caa24ccb1cc,75.0
0a193a491e9dc580885abc4083f70b05,75.0
353074c9222c4f0d0e1ef8336bc77447,75.0
3e8dcb52525fc9c2903322e4858e076f,75.0
e7e691951b9a5d1b3f7d6f3953d2f0a5,75.0
41018bdb3202b98952b12ecfc16b052e,75.0
8bcbfc42b483c83e9e4c419936a8377a,75.0
39fb220371a5742eab98e04499ef5fb7,75.0
a6e8fce51cea4eaa262c715df087aede,75.0
e3641dea8a807c50682b13b2aead655a,75.0
6e8c8dc2d1380ee7a963e31ec01885fe,75.0
297aedbd30d2b83212a3776ff939abbb,75.0
e4322cbdee560cc80797f69526a6ca49,75.0
9b09afc85bcbaed844e79aea5cc194fa,75.0
99b1186e2fae32c38bfaa3f00ea6f973,74.99
7aa6a1e59e2bdc73c151128d53e9cf5f,74.99
ca0263b1cbe21dee5379bf130774572c,74.99
a3abeac424922b50be0508c7d3b9372f,74.99
2d9244f63bf21b376f8919c1f29faedc,74.99
5f9118e0b6df7785e1e6c8ab151c5548,74.99
b3cdb244706fcba3d2bcd907b082ce1b,74.99
265c1fa3e3dcafc3bd75bdfaf43dec86,74.99
2b9c9e251dbb2a2a768fd48fbf151e4c,74.99
3e7b2e247e06d43230046f448bd1a6ac,74.99
1557244dadd25bbf0b7c24aa8c76cc2c,74.99
e46e979a253ea7b4a3c10c7ad5adb9f8,74.99
a80cdfee1f761246ee246628f25200b8,74.99
8de81ee7c1797e4052eecf95867f2be0,74.99
190c5d9be9a3878f974afe93e9c24174,74.99
dcce0deb2cfd275ada38c06da3c2a01a,74.99
482013f085c9f29219972bd63044351c,74.99
d15532989a114df3c8065dd8e9eaf49b,74.99
39794e843253693e05251852876efc86,74.99
be996b69aa2787a4562aef93e61ab3d5,74.99
a846b4c71577e96d467393b192b4e3d0,74.99
cce67659e9d04865a064779206b7f545,74.99
3d49b9dfdeac4e852719df5c71618426,74.99
40b399eb9ca4874f9d1632c58116f274,74.99
8130a950fdc7369a2ffa922a542a7ad5,74.99
08ba9d78fcb65b8297408608a3bc78b1,74.99
c9dde713316880ec5a56e0eb8fc0f519,74.99
2f9665008b5e1b69ca1799f5554778cc,74.99
392b4f32e211df4eff756c32762a95f0,74.99
165aeeded3ae717287fc0fc25a2ccf99,74.99
e291006078a197e3e671f521e7a2da9b,74.99
e11623a23d3f7a0adaf43e37e17e77e7,74.99
cca900d7aa2126cfaacbb583cd0432e4,74.99
3afc42fd18017037f8a3972aa57c1436,74.99
ccd94a43aabce2b984aa4945839059c2,74.99
6b91cdd21fd6d3495008e52d498da1d4,74.99
a9e6c48378ae343339cc2c6f85fb6cab,74.99
ff806b9005b5c5ceade753b2536f3833,74.99
b078566ae0d28c3e2964aa8ba7b119e5,74.99
252230964e63dc483b06023a916ac62b,74.99
01d22419c452ad55702fa5a9a81a4423,74.99
a8bcd37f8dd5ad261b9580c6fa2cff74,74.99
39337a7244f5d29aac81142dd6dd384b,74.99
b5ec169666804af7265677402e9a8017,74.99
b7efbfd326e16ce7203d8306af0d0dbd,74.99
36b9a428f314355ab3a28444932f409e,74.99
9573415dd691e34a2b92c9e39558ef22,74.99
d35ff00f29959bf609fd6f1aac62d164,74.99
6c53bdf21834cdc653478cb386a92f0e,74.99
63a1a915dae7eb2dead5b9481d8d775b,74.99
a548a5527de60eac677ca38582b331c4,74.99
2d618e470c95c9b425cbb0cbc42683dd,74.99
6e46150f461f2f295fe792668fc3dc4c,74.99
6ccedfba5919d72fcc8c51bfa982de62,74.99
6c5c37885633777105f72c3478b08f27,74.99
344a93991158c917a840a7c70dbc0a46,74.99
91207b9f2aa0e71c7c9c8271aa02f3d7,74.99
ab5f573d973c8dae4ac038e1a7fb4fc0,74.99
59e37465dbff42391e05940a53dcbd3f,74.99
919c35733c90c55e0b38c024f232a124,74.99
8a76b80a516da668ff91dd7d197b7769,74.99
af350704fe4d751c68a13bc1b3f7c67a,74.99
1a0bbe06da234b12c757578b86a45ed6,74.99
f406d9b337d8572b6816a3b6b163f552,74.99
c1caaf8d7b5c8f2d3567fe0c9f96cb6f,74.99
7ca182b6bf8a5f9ce44aee2e3212edc4,74.99
e37203fe90f4ea599df8375de9caa9dd,74.99
b796e0c31028cfd17967cb1cb6b5dfc9,74.99
1fbe094f981836b6b6bf407351c7a7e8,74.99
4494791f21d3b8231c74f272671b6167,74.99
b723168ba52134973f10c2f1e2818faa,74.99
71f39c371308d132d7633895477dd307,74.99
addeb8729d2995e56078e6787858960f,74.99
921a27e780d5bd0de12073a94955f7b9,74.99
7dff8fc2b075d7f4653960cf2639046d,74.99
9b9ef0b86d210aa78290882b2cbdcea3,74.99
a2c14c283d74f8d348c0ff49280e933a,74.99
8c36552c8308b0ba88cd19ba9fa14597,74.99
c27808faa6aa8b89eba6c04408025c68,74.99
af8757a29c12ab772d74d8343b2f9a61,74.99
da7d9ea4de7fce7d6544ff08872e9bf7,74.99
94bf85e979a2e6245f0cdf848a859676,74.99
d11acaa2c66d92618088456a9ab09d11,74.99
f488c8b5b5fd901ebbfc63b25c1e6162,74.99
6236b2fe9924d4c2cebdbca5d770b2bc,74.99
4c7e3fd8d2554c665b7786714cec29b6,74.99
27e7a55090c5a01643445f94be10ccf7,74.99
cd5d44a85e291367d489b1c5d5c5450b,74.99
eda13191a05b989ec9f6ef52806feeee,74.99
f52a8bf8dadbcf2ee789f899595e2984,74.99
da9c6feb0cae99a53c42fa919bd22c4c,74.99
36b735afba701eeba82799b7d22161b2,74.99
5eaca6dbb83458bc7094070e23ab592e,74.99
3682e97c0860ed97a8845b7554cf5070,74.99
ef4ed9fe6ce3675eabba1c07e47df10c,74.99
60b6d8366599eb7dc2169fe862b4286d,74.99
96486d08a86576c33c64790ee3c8ce4a,74.99
a19e0b7634223041fd1652ce4e1548da,74.99
4b89b978ee6465a083e3e6e52792994f,74.99
f859fb23e2e8315da5d17d72d4f372f5,74.99
9a6e18e7ee795e46395603eb78abf0a8,74.99
204abc77cec3e0675c696adea8229909,74.99
7dfac2f8b35d57481de621c401fa4733,74.99
26bc070c7700855f66d4539446779a16,74.99
4c5eb8e3394ac94270ce5d9a7c22e6a9,74.99
14f32f9bf07908e6cfaac30c14928156,74.99
9a72067ed588f17196e71c5b7758ff25,74.99
e3a899173e31bdf2f8f721a58cfbc0bf,74.99
42b3b672e11bdf08931bcbc9ebaa7eb2,74.99
980341a4c8369afc8672ef5dadaecd1d,74.99
b4ad6f9e47240de0410c2b0c7c1e54d0,74.99
c538e5c2e48c6a255de59da12a3d8c69,74.99
37be731e9a59816c2139b344f51147dc,74.98
ad3011507c90255bf37450cb9fcfadd9,74.98
5c87184371002d49e08b9ac10eb96647,74.94
640e13440de2036276d0a4b915a08710,74.94
5226615e7244cce7c69845197816fce8,74.9
bee022d12e945e369ab2e171181b6c2f,74.9
1a56ca3ed189c5846bffb53057e0e0ca,74.9
46dbd6b44084696774eb0bc59352069a,74.9
d8ca929efa35ce0ce7386db3d0f3f7b2,74.9
030ceea25c9a1b5f03e672712ec30e05,74.9
fb8d9638e7705015275c6ff9185a57c7,74.9
dd9a99a98bd9d0fb502fefdd2b6eed39,74.9
d11936daa80291dc59098bd797ed5cbc,74.9
647f99eb0007e6db23fa6ad97b03b1db,74.9
30d9367a01aa566cd76f62e91cdd40c7,74.9
479c1265c816d9edfd2ff572a78d2004,74.9
65f66bced8bf7a1879abfeef1efd54e7,74.9
82c5e6b98e498b4150818c913f3e9bc7,74.9
a4ff8cca7228d35956b4d1d3c4d2a98a,74.9
0fd9cf5bad82789678c4ff0fd5374ebf,74.9
d59bd53c5bebdf76720c302e3eaa63e4,74.9
4dba2178903f42a374b15cdc931c5d42,74.9
8bfd33c4e201a1b9b6d07f61298bc6f0,74.9
a005c22f16d0a335ffdedd9173c83c53,74.9
5a1378910e540a78b55df6f430a14cea,74.9
79c102ed4db4e20845856cd68660f8f6,74.9
54d5d7da0837d85d624ff379fffd671d,74.9
2b034f3bb93bc729a85f9d5686c8823f,74.9
e9353d11c4dfb289a1ecb1ebf502c3c3,74.9
ff3e24884cccf9cf357f9d89890e0370,74.9
29bcc6018e7e63aac11194d6060b199d,74.9
aa46592adf8954513da919ad33da2583,74.9
bc34df797b45ed606616fc478530bfe9,74.9
df5c29f85be81da0fc70651fe54704d1,74.9
fab30d1ce4d3a19f8d8990b0f92bcd43,74.9
2ed2fba1bc0c0ad69afa253c766593fc,74.9
382413ed2b40c42fd4fb8aa6caed11d5,74.9
29725405796059b5e43a6d8d547d21d1,74.9
095d50f9052522bfd261ae0a5725abab,74.9
82ad997b66970bb98cdbe1df6c5b67e5,74.9
a091295e4e45129629e26dce69fba242,74.9
638eda83a853a03e3e4f1fe6e96bccf4,74.9
fd1f36c6b0aff16b4b3bcc1160db7b18,74.9
8f8125a2e985b03e517f0ae3aa5932bd,74.9
5b0ae9e7f015176aab8cf98d22cac483,74.9
443f468da5abf42fc6a182ae8dd86dab,74.9
0ac3e5d8a4a25d55e97ec2e592dd4b0b,74.9
f0b0e87c6020b718c95ef161988a2ddd,74.9
03c7ba581235c5cf6a6bf7d1c538d422,74.9
2f9b8619efb59affa0046e1c0d708c96,74.9
81d57cbc974b1173a56a8eac72e8c9ee,74.9
04d795e7e90c83bd1dd185038140abc9,74.9
afa523d8c2bacf5a27ce93803433265c,74.9
b7a09c321b57fbcccf7b5fe38c5bd8f0,74.9
9dead22f3fb9ad35d4a1b5f9561dc362,74.9
a66e526a17860943206e0228567a2a1a,74.9
81ac84cee86bc217c8b2eb4d8cb08b5f,74.9
3416e45f6c9842bfc863fe211e22a261,74.9
faa0c4abeacc34fadc4bdcf878b42b63,74.9
a2ee2b8e443d009d5198a5fcb673cab3,74.9
6e498327113595d732931d56b625c876,74.9
438587a96c7fdbaaa67dd07b72a170df,74.9
bbe6e0278fc1136ce2de5a39efcc2a8d,74.9
8f36bba3eb0b719188eec69560d5d815,74.9
8c3af92a2d4a22018ee148f83dd61296,74.9
a862dc8443c7881ce12cb2164fc6ca22,74.9
ebd1765f07bfab797475df79adb9b281,74.9
c706d40d9c1e703d6c5f5342129f04d0,74.9
18825f08228399615d1f2c100c6fa5c7,74.9
d80e1c90ce4d9aa890d53859559e9cae,74.9
807158bef6145c422525d5413be80338,74.9
fba1b58765ef7e1cb7711125ff6e20ca,74.9
f57ea69386fb2d18c59fd03b7bb01dd6,74.9
f6ef3f5caf2b9fc0cb87f67c14b98196,74.9
422fc2b8f738a1147597dda4a46e32b0,74.9
f037c0f3d62d2c77533386a9b4e32883,74.9
3fc94ea7aed9a5ab86431c3842c44542,74.9
d448e95e212ba503c7b0e2bc285b99cc,74.9
821ea76972cd17c9b58d81015b797451,74.9
b5672da69f806d8bc4eea831365f07da,74.9
3641be52976f3de8181f072a7bd7865c,74.9
93f7848659010f6e9d53da39631aa55e,74.9
873dcf6ac219081c5b3dd8bc564b2534,74.9
7efe476e8b83bd3a931a19c3f600a775,74.9
4fd0b9bb860c9a3d841746e1cb742314,74.9
e2ccd88ee72187cef52de491449cd034,74.9
296d217e9be3aab5ddf01a7e26102458,74.9
b3b4c2d3aa425f6db2248f6360096213,74.9
3442dbfa60e5f94ef2394a62c2519f03,74.9
a119a6f40e1ecc97abc1ec25f931174f,74.9
66d2242091120bcbaf700ebd33ecd879,74.9
fbbbf9c39662ec023c52d0169700b4d6,74.9
2163644f99fa981932735bb11601b9dc,74.9
aaef891a011f9c3533e29fa09e7b2f2c,74.9
5b53e12955fa1570b673247759a6184d,74.9
a5802bdf6acdea92021a695149a8bbc2,74.9
b60a568698ca321102eee61a276055ef,74.9
b15d76aacf87f478b07ac806f0248d9a,74.9
48f33d2f74cd85093145532d5b9b14e9,74.9
9bed2d43411502075eefa923e6ed73d1,74.9
551f48e94f1229ae6aa375480f198394,74.9
1595b02112f2521f2873e2edae918aa6,74.9
fbb7a261c859a8885a9e4c6fb1810766,74.9
5e7aa73120cbc53fa49f21b2179ac0d7,74.9
78cba1592dc3401cde07467a756c5e8c,74.9
cf27417496ed0eb9daf8a4adc65686ca,74.9
dc607dc98d6a11d5d04d9f2a70aa6c34,74.9
b99610bbe48a03cb9cb9af9898a4cf56,74.9
1217d9ba5408d02c8bb74d95ec4161c6,74.9
0cf58b15631312d9ec4e4468d68b07c6,74.9
df68a541b3247a8de6570d0a788e8af0,74.9
aae14cc68c254aa377d8a2139e3c7c72,74.9
912e1ba087c69b4cedf63bb560839ad1,74.9
ce68d694e1d4e3354bee31ac4bcb90fe,74.9
dad74a1dbc8423df39e6e815ba6ef2d1,74.9
ae4cb608d969c60cfe54ce07ce4fe321,74.9
18521130f0f00afe12cbc9011405af3f,74.9
c190690e301a71da231b0310e61c7744,74.9
cd6c124956591100b92fe3f3f55450a6,74.9
a9ca3b39e35d10ccf296775214d2014d,74.9
336fe4ef7e8a7fa121c8edc71ca52a2a,74.9
d8c58d422ac9b98559d7c6f9494a3b73,74.9
b6468b4d8c27698cc09468fa3efa39d8,74.9
bcd732582c33a29babe2d05cd5af4d92,74.9
f9ed63010ec897e6fb2c5ce868195a18,74.9
b8ec9a7ec8c749032875121b1eb2270f,74.9
d31dcc0549802457751f20cf5cad0dd5,74.9
c6d5fa62a0889f8466ef3df2398cac5a,74.9
74565521a1debbacbe9b111bac3ecbfa,74.9
52ff4b247a5a4c45b46ece17b94ff728,74.9
ee74cd7692f3590b03d7b8fbcdb18c44,74.9
ec43d3442220076afca1be446fea1eca,74.9
5dd942894bdbcdaa6721a9f078741749,74.9
49658117b256d5f59316507693ffefc5,74.9
af2b35a1f9142e795b3bf98aa48ed575,74.9
237090dc5fb5212fc44befee2ac8ce3e,74.9
8a8d243de0512b01020a23288af87a67,74.9
d8e3846d82e712608dfda713b5929998,74.9
fe76f5f82711c01468aceb3b3eb7026a,74.9
314d29c9d4535a7b44172612e9300610,74.9
714e373b4d8a9a18a7f5fdb022bafae6,74.9
f6f74613ded22c102036f612fcc35de3,74.9
86b9cf04766302b8138ccbd75ce345ef,74.9
f6915a8852432ca16966a014a913bffe,74.9
d904879012dbcdbce7526af1b341abd4,74.9
269ebe5042123ff1dfbfc95d52eae825,74.9
6570c3201dbf324786cba23cfe64fe2d,74.9
655418b3cc52d17ccb5b4330a7f03197,74.9
cb18367e32c4f264ce4e1a23db543dbf,74.9
94ce1065665d266c491641637b7bc660,74.9
5029a2d8b52584f6a4ac26c17e7f024f,74.9
1c6579ddbb2f786b7e5749ee5a227b14,74.9
7ff51888aa637a777566f2b0584a088a,74.9
21087ff65fd587817c856257e50f2840,74.9
0f88bc8d97cc7fa1ecf056675bba6bc9,74.9
9a102cb1eaf62472fc2e11f5451e5c47,74.9
fe55fedfef0683a529b51a9444214ea7,74.9
838a8a0e522e128e0d0ce9ba3e142606,74.9
03514f9ba6258fadc8aa2391eadee65b,74.9
34f73a0751779278c555143b54379de0,74.9
42b174e403eafb280aa18324cf21ca5e,74.9
6fcb5ac7b4954d40331c7e378f0f1c86,74.9
b7126a9d53da7109ad76b05cc8b6e224,74.9
1502f86a2eb8886ffb134f252debcae7,74.9
0cf85e96be67cc55862fafdb2645cdbb,74.9
8bf4138fe28c4cdbe9e5ded6940cd844,74.9
b53116772c5f1961424999a7ff5d0002,74.9
e34415cb97f778cce5acc0023594bb94,74.9
b03af535806e398922311291ae3e1f0f,74.9
bfc3a142bb7fefe8ead8836eddae2530,74.9
d233d78f0c7b854b25178c113b7185b5,74.9
f533b4f7371b257c32a77110df6022bf,74.9
988cb082e8a1d1668921753b1335d828,74.9
50b44416b99553ff4e1e8226dc1fe2ad,74.9
60f900741c4369da22e8af813b6fd0a7,74.9
10f16bdcf86ffb64a469edf9cc2994f2,74.9
17ddf5dd5d51696bb3d7c6291687be6f,74.9
5f8a2a8ed58a2be568b3fc73b3eaebc3,74.9
902a2fa2a9c6cd1286090b83b24d0b04,74.9
74ad5dd7aac0a613b5f84ec54e200aba,74.9
0c838ef80e244083eebe4db0da227bb2,74.9
716b77893ea2eac1f37d4c035a1d8c18,74.9
d65e28d2294fbbb0478399253357ed8c,74.9
25a4663e18df5049ebda091ed940b810,74.9
0df0cc2d605e76a1560ce617738b096d,74.9
ad42c47f81be1c0d284c4108e133d84b,74.9
1686681362ccf73b78b830f830146da4,74.9
b6844d6c3473b97ac44a3ae88e5287e0,74.9
b4e45cbfb54188b16762b0f2bc0f24e3,74.9
96368b660b3b57393e669836011087ee,74.9
5ea10f0e3b12d4dd62cda8328e72efad,74.9
7f496439f95f7f7e21190c2a682db377,74.9
c9a9b571f333ef3dbebee9d772c4aeba,74.9
3d42c8bfae4c6c3e3e4736eb7a6895d5,74.9
fb62d928d6792220442f770dce17a56c,74.9
07000867c38ba037cfc2298612e2517d,74.9
18787b752a0bbc71f492be954553e985,74.9
2837406f4f7bea00a234ec60e9e9315f,74.9
ab6cc37c6e78c5c1c7314592c14a5cdb,74.9
4437df47d5e6a5a2715ada6b258c0fcb,74.9
c12aaf461cee6eef95b7ebe50a7a93cf,74.9
3a2af5f4c23dff0cf1ddb8fc10e2ca8b,74.9
161bbf41f242e91075dcd075c9034992,74.9
c598e608cdb6430110d25237141c4e4d,74.9
b256d24f3f6a32420df3beec43ea0886,74.9
bb9ae08977cdcb7fea21891f23631993,74.9
e59077fac70edaa674a4967aa316e48d,74.9
0efcf77f4835470b9d86604a7a754aa0,74.9
0db14e678766522f6cb08781de60626e,74.9
f9549d865e9b3338b99f359a1e763afc,74.9
fbe72cfa6ea0eedd96381d0a68eff8af,74.9
a22a8f5ed1ba23d4aca05ed33b2917ac,74.9
b540f2ed0a81891a303aab176a4f21b3,74.9
da6c87d5d7a19234100f5f9cce913a7b,74.9
0f4ca29d9d412ff338eeb6ab3716b71a,74.9
2f394b55d46fa1a440fc7c12d6275736,74.9
f46d7e0b42f1bacf15bfdc01f857c2c2,74.9
608377cd4528c2e4cc8ea615b77f30dd,74.9
6842592a4cdd735bf3fd43ce522773ef,74.9
b2101ffadd7a4741ec0200d8bd290dc7,74.9
9970d5845fa2c95061dd466b1903c0db,74.9
057e4c89062122b06e32f9e0177fdb4c,74.9
32960cfa578ed22c98c6c039e9c29861,74.9
e4810f3375c0f016838e715c1b7a0339,74.9
f38e7e94fe8e324a27a966b5903aeb7a,74.9
eb14560bdf0397941f4146f43f653496,74.9
52948975a1c8e2ec193e83fba7d4d091,74.9
8b2ff3f5bafe3a694b5c2c7f3f63f08c,74.89
dd785c11787bd6e8afdabcbe3669d446,74.89
42141ff96dcb5e2c803d4419826e46f8,74.89
dc9e82627f0e62b0ea6e7dbfd3de003f,74.89
89e228202833d7ef75a17cf778a4bf40,74.89
1a4ba4ff72c36e31799bcef839999028,74.89
90f093b16c1977166c8e28f32e871c9b,74.89
c4b86ab8de94a7f4f9f46a1fbf57f4ca,74.89
fd2ffd87e77f39fb17fb2574f4e3d52d,74.89
f248d3e53fd30ccbaf458d4c96ab8b94,74.89
ee9d09cb5441f9ec5f795502ab00acd2,74.89
0a70df00420916bdd44e37bfdcc0d5b5,74.89
8d44fafcc5e2c294d8f71e51312a17c3,74.89
7a174dc91d52a8dbc4263714532799bf,74.85
4dbe5e9eb8cc354eb79fa6e9971d0a3d,74.82
3822955d34156d07b88be9848edfd7e9,74.8
cfbe4d21b471a3da81be31e3377dc857,74.8
a23d8dea0a3bd895cfb02b2a56601b03,74.8
67a994ef388769cac17749f83484f047,74.8
f45a36b54f5904bcfcee15a6fc08fb16,74.8
30f61268324b4137284bc56fee3f63cc,74.8
88307fcbd0dc9aeb5decad275e3685fc,74.8
6d808c06e2e45bb613837ecb06990947,74.8
a925b24d158b3313f54502e1c01806f7,74.8
348e44e7f2f2ca4cccd7c1c0ecec9d1a,74.8
d8b3ef6f73de33ae716e94d2478cc080,74.8
2ed2836220d9ae4f2c27af67953c572d,74.8
c144ae806d6a6daa786935468826bd0b,74.8
3c0323d8fbcdde434127b90b7039717f,74.8
0416120de33b5eef3e7d237ac83b45ac,74.8
719ee005a5a75b965d95e367a1be7caf,74.8
460f33177a25662d12fb9affe654e6d1,74.8
023a4933b90ba7307557b24adbe6f49a,74.8
63708dffa21ee6d5487406cbcf357983,74.8
adec67e0ce2bde83bf2ed69ad12bf63c,74.8
ed9264b6228fa70e32fd889810682e2f,74.8
fe154237bdcacd57d9cd2adaa60f1012,74.8
75aee3f7800d3d43002e7d5705c31b4a,74.8
aad6d1a76f57eb4025d1a8eccbf24437,74.8
77dccd21b005b20fc1f1418c979ca354,74.78
dd3b3caecc97c937c19f1899d84ce142,74.75
b137076cda741658193ccbdec3b05d9b,74.75
236b6c73651af91335ddfd6d34f6422c,74.7
cf6d28f68cf26d4e77f3482f0c452d70,74.7
6eb2a1fc81674d4d2877d51a498375e1,74.7
46c6a82294d359a290ff408b11cbb643,74.7
16322e237a07158592862b5d6d91642d,74.7
3cc142fd980d48f4c5ab6708c39e11b0,74.7
71058039e9883484d1264522cbc9c2f1,74.7
f2279bf6a0160ef6fbb64df126f5e42e,74.7
1860483913e0190e2f0de57014df6a12,74.7
6955112320a9d13ab8bc7dc9fc7c6b9c,74.7
dc169cbfe622bb5514404bba1f6fa004,74.7
aab0c220cbae3c04a5903911a2f30cdc,74.7
68eec3e6a739288fb08b5948faca1f5c,74.7
e36413715a98d626cb2c8da6d70200e4,74.7
feb21f1d9c67d7dc149e4739e2025991,74.7
68401f5c05de1fc6006bf56f4bd3b5a6,74.7
4cad8e80a929c35386479f5845313874,74.7
1cce0f61f764cf083b928811b1f2bc79,74.69
8bb3bef4e75a95524235cdc11a7331af,74.67
a581a65a64706359a642917e16faf4e0,74.67
199257cd08aca6241fe13429b6e6604d,74.67
46562c13f2603ce314ac9047cf85bc42,74.67
fc3e5e2cdea306080a59bea96d94f4b1,74.67
d6b1229a1370d588fc51d8b651a2c387,74.67
fbf7664ee05f798a110063e888e28ad5,74.65
7c8d8a6fe7781ea5ca552abc44920897,74.6
13df5b8f192a4a2d1c88fc564b6ac830,74.6
9e9e461189e83078ae06674afdd94eb5,74.6
ca2a96ff2aed6f4b5aeb7c112f9e4c18,74.59
9ed553d685e793263f73f6f76c90f43f,74.59
9e173d7282cd776907e4ea9d8af5d021,74.58
ec2c194abaf8d7be12b7f215e2128d0a,74.58
72956390716211e7146aed258c16292a,74.5
29d3bcf6907cfe9918a7d698d5bf874a,74.5
72eda8980db0411fc5406163a20ca6e9,74.5
9e8b9b7954bff0d47914ab1429ba44c4,74.5
be07f06f183227b5c2b31c30fbb4f382,74.5
8bd28e79cfa24f0e69f918f7f31bbfb4,74.5
21823ff837e9d3beabb31e5ba035e709,74.5
60ecb6007bbbb96c74a8f1d7a9623b32,74.5
8bcad790cb9a45f7cb07be9ed4765cd9,74.5
b73e048b0caca826fe525c304b9f2c8d,74.5
1afe8a9c67eec3516c09a8bdcc539090,74.5
f1a7b446c9611e287e29fe3923f02078,74.5
2cfdbfa53cf0e9f4d65280c7bce32bd1,74.5
2b6d4b2b966c8aa7413190f4b5dee130,74.5
5b611a9b2bc9a0024d6de14faebf0363,74.5
094fdf900bcc6efe66b40a6526607446,74.49
666c3c2d46159dc521482bb075f70d0a,74.49
b6363f9f8f6d461980e9b5a6fbd0e168,74.49
04216e3374a4ddb59314b1f5fc9cc410,74.48
5adc6c741e2d12be2f0e28f39f406e3f,74.4
a34deff3fac2f07c8a085e4d832034be,74.4
b2e9fe38e0eb107f91e26b5f777de56e,74.39
1a1e2f5f736b406930c33aba1d9dface,74.31
91f4ef78634a635fcf720e4308814c97,74.31
cb6967ba89bf0c0146e4cb9eeb5b440d,74.25
be4f0ebdda2ce97a95f0f2b9a6a28c76,74.25
3b144e19efcbef5c244929d2524d0b74,74.14
2515de42b96830caf07fafe30f5aab03,74.06
c159666648d013ce39dc858d45eae4c5,74.0
eb7da1cd8b8d48a43fdb3d86f34beff4,74.0
d9b8cffd550e76d276ae03bdab2f5a66,74.0
39e80f37ce682233db7e2474fcdcdcdd,74.0
5a90a527f175c7fac349eb85e9f2ada0,74.0
df0be7a0d523566ae05e9cd7ab862a68,74.0
34c7f6d763e368d684f4b4b9add0cd38,74.0
7a81429a083c668d1366e07c37d4deb6,74.0
80b86a02fc5a84c2fe32d9884a5f02f1,74.0
ab1739c700f4c0dff1afca491040c5e3,74.0
4b05dcf5667f512fe23847c483db080d,74.0
959d2405325e6475dc36c18f9df03248,74.0
da47b8739cc4221880eda77a98215f84,74.0
999ea745e15b6f7bcb451e51d1b9d64e,74.0
b928a0080b89749b0b35f574ec9975a9,74.0
944539610a067aa2b23935a72f94c768,74.0
704ece8ed0f1ba814027c5f615478165,74.0
d19f71039cf48477275961be96df0a13,74.0
fbaf9e9c575481dc74d37c517fb43f6e,74.0
f6b54c2de1f25f54a7515be240af9300,74.0
96c221428626e9522b8df0d8af8c9b57,74.0
02d22b2dd08fd5b4bb3ebac28f73d68c,74.0
b3a08145646e240e9a1aa67557f4d361,74.0
8f40d3fd9dc45300aa2922aa65d9570f,74.0
44e22962c585a40a9294dab5ded35dbb,74.0
cac8086da9e69106699a14f7f9ae977a,74.0
bbd5d813124f5a0eb2103ce1624a24d2,74.0
7c25bdcff2dff279eb40aac4077490a7,74.0
270cf9c8728e2837e6be6a0f30e3c1ba,74.0
419dcee16dfb4b82102d0f441fa3397c,74.0
42f3e79db71d9d167f2af22f821a02a2,74.0
d6055273a26289783f5cccefba271ef7,74.0
0266506e68e7eac1c7f726da057c28a9,74.0
85d9deaade850fce1377bd644c12589b,74.0
c0d3ff03f73f41d3c2d70a64d86c3e36,74.0
7c2ea04fa08bad623b28654dfc2801fc,74.0
2efbd1449f54af0ad6d218984bdf65b7,74.0
5d178120c29c61748ea95bac23cb8f25,74.0
f83e78a46acb1871c42071b5d46f0301,74.0
2200048a1b17ccf0499a93d1e17d7c57,74.0
8ad7dfee8e31e2a61e3e4a3053e1104f,74.0
889c0258aef3619626b02c8ee0343cde,74.0
b1692937ab119c324f7405339cb8aa2e,74.0
7a80d4e0354a7e5622cbcfdb831a5d57,74.0
acbd1a3a266aacb3bc900d3ad428666f,73.99
e479ecf0b485cfa096b3a7f1bb4cd99d,73.99
f65ff32357fe40277ac5c181c4528b3b,73.99
aedfc62ab52a3e4ea642220ccdec91ff,73.99
e5774bc03685e61b1a33c24e43e28a3c,73.99
80ba7144e275fc24797e4516f48f2bcc,73.99
dc772d5283943bdc7bf3b67188815959,73.99
f3793915d0e091211fbfcd08d3a630d8,73.99
fd9b1ede52597bfa03176164a24960f6,73.99
3bf2673f98eb799f1c8b780bcfcef7de,73.99
f5ef1d61f9b1189ae6575725718fe8b1,73.99
a8d3181bc61bbb2d572a0d4d87210363,73.99
5a7c3d82e3d752eca0b6d7a52df07c9b,73.98
9216421f8d659b63c5f3d17fc502c418,73.98
6c21ff098ffce3eae8a87154b57de236,73.98
26f83e62d72f451b8d1be6bace2c760f,73.98
1ccd718594a5661a5b07dae0ed7b5e59,73.98
63d366de705b6075a69be7990aab1f42,73.97
917149651e472bef5b609eb58e742eb4,73.9
171437bfa7315ccc0aa4c38c44d2ff92,73.9
09ebe1786d9aee6e06ef0fae650eea19,73.9
217647640ee5d5332c82ac44af9b2795,73.9
7c2bc48ba5bee6418d508edf9d76953e,73.9
933bf00ad9a4f8bfd36bd85e09bd6cba,73.9
7ce0426376134feab67c24da8660c2ee,73.9
396807fcc35170166ffb388d364fd486,73.9
2b8a8ed99205231864b4a61ab286e939,73.9
409a4744aa5c2af44e194aff56430322,73.9
b7bc50c967953585ae858cacf52fe818,73.9
397cee5da1a7fdfbbf0c6164d591246c,73.9
f1ee2c9b4f6e06ac83e3fd39030131ec,73.9
b050c06fc1598b88202301da05929d26,73.9
f456228855b27815fdeae0ad96dc17ca,73.9
1dd47f0ace79cd4c8b2e0e3e428dc290,73.9
4ff9d132fe2c07793f39e324e86f0383,73.9
cc2c433fef10e158effe8dc9bba5018d,73.9
4f50086cc2dcaa790e71e72171dda2e4,73.9
22cb1d75b185fb6f9b9c74e1033d4c87,73.9
5b0a38ce9fd2cb2076feaffc61018bb6,73.9
b0b3e91d984eb956eec6cf1de6dd717d,73.9
8c9abe2d8c6e95757ad580361d7541a5,73.9
0d0e3b7a26309a5bd600231c1c103d44,73.9
31aea396cd3697686bfc89253ce1962a,73.9
e861a50a920a00fa4b30ce14e22b4fe9,73.88
f704f5612200fcc94627abfc094464bf,73.87
329a43b53ea6c822baaf29e41c49874c,73.8
4bfe061af37ee42fb43c06a5a0d795d7,73.8
6d366ad79f5f14df9f838727285a6fde,73.8
b39cc466a30b1b0b60c6a3e311ce255f,73.8
83e68f906d563e92e1c2f3773e4ffe75,73.8
eb4201ee621ab44ff61deab8ce0e2ee9,73.8
a370bc9343e57e0b8fd82158ed512527,73.8
b5dbaddb7666f875d9a348cb0584823e,73.8
deaa5dd4f21cf2d8741e476989fe7d5d,73.8
09684cc1c5d0fdf71ff51b9f99843ea3,73.8
84d873e3af10030dbdf741e8dac59fd5,73.8
11210f93e29a4e9a61244d1e72da8d64,73.8
14fcb7be0e0a5868f190e1cda895d6fa,73.8
846bb3b84bbc7f49aa5f4be0bafb1d4e,73.8
2a625f2821b3df14f90f1b2206e614f1,73.76
996c755332451ffc8970c79ee2139dfc,73.76
76dbc1556c66d771e8a6b60c35957e01,73.76
eab464d9d766695a630715633d0523de,73.76
9f6f3da49e2d46e3a7529f5e3c25ecce,73.7
a5668d53c44bc380c43eb532779e0bf4,73.65
f1f4a5639312c4cc925f1633df0bbf57,73.6
4c2f43b071ab89f7b367b92ff19d564b,73.56
341baecb319d65b15bcfc9c3adc5de7f,73.5
8b173068db71c80e8c9ef951613cfe45,73.5
0fb85ae4e233e275790cba098c95c855,73.5
bff39a48b2e4ac7d5b658500fbc79aeb,73.5
b762be58e42c9379a0bc7f4d25015624,73.5
146416a4e83af4a088d237ec9731523a,73.5
8a80d31944835c9b6cac3e2737bd245c,73.5
9aa55c2ab36b9f183627f984104cfd73,73.5
6c2bbbe3ed23e59d735f3262256d21e8,73.5
97966ccb9ebeb90699f50c21714848e0,73.5
3610566c1bd35ade63452acf27133f22,73.5
a46d903e312bcaabd937e93363cae46a,73.5
3991580304cafd33a90e2d58755279bd,73.5
7db355df99a56ad307464851d9f45e23,73.5
c1bbdcbd2f21f02e4493e99161899a27,73.5
c3cd038d997ea6bbea55217829a7d158,73.4
634a4e35cb377fa096c26eaee2add85a,73.39
3bec57f51a23b4e63d691df3ab023cc5,73.39
8e899fa0db613636d5e7aaf46c221597,73.35
b066f92bfaaf6549b9bc5b0741ae2566,73.35
bcefe912479b03d74d270a7f707a4fca,73.35
964ebd7e857274053c42c942c13be832,73.35
2e4c61c8412f1c8b55f781b21f780eb6,73.35
4f3ef3bae0d531a175d66f875cba84d1,73.35
81838c1229ff59900c350dfe32061da0,73.35
4375ae03874261b77ea1954250188e77,73.35
999196dca58a3db3d966d8f148532010,73.35
e35a269a4bf5db26948c1d6105611225,73.35
9622408881257d7bc971204233cef21a,73.35
b05d4270c1c9faa55359c25e604a669d,73.35
da72cc07bc64f329ef6a246774aea30a,73.35
de5127e844f7bc6e9593315e778d7da1,73.35
5c457daa8db6f2e6e3124d040636fc98,73.35
accd6a35e5113320900099e88fca468f,73.35
7c5aa65f196613f9635005324fe91048,73.34
5547b9a9292eda0a94548b3678bf0028,73.3
01952039ba4abb6c459e7b6d62a69d7a,73.3
eb00367de725a3a5e7f6fa8367b65963,73.02
1be55980a49eb83dda71ae61abe091a1,73.02
fae1f4f32e8b79e0701708c0b6bcb086,73.02
e970249414365364b1b7fb253ad41ffa,73.01
43fb19aec88356ab7a785666c7436ae9,73.0
802f8835a5af80d7e12568078f24ce18,73.0
6afbdea65594b7a013b89c9f1422e460,73.0
4ea4d187c0472780eabbf029b425a2c7,73.0
5b9343b3c967f742d950e5b74e1f4ab6,73.0
708adbc7c5712f9da63ce87e97c6a581,73.0
df5942d345b799c2e2819e9ddb4fb0c0,73.0
2d03db889b90c84079a021f7997fc757,73.0
12ef26e7646470fe563e9fb2a28b837f,73.0
b4c4291f7c8e0d11b046622458f34b08,73.0
866a3fa26c4f0eec9a6ced94ed7b968a,73.0
50483dfbfd009cb9498a4c45d09440f2,73.0
32d4464f82b8f0d85df3b91caa5219a3,73.0
7186174ecd4121c35219e1874fc4eb48,73.0
5155c7c3fb6ddc5770d9c72dd3be05a4,73.0
83ab7b6e3ee453b2e3a11d072e5bca61,73.0
717f972f356835dfb983ee2437ebbbbc,73.0
d87e31dd53e1beb80ed26ed740b647cb,73.0
a2e7a6334a810ef473f4310d4309b74e,73.0
612c14a6f060ecc0f181787649afd529,73.0
f0eccf2fbfbabd057700f535e10d1493,73.0
bf90c9739e44dd9e3f1af117ba6ab250,73.0
8df7e106f99ae17a05a4594b8d77a3cd,73.0
65c59e1eb5a4888bfdb10c749775bb09,73.0
45fd1a416474c2c7118921039473a2cc,73.0
829d8b632e1b574de6a00d6b41c9d700,73.0
5608d7955091f9b8660dd79e3e418b84,72.99
9e2690a7ad4a0fd8bbf0a5b355d5e6ea,72.99
f2967db72dab04cdb80d1553ad75a7ad,72.99
a9bfd8ee325908638f8339f8e585c0c7,72.99
812de05e2de8e3b58816cff12a1302f1,72.99
af189c7154bf7cd83ae87e7c7c43a6b9,72.99
75fa6cfb28484afc68c0ab2177d339cc,72.99
60df88bce5b9d9a75cc72356d94cb803,72.99
85e495405c453c08537f1eaf6aa7fa5d,72.99
188acd386830da7fc072da72230cd04a,72.99
a0db5da556c6361f814370b2d8760caf,72.99
4c88106c71ae94d7ce258df89a3dbafc,72.99
c722eec1496fcaffe36d6c77cdcb2a37,72.99
9038ab949be47a087d3ff510a2a31b5f,72.99
888b89909b823773e3a9676f72cbdc2a,72.99
84e89ea4b70f50875e4921ff0225c879,72.99
bd845f13db0ebdbb3dbd88dbbe69848a,72.99
17b6b7850070f21ce0cb8288fb80a606,72.99
24a3465f553df345791699ee057abbd4,72.99
30fb3c74c4654ace204011068c8cf1cb,72.99
2eab8438ec51150fc124df8ed968f7c8,72.99
8dd6ce43135afeb3424e408875c010b1,72.99
1d4cc802687967bdde540ab57f9fbd55,72.99
e59f98f6faddeedd45f959bb6b96f84a,72.99
12eb34d4bad35bc05413ad9372c24b81,72.99
2458476c6c4f01b4ce4fdf4c006c599b,72.99
b2cd06e4e6927f2bfa2c93887cdb895c,72.99
a3f30a0973980e1dfd6a1ba1ce4aa754,72.99
a5a61ea6f75db2b724b6bf45de19795c,72.99
56b4e0d69de2103592f10d1e63fec834,72.99
388c16174d067179735b31163cb72c21,72.99
0126c89d5a7c2b7b2bda098668c7526d,72.99
f5750e6fdff6e49842f8bf4f152d193b,72.99
bd3ac4136016b9dec404070b49bf8663,72.99
56d9f6f165316566c76bb7779ceed1ca,72.99
493499e3761224bcde8c4496a82d61ee,72.99
e9e387c9bedb7084eab985416d1f3368,72.99
29ab23f8178580030437fa4cf68111c0,72.99
fd58e83220f721f32907fe4d3ff345d3,72.99
f618a0c08e27e7ef7b4761e39d3ba6ee,72.99
66133807d68ed8071deb3db9fea17ef4,72.99
3d86c7409e155bf2b6490a0a3384a48c,72.99
36c408645c6efa404b9ebd60139e68ca,72.99
0558772fcc9a355ef299a96a5d5531f7,72.99
2d05a3af79bd57cecb97416cfd6bf5fc,72.95
eddf93179e9e295dcffdb002a3ad2d77,72.94
1c13acd171a7c659b2130dde04e6947f,72.94
973340c885e8f9642becd20927970020,72.9
e02cd9861f07833a0aa0e073527e81a8,72.9
acad76e6005b7efd172a9fed40f7d31f,72.9
7f499cd2dcbddbb1f9e2657f34a799ab,72.9
98f4cdeb38b296a61d71d630dff7d01e,72.9
353cfaa362cd0b203605de27ae42cca8,72.9
610cac052cc9c4467f0d271e7be51ce5,72.9
6c12ba0696cdfa81f4d7427d78dc91dd,72.9
abbe9ebd806d700895ea6f9d987c3200,72.9
e4187e722cbd5b6db4b0c68b68b8c573,72.9
2644c1d41a9f5b19eb306325817c122e,72.9
cb6a4950e6710f3b8b3857fe72dea465,72.9
bc36ecb96b70fc069c568bdc3a4c0307,72.9
6a58b195be76f8ad6544e032b6c7316b,72.9
a33f9d4e44d881d0dcc5493dec5cd26d,72.9
b1a6b0dfac9abaf320097ee028cc7830,72.9
a0757a9319476fb9a600286c43fb4acb,72.9
464475d49052b9317bf74a4d8428466c,72.9
23bef79e6945472db186f6b9f6892608,72.9
3e6551142018cfa35fe34cc86e790ebf,72.9
904d174cf7b82c28c74734dafe925489,72.9
ace6148a7bef63ff4e8c80fd5c53780b,72.9
2b8139c2d4525cf24d1193894346b2fe,72.9
b3f9c0e01b6f0cd35967de0e0b7f0427,72.9
1b49d294f87dff4d42dbe0a33b640e05,72.9
0dc409c0b2ee6af05d8caf7a5676a672,72.9
4b5ea9d1e61ab5eba117fd91eb7862b9,72.9
3ed02ecec86b66da53e5b117fc5685c5,72.9
691e676db8112780e2a2fcaef6bbc09a,72.9
ff4abe97b3faf9cfaf3c96b04e2a7101,72.9
92ad887388f84f3df2ba6b2249cecc3a,72.9
a52c47efb5582ffe518d7ee7288baf96,72.9
4ba06f0d95d8065031a5696bc5770ac3,72.9
37f39e7a015413ba64cdf329b0bcc693,72.9
de05e894924fb7aaf5fd64556425578a,72.9
b2db7a87bd4d7771be7e69f032e60e6d,72.9
e0db23438c1fcbcc82885a1ce40b0bfc,72.9
fe5a1f08f1c468c24a9bbfa507678cca,72.9
d3af09c13ffb8065ae3a525c65c5c103,72.9
04ab012a558c5d12ae6037840f85a860,72.9
25c6b9cdce83cd1359c01f00b9b239be,72.9
3414a9c813e3ca02504b8be8b2deb27f,72.9
323c3cfe7ddc27f3c54331fc41edc09b,72.9
bdc88e3fd56ab201e8145c35184bbd86,72.9
065faa2d1bb6b297ca28a01d32519efb,72.9
7742c0111a713083af57f1c9961023d5,72.9
3ed284cdf0a4b6b93e4c56dbfe4bcc10,72.9
b9dfc1dcc4615513c332d062ec85c280,72.9
deb6b031718f1ec933d8ce1e7d78418c,72.9
213de7061519d5d6d610d6617bd2ca88,72.9
a07a103d0343912102c9fa16a4101d8d,72.9
7330d34b5bda6028598cc40d357a8874,72.9
cf32c953e3f9c1fe1e99fca3d3dd56d1,72.9
39da874a859b9e6124e1b121131937a1,72.9
d629cc87a70ae77b43bdc72304263923,72.9
701b198fdef03adba781dc5fa1aab985,72.9
271d3aca5de3b27397a4b13edf332153,72.9
e87f6224556205ac036d949a6b6a6e85,72.9
9f201bc45ce7cb8b9f19d5518233b98f,72.9
c1eed0065b42f01e99ef89311a727aa2,72.9
e0bd331052497cce876b637b6870f40e,72.9
27f7d35941527e3ab4db13c6fe2a5e77,72.9
542e9d27de3439eab9f60704b2f3cd1a,72.9
bbe15d08a1a1f8283a2278dfcbe85148,72.9
0aaf8035b64dd152699c97ca990a7e78,72.9
0c6fd39752c6d0290341e66b6c357f3b,72.9
395eee18a2ada8f9ec21db739527776b,72.9
b94d4638ba49563832d89026674e1faa,72.9
7167388318dc1270ddfac0f46bce5f6b,72.9
e6e579b8f68f697b058dc326d10acef2,72.9
812d2ce75e6313ab48b13ecd9d4b7fb4,72.9
3c38956539b1fbda6560b62ee73d2c42,72.9
4f234cf97bb16221526fd4fee0aafba2,72.9
0af44c57d407f2f0e1d37f1489ca9463,72.9
43d5d4295c035d739e21dae22f2925de,72.9
2368e38c19fd581f0953057716cad811,72.9
7d3b9525b38ede555351e75caf596b4d,72.9
195f30dba556ad925afba1ecca917439,72.9
4581c014bf50140e2b6b7f4969261b57,72.9
7f858b13b6bc5add18230f1efbd7b6e9,72.9
02bcc64ec51494bf78f5a83c1414a4eb,72.9
7e4afd20ae143f73bec2e0ce84be702f,72.9
04e6b770102df2c677ca4505f9c0c786,72.9
7a79946ef2b486ef080e4051eb0b62fd,72.9
a184af958c6e57315ba863df407a9dca,72.9
742d405d3f6197a983010df7d445be3e,72.9
46edcf2abf681a6c54768fee4a68f795,72.9
1579a4f55a1c6707bec3dd05c84f9204,72.9
96cd8ababfdcedc5d2572cc0874fe60c,72.9
1c5a18f7ecfa0ac0afbf4560a89f7dd9,72.9
c0882c203004aea93a0d4e21febe5d36,72.9
35eb8474043d903a123d6d6965c530a4,72.9
b0a50f8b887b813f1534c1c69b4e3f62,72.9
5f2d3a20b81937d3ef88d622b2f92035,72.9
574dae3d2726530a55ab02c8fb9bc3da,72.9
635e6841727c22cbb3926856fd4b9ac5,72.9
766145029046296846bb15b8fd581a25,72.9
54b1a3f777445eadcd960f085daeda40,72.9
d4393ba8ed1362c5f26246aa6a2676fd,72.9
5ccbe19454188dfbb5c832a7367654ac,72.9
102d5f33c41586f432227d8206b4ba66,72.9
73d6e52130a752531279ac4642c5ec77,72.9
003f7d92ac63c512bb6584219806f8df,72.9
54f2e25e66f702784c3c9e32d931b037,72.9
5fe192bae45fa922d7d7aaa2fcb75247,72.9
7fcdfc53be63ce7736097948a46d9fef,72.9
ab5b237c2d936d6bc9e7c7ad3d51bc11,72.9
d5ba94a4fd64c7563ad4e78f2afe5534,72.9
6392803bb7bf94fdb660b2a57c149457,72.9
f4898a10ff17e1b5df456b2a48322d7e,72.9
e67f59f16e6056646cf6ad6cb2b0ded3,72.89
08c5351a6aca1c1589a38f244edeee9d,72.89
f9459256278b4392327e0d24cfcb7eba,72.89
7e4b0829dda8a60be1eaeece2b9dbe51,72.88
55c26ac3861a19bc1c31c172accd5f16,72.86
5226966b442ede0e7c5d138d9a23fb1b,72.82
1ea783594d700e7ae08c133fbe97811a,72.8
21d1c2c0b399a42369744faf573109f4,72.8
909e605a5ecf709a35b217b52ac2dbf6,72.8
d516b3d67e888a60101647dc1c73edad,72.8
b5d690a89f3a144487f8630df7cf567f,72.79
b04387f66716ae227cca39f8ad86ddf9,72.79
d6d7118ecf4bdcb7b79400b30b9f10d1,72.75
eca0a7f41f784eeaed7b306ca676dad6,72.75
b9dd7a8c7c61781ec848fafdcf7e3412,72.75
cffe268026902829ca5d41cd554b4788,72.69
a1ef179803806ed6e3ee7eb4e0071633,72.62
11a10448e2adeaa0f579ccd356a6a3f1,72.62
d2b324ed82defef43c4a555620013809,72.62
21caa667b0f79c15b879b304f8f25e9c,72.62
5d3eebe078426a04dfb7091de73314f4,72.62
96f205a3bb3818698d8f49ecf41200ab,72.62
3444b6df29161fdf7e00469f6f79693d,72.62
1f5f2aee7b1bf7d63c11209b1b8aa8ad,72.62
bb78b6d89c1b2808c64419b2bde18362,72.62
cf8aad39a4385965193dcf426ae72686,72.62
5fd34b6c7233619283197ff572e5e966,72.6
cbc1589fa3c1d671120559e26c3c3a96,72.6
aa213e6f66f6c3c075e569427d8344ce,72.58
8ac44e9c15d396b8c3c7cbab0fff4536,72.58
2a5ed0328806da6241e75520ed74d9e6,72.5
6ccb997c97b0734228b454ba220ed00e,72.5
d014e48c9b9e60f7804f0a43d4891b30,72.5
c469d5b6ae3c2c61e9936a9ec05f21dc,72.5
4543d1d45d8938b993630a876b517070,72.5
8ab1fc5d1948f7d9fe4bc2683b757495,72.5
ed8015d79ac87082198750d415abd7b5,72.5
362a2ed4cfc696ffb1b54029c4886493,72.49
258a5e776f6023a8c9ed2b4c81156c24,72.49
b11d76f67dc034aa0ff605a1069662dd,72.48
b63e33229b055963236f49e39c1e8046,72.48
28ce228fb1a04fc1fdad9c6701e04b8e,72.4
72600f002ba1550d6432cb91464f6969,72.4
2f794169fb154619e713517d93344bda,72.4
0e04fba3d8e410ec596562380be2212d,72.34
3e46d957b84b38b6d616d4a486ef89a2,72.34
4e887b542cebd1c7004bf702b5df85b6,72.34
b8be6ddd050b11ea467195e411ecd113,72.2
3ae8bf49490c1b673d3d86b06e6704cc,72.2
3990e05f8ede91d4ed641781605ac253,72.2
9e807266db4b8430db7b3826845e3626,72.12
b089b3bbec07357f04693426004319cc,72.09
754e43d7f87712e5c6b652f9a02227d3,72.0
1b78708c0a7202e040b9c50acedbdc6f,72.0
02a0567ef769f63b6e340fcb6eb6b618,72.0
8718f6c0b91a5e7d40ec2ee9346e88e0,72.0
9b57a3765263e69f58a46906a4fb891b,72.0
dcd8cf51c37cad018c9281d823889da8,72.0
3f2372ae0d7c19bf8f2b07bd3bf82d70,72.0
3c7422e80d20eab8385990dee09c05ff,72.0
36cc90593c753e4d7075a80379e6cefc,72.0
ec63c72c4312c3231197b90bfc91ba79,72.0
4beac3af7d4cd0b525af0e407194e29d,72.0
5e954433dc8145a71eb80a6def852f5d,72.0
f118d3eac2fbb3f21692540a853980d2,72.0
1f643377fc027364be3ffbc29cd8e109,72.0
a535b1e74da305442f52dbb8a46a7244,72.0
7105356dc50e5957845dba6fa7ab78c5,72.0
486ac3fc1555e83b7b8d8853f4d82941,72.0
e1692eb72952a0a14c8abe0af6416b8f,72.0
5f9740b680b9fd7d7c2185ca0fe1f574,72.0
da00492083a7fff9c05545ee4eecbe12,72.0
f0421b00c0b2d8c5b87222c9b430eddb,72.0
b3e74e38611ca611c6568f94bf31d1d1,72.0
e02c67c745a0ed9e6b0a907408503e2e,72.0
40d6f365c521be62b2d8d1eb59cb075e,72.0
9eddcde2d8585df42f3ed59e4a86d0e3,72.0
7beef6c0644f9402eba0252182e1b608,72.0
4dc4876f7b580f0cdb9993edbd4cc975,72.0
7fe3893a7bf9572f35028d2d3ef9f85d,72.0
97a0936bd145e77b88c0a49c7d38add5,72.0
625edcc188ca609ae2788cda38246c0e,72.0
fdb45427f85fe29055e2acca69d3158a,72.0
c5af28f87656d1def1d64fe1095af38b,72.0
eefdefad8e1f3468d6a1adab05b3f3b6,72.0
13c14842e78da8bb1e408509619f291f,72.0
519a15e6969240c16ef4437b4c650dca,72.0
0b31586b5082359faf1b2861230a17b7,72.0
883600bd2142d1bc739a9ee7371d13ec,72.0
64ec93bbc386d22c3f10849c7352d319,72.0
9ec2d4773fd2813b090ef1bd1ee9c2bb,72.0
b653b48ee092138291d39bc49f1632f2,72.0
dc1797695511e21ed538efc9570e9751,72.0
968299ea8e077dfaebeaf2e1a5e63681,72.0
045ffb1f379e2a5ed4845dea2f2519cf,72.0
2d8ac47c29ec811ab30529fb46ec4e03,72.0
a9de781d4ae2abccfde1d5396d8f604c,72.0
a3b09b4fc25b4b48df431cd3d6a4aee9,72.0
09ab2c2de0ecac3c7cca42e6a9dea0c1,72.0
769ff3a041b439485ac1e0db67d72fcb,72.0
22d1ef39066f0ba1bace4f31e209d5e7,72.0
20570aa103cfe5906c5fd29bad4a31c7,72.0
526a51435597c0e82910edc4e055d05e,72.0
7bb6a23f2b03aba1d9a3dc4c81610a15,72.0
c6a33681ab4438171d303107512a3878,72.0
533dfe34292288f199adb10633856c22,72.0
be34cf7dfb4e0d28b500b020e0fc65bd,72.0
062328becf66582e5849b4f2b364b143,72.0
cf4ce219ea3ba8dfe2b2b173c8f5d68f,72.0
3d5fc683327b55bfa7042602e439f732,72.0
d2a77ed2ed00384958dee158e179ed9b,72.0
bbd3e2244f635630f312ec5015bd4635,72.0
a3ba7cf1375a040a0e2c9f4ad1718a9d,72.0
73727f0fcabcafd666a604f7bf8323a0,72.0
89973f1f8bf114f269edc752c90205ec,72.0
e51521843de8135ca5c2aebd76299469,72.0
01fba1cb73bbc4533bde8318035fa9e7,72.0
f4cfa0a6eecf28cf72c451b974d96f9a,72.0
a57a381a12573edc7711887551fc961c,72.0
843639db2a0f040a4aa58c4e843ee45d,72.0
698ce68fcad36a397cc2bc59c4ed7369,72.0
d86572e0790d1fb81bb9112430dd660f,72.0
17eea6ff0e376f0b4aa18753bab227c1,72.0
d108157033079e1a1a7ff80773654263,72.0
6205eba809f9e95f3fa8118401f27b50,72.0
d59407e06713a88a511995d4b9cb593c,72.0
d5a4880634c57315c66c51e7e8cc3a3b,72.0
73b3fa21c0e10f40293fee7787521991,72.0
24099e5fbb7f1218d905043eec4c5b8b,72.0
daa0508655db9a27d108899cdfa384e1,72.0
ce71073196f0b2c05aa6c4dd0495a04a,72.0
56a306824116a7cb0704155c76fa7c13,72.0
73678760a21b17d7d3aaa15b4041c6f4,72.0
0c54f6243242ca48102430ab0931270f,72.0
ab9cefdc87045d3caf9d99f66f9cabf7,72.0
ab31ad74c93a01fd232c439ae612098e,72.0
c7566e4988f02bd02e875d35d4ae4ac2,72.0
828f99cdaca50196ee0a0b5f296017ab,72.0
53ed1b71c8f23d10c4a53e23d922bf75,72.0
50bf56304211dfe00c06f3eef86f49fa,72.0
f836a29e1a927aab7f5edfc9612bace0,72.0
e93fa47188d998ecd355fdb87a5e62e3,72.0
2c5f331dab75886896a9513450609620,72.0
17e6d37366dc8c8865588b0d1740d606,72.0
af3bbdd63bf976839718d59fd60ba9f1,72.0
3068255d75f415c21b115399dc51f7ea,72.0
7c8d8780167597d7072bf7034b82f423,72.0
cba7df91cfb5b29a0e92be5fb93b5e55,72.0
2a11d48d4cb690ef0aadeff37d522201,72.0
805ca5e9a718b68a2b005675eb7fdc29,72.0
39bd1228ee8140590ac3aca26f2dfe00,72.0
8f72d83fa1452b3fa5d3f62db09004d2,72.0
cfffbb322333151f8df6398a8c3340db,72.0
5a108f7c19bf77ac04a7d2a1ebb73a6c,72.0
6ce393b445eeaed7a97862eba6f25673,72.0
376bba723b8b3baca4874090510a051d,72.0
63acf8de888f1bd3574cf7432ff0312d,72.0
847ed0fdf5fe83354812c973ba0fa272,72.0
87cb1b0051ce302c8d1ec6ceea791786,72.0
9b568b326f5f6d7f727f20ed3641b421,72.0
e776d2b8ab9a626626d2763701cbd640,72.0
6651a504bab85006b0dd63eb90438ee9,72.0
094bd1aaa3142c2422ae41136f482ad0,72.0
288afe31ee5049731be93138431905a4,72.0
dc38adb85ba2eb11bb3cf818834502d2,72.0
404f03b1642f9e710beb41b1013c2722,72.0
8ad0559e9cad6b2d98210ab1c9fd4680,72.0
602ef39386848c72a48f485b51dee1f9,72.0
3f81967fd64049341ca6b424b74064ec,71.99
99a0528411415aa6b0414709077f8ce8,71.99
212910421824dc61368dd3c1b82c0fce,71.99
dacc998066e3c61ef9fefe6219ddccf4,71.99
9dc7a30099b2485f7e35ba90cf781c88,71.99
28cbc8ed09b002430902c1f2a3bc822b,71.99
5b21f3f793e9f6c8211c80e123d3f434,71.99
06bf27b49c6c26aa688482c2f76ada5e,71.99
2df17a523b839dbca5cf6e2465f91817,71.99
c2c015c222df129ec56095380b34a3f0,71.99
ff549375a1bd44cb7928c15cc6aa7fd3,71.98
71021b16c54b62203d60e527aafc7095,71.98
13597bcb1cdff68183732f71fdb6dce6,71.98
28c99f67a6c4f18ab59f86f83dd36b55,71.98
d4b3be82af3429e4a7c974e16a987473,71.98
7cf9c49c88da7a1deb790fb3d2848c0b,71.98
082cb0834331ede282c6d4c25e409afb,71.98
0a80080a56579c6f51865b39c589b3b3,71.98
f66547408b1b92daaffe3b57398e1605,71.98
9c0dc29335ab059ac917c36e8ad57ee0,71.98
9446db83b2d8316efff593c7af5672c1,71.98
3c33abcd1723c7767914efc6580bfb36,71.98
dc3c81bd4e0ace3f4b67883f85af1eb4,71.97
bb2ca86d2b1f22b960feacd1b1de87f8,71.97
0ec36ff509b6eead5a50dd3bab5d9344,71.96
6ff9c87680f0e8fbd38b2123af66138e,71.96
6b046aaff7c534e92afaf2b90a8bb490,71.95
2635801cfab2ae4ff5d014de14d703c7,71.95
aaacfb9e51198232140a75af0e77c875,71.9
5dfe9c93ab809b674f6d8f1e0f07a840,71.9
c3fa66cf6941f5323971a4c3db4029ff,71.9
d81fce5f1e831085b9d464bc6172ee7a,71.9
49ecca4958a673be112cbe3549795fab,71.9
fd04313d2ad50c81b437c3955965cd11,71.9
1b5f6923fe2ad022f3b10073aadf4c12,71.9
3ebc5d459b851a4de9c3f46efd5ee469,71.9
3667f0d546bcd4cf355c6b54195854e8,71.9
7c2776ccee2154a2870754a5fff10a57,71.9
8864ad0e1c798807fd8c459ea6f98e71,71.9
02f3bf54b6d382c1726e1c8f1b8f9a9a,71.9
17df09c17e859d9c328292bf6444ba9c,71.9
015e106d9f62b30e48b97bac868b48e6,71.9
900d252388a6177a68f549e428fe667f,71.9
374c44b41aa7d2530e4c0f858ed605b9,71.9
98413fafd705741d056bad40557f0205,71.9
621130b1ad4e55e3534c72fe4b80c381,71.9
e60b44258e250247c031afa715241405,71.9
795667a2bcc1c119d240ceb510f0a48d,71.82
2cadd739d6836feeb65364203eb87e68,71.82
7e51ac3b5f62aacfd31abde7f683d147,71.82
708290dd6f1eda82f764cdb76ac19262,71.82
3d721df95ee50e67024b60dc2f968ae9,71.82
1d759b815b80b9d9c17448c2b48f5509,71.82
5dc340dc5299977f8ac7a1a5abfcdf54,71.82
2445986db608043b8a1b6c146acaf625,71.82
cc1105faac5ed298036666f8cfafc16d,71.82
171d82ea67bc562fb6be49934affdfd7,71.82
307adfea8ecb1ca5a1961e628afc8358,71.82
19648397a2548f9269841d808f59ea17,71.82
8d0705b3e380f94aacb2c36ecc0bd425,71.82
60082cc2efb1b4d5c56da49fec0afcb1,71.82
47e2a3bafc1d9ca14fcfb1bc14ac4d1e,71.82
97b9a5321e3692d75b86417e0cd4d83d,71.8
b9a421e93374ddb8c87d13b87c5627ac,71.8
7a633dcb93fa3668ce37d865419a6fbd,71.8
5336c5ee4f79f50db5090376d6023df6,71.8
e2d7302d9765c89609899067c37f4722,71.8
a7b81cf24e2a3d1fbdb932dad8ae8e2f,71.8
2f766899da1a4ed5aeac6aad33b901b2,71.8
4ac2cff544d2cf106643e7f5ff6e7a0e,71.8
4dfa2a81b5f5b9adf8e59557d6aa77c4,71.8
00e0a2be19aca747d3051ed15e18b77a,71.8
ec17a9a3e1a147308f1e70ab736e787b,71.8
3a1325eb0f3275e1e22b30c47a852633,71.8
18e4cf8ae0545fde9da9e42f9b4e9d90,71.8
b480fdb7cc6b24ef1a4ca5613f495e81,71.8
0ac6e866456134e119bfe219a91cd925,71.8
8ee7f235aeeac5ee9f13a4e9739ee290,71.8
8f0b436a1be5cd29776f9ddb3bef133a,71.8
38ca609e3a5351044a410087a76d25a9,71.8
d78bbbce2fca1d884f9e8ae8fc4cedc4,71.8
60ef63560298d3cab95ca41de8141437,71.8
84106b0fd15d17c59d5bd961521b443a,71.8
9d37090bcb08893303afadd62b9a5c46,71.8
34417388de13fbcd12cfcbd9d1b8dfbd,71.8
21d1189cd9766771ab056ac9a29b9dde,71.8
43c19903c140dc70e2ae446c1f49ac05,71.8
9777095cf095a5260473d23063c063c9,71.8
1e636027145a885dffb87246dc57ff4b,71.8
867b9a828a0ada03ab7b1cb5ee6c325f,71.8
b04716bb2aa95739c6dc543d7f9f4dc6,71.78
c60da9892d97a5f2e2f32899955e5700,71.78
713c6678ace69cc88a91c9e56ee2a20a,71.71
5a2e36e29494ce0f03e22c7f28df6617,71.7
a1c66b94797658e934a9fdc38ccd2106,71.7
0d282dc38e152f55ee86d71192414af1,71.67
5c8a19c5ff615221bc946ebef86e9a94,71.6
04771a2b2b8dece0f3a1db5c9dadafec,71.6
770eb9ce225c3301e8a8811d27c5da10,71.6
0fa81b29772104f6ee52214772fce439,71.52
078dbbc73431f0553f696d0913e99ac0,71.5
217dc0e0ba8d055c0d40efa62678a8a1,71.49
b6e90c9642ff01784741d3aabd4c94a1,71.4
b6276df95df35217a8d92ccc5ea93d69,71.4
b1c4a6e0ad7985f63c54b4595c4560eb,71.4
384de3712964dac9608be5ca37617e39,71.4
6abbcc9f45795f1845a3b4437ad9e5d8,71.4
c6cbd465d9e44f6214746adf98fc9a24,71.4
acfcdc1935acea5eecac434820116ce3,71.32
9073bca4c1668e972703e3f963bcd565,71.32
af922db8b1f8ca65d972706774fe6f1a,71.3
8f28e2e21bc3d726c1bb67a90c49b0de,71.3
e280f4e8a18e19f0f93fa93e18691424,71.28
6d0f452f154628992e07aa608810f082,71.25
815a5ec9b3714f461749e76844c5a8ff,71.2
4e513a51bf088b776864a966b91fd79c,71.1
7d566615cf8ccced1730c39c3bc23eef,71.1
1a8a7a0627b8eb850b3fc69d73867a08,71.1
2ba770a39f5caf13266b19d5095c0712,71.1
f5958334207adf09817b5451cba61651,71.0
75e8f990b9e289013b1d092614b52487,71.0
bb35f027f428fb5701c11d3dcbcb86a4,71.0
70bb3544ae0b9faccb7c0336a23e60b7,71.0
1ce6087cfb4834e9ec5e9ed3941448f1,71.0
b9571bbf4f62e879a3c8dd9ecad479c9,71.0
57cc8bffffb6658309f62558280029dd,71.0
e81e34aceb609cbe25cd97313f7c35b6,71.0
4d62a25334b6a4ea711e744217f4e274,71.0
34bc89a692e14cd3b74e4ec7f5e78a1e,71.0
20bf7628a9208e11a8d7189b693cbd3f,71.0
46c370da1eb308908760b4b8e7a34675,71.0
b8a634625fa41f544ecd0fd73beb9dfe,71.0
cab14a7a1312ca00956056f08c16ce46,71.0
ce0681e1c3f70e1452183c4eb5e66602,71.0
e7203c42cef55542c2c6da43712fad68,71.0
7d445a9038b10dcb95db699dd5d9084f,71.0
8c5128dd6ef4e8221c2a6121b2df459d,71.0
b5bbdc1fe9b6195c8521bb0e38fc7f22,71.0
213b3c211d63fb0852d95fc3b7a0a243,71.0
86258c28f995c44e1d2e5ba3b1f5f0c2,71.0
eca7a7a7605b71a0a39b8aa40deaaefc,71.0
842655491a74bd618791403750c8ff63,71.0
6eebd7db95271b1824660c5e7ff53a5b,71.0
a8fe1687220aeb4547efe4bcdb5a8332,71.0
d08fccfa54819f3ddc4a30e30b4a0565,71.0
d63c8c779598c3f678248a820c6f56d3,71.0
eb6a209f020e7726b2cf6d4e22c468de,70.99
82259ff3376efc103845f4f1568e910e,70.98
a0434fbe9ea51d8b38cf323354a31393,70.97
7c5ffd6d315db34ffca31349e26f9cd7,70.97
f7550d45499bb4af50e3170dc12a87ff,70.97
c90da9c377a0232004718a9fedf148c9,70.97
90dfcc00d7ff2daeab34bb3790a0e462,70.97
c3e462c26638331a7fae3e19689325b5,70.97
b474e691a9ca5f9f4873e2f6e493f2d6,70.97
90e96fc65e2b0b97264512ed783f86e4,70.97
87df1dc62d45a6d8cfce7cec5fcf84a0,70.97
3195e7cebd5ed019a58e8afb23c1da69,70.97
042337fa1cafefa978c70ba6241535de,70.97
786755e5df0baf46b299b5fabe8164a8,70.97
a7c15c89af2d5b5a9b4cee2ddcb5c20c,70.97
55d6ff673e6f752350de2e8779f8a021,70.97
17283402d5531dc5425584148e479e22,70.97
233d7aff39e31e7fa2cd86f61d751b24,70.97
1316bddb2ff7d5ad98530bd2b0c9a454,70.97
380e3164088d255fb4e116a4a01743cd,70.97
f611df88d00e8e4af77ac41a1b22e4ae,70.97
cec91dd67b9dcd548f311238e3c1c76c,70.97
1e40588bb4f9eae6bd4d49e929ef2b0b,70.97
c6911816d1c75fdeb3694cc4d1f06dbc,70.97
02ed2cff54eb047cdbe79dd0535945d4,70.91
16c1bb03adb08d986a62093823959ec6,70.9
ff3aa468b3a7f789f855f858cc6a2438,70.9
4860f134f8d652b3d93ee94e9d3aa185,70.9
4c9dd00d5d6518a570a4aad430b9bdf4,70.9
55b310ca8e15aae5537a5a579e8f26ed,70.9
d7440fbffd81b24d87b206be574d2604,70.9
1b5db70f5a471093cb88e558bdee77ae,70.9
fa830ffebc8465c777e8deaa55936022,70.9
d57dc4003cdf3d2229ca20d76b889075,70.9
ddcefab3475c90437b6f147cc6c1fdb3,70.9
804751ae168c4c4d6d5178553e544300,70.9
84040c0d5d497cae2e21f4052c68e174,70.9
cf96a08c56069584a82e7b49976a9598,70.9
8d776ed4b01be6ade388915380a7c6b9,70.9
e08996212ffc6d1038bfb49aed58310d,70.9
ff69fe294d9da2e683dede2ddb70b6ae,70.9
01daed34d823dc01dde342ce1bf38fa3,70.9
bef22d3d96d9fde94ddcb3e94bd692c5,70.9
3e4cf7dd92181ca208a4c88731b68b68,70.9
e8999e45e374e1ce4ff7ef09d5995931,70.9
3033498ec1047e6944f31409dfcdd579,70.9
4cad8026a6d4456f6dca8c9c40e0f349,70.9
bd62fc1db68f47113dd1f9d700eac3bd,70.9
44716e9b2f5b438ee2b8631758563446,70.9
29151b07b5ce96d4765b50fc3542d55f,70.9
014ea662e1cd7ed36b3c44a9539bb34a,70.9
810eaa5351d02199e8f4b53de15008df,70.9
29275bb342aec7fb355b34909d4d77f3,70.9
f635a2a388194b3c987c3e93f176a91c,70.9
94d8b2dd7b914a42c966eec451f3ac1d,70.9
82218c42033c0f36f36f1c4fd3d7935e,70.9
d7eabae45e5f9ff529e9e4cfa7bddfa9,70.9
042427dee0803c0cb485dbf592083a4b,70.9
48bad7bb9763159799f5067cbd3dfffb,70.9
b2c11da0213e1ea90f48697f1fe753bc,70.9
347a3a624ac043af4bc49c2da5b01d95,70.9
32352977d8f006ca69685799ba6d9275,70.9
b262251b73679ebd943908bf6d76649d,70.9
5bf5aa95feae7e68aa9712ec50abd94d,70.89
1d9661a2b5132a10361202e6d79235a0,70.89
0a8f03524c924dc183dc03a100daac94,70.89
4be09f293c9253dbcb88709404a7477a,70.84
ab23392115ab5083ec640a5c781c2820,70.83
f10660ad53717d153c4b1d78e7286ee2,70.8
9cc7a2a2047164790f51e316659268f7,70.8
137bf1e25f97145d03a07e38a8568f40,70.78
086a2eb2b3d6945a6c31f7d36f523bc7,70.78
b5dd5010cf3b3b1178a8e596d7114266,70.78
9234ab980dc022c29eee75544ea6acdc,70.74
7e249b5d68d002dfd0d72f50adf379b2,70.74
2fcf5298199fdff944d4036d8a7b9ee5,70.74
7ca0e3ed430a3fd17f445f6efe58174a,70.74
e4f06fec45100ba91af9bc48190aacf0,70.65
8df0a24a37b996f83a0243e25e69c7c7,70.62
efe3b2b81054dcd39a5329487f3c775f,70.6
c36b6c328033cca3190e0e45ee61b010,70.5
627dfd4a1b84a6a7e2a5e989ba72101d,70.5
de6d5b2433965424935bdd44a843dc69,70.47
5bf991bebb6a7053340479fe6ab89f40,70.47
1ae39ee700a8386bf05aaf07af04d669,70.47
bfe61f867018463e12adfcefcfd52652,70.47
b9cb144d3d81be94eca55f70d8c01eae,70.47
2b7c32503d83bc41dd123370fe5d81dc,70.44
f5e4c555f2ba8b9b4ba40340707efdbf,70.35
b00dc51dbe5ad842fe829eea1bfbe756,70.3
86ea4a79110e366249a61523e3db3d3c,70.25
0e34185be0d8a6aa341e0c217960f002,70.25
ca7be09be15919bbd9f41de9a68d34c0,70.25
f565b0c0cab7869df7414d1dd50ee1cc,70.25
30a740aa49694c824429bba81acd607b,70.25
63f6cd19616df5f2d0965a676bc1ee70,70.25
950aed4cf173ac2b9b4985377039adcf,70.24
b67348757e7a40df8d5206f94fcfb022,70.23
403d065ed4e3882fb44ac77fe8297132,70.2
04a80904d68808014ce304276a945dc2,70.14
9d4666eebcbfaba1f04632a470ed2645,70.0
fcaff30609f39ee3b27f1e686b036ff6,70.0
6ef976791b7cc4be522252565249af30,70.0
e1241c29ae97acf6ddc9ff1f93c489b6,70.0
978fe0c5d2a70e0ce8f99955f63e29f3,70.0
df3fbc6a0db543e327ce87dc8b689b4f,70.0
2fb6a28105827799ef2dffcb4f4f4e53,70.0
9c510396420e45e8d5c5023cc2e73ce5,70.0
1a5a3164d769266f544a901bd8f0ee5e,70.0
fbcc01ea41e282f7de6a6161940f32b2,70.0
bd59e8962363969956a881d48e0114ed,70.0
4c1b6904113f2fe66abb338150c60697,70.0
c3f1f14135a14fa76da70e04a0ac530f,70.0
a7ca77c243e6f130b70aa2cedcf78f7f,70.0
604ee403a6a70bc3e4c5831ebce4afdf,70.0
3229ba8c68c7b0df85799761ad0eaa08,70.0
3d5e1680a5ea3bdeff64d5205fab5508,70.0
edb85175262b80e62db167322a8501bd,70.0
58c021d7a27ccda0f20f3c1658b0544e,70.0
204d0477c079846f2a02ee4d0b15e267,70.0
9e919321eae00c3e6a133f4d847a360e,70.0
1023dd567f41a452ce0c70f981369c63,70.0
08c31cc9b1e1fd777d2c946298aa97b9,70.0
d44fac4c94cd149d441c40511abd27bd,70.0
a06b36afcb92e3dd94f5589baf453ec3,70.0
99fca759c58d196a5c671cd079fdc16b,70.0
a10b8975ac685a2dcdeb9a2a82ceab2a,70.0
e715cb45c738a868ab76fa204b6e44bd,70.0
01fa32b1d1151078cb954b286256df42,70.0
eb545dff3d570e77ccfdef726b704622,70.0
ed8d2a26ec958da7c1b38092025cd7e9,70.0
0682e8c92aae975e978f4b439046590f,70.0
c8a2e9332221768c8df71f0936227a05,70.0
b9c89128e72b43ac939802d32ad5c1cf,70.0
16e60282203c560325df62d5c0b435b5,70.0
22d5be61dafc3c329faaeb1867dee132,70.0
f31ce21e49feba9e205222603768ffd8,70.0
3d17b220afdd542298bca418923e57a9,70.0
c288690c43e1c2c09d8fc016e69a57c0,70.0
725d1fd5d4a73c89ec3b335a0cfe825a,70.0
b17fdd3ce7dab9006c20a275bbf7c804,70.0
9f5729e1ce6fdda38afe7d3a12e6b8af,70.0
17e8bd2e948117e1412cada1efec067a,70.0
9d823adffe28abfbb37aab03173f62c2,70.0
736ed77f4ecefcc3722ea49389018134,70.0
5adb85b74d7aafaad7f2ed3c6ee8c9e1,70.0
0e358b00a9ec983b8294304c5b66bf7c,70.0
74fa7da987003f4756e87a5b1dcb11b1,70.0
1a2a799fe374131d470b9ad84e43b4cc,70.0
0ac9820adc762a4eb29aca5b4df47847,70.0
9c85c926b9f69f10c63f5754d44e9858,70.0
e9f16e536ca2e832e8fb1296ad08efee,70.0
6abace75252f2124cf2c0c3069bcab4a,70.0
2f3f1e169a5eca20dac6c858857b99b4,70.0
47b778190ffdaf6fd31dc28330aeecd2,70.0
9acb03b0d01aa03db89109d3b514e1b8,70.0
d5d24a76ecdfa98e6eb0eded76fa1e8c,70.0
e93078b6816a4bf9e651abd16a29f9d0,70.0
a27a14f50c9ade8811a5c353a6331eef,70.0
82eb0f700864871ddc51572601014ba4,70.0
f5eb470638c9fb7cd5e5131ec5cc7b04,70.0
df1b515be145fa461aed3789ebc101d9,70.0
8c5db6ab949fe1969b5c5adb8bcc75e6,70.0
1f131d49769388703ae448ee84f88295,70.0
90057310fbaa6d4e51e1d3e4b498d335,70.0
830189729977319117f0d48e84e330ba,70.0
71fc1f0e4c7d6e6d567898f0e825ef29,70.0
fa856c719176ea69e8584911baf9db77,70.0
e867a0d69912db241c0cc2adc85d82e8,70.0
ff6ba48e587d8075a65326145000ff87,70.0
e1238987433fd511c3a493ea3d3913b0,70.0
eb842a4e3f013cd22643e02100ed430b,70.0
749ba37e1c007d00f214dc51dec300e0,70.0
01514a0b29d64250fc301b3413aa0ba3,70.0
7ca21490a9d1f75bb84871b6e57177cb,70.0
6112ec2abfe626685bd8c15e3e188304,70.0
54a4c64c93287805c37daacbcaaf43d2,70.0
dceefd13308771abe30e2d60b31d8036,70.0
3c97bdeb3712ffcfa72a09bf0a8a3e95,70.0
ac833a9d8fbce76f717b24f39076b4ec,70.0
6399526f1057f40e8454d9614e16d77a,70.0
d8b42bf21d875e32af8eb647fffaa81a,70.0
206877afc50ffd4a75034661b48ea057,70.0
671d195fc506d85dbf66c878175df9e5,70.0
3b1edd46e86d39255b0c8fcf0c86525d,70.0
d4aa842316467bde3b41ece4b5698704,70.0
760861b21afc1463450f76c47baef5b1,70.0
37f6cb0c73a428a9933a40e06c5f9962,70.0
5d45ac551f8c0ec3b8bf407786a25494,70.0
99d97d613b0c10ef9bc076f74dd4e001,70.0
aa24b652d2ac301e4370aaf58869ae38,70.0
0205715514ce31607e0438aa7421f189,70.0
82a84647c8a0b823e43329e50966c0f9,70.0
ac7da4a3dc343dc8522183f3cc54a42b,70.0
ff45a8aaeebad334186dbfd659168d65,70.0
df221f459bbece19d08e7a78db54b308,70.0
c118f8a2fb7fe5849e0dfe2027c99083,70.0
4f3106b818772a80feb6aa2a658e2998,70.0
73c2e0c2c8637773386d8ef6cd938a43,70.0
f5dd0c062122ec16c46018394a47c86b,70.0
0fcfe9c03abfd6e62165710d63957ba2,70.0
6c65e02bed0847d1ba27fc06e4032d5d,70.0
4f8f4d1895013d138194894a1c2905c0,70.0
bf7aeb48aaf84c74e205482939a1ecc0,70.0
0fec7b885986f20c613f82c17dc0eb49,70.0
c38a602a0cdae3a7a0241f9c8cb8efa1,70.0
cddad34eaa5c20206d505335b53a40c7,70.0
0844959722ab5c6b324c6a95471332f4,70.0
f2f80d2410083799d91710dd312cacb6,70.0
f116e165373eb704ac4b8c9b87b6748c,70.0
d7d3d2109d4c4585689cde97ee05b35f,70.0
4a7e7ed4a4e7db8f6b0548fdf02b49a8,70.0
65d964c098f8db89e1a8a07af1e96d21,70.0
44b6addf8f0742048c4bd7a8797db51f,70.0
fc329f76b6bbfcdb6faafd1ec6c2dcc2,70.0
49ccbfd1fe138bc6ab35fd19ed1bc414,70.0
f87b62f70d096bb4fd99d14c020ba2a3,70.0
36b0baf0b67a057f12c2149864e1f5e0,70.0
0fd0d782dea419932dead552f87672df,70.0
74e5dd0462887a0d6b683b422c6b1b3c,70.0
df17fef4f9d03187862b78f95ab3be15,70.0
05918175d2c82af715f5ca32bd7c5e9d,70.0
64e5b5b5abea3d62bf84acc78478f8d9,70.0
82327c1ab34296fb922e0aafe52d40a6,70.0
ac6a3c195bfbe149d253a3ee672bc9fc,70.0
41f7fbda7f5da48f2122f4c71ad2d4bf,70.0
d2e60bd2a6d6bbf552cd2548e9c794d1,70.0
6036812b0a8c3ad5b28b0036920ab102,70.0
a1d1ecd237076de2d356d68e839faced,70.0
895ca1f73c3e75eb875e4d0571b5d984,70.0
d0a75aa0dd765aa5dcc5a0540dcc11b0,70.0
7ca700079250fbfa899bb7d098b8b108,70.0
2cf6a6d8a9ee70f8692a9afb7ad22340,70.0
5532be41e9d5c92ba7a6b9c6937d429e,70.0
224d51fe180f7dd46ddec94c0c3f50d6,70.0
d74d925687122c0d1cc677e244620341,70.0
3f618b0672cd14c6fc5770902dcff0cf,70.0
6ff08b63fb563391aa26bb935501c19b,70.0
008e75e0f20ba6d6cc41923596b83693,70.0
d9ee6ed88d9aca023cfc9aa1faccf57f,70.0
9e83d47684eb1a58b1c31830f5de10ac,70.0
1e786e4256c8012edd4a951d80a06718,70.0
7e9b88bc5b0aa43c38d8992aa2162006,70.0
546c4d8cb9e45e600960e1b04f49db65,70.0
7e5ee4028e6aa22d999d62d221478949,70.0
7ea120e1e7358d3195f86061f8a95efe,70.0
a7a0279b817df69edea8249af6e3ea22,70.0
d885aa7b275634a1eb0ea2c470b143d0,70.0
11adf848a888e157c13ef9b5998eafdf,70.0
5b98547ccd0950675ef6b0a4f5a928ec,70.0
388305bba4b367ce3be7023f6edaeade,70.0
a2d2d6b21bf7c4a1f2e5156e43258eaa,70.0
b39ccea8ca81e9f09796e152770f6e62,70.0
bd127006cdf5f6d30b2d413231cd8415,70.0
6b250e93a9fe0049b1ed533c40c09dc5,70.0
c97658ec34c8c1d412efeb77863aada8,70.0
24a36d3e10b9d9d90595c7cb0e8dc070,70.0
1b03f1416a15427f26e39af3d530b8f3,70.0
4346732f4434b2e2e2f772838cc4798d,70.0
210b531c6ac741591472a7d84c7c8504,70.0
ce66a27f4a8c469e2f21230797f9e90a,70.0
69d393ea15389752f210177bf43b97e1,70.0
a5a6d4a071449fd27f47387b98e3b76b,70.0
753cac2d03db5c4023a86e3723adfc4a,70.0
34b9bca8f3dbf57f921bb8cf2e276be0,70.0
360d0a18da1d3d86caf6870c82142f6e,70.0
0d7606cb5b074d100e373c7a43082b7f,70.0
e947cb838b420b537d96d678a02dae26,70.0
f11cf2dcc68edbb6e396b32b31d7aba4,70.0
dde0187dbe85319c8e57d879e6b616a3,70.0
535aa52bc710cbd5df5872d2a3898efd,70.0
0be4ccac4dad0eece92dc788cd5e9260,70.0
deb7123f2e2f5e7e0997e3af67d058d0,70.0
8a6ff7337f2f7ca3ab174d52fae99080,70.0
2f7df887ddcb022dae90b092de0e4ef5,70.0
5485ef186dddaa07c8a21e02150d4f87,70.0
4a468858eca50f59f59f95ec8faf84c2,70.0
1c37caf11970a567b7fa4a716175d250,70.0
c64335028a4cef73ba5cda1786f497da,70.0
923d2d7b763040b969d0c05bbdbab3d6,70.0
979d4607761bd7ed4af375a67bef322f,70.0
cf66137c8eccf81cae5677032573f842,70.0
7cc610197fd6f4bd89859dc4394ec58d,70.0
7f340a499d079212d76e5a57f5d42389,70.0
7c81feec196651cac071d56928d4c2e8,70.0
165e050c48ead27b2f840a909463e6cc,70.0
78322edce10f273a39ad5d6e1dcc5c47,70.0
901be22d7ec9526031a2dc156992c306,70.0
9aebdec7f58b8eee8e2e495b0b0f67a1,70.0
312825924a113aa7fc4ee026791455e0,70.0
cc4e9855d82fe909d861bcdf3dd081d2,70.0
f91d534e9b4a400563c11d66fcccd526,70.0
bd5dca788b04c05cb9f4aa5101a163bc,70.0
ea8b0305292d6ec9236d154b122707ea,70.0
2960f5e24b6f226a7a6b0434a0d9dbf6,70.0
da71cfb20c75ac5ca5fd0552932a6952,70.0
9f258623281e8e6c74463a67f640c4c5,70.0
e3714a321bd62a15f10dada6db668fb1,70.0
71908cc6a4d4a63637df967dfbda39fe,69.99
dd3699c2c959c88bba5adfe97bc6331a,69.99
7236ea8b7c6721882ba4c28a427e184f,69.99
dc3c9d1f07df6ea90c6a2f8101f29f0c,69.99
39e44559447816aa2ed1cb44ca0aae95,69.99
c99c8103d1af91b19f82cec25c9a348b,69.99
eb8beee7ae07455b88c132c551535788,69.99
1ff98f738e6baa6c7d6c262757e82720,69.99
162c1ac48f856c0862ca4772ea5eaf78,69.99
e5cb4240958b9fe35fcb957d425184ee,69.99
54f474afbcc4d8d64551748e84bab206,69.99
4dd293881d50a64764529a4987399486,69.99
b0bde8961b359e3e4840c9327862f43e,69.99
e38c25fd0a93092fa341755e65cd3631,69.99
ee3ec8c107ee2e1e91a1375d5c5f4e0f,69.99
f1b4e52c63caa18218f3d64e9f402638,69.99
e281d24a2b29cbfe075e6592ec53836c,69.99
98fdb7a0ffab98ac4555b9e45387ca13,69.99
3e6a9dd9bdf4c82361ee9fbafd472949,69.99
1d3ad60d94e29ef73d7d2fd4ce8a8fac,69.99
c9cf3112c22ba7fd299c8bc1d99d0980,69.99
6ffa46811511c3d264c6a0069b27eb83,69.99
2782c5c525c91c5aba0591304b2247e0,69.99
405b6c3474b2c5ab177ffcc798fdb6e6,69.99
5b8e049fbfe38e8fbf483c7db46ae8b5,69.99
06964eb3fa634f2cb61a6c454eb93a9f,69.99
7fab538587b4843694afea5717d0c61b,69.99
f9a20af88c4a471038ee26f502abecc2,69.99
df3286b5537e8c13b6c4608872f3a46b,69.99
0407c0b9473b07847c99aee965048870,69.99
37158bf83b9f6eeadb5893a053a2971f,69.99
bbbd494d03458f6021df355aeab7f78d,69.99
9abb7c4a06d207ee30516acd7a43b398,69.99
c335b82adf63b8e20ae219763a950520,69.99
50cee586b30982f6f951847d4d31c79c,69.99
8b40ebca90678b49830f04a84116370e,69.99
d5308480b0869493b69ce2bec1c1d415,69.99
e6b1bf9a73b24f204d6f88e2df206e22,69.99
aeaf4504dab3228eb43bd9c6d8a328b0,69.99
ad1bd6b4f879655fc78ac4d5bf3fd055,69.99
016287d04d40c3c1c9625588b9fe4602,69.99
11432980fc24e66e242ef4b068659f61,69.99
c9123cd3a990ed36a78adb8c5533d238,69.99
5116eacd8d620b734c26a0f04e19b60a,69.99
c0451262dd7eda80d7fdc0277e3a6326,69.99
e517764f936509d128d13b3997f6f3f6,69.99
4aed2bbfa47e5b6053f2f2156ea28e17,69.99
55277fd845b38b445fa6e6700f5e06ed,69.99
6d1476335098224a9d1807ba96a1eb2c,69.99
32e429477849a42e050fa5acd4cb5b07,69.99
fcdcec28d1b560be4070d27f452c3db1,69.99
a492b4e0d4c9f067d37341365a989e9a,69.99
95a66a1b875e06e6490b4ad49d7ef34b,69.99
3878c928033c0c7ff7110cab73727eec,69.99
2f6329aaea64611749c9d0910d486422,69.99
fa5cde2f984262f2398e3180c7638648,69.99
53564848c56e9132beb729889974e307,69.99
0d8eccedaf47f542b23025203839164d,69.99
e8e98e34e436b94f502e364ae42c2f1d,69.99
1ab9d0f2d5eae3b34ad9e1184930e1c5,69.99
a6204d88122211f0d1bf6ffc9d5796b8,69.99
da68065e7b75e40c810a2668f302adad,69.99
ffdb7e488ea7c83b9c1258ee2d3776fa,69.99
f0e91584927a813fa67a5dfdecb200a0,69.99
f77149c522ac4a85491db62d14ce04aa,69.99
c5e38a5360ba207bf513b89b8a7845f0,69.99
df8e6c9af17b5106918747256f7326dd,69.99
db969fad91c6771c8617e1a89aa6d810,69.99
02d93c4e652308b5edeee1ab3e13eab5,69.99
e15b828d1b58ab5b36b8fbe9ec3e6d04,69.99
3be71a667d6ade3c00844946e3284e5b,69.99
d97b12cd0ea8ce1f4fceeceb8024cbd1,69.99
45ead47bd4ee6bb5b5108506c44a4a7a,69.99
4fe1cde83a4f943a42159c63387db5f8,69.99
e83d0ca01e9d1634e2005ca703095564,69.99
319b159b331531b985da20be3b4cb47e,69.99
a2f85a067e6d39238356fea8d2e54763,69.99
38188778b0e63530364a79357c9703d6,69.99
42e65d440b817c99435b037092a6dc1c,69.99
40e7cb5ddc9d4a4b176615df6ec20877,69.99
95be6558ef5d788291a4bfa88cb96b9b,69.99
581e395f4d2488efa418f9d0a0f0e08e,69.99
286ceab451e4095a3fd1c76342fd157e,69.99
9c26e41845eb11a5169a059be6308336,69.99
d5d2b40c4f46a961dd499fcf5541ffb8,69.99
ea5cf2682d61807e35798707c940adc8,69.99
229765fae12044b31cc0dd891f42d19d,69.99
6e6c13044b516b5e91d5a57c951e5662,69.99
7401ed45e582a7fd27be540df8287ece,69.99
6fd56a56231ad82b8d0e749c8bb4d498,69.99
2bc510226c45dbedc779fd0c67b98bf1,69.99
4c9c7c2b6de6ee2568681b5599bb7495,69.99
5b4f391759bc5b7d16bf18cc2e45d1d4,69.99
84578cef46ccdbaa7e6ac7b69b540b92,69.99
60c1f4151b92f9bbf80813a1f6b4f3db,69.99
e7b231ace740792333d5825f57bdfd9c,69.99
536dee228fa42ae8340c648ee43fd685,69.99
8176c057d67ba18ead1176dabeab6195,69.99
a7ec0eb4da9056774733b2da21fef63c,69.99
9da65d090cc7853012b5f487e658bb97,69.99
61d03c7d32818bdb8eb0aad9e29332c1,69.99
9c53439df4666c07719ff23540e82407,69.99
1e6bd00056db5ad190016e8d62d0bc36,69.99
8d955047b04c2c2d2a8d47b90f7e71c3,69.99
d75338bef05f07c317d8285a806ff68e,69.99
c36cae233a8ba856a4892d8a869822c5,69.99
191057ac1a2c11230cd526aedff60212,69.99
755071dd68e519ca13dc77e70fb98710,69.99
c062ee6149be02143c82725143e49438,69.99
6e395ab5d68cf6554bd11b05c576f154,69.99
9719596a7621bf849efb0037dafdaa62,69.99
fb858665709e2e6adfe0207bcc5b3118,69.99
58416cd113079ae4530f39a139700859,69.99
69b29f0663441d192e106a8dd6d04f0d,69.99
f9da299d78e82ab667e1061f2850cd29,69.99
8ab7041d7b0eea06a4bab91b59bab4ab,69.99
8359a4e1beea4fed5c5fa85bafe7f41f,69.99
90c8fe0d707ea62be3fcb5abd7bc784f,69.99
facce4dab98894c02651e3deb8ae35d2,69.99
25b34f846603b2a52b31e4c815c3418f,69.99
41ccf0d29107e844c5fcbddcf1dd3799,69.99
00050bf6e01e69d5c0fd612f1bcfb69c,69.99
b8b4236f2c8dfe56a8a4b13eb8fcdb4c,69.99
a13e43930aef7d8f7c602281d6692b16,69.99
76cfe789c1b55bf71f7aff5ad2d72cf6,69.99
cde0fab0e97c1807c7b4e1360483b507,69.99
3e4da72fb0173f9f994ee85a0d01a140,69.99
3528b0f4fc89cd237f14b2ef3fa1530d,69.99
4fec148198541e22dc2c6407b7a1cdc4,69.99
e7bc5da13ac21c934fd9b860614264c6,69.99
77fa72bb31036e933952e5462cdb922c,69.99
01ea4160e63a7ce5101967e07ddf4c18,69.99
4254ed4fe146233db997e3f4ba6d8183,69.99
a8695124db570d100b87f73fbdaef64a,69.99
b104d98edcfb89e1cda5cf1510faecf1,69.99
3fa8a878ea8f9407cade40539961dac0,69.99
2c06a3d41bff139d22acd4a52e7588a4,69.99
b7908345fe15cf0013c5f73d12225cab,69.99
3ea720b336a4ee1c2a5fa2b77cec0d48,69.99
d21a68ee5ebdcbfb2ce1b22736e29f28,69.99
cb2c4b5c307d9317df0ef548f4ced7cb,69.99
89ff0384f0a749ebe7b8dbf654a622f4,69.99
3f699c9cf773be1c838c6011ac5ec571,69.99
d5f4f578c881aaffbda3612ca54f74a1,69.99
d8a9d769f268e4800b019a0d8c2328ae,69.99
be0d8abce3af32826fcffbd35cb3b73b,69.99
81d7e215787f9556b381145e2ac7d9f2,69.99
dfc367771a8b31b609450bf80083a03c,69.99
4fcb81008b393431f4da5ee341b186bf,69.99
4ef23a9e5190fa352f84490ee17efc3f,69.99
1e68eb446a32f445dceaf306cdad90b4,69.99
57690c2fc610a75de4875a2b9f1826e6,69.99
437a11fac2c2620588bd20096cd7051e,69.99
2b1d9712b1f02598be78af6b46a741d6,69.99
d42189413c7699ea8214e0ec9e0cd70d,69.99
4498cfb1d873a0d5a66735f01cbe8246,69.99
24c9296f4679f53ae284ba3e7d3914f7,69.99
beca47edbdd65b21b705e744c4275638,69.99
7c59cfefe5ae2b8d96ad4c09c3126faf,69.99
a979d4ac65ebbe603783c51cc7c94200,69.99
97144965e658e088379f20e1b464cf2c,69.99
859713d6b1398e71a978f356b694a7cf,69.99
72954ddea1890629433e5d3ddd0bb680,69.99
9a13a74d558446411f150f9d0e0fc8e1,69.99
a8de901d823613a32ea7587f0ed28fc4,69.99
10ce4db203c8cbe350a85ad638f4d282,69.99
ff2c9b8929f7e512600f32b20be0ac64,69.99
b06429ef920fcfdd75713c712c9ee7b7,69.99
859e69cb79da3f830588ac4774025a9a,69.99
fee3a7207a4a940e951e244a13ffccea,69.99
a59197ad42f44f855ec60b6fbbad09de,69.99
8e5f7b82138c72617047b404d87c0ee0,69.99
b2d0c5fdac40d03de7c81ebd3f67eeda,69.99
00de350c10e898eb927e6a5440a30191,69.99
980eeb25c7a6c02bd16f50f698223c33,69.99
e5fdd01320e46381aadc9a1491170cd3,69.99
e36484b4a238d86345cbcf71330493ce,69.99
3a90ae83f2fea1e8e2b2d3fe4e487631,69.99
84ac9077d6f033eefa1fdcfc5550b586,69.99
a308aed432731a5b1fed61b5000ed664,69.99
6dbe848c6681efae10ede81c3f0c9ae5,69.99
905e293bc89899eb20502ddf4c1ab279,69.99
ff46b4411cd7dd62403e3d6df6ea8059,69.99
9e22d6ed7fdeefac7bddebb2612ca0d4,69.99
428c9b0270df86e9cf60837fd129aa55,69.99
3c80df07cebec87b189890f807670889,69.99
32d18d1cbaf07c144d936477542bae40,69.99
7af5709a72b86f251d59e55bc5d35c4c,69.99
f1d2dccf40e047efb9b678cde4a123cc,69.99
5b0c03df2a65f352813ff379d575b42b,69.99
5f7a3e7c661e0861b20e2580bb51ca20,69.99
e76d70baaf2e6bf919577966bdc5ce8f,69.99
b10e79e34f69dcc8f2c85d5cd6873795,69.99
f26dc4fb2f5373199f3430bda158626c,69.99
c4e00400b6f79caa802740faa2829161,69.99
7e4ff294ab0265ce01c7f95c357f7c07,69.99
2385fa7e4de2b07ebe7891dcf18d1305,69.99
1c39d56b27096ba58f7c6ae5525b5725,69.99
10dd2ea9384e83d9cde6177042b4b55d,69.99
a9788f35d5509bcac1bbb6f98b384d88,69.99
6620ea0cda2c99d5c14c22c7c6309979,69.99
1b8d4b28ab60427100f70a7232fdf094,69.99
3e7a2e82fa0e0e950459e2dea53148b4,69.99
5a856c285ea3eaed4bef0c587fde2b49,69.99
1fd7161c846f050aaa41b781aed3e26e,69.99
9fccf5db7814eb1c4bfdc6cc2bc04621,69.99
a7d4736dd5ab4eb241cd2c5d7751bb6b,69.99
faf2138d43e5c5d2a151499ca53b01bd,69.99
f341549b5b28a46a5b4db2f4372e36a2,69.99
a3b4c3dae12aba9af184847b0bd58144,69.99
0ae0ecfb6b24ce4a6f6778023d0425d7,69.99
a3bcec319037c6aa55d2962c478cbd11,69.99
64a80bc56a3c3b8bebd2bcdf5a7d82b7,69.99
05401fad06eec92dc8a514d6f277d68b,69.99
79c090adb313943d8768fde92fff41da,69.99
e9024de0cde5de0becbf917e1ea5a17f,69.99
e89fa350fe8cbcf495cfee2aef3d44e1,69.99
d632722bcb3ae214fa649315518a96e5,69.99
1de595522022ac1c1c7561673a6d71ef,69.99
2b4b2c2223ceca2593a554d15f3f731e,69.99
9d38887c88b90b20a6e45a93c433750b,69.99
5c70d6e3e98eb5c6f7dcbea674e6f836,69.99
6767bbfe747b0ea4c29acafe65ced23f,69.99
2b1b790a9c4607e02c727e98485cd449,69.99
33017f6301984878b3e298594e609e81,69.99
1b3a1a50d314c1391f50bb4f059cbb43,69.99
37857fbc4d1b163702cce51ba6252a6f,69.99
7071c00358d779ddd69881c5a4d25f05,69.99
f432d282b2e8e587252b4ce932d4438d,69.99
c7f4ae2ceae1c61d7498868443fc755f,69.99
b01e8e88be6af213e6a6cbd5ad944e67,69.99
9eb0d8ae0777405811966250213e28a2,69.99
eab2880591a21d4581a807d98d67f489,69.99
27d313e3a9956df6642ab4a951109b5b,69.99
d856ccf69b8f0994e5fb89921311e788,69.99
6613171b30e9521c4438732b3d0fe8ec,69.99
777bb66716129da5ee0856a1478ee855,69.99
ad29f17b84eef06fc014123231f95e70,69.99
7e0a09dfdea272201984dfb23d0ed999,69.99
ee95b60ab2ff37d4e58f5cde4b15bca4,69.99
0ba384556b7e2746b54801301d662352,69.99
9c4efecd1866c2177998d461bd0e5b6e,69.99
e5068fdba733f2e566016ade1dcc3e11,69.99
29df7dfb9d1fc51742c20e15388c1a3b,69.99
1b97c9da9c97d1fbe7be867abdb7f446,69.99
f29f8abedce2ea9f5a357b0f33082e4e,69.99
4b032c367b3dc8f32a122b19bb6e8482,69.99
064c2a4c812f840b0f555748c4a10c05,69.99
db4f310563a27c2d20d89d7abcf2260b,69.99
c5e200d485ae35a7036cc2e7c1d8ea81,69.99
9e404dfec66c0af0cc6898e439b85b9c,69.99
a80ab2d0ffbe4134e1597ec11975e0f5,69.99
8dc9a06063f0457dec7dc9951e8ad761,69.99
79c0aec7e6a81127ed9cc488a0cbc077,69.99
ac7f2420ab4a76a90d70be194cce22cf,69.99
5a59122dcab3fcdba3e878dcf3beecaa,69.99
e8db87c66310eeba72ccc5f05b5920f7,69.99
d44f8f91948d0fce5a34a2fe6c7d27c5,69.99
6af1c642ca58a65cfcd3e42125f51924,69.99
8a9e5e2eddfde9d630fed631e77effe7,69.99
a960eefcbe9d7ec4b8f37cf528c2e69f,69.99
24028518ee858cc4f850f074cbfe803c,69.99
9cfb0df685121979aeb180fca03b8ae5,69.99
129247e08b7e3927f62abb0b6848a2ba,69.99
f321c4161bb4e4f8c2af3c37e4f8fc95,69.99
350285f2b060dd3b8df76551d0c113a4,69.99
fa13a66883870e318eaf825f103d95b2,69.99
33c7436be4e08a85eb14b56f24f4506f,69.99
82b6da1961a25e8324ecd99eff5903ea,69.99
4b7ca6deb3bc514e16e5433c631e5a90,69.99
e59afa77a6682d6efe6297d7d1b1796b,69.99
e37796ece2d1ea2a902e59215513a4e2,69.99
53eb1634b3c95c9f1766f592058115d9,69.99
8cd7393d7826172d4f6f6e4f433defc6,69.99
f211017372dee93377fa125ea22d3871,69.99
ee9f244fe735d376a5a7a755431cd494,69.99
e8a7df4eee97cecb90adaff30ab1774d,69.99
ba9fa21d16fa22ad6a806358b58e2be0,69.99
8953f8bf10bed387ad35f83d268ecf2a,69.99
e9d097338840a88d7fe49b922e270fa0,69.99
a5f4ce5c4e85ffdeec9c44b6da6288c1,69.99
5c0207e0f15556dca4a404a60936ec64,69.99
af1a7e2229bed1f32991107366db591a,69.99
78bbba21dbf4a430cb4fc163623e81c1,69.99
358f85cf4c0ce9baccddaf17d8e5936c,69.99
c23a847f6ffc7605f0ef67911fb58908,69.99
7b39e7285ea4d3e4c38030fe704bb97f,69.99
62b7ce7bd2b7d0bcca837c766ddf4193,69.99
212eabb96351d2749fac79129e8de92d,69.99
5660a2b24ae2f9e6a4f8d8c393ef408a,69.99
b003d09f32a12bcc00b6ca04d46554e6,69.99
c0b08b832c876d08e8f34ccefe5c84dc,69.99
23e03808c06cda431f64cf0086a8a895,69.99
660608e62e70ab3f3bfe728f5098e686,69.99
a2f475be29f915fa902863f62308df8f,69.99
57c9497cf41d06236857628d650858be,69.99
9f2890f4503f464eded4a6886d54bd0e,69.99
2d0ae54df8a22f161ce4223dd31e6d09,69.99
a74dc36fcd7b3552e221b5ce1abf2021,69.99
cd2398835882d7dd6c432525319071af,69.99
0b19416215bceca38e7dcae2bdd64124,69.99
fc63101cdeb7148093b5bf42644568d5,69.99
ffc2f51857cae8a61ec9f9a15c7861c8,69.99
e5feed3cff22b82b296958c3027797b3,69.99
b039caf6bb49c12d8794280c0e25cbd7,69.99
459ed37bd5f3085c25cd98487ce1ebb0,69.99
dc8db098922025f1c3f876c9705610e8,69.99
0a9a747450fefe5f6c450feb2e530c9a,69.99
4e7f7cf7f7b2539689243d439bfeb5c4,69.99
a5917b800e27e546deb761274242684c,69.99
a23d6020f4bb2913acca5668e20c1e8b,69.99
d00c87a049eaae583c54eb356e3d1952,69.99
b279a1d441c73c1974d7a63618855aa0,69.99
c1c0608c8f5b318ed1903b48726914d2,69.99
c78088a2467e83cbb726c1283608dca7,69.99
8750f7d96ae3d88890ef38ba043a0465,69.99
1b04b941356cd2e418dbbab1a0a33348,69.99
91fc7465107d197ce60e483d9f601dc8,69.99
791b1f2ebf981ee9867bba35359d8d3c,69.99
c5fad69ac45610b0649c7297f7884cb8,69.99
be8c3171fd93be859af167b6aaf33af6,69.99
ee7466b4c80f1bc4f55f2c2ecb0e7c6f,69.99
58010882ac48cc7801627ad2bcd383e4,69.99
c4590ed04c0f2469e36745aca236a7b7,69.99
9697327d17645c7e415bdaf96c56b1f1,69.99
a453da7d729e434b71f6d69009f3fcf9,69.99
2aa931dd6ed277f3b1a2462e80d59fc5,69.99
beec9c534ac45cd57b2c1f8212a7535a,69.99
560cd84a537eca710953d516675b4274,69.99
e996e13b2036d27c07ee1c861426d7de,69.99
a2a06e46fa4b76d28d47ee73cb1a0616,69.99
2d48c9765cb9dafa7459c2d3570d358f,69.99
01950e4d4d0f0f8561e721ad5c8b0f9a,69.99
1702930a3b6e173f7ac11b692a0390cf,69.99
e1d014e36903719545d5fa13d6ef3ac7,69.99
438bad05055d60b6e82e9f244a8a1024,69.99
8a98f9883d95fa731e6255fc8c12d762,69.99
2f8028dbc5cdde692d56fc83b800ae3e,69.99
b77ee5671feb9b6efce84cc804842024,69.99
8539453c168f44ac4ee095374bc8ea2e,69.99
dac45a37ffb988682a29b7f846a95203,69.99
34f6d97c05765ba01cc9a5d58ce3ab7e,69.99
7426de774112a1f918a42ab74e7597b3,69.99
fd0fcdbd68483dafd1be738a3879afff,69.99
bb057009d6f61e78d6199046a4150cb3,69.99
282d52f23f7c0ece9340d411c4d2cdd9,69.99
7018f4094bcdce37a283dfe2945aca8a,69.99
bf118bd2d59773d6eecacafa07c25f86,69.99
c4f94b1fd815671d9c73e9bb730f2075,69.99
8e078e0f84bab49084437ab6547150a0,69.99
2dd070ec536d3e8a9fa57943bfb994cc,69.99
28eee84b2c56deabb471108afe34f05a,69.99
3b2a2167b75d2d89c226dca5c2f31ab1,69.99
0ccda8ca5a2e6382c05ca6321324c14b,69.99
3bd124a0d3630c45d920e49a107b6912,69.99
99c196be28f73fcec4acd82a8d2ba444,69.99
5fb09de922cb071effc0c1c12ab94f78,69.99
cb67b9222a5598131f83bf79b180f502,69.99
ced8cf14f3a428194fe15bb151edec3d,69.99
86df34b66cf1c760b0045b9f4a3eb41a,69.99
649d21625de22222857d0daaf7fbd005,69.99
f8ccd744c489a7cf8929be838c81c635,69.99
b962d24bb3c12996d839400f1dea145e,69.99
7e016f9ea275279784f42e0642214284,69.99
c6988d3eb60c30b1d49bb022715b9418,69.99
8df95c4fe06c3e8669861def6512b695,69.99
f0413d0db87e22a35ae1cbdba85acb9d,69.99
6079f16eab5139a458a54e9ca94b22f0,69.99
2326c5f3dfff28efaadce0c7e62b5a73,69.99
59369b62f15106cab010e178b8b2703a,69.99
d37c4c240e67390494ac98d9758eb7a7,69.99
c337b28ef413855b98d9ed149c211aac,69.99
7930549f156eea2b01b0fc2fdd323063,69.99
4eaea066b56bb518dd5180bfc10c6630,69.99
0e4632e78dcf05fc45aded8e52b25c32,69.99
84246f284e7d0de50e53ac2abf96ca98,69.99
3c23fc48e174b704fb7339ae71443a51,69.99
95389eec1d6f5e5a7ed3a2439f08cf62,69.99
bc210337f80918ea78f87fa40d7d2507,69.99
230787cbf8da57cbd10d7c223cde6f1f,69.99
4429f041ac455662944e92e4d20ab2cc,69.99
69afc81a37be74df6fca505b1f5920ed,69.99
222cdcba9d2925320549e70046b14781,69.99
a3cfe1fa5dc5b58a54aef0aa5da71b45,69.99
0cd40b29c5d9f3c41e71050ab7af3a7b,69.99
1f96d58caf84db1f8af2eac92a2e2968,69.98
ff5c7c8171b2745f2b4c009142e0dc90,69.98
92edd14dcd6f01f12fd2796ef22c2cca,69.98
f488a45102f975164cf01224932be323,69.98
f6e64070970103cd567436eb89a2ea55,69.98
7968f8e8d5429c6a0611671f5a52ed2b,69.98
7a3a3328b35a65930d54ebbb1b491501,69.98
c742ac1fd3f3b453ea59c439d6dc4e39,69.98
7e9a33809ef317ec0fb58c5a74a5ed84,69.98
de2425c7317b3c9ecf9a1a31da719569,69.98
0eda78797211970cf380fa08b6cf5e89,69.98
37c30eff2884832f789f75fc250b87c5,69.98
1d42f8005da1b87cce3b873a4126402c,69.98
8612b92a20dce68bb90b3e3f35500db7,69.98
08ed72d2a50cd60e1fe8219de4f2f59a,69.98
8182c1f56f172c70d84e6b1efe03465a,69.98
690c457dfd68f1556cd9a6894e684c12,69.98
7cc1b69d6b78c7c6e939481920760a79,69.98
92f6edd541c898794291e81f3c12d6ff,69.98
fbe5e936200a869da3a98b8bb37584af,69.98
a1d7fe4c8b7dd4e9d59e59fd51bd5909,69.98
e217d3b3ea5e1ec89757847ba1e86e2a,69.98
513df1f8363b2dd2616025c26193436b,69.98
1a19a113d74df968be81ff005143c858,69.98
f6cc73c737c6c32ef0aba0d6d7aa84a4,69.98
b39743b29a319d8dfc815e877302a616,69.98
4de812ca768d64e8f506155ee771cf4d,69.98
735df4af3d58741f56fe349cb94aa54e,69.98
ae6e3c9254bdccf9777714139a303877,69.97
1e0a2f52a05b3b800b29838afcced0e9,69.97
6a4d0a6c3f1bbcd88b4e58633a4f8184,69.97
c725ee592ac80b13c57f17153bc99825,69.97
b49d90fa03783fddad3547534feace2b,69.97
c7bf8b7df7cc634b65d6a6bf11613309,69.97
f32ab95a50b915c9ae8036374fe02e21,69.97
1445c50b71cac75922c8b2aab68dce8e,69.97
57343e0c5ed32cb5a60d261fb66f7f35,69.95
dbb20b9885e70975b890d2406079c881,69.95
a75f323cd574822489845798a046a6ce,69.95
93cf06215ca4314f34a26e93ac0320d0,69.95
eec86eb10f3bc01629ab99ffa32ea05a,69.94
fb3f0c9eceab31e1030a9bb4b25e53e5,69.94
2f364a588ce20ad014cafdedbd623310,69.9
0e2b91772bce3a830fe191d6646d96ce,69.9
9654fe2d235aff025a7125323b3658dd,69.9
7b81be94772b2c08ef5e672ac3cfae55,69.9
1db6fd71da6b8e8ddc494d957697922c,69.9
ddcf0c5826937e7ebade722769b2e100,69.9
6ebeb2d4900ac11ccaefd4071e0507fe,69.9
2586ee19ba02a26fa0a5b76feb616699,69.9
1b5f0fa3c646d0d8ab7fc76f8759c8a4,69.9
4abef4291b0857a104890ffc7b63456c,69.9
0dbb87834555d5e0e2dabd0dfbd70246,69.9
82cd627eb2d950f8b9d72ac0d0db46bd,69.9
cdd1b87eb389c9080a3095c78129c04b,69.9
2abd40bba882f357731f665f6d902a65,69.9
22539012aa9331d6f191199d19685fa6,69.9
a6b14e96a2ff0feb2a461f8e6703327d,69.9
8d8b6ea6bb05c408ebafbe40f2e14021,69.9
28fefd959e5e896d3756beeb69a3cbb0,69.9
e99735b6b3039368cb6af2e0df9c2e08,69.9
5536ad8d7b98b0ed6ad239682275b66d,69.9
2180a404621f6553ec9bbcf49f740175,69.9
6673ccb89c78b1fdf11b012b4eaa9b99,69.9
215ebdb1bb6a8d7a74004f5320349615,69.9
79251740ef5f4fae4175ed6c7ad8982b,69.9
ac095f2531fd7e51e9adeba9eaf11f3b,69.9
cd47325ca955deebec5548b6247d6b3f,69.9
c688fdcdf9d057a81a25e0ac6e2fb5da,69.9
18ad705482141f60ad05945506ef2b9e,69.9
f63d914e794b8fbcd7bcace71693e22e,69.9
e485496b2ad8aaa260a7af087d9db1ca,69.9
4f9e473da3d7122babdf130f1edd1c5b,69.9
de95d380cf871cae8dc79670a84a1bbe,69.9
9a6fd60a950b42557e63ba370a5e27c6,69.9
3a3994cce93e177ebeac87b9b46e5d93,69.9
cb196971e6f67237a41f2fe6235bbaf4,69.9
44c20ee7bb9efb350b8031c272a030a6,69.9
edfe96f0a10e2b8cdd3dc777150c2fa0,69.9
4814047063552c6302028eb70534a289,69.9
f8104ccef143d4fdd2690976345d235e,69.9
55ca07ff32dc30f00ded4c99f8ea9124,69.9
f91d5b6a4afce55008c258f1b62d8af9,69.9
95129f5993ceb68c165a5d9be08c1926,69.9
f0e4a95200a47e2ae1aa8e8c1af0b24c,69.9
fc5e4bfe03533eeea603a12179af3388,69.9
47e75ad90536748c1419a97d68ec4229,69.9
1e1a421d0a27d6c790d1cc796b146dce,69.9
6326b06eee393fffe30a79be062bb004,69.9
a7d7e95328382975506f6286a7b6cb74,69.9
240c865a9f8ce153b1a4a0a3aed150b9,69.9
2225ab9f80f9125e0d9895d9ce92cb61,69.9
c4fde97f6e821ddc92b2c39c7c77b95e,69.9
f27a826c24b960c00718bd0673d47e74,69.9
3e73488fe75f49acfd906700d531d8fa,69.9
8016136b9050c223bd33c840c0bdb2af,69.9
b8a0349921c6b15a956ad9d7a9905cf5,69.9
431bbb57d52f3141ab2f33a6a4cf00a6,69.9
c78b68b5d559dc40d89a72c5399e60b8,69.9
f301846b62fbf2b848f21c09f45aa67e,69.9
81ac7a23980df2f68aafd3092459d8d2,69.9
2ec93611c4a36c30917dcc0ba589d5d9,69.9
d511f1aec4f336c81bcaafd146e95066,69.9
45b5a10bfd612571d04c77c28fd7371b,69.9
44cc5d40e9a1cb920bfe0cf26164ceb4,69.9
10ae9ab538f23a7ff9e9e05fb116dd3e,69.9
d6b757c9478ed7366a42b6f09dce476f,69.9
bf2cf07066dfbad334b5a59013a158b7,69.9
c5043670cde64f4796a1c5fc6176923a,69.9
641421e7a4129fa906e060ccdffd6cfc,69.9
55a736fdef3f978c92f0477297b92973,69.9
f4cca385564f9511f9fd06ed67b7f947,69.9
2264bc9721308590506bf504cb0ed2d2,69.9
e9ffe4fb0e0faa5fea4a6d6ca0e99e9d,69.9
4f73f8389d911b8daf64e95c00d2b813,69.9
bdd7712e7fbf5e834a25438affa3e3a5,69.9
f4896997a6a8f1e3d089a04a44c39d71,69.9
a6f116c3fec7399c4e0d473c73a3eecd,69.9
02faaf661d80bd26b06ca44de75a20c5,69.9
32a68880c3edfc878276ca3ffb8c084d,69.9
0fc162891a4bcc7de1e9954280f2383e,69.9
acca91ce9b77b36df049d45991266a08,69.9
5039a0deaaeb41b8cd4135964d681bb6,69.9
ec5b53e1170724ebbcf81489ca5f3add,69.9
edf1cfa56fe1eb3860d9c4bc3301d090,69.9
bcd32c414b3287b2a0c5f4e3bf64afb7,69.9
0b7b49d1d52d6ad4477b62a11f9f653a,69.9
b1ece3a99522857ca408477c7392134d,69.9
627118c4a3a8765bf653b5a4748fec00,69.9
8a501a6f9fc4c5431e91de49eca55778,69.9
a016fe5ee20067bbf94ab0b66438845a,69.9
79d2e12ed1aad80999c0e06020a54959,69.9
e4721017946d3258fc32c6f690a565bd,69.9
89520d116659115d90ab7cb004c54112,69.9
60e33d9ad2f5c6bd7d7dcc6165fc8f25,69.9
10379b9c45fdd660f505c19bb5bb87d8,69.9
b49c411a86a3ac9f2af4fd8987768e4d,69.9
876356df457f952458a764348e1858bc,69.9
8e9097f9abe54a1c6d2005107034fe0d,69.9
0031c1062edf836ef7a7a7ea758b137b,69.9
6a4d9f873465b6aa031933021eab4f9c,69.9
7aa3343466ae7796dc4e7db6a7e3e726,69.9
71e993ef101217dfb733f56e8f99cc20,69.9
1f68d6125d83e05c0c6b1d34d4f7c30e,69.9
bf529967b73d9163a926154e9a552cf1,69.9
3a940b0b8f29b36c928c4c91d83dd7d0,69.9
91571092575ba11141c0df1e1bcb4c3b,69.9
cee637a42af216cb5475df2f812c583f,69.9
50966ab7a02e6f14ff2b81c938932200,69.9
1193063ca14a791ac93a7d8426a00338,69.9
982f89f0ccbea2fd3ca4c8edc3599efa,69.9
6981407d775ac7f40d61f925ce125766,69.9
c90d47c7c9b9d0ee0d62d48db7490c7c,69.9
301b3278447e15614133d0b43196ebd3,69.9
f25868821c2d1ea34b0b3c0d8163d7b5,69.9
0a580ae1fe47a7b5c8cc18c18b3336f0,69.9
d35d8c2ec3ab248822ef4b2303014292,69.9
d8b499463e4d32d284da63b92667fb9a,69.9
cfd6d3b7873694cf0b8b35a3fd00d504,69.9
1ac00b74a9a101ee109feb3d27e8fe80,69.9
3fd18f2496aab6505387b5d25ba1594a,69.9
e1b154db90ab51a05208751d9ac37984,69.9
25efd76e2a587902b55689c2d3eaea8c,69.9
da3865a87af154f97a6de04afae086a9,69.9
d53e45c9cafa9a93e59f7f5c30ea1a11,69.9
376f23503d92d4b47a304738bb8f7870,69.9
de02f63690cd2ce9592e2960730d3b76,69.9
eeb1a37e2e928ef2bacdb4b6382badc6,69.9
bbcbb915884e700eb649bbe31323cffb,69.9
60e7ad191809c84e2fa3c164e1a5b948,69.9
0992bb382c2c55324fa17f925d9a66bf,69.9
22705c3b9d99040b971bd4aeb236ecdc,69.9
71faaf972f231660f00732bc7c103241,69.9
104ac7ecfe1fa7f15b2a635338e104fc,69.9
ad3251051c6981b78a714268f03e4e4a,69.9
20b890debdcf10ed1c03a956015ef208,69.9
c8d94b19054cb1ee16dc5da01c6fe46c,69.9
c0d6de5a1a3a46e7e24a9661c2fe9f9f,69.9
2db14524ba78aa532180308c222eac5d,69.9
b510469f47970f798db71766ace5a0d9,69.9
916a53f9eb268e42ef9c6844b6d090ce,69.9
ab099d9d527a7a16ae653834df241d37,69.9
8b6fcc7c89c9bbdd8e5e47e35fb13f53,69.9
746047d2a62ce1a4813b29d7dc1be6f6,69.9
d81da11cf25a7f123a1f60af01bdc158,69.9
13b7ad9037c0906ddddf4671337aacfb,69.9
ff43182cf77e7ee5609976d3f7a7bade,69.9
6c57ef77cab6ab22eccd69f110983ecc,69.9
fa68d3ad0b208c51a9c432396f968a55,69.9
99aea4c52a71ae690266086cfacccfd2,69.9
b131df50e42e825b93ca23fa215df7d8,69.9
fd4e7e43747ed4434bb4c1c0974145da,69.9
b3327f513a96d213bb42f1aa16ee4d31,69.9
68690939aef665082e350cfa7936aa33,69.9
f0ce08dc3466b665ed94ddf3033d0201,69.9
f540606dad1c114a358d71d505c50e00,69.9
e971d407e965d36aa51b45cf58abfc31,69.9
5a6661b43e78a355ca55ac1443db9e50,69.9
b6354a784b22dad8e36b59fb230baedb,69.9
faa92cb95ec90a143173a7c7a93186bf,69.9
b7a32c8c1f8a3deace8865c07d2683de,69.9
e43ceaaa15d11b74f3898d33840b7ac9,69.9
890b202d81e69fff91d33beba38bec9d,69.9
ae6adbcc62ac5a6b33d5ef24a15bdf5b,69.9
9d79c4397c82efe150bef59588b4913a,69.9
129f93f2ae388ef164df91de88c8a3e0,69.9
65dd288522b06b501b85cb2c05152190,69.9
39378689a58075dd0304d79ee3ae0cfd,69.9
b0a9bd08e4116c3fdd62aebc51031f19,69.9
e2dac290badd339c560cd42df635504f,69.9
e89fc69d6f19edffa2cb3dbec3312f25,69.9
e1e4a4ce47ab717fed8adc191b1de674,69.9
5232c22d7ed2b631db6b2cab74b2c5f2,69.9
20dcc8f06c9dccb6d70c446cd56a9c6d,69.9
dfd032545bdc92f4f38a14a6a3483ea9,69.9
65efecad50836c407e7129e0656ddad7,69.9
8d3b3107ff3d5416c2aaede11192d34b,69.9
bfa622c5b6ee7f16225494a05952cb73,69.9
cdd1331485525cee78e5fd1b7ea3b2e5,69.9
069c4ec640bf96e7ac25dabecfd6c0ab,69.9
678d9fab75387a33fd858264e25a7530,69.9
b64b2b539c8cbf519fd5f950941981cc,69.9
3c36ed23dfeb3ab95dbaca492472f1f7,69.9
4617e05b28548d6730f1d06a9bd3699e,69.9
4a626299fd0fb054ba3b4dd245ecb2ab,69.9
54d964b83ac779bf3ab0fdb1877a51bc,69.9
f101b45ce4cc4897b4b86f13cc24cb08,69.9
0b98703974a1b3855df622c21cd17c82,69.9
99974447c69793d64b279a9d29910dac,69.9
d2697a7d9526f4714dc4b718cbebbf82,69.9
dd311e90965698c65649b0ee6793432d,69.9
c1ba054116e13a367a09a45be363525c,69.9
f9007ee30213220b3ff3e9905081521b,69.9
c0499167445cc2f02c12c5270571dbea,69.9
1796c18274a6cb3a6ec3ac02cde5389c,69.9
70a67f9fe1f69b4920cb3c1092feb3c7,69.9
dcde5d9823057e075bcad8edf118f4ff,69.9
d016bd90f904bbf7b11789bb7b3a98bf,69.9
77536d8531c68bbe0e3c699c084c09fe,69.9
a7d883e36372d36485c93fd1fd7cbe9d,69.9
642e3b504a61c1898bf061f0d48dae51,69.9
708635792070de8a2e271645c2b504c2,69.9
451ac8c45d5de89e09a153692b248176,69.9
e16b9b83c234182b056d65f982e5225d,69.9
7dd6760d5d15c01665336a2a040d4d37,69.9
a0c84f2ed6baf20ab5e3a69bcf8ac905,69.9
deb19dc4202f498d4189969a9cc38a27,69.9
3d5cfaf96174fab5cc8de497fc5b21c9,69.9
9cf0657bb79b3c818fd37100f4526d8d,69.9
79f89bb6e2b2dd5e459520e2622eb135,69.9
2da272ce9616af4f18b954a18ba46996,69.9
44e35ae6c8a2c24251e3efa3d96cf0cb,69.9
d2d9a4db01878197408189a2dd4173f2,69.9
1739c1a969076599835a1d86b968ed5e,69.9
c29905ff5d902727ae96cd2bdab4d440,69.9
9a2f80a6ac8f9a790c95774740335fa7,69.9
37922a02f44c5b80004b14cb9a0becb7,69.9
594d026e19325c3e1a570e17b0cc0543,69.9
b6f5c3a185c33b9c12a722c46f5215c8,69.9
0e2e50595cfab0a0b7c2482dba5960ff,69.9
89adeb7c49556fb4c0ea5a90291e8a62,69.9
5873294c345e69097a4eb7473e823bb4,69.9
a2060693f26d98db4b514d12339daad0,69.9
5bc80b3b16512dac479fd0659856a37e,69.9
2208a5c21b9631036dc7eb52632f493b,69.9
e2570e11a6faf5b6d2c16d1749fcbb39,69.9
d6b28db70e60ec9a17184c53220ccc5c,69.9
7ac9e0604c9ae3f476588f5f0fee10bc,69.9
791311e9e765e18c2050d96976d7e110,69.9
47c710720f6d36fbdf35a01adc90e221,69.9
a7dd8bd4bdbdc55196a8ee7fd336dde7,69.9
08a761b27ad72e5fa65e351ca23bb2f5,69.9
a514585df32ebbf46414cb2c506b7392,69.9
48ebd9467fef647e9a0cd9c1b9bdbe24,69.9
0e068af4f6f8959942b47a78c8255534,69.9
5c3ec0fc7ea0606ad69573c8dc8c01ca,69.9
c4770e515fe794e4e18a70729e06f243,69.9
87cb2614dd16fcca86933e35d15da4df,69.9
0b1d44eb88413fe2e8981d81c8a989c8,69.9
1fc0b8d5b82b1c982a3943842f0d4ce5,69.9
f971a3a1f0bff189598bbfb8b62466aa,69.9
73f6f07cecb177c52aafb9ddd4b4b448,69.9
59f2fedaa3cb8a6241388d001204440f,69.9
e046f992a304cc92e1b00d7fccdf1c42,69.9
ae4ffd58d6a35cd9948ae0da3070322e,69.9
9ccfb215b4e4e8c78889a20f90014a9f,69.9
166942d3a36fe8f255f89d20094f71de,69.9
4128467caa12d62fe47421a1a02ddb5b,69.9
f73659091d1789c9a866de63725a5e4b,69.9
0c755365dae19da070419dd40041098c,69.9
a0715f79257e6f0e7db3d7ddec8c418c,69.9
b1072d62bc4318bf70d81aab42b638ca,69.9
c805f98a53f91cc2794ca2402fde6cd4,69.9
308d20f143f513753219bce6d5493022,69.9
e44da066db72fa43e6bc6322590784db,69.9
699bdfc8a58b4ff2fd55cfad67ac54b8,69.9
86dd58b3189747a15712e95a52fb7946,69.9
6d67ee4d82190aad1716cda46991ecef,69.9
6e660ca85210c89e215463852d16f236,69.9
e5fd766629a5c46edd8a477e2cccf648,69.9
b134ccc99df2d517b2d8bc9455ea7a2c,69.9
9d57e17547e118b158dc652dc640714e,69.9
aa8fa07c45822fc5fd6bd35e0a65dbf8,69.9
76ed039225db7bd1098900ec155128cc,69.9
48ce7d9bab9e6278fe04cdaa72f2cd16,69.9
767e7728e2f0597fadd6651fae991b42,69.9
b5d026ee2af32da660b73742a73fe52e,69.9
eb995bc1611b219cad26b592d67d961b,69.9
29e4b6ae74ba2576f10c479863d02f8f,69.9
5836089b5b463ed01398e1896b202bef,69.9
43adfa5ce5381934088f3d73cda31c24,69.9
fd53396e81cfe5bb3ec963ed87b6b2fd,69.9
61982aa3edd7c23a3855ec6dd5c21905,69.9
87aff18c50868f8780503ad338b524af,69.9
90b547bb9844f23258d4bb7421d2b28f,69.9
322aaaa7739d96945945dd3ea7f0e18f,69.9
bcd4be22349c077e997a325f0a5b8e81,69.9
5cbac2fa414f629f944df5d2a77531e5,69.9
ab1696e7c2c629e56ad0edc9daf39330,69.9
20942b63de1fcbbd69ec927c5fca6569,69.9
df7d1cc348a96fdeb19b17287b9230be,69.9
338f2f9c29d8a0cd3259e32034ac7c67,69.9
256af5f66a15afc03fb926c9bba1a671,69.9
f75956293753a41a06a17b21ca23733a,69.9
b8f57f509253c23aef16ac93558a04e7,69.9
219f23d354eb4b07a861c97172f7ef73,69.9
09eefd631794ec720959fec7a3693db8,69.9
2040be39a489497df340242ce565a88d,69.9
9c04b06940dd762c639ce63ce827caf6,69.9
7bf997d6e16e6117b8312922c7408e10,69.9
56d6f579774121aac7b8ba62da225661,69.9
0d040e881b853027f451b8465e81e402,69.9
063a4ff31bff767c4a8fe77696eb3892,69.9
64b50c71949e0d5f9d0dc5c6b67947be,69.9
8f2b91ff30c5a34e638e218fe902b758,69.9
f337dc9cfaf8bbd59327511f8251d901,69.9
ad6fdc534e9acad243a6760379f3fe9d,69.9
d1ed3fa617ded724a9f890f079bc29ec,69.9
b80feb27fb4955a21bca55fdb039af17,69.9
6dfdf991a8e16e9846a86a6d2a3be7fe,69.9
726a065bb91c9e5df726bfe805f2d1ff,69.9
a360d3609e0c4fcabfe54da4d3bd1505,69.9
0b6d8536d3e0a2b1b73fad9f2c7179d5,69.9
0c0202f6f6b9ce5a9aa8f9fa0a7580c4,69.9
c715c27e0a30e4c742277c41928fb672,69.9
9338a72285eaa017ffa0efca8eb74df0,69.9
551c3d5349e8367c1edcdf2ebcd1b47d,69.9
ee339bc1fd51a275cd44985a84e2515d,69.9
7d359bcf9aef31f6554888f41559848c,69.9
52f62dea0d8bb280602d81f7dbee3a00,69.9
b9eda58724d0b0c95a21c14bc9a817ee,69.9
aae8ca7a4c507ca018e1f1188d0ed25b,69.9
f246a20a11694afad71d2d9be547fbb8,69.9
a7e3acb56bdf39422a21ad5cb963d5ec,69.9
8dd23f5c13cbaf795adb5ad458c0a35d,69.9
e6529280d21312196f2b9003c89a53fb,69.9
a5e9bf539b43985bf77dc7c57783c639,69.9
61887ef2a777fb55e774bd124ea67669,69.9
484f08ad298fef0f4ea0edc43ba31e20,69.9
7ee0a3bafb74d553dd58b53458c8fe1b,69.9
7d9ae6a70b73e87d1be939278b1fa0e1,69.9
932de5979e3351bedd7e46e9864c41b6,69.9
93393e310c9395557f731f71a6e3ff96,69.9
bb289a608c37486d57ba8130910b5135,69.9
40cf2f73247ea80b023e4c63891ce67c,69.9
317e53bc7df537e853731bdc538c8c90,69.9
47986eb3c63d69ebeb010f70fab00674,69.9
fe42ad7f8642fe9ef02ba2463e58f69e,69.9
2b9c4f6224f4c48aa0df74fbe0fee4ea,69.9
bd23e7fa3205d01609afa746fa646770,69.9
0d229f41d3b35a7dc1a128dcc48dd211,69.9
b4a4141e8a62c1869c0c0d428fe24e1c,69.9
602abe909c748c9f6cd73a3a4d66ed99,69.9
c55a17a7c31353c35d48550b3aebc06f,69.9
f647340bfd59cd852f1edf2b3eba6bbe,69.9
9f72cabf8e5ebc5743665846b05617a5,69.9
fcba45767e1f02cc6c09f78e21e4e643,69.9
503d0a7d55227b38ccce96ec23251f5a,69.9
0ab91423d1e877aec33c6da6e9b5509c,69.9
95ec188041551055bfa8abedc15c9218,69.9
0b98fd446f8fc5e42dccb4dd1b24ad4a,69.9
ccef1b0140b0978b6b1bbc28e54262e7,69.9
ce16772052d1eedeecdecd1deb3b0ec1,69.9
f5d89a35cb6ce8c1e7ec7ac20c45f9bd,69.9
1b66ca957166eb1f0c86e95c20d339c7,69.9
34e69e90823816007ac5518a17f89dc1,69.9
ef7b5936f5557d3a908845d80e43467c,69.9
38658a45235ad07f51a84607654e53f1,69.9
c88ab5ea9550d93be4e31243c7c8b7a2,69.9
33548b5ff9b7ab73d389abe75ed2318a,69.9
73d3109d331fc1a1ab21f489b3979ef8,69.9
12fd2740039676063a874b9567dfa651,69.9
1935a24e84786e81a8f932f18ce7af50,69.9
6df048a54bfef499d9e6dd224351e90c,69.9
91f514d2637f3d11c0394fd89807f69e,69.9
74a241616d7f1187025acb5410989dfa,69.9
d74c5384769a3b83cd8ee0eee83f2c5d,69.9
b7f0f8cd3edee9be516b3045dd0bab2e,69.9
4ddb850103e6736b88bb8c5161b97dad,69.9
a338f42b6e47cb49d5c5128a348b76ba,69.9
5bb44f6a01f1362e3eb39c521d1d1b08,69.9
034a67c9a4d321daf61515903eb02063,69.9
14cd94b89c89b4e65cec15efdacc0a88,69.9
4afb263f3cd7a3e3d2dcd5bd3bcdb606,69.9
a11a8894c0d89a1d2b467a62fe4a365f,69.9
b29bbda363ff12ef560a07d075e3a82c,69.9
2e40ab493582930b739c8a2b2a08b54f,69.9
a617067d08312d857f24bc829af217e8,69.9
f896e70d84f6db9a56b86a47dd8718f0,69.9
7b5e57989920185e8d4256e86df71f24,69.9
7e2408312a141732fa53a2b6e7dd81d1,69.9
72635e45d44567d9e5abd4ee714f8d6d,69.9
b8d01a6da6524e16108fd83dcf98aca3,69.9
b4373843d1fd375a9b9a2da2ff39ebd0,69.9
2c638b26193ba082ad5078be3f37a854,69.9
2fee3bd742b24eac0910410fcb57085b,69.9
e7fa5bffe3dac4a255ededf0bdd537ed,69.9
96ee94f910935c0cc469f5be3e4efc1f,69.9
03a94d235a422b784953fdbad346162e,69.9
d7f4db9577676d4fc9605033b96615e3,69.9
eb52f5dacff0959d0f040bb37943d821,69.9
6a122bcedf65452b1002d0fc3758c531,69.9
d14a78215272e49773f7c8e45e5abb66,69.9
0ef0ce71f70fa4dfeffca02866a9f0e6,69.9
085e2d8df89b9fdb5182fc89fab548b8,69.9
7e819d9576db510d58fb2df67b84a8d5,69.9
d028416eafe3235c4d5816bf2203d27f,69.9
287727ec8b614d295c75cc4f52d401ac,69.9
8edf77a07c8c4daa4a104cc7a4927b3b,69.9
a59c9f9ebbbaf186f4a1049572b84793,69.9
7a978996d97636ab682a47e1ec07d7be,69.9
3cfbb410f95cea8ee7ee4d94816ef1ca,69.9
a4a5f407999f3fdea0c1cd239a9df7fb,69.9
5f2269b4b3e234f5ede9b2f156bbd04a,69.9
fb9efbf986947049d3a3ffcc70708be3,69.9
6022d3082a09e52b65e19b1ef3ace112,69.9
beb0e6708010ee6d99e100be6334deb9,69.9
55b6a9a61de79fa7e7f0b659c603cb1e,69.9
aa012a8928021b41ea6de61e855880bc,69.9
45bb79e1c7ba4272e3823681573203f3,69.9
c85bb283fa5d77323cdbeb754b936e99,69.9
b6a13d442a0f608803b016b15f09bbc8,69.9
7937eac19cc0bd862c09e350e43fb152,69.9
9047ddd8b67873d55ff287e1d90db634,69.9
1bc02a8d09b09dfa1c5e6d332462b248,69.9
e243c79f3576689f3104a8a305d5111f,69.9
8c38322116938e0c957f2a8a068fa612,69.9
a81eecabd9afa9b7ab654422b6e79f3c,69.9
3719c3d09981263d4cfc1b35953524e0,69.9
1691b81dee4cf5dc345369081b42954e,69.9
8ce0f4282d62b0df327e7873a5408599,69.9
f7c37ea4c192ca34a41159557f27837b,69.9
6343bc687a2d4cc1ecd8a4d506f1fe35,69.9
698a74f33469466fa4172e829505d1c6,69.9
e2272ac8bf459f44d6c463d1b75afb8b,69.9
ee2e42a5fcbe3dbf6fce1d07639c8121,69.9
38c0e02a9cc35ad0afd0fe47e2a749ef,69.9
60277a3e7abbb02da56b4a1ff79f985a,69.9
2b22da03dd8511de17c84238e49082f9,69.9
79b14a47cb76b8a85cbb4fccf73a1b2b,69.9
9d253e13449c5e9a947624ac8904b1e4,69.9
ced8f3419d9a7d7fec840b843b36d6c2,69.9
3fde7d02996a43b3865c66baf02cbafd,69.9
51b96673c2c4c07c3290326bcc6d2fb7,69.9
d90c5c65d840d9daea637a6f04d7832f,69.9
f19c33b8cef8914fd3e1facb34fe4b2c,69.9
c4333f782a96190eece0b2e3321f4f7a,69.9
d06f29dd67e263d2bc2e00c2cac53025,69.9
9434d806ad79343f0380e4c9d87453bb,69.9
0a0cb67a965b9c7e35f5595053b79bd3,69.9
748ef4fd12e55b5a4cd044c96fdfdc1d,69.9
41ebc1df9d5af975ea8582f4be95f836,69.9
575ef70c7539be8b334b433a37246097,69.9
d2678d22d6727dfd53c7b918ae2301cb,69.9
4335b568a53f4f44d1c91f4ba2f45785,69.9
0dfe07126bf358f2851e2a02aa46aecd,69.9
a5840b2c9f11a1361970ed2eeddae1ea,69.9
bfcde53e4fc9b102273906be1a94f9fd,69.9
9df3a70d5bddb3b05b7896e5d68088f1,69.9
6060d9a57cf9e44fa54a5034481e458d,69.9
7b9b8d7961c1d95d51f951fd8fb67229,69.9
80b33b056d950694513bbe083d526ea5,69.9
e7e06aee55b48397aff8236ae9241175,69.9
a664eb820c2169b80e2999b80f22f960,69.9
208a7903419114bd010ef2f516d19b4d,69.9
5e482d27396e900d40249797158c5507,69.9
b4c4eac1c50f31216707a413ab2706bd,69.9
db31c70471654ee86b2d2d33de44052c,69.9
5625c1e57dba8ab0c217b9ed261a6a77,69.9
a293defffa2a7b3ebf36a12720450eff,69.9
f6191786cb5b551812e61a8c45ba8a44,69.9
6143ab26bc0193094caa9685a0c90d00,69.9
eaa679be83fb04a42082f0b60bb45355,69.9
7d5225f8f75f892ce7d428368b6d3a6c,69.9
aec85558896424034ea880e902abbfbd,69.9
2830a528b71c2a35aed1b9e3b74b59c2,69.9
91c6fb2b7b643426eb8f72f1a3e422d1,69.9
7198ed558f9d18a996669a02d20fa9d8,69.9
3acabfe69f5cc65c47b9d3357757758f,69.9
ca78e91b282bb706105233eb5762441d,69.9
afa3bdae840d8a38fc672bfc3fb3d317,69.9
b552c118c9199c7aea566abee73b56c4,69.9
b612bd8d705ec705c7b05c06af456a4f,69.9
53eab182ae5eebbbc870ac6ae17d9b92,69.9
08185246997b160bfdc98c4804abae71,69.9
59ca6e314a56185671def79aece91c09,69.9
7a0c5469cba3eb88c664cbb7d680ee56,69.9
ca72bae56a62ab7ef618c2d480419281,69.9
3539e22bd0a0cf0a601c207ec0af55be,69.9
08c07e9a2ca88f8c94694bd4972a4eed,69.9
8a4ecf2e2fa5faaaf02827b368c0c17b,69.9
ad33089f3dc319f48cc1877a5d4f8a48,69.9
69de578127c288e2cc3c2e5362cc7202,69.9
50625571ef87a454e6251ecbf795ca93,69.9
b5b6402b9db02fbab100c228f449c936,69.9
590efcdd68b9f9cb5ddea9dd6f5378ac,69.9
aaffdf9f54d22f66d1feedc80e7c6ec2,69.9
f23c940b811f63b4520de56d87da449c,69.9
df7c2cc62452933478a9b73daf1c71f2,69.9
b739eca04e1134c2ade57adb5f05e99f,69.9
aaabb7e90313e89f16ee6e19b318629c,69.9
9edf15da6dec54aa77c38174d2dae7cf,69.9
17f1be05cfeb6d0f2381fb77ef64bfad,69.9
7cfd450807b027f5cbeaced5c26d4cbc,69.9
1b83beaaa59c8cdfe738f7ead2517da8,69.9
5f231ae5c17f8283b13cf14227484538,69.9
c1bce0aa640fafe73edf9900e0084566,69.9
cbcfa9705c08a075c7352438db3ac301,69.9
9a05001f24b3be9b63a671530944fdfb,69.9
e9c1065e7af52438cc76757a979a8932,69.9
28d38e114a66a3cd24072409fae3e9c1,69.9
6ada75a7b87d43058fa67bb52d07f2f8,69.9
a64142e66e1ec74aedc81b5d63874e92,69.9
385c7a465ae01748577b050c89106a04,69.9
2ed7af1545567c0facf089f0fd61069e,69.9
a744a615992afa64466809709574c336,69.9
aab6bdb5ac89272cebc58bc9c59a45f2,69.9
3e0e94b0e194113cde229729cac5966d,69.9
837cf66598995d5f51efd00d99ced139,69.9
5f04a7c4f329379b5cc02038ce8380c8,69.9
c29001d4ef8fec0b038cbae8d53a7028,69.9
be6570b98044034f16453eb8281ffa08,69.9
f8989c74d32c636246efc5f2b72213b9,69.9
d1943e0a3f0529cfc9c4e5e9465bd470,69.9
010099752e4ca60e61c8a4a669ea9fe5,69.9
1d78de7aa8286c16746a84cdea461040,69.9
eaf7daeb68a40e006b443f9256fd2bfe,69.9
57ce8808556a39e78349684303e69918,69.9
ca42993a325d1171e3f5d7de645ad88e,69.9
70fd1803205b1552d3a4ead3f6997b50,69.9
3cb70d43ff082f7257213b7b055bf35a,69.9
1dd1f1efccf6a33c8dc013fa534e8dd0,69.9
d989fc7089c739f025fef52b7eb2c87a,69.9
7e1e6a9276e75274a3d81cebaa6f0c55,69.9
8eba5d36d26af896fb5a068bdb7980ad,69.9
3c714847e3cf0a0223dd797f3a9cce9c,69.9
beec3adad1438ff9575cd40851751607,69.9
7dbbbd7d97b75bc79cb40919653a490b,69.9
7d2923a34828c8f767f2c6b110ddf4d3,69.9
f987f6a75a1c705d58e10897c479e3e1,69.9
438ddcdedced7b39cffe79ae0f5dc5b8,69.9
ae6c6553b187988bbde207168e472585,69.9
763c5b095586b04d59d2521b930f53d6,69.9
c0d6c154f52c6850b032cd4c63602a73,69.9
ce23650d552b23150a2738a9d325e336,69.9
052342bf498e2b4c567acdace49e23f6,69.9
d55de705b0cacd7818caa64cf65ed2ec,69.9
a5651fac25354ab0b049b9db15d5af5d,69.9
0a48cecb7f6b0b7314b5dd2eea0367d8,69.9
04ec1f28c6817bc2c08a76aca9ae9805,69.9
1875ec73420a9c9239ecdeca65259cf2,69.9
7cba9d30b0b27d8d6ebf7a7a2a33aef1,69.9
3187d1ef9489d150ef02ed28a56b6e18,69.9
77b0d15d00d45a25263845e1b5d52833,69.9
ac063e710535d45f495287e94f81e419,69.9
f563f48019b585df1a59666e2d65c46d,69.9
1776480855ede0a90369b2fc87d112dc,69.9
b619b19ef9db35dde9e6e01483e204d7,69.9
e7e307a443d773d59d8e248b750589f1,69.9
0af639cd64d4187391e1dfe23890b54e,69.9
72ed86652fd2f0e671437576d61d88a4,69.9
3a79e8f2113ab89554d67a50e53debf1,69.9
179d183ba83ebf3be4056b8b26d8dbea,69.9
36538c9c61697eac39c48097b1001ec8,69.9
c200dbd8f8b00abf9018dce0eed07c30,69.9
78f0a23ab766cbadc53402d12b7ae0a5,69.9
8fc560ec6db751f25393ee292c5179bf,69.9
4ca563f7c94e7c1c7fedb3512b510c0b,69.9
6035d3c24dd718208f1868e2fc96b7bb,69.9
42fc8a799c40493b77e9bf7edbcdc286,69.9
c0b973b939fe3dfb9816e50acebcd597,69.9
f41553f56ded7abddc895d3e4ad4c2c9,69.9
a5783631d27600ffd190cc484dbb9680,69.9
ead3dad6c0d88204add1db3b03422ff4,69.9
b0c07f3d291615bfc80f799eb7b8d9d5,69.9
7f7894ea9b9c70e9970539ed86a56367,69.9
b4d59456cf6d20c530c51c65e749c5cc,69.9
4a1292792f81671b2e1460f0e837cf04,69.9
26c5ed84816686663128adfb3472a340,69.9
546bcaf0a384ebe653dd7c27555dd7e0,69.9
2be7ec9032226da54ff6d1970703dc56,69.9
e1da9280fa6ef16ea9b49d9f0aeb279e,69.9
e2d80f15879933506a918d1ae458e70d,69.9
f97a43abfdb4752d86a6b0a4e9cf013f,69.9
1874bf6cc7db3ab099a368518a32ddf4,69.9
77c5006ed05e572e4171897c5a473611,69.9
e46db370a98dec564da620109436f09a,69.9
826620317269a6de80fbdfa41e213c83,69.9
fd4ba42ec49ea739830e0e63f147151f,69.9
191cdad35845b53e9b337d97ff921759,69.9
81de0f49e5ce04655d8ea24b3239cc80,69.9
4cbbcc881f9f996656c8842add4a140a,69.9
006e35001c6c8c65ad4b20a8925d2b9f,69.9
05c01dce4f853828205c6f9bf3de9b05,69.9
32ce745c128639d205ad85c880251239,69.9
cb721d7b4f271fd87011c4c83462c076,69.9
03432b33c8aeb8601e3ffbb38127ee2d,69.9
44b521ae63ec470874a89c37fcea4c6a,69.9
ab95bb8d3768e62831048ac6e059a973,69.9
c116f2069fcf54d5e5d4864cc29f628a,69.9
8bec3fdae3d207e6e2e7c06dfef1fbae,69.9
889c102407310c5de98fdf30280af7bd,69.9
4aaabb1804dce1f958d0c033bcf77517,69.9
18d40b039819845ba47e637971b75735,69.9
953d151252d1305b272923cb0776a79b,69.9
f5be20b2d50eca29b8977c5e4f51dda9,69.9
f4380f3bd8c569ec5c8ccf76ca4daea9,69.9
6dbd9b232392f80a3cb44fc011c82b21,69.9
35a5f209fb977870cf57ca5564033679,69.9
8845218b841a1c684b790c3615583a6f,69.9
a12395fb1575b647da026ea4b4a1daf9,69.9
3019339804e4bbd61f55671c4bc52d8a,69.9
d7e7a3e1f56066a9c5b475b82e3f870f,69.9
f72799a69d843f37e38236f68deb0bb0,69.9
a237096e8b07d5d634173a9e8b6fc6aa,69.9
e7419bcdeae93cfb65d26ffb14c255d9,69.9
8dafe375f5c86a7a0cdc175e009e6820,69.9
9ceedfd00f1ffbfa98dd9b9e960b81b2,69.9
0fba33b27b39bc65c41c41c9b4048455,69.9
fd4fcbbfe54d955be1a6065cbf9a3c8d,69.9
51a414a1021b994009740b1ebdf30ba2,69.9
a0a18d98f8fbcc3a5450cbab481d9711,69.9
7a6034b320c40ab225e1d225c7192513,69.9
95c4955ffcf0b0dc52dc62548640fa3a,69.9
797c7ed6570cd77d6817390a0fad145d,69.9
fc215214c5e93ea60189282e63286806,69.9
03c23ab69d584dbbed60003db778135d,69.9
8eb106d11a08c40ba310649b452427a8,69.9
9b8e49036d8bba6e2a8b0924b331fcda,69.9
0babcbd58b162c0717951ef799d3a3de,69.9
3dbfa5555d41c7d7b407ef940e8f81e0,69.9
ada9137aaa12f2327f1f775bd8f160c8,69.9
7b148cdb1e2ddd4530a9b2fbbde329c2,69.9
3f7d26944f7f68bd2ac23b5e8b500ab0,69.9
adf1aeb555b2a925a5fde736e8dbdcf3,69.9
b0d7145ee05b66d363b3969d882dfce0,69.9
23b6b5f54a6b751bcdf1013a8aa3e1da,69.9
a5499235199510a8ce01d6b3699ff08d,69.9
68aab4a7b7f6ae92db5bbf4358531d9e,69.9
252e3019a511578779f6b9b0887ced45,69.9
522b39c82a9a0eeed9fca23de766cbc8,69.9
f6dd94c82d8cf048ef7b4df3ed7a12f7,69.9
91ff3b136fe639257e936a20b549dea0,69.9
c889eec026a928be2c4ddde850ef4919,69.9
52f35df64db924db0b1efdf93f4ac0ed,69.9
3708436707d3e9281c643cfaf9b8d291,69.9
249a185c6dd796b0c5d8663c79aca49a,69.9
3f63fb49ebef23d07c3ceaf4855572d8,69.9
b678d5eddd92bc4328c99f82462e179d,69.9
70c2747900396189bae163de70b14c6b,69.9
285195a5b585842e25bd1ef9015a8413,69.9
ee21cabc2fbf0d2b8f7d85d7312302fd,69.9
08958a40dbb52a0eb07d38b5e9ba3e51,69.9
11ff3d8979f6bf8d7cfa2d8b0e61a46c,69.9
89ea2f69941fde6370dfb8f85e57f15b,69.9
c3828fcf7c3e8abc8d38eae8992e1842,69.9
ef3603c61b3afedf0cd74652a06dca96,69.9
1dc263ed63c9e97d12f3541f9c1e69dc,69.9
6e005a23cbd5b225652526efebc0df26,69.9
334e83772fe7f91f6103c81d542b06c3,69.9
44b63b4dcaf4535c4f5f2fab7262fcc7,69.9
02afc864fbc233378368b0c0980f576c,69.9
6dc4a31694206ba2374417a37640a49e,69.9
1d2900a05deae2e263b233eeecfda1ad,69.9
8f81c88e8bd6e80bcc4df4d1d18be246,69.9
864952e8f45f782a16fd8d414bf513d3,69.9
ed6a6ca7d256b473798ada23ed7424d1,69.9
8ffbd4c4cfea0a904e13014399a74714,69.9
045178794d4eb65a4b79f34dee26374a,69.9
0120f40c1cfb22b538c7f78c8b5265dd,69.9
99efadd052716ca57a64a6287caca0eb,69.9
0c5acfd4c2e4abe79d500e8340cf81da,69.9
607bf1e28bda8abb586b37e68ba5dc7b,69.9
4878b01beae3a3c771921b367ce4c239,69.9
bb035eefe21037da91dd8e47f284dd39,69.9
70221a6e1af9e3ef492ab43ef81b6f5f,69.9
ed0af0bffd15b256920c280aee9e5dde,69.9
768a92e407af42c626da9a6868185fb3,69.9
fb0edfd91a3428e0a85309d90a59f2d7,69.9
bb2d5913f2b30cf0d5ca8a4cdaa78c1f,69.9
bd2972b1121201e1c93097f8e39a9060,69.9
6bf5800109c2c615c79f5d43105f8f18,69.9
109e52a36c54ff5c530df98a75fb1db8,69.9
c6115051e3b73e42d077737f473a69fe,69.9
bdeebe7a66f7c942b84dc2d2a5daa9e3,69.9
a8f872fdfb3b8e0f840f4224b38bdab2,69.9
df05a8b6699cafd41f8a5ca0d2eb7e03,69.9
b6be790938b3160be968a4b96eb8873d,69.9
2fa8b888993e6b2f087eccc07c47ac2d,69.9
c182ffa2bb223d4392ff6eac8d57f619,69.9
68aab7dca3ffc8861c4e0f09c58b15ed,69.9
c0357ea4d9212b51cd537ce680f08d55,69.9
b37f0d13ab1e29ef8000b39bdec20c3f,69.9
05ad4097a892d5d8163107dd0bc3ca2d,69.9
12c0343740ea01133f44fe7593e30e09,69.9
61a66024d2f81147f7fbbd78e58c1334,69.9
fc2a36b8a1f2ac0bcc9fbffc3a8f7235,69.9
8d5468776b1d29922168cc8b6f91591d,69.9
cc21c72d5fd4f9dead0e01129cf6d9da,69.9
f74c725015fa473cb4bcc60c250f7b5b,69.9
f0148bfce62fb7dc6af3415449aeb2b2,69.9
daa0e2cadf821900932ab0bcb99009ec,69.9
ec8cce4c98a82dead34ffd130e9c6d85,69.9
49dc3c4d79846f3a6b260f4614828195,69.9
1c62b48fb34ee043310dcb233caabd2e,69.9
63dc3330b02ced597f3079f1693f96d2,69.9
b6fda9274374a11b1014c8e871392bc3,69.9
cd72bdc2b2fe53268c411b2f8912fd82,69.9
8ee173c92d41d059bae3732ee2d4a422,69.9
7a6df604a8e7425753aa476b3b0a15c9,69.9
3cabb118fc8b876a16ae0b50bc277959,69.9
ac2042ae043b8f859f71ff914f863cd2,69.9
8dee5b9d88493d6dd0a51b834867dc84,69.9
887f3d88fcd62b78f2636b8eec812f64,69.9
610f269aad3886c64ef236594d6155b3,69.9
451af7cfe419ce955dc4c0f7e16a359c,69.9
f06f34df08da6d0ef5adff44bab75ff5,69.9
2863600ac9c60c4d4914a22489af11b7,69.9
310e8b3919986313160f2a9138918229,69.9
934a9204aacc7279a9db0896b83eb42e,69.9
9a51942bc62ef2eb2ca56a830515154a,69.9
d9b7f1e542c911b1f707330336d158f4,69.9
e3fe72696c4713d64d3c10afe71e75ed,69.9
06323e75b664e167bba52921c091ab2c,69.9
d538a7bace15106d359fbb0a2407a429,69.9
2c0982ab1f56981193c7074bc9fb4c6e,69.9
0b8d40b3e4564b081cddd81d7227344c,69.9
23f4ee81c0a9260bd331c8f510dc8d99,69.9
dd22f1d0142d9698c0848674e843525c,69.9
dbdb8deabd16936733388daf58e81b02,69.9
8230ccd8e8cb4f70a4f4f1ecf46ad0b8,69.9
8045315cc9f982f5294eadd49d0afd80,69.9
9c8618b4f6ec3b019f860e278d9294a5,69.9
dda04be43f0a159e1f18f6d2d77f69f3,69.9
078f7e926df5377c345fa291b7d63317,69.9
6b4653242a2d90f5a7c66080b45bdd68,69.9
601e4637ee77e342cd967dab2de46cab,69.9
b72f83ceb50b170acce9cf406fde5f00,69.9
477dbe012cf30f41f78e400b11aa5013,69.9
693183c6c2250fb4f5114820f86791a0,69.9
ebfeafbe3a7a9bd5247da19ab28eae2f,69.9
73948555e2ccaf80d48a3b1f736c5c84,69.9
a63ae68e35ba0e9868b2bd12eb741331,69.9
7dcf54c584f1336cbc77c6bf559840a5,69.9
198ce6d640d81b85713a4762e5cc5f07,69.9
beda7f74910b896fb7413c12748be1a1,69.9
aca18b64dfc4ffb2db3fe697768b37b2,69.9
13d21f0e70fdbeea58a5dfb183f2f086,69.9
7cf7d706571fa732ccf9ddd8c2f706dd,69.9
86140f1b34329457fb0085708f54d3fb,69.9
0f4110e56d8b37cc71853e8bbaef9a5b,69.9
9c5a04b217ec8c874f1ef224f8847bf7,69.9
d7b642a97f26bd8fb05f71512ba0226a,69.9
7c4d6cbb7855e8d33ad1087c14c3d0b9,69.9
1750863a3a72d9a25b7e95358c496a50,69.9
ec79f2106aae0f5720cc62400e567cbf,69.9
756a7cbb629f4113996b5c33b8b73736,69.9
3464610f9baa807cd8f66dd1c11e5ffc,69.9
441ed3a1b8e761107310bb52752cff20,69.9
8e85b6f2c0f14714b7a1cafaf9c4eed3,69.9
77afc934db39b853ba5c0c9216ba557a,69.9
adea16f52f570e5b1b7e6128a8ea45b3,69.9
cecb0cabf6394829a7de181e95a08ad6,69.9
0a1be8bb3e919bc8876626808609a2af,69.9
34fb6a1c5ebda662a0086d7e72126e7c,69.9
16873b934465481446d55f0e957b5e01,69.9
0613eb97dafde61a79ed8a648c31faa9,69.9
25bd5231b15435eeeacc0ead2fe31ca7,69.9
57efbdbebfe89dca4b188321e6517263,69.9
127016e771ff3dea1a8c2c22f09868d8,69.9
52dd2d8a2a8d602034af4d803ac06425,69.9
5e67c2816f006a8ef69b3e9c8a5fab8f,69.9
0960fea21c3d02f92b107446acd74223,69.9
e3b774df7af6c6c0427f2f6e26a1b705,69.9
34fd3bf947541e5fe1b5d915492342e7,69.9
189a569b4fd3b7aee093429bfb3d9dd4,69.9
8644be24d48806bc3a88fd59fb47ceb1,69.9
6a413c25bfb3eedcf283c7f1c7184e1a,69.9
46e789a3e41ef3d5a377365e5ffc11a4,69.9
937682b4176cf634c443714be31b5ca7,69.9
8ed219266cff205d5fb8e240ab39d946,69.9
80af9eeefb3f29dc82e93202d89134d8,69.9
82ad287ffd79d1492f0291e8d41dde20,69.9
702468fa964fd29fbc78fcfbe5f9c2e3,69.9
dad68695d925cb31f658f7ef23036efc,69.9
01a52718e4ca43d2cc1da7c9209a6325,69.9
0d7bb2edfc4bde37fbbb49b06fa0f579,69.9
493eb36e43c471ff20a2fafa1e078d6b,69.9
f30a1264b93b55ab92d2a2a202c32ac1,69.9
a408804c2ca25f708718ea11750de00f,69.9
b83bd80a9acf980ee6ac382e5c1452ae,69.9
a3a1d7f2336ab253cc97e55324124945,69.9
df01a0e718fa759ac5bcf053453b8243,69.9
3aa733464591b63ba16abe084903a511,69.9
212139e70b7c0f24120cfd148bb4cd4f,69.9
00f625f67cffbda090bb7bd168821482,69.9
eb5e240ee56894e851dbde243dadfa52,69.9
f14217ccfd1e2b7fc110ed55955ccbbf,69.9
8e56b369b27a5321224f09113c0ef99c,69.9
8f74e0e4e00e5811f6c80a9aa8661e0f,69.9
8784312ff5690601660ce1e1b4a7400c,69.9
dba001f78ebcbf63aec0095cc03ad969,69.9
0e0b3f553f666f50cd5ef9d913a773a7,69.9
2168b883f688716295236c7501ba93b1,69.9
1070bdeb30f438c677f47d05bb084550,69.9
52ad40cad13b4152d0c6ccefa638d646,69.9
a684baa0a4970c9b74646295edfa2091,69.9
ae2702f08dfccf04bf793a9cea9a4b31,69.9
5b0403fc813ee1da7cd9a0816d205016,69.9
ba61b7bbb191268e2bdbbb6ca8aeb55a,69.9
397615a43d68e23b03dd85c623b88703,69.9
6f20d25d531f55dab91b8dff9d7ccb3b,69.9
83b52613d1bcd8c6a66b41526405bad6,69.9
0215ccbc95aee7344ac14c2bacf19d12,69.9
699f68ea605d2981a8d576032e32d435,69.9
be0b9ebc5a6063c689151c824e2730a1,69.9
97a0edb4186f404003107f9a94f8bf3f,69.9
dac7ce5b52b7268338bc50764f9572d3,69.9
79e2cae59c2216c721c54ff9c53ad657,69.9
92b8d36f0a4d70694f64082b903852d1,69.9
e7df26186f3d9f607e59f950c80dd3aa,69.9
8c8ebb03344906d2201f54daafd859cf,69.9
ca664d020aa46bba68a6e0429de6c83d,69.9
b9b2638983d22185ac84fa7d6526ab78,69.9
cd1e89411cd35dac23808a7de0ec316f,69.9
de346ebcb74674350a541a1438944479,69.9
3a06088ff3ab85c7f1912347708c035a,69.9
efff687fea6826a9f3929ab073adec01,69.9
99b953de8aa524974325fcf9b67c1d9d,69.9
60f8d6d10a7662c8385a37c5d3b0b92c,69.9
0c126624523e2691cdedb561b0eba625,69.9
f3439323102e853085f8e9af435de8d3,69.9
8c763c3e83172b8db94557e640629805,69.9
386b21caa1c9879e1f2aea59128cb479,69.9
2580fc1a44544123dace69c650eb0f55,69.9
d5860794e75af105e5a325b4502e00b9,69.9
a17379355d175051cd04d15d85bf8285,69.9
b1fb921da8da31f114b8f25530967fe7,69.9
12547146321663dd440fb297f37346ca,69.9
1b0eca3d4769358fa8bc9dc045fffa3e,69.9
c04ba871c12c3b364fb02466591c5463,69.9
5c6342a614894e38da53f835a34d9344,69.9
07250205a8861bb7532fea6297a2d4be,69.9
e13da06f33fe065a43784b05e7307050,69.9
de321c0e4deafe175d021b9d9b257c40,69.9
baffa91c51a0c1942f7137f17c27fd3b,69.9
5e8fd7339f5f550c42c47ae0c60f27f3,69.9
5c970fdfd41f74aca5839029dc1e069a,69.9
8b1a19c76c21ee813ce4e93237633be4,69.9
f0bc77743882d666e091a12181b32386,69.9
3fffe84b3380a52f26b87f0a3c14c08c,69.9
a5c3fc2737b72cf22b861fc1a2a49739,69.9
ff7216f9f6a3ddfb9650aa891caf718e,69.9
55db0a13ed70f799eba92f0b2dcdf68f,69.9
c82f4cd104b5f2407de30ee720e1bfea,69.9
6648569aeba7da7ae0eb333509cd0b4e,69.9
e8ddc5243a1b054a9b2680d64d512e78,69.9
adf5eda727670766a5e36616580ee0f8,69.9
df00b2504f1669b660b7eab5c0331e9a,69.9
07e84f8ccde6b3049d08bd274a35978d,69.9
44f010e6ff5ff2aea3e6c823937c8008,69.9
3247b1c48fe0aeb611e8a092bb4fb7f2,69.9
c6cf92ed54527447bd0e5848e33c65b6,69.9
f568e7635b070696aac4c756f681f64d,69.9
516183bb499f5c0a1c467cad231e5cfc,69.9
82246fa860dbc4d1e81654bb922253de,69.9
8bd5c421d45d6bd586c368f79a30cd2c,69.9
12910c76835edd99b9a08017779dcf22,69.9
55216cd56c9eaadec16f03d5aaf11d86,69.9
3c2d8207d2ad37609ef4c2a840605ccb,69.9
5704710086315eb84ea0317c7fd529f6,69.9
beda2760f494f9ad8fafa5343c4d9a85,69.9
0c8f204b82c7f4baf4e6f909251663b3,69.9
0f4cbbf2858fd893e752c650b74c099e,69.9
c45b7286a9a5cdce0152978d9f615be6,69.9
4fab1dfedcedd8d1a0ac3fb3475de007,69.9
a2b0b2f705c2fe6a887a7d478cadeeb7,69.9
ea683977d25082134f533fa4081ebe60,69.9
b2ac09bb5577cdb606f6fd4225121b6e,69.9
dee63fa256a872ed8417589589ea9913,69.9
dc5691f472afce37cc972599ed3d9c72,69.9
98b3d5c8013d7df82b5bf113d965489f,69.9
079bc1808c0fda17593c5642b429bee7,69.9
77abfb6aeb8006c4ae021f20ad8ad3cd,69.9
321aecf88cdc48361653a5688ee1a954,69.9
d3900943c6fb13a8d352bb50b17a4cbb,69.9
c39bde0d4030d5e31e654f0c20db9786,69.9
cc2f89bdadc348ed9f50fa834110ccb1,69.9
114018f425b37ae57838892eb20437aa,69.9
58c5d9ae5381c6f89991aa8504c131c5,69.9
85af9b999c9349c4910ea6dfdaf43ada,69.9
aaf8f07973765aa793625691d7cfc784,69.9
4f8eccc9715d609c5524da78c3f072ad,69.9
2c1025a58a324df1c3dea8c1bca37ea5,69.9
cf23b7f0eb89c7d7d05dfcd8671ade01,69.9
d72b1a778aaf7acc1aa5284566ab3d5c,69.9
e1b145fb2721ec02df6d081570bf2ad6,69.9
cac5f6355ab50f1e1601e864e3735c94,69.9
ad93607713cebd330319c9fb27d33ab0,69.9
c33e62b6b6e872a818d2f85f632b5483,69.9
5871240b438e21144634d9fdd480e0d8,69.9
2017aa1d9a2706825014b8d3aece07d6,69.9
9739927a62414365004efe36a4c45ebd,69.9
2e74695f084dffae7616ee59ca7e0cb1,69.9
1632df7f3854363244264c44f9b4ce24,69.9
0a9d4a8cc8cc049accf5701f9756b280,69.9
66aa9db44cb942fec96bd377024eca05,69.9
e62addf0b004f6b6785542df9821b423,69.9
51d52a9907237881a32e3afe1149fc65,69.9
fd731dc437433b51a53811eefe992e99,69.9
fcb49f867923861e95f4c48620d14a21,69.9
98abca6196373abc2f6d0b12939b3db0,69.9
6a26e32a65e1655aaa042050e407e825,69.9
1c0abb9215bf7e9bfb6af1330e66a8a7,69.9
e4756f623e8c167acef360bc3e22f060,69.9
e9804bd21b1d9db0bf2bf5857bec27c0,69.9
0a2cbb5dd1016b265146d7ffa0a94176,69.9
d61f1bb2f426b1574f8f4542ed70f00b,69.9
51ce1b48f52541bc75e18964cff67eab,69.9
923658690a8fa2d7cf18e3e9937f9e40,69.9
136721aa1970809db8b3f9976da2c317,69.9
a1bfe32cba9e76e58380f9609de10cfb,69.9
1367d72e754996a2323d425be45674cb,69.9
ff87e254d164dee48c4db2b4ec462684,69.9
e507174b1d5e80a5dc66f2115ab55160,69.9
4cb7699cf045e230d2a942055c88a0e1,69.9
16164e94f3a6460de7a0700e99b330ae,69.9
b1c82978d989848468a21a324831a282,69.9
b3194c3f6631231daa204fb5c759c53f,69.9
189f361b8be0044c229467d2f95bdfb4,69.9
3a03d0a8709a3334991e4d5b416174d3,69.9
5b2a54f35e622a12b06b30667e735af5,69.9
352f63d61a5c828fb9ba41dac6beed8c,69.9
96cfe3ee50b07096ea541577e4b16e44,69.9
13f26b28be5fac505750a3928f6e7a71,69.9
fd43bb238544ec8d68e39d4ced14da43,69.9
59a1219ee5697cdabb24d96feb977fb6,69.9
31d05071d825012bb7bc43970263e98f,69.9
df61d60f81e02f1c9360b1dce03778f1,69.9
a20ab53c2b5e9ee4587b7aa0d866fa30,69.9
edc15b95535d94c37e3ae1082d5ce492,69.9
6987c5a00c0bfdbb2a78d36822f82ebb,69.9
cf361a577c7a3a851422f48baf8fc07f,69.9
fd91d63492be5404cdb0c84b1f142f59,69.9
6eb959e791c00c25b4c008f998671a09,69.9
c4b4a528ae36f2f533406dd55b9858f9,69.9
6fd328f1a74a0777918cdb53bad86308,69.9
8c6947c7234f5fc0f6471b13ff150eca,69.9
13eb37c3a1a13999446cc0d847296711,69.9
cd99059c0e06fd05fdacd8496fc0ccb4,69.9
3a45f3f780757403d36bd1be321177cd,69.9
fc58b6b9a4b7c2067184ead5354691d7,69.9
77d2c30e1dff5d4440ec316f8a2ef2a2,69.9
266aee2dcb42e400fcbd70f11d6d224d,69.9
45e541f36bb1209909900413545c9a82,69.9
fa7dffdd159e0b0d624a60f7b72497a5,69.9
91567d33ff85c9c6b6b6d244870bcb01,69.9
229785783f4f6ea624c2df4952a32f45,69.9
ce4018601d4af948986a99fef26550f3,69.9
6acfcfaec055a8b185e30dfc1b2420f4,69.9
16a92f8c1f8c812fe5eea33986d0742f,69.9
9f7c3d69ad55472f4f6957b41f0800b1,69.9
783c221ed907e2d60e3e9f7e4b0b5017,69.9
4dc795d126b1117906a9c93c41e6e0ed,69.9
a0d3877fd0321b6db5c7b584c3b713a6,69.9
5d4aace3120cc536cff20637f15cc987,69.9
0ede48c1214613c473e7a21763551999,69.9
8f22e893295d73e2deb1e4e1d8ea6e32,69.9
e660c434379aab7e2cadcfb1b66aec8e,69.9
1800b3febaf92a4132089883b2cfe462,69.9
a155f917057dd8a2139c66017e90b1ac,69.9
2dc3ac5aa15ab1f73e0a967eee09c436,69.9
f6c40b585027ffb1dbd8daf868c5d358,69.9
dd8d07e16151dc953a7d0929a961c488,69.9
8fb771ea8cc3adecc84b66616b1a0435,69.9
b35b1cf12fb166b4764e0962bc87ab18,69.9
75266ba4029d4d8598177c7a906e952a,69.9
775cc8f164ef568ba42e0d46ff269908,69.9
7911c4a4ae2d5749ce6f3e40fbdeb5e5,69.9
29e139325c0dac2e5a95c165699b68c3,69.9
85b76dd1968d7babd53a7dec6074acf6,69.9
28c6bfe9a3f5185dd1edba41d9e6a975,69.9
9a516f56e5f6f198350066cc99339bb0,69.9
3cb6790fc75cf9ce39b0af0dcb962c63,69.9
f936ee0917d5d6e40833918f8672ced0,69.9
890083f58744ffe8c341846f57c388b7,69.9
cf5562892befb57faf282d09b61f6f9a,69.9
062d526eabc36e995e3a9ce353894fcb,69.9
bcc9229d8548d1605666e8e943417113,69.9
f8973afdc844e2b56c90aa9a714d6956,69.9
2bf3ee2dd00b4a7f6711638b2bce046e,69.9
ce282b3208baefe989bd4bfcbf776312,69.9
c2e1d65c47178eac5bd515e6653959e8,69.9
d30f1d7a3fa4dbd466d76ae3c8082599,69.9
9e611a18f00b0d42c0805512db3c5337,69.9
8b499e9d16a602dcdf3bca4ad3c794f9,69.9
99edb37901193efa5288192326767ad9,69.9
f5721b9d1b28be65390235aaf8576a30,69.9
46a2b8ea7034da1afc0b9999cd33d679,69.9
7fbcdcc98639f4575dd455718c6affcb,69.9
072343fae3fbc9d5b6c07077e67430a9,69.9
d8cd2bbaa62274c5cd6a6c9900e82957,69.9
1c20529edb5645a924ca04b00315f515,69.9
6c8f5fc2f614c15dd249aa01a28958b0,69.9
7b07399a09c03f0e2f898eddc04cefb1,69.9
427f4df1b62718a2a2e0ebddebfa4247,69.9
8a8dd60b4b54b878c9d5e2bf131222c3,69.9
e81d9cca059dc9b09925555999027489,69.9
8d5c9911b3188c197d27411808705b52,69.9
9f98e5589a2af1344b2ead14cf9c455f,69.9
cf1f153a1af8c5cdd447ea6e3616b7fe,69.9
0b5a1629eed016661c0b65ad74c64965,69.9
e59d3ca4a478f91c74ca603b09faf1a6,69.9
d44c7e6687e65f6232ac9fdf73dd3b66,69.9
1e425acf0b88c6efc1c7c9885015122c,69.9
891deeb7a50f52a5a2a5970152b3864e,69.9
657ba09c6edfbbc09f6054f541ec1f90,69.9
6bfd1870443dc5b9f1297214b35e865b,69.9
b2c2817603b236e42729436c3e652774,69.9
d13c56e89c552769083af66262d93f1d,69.9
9ce70b8dafe76524f3d5e5e68cbf29f5,69.9
f1893a0430ab3ca6568e47a290dd6c64,69.9
a576e881eeb38ab307e132587fe563c7,69.9
11ba41051197470cd97e61e09a9dd92f,69.9
4e2bbc22dba0f9166f5877a39d2265c4,69.9
33c6aa3b05c08606ea259d5adf89f296,69.9
c26825697ea58cdbdfc193608e320a26,69.9
df9432f68e31773dc4b20fb916f2f647,69.9
7c712a74cad1920cb6fde4480a378dbc,69.9
096e4afe8c8bea72cf73edcca7a74134,69.9
a4fe94a051d268fbbe8e4ca932ebc460,69.9
7ef0e316835735132f9dba19d045d00b,69.9
698bbedec1b23581c4ab4aee7270057a,69.9
d24b774a22ec4061c7ba22a7f7974efb,69.9
2bcb866f83a922fe129eee30d6657290,69.9
725ee0b98bf6711ad97a8155ecf3bba1,69.9
4a8f4f1ed05dab7530cdca6ba7e28439,69.9
0fd965d968903f6f1179bfa430d667ae,69.9
86212139fb99b709e78667fb42c939fd,69.9
0386dfdebdb359b0612a0563487cbb7f,69.9
31bc2ab4be7965c0d6c9c1852ad9875a,69.9
0c99b2b452519d45c5621c21b0f4ae12,69.9
8bda75001e36212e1c47bf35942ceafe,69.9
f71fe5bccfae9380731dfc874957c275,69.9
c80b6c4747849e18370b9ed8581cadcd,69.9
69106e84f9e49d21518884e45fe7c2a9,69.9
0dc9cad43f5f7fc790046796d674f017,69.9
b62ec036bc14bf46b221e254fe28a96d,69.9
85aba4309838f346319dd7c5e1eb9f0c,69.9
434d634f90c55aa326a893f6b13cfdac,69.9
a1e7727063333b459f6851aeafe375c9,69.9
98a53d79e31a94fe70abe75d36e57747,69.9
56d6226f23b849ac14f6386041dc492e,69.9
aec3990215e61aa16c68ead53e9ee7d4,69.9
1fa1869a410018e63e73c5a1fe358492,69.9
c5bc3b20670a94be6ce48dc42abe2a6e,69.9
b4de78dfda376465ee40da9a83d2bb77,69.9
3a617ecc2fdbd4db7d5cb1e1a7d1f72d,69.9
96d1713591b39d1ea168e31d06071d45,69.9
777223bb800df171262ee66574f4ba7b,69.9
08cc91b88d0bb7f6de3352195fa86775,69.9
51d885b915b6ba6667088ca3289f06b4,69.9
e59f29432d7235645e652d594ded849b,69.9
b088674aef0e7f4dea9697187e44bf12,69.9
c19fd1f70eda21df900b350e67c26ffe,69.9
3d1e417219b6176d6695c6cf838d599f,69.9
5f1dbfa73c69597e5970218986ec1704,69.9
37fbc1b230f5e1f392b3b2f438f2b9be,69.9
c13796645c57355fe1503204f1cea54e,69.9
4e9dcaf7221d67f9d31968732447c62d,69.9
1a71e04ad8b32b420041b61ed45894cd,69.9
99ae056139c928155fbb6789440c8824,69.9
98f2de76457ee90e5d8b763c25c734de,69.9
01961d1b276640f460e6061e7f28873f,69.9
10629d24a28802b8beb2f7f1c6626c5e,69.9
e7939cb82c253885e5a3e92585980ac1,69.9
9f3328357ea81872a61a105b20f2167e,69.9
0a4ce54374dbea3a49d7f31b0e7ae9f6,69.9
18b117cbbdbd26006b08dc421eea3650,69.9
bc94fe20172cefc3e041019d0192caff,69.9
1c76fe8aee9a8e6c4e431c68db930c38,69.9
3b5668bf4322fb6b973bcfa600e7ab0f,69.9
850991cc1b670e3b24ed10a908808c72,69.9
3d961940e450f7b2b5690cbd0ee5fa15,69.9
3c29fd050b0f03c8edd4954ff0630eb7,69.9
e17515c60c24f140cad7e6bf1f818e77,69.9
bcad4bc4532c5833aa4ab073b2284d12,69.9
919f7e4b0905fe7efc81ebe88359031c,69.9
39f307e088da26dc5257b7d459d604d1,69.9
51f0f56c7923494196915675ed694705,69.9
7226bc2965f2de8ec7b3b0c7336d3d6e,69.9
544bc20592fcfeb460e15c6f312bdf99,69.9
3f8a26a3def48cf9e839630cf45708b7,69.9
65b8c55a23d4200a3dae31671827f695,69.9
93af7e4b75f74f04187970ba13ab3873,69.9
62455b0f833019feeadf0fdfc3fbfc84,69.9
04b6b85b1ffc6867540213d69a3ec01d,69.9
5f5bb7191d447708ef7e924a91a676ac,69.9
fdfd1f88a6314339d664256e9a6cd9df,69.9
b8e0b0edff2de6181d492311d927769e,69.9
f96144f946e8e590fabf60a3a1e3342e,69.9
23427ce8578ef103e47c305b7367ca95,69.9
e6775a7638f68355e3cf369f3e1e11f0,69.9
0a4fcb6da2e190e60839545ef0537c06,69.9
420487362832ffe2ae7a8d7757fc104d,69.9
eed931d3a5222a9a511d18be7fd2a5ba,69.9
01a7b4df1b55e01c05863134a5e587be,69.9
93e8542f8b72525ae5209d9b2b4b5c45,69.9
8c979502cb6ef853b6fe0d0bba1bd183,69.9
6417fee841ab1673eaa999d2cdaeffe8,69.9
a85638ed41e850dcc25660472cbffbb4,69.9
508650ca307b9b68ded0c252abeb0cb1,69.9
eb4ec25e1b851f99bb9b685725c4e78f,69.9
4880a63b137dd651b8693f789b45f7ea,69.9
424d1b435e0d795202670cbfd165e375,69.9
030770361597328c6dfeffc197915bcc,69.9
2ad858d9b9f684af4e52ad8b08ee3d76,69.9
7e0be6f31e2e49712e01d3ce5a29385c,69.9
91d8e6ba148d6e55b4bb98a7af766101,69.9
2103322e0d6cf88a07afaddfd8578608,69.9
9abd82fdd92e333b38bcff6dfc76cabd,69.9
eabf2c1e1fe45a4d84209cb3f16146c6,69.9
06c3b109d1739bcb38d35bc625ba06c3,69.9
0b6ed326f1c69e74848157dc00027c91,69.9
e957fae9179d52c789d261da76ceb907,69.9
b311fa45693006635231a6a842a2b7cc,69.9
902a5ba1843ce46c17022d8440b723ab,69.9
a5828b3291ddb79cc8f5b6288e8acb11,69.9
714cd4f11fcc1b51f1789a7ee46e5450,69.9
2c0447ab1223f91bff38da0d34153e1d,69.9
294ac0153fd411f60237bc8334efa706,69.9
33b561afb9c33eb48c37e6140e767cd6,69.9
947f2ec0cfa373eb779979b222e09b5c,69.9
3088d567d9a1e008db4e3be276708b80,69.9
9c2fc7e2f1765c15b18e8c25c08eedf3,69.9
0e9a2b2a97e3ff16020d7c166ef1c0db,69.9
5845a9b62ccc752c9fdfd407511f79c8,69.9
a43a79dd4f99afae882ef0a2e89bc14e,69.9
8689f13435f4c1c06449544409eea443,69.9
980b20bc28f32a212225725533892531,69.9
b4c90155d3643b32666a1a0a0343e625,69.9
8fcebad47cb22e7a7576c02a882a66ed,69.9
64b570a964113efddd6cf2cd27903e99,69.9
1e4469639d0585ca1550aeaf35d28c18,69.9
ab8c0f0638baa6bf18c7533cc06d83c1,69.9
86857542d8205f424cada5567265c6ba,69.9
4b263f66d13a0347d9f6e052ce1997f6,69.9
a90391a47de936d56c66a5366cba1462,69.9
d8f5ece0bb8f177a047fad8e3639ffbd,69.9
6afd81b08532b9e05f3dc2e988793e4e,69.9
103874f64ec80d1fd24bcf2217118317,69.9
9d323f9175b4a6c6673fe35fc669ba73,69.9
edba86b93cba1f0e3e20021fa98f5590,69.9
5f826ac16360ac7e4a5ca1c43e37950d,69.9
3dea56595e675d6e69c342d6c6999a28,69.9
f89539977cb5c6e5d6ba2e662ed6496e,69.9
ae927b68dbd3fa99d797a3e716fa5360,69.9
97e8e95e37c4ac254684884d50ebfa0e,69.9
228dae89868912c983dc0979e8536697,69.9
a79a5a422868c5d292c0e0a4af915e7b,69.9
5b4650bd59b6448a8c97c16df472c6e2,69.9
fcb2ef0d55a8f60738b15012aab22da7,69.9
8681e534f3d51266c69704526a986c47,69.9
33d0814c9eff200629eb49330ce5c6a3,69.9
46bef22ff988a69cf88fe3c05eaf5f41,69.9
e8376bb0980c62f2368025ec10161e4a,69.9
4652920f1cba5bd776eb8a737b0b66f5,69.9
d06ce0511b1e3e54a4db39df35a38ab4,69.9
0353600c1d2362be0bd0aae14133bd1a,69.9
5987f18d2c3ead18c053284bbc7d7ce7,69.9
4d749355dca24a17569bdfc2f21f757e,69.9
2623cb3e0c74bcbf6c85f78c0673819e,69.9
9b97e240c29d2750738438d1e147daa7,69.9
59a7da17a354b4ef42f557e5fb5112af,69.9
0a24129b7aba68c67d83fcfd94ace35a,69.9
5c13e9fea3fbe3846582e0eaf40f0cd4,69.9
d5c0c9ebf69430a2905b27c44adb8900,69.9
5ca670a74a7cfa211af06f1159081446,69.9
6c889130b007b6b26cdef380c00e10f7,69.9
ba16ea904570bdcedd69e31ee535f417,69.9
ad3be614a606a68a2c27951d9a0530ae,69.9
1a20002dc2a385b4a371d9cdbd332a9b,69.9
a2a44c984bec2185bc06c123ec57454f,69.9
189f3386590174a0646653e12a6c0278,69.9
6d211b5da3df5fbef51e82591642870d,69.9
7c97749095a5b872b41a18ad3ab73c29,69.9
960a328510e2d7e8f79071ccc5cae56f,69.9
b553e3309dadc1e92e40cd278215f02b,69.9
9edc52a63f14b6e1d5377cdd3a5b5f6d,69.9
7881cb8de8505d52e7ca2bf39530440e,69.9
9740426f6754e2dc6ef38d65023ee4ee,69.9
c3b95e06aec930357964374b1a004941,69.9
0a19df098ca05e7b026022a068f216f4,69.9
451ac26d4d2da6b319318c13aac25937,69.9
8cc4f41a7488887dec0be5b5e2674293,69.9
fc863051c57ac15a26bf186abb4bbe46,69.9
81c85ade1f801f40a652307a81133738,69.9
eb422a43b5854cb74f30bde15f9541e0,69.9
48cda1a49b16e2ef2ee1b70081c10eb7,69.9
5f0662b2fbb42916fefe7f829ccfbd99,69.9
5a01bc2d12b4e9897c682ee5a581073c,69.9
2237144a10689251d71b7a4d2784cf81,69.9
6daea2588276f42c6fe7995bcf5c3f5d,69.9
82c951b43c5a213d1255c0aac6bfbf02,69.9
6d27dd415d86fc2145690d2d729dc518,69.9
58825d0631a6ef87590049d67b0a1ad1,69.9
f8815e1c537548d19be6436b7db48334,69.9
1c0f0ab71b8207131776a38cc59cd4bd,69.9
79eb6e225eed1659407f6eece333a60f,69.9
a2a2f4426885e3ee4df54503d1ea80c8,69.9
9ab11fdb695c99582518b60b74d47879,69.9
85fe96297110ae68dd33043dc65a5221,69.9
a5d66cfedb4fede833ea22d0d53a8a84,69.9
bdf6663e51ad5bb48b08b9b37e6aa086,69.9
ab1d01ad77d8bab4c7f064a7c7947d79,69.9
04353ed5bac96a6aaf8a5dd52b6909eb,69.9
f6814eb4c562f4fccdfb7f5fd1ef7335,69.9
c81be245d79521ba879058295a8e7e24,69.9
efcccd5eaf8ce8883708e4589cfbe585,69.9
3ef0940ac9cc365117d467fd0f3757e7,69.9
61c2616d4993655c24b0ff0a7d400fd6,69.9
2c98452bdf306ac1a6055b52c9132067,69.9
ec7bace5c0ee787e5b521382ae27a112,69.9
d644a47b90ddb3ccb2933fc4a732cedc,69.9
19a422db4550e44786350c8d079d3549,69.9
44ea5d2114b209b971e82bf7386587ba,69.9
9198fff3ca81d8af075a62a0ff689040,69.9
9d419198e08fe789f309e3a8e58fef7d,69.9
4771e65bd54db3a078d3f03e1f468115,69.9
6384399c57d1a00e1de8a4d66df1fc92,69.9
deca2d5050103f7094d493ae01a5163d,69.9
422ab037d254fc398f1f0c44fe05d7d6,69.9
2a806705fbb5cf16d598382f3506a1d3,69.9
20c428d35e8e49aad5e519babee5ff48,69.9
6b20ea89a9436cef4f37c0c401f46b6a,69.9
25bd23451d71811a9d1a92613fe2c8fd,69.9
37e867d86d228d8e7113b9bc3ee83e63,69.9
5f6c68f6eed9f11f14dae6a843a4a756,69.9
83e642b002aaedc0f73ebe1070a6535d,69.9
e87cbcfd281a4e4923ee3b2c9e6e9016,69.9
50587b1a4276b00bd36bda3a39a4c9fa,69.9
6e2a35662f0ad6eb33998f94a69e8a24,69.9
e89cd2c49972d182f0fb9deb845ccf62,69.9
036f4b8b056789194b5f668eab64c84f,69.9
a95a013cc034f54bc1b6481e412ff482,69.9
a8eaaed41944c9f4102f0787aeae30ee,69.9
42526d4680d169906a64be9934f065f8,69.9
d127a44d04cb62dc42601454eba26be4,69.9
64e7a868a131d1c50c6a74951f1b784d,69.9
9e8f467e3f46fce1d46d5fde05706628,69.9
52ae42a07cfe33d38598652b80e63324,69.9
9d20953453325b0f8badf470f570f98c,69.9
757bbd8c61a5fd67d5b8c18efd987beb,69.9
43de04dc7e0cdc9aa53547832a059ea8,69.9
f58b2a937d7ce076a3f89e66972e3f07,69.9
21626e6f5cad9a65b93b72bc2ac621aa,69.9
8a06eb73f20ede01d69f7c464749790a,69.9
e4d3e69638cf6d6f16d90b5fa69e5021,69.9
02adbe89ad145c99f20d1f715635c7bc,69.9
73c9d97f890b683d4d6b69781918dd9c,69.9
ea0bd9cdf7439fda31f46c19f009fa10,69.9
7fb60bfe0fc82857d599d184dcbb92e5,69.9
6ec6484eddf235f3a0e07223fbdf2d4e,69.9
8072452f5e9108b02a0e8a57961ddcfc,69.9
0140bb3a2e24b8dd7a341eaf707b440e,69.9
8a0108267d9258a0ec9f74381bc9b0de,69.9
16359e16ed708f704e655b1b301a3a9d,69.9
9ea39e2ec7b823ba5deb2c903ecd6d1e,69.9
861f08d323559a297fdde819d7e702bd,69.9
bf95f6cb7e9395f311cf318041fd0bd2,69.9
6f01ef2245b9b2463f36b1881c9df3ba,69.9
03261691b84979dde436e5752ebb28c7,69.9
5206bdc4d7ecb9869166f99fc635a5b1,69.9
e14e79606972618eb8b5a8423f70b0ad,69.9
a9340c77279c300e226d96888814317a,69.9
163c48611fdce2822d72501412c2b6ef,69.9
422f5859496691f4c1f63ab8a95bae16,69.9
390c2d63ab072df8eca0658f3b9a9f3e,69.9
b2f7d7a2ae45fa22bc523975c98ea5b8,69.9
9c018b34406d19adc1adac5f4b23b74f,69.9
96cb9c55bebdd9e62414a782dfe01fc5,69.9
5eb40382c1dbf804eca55c21d78a5e96,69.9
b31eaa661afe014345c3f985657e7743,69.9
957f824cc80070650b329d52de1b8d07,69.9
d206278798571fd6765608ead0dcd8db,69.9
8825d35aba336a5bf08b8b986cc7f13d,69.9
68d430cabd68310e0732347be5e9be22,69.9
70a1cb84ba0314b09ca80c68b95da988,69.9
6169e1f688411d49915cddaf1f5c677f,69.9
5cc7ae1379d691f599e4de330eea0985,69.9
f6b82c70d5bffbe90643a4e4b3ec2c39,69.9
ffb53eb1e2c74880a3f552a3a32a68ca,69.9
166cb796fb9a2d5c5ce8bede811f3839,69.9
fba329d7c026661be9487ed474865365,69.9
8ef0c4ed92f36f086327ceed339112fe,69.9
b15c0c3759725fa232822a4ac78f5f6e,69.9
c35dd824ba48e59376a7c69ebc783fac,69.9
fac53dc282acb0f2be3044ec7d861360,69.9
dc4439b8ebadab2076752021c165476b,69.9
4bcabc3e1655cbeacb9c68772a40d454,69.9
6c9ab8f5fd1144078df8b43589d02139,69.9
0fa9101520f0367a281d381dc47e8957,69.9
c0254dbd03486d74cdefd62c0e0155d3,69.9
f01af9e3db8091eb666027f5caba496d,69.9
b3f3105461c1fbbfa2643be0e7ef3359,69.9
13b5774a39e594e308044385c5240dd8,69.9
25cd69ec3b9ed53e0dffdc108ae9094f,69.9
be7b8905ffb39a2116e2fbcf8ecea2f8,69.9
f153799162eb778d9f56031c0b4b8817,69.9
90b1c0370ada0b3588310782fbc3deab,69.9
1d4cdfbfb460efee13d334b446b54bdd,69.9
edc5de205c637b4420f181f097660d6d,69.9
3b3383604f69a2f6b09b4459e0420109,69.9
ced1f9efb99bce461db12904e8c7867b,69.9
67f2eeff41637d03b7a7dac88c29404f,69.9
544bf1ab179128522eb26920b33a1fa9,69.9
39f3cc584d0f9352ad69561b60cc89de,69.9
8ec1004a0848f47f8a538b9b6ea7e0b4,69.9
e945178aa027f0306eb1da1f5dff2dd8,69.9
516d80acf7e949f9cbd5839faf326a19,69.9
76f9829923ebe9161af4f54f050885f0,69.9
6ec06eba01982607b43609eae1f3798b,69.9
de0af4a54889db8e1d4317a8bea43a25,69.9
228cc0dcd11493f23d3748b2aed1f988,69.9
c963b585a17fb368b83163af2e792adf,69.9
9e25c2614a1e0b50eb10b26f224695ac,69.9
eb7a46e27bf49e53686389814b62b895,69.9
61fb4e9e08bfc53dc60cad3a7a9ab94a,69.9
96c128001eb80c129f9356e856f17446,69.9
ff2e5564a16076f9e0d973371c33a393,69.9
5b714684671e89795b942c4f37c5386e,69.9
6f86f1485e960867aa28e1b5c7379d39,69.9
988d29f01ed741501d1f99f5e30941b6,69.9
f343704e8d64e463a7147138a8d21b6b,69.9
d3c86b434335bddcc4bfe421bb4419a3,69.9
367f2e6d6ef32a3e05635dcefdd6bde7,69.9
5dd777a48c8124ad7284bf0ae14057e9,69.9
bb63cffe29f15ecaf4a7b292af273557,69.9
99395f407106db1f579fc0f795dda55e,69.9
ef2c16de41a7b62247246cf07d66616e,69.9
78a6006cf4a106dcb7d4b8f91e664860,69.9
31648e97b367da55007879fe2ae215e9,69.9
f80078e6edacdcf77a57a662b017e2a9,69.9
278e1994234ea87886e366e439a407a3,69.9
9c7d129ac472598117cec4e30387ea16,69.9
d4fcd56a6eb869293c5da42565707dd9,69.9
06e55d0b482f746c8c177b04b8b27301,69.9
e2eb5398a45cfd7e444a7a00105b794a,69.9
4141be5c147716b957def015819c1c49,69.9
e5c8ac379c73d799fb006f94e2cc001b,69.9
857989fed7e83a38033173b9852ca39c,69.9
bdbf22817eb36add4815586f4957adb1,69.9
3b1c9e911722f3a2afa426394cae0ddd,69.9
be55a3694513ede9ff77fb2cdc8e1924,69.9
7bfe2d37d3643c4bd9fe6fd5c4228d0e,69.9
5629e64f4d9749f0cd9f31b3f7a8ab1b,69.9
cfca171c77e72b76c526376b84b9e237,69.9
5bec55a9b48c095a3453366e8c68ef9f,69.9
e7f1c2016c1e04e02cb832355bfabbb7,69.9
a8f61973eedaf5f3ca7ad94a31619ed0,69.9
2f033634e5b7e0eb05138d776c997441,69.9
a99e22216fc57bff861e77c5bcd0707c,69.9
f6385b51dd6e272f4e13d4767de47ca7,69.9
92dc2362ac5619266eeed4ec88234e1c,69.9
28875d00a7d44b1ddca4f37e78dd7055,69.9
cec6b62ab6844c0bb8234d8fb47e8c19,69.9
b9d3b0749093e5cbd5c5017ec08f0ade,69.9
a8d4a311043058ae3972469000b95017,69.9
47b0f9a44d1904590dd06ebe72bd3723,69.9
4536ccaeb1bc6078a3063b63c9e2905e,69.9
243eeeec5f919489d72115136d4c2992,69.9
de67b9e2cc36195a94295b519d3d911a,69.9
be32bd080b6202c0024e3065140711aa,69.9
8428f774d6ce7cd3dc2eb43f2c7a461e,69.9
7da93a55a589157b1d2448a50df3efab,69.9
f0d2b8ae25840fa9bc09e6a4288dea1e,69.9
01861d47cc473c84cecc3781619f6924,69.9
560d78502baf0adaee2b427de025757c,69.9
78cb929a776477495299dea1d696f7f8,69.9
05c0080971ea51d47c0bd869abebb1e5,69.9
a0c5cbf7dae5ccd736f5c2576bccf564,69.9
af2e6bb21664b6626ea60bcaa3ff7f1b,69.9
f9848671987e8c9bdb4d30bfbb0dbf7e,69.9
35de873c66b67f107ac2236632eb58cd,69.9
88857127d83d5963115aa2bffc35640b,69.9
f5610a33e73e71de93a930d78aa9084d,69.9
c2a5b87a0232ec231635c5bb14d3079d,69.9
0c72332f2d8b30345087b0c5f24db393,69.9
da8904f0f0d5fb9bd191b004bac41757,69.9
17dad598bfe9b8eee12a1e60e53fb078,69.9
7bc187ccb73d502b2088482e4fb0a16c,69.9
7ff5f98578a06497fbc4570758e05eb1,69.9
a1297c92880354fb9a879330add244ed,69.9
18a8fbd579db6b2163bc26aff51b61b0,69.9
5fdd52bd1a451a378de455742ab4d752,69.9
9c6a30a0e8177db14899aeaca2e86b15,69.9
2ff1efea5cf92067b167101227abb467,69.9
a0ca52e60ec228db293267c56b025035,69.9
e6499695100f00ee9c22a33f8f94b9c4,69.9
754dd36ae2b2ab467f800bc8e37f18b5,69.9
bf7ccf3f1fb5ff1cc9130f8f2985017e,69.9
abb2fec0b516457ef4e5d0e5462cc536,69.9
b4a943b76adacfbeb0d25b686e2b4e28,69.9
20c705ea06665873f96da22bcc958a6e,69.9
3f5939e06e89efd9e9ca8ef3ab9d68c7,69.9
fc1f6495ae7c969099b5e644023acde8,69.9
59cf58d00df494fd06409b87d522837b,69.9
3fb639360268e4e64d24bb791ed8478e,69.9
9ffa39e775d0167c5322d82cd77d5ce7,69.9
96d072f787b15baf8b013a7a9150b307,69.9
6eb053c6527e98323331236547ec2f21,69.9
857e902240049a036702a76621f9c2f9,69.9
2215c3561e7410509f7dcc57154100e0,69.9
308d4cf02943e88824df8b602f610931,69.9
ff682feefd003038774bac996140956f,69.9
738f5e7358ad876f44a71128a837382b,69.9
3a7417de540e3e66a399a5b0555909ce,69.9
228e2652b503dfbd248e6a13a30447e7,69.9
ff337d1abc22aaa5f1712f7d208bbcff,69.9
184325c53ecebe3757861f72a9528561,69.9
d928fea3a166e8e35773f624c6c0acd5,69.9
7717c618c3c9402f7a090c3848e1f8ed,69.9
6b49f46fe51b14c54872f603facd73a3,69.9
3ada6c72db8b9159deef90a02a023066,69.9
735c9db72feaec11cefd42d50c2b7f66,69.9
807b33c3a6959d3e04dd76a8d299b583,69.9
f128ed11b295f1d94750deca9a92b354,69.9
ace37fcfc4a7320b5dce79426561a8df,69.9
46ed2ca2fb58e54e07f90a0d7cee462e,69.9
cbab0df1c06efe86403afef5dbdff079,69.9
dd972f6d2508a778dce6aa6f6c9b325a,69.9
8e5b95cc9167186235d12c22e7d79015,69.9
c6562e538a012b47a612a130c5d02215,69.9
e4ef09b9f9f020ec589d7d487850c7a1,69.9
51437a7b80a72d28fb0dd8debbb7fc60,69.9
ff86241814fe899c8cb8786b9196995e,69.9
24c09a96dc7e7016bcf50e5de09bc6bf,69.9
71a6e80102a4784e3f2411e85c6d204b,69.9
c7fdc3e93e7df51ee3256738c893ee07,69.9
2ad0971624d1694b871bf8e7492f8407,69.9
11bb175d41bc7f2eb361e6ab7542d61e,69.9
619786d432210e74c96960702feae513,69.9
5d322143a1048298f53a9ad41a350829,69.9
a725b2c98789502697eea419bb58c498,69.9
cb14df7a6a93ae67b6b89d0debab1326,69.9
ea1b5705eb91b7276160db09d4c6dfb4,69.9
4cbed88a67d0cd881ad50fc8c91663ec,69.9
a02c3848a807fdc92f85e7f72225e1f9,69.9
1cff04e5f7309d1e3439088588d45794,69.9
0cffa37771adf197371fc9f829c6573d,69.9
ef928bde12ccdb30b55573fc20f02990,69.9
6392126e39bdc2bc69b67f1e7bd19dfa,69.9
17f443577c6454e58198ba4cd34d3049,69.9
08f9f3269295904dd53afc2dbf26f202,69.9
b28fcc4d1441ae527bc3bf2e30e7de1f,69.9
b4a995dbed6017544af875ec52ecac3d,69.9
dd11273e6cc22bcc6eb8258d902cb5bd,69.9
d6dd616ed774326df2147bfbc0e75490,69.9
0bb10a5c4a815deda21cde1c4131e90a,69.9
175e7271f89704b7a7743cc2f679d78b,69.9
38a8eed82f0a23ea6ffa40bb72ba9ee6,69.9
65b5f93344ef9ca0301364adde71bbfb,69.9
cbf080b962ac028e6a6ee3ad5419ff05,69.9
efb6878f902fb01ff2d904abec9de974,69.9
e2ff9204af6893286435eb293203972a,69.9
3b979b88fbf88354add6870de52d007b,69.9
45b8f5bfe9e0fab4b062dcebb91615ec,69.9
7450b013f57c2f09987d9bbfdd226837,69.9
887ca7d0cff5d23c72093beb83c55da8,69.9
d9f89b2c8a70f3124cbf913603661bb0,69.9
2be026e09fcd2b3b24f4ff18636229ca,69.9
e8c7bc94dde4d7dc6a1a5cddd714020d,69.9
8600b231a8fa87131e4bcf9d1dd0cbd6,69.9
0feb28a92089a3993041d44a5d5656d6,69.9
8bfddc250644238ea1b1815621655fca,69.9
4d9205387c3f51e4de2547ed1ba62a52,69.9
ca0c06a18dd6faf5e07fbb8da4f32257,69.9
1ceacda3f304066791cb6ad623ee3e90,69.9
a27d37b50d5647c132898b4fbb6782e9,69.9
7dfff072f58e3139071c29396007097b,69.9
71aa01cc47a448e60c96835dadd9fa8d,69.9
f9e2647dd253626609ba428295860434,69.9
ba76714c4894372325ea2d044823344a,69.9
0aa15dfb830d00667c3c7cd3cdd8b699,69.9
10ef6d1b16466b555d89b9de09feaf0a,69.9
4abe2ccb6ff7688f9b478818219d1387,69.9
fef52039b5d18cbb16606c9793a55101,69.9
2f4bea643782bf139a849858c4a30e86,69.9
ada4dfd6792c896bde2e1ddf7ec3c196,69.9
ca57bb5656e1cdd3988f4029be71fdcb,69.9
aabf7f3dd34880c87118c7608e4a5bd6,69.9
f3a563a285a27bcdefbd0a34c925c2ba,69.9
8083cba74c5a628eb084c96410daecca,69.9
b4c0cf1111f6a46eace44bf5d6433c49,69.9
7ff8e942a84a6cac114e1ef9c331242f,69.9
29a8e7dc609b301eeb68e597e333f912,69.9
3fc0d940852ab274e532e80b1c1d5c2f,69.9
cff7d309b878ba3fc6bc7093c68fb8c7,69.9
8c249a8270e7388f730eba7a657c2318,69.9
f18edbd308dd8784ffee6af3f20fd662,69.9
1d352b619e69552d34827f112485468f,69.9
f04fb650a1938f14ed5330f1e9362467,69.9
a4426f6a2cfe4a7cea7146f236bf41ae,69.9
c996c4d9566ecdb973f7a3f326a5869a,69.9
da13ef53fdf32f2f00c598010e003e87,69.9
4221add5278262a337af11aa0ce3bec1,69.9
31869bd04e82bf58d7669137dd451604,69.9
a577945519cf174d409718b07514767b,69.9
32dcb3d103dc9514e385752b30644923,69.9
601d08f998f53b809794de3a130bedd1,69.9
f1a1ac9a22c3498f2dbc4fb675c35d03,69.9
66b6452526c64a892e836a6cac812833,69.9
a79784beb25fbff75d1c62d68c1691aa,69.9
468c50060017c568e068d4608b5bfa16,69.9
87059f8d2fa7f4192b53feeac51fce40,69.9
f858513de32fba312a3e5a156f2c8908,69.9
7c0a001c31242de2b27991f4f0fca4a1,69.9
92050d1a779b0ab74ae3352731dc2374,69.9
eb99a8170945eb338e6511d467d5694f,69.9
5551ca919431fc78c6bb85ee6f57c904,69.9
2921205fc9fe78f1556eac1ebc0fcef3,69.9
1c046c32f1026cd41aae355ed7c8585f,69.9
e274a4472f8b3ceac646447f71d3afce,69.9
ea4b8b06045d157d4c93c1336a63dea9,69.9
75aa63f557126fb8f7fbe7bdf01e6fc8,69.9
4213d56a7812724b33d83ec2c5bc169c,69.9
5016f9bf2fbfb54c4156400e817be0f7,69.9
c16fd56f85eb2c6f8cd0eb28bc618880,69.9
30b2bd4a05e54620a3f5019c71f6bfbe,69.9
81434b9d10a7796f96c83d3b6695016a,69.9
9c224bc2354a4e8ecbd390cba06b5d07,69.9
28b7628af94d87b54d95f2efb458188d,69.9
1ea61d2ebc0a3d215b45a19a8e42fc98,69.9
118eb1a0ef26fdf4b7474738d208d3b6,69.9
179b6269e3312a52257e0ae40dc5e976,69.9
e1b2d840883b2b226dfba263ebdbfed5,69.9
9593e7814a65148fa6169732b9a9c469,69.9
0d0b9448ab3c8ce2a3fb0ace37b5ad6c,69.9
2528303d2867f41a6a4784c5492e56ff,69.9
45569f4a317a065a12c2b2cea83cf75e,69.9
b4389c10792c457864e423bdda8dad5a,69.9
34fe94e0f8c2656309bc7972ce64fa85,69.9
4fa01e0af9f436cc5b6b2eb3fbbb6b1d,69.9
7d2316a38c698eae75531111db89ba33,69.9
2f6748db5d35abc0695076611514da0e,69.9
06272f95035856cac16ee21693dd7302,69.9
c7adf7f5561540d961dc0ffe938504c5,69.9
a63231f577e42f7bad67747bd4489abd,69.9
84d87129f3907d8fcbca2b05ceabab6d,69.9
555e0a9ba813008221adb74ad01a3720,69.9
25cbfaec7f0205546df52d98b9d7008d,69.9
a1cd5efdca80422ec1850ef1c30679da,69.9
ea30bc4e3e0a08b37f8ba66b7118d3e2,69.9
6b59b00f6c51f03f0b371c2942315fa6,69.9
f21e6e54bf3f2bc45847f3e23e70b677,69.9
1f5b69f5dd7c256aa9a601a4ec353abf,69.9
776d24c2bd8c17b3c32f753308c0a8be,69.9
192f1ae7d7122daf9b8b530e54086a76,69.9
8a17cb16f66088fba12d9e061b0526b5,69.9
f80187579fffc56b11847d97c5e9f45c,69.9
04a25a04ee81a4fd6a28bdfab5545fe1,69.9
1197106d62f4c83ea269b02688cfe1fe,69.9
8652ac0dcc743b8038987ef63a522ce4,69.9
0293f0ef4b3402822f7e5304469f34ff,69.9
7fe9e9279e99a8cedebba562afb56986,69.9
1b662ac85bdd75d2370956160f6406d8,69.9
88d7e0cd6f4210086384abf54a6bfbb2,69.9
22ba5362ca082f57f101cef1280da84a,69.9
64372f00dc8abe94d9017ec307570942,69.9
3af46ebb3600804c782615cd897db0db,69.9
40147b71f43d0868b05eb02cb76a3c62,69.9
f58b85731b9703b5ae98a01f2ead6192,69.9
ce91506113fa0e838414655b4a2cd79c,69.9
f72fbb835edf6b8939d099b436e89f49,69.9
9ceb6443c43aa4b9bab22abe40e4fdac,69.9
9f34c29227ab93336545ccb44ac5d92e,69.9
b4b0ca9e4baf76925883b0f33924c74d,69.9
09a78ec0943f7eadacc89495a9237fe6,69.9
0217db9efc54141e264d17de315874d1,69.9
fe141070931f6090431da3c87c9be4ff,69.9
ecd03985c15a896c85a422875492ea22,69.9
ffceee06e0f7d5d3747eae50a0ccd61f,69.9
f9587fa6065768be96b7267f865a407c,69.9
b8aac82a5c0548d9dd203a339f469069,69.9
f7781053e9747cf9af8e900812a21e53,69.9
8854083a82a0c4ce4cd3d62fd6103645,69.9
5644e275e55a02bf7d15afc23ce53910,69.9
f8396c2772c6c3ce84355de60ecc3b06,69.9
9c2fb70bbdefbd722d175be10d59947c,69.9
edc1c832f561d0817c454538fb98e89d,69.9
5dd87fec0c1fcc4a00774fa5f898d5c2,69.9
6decb0d0862d5788cfb2b2f41a4c2bf9,69.9
d1ec94f80186282546f865ed5db47170,69.9
adf9134ea7338307a33c4af9026a6b1f,69.9
ef275253311c24911a6708b3f27a9d21,69.9
c82490ee32b5cc7dce034641ac400244,69.9
63dd2b3deb6405e0d846cbbec431edb4,69.9
7e7f2883e880909409b7ce80db935258,69.9
019f698e086a468627af26baa7babf16,69.9
47274ab84d1b20ca707a3d849699e0b4,69.9
442172343025942c196ecc556aed024f,69.9
2a9fd9f567776619d9583920325d2377,69.9
102fc0966044243157bb81e4ee0a251e,69.9
2fb5d7186fd553584a1d3518a2e8a249,69.9
34762c7ffa1e30effc6e33fc31c3742f,69.9
0d8a779ea87f170ccfcd688069cd1ad6,69.9
b25b88372b9bd71f0da55024731bcfce,69.9
a8f0f80528ee6b2fa841d315ecb84cb0,69.9
71ca5688e1e8f466f488a7d948b29511,69.9
ef3a66154372e62de501a93651f293da,69.9
6845da3310055e9fde2b3c8e05f097b8,69.9
ad468aa44c8d5c72b0f35eed9d11f73b,69.9
327c04fcf9630d1eadf0d4c458e37201,69.9
d7d4185b1a5691e966a78aeb26ec2558,69.9
cfef8a722a8bfcf1b3f42a9b391d912e,69.9
fc7dbe1ba57ec488749cf677f3530fa6,69.9
53df7fa71da6b6d159166381b1995d75,69.9
dc6c74aedc9324030804b25fa1021b17,69.9
cfa96f1103002b25178f822afeb4c104,69.9
afa6d3e244287962e2d75435734c5e49,69.9
06da85b8d16b04167a1b5eb3690ad929,69.9
c21e32dc14bf1951f1cde9b3d149f35b,69.9
5b1963a41a8f4a39f4d40e6e5ed70f94,69.9
a0f778ed638bdec7e0111278461d4298,69.9
4529772b580b0249d5cdd57099d9d000,69.9
0c6e74d3848e590888f197074ee1f5ff,69.9
f4e030ebe8c888648220fc053b482cfe,69.9
09b70cd516d511b2a068df752a517985,69.89
10fb7ec3adaeebffa164e74fbb79e210,69.89
d23e7476aa196892275c090b88e46355,69.89
c1f3a8a08aa2c796bec1efbd3d573382,69.89
f5f1a45652ef8956d1d63b7e39db3170,69.89
6437eb6b4005fd6cb07209f146637db1,69.89
229df96d7616076a0723025289fbdc84,69.88
6f35af3593267f2f8942769a134615ae,69.88
7b87e4074ae4ee57ef2f7a7df19fd937,69.86
97f6f6eb7e2173cf88b0dd5b78b80070,69.84
5046f368e69df3131e108c966fbe93ae,69.81
e105b208f0d31f92c935f406b1a82dfe,69.81
89b0004792c9ef542dc23c1b8b80a8fa,69.8
882ee7ad589b742925f7252e68183344,69.8
6cd416977b902da3ef9ac6c4e0ece5a8,69.8
926305ac1f7842d0f962332060d9d48a,69.8
3880aabaf613da4ec5926118368cb1ae,69.8
3f4423d700a7c924ec43c17246a5ee6d,69.8
9b9fc5bf9794aa5a631da2499da279eb,69.8
509e723dd04aa1761c7f556969405962,69.8
9e375ead403424ba7ac54ae2e953851d,69.8
1ce32b754efb922a7fe5f88d2ab49062,69.8
a2471a2448788a74d02c97d1fcadf311,69.8
9b1aef0b92a783bd43d3798dca83d7da,69.8
0d597964dad5f9770e7922ae7a64a21f,69.8
fef3c1e7682886eeb159b88d5660545c,69.8
650dd9e8340ce0d99ea8bcddb610c529,69.8
7c7b0230efd9524afdba267f0d4c70b7,69.8
b393e36fcd4016718bc78bf02f871186,69.8
ed6cec44e7aa2ff410c1c576f0db1d35,69.8
9c223d53ab7486b96258509a886d7017,69.8
94c515bef144d64e9f9ffee71a396d15,69.8
51883bf50149a3028f35341d1fc008e8,69.8
0a7123262de5b94fd6618f3a1e0a640f,69.8
fd62142b93c2502e26ae2c2277a6dc6d,69.8
5f6afb0591f38a26989947e3617c9f91,69.8
5315024f901f933bd377d1bca7928057,69.8
88fc4e4500e96a9f54a7968d7d72d132,69.8
e10b0e36d0e9cf9d7cc0f5bd4e1a74c9,69.8
796d05b11c21234c1840086faa0be307,69.8
4d31792c00baf91319f111857058ee80,69.8
2ab985fdf76700a0c77d9ea89e2f3e39,69.8
ff51b92babcec282546c7ccf5c36adb3,69.8
011b97b83f521e755f03173c96baf57b,69.8
46efdd1ffd0e8c960ee3376ae2f119ad,69.8
33588571175c9bfb3f6c7798bbbd0914,69.8
cf862c5539236e2e95939e3f0585a8ac,69.8
8d51030ae02d1b7d4177c1d63683ab99,69.8
bbde703c8517876f8534f5c8a4b55948,69.8
03d03aea0d866191e5f60d0fca091f4e,69.8
4e14dcf7c059cff380fc10d9b1f29514,69.8
0a63548671f07e285558169123b2ab35,69.8
4b81d3c91fed6cc8ff56c408caacb520,69.8
3ba36e4404305d8d8a9dfdf4ca0124a7,69.8
a8ed087e25b26fb64cbb99033eb243a7,69.8
fd4a20f415cf462c50350f55c9391a77,69.8
a72de5c8394aa1b9e9f58a17b9de3ec0,69.8
116a1ceb6192897d74b02c187537a42b,69.8
b80b7641c7244c79644d4f6fe6e2e731,69.8
2872aab8519bd813ff38a8196977369c,69.8
d11cf65608cde4907102879070a75f70,69.8
f93df0428349b10970413433e6aa5d6b,69.8
816d4cd64d43fd04e499508c50e2ed9a,69.8
9bf26789347373fdee54ca67f973cf29,69.8
bf6b3c49650bf01069b5565e11fd986b,69.8
0fc2a323885f08970850976ac19eb217,69.8
87cb4db5eac48b869383e2944a2ba62f,69.8
397255ad5ddf03049261ac70cf139647,69.8
3e246973d99cbdd2098df64bbb29f9de,69.79
a5870c43e5dc9630238f6e1af26c5b3a,69.77
4db5d35daeae658397eb7fafe6801ace,69.77
6d2eff8b896317be39088c57f793c025,69.77
d39b36bae7de866a9bbb376d2b42b96d,69.77
15ae0cb93a9732892dbedd426f0e0e96,69.77
69f08e0e159fe4bea4f387eeb8a57634,69.77
b98dce52f7623552b8acdb382bfb202b,69.77
b16866ec831fa280adc36a71f6a30dbe,69.77
409192c05c81efb2fda3a7d3e3d0e35d,69.77
de36e4c77c4bea52cf99c1548689daa3,69.77
398ddc24c8d53e2854a97f79965ba8f4,69.77
89924b0fa5ff89c9df5c6acc7694004e,69.77
9466322b97e1ac6b447e2e6404ed612a,69.77
d2ee05a1553278fc235a3cade4d19809,69.77
2fd2ac7a82e4a187eaf6b9570b2ec301,69.77
2087b0fe8fca281f98a37e5423a9a659,69.77
3a67da457160007dc4393d326e9acacc,69.77
a2623335c77869716765cebebe4deb18,69.7
1f3e5065ebd28abed905c82bd83b4594,69.7
329970820ec5088911fd6d9c1926a73a,69.7
dcbb7859db42a729d4cc316eb6691974,69.7
ef75d5dbdc414838beb621629a99bad2,69.7
54946c90d1f2903802bcbf8c5d161782,69.68
9171fc7bb0bc22de2b0af3699b125e11,69.6
3326e679cc621eded2c1d778f1d8361a,69.6
a9e919d9b204e5c8aa0afac896fe64cb,69.59
a1c779cddccf5ffe60e543d3ce0dc477,69.56
63f403e8e14957ae478017322eaf5c9a,69.52
a884bd002c145c1aa0b57429e7ebbf2b,69.5
f13fded6c65a073bdbfc42663acb4e1b,69.5
cae6bf6f0e7c53141fd9e62a44e8f4a5,69.5
4421d1d5eba4e0a40327d89c54e0ee1a,69.5
48956a092e7d44d33215e84d2b71a53c,69.5
7229e52ccc0d3ebe188a62df35123f7a,69.5
ae78ac4ebb89e08c5e0423bcfa0b9cc2,69.5
5c427f06e7fcf902e309743516e2c580,69.5
6724e5d010a374b2048e209baefe6784,69.5
726353b9395490889442fde671feaf58,69.5
fbfa1608aed1d6338521b72305116529,69.5
dcc8ace10ad125aac51ed330d021e0eb,69.5
10ff941e2e8aa6856dd1a89a45395fd6,69.5
874b203d77d5ee9f12214a37a6584237,69.5
363133bedba50bf6ad398ce661dec61a,69.5
4452508ccdd430778d3d2acdc930313e,69.5
4f329f7d0bcdade895543c8be9036068,69.5
95a396e70c2a121d8ebde434f1c75128,69.5
7972b72a39b505982dba57710d018ebf,69.5
d96c9c329a257073367403d54b03d1b5,69.5
61f3b1e44f811e6f59c9433a3bea727c,69.5
ca8b8f1ad4393c8be0507096d49bfdd8,69.5
7f14bd89c2b0d2a13ed50a39028fbb06,69.5
34b10ac8b6807ba32d473de41885b2d3,69.5
202c9d7463dc1e5460299754c4d04876,69.5
6edb12d444d40648c4f9fbdf4ab42cd7,69.5
9a7ae4cc912dc4d2639cab8bc5c72fa0,69.5
c2d77b06136b5d4135a1c66f6b59e54c,69.5
f71163ca2d359b4946347969445ee4d1,69.5
0732b96294c351963d5ea56db7f5a3f9,69.5
36fd3beaf034e87d9acec32723c50fcc,69.5
1d2b80dfe191a690569d02080deec210,69.49
4fec8c71b53eec1e656cfe33c0767e0c,69.49
016c933a6a74ad49e6e1858462a7ae4d,69.49
30ebf7033f1100ae236b4363890b1aeb,69.49
7e16c78f08de9b2ec5b9eff657934019,69.49
0361232bf2b929e19323dfc2843ee554,69.49
affe45dfbbc85f104e46987acfae38b3,69.49
654017a2194ab4ac5d0f58012d5d5a5b,69.49
05b4043e996041498a4886fc23376aef,69.49
33a763d9f2e6507cf544fc898b3774da,69.49
8816abf17cade9ba97f2b8561a238144,69.45
14aea23889a3ead6c3e374e322f9e75a,69.45
b41f68e737c77afd97a48a3f109e86f6,69.4
745ebc5319fd96d44439c0dc56a2fb62,69.4
e39dc53b86f3f80d0d47279856748b30,69.4
c52ff4aa2f3f57f45ea7ce0126fd5de2,69.4
8fc482a4ca67de29baf10e76de6f1b4e,69.4
fc06f51927d8d0f9efbe01a62030de1c,69.38
b2822eda717522788ab9dde55140fd8b,69.36
61ca1c91479ab015711930b5e4e429a3,69.36
5be46d4219b0b664ade208fb06506521,69.36
1c696296295bcaedd258474aad4284cf,69.36
b0c50b7b62fb053d5cc61ac72510db81,69.36
7429462259e9d39e60127253ab7bdbe7,69.35
4ce9ca52dba093efebe5fcda0d986da5,69.3
c606407eec8f9304dcd264811b9f0523,69.2
027add44cacfb209b0018c5aefbbcf02,69.2
52cb925aa4eb5276c32cc93a2a130fc0,69.2
a32fc86b243a069dcdede4aa11b29aea,69.2
fbbca623fd2ed0a30fd87061b46980d5,69.2
bf0d532260f2716121748dff1564a117,69.2
cf8d32a331cf6e8701c67ada9636e563,69.2
50fa7b568bb20a89723d9e7361ea6455,69.2
7c34bd204a60d620ac5f7e1b5022a122,69.2
0afb9f2fc0523d0e5463246808c31e1e,69.2
d256db1422e2d4737a6e70b39db4e4ef,69.2
63f4197fc4ab9986a9d1a9af4f313974,69.2
11e38b97a28b27825858ca7790142796,69.2
5e6217cb6898af1f8671a3d8c170cf75,69.2
d555b8d70c02be78fe7f6f59377a8ada,69.2
2c5d4df0decd36ab2ebd65bccd80be05,69.2
4de103aa04ec54e93a13ce8b1db31710,69.19
dd155e203febe51ad0be9fbdd27ea20e,69.1
da2124f134f5dfbce9d06f29bdb6c308,69.01
56be20830570df2c36d2935be6f1e417,69.0
81960f733a0385ff7daa37152eab8e2c,69.0
eb4fea182012be623175b35ee37dfe50,69.0
71504c02cd37b29d6d85f9dc90a6bd55,69.0
642295dc37cb36a93c326b322fb9d6d4,69.0
a8c3fafec23191001361449ed1b163be,69.0
11d25c17e5a4fc7c1fa5d93fd8864e69,69.0
4b7a8bde4d6788812ce5e49666666f25,69.0
f5ec9d075724aa5e4ede6b3e8442440b,69.0
d09200136a8aec3f7a9831754d554b5c,69.0
c9cee7df05c70b8c6cf3fe9c3a9d4bb8,69.0
3bab702f05af85ee30fa407ed58b70f9,69.0
5703f4cb0c712d838bee4c53f7655c6a,69.0
f530cd146d415bcd0315b147bb8774f6,69.0
fed063142605b95f0ff2fe32c641348d,69.0
c38fa4fd1dcd99e0341c633c7b4732f6,69.0
9f741ee59dd0a983168f2dfb92b245f9,69.0
51296a16038830c3706b54fcd4af0e86,69.0
be28c5ef762b3f4d0ec8280a1d6d0eb7,69.0
44be08be1465706be7a032d9e563d9f5,69.0
3bd38160b140b90ab82c95d76c507926,69.0
1c85b204ba5ddfe3fb06405f81939769,69.0
75644d190d3f51f6230b265ae2b3f6d8,69.0
4810c2ce9d15f307f600efd361eccbb0,69.0
405e4bf2d57bb2ce60e05d522d0b0631,69.0
7c9258c180a39fcdf8ed6ed4f91592c0,69.0
a69cbe2a4ff0356a87a6de672b2f7b58,69.0
a072679ac4ac4d56f1aaff9e763836ed,69.0
a1d97f3fb92d14746f2f68ce15c689bb,69.0
418f9db43776a18cbe728a0b6e5c8227,69.0
560c13ab2e56044eec5b75a29e759272,69.0
129fb8a7f98b75e41806ae98cae89c1b,69.0
a4cc4219f6af8bca6fa018f03aa054ac,69.0
14c584eec1ab0ec9dabee7741f6c075e,69.0
6f97b0bb3562fa8dd719853be952a360,69.0
1555875adb702869814601fd4a7cbe75,69.0
6e142629fc0c8f867cdf17fa378ca709,69.0
2c07ebda00b382922372626d8917625c,69.0
7856aaac2fe87c5394fac93513ff254d,69.0
07cc1f06ad0006feaaffc09320ec4309,69.0
225fdf78dae4877e7a62ad3c78caee69,69.0
28d908a1782ec9fd7f094debcbbeecf8,69.0
ac3e946018ca22557127dcd54c9cd677,69.0
731723e171b17d3d3d478ea3a1f4151d,69.0
943bc4889db0a521065764e8787ecfa1,69.0
6e36fa9bf71aa373a6adeceecbe06ee2,69.0
56bf63741e4317625e7e63d5bc79872d,69.0
2d49987c2ebfdfd518cb64ad1d380083,69.0
2dec2f01062c12231bd3e7b828729449,69.0
e3c94f7080293bcec3facb041c6d0f7b,69.0
c983e0e8a43cb95b3d081fde6005f347,69.0
69fd156e8839ec0da2efc934dfb1f7fd,69.0
f1c9108faec06a72a4e597c922ef2622,69.0
7f86f92d486bece9cd34a1b02c55fda1,69.0
d4ba90ce0c49bffcd1b221f4bd2e9741,69.0
b262a7f72e882fb982f33f58c88dfba1,69.0
112b6151a6891cb6ca8f008e6db47d39,69.0
da4cc8456680d5049f400002411f7009,69.0
cf5a949abba8b491211250ecbcc634e3,69.0
6e31c1d461e13b18d437b31fa2ec127e,69.0
86ac7f4694efea6b3b4593f93b1cb322,69.0
a21eb72bd9dbd460dadf15c4e43664eb,69.0
8ead9fcb2090bb3c3d93391254dac941,69.0
477f523d95439da10291dd5659e120a4,69.0
fbcc6fa001bddd25a495c204f5f657a2,69.0
84e743e64c00de51fbca1961b407c3e1,69.0
141bc716946bbe4113b2b02fda012c9b,69.0
fb5c27af6d623bc59e8a201bb84a8cfa,69.0
dccc7079684e573075849fbb65efc278,69.0
b1a5afc135d86a079003163cf95cecaf,69.0
52239878c74211b0fd1a56a264763761,69.0
c561087c8b01f80e32384b2eee46d5cf,69.0
e63682ea45e4d2188c4678eb0d4660b5,69.0
bc8bc13c6748cdaa83178cdf94ba57a9,69.0
d0568f0dc6f38391efb8175b0b33c08f,69.0
0dfe60b670deaf534a0d9519349169d0,69.0
0d45270e541b3d3140d7240434b324c8,69.0
8ae0c3603d6625e690bbc25bd6a29b70,69.0
faa369ba7859002304d43256a0c968e1,69.0
fa8df58dde47182121d2737ac7b8968f,69.0
c90b8aa7dade59f804b336ff8706c7ad,69.0
e8ef960312f461572145df65f501f80a,69.0
51dfe576cb8af5ddd2c0948224b6da8f,69.0
0d475ec1ce439eb41eef87f144b30d3f,69.0
e072f720ae44bd037c0340b5e6c2828b,69.0
73596ebb9fd9b16f96f4740d9c21e6bd,69.0
1760e65004d3c8bde07f1cdc0375ce2b,69.0
b1ab70ba6fb6ecfad658fc7bae23e9a1,69.0
3ee60ebb31894e941bd668d467e8ee4e,69.0
935ff0649831ec6ad670f1d3cc9235e2,69.0
55a8e20a0cd1dff15232a9a6cb339e58,69.0
b038e0260259f784a738835953f32c62,69.0
ef09439e943cc62d43a77aa04f6da1ed,69.0
3630110a4717d9f7969032afa285b469,69.0
d2a8c832f148746c2ea01272de8bd606,69.0
96231a91505acf8d633d5f6908d35605,69.0
5f4cabf6980424d31df7199e53647b28,69.0
809fece180865f33e734926b15164398,69.0
4db55f299675aae7e60ea54e437bd750,69.0
ac226e67c913e5f1039af998a59e538f,69.0
eebb0de05cd24925e099c9105e231280,69.0
6b15985889e3ae40fe81049d1d4e2066,69.0
4fb53ef162c5f695374c349151f164e9,69.0
14afdd8037ac12c2e1a06c68fd718e88,69.0
6f5267149fd1f8a2a32ac59ca1c17694,69.0
fb413c64b55384e839991cf5d72d9e6a,69.0
a5deab37103ca8c97bc8b9adb7de4c9b,69.0
ae3066cd1bf4fa2aeae850db53d15c1f,69.0
38d161baf388ee7ea0a737483359f8b8,69.0
6ea6833bafd5a01be6aad92305a57e9e,69.0
d3c09791fc7ede919353f0488a3375a6,69.0
11c191489b5fecd461e9d538280e9c5e,69.0
c573647876009a14fa4e58adfb2531d5,69.0
bf5194ba2c7eaa75eee856b4b61114c0,69.0
2870e9dcbc1692371b93d7e47f378311,69.0
873aa5da96b7300ef0a4019f8807522a,69.0
c6686d0baf735d0f767b456e910c7a9e,69.0
bf60906877c2a6f798da1bd131025eab,69.0
8e86f0490152454ec19c8b726fed3a93,69.0
fa62a9ef95e703b49c4bf530ce1e4efb,69.0
1afcc25251c2502be51c0c0805015215,69.0
e67448f92899a930a837e381f5719ba9,69.0
cc6f32c57316a3ecd76524cc0af10794,69.0
4e788890a013dbbe9503d039ca0c3116,69.0
1e990616c033501f830e457435085ece,69.0
5a68300abb6a13d47c405b415e3c0971,69.0
c9f577d8ec59067f0f32cb099f14ae63,69.0
412298dcdcdf0447d852b9c1542e655d,69.0
fd70be8f679574571d4c1ad5dad835bf,69.0
e90793319f301c5188f395b70ef72888,69.0
f289f8ffee306b2f6148218054b1cdf7,69.0
01190354aed7ae9e31b5f523699cf01b,69.0
1d811f8b00a528ee91e12ddcd26e958a,69.0
423b14adf6348b5958abf3dfef05fefc,69.0
1234c1f416fad22c1270638f069f1a46,69.0
e2a98952cebd52ecce28658d64153500,69.0
c9aa2cf350508d7b3abe72c1c9b2d6ab,69.0
2651df049fbe11e77d8f0976b6a20f9f,69.0
7225c41233573a5e698cddb894951e51,69.0
97b02cd154ba83c7a105d797003cbff4,69.0
25589ac02f7637b4dca14ce8d9c2fd8b,69.0
cd664768f785ce454323f548ec4efc98,69.0
ccc494e3555d2c4ea8eef13fd0227ea6,69.0
a37646debdb792ee5aaf18cf5da53717,69.0
5f6ba29e61a7490f485a5d6d93710f5e,69.0
6aebb14ebc978691d1a673440a0d385d,69.0
e8b60775fce3a9380e7621fa3d89124c,69.0
6fa7a221fb6f0690ff40df40ceb7c786,69.0
2a8fbd9c4f1ef6d033fe449d055fa5fb,69.0
4fcc62d157765c0af28cae95c4ec6b30,69.0
15357da0aa538a1e5efabe63f0d71095,69.0
64698a6bfdec10409f62b5842662e500,69.0
449da65ae37585389a511977df7c0cbc,69.0
bb07e71b9f9329b0b12519d519610049,69.0
acb63cf14731ec5a603f2ca382330d50,69.0
5424365f3a3a1983b91ed9a71997d18a,69.0
dc0fe965592b8547fc22ddf2a96dceb7,69.0
445f187cc1cfea0edfd2865118e1b183,69.0
0c9c3baecd7d29ce00d0f64e0f92bef9,69.0
33526320515dc9ca5c0ecc1ad95f8e8b,69.0
2d6601e2bc30cae548760f2e68eabfb8,69.0
08fd1f647fb132970cc8e3ee6c9075d9,69.0
6afd7ac9a8acbf196c1a0ee4b0e75046,69.0
46a72099107f631c76922dca8c19a204,69.0
489183cf22f5264d0774f03fbc6b17c5,69.0
902da30d27a7563502da22b47f9f48a8,69.0
e4dcfeb9cf0bb6e49c608355ec590e96,69.0
a6701673062c37eb53daa40b834d1aa7,69.0
a6e50329cdfe77d18c47b9696658b52f,69.0
0b3295ce662be865aa56d5c7f78601ef,69.0
0e5766a0640b2eb2b6523fad91b5fc20,69.0
fe39086685f95933fda7f32f50a9abcc,69.0
19a02e81ab73daae664f1a5836fbafd4,69.0
62bb7754e891d448d845fec3cfaf1483,69.0
04e2980731d4bbd86a9f20793cc78c8b,69.0
b4327f405e23b55576892dc17ced2364,69.0
c25a50d786c9148ef8e2eaa6b173a12a,69.0
205d4f622d324f38b03da47cbf79e486,69.0
f074977c5816f58f6178ba9a212d4d73,69.0
0c001e52f187db590c01e00cb5b8a1d2,69.0
5ada8309f16872ff8299682461e7ee57,69.0
4dc79a59a3e917f79cae01e6e42814f6,69.0
de23cb539f563443818ade003bd65b6e,69.0
db2ba56a5295e78cf97852d6f4f27a9a,69.0
c3b9e7ebe1fb99e3b06b6cfbecc73b59,69.0
0bb1934e205755a2bdf69b04687d6673,69.0
6bd7a25730098901b7bfbf872410d4b8,69.0
728e53ea927b319d8d4c5e49b8f1731a,69.0
253a835620b86f2b742b951a6d8ace3e,69.0
059dbf90df50f39161c4549cc35057bc,69.0
e17005589b4ea116d5d37e99073c8f91,69.0
38ccb4dd4dd6f83b64b6291fda1864b1,69.0
437fc0f859ca8efaa18fb2e02bd09265,69.0
7c0d179942916c6949fb906cb8ea3930,69.0
36124cec171c5433dccc49bae61bd8ce,69.0
8b57633f0546585642f35406ae655f1c,69.0
eceebf26966a4aed2f20b6937520fc0f,69.0
7a8607339cd00d491766c6c08e2a5c03,69.0
0e4d01255766c7c5be91926bfb4fd30d,69.0
ca0aaedb924d47b85407a1130582b836,69.0
57a05331e60fdf30d97f10a1327a1faf,69.0
b76fff9cefb1ae3c0bd44fbffd31957e,69.0
053f9f6d14eae73c5dcd35952b42f44b,69.0
9a5c1346346cc351e392795b337097ff,69.0
67ddd0891499d2826566d7efc66b02d1,69.0
f1a25d8a8bbff4b41d93cc4762363e44,69.0
099da9e0fc3ea53e74144c6f8427ae07,69.0
66811796b183faf53681923d97087d85,69.0
dfdc7f1b2a4867687e05f63eb473f8b3,69.0
69516ffcc9deb07156b30e97c0573919,69.0
2a786d13278ec66a602d028cbccde4b6,69.0
278bfabeb5197c5674271cf529588fc8,69.0
451cb85396e597ae3bf87cfa3fd14f9d,69.0
75dde0ac9c549d835c347f7b636695d3,69.0
c6689d9dd7d6f04090f33764ed5e94b0,69.0
5c23d9c93ccadb7057824ddda82e989e,69.0
9474c88e2c74a79cf973ac3cc602d115,69.0
50485ea1d5e2950364b80e064d6160ec,69.0
4438ad15cf7315f2de20eebdb7b12840,69.0
51f407d9c0d2379f49ad0d507c855193,69.0
8369f3d663dcd9b3a4cc3d3b797ee011,69.0
5bfe21e1241a461d88c63968f8724e54,69.0
1874da448df11a9e9f1fc490cd0d3801,69.0
5df2ff723d34c14ec65ed6d176c45eab,69.0
e272717894f4663f450f5a4d487adb2f,69.0
c9785a6ba20cc13ed3c0ac679ced9067,69.0
401d49ba9a2b427967dd578821c55b2d,69.0
15f88a36771492e2122d4550716862ea,69.0
36b3899fb68249e20559b4cf0b16bd59,69.0
29855e598b8e32b458fbfe4ff8f67dff,69.0
8d81b260f2d55f888d53987475f51fa4,69.0
d5dfc452f419d7e65be5d9b81d1df7ef,69.0
b7a2802fc9d4f455062aae8a3ce98396,69.0
bad45dc1592582ddf3b8c63693f5e1cd,69.0
8fb4ea6125942288ebda1ed544316770,69.0
a6e436c7275245cf3b66a9d59fb2bac5,69.0
2468e8e24c7f7f1afb422a334c11b531,69.0
b3a8edbe3d4e629117a5a9458aa6cfc5,69.0
57afd7dfb4e09c3321ba9be9f59d5102,69.0
62e03ecf5dae004db358778553258677,69.0
1f18e346d30c40d761169e0e02bf0ff0,69.0
028c802f8a68efdad4e27931e37e859b,69.0
6fd08fa27ae00ae1767b76668d46451e,69.0
1d7dc770268b6a21bd58a278a1707794,69.0
a94a18b754523b6845747ab60c906ece,69.0
deede660a4890aee5b1f480c6c39f120,69.0
c72f9e7f1ffa78646bf17c180f5d3df7,69.0
ca2f8b1c52eece3f11bad7511418308b,69.0
6a7226012081a4b8e11a39c4e09b64f2,69.0
0c320426834dddd6c276e7b22b715831,69.0
547d508789892862fb96edcdecc4b261,69.0
28d50d01106af1d9993aeafccfc3a8e3,69.0
41b73e4199c7fb14607fb96d55cfbd8f,69.0
a1beb47c601965fd113716b0947ab37c,69.0
5baa82a2c45fa3220cb57d9881db3211,69.0
0f2893212c2c44df0fa30e9184006254,69.0
929a408d132414093579c5a3156f0302,69.0
7dd917a5403363d83494e19c46852249,69.0
41c7fdc3e0906b20e2da08c152c397f6,69.0
9e053c9ab0fdd14be294b0023de43c71,69.0
f58323e013370cea83bbb78d629c2a3a,69.0
71d1b32e176a27a0cef466de5e303c50,69.0
10a5943f74a8f7f9a8e3785ac0a01cea,69.0
54fef4bb475376e95000143add7a1557,69.0
a3cdec9b9b26126bc064274977f61cfc,69.0
439adb41e2c206f3f1a7825ce4708083,69.0
bee38172e88b59389711a1147ac7521a,69.0
bd7dc1694b09e3cef45723eb8a5d579f,69.0
53344341e1300beda6e4cdae3b6b3496,69.0
22ae4a6295e60e8d01f407d37313f0c5,69.0
9bf783bdfc2d399546513a3aaadca64f,69.0
f847cbd3cc47af2347769777223bf1ed,69.0
060a46317755b43c75aa45102a4e96d8,69.0
e3223af2aa6a77a76b3b690407384686,69.0
ef65d5034c7341b280811f7bf95f264f,69.0
da7b65d555ee1b2ec7d0b0008a272719,69.0
3fba3725205e47ca70f225c3ba8dcc2e,69.0
a76872f53eca5f0d9e83189f7f0723a5,69.0
1dfd803a021e815503586aaeef4250d9,69.0
d8894da0a36288badecf91db3f72079a,69.0
efef4f3bbae37c2b4ff4d2f950299cc0,69.0
01f2ee4cddbacc178ecf73bded88abab,69.0
b85708f7ff9d1b6fce163c71086084f9,69.0
568b8a86595619181ea75af225d6095f,69.0
fa55ffcff8a89ef0d5de88fc3d15e701,69.0
b436224260ee24be61a6183fba5886c9,69.0
680bd330794b5c1b79aa8e6a2cc7d573,69.0
22569cf3f36b02da715a15f53101ed52,69.0
34cf47dae2707f7f1a07a7ecb3b86faa,69.0
91ef77a365c213f04954c1527081b016,69.0
c156f1d60c8d28bcd38c1f5720d50782,69.0
6367c0ca26953cf2b4ea34ba53295dc9,69.0
4238889e66ea1c168b033007db7cdafd,69.0
ac8cbf914049a7b20272a10f768ba6dd,69.0
85e0c3aa291ef2ca5f2b48d2aa1c9904,69.0
0b724a70ab89854f2f367fd0a41f1974,69.0
0d2ebe560b5e8a4dc417435cb090eccf,69.0
464726ead2259f3281f01d051f4f15e7,69.0
0b706fbffec4cc332af5995e683ba779,69.0
b454e4fe9898493eea94ae9c2b708ba5,69.0
74b82d49b3b81780a41bcfe099abeb86,69.0
2135d8c6474fbeba5b218bb1178dfc2c,69.0
1bcc3cdcdb5ceed9c1a8d17195201097,69.0
a68df3fd3ee564762f7ccef42f3aa14c,69.0
9e2ae0d82b9057c99ad147658cd4e336,69.0
165f1aa190273a0ddfb905d8bfa84823,69.0
17cf99bbc536657ddba8b1428192e103,69.0
05cd6a810380d37113c7030f6951b2b8,69.0
e8fe08cf36af5be20512a9cac36725b8,69.0
3492a938c440c581be2cba2e6b56222b,69.0
1f2b38551248a3c7774f35b71e016ebe,69.0
5a24403a0f39b693c16a89e2bf24d7bc,69.0
678c7714cdd189c7aca5cd7e6c70fb94,69.0
1d331c1175b7c788fdf7b44b6dc26627,69.0
127b82d6bde5446b1193941efd6d1200,69.0
45b4e909ecb4b938d979ac373b89bbe4,69.0
a18c76193a26ef37fd582877922447c7,69.0
aeceea4c7e2aa9f2de64e2e3e2945108,69.0
13e330d6fa0e734ffda44f5b5610ed7c,69.0
17123dccf4003deea7415632427c9b49,69.0
c769ac7a0fe2aaefe3ea85249f0aee54,69.0
f9f8a5b57c9a363b0251b3784c795423,69.0
95f5fe645df31a0190cb6354a603dcea,69.0
bca062b7fa800bf2c7952da1b5778585,69.0
1c3c352713e2c8c11f15e6f07408751e,69.0
acac8132a5468cf70dd49fefca51bd85,69.0
9afa8a81202f94d96ffed6977f09ea63,69.0
95a8eab7b28631dbf0fc405e678a726d,69.0
d093c8123401949fb8fd45345f5aedd4,69.0
76fea92dcd4e7a8b7626a991bb515af9,69.0
5ddfa3a772a75f7369ce2fc4446be805,69.0
8dcf681336e6c839f3d6c2399dee467d,69.0
6f1405bdb110f24ce1ae1ed563733095,69.0
bc576945283c7299890a7879558a83e8,69.0
8ec6e1c246b0c22bdf1527235f6e137c,69.0
1dbe345b9da3939b2dda6ebc336b570d,69.0
c06a227883de6f65aece7cea8c17f190,69.0
4d42a6dacf1f5e10081a913a9335c458,69.0
5d6696754ebfd1710f4cd67aa32cf0e3,69.0
9ad494e70597481a9f88df9037f1105b,69.0
bc055e45589b741155daa6a4831abcd9,69.0
c87858edbf69dc16344e313cae72b375,69.0
c1c387df7d732899f30a909c8b084e56,69.0
b3e20bc2f01a785db7cf2ca23a0929fd,69.0
80fb4591a82a055c4f9c11944ab2abbb,69.0
29983e9662d5dd14e9d133fe7d0b639e,69.0
69d7c0b90b4b01fae962b59e7d9bd2d1,69.0
3642fb7925baaf636f8adbfa18653889,69.0
7e9e8e8df9e2f28df2b9fa5d5bd99715,69.0
bddc691790dafcfa373909e3571cf284,69.0
fff3a5c6d542d52b05f7e4518adf996e,69.0
457e255722e958032b50ff72dd15a4e0,69.0
5771758fad047028c6b772fe0adffced,69.0
7efa7ba622dbdc7eaa7a51b93203e9e8,69.0
db7eab0502aac2e46ff476079a1ea3d0,69.0
1253d291d269b1da011d7928695cc8d4,69.0
ca98d5e54ce09ded249a3bf88adda456,69.0
1d325217aaf57a6f3b606be21277c002,69.0
b32a9e38e26b3edbf3b8a811c66500e3,69.0
2442520164337b8eed2f2a9d1fee6021,69.0
93e19daf1a3340c5c85034557d66e6b2,69.0
34425af515e189a4aa18e67c29f44e38,69.0
9d89e026dc5b2c75f900835652994a75,69.0
9446e9602579c66ccea1df94a8e1dcfa,69.0
7cd022f49c80185e8ff8208adf611409,69.0
3f37f76b405a0b8b2782b9e9074dc4b0,69.0
0e02c0e8cf169452961509c4425d3fec,69.0
9d13f5da757d6d19132fa0980c9e9729,69.0
545aa46e4e68df2b3b8dcc06f735e179,69.0
73bbcfcb50f0200bc6a83f902495c0c3,69.0
9b3932a6253894a02c1df9d19004239f,69.0
e89af99c5a7a7b75b0bea8f5c0d00777,69.0
697b3df5be3d381b8b8116e35c51fb97,69.0
9381a17913f55392171d9e4604289cf0,69.0
efe08982a49e9a8da90432a7bacf7a87,69.0
64c7ff0fa53d71749aa0b0db66deece9,69.0
94acbdff64edaeb307c7bcd31bedcde5,69.0
f6bb7b61f69f163fa92942a84c9233d6,69.0
aba778637b5257b913982223c1b375f5,69.0
9e78b597f0130477ef444251e93b5298,69.0
cd7f3a5aad9d5c00db3b02a051df14c4,69.0
e123e4ba94ecaa31147de27b7823547a,69.0
ffb4dbe856e39f4c88fd2abdd505436a,69.0
6245638cb1e630951f1707dc6960c31d,69.0
e5ce83ac7afe0a18d0f1747111ffecf5,69.0
5a7801ea62f370b2c39569ef4cfec955,69.0
cebcee337e680ca4f24cf642a91e18f2,69.0
6b1901291ad821308850dfe8b4385afe,69.0
1c856348dd9199309cdf983663318660,69.0
e7c69a66bb533b0fd360a00c5f453ecc,69.0
d7f20de008f6b1c94290f25cc2631d79,69.0
70a41f17bb11f0489b47681e7df35d77,69.0
8ebccdc62dffa0f12b910ffed2214438,69.0
1ecd79c7fe9185158a620e4cf24cc7d4,69.0
039b0a43d31bd90051298c4c41a277ea,69.0
9462d88d82a551270b7c345a53aac7f2,69.0
a753155288fad08f8802c3b2d2b243df,69.0
b60e86af77e92e469a4e744a3e38754d,69.0
0440345aa3f318c95691cd2345894071,69.0
04497bfb0621c08c82b50b7aa5de95e9,68.99
88dc11bbb95301b0afff2cef3b794eb0,68.99
fb4b42ef1e45724b01c24c034c1043dc,68.99
f77941001d3f0ca5fa211d79882c0cd1,68.99
f035a091bc8d3cbfc3df925912539a8d,68.99
9cf67ef86977eb05daa554d987edd46d,68.99
4ab6b9b183a09e503665c331ab76aa17,68.99
ee44d2be8e1662dc62aeadc5cc6b0965,68.99
7fcd8494fc0c228c991aafe0770b08b4,68.99
60e922d8d5872b195f60949cf1ccd836,68.99
6ce4c7bd3926439373aeb50dd50569e8,68.99
b7c8e76e67ea70f6aaa55aa9f847c0c3,68.99
5abd71c24c8846922c08d60841d64791,68.99
edb3e8d308914f62482ddfbdf7b9cce2,68.99
f176d7b5c0753ecc71a6493ac9ad4bd2,68.99
4d86f06c136243959cf7ca6229d2a684,68.99
b0e27b16cd62374210e26dce27bd37a3,68.99
953251d6cf788519bbd43ce2d894ce2e,68.99
a62e1ccc71dbce6dd7bacecf6941ac32,68.99
e879d9cc471ab8feafa1056998e6ec95,68.99
d115a25e0eea3efaa6033849f369ee16,68.99
9556bc2752b028dd824ecc090509c508,68.99
1d6fc7fbfc088a98eb692725890ad2e7,68.99
ec92015754035cb75c33953872fbc74c,68.99
9e2f00304920e37258604c5ed901ef85,68.99
03f7dd0df6ce673353bd6e9dd6e8ae2c,68.99
c518f00c02912a99edfdc40f95dffe96,68.99
a41d47b5edfeb4f27db1137d89f83857,68.99
e87d6c74cdba01997d0d19d4c8941c2a,68.99
e806ed5d5fdf4be71b5405c1d8e39b8f,68.98
a88f6b2e3e51c830e4850876c911fb8d,68.98
89887a50791b725adc9f8e1ffdcab0d3,68.9
a13bd5b42c826a7e9c495dfce14ebbe0,68.9
9fb2c8752b05e109fdd870a28be5bea9,68.9
be56352600249a5778ff7e8eed8c27e0,68.9
61dd66dd9e57068ab1a9d2558f16b97a,68.9
0e3956c83bcf7e8f54e1dfc46ea4a34c,68.9
7bb5b53c7d838d8ca7e94ce809b7d784,68.9
8242a1cee3edc3b94095009410aa4118,68.9
92306da1c470e2c73592cb67bee82aa2,68.9
bd94a4060f0f4b3fe744e4719d75d97d,68.9
bfc9371f9268216725254f8567803291,68.9
4379622b3e8894ea1d95bac44ccec6ba,68.9
e259b368ebf6062dc1356964312b69c4,68.9
7bf09d9d05cb60c4a07f15ba0b5d86c8,68.9
ec4e8c560d69abf146f76ff39823050d,68.9
425997e2880eb20c074277b1018c8c06,68.9
73c42df75ba6c72886b7dc426d3db891,68.9
a8a87a1caf071104b54b5b4007cebf95,68.9
654e52bcecd9ed256edf1278b7a27eeb,68.9
a8f2a38a810ce407cd760e5a6144a5f9,68.9
40edbaa0297944cb858a0241463fc4fe,68.9
4a5e11f8a1c196d34b989b738a70ebaf,68.9
43e7638852c0ace785be5c46440257e3,68.9
e0e3c77280b2d72dce34069558b114ef,68.9
4a00ac708f3f33c001588e9529e90691,68.9
263bafe23041a566c1809dbced4377c1,68.9
fdfc8e4fd54596e9afe094b285258121,68.9
43855c18f5c1deefaa7cac5ff8373b1c,68.9
53885730087107b7a4dd579001c918e6,68.9
e2702eb58f552bd906ab108235cab698,68.9
83ee6d8c8198e3ecd30aa108a28d4b81,68.9
73b2b2fcb77f2cb1eef9f1f9789da60f,68.9
3639a536d60aa45e10e420b984b212b5,68.9
ce1e86a6d856ca200eec30b35ef6f1f6,68.9
74f05ad9229c0344117ebb0c89324d04,68.9
201fcad158325596d2f4d83cbeebbdb6,68.9
e5dd0085eaef3be8578a19a6e88c7e10,68.9
dc14b28f0cd12423fbc1c9b77592cd44,68.9
a2410764817b7c222e03169f7c531b08,68.9
fa91f82f3d5d8fe6814035b85c202bff,68.9
505daea6a4fe3f09365ec3d4fb3f2763,68.9
17ba50f54399b61694fbb138a3831d56,68.9
1d48a5dcde374b9d63b2c29e6af97cb8,68.9
3d3e09db2a444096ee052f4bbe7fcaed,68.9
19ba9772dcc033a1ed3d4504b4a55e00,68.9
e1f84ac160ef6931ca5a907ff08ca26a,68.9
d361e6336bba45c1977d8dc72783b309,68.9
9f3c672ec2744869d0ef91027968513d,68.9
aca322808adbbbd50666453fe255a427,68.9
4f0c2a0d40df22bbf75a773c7ea9344d,68.9
d5161150c2e2a177eb4d49c4e2ab7990,68.9
bfa4fb88e998929d9f6bfee1eed971b5,68.9
feb21f4291037a45288a6266d66a0096,68.9
ffa9c472f0c81705a4d83f9f6463a9bc,68.9
620a6ed652d20f54b917209d9626fd69,68.9
efe242eacffaae25b7148f5758be7d8a,68.9
60cdcc92955679b95bc3f9a23b2331e6,68.9
21809d6b8acb4ca628358610aea9435c,68.9
91c4f7387cabb1d7057590321645f0bf,68.9
eec2fe37691f5bd4f2a0e2a99c9a60b1,68.9
294f9b2dd014db206f3af9ecdc0dee53,68.9
2c8caa2f52a7abfe77e93f198a3af0e4,68.9
d1ee9c37ab67d1cd889dde3ac4000ada,68.9
ee1f9e745337f488f8ec432cdf8a19c3,68.9
11394c09fa2c70c4c2d64e368e227378,68.9
7db55470327638be17a6dd458740758a,68.9
bfc64cd21fc5fcbb2e2963a596e22c2f,68.9
724ba5bf1f7a5034fdaed4d802fdcc1f,68.9
fbc42f9ed93a277c32801fbf815fe9fd,68.9
145ab3eb2ae5caaed9ce924fd138cd48,68.9
dcc6dcbdb2b82cdda0fbf9be6d1f2ecc,68.9
e85df93b88aa497ab874a3afadc56bb0,68.9
6c40f8f586612364cbc49b3742bb1f6f,68.9
353dfebd323164d94436d351b73d8df0,68.9
513f69cbf70fa1089df98c833bbfd6bc,68.9
03d0ec2d85870812d23393eda7a45e8c,68.9
d876789fb19a51ded2bde79987b12bd5,68.9
9bd73a761be2687367ee5276e14254de,68.9
1635ed936c289f9729f2541bffbb6fd1,68.9
c2266a67e05d07690176c1635ca2799c,68.9
077d43174992dd5e7fb9d336890ab289,68.9
5319964bd13d9e450e93061daafc6841,68.9
9948a62ac22601e8e6bf9708ced72df9,68.9
e4bf116432cc20a97e01b9f6abfe6e98,68.9
172e5e3633eae88b85a15197f7e996d1,68.9
9c42f2aac913d97745a24f4dd00bf2f5,68.9
53d7bdb03c1054588851c0440946f5fa,68.9
6e1eb8154497fcc665361b32a29a3bf0,68.9
3ff7ca0cebc624cfec47b5c21747f40f,68.9
3b3a94e8869494140c9338cf3034a920,68.9
99c5debffbfedd7eff8c6a6999291633,68.9
483379396e748579bc1fe3426dddfdcf,68.9
47bc1dafb34cc8e3fad7b6c760d9a35b,68.9
ae963c6d662c927f2ab70320da286610,68.9
e77388513eea246317ea08bd3dd9062a,68.9
a9eff89343d9d04ca381e8a374cdbf10,68.9
36504a2ec1aff4fcf7e1c8232379758c,68.9
87f3a79f04a2f950a55ce228642e0377,68.9
bbac12062d60100203aacb2953aa787d,68.9
7703821c2658d5b334972740e5eb7c35,68.9
e0f8bbade1196eb02fdb6a80bc19525a,68.89
e44e2e5c3ad690e075b368557195abb7,68.89
4e4f1fcd380e01475aa0c276ccadcca4,68.89
38ba347fcc4bf43314af06e59f564d8b,68.88
d0de9a1f4f99b1ef24d62e647e0e2320,68.88
135ed82d00d601dd15e861f2bf1deb93,68.85
f0e0dbba81ddae5b144193ac233c2265,68.8
524fb99dd1c0c28f8b9b9d33f38c7b13,68.8
4fc4a9bfcab21c64c43f8475ff3a6e4b,68.8
349b3b4346e71035d7bff5fd4980f5de,68.8
c438a0213f0bda495570ba27007f31aa,68.8
acf8ca57c25914876742d5dfe72aa44c,68.8
a1be2e6e7eded43730e9b8abd863e039,68.8
7ac74a5d1a7e2ab6a4a419460eee6da8,68.8
aa29463de3a2b83553ee6fd9efd7ef74,68.8
5b222737a3a5874ff3162df1ee6ae5c2,68.8
0a7cdb607bacd00cb014013d91f5a218,68.8
9c3644078ac04eb62d98d3c2f6e51206,68.8
df461a5f8ea74267575c6b0ef94d14b3,68.8
ff8e18d5e03f468b0cae3a5da05ea3cb,68.75
ecbd0c721b58ea5081b6c65c0ef5d0eb,68.7
b7f1456bd16d1e3e4627323df78cba51,68.7
6733534023e802dfc498a9978c65f359,68.7
c892fd675db782773ba7aece9755b33c,68.7
a24e6f72471e9dbafcb292bc318f4859,68.7
cd81681e520d4adf01f08d9ddda810f5,68.7
8a95b8c735c90ebf4f9f491e1d394e9f,68.7
673b616061db61160a67e09d6a98a030,68.7
bf7e567000ddec85158d4f04da91fa1f,68.7
555c1dc901d3cae90a9d452d888865c5,68.65
556b07c9a05ab49aa2b4f74608c71324,68.65
9a4df08b3ba855822a7d5e8c8a4c4f9f,68.65
1b0f46261cefb21ad28e03c4e388113e,68.65
c25dde75cfd0b15217b50c96b57eb201,68.65
299165a60adc63a47e042f737aacf4b0,68.6
ab3f362c25285fc675fce6743239026b,68.6
95ce4fd44553a449b0e08d3d42567928,68.57
28f4edd235a1d069052e36b8e79ae217,68.55
ba64b72b127eb80d74296a6ab97dfe16,68.5
555d18cdb92307f6fc7046a3579bc675,68.5
f3ca1ff383d87b5307cbe34cc3a6ec44,68.5
de50f74e6eaf84cfbf83ee0c30ff3575,68.5
e9bf88abc30f70736f8bb18964c014bd,68.5
dce6f9a140fd4b1c5941da022a650535,68.5
edb027a75a1449115f6b43211ae02a24,68.5
2612be9fa1c54d759c1f40d7927d9bfb,68.5
32ac8996f8fc1a221e11fa48bd39fa18,68.5
8411ebc48b2b55c49a6db456bdf84f46,68.5
e7f8439921b9951bf47bf39a2273dbcb,68.5
d5027b523b1edcfe368b94008ba21bd9,68.5
eb136264e351f7e90ae306bdbbdbb44d,68.5
4e2edc825b43010a5ca8a1002dbf0e5b,68.5
030eae1d849c53479e79ecf5429ac4b0,68.5
bbe35ecb54adfb96b16d95c719c756c6,68.49
d47938597c090244539476d45ba3c238,68.45
64db84b65ce929e0a68373aece3e6acd,68.44
df8b21da119dfeea3fd6acc835648f83,68.4
0a743c09fa3a7d168c0577b14d7c8d93,68.4
d84e80f1f71dab90d84eb7f7d8a81a3a,68.4
ac86bf511e920e03c3f05e87919a5fe1,68.4
7431cbed33df1a0c6ced34eff1b18568,68.4
4804dca0b9d8976575b9a10021e3bfa7,68.34
7ea865da6505a5ead00679c077371742,68.34
5701ea1fb1188efea6f8a6795f4a9428,68.3
1a60a8db259932e22cdc14ac1cc25df0,68.3
913cbaee66a2777c7f7546c626ab7bd8,68.26
df56b790a5c58d941f96283941ad0c42,68.2
bb398e7f86eda7b67ee4116824be20fd,68.2
22d2f96012570b1359560021fe9a8ec1,68.0
e997d50cc8d98d1c7445f8e6e79c9852,68.0
fec2acbad6416c09b6760b294f6bcd48,68.0
82f2353693ff81e3fae421f5fad9784e,68.0
dc208550546c159c4776fb435c14b313,68.0
bb68c919b4fbf06dd84198eace96183f,68.0
041c340fc75b751faeefe3ef5fd81068,68.0
c7c339e6571b455cb8d45a28d75cbb60,68.0
b5fafd3b606b479ad14ecad6eeeade71,68.0
1782ac2961556dfb3fa7fd7bccedd049,68.0
2354f1f312d5a346962f9fe4aaad3a51,68.0
aee1e84981f91b83713ee0d428bc7e4c,68.0
0c6d158c02fecb2c22f93b1edb42846b,68.0
95b7f25b758ee66891d77a2ee4a1593a,68.0
547cffdadc2bf8d206dde24a492c82f4,68.0
76d15afa8f4f626324f6f05257f1a089,68.0
01a4d2902d92369350f7ea71bd0da273,68.0
74298ef9b98443b73f5a902a72918bf5,68.0
ea0bf08a86058c39996ba369b82e743c,68.0
b5c9e1ce40819057541d008d1427c03d,68.0
031de3e0ed7da3e56d64bc3099f70342,68.0
f2824bf9bc3ff1facfe05820f06fa436,68.0
1465ca27dd25f3ae240f81747fe93e22,68.0
43d5514759447766d2bd505eefad89d3,68.0
fe5f081eb56748482abe3a5f13f7fc43,68.0
4a2a3d27dfed43be53231f0f8f55aef5,68.0
686427538716525c9b1b699caa2bd8f7,68.0
60090c6dbcb67b1b20e123502c7ff9d8,68.0
c6b80a2b1b90507f8a4d42ec211ba949,68.0
238055ca3f7022d97d4ef190612c5205,68.0
8e90800b3aa14d1beee20df3a112f409,68.0
651f7c182ec669f3030da7fbdf316826,68.0
b8fddae33aa890b5257dcd48739337e8,68.0
4e8c561a05a9ce1de6804af430f3ea9d,68.0
de09bfdbd1d88152a4333a4b172bdc27,68.0
bdb6584072569eea15b292759bfee2b5,68.0
7ff9db4f2c30ad9517c3540905c3203f,68.0
f805a7663e3825629cf714aba2e60295,68.0
d96afed479ace565925e0b432901f8e0,68.0
0b1fc574ab47a7abfdeb3a4109301b03,68.0
080057201f39d382489e755ecfbda440,68.0
c6e463b36b4151c925d25041e83158dd,68.0
437227bc2c5bc4f8e8bbc516c9fb26c7,68.0
415b4b7ba1bcade56337ae58afac0b9c,68.0
6a435bcb05ce7f39854d7d2223eb3b0d,68.0
c1e494d6f24ef8ff4fef378b4faefd2e,68.0
24480ff9e0d599118c096bee61df96a4,68.0
98647ebe3068d5566c1c2cf026d72239,68.0
e9c1cfe35390c67f7f399f9a89c32714,68.0
af77f7950abbc218e7256a09728e3486,68.0
a5f4affe5051bdcfb83b5d94dd38fb07,68.0
b7aeb0ea3110edb266582312f6a00ce0,68.0
77c43b96370f1fc12c32a73629f20820,68.0
cf77e5af5f520eacce45789f54a49312,68.0
f0b07dbbb28c0b794c5f937e2a8c34ca,68.0
c5a94d20980806febe5ae3c0b653dde0,68.0
3a87bba540134fa5bd77266286ae8ec0,68.0
63fed2da86c0786cbc166968a5e6abbd,68.0
a59b6960d20e40918470c13e6cefcd7f,68.0
1c885028d31048a165666372df88a573,68.0
7a7893d13f178fdf58daeff7347e2d94,68.0
f70a083cb6ca2f2f807b9cda179486cf,68.0
9be83b1a15980ed71eadb4dff917fa29,68.0
76529cd7a527c09775b6f65b5ea1cb5f,68.0
f89dfd053604484eaa990ca4f8a0ece2,68.0
2c6fd44bdba4b67526a90031d54422ae,68.0
1d6d11fea42e7b1b454521e581e2adb7,68.0
0930e7c9d47ac4f9a8f80b42514ae049,68.0
2f5728468605ec87b90f06c50f3b62cf,68.0
a5b2145cb0a276784c2e3fb28cd1d565,68.0
0fddfe15afd87240227d687cc9f46b65,68.0
37eeab71386686bbc66ecf73feb97e88,68.0
6f5d85c34547e2f08bf91ff2f839e054,68.0
292681415e931a252f86297c5623c48b,68.0
ac3b63e95281ed75a7cb85169e64d506,68.0
22e705013ce57bb25af4ab3756fc899f,68.0
6775ba6a3e92020abc8e6cd6e19e867e,68.0
a46f748a19e1184d21a589f764a055e2,68.0
8502ce27e2ea63b7a6f45a3c00f82f76,68.0
e85a01b0c27d1161aa7d71c2afa5977f,68.0
e3f12c713d9d75a7c1fd80b19425880e,68.0
92b28c41e27f5ad13c88675d208d3d3a,68.0
283780488ad64b059d626bfe2f5539b5,68.0
7b8ba742814a479e4143a3e257545361,68.0
84016d3dcdcb41e1a831dc093b1a81c4,68.0
be0db8a12224c280772baf2ccb468e5e,68.0
2b94cee0db01f2f34aea7476d561c0a5,68.0
02b168b03c95daba8c837ac1d2f85670,68.0
f6ad977a249563a1b6f614caa83909dc,68.0
a8aed72e00a7cb48962499e15acccfc9,68.0
4aa97f509896f79aa3ca9dd294f02990,68.0
86f46c9af2a6a440c770e5392da09f60,68.0
99894d64cc603d4288c12feeea4cd198,68.0
811c8afc0c386eaaa5e62ef0735a02d2,68.0
1cf6fb70aa02759385f6fef187bdf21c,68.0
82ed43c22a65281176fbe534931ecca2,68.0
a09ea792622cb7d5b7b82010333d8324,68.0
1a108ff7d680891dcbcb0558fb6caaaa,68.0
83ef98a5935852a0285d4a1672d81ee1,67.99
16b5fd683d2eaa014db25dce0960a3a0,67.99
8d9f573b6c97fd9d7402003cfe3124f2,67.99
a816185b2218c41340f7ef0ac436daee,67.99
00c5b008c1465e327578fdacf185ccfa,67.99
8f6e7eb5a460dfe639b9d30c1105df8f,67.99
89afdab8a63d03ceb3c40cf168755471,67.99
6e66ed606f69f10dd38a658e1bdde435,67.99
a9104f08d9c9512fe781cd8dd337f7ae,67.99
fcbf0840033abe9ce35f68d9f2861e4a,67.99
c2965054d8e754a1265437c9b79bea95,67.99
71965cfc8145edd3013b1890b72469e5,67.99
6ed04295dca042b17dc984a992352343,67.99
895ebf13f70811385a4922e54c182404,67.99
79e482fbb9811d4ba4eb9249661c0194,67.99
c6178bc9698c804aa6325efaabfd1b79,67.99
09dd621bd52c70a32eb2e306ef235b9a,67.99
758bbbd183263ddb54951ac5230b9aee,67.99
f915ababf4710468c93ec2c9a3f64431,67.99
554ce400f275abc5439b06a3ba67a0ab,67.99
be4aec95b20b1ee985e4fbcbbe928e87,67.99
948b29e24216a05fea13a18d8db45ea5,67.99
1dd6365590f7404135bd554c7ae0d5e9,67.99
582f764885a50acc20fafaf5f1f6a266,67.99
a0bc70c23b1158a462bfc9415ae8b130,67.99
49e05f2af69a82336288d752bbb9cd4f,67.99
8cbce72a04e9eaafcd9d4a0363356a36,67.99
fcaf0d103e34562e5d96b2708adb9a06,67.99
7cd47685658818a4cfa399c538af664a,67.99
298c879e4fc0844be75e87e613246470,67.99
fd88fc5e3ee90a57041c46b74c5c9dbf,67.99
acad30e4ebb94a53408cd3796bb56a97,67.99
af1d8655ed6152d15b718ceb2f7c397c,67.99
842d12d786d651f7b93223525fd5d483,67.99
51a7b3b78432b359289f8a40fdb04e97,67.99
2eb17db1dd21795d769b6c17ff59f470,67.99
6a6c7092d00c7aa351fc18cdb5a8e544,67.99
37e066fcd483b5b73efc8eb2166c91e2,67.99
462c4dacc0634811647e5ca3b058796b,67.99
b728285f0366b207acce12b492851e97,67.99
da707ccf42e6af809fa782792fefd72e,67.99
ce370a613e3d71368630c7d23641b2b6,67.99
3ade1bb252ff5a9ac28b1f8738ec01b2,67.98
fd0cce75d1fde9e5c4a2fc87380efca2,67.98
c3c857cd0a9d80003b1591bb31a49d30,67.98
29c938e10e5b108f3141464ff1bab857,67.98
365d8633820f3d1ba6f2aa3628f623a1,67.98
df7b17258e06ca8120bc29b54ec38cb2,67.97
d9b20c419765754169295dc0aed6da34,67.97
eb54825a36f59c2693676f375c2426d8,67.91
8ad2cd280907b0111796b6218d3fe67c,67.91
6611c5d0c9f5630415f2f79a057d4044,67.91
315218f1c9ab6d8def6f51aec63eb190,67.91
4bfed7ec90de2a498c6aaaf4ce5e4518,67.91
6d68129f050598becc89de9b781c298c,67.9
338389b4ce5ff565c680373d416b9a5e,67.9
6ce5f54807e3a5677425dcb53f151734,67.9
f09e467898a1ce7d11004949dd8cea8d,67.9
a2f16bafcd14b94804e21b4aca5de7f3,67.9
5dabf0a2fac79c094e4a4e600250c386,67.9
d911a2fb88a320f9a86188bd9c6bd47f,67.9
8713663b0e741841fa3110a6eea7335b,67.9
f2c83fb1cadcf99797f5c2874a91cb98,67.9
cce8a7da61bf170e0e1780b28b1e3ac6,67.9
0d5660c49c6a1e6a28a444b65c6bd2bd,67.9
d566b2a7d9a57d0a5b512388c7fc200d,67.9
2fb9224c9386826e935b5c2e99f78265,67.9
6c1328442e757a6422a29dd991f6e73a,67.9
0353a6805a33d54bc0910b25653e9981,67.9
d77f71e5d47568ebb672b13aacbfe606,67.9
521845e4dfaa5fa0f913a3baccb38d61,67.9
b8c5e65ce798bc0c841638ea0960093b,67.9
57d884a578f195e27822a2848d78c41a,67.9
e241023b29074811fa57bab971ed051b,67.9
bd578b82a00259e0967261b85a0d3f7c,67.9
40905525660d729391fc706263a8ed34,67.9
6db7d2433a64ccb8a2258d3282007b7a,67.9
824f3575a98b7382fdaf20c8a67737ab,67.9
a3a2eb818ccf5d4f72646d2d952bdc11,67.9
abb3c38326d02b67b1912e2d7a87d735,67.9
2a6f62824b20538999dc2687bc4c7bfe,67.9
c56032bb1f28ae631c26e3c83a1d80a7,67.9
6dfeb5786ef57a96c2bdefd5d2821f23,67.9
018b4fd25720e7fb0de00600f3aa0947,67.9
db65a636fcd05b218b138dc46a2cbb4e,67.9
a44066ff32f585bbd59d17e7d6433d92,67.9
ac23640ef05c70108abe56d93e23f260,67.9
8edfa29a17af5fe117f174c9d8995526,67.9
f329a4df695075c1440cd21aa2fe7bbc,67.9
a0dfdd6ee456f770e2055649347bab2a,67.9
9a667cf2c1f4d414eb5f05d55c22318f,67.9
c1b3478907a0889328e147a2a3d7ccfd,67.9
16e14c1e6e050fe6730c961ff638ca23,67.9
363f45d247581bb541f4a0dcb00f5854,67.9
6363048658a384cad9f33456e5c5def0,67.9
6001d6a937026758eac868ce5ed16148,67.9
690ba4d5f5c3850bc7377fe13e6f353f,67.9
490bdfaadbbec3b4bed71410e2adbb15,67.9
16d9b76f2e917b32da9489cf45521d34,67.9
3c78c7ae591f945581736c6dcc704170,67.9
a7d28b727cf279bd88cb9f9f35dc65b8,67.9
2847f7207c882cff92388c582150ae86,67.9
502e94558c9d7f3bea3a605dc652cfa1,67.9
39a7c80a979c7dd2a212d30f216d9a87,67.9
56c92a5f90b752d7a863d762a08bb3a3,67.9
348a00565d40dfb3a6a6a2cb59159131,67.9
eac0451aadf8de2d28430f4184f01ec3,67.9
88c7e37182ea710c3b8a2163d5402768,67.9
91dbee61cb4484fa7121b6101155933a,67.9
f501c6a2d17e3db17c26f8728988616b,67.9
fbbdec535f37e396e4495ff3b139ad3e,67.9
d2ba1482a253bd684cf7343871db748b,67.9
94dbe30a67add6d56beac4754e7bb500,67.9
b94096f3455e82c42363fd85e86fe649,67.9
46d2e019708c24dcdd7876d13010570b,67.9
ca348a7bf8d71416697853c088e3963e,67.9
6bbc9cd236c6f405b18a5245b1a6b636,67.9
bc76c33e5eeaec955b0b3e70e77836f5,67.9
8df816d91d225a9a6ab57c030278eb80,67.9
e52e2ce3e57c0a3653e6ff2bb04eae2c,67.9
1de528add3801283e26459cf6005e3d0,67.9
160454c8526f965c5fa679be50364c4d,67.9
13a9f022db58ebf4d7dc4ba0c43824f0,67.9
0dc2889ec2c15104bb10a9e8cd0dcb10,67.9
582bde47354c490991f601d223d34537,67.9
6a401be5e3262fd8cd7a569c6dcc345b,67.9
7e80aacb72987a64dfb549d34b43802d,67.9
360c6d74bfa06f876676a09b73bdc9d8,67.9
0bcccd8f84ebe2f7721e760628fa5b42,67.9
75cb57f66aa32d17ab44343e8a3ff7e6,67.9
01a2c54f25845c02bff35dbbb7d32c77,67.9
58be67590e18c3d1e7d611dc65eda107,67.9
e57e8bbdaba99bfbf694f9287746bb52,67.9
3e4e3a8af8ec36881f2c1e8f10d4cdd3,67.9
35c96160ee1db65f1cbf4fbcb6f38826,67.9
61954273c451808b32e15fb11dbf9116,67.9
9ab4fdf8717c25a2b9598c76eb57c9fe,67.9
ae4b97db0f9940348a45b614a925fb3c,67.9
1475f4faed88140845d11c61adb65a0e,67.9
aabcb5f2939ca0a740c18b8a2cb918e9,67.9
267155aade3f34620d2f244df28a04e4,67.9
944c02de4a75662a406065ee973c21b2,67.9
f4876daba766288ed5f2dfa645524162,67.9
654f1f0c2cfec3d5c8c2da4b83db018f,67.9
801c36afa9f92d28f87c2ef78df18219,67.9
f40a4445ae3490e8b77a88ee04ba7c05,67.9
5c7d83fc8f4fb37ef3efb3e08b693137,67.9
6f2da93c70443d0dc6c0a0f7d24b2aa3,67.9
9affa06fd4ae5b70c4d18dc57affa932,67.9
a89cadca9c9e913ed236af9991cfd22d,67.9
cb6525bca47a6a80d18977a78508cdb8,67.9
cc0b5421d4eee8e67ccdb7cf2c68e44d,67.89
9466463926deb31a27a228bf57ed8889,67.88
c838dbe3c48132e437910dcbae9328eb,67.88
d182581ad52cde827ab2ae703e773452,67.88
e4533e66897653612225400895e0fa39,67.87
226fdf6be465be5bad603b4e1e9e8dbb,67.8
1800cad11696eecff09ecb1f40a1267f,67.8
97d14673ff6d319aa5548768e577ce0b,67.8
f553cd4d51e2905d9868e5d6318e09b6,67.8
74b865cc72a895105db6ca881627a6d2,67.8
aefd6355ebd6b31a28fe1613ce45ddb0,67.8
fda46ced682d0ada68b040066545388f,67.8
c4d3d5473a9cc20d7acdf866c7cbc1a3,67.8
cfec05b8c098a72ba2db50395843abdb,67.8
29faae90992b74d512970ce668410f81,67.8
19d68ae708011bd7093b906ea527b481,67.8
ee9b7348f37ce26dd44aaf8239230873,67.77
0acec272a98f593837867858c336bc2c,67.77
2dc39daf68faf88ac4409c3e55ed9a91,67.72
78e21576614d5285cbd63410d6c0efaa,67.7
ad9b81cad36cbef93c59cad18606eb37,67.7
2adc5a6e729b462802e8443f719d9255,67.7
248a02852ca9e93f364a79a8afedaca1,67.7
2baf7b990d434514d27a86ea5bca2864,67.7
879a6af489cc8b6017e5f920d4dc3194,67.7
158de880d7c84180a3422c406a1acb9b,67.7
a7961e607552d0cebcc486ef283b4c47,67.7
18743a6eeaa18eea441a526f714e022f,67.7
cb67d30fd05843c145ebfa22c1bfe3fe,67.7
6dbbc0decd3468500c3faf6dccff6fd4,67.7
e05b51168926e074739802b2f835b851,67.6
0eeab95cbdfcad21ed5cc7c014451a66,67.6
39c1a7d9f3e2bd45e1b0ca9ce33cfb8e,67.6
6c8a03b35eb1de3c0012232b0ff0522d,67.6
bf3e89026bdbffc8d7ad1b90aff8fed9,67.6
c40245531b595157896dd2e43891b6a3,67.6
8cbd99799d58ad57c97785f982b20a96,67.6
0641f390b82e408dd226cd5e98327258,67.6
06ec7aed3161859018db02f695b6600d,67.6
55fc41c933a49c9b66194cc39a0e57a8,67.6
e9987c23dd2a5898f664c89329981d77,67.5
ddc77abd22e933d59b40e2607bef670a,67.5
6c28b3982a6565bc59851e176bce6298,67.5
6b83a587d5729ff8db4a0c007024d1aa,67.5
b8625aa8f28a89a33efe989f14d9fe29,67.5
8c5ca191f8acbb3969aa8270d0d041fe,67.5
acda596e71f174ace07dc4901cdd07dc,67.5
f771d9c0bb8328bbe1a7492c7efc0654,67.5
794e9df7154683f0861c93019aafb6af,67.5
67546a73c9ca51d064c316a7fb0c7c05,67.49
a1ec7a32bc3bab200e6d9860303b4ff3,67.49
f23784c27d0cc3a0067680936968951a,67.42
d5d4eb0fced5d94d33a7b5ad795f16c4,67.33
2b832cd4b84a4df8934118d2d0c3dabc,67.2
ff3cc011a4b83b12d3907af66e56f70d,67.2
1d61cc31551519c757aacc3c90629167,67.15
e40ac6d2d8a71ed4d27468d5564b7a92,67.14
aee92425a62e153c1e6d022715674da9,67.12
f09059dcc33155a08832382b5668cbe7,67.12
4ad64ec5df1250c507ae691e159c69aa,67.1
06ba6a60751f29132f330decc3450c3b,67.1
7899fbccf8693b0b8eb6bf29ea1fa6c8,67.1
82c1b2573eb18c62999ae22f2b5aa95d,67.06
76bd340b071ad08aa83e7b9c25451128,67.0
67eb6db86fe08a741a5b671247b01d45,67.0
a7da632ce5f962abe073f312f5a1b390,67.0
ce2364608961bab62ec9fdb15166df40,67.0
a0c76001a113f542536f1f6754adcb4d,67.0
d6b1cad208edf495d5ef09d969eeb5ee,67.0
cc23cd338da72be343b0c6dcad5ebc91,67.0
0226546cc4bbdda9dea563ff7138700e,67.0
e9acacb9397a20c8b1a9549d7f45d3d1,67.0
f830ce2a3a0adc99b5887153b8edbdee,67.0
4b8bffa8c2d5fb599fac128155e3bb3a,67.0
e49ffed12a438e0526f7d7f575649066,67.0
1162e7dc369b967089d15a728f133289,67.0
3db50d8c368d2073ee54b4f3aec24564,67.0
b9db77bb63a6928a2e841906b64bb2c6,67.0
8a1218a76be2cca9f86e2a9618f61af4,67.0
66bfee5a94e8fe83382dc2778767e543,67.0
f4042a82b25cc987d5f56c4828af5d10,67.0
7e5fade430af7a65ea25a95202d97b86,67.0
3309389d570651c38b9de3c4df4e667c,67.0
7106e4be1d24f336fcfabff97f4f54b5,67.0
71f26a95b92285223eb7663ebc8ac5ab,67.0
a930db442620eab13cf505320a075e5a,67.0
40c1c898520b6b2339eb9aa48a3f5485,67.0
836affa20111b7c25d6b51e6b8b9652a,67.0
fdcabf61d131aed008b2c4e33db30b70,67.0
4e8353ef6600cd4caf1999491c8a5910,67.0
efab7a8022b17f28b622e1895c2adc65,67.0
a927ff01b2ce8eda3341ba16a1e80068,67.0
c94b403e969aa3b0b9d09982a91d1b78,67.0
1a90988c0f84b38f929c3700bfc2b122,67.0
609a3f92da35fa9daaeb4f5380d38b37,67.0
c8c2748acf09a4d9bde389cc2d54fa05,67.0
b15ad935720cf5d5738638c5e7d852f3,67.0
cb97954d835d52a03489a8ac745ca046,67.0
46fc1f33e4e97ab4be79119b48a4e910,67.0
6a8289e43fd31255e604052ba33c6d73,67.0
15d7dbcd027b5b24866db33e2b819021,67.0
88f54f749130b677c32fa277b2ea5509,67.0
f841ff6d8a0fc9f81895b8a4c82fc779,67.0
b0a64704e1ca864517f928c1bb099c17,67.0
f71e45be96467de0a803e7c24ac235dd,67.0
be9c2bbc3f4b220a693327fba72265d0,67.0
d64ab4a58288b4cd401aa9e1e9cd78e6,67.0
8ff6d9dfb88a4455c0f8593174b1f40b,67.0
acea0f3313c150db4e2bde9d03b5f2ab,67.0
27593c5ec4d2cce244cec53c38e7a742,67.0
0f839c22264d2e9fb3d4b6a650daf524,67.0
41f52ac8513e661ac4ce7f51f5748356,67.0
046b12442afd04050724f9e956abe30c,67.0
2fe26fbd416acc13822475ab38f1a4f6,66.99
0078867a1043bd408c6134cf5ca1bbf5,66.99
3d74f485dc8132ea8f838e7663e3b3b9,66.99
c99b00c3b4053a8a6159264ad625dea6,66.99
46bd97dc0dc3f7855d08dedf83367c76,66.99
f43e2faac72ec3438198e51325ab362c,66.99
77311c5e39497bf57a622362656e3c2c,66.99
254b6258dbb5c1bed97da6d8cc3a3327,66.99
572e91607e3ec9c563b322b8e5c9dfcc,66.99
924ab9b5c64efe4a4c8bc973300e3a79,66.99
b62a9e59aa5fc73c53a68c1325121327,66.99
77151da438a727054ce6430fd175793a,66.99
07639b3edaab833c39efd14a1a950199,66.99
6fa1cb97a275aa7fd38efa07f67cde71,66.99
379c4e1106a6441fbd8d283f0cd4a645,66.99
dca93b2c63e43e2d5893ff9cf43c7145,66.99
3d8cfa48830149a95028f6dc880e13eb,66.99
22100c44bf99fc93e056ab80ea1cccbe,66.99
d383ffa554accda33e87d9d5df2d7bd7,66.99
b8cdbd2d79fb877b224b27ff548c297d,66.99
ad6891a1937cb8723a2c08ba1ae59873,66.99
dc993ef2360509ca5a8fd7c78b2441d6,66.99
a28ec6d2b92247d9516707137470bc20,66.99
6d1637fdd19ffcde57f5e3f3eb6f79f4,66.99
44624c889935b95b1b070efaa459de42,66.99
5694f481bcf5a3d6c1dedda7915d00c7,66.99
a05f2d3e857bcfada74c1156e873049d,66.99
0a47c5efd6d0836c1b1532cb4b78cda7,66.99
ba6e9de72c03f1cb435f17b0c029b7ed,66.99
7aefa0c15552ee42410371aa80e29154,66.99
6fe4f4c2c6976ee660a72d5f5202e417,66.99
7dba4217ec92d64903e5c6df3d01b7d5,66.99
6c9d5406be0d00b55c698e4f5f59c42b,66.99
3499bb8409c2d9e2a4aca403d60d4a15,66.99
59e4d7310198da197337571749b47ff2,66.99
957d0f71c1ae9335c366d1db03ecf188,66.99
c0cb6b8c742078d7b460aed98410b598,66.99
bc781ab7ea64681deb7a011ec776bb0e,66.99
320e3795378beb3d181653a098b47996,66.99
2239c6f47e4f74e36b5b27f566b35034,66.99
ab5925f86dedb8bf8ee88416ce4004d5,66.99
64df3de02072f60c9f69e37c4f046e46,66.99
6b4181b03448813620a39cf169871ab4,66.99
aa2ec7384c816e5766350628002e4f43,66.99
75b9ed89cf797cb01942d3d6dac94a48,66.99
334d6fb8094ff301e5002617bb3f4a5f,66.99
5616f00a12a329c0e5f949253836cc6e,66.99
8c66482ec333eae596c93a9131981a9a,66.99
f962bd6ee98fa707c3e2eb532bab37b0,66.99
f6dce365f6e370de8ef3200de9c2ab99,66.99
3da427671c767daf1646c5eea69acfcd,66.99
728adceb3068b4b17a6f8a3bc9adf966,66.99
97558121050ad51b5f8467919840fd7b,66.99
1e03a2aa5714007700c8e727849cf123,66.99
b5d4f7c5d54ab659063d17e5637408b8,66.99
ccd29dc7fdb34938b17b1edb309f4144,66.99
7ec37a1c010f3a98dcc388f0f0565776,66.99
1394555afd47c35cbefca738972e3d6e,66.99
9846d92ecb9e40d9101d84edaec0508f,66.99
ba1bcabcf79c8686e6032d9aa9d573a0,66.99
974cd55c75131d2735f64c848baa392d,66.99
bcda63215770504537bdb7ae298568f6,66.99
5bf143555767db1b0db20d44a043c76d,66.99
7332ab77b4f9e949485c129a42149b9e,66.99
3d455fb7aa499fd0cea2a2306b4c43ad,66.99
ff319a4ce17236c6a104237b7970f479,66.99
c5ea7eaffd9007a6eb4f4ec61f705def,66.99
35e42ff7aa123e24e46282f1ad57e517,66.99
759402811612c3837b9e688e4ddc26bf,66.99
ceb94172349be61a2d4b0c19d59c8bfb,66.99
1733bd74b2d3aee8edc1ace540ac52ba,66.99
ab3f65f2a61ccb5569a2af3c163330ec,66.99
f90c709a935c79bd0451739c56511ff3,66.99
9c064232e8a5e06b45078b72132898f7,66.99
a4630be1b30135bc9a0f6059f1f7a0c8,66.99
d4016388ffade93a5b1fbcd19803e107,66.99
0f503abd280f64bea652ba842728b30f,66.99
7b87f9d9260375df2715f4891755159d,66.99
d56fc85fbbd22594447cb37f68c02e95,66.99
46e69377adf8857c9ce9c568ba073b06,66.99
b49b8fc199c7b5e7f87655ef2d542874,66.99
13535c35f58cebeb37b5733f30225dcb,66.99
7bd0b0240bb390c4fac14bf2802cbd69,66.99
55e87651358d96661db34c9ad0082e7a,66.99
84088fe0fbc0f0e62e3ed152ea13885a,66.99
036a059499bb4fda443ab493f192ebe1,66.99
d8dc54bcf643ac8d462307f0260dce98,66.99
e754b01fc92cea994bc9fc72908b4afe,66.99
1b97c2f2eebe3e5c80a2a7a07bb6749a,66.99
e97d66d68be1c0c578ac4697e6cc788e,66.99
bb90f8e1cc3d574742b5ece8076459dd,66.99
6e678649ada509de058c5621d9778259,66.99
604cdd5917fc17427bdb04712335927a,66.99
94c90dd6345dc271e7b76b634f03cab6,66.99
b001541b13d3ee5c51092d7565cf0fca,66.99
7d9b47e1d596469583d9a81a309406cb,66.98
8b0580d9ad3e3937ab50e7b68787e1a4,66.98
0d7da1d5507a67dbb512b53744e775e9,66.98
9d1d52bebfd0301df6fe080e8a4a681b,66.98
9250517f30bcca8bbc5c037376dc0be2,66.96
5c7d20318e95d49c7477c3dc15cd8b23,66.9
7096909336d32cce878923632d3d4208,66.9
86839fd785a7f76763768b5ff37c2c99,66.9
eeeebde1ad8ac2ca6903d3cdeca82138,66.9
d7eddcfab75659e77f4423338b2b04df,66.9
9cf59d7ac388b59fe805de855de08c69,66.9
d91f21efc9d69e77a846388e27c86cc4,66.9
bbec89f3ce9883659829232500271d87,66.9
596201f6091e62ac70da64aad9d0ba58,66.9
3d2e39c72cf25e7fa6d6eebbdaad2a20,66.9
5c1f704b7692629f2e6ab705487f17cc,66.9
b49a69f03177262085b365effec177a9,66.9
d43e9219fb6746cf271e4be039f75ca0,66.9
e65635fcd41c888f45a237efca197c20,66.9
6cd80ca371f4be9a7bd93aefcf6dfcb7,66.9
c92151364b3cd5e56e211b390cec952b,66.9
e4c5917984666dcd1fac843b5938b6a3,66.9
61d3ef4b7ba001ec1b14d21c3699bba2,66.9
ee32944bc9002e21a1e00e852d34b2d4,66.9
d318ba1e45a1572fd96f36a09afcd6e6,66.9
9ca3c3cb222efba635805f6fefc8961e,66.9
7db5588210cbd4f7467cddfd99cca18b,66.9
a96bbd5a034a4d3432fe8ea79dcc29e3,66.9
33bb176ec7ddc12556932a616a98f9d7,66.9
322a4545615d86184e5fc82a9f03486c,66.9
64403449ad39bc259393a53633275196,66.9
7a06b74ea00884ea9b93c22109473199,66.9
c1c4cfd2b0bb3a80402b5daa79cec6cf,66.9
7f237995907385fce112294e9dbf469d,66.9
4434bdcccd4c540f8d525f693f78b43e,66.9
50fa790025bcefae879b3c497abf5f33,66.9
554fd6766127eeaccbca99b45656212b,66.9
a8982ac9d6737eaadd0c9fc308225678,66.9
644b4d8b650172b6275f565595f2adec,66.9
02dc555ff9dbfd338f0206448408c8cf,66.9
1c3515cb387a43da4c50cc8e76b90af0,66.9
89d71eb3d9f960b4d318bb458bf88d92,66.9
cce0ba687bf831df6a61c35720377ea6,66.9
e8f66ba37c741a51f2b840dab001bcef,66.9
3f1ec723909aee2fdf8c1cc065479fb3,66.9
a07e4cfe748353daf4ae34b4b3c609b4,66.9
e01dd706e00cef25a6be635737bee134,66.9
1fff9fa3ca7fc56d7d4fda9b23cd7d14,66.9
30066327c824070883a9f955c6370033,66.9
4c734d9ccc49f0068cb5c75b3e88739d,66.9
7e513111ace41e153422909d22223677,66.9
d73fb9456214facdcf1a9e14d7667e18,66.9
52b41d616aa4bb01162a54828e5dd8fe,66.9
df19927e6e168f3638e5b9a638af7462,66.9
687a935172033fd0c5fa350e5cfe1458,66.9
2bb7eec7d3d3a6114fea4fd5b721a05c,66.9
20c0988ea537553f6369b9602f985c36,66.9
666f323842b26742d638cea5e5599584,66.9
90684e8e76e2b689d36e74bdaacd6ba8,66.89
4d65fbe8c330d7b0f616d38fb9e46efe,66.89
13a094bf5c41e311945e058c7a2d8ef8,66.89
08ea352a9be2e6189b99ed79cdd73c81,66.89
c445359b5a2478c8b99696562ad4a2fd,66.89
bf1d489aa73d4683734a785784d1166f,66.89
78e0bd1572a022c1bd703a141a5257c5,66.89
06021ac4f1fd77a98585c3b7eefbb379,66.89
7da87052aa6724fa500e8c22e3f9aa00,66.89
d0bc151429c007762fd5c7dbf12e8a3d,66.89
5d9ffaa41b4cbbe75aaa44cf0d5a8770,66.89
77a0b2c7a3ad71cf37e7e006c8cf2d24,66.89
b2d2fd3ac9b224c1c5e6f1811c44d3e8,66.87
bc1de87b881c8cb6d4a1e8119b0e27b5,66.82
70c5b1b9829515c9575141eca21003b1,66.8
a0c82d6b1c8f5afa2744d37b9bab1082,66.8
74a3a97a002838ad5a227aba4f90ca78,66.76
157c616c2111806bcef7d9a22b17a4c5,66.76
8742c70885328dfa0b4822b2e7420aa2,66.74
0280ead6134bfe639866306f1f0258ab,66.71
bf532369897b190d91ddb2cea7491a54,66.7
05e237154feb13bc6ef4bb9906d36b5a,66.7
c3b04ecafd51f2397be52af9ec00e07b,66.7
763ca26456f2d026162a638e3593b1a7,66.67
e948953cbdd0ebdf270937ab3d5c1a5a,66.64
19f22bf278ae27a092f597a7506c11c1,66.6
1fb576ee9524811fa8c09e5c9b6c39ce,66.55
3324c0488c6c1aa261c51589a05762f3,66.55
b6e2d2a4ace19ed16fa851d6c9677487,66.55
e8efbd6f49cf9ead02dcb759c6c07e6b,66.55
cb2559f845c75418909740bd35463398,66.55
15833df384f0772466d927adc9e68d79,66.55
7ae2c19d2a758e510d43a9ba38abf6d3,66.5
b7bc51bbad15f6c8242cb08a9dceeb15,66.5
c81365d11511bb57b8fe9a8d3fab8883,66.5
0154fa29866c388925f1cb6a76f41368,66.5
d4b49904ad9b69fcdff1dd8dff926eed,66.5
04c5ce6a399abdcceb5f253e4b090516,66.5
bf1642bd31cb9d9bf2c1902832a53bd2,66.5
c79a8458c63c18d441ea3a4430211eb1,66.49
5ec10d184bc6be701e8cb6d6036f2e88,66.49
2fd8e9102db7b1f8fb07e7ab3b742900,66.41
471677705f50f979685879970f0d56b4,66.41
431398d6d3848951226cf1307fc6f411,66.39
0c47a5834e30cc2dc4302426ddffb136,66.39
b2312965725658a954631841b3061a68,66.39
3b9388d1014c8090f77595c5e9f2ce94,66.39
46742eaea64c916d632b97c24f6b8da2,66.39
46930ec4a8599d1436787e37f36161d9,66.39
616b91d43810a9097e1ab529e809b950,66.3
58595df42c583d2c6ab07d1819e4091d,66.3
69294d8ca2e350d2295610b59a5294c7,66.3
8be8e4ee7186b2a8a787a41244afe1e0,66.3
6385c6427526bce07ccbc4e236ecf817,66.3
34e961b4e51f96d51c1f907ad95c2525,66.3
b1925af54f5dbae53bb849ba9fcd1507,66.29
2dbd4a021efca34f591c4bee3a821161,66.29
12be4a33e498e84ceaaceceb1590df29,66.29
82df80d0b10227cfb73163fe5c9a30f5,66.2
d54b0b684c24cdf188fdc62cf59df0a7,66.1
34b85936523200df09ab375fb82175aa,66.02
8e58115615a104ce0284d62c47274505,66.0
b62b6b8762d3be392c8a2d6acbd3c881,66.0
8d08191922d74867056720732d38fdf6,66.0
ef0d13d0138b37bcdc82c6b70c9ce3c9,66.0
554821b02a376daf0dbc6a9468c6405c,66.0
b24995c172c3ba6760ae339c7aa8b94b,66.0
86e4a908b85e47a6297573035876edca,66.0
efbad0e343e190019792deb0edcd832c,66.0
baa9fd7c59cbbfb067439f4ecd72e848,66.0
f0fabede5d24a0b694cf9d8ba4627ec0,66.0
5eed54f1f404f00ff0d44be6b120dd48,66.0
482106fe3dfb5d9b889c62e60e51273f,66.0
de00c2f2f474d7fbf7368950077551f3,66.0
2b2fbb0f127d012d0b0069948db27c1e,66.0
fbf0b1fac5581465ef392b8d58cd8f7f,66.0
a6f7bd1b52173341090682e0bfd1340c,66.0
dd585d9fb2f44732e62002adcfbe7b0b,66.0
4c914527d97677f2bfd1c65421adde6f,66.0
852947b57caab58c544343592f5e06d2,66.0
c2b33cff8fe4c4d8eb300547e5e5208e,66.0
ff48f1a9014cdfc6f9cbfc1d0ac2b525,66.0
e62a03d00892173f46bb99a1da0f86f3,66.0
9fc7da8f77c67c57ff89b8a10596474b,66.0
3801634a8ed2f87c34df1cbe93378b6f,66.0
b90fcfb897661ef402b2c3e359d9c395,66.0
60dcc6a84668c20c82cfa6a7ebfb3331,66.0
bf4f764d039ad2c41e7f94962cfc022e,66.0
6c2b01b370aca085e18fb9d77d56cd31,66.0
10ec87ab9019663333956437e0a35aaf,66.0
3db7d750dec6af04aa58c535060dc154,66.0
19a570d8cc2b68d16de1d983542cf5c4,66.0
781fc3c9b34441add54ca7b29ba3e52c,66.0
d713fd34d0c5b31a9183e06bb38e73f0,66.0
579056d8cda272e9fd672c58f3fd08a6,66.0
0dec7b13d0c9ea6f20d475024b1f7184,66.0
fad05c6edc4b2f7ec246318da04cfd72,66.0
364b5d0bd02e707f4b99a50ef4493acf,66.0
6748df8bad97104336f314fed57ce74e,66.0
d327143ecb01da9e729c822d3152f285,66.0
1c80b2055d01d3abf9a94ff2d676925c,66.0
816aa111712a2cf1be607a062914e6ec,65.99
bb38fa2b8f923c9cc4b74761b4819974,65.99
51c7b23efae2b1f3a2b9fb6a2444d8a5,65.99
04d77dc98bdc43b4520b57d074c8245e,65.99
ef966e935e4bb6030809dfb1de9e9a97,65.99
91633ac94a5ddebb20906d16ba6a53d7,65.99
2d0eb4225831ecebc89c64829e35c31d,65.99
5a1e0215018d048d9bb4878df261dcff,65.99
66fcf4c049ee4116d1701ab0d985f7ce,65.99
daeeb8e1536e1934cbdb68a76cc3d788,65.99
e0a598d0d874ed0fff20c7e71dbb26f9,65.99
eaa1126189a8602421bc4c206273ff41,65.99
e640eb5ba79e2f38f8cf36c6efac0edf,65.99
21d0c2f015aa6080f1807950bd2c099f,65.99
82e7f0a303085c904489cf8f1f12e90f,65.99
7cdd54eb1841f58ded0defbadb8820f6,65.99
5ff42319ecd54104278a50b3105b07c1,65.99
e194b91a5dac87c84cc54a7ed3fdad7a,65.99
2aa37ca4ed109704638f8e79917460c1,65.99
ac6658acc9dcfe36bd3965a83e957861,65.99
178f8ca901c81eff6f297dd333bb7974,65.99
6cf57791f71aa8069fa4aee6c48d9d8d,65.99
c13a85355f07a130c447f7f1085a81bf,65.99
cc820378160407e71c86b3ebbc4ff91a,65.99
b2321b9448e5b22e0c6c79a4f80ea0f9,65.99
ee46c93e6151b7c853a1fd784065695f,65.99
d4f08d8a7ec0d29c5dabb5b4302a97d1,65.99
08f70611f271f98cf3f7d7b15f257a9e,65.99
7b078f45ddc9d732593d82b727733a56,65.99
d020628b224f6a7738f735fa3f648cfa,65.99
784c48fe06146504e45dbeb7601142ac,65.99
2b94310434fdcb88c6d1259cde11d657,65.99
15f206410c0905662708a12162a2f52e,65.99
4cb050250b34dd44139b172407f60739,65.99
a1a0692a3acbcfe9ec59eb2510936414,65.99
8fda236ddf9b0bff33481c8eb86dc32f,65.99
e4cc1e7dfd86a43889911abfe12481e8,65.99
cf54bb2b4462fd41cd545faf74a59ca5,65.99
084dab2db2bf5d42677b135e633a15ba,65.99
9503b854a580d4abd3fc1945c8018de7,65.99
3009498a7a49a1b61477ddf69ce3229b,65.99
106dc4cd0c6de742ecbe154db2be1ae4,65.99
eb051f57608807c376e494d2ea16beac,65.99
9359ed9ad95b01396011363481205e46,65.99
832a01736d438b4fec97d9c2b098274c,65.99
8e88dfbdc464985339b99f7738ba6962,65.99
e8421b7126d1f630d22da5cd66093b59,65.99
733f19dd22ffe3ab5ed470a44f178b48,65.99
4627796c14c8e6d2f8eece829c5df4c5,65.99
5ee2515a9744b5c06a48ab5bba237549,65.99
6b04ea93ce93cef2a5fbdfe302e21331,65.99
754df56aa692b73055a6969c9f72796e,65.99
0af0d84c00114b0c3c81089011657860,65.99
e71fe33c737841b5ecb75b8562490529,65.98
12974e23069bcb7940b3cafce7131ee1,65.98
a9f839d6b08599e6af4cb93719cec109,65.98
161adf57eacecee9b4bcdad3886f8225,65.98
17f0a8fbb9f43468d2592cff8a70cce2,65.98
80925a4c21e233f8dfdffd25b727187b,65.98
076523f7baf4359c0728c0bee2d8ccc1,65.98
245e5b42f57717133160de6704681be6,65.98
17f4134d647aa6ec7219495933975d6d,65.98
a0b18a6c911337a10d916e5febdbe40b,65.98
8405dbe4e44fefd4597703d00855cbc7,65.98
a25b57cb6a2581ee8be1e52e0b903620,65.97
cad554369ad539cff20968aeec986770,65.96
2b1160b8618a4da5fd4a7f74c38dc409,65.95
f7d94377ee8d0325d0c80a48ad910273,65.95
497444aa14246e71ed88c2c37540ddfb,65.9
ebe11def265cd8e747d70c07c5a4547e,65.9
7d8a11e0bc1b9c10f2fdd908a43634ee,65.9
e8c9e9de9411a9a78629b376f75b18b3,65.9
daec67ae8b3c533bfcb79c3b3990d36b,65.9
98c3d3ba07fd808cfab5296bcdf5e2c7,65.9
16c5e6f9f7b7f5807effe487f706f404,65.9
a527a9aa0f2e5e877e229144c1769993,65.9
96c9939a5ec01aa77921f2701cade82c,65.9
574733d6b5888f34d3918ffe1d629bb3,65.9
c2d787ac1420a26188569cf4f106af00,65.9
b5886d8a3edaa4855c042bccd5f1a554,65.9
1898e33d23781c0e4574a114fe73c73d,65.9
202a41667703e8c0c94f0055968f5645,65.9
a3b0fda37bae14cf754877bed475e80c,65.9
0bd07aa3b518a209f19344537fb1c5d3,65.9
1c8e05297f77e1986a2ed0fe0899bc91,65.9
e32d18fe3413f83048db689e66ca5f02,65.9
a747a8896b60b5b62650776b82fac7d6,65.9
e332edaaf7db8c383454db3af6b373d2,65.9
b4029065dc8dd2130e521520cc16dae4,65.9
4d76d67924ecadc4b2aa91d302dd020b,65.9
1409dbd0d0157ebe4c8d17e76ad0dfa7,65.9
d407879de49d6ec3fd2d9e50b7419ce4,65.9
4f7554d9ae7426d7b2bf3fc9ec0eacbb,65.9
c00c6c4b8a4c407310603209af3a3eda,65.9
25965361605f7bee4609f204dced6ccc,65.9
25393946a2c0938581a0f493d3c96993,65.9
6ac5952fcf50ef3f1a1288027e986c23,65.9
df01594ad086f53bdbbf927198981446,65.9
474d5d500a35f32517fa588d587eff2c,65.9
9afa6cb5e181ac3c7061d5251f18d56c,65.9
7c3fb02434f997155d8d65fbd22a4ed3,65.9
615e5edf00b62ca6f134b8656c75fa1b,65.9
984e2ab6a072e04516bca3040606d641,65.9
b91f1f8b2144cef2c6b3540639b2ad27,65.9
3135962ee745ef39b85576df7ddbaa99,65.9
9bac1e1b6b5ecc273cd83fd5c40b6d31,65.9
34e8953891bbf0ffcb797b69dbf4a122,65.9
db84d383dba6497c8d6ec24f992cd787,65.9
96f63dc8d7bbb192d25213b41a5b2b08,65.9
9af15d3746688c85fe8c47cc68caf0f0,65.9
dd0ec9c1e70785cba65418e8c44ef00e,65.9
511bbe422e11b19a7ff49a1790705935,65.9
cb68d5f9e36d9b5789508f8aeade936a,65.9
6cccffbb4e7e80391ae447913bd541e4,65.9
86f5e4e2914cb2be1b17a9f00508c0bd,65.9
30f286499a9a733763ca895d16ab0ea6,65.9
f5d72595f4873c80a5d8846e2e773b7e,65.9
17287391e40fe26b985fbe9844c8b08c,65.9
226aea6f95cf4f76040cb386647ad290,65.9
0ba0a7a7ab459af5b3860fa8b784ddd7,65.9
19630b8530fb2711790f0d00f435d66d,65.9
0034f7933de3ead6bd9ba49afe95f119,65.9
df0b1989cacff9ad7beaf2bcc6336089,65.9
be773aa7205d1ddcbd209c18b50bb425,65.9
48a0d58b5c9638c5d1bd192c4143f971,65.9
be2f45b8ea4f041b49c8469f2f58acc5,65.9
44cd1a39351e20bfe0d358a1e10022a8,65.9
d1e1bf25434c9bbc86c1f84f4b40ebb8,65.9
cda108ca8623c898ad5cbedfe9f6fc88,65.9
a5b25f37ce6268f32a97f10d565f5f02,65.9
cf4e269e30ba0f547477c32723ec2542,65.9
8bd2b8776a440399acfa350e269736b3,65.9
a3e3c08a055077321854eb4855a7a8c3,65.9
8c55956d70fca64193668429b9f8d8ce,65.9
e0ff14c038823f8ec538acf57d920b97,65.9
a052a810841e4bf122808475ee9c4ca0,65.9
d5829f079749e461df4192bdb5731e8d,65.9
8510621d67f7ec879641131a2d9b3e28,65.9
c089255b3acfc822d731d4319a443d95,65.9
00b2fdba41164ba7de5052652fb86231,65.9
b0b902bc9c7f025dfdcfe2095f6c189f,65.9
8cb98e975263121ca88116b966bef81a,65.9
2ffd69193e2274ecc9565bcbc94cf96e,65.9
d5485a1a47978e2963a3479a5bef5155,65.9
a76f96039659c775b20e3c92888f4aa5,65.9
a56934ac6ba4aefa2d26ee8bba42d883,65.9
dffe8d3fceb5181638fb7e0060d529f9,65.9
be79b7c40a192a31f70eee5f24a64c9d,65.9
46819df406e6d3b016e6d3cda0d1bdac,65.9
16aab56360dc6f3038a11945ae3f04f3,65.9
51099d172d85ee8e5693acfcbbd0f0a9,65.9
752b76f403f16b021896686a71396435,65.9
fa52c1392ff747ce86471fb9f1e16c31,65.9
421e69b9c8a123f396f26466112eafeb,65.9
f64c39748646a71d48509cc4d9908f2a,65.9
53fad6bc812afc2a4bfe2009786cefec,65.9
9f3e6af406a610a1715b84cba194cbfc,65.9
471ab303812a9558d0dc904831c807c5,65.9
052537cc336242d780628742e55bb572,65.9
64247d2cff9b9b98b452d6e42e7769f5,65.9
24867a30fb114e68f333a0645f923497,65.9
1a29814ab6e4206da679cab75575ccaf,65.9
b8f26e9e2db5ca6ecf0223a40994e02b,65.9
e1c2e7709607368c7521d59f4e250092,65.9
e5f3fb6263a0c33e518cc7029a60093c,65.9
c95aedf32c57ea539d007fb0bbfbdff2,65.9
2a62f1b9ad1f18bf82474709ddb7dee6,65.9
95a001f306dfba60026ad846f37ab045,65.9
339db63dd455ed856b62804c7f4d3a7f,65.9
48cd1ed053ff301d5fd7df23ee7443fc,65.9
0f218a0d9827580aaab2d6b9a6fe03fa,65.9
821fcb94f149414022052bbd72453664,65.9
be85cbbefe4a42be14dda9f1ef608918,65.9
f6a6ff9806cd24a90d1b1f7463df9d52,65.9
0b17d2df0220cfbe7b412e9a8059395c,65.9
18eb70a38a00f5203e6449011e998840,65.9
fb773c7a9e646f63b60eb93ca7c12abb,65.9
6c7036cdcea7624d1a6060bb8a2c72ac,65.9
45f1282bc4f56bceabe97e0af68f4703,65.9
5fd3fb3154ea15e052970628d6fc6f6d,65.9
62b64a12ef5c1275684db5d78e0d50d1,65.9
59cf4c327aa95805d5ad82925bdb430f,65.9
764b644da47fd5bb41b7d78590cffaa6,65.9
a3e6a84c624d9e25cb5ef7eb8bca4e17,65.9
b216c4bec6b8a74468bf72ee6b9f4f25,65.9
a8abf2006cdca0b5f3b8e5567fda8fb1,65.9
e5a16fe01567265f371dc3aca0ae155f,65.9
c2d3185f5df5ad32ea5928c8c4f7ab27,65.89
c40c836a98137665fcdfc92b9b8837c6,65.89
da9c8d08ff43e0e3f90bdb93eaded55f,65.89
306236b26cb49de7dc58a2c121dbf0f8,65.85
657c0e8a6043e88070f81c66bc9cb892,65.85
e48fe5d0e0da16a99b9ed1e40ddeac72,65.85
319e5b18d03d185cabc10e2cf741c8cf,65.8
2ec3c08e30b58b6ecb63f16a7e3d9802,65.8
73736dc7e92f2dda66762d655cd24462,65.8
6f347af44c9fdc0cc5aecbb4bba87bc4,65.8
15427398de8b7e909a0f36da6d3d1780,65.8
6be61d704faaff9b97ccf47289ce94f5,65.8
ed89daefb5401c58ec82ef489d78de78,65.8
ea7519d779a7851f03adea20553eb128,65.8
498127813f503833772f017673c2942e,65.8
ac04d20dee082dd5bbed0e9cba669006,65.8
2429e9ebc35dc8f2631d7b47d12c3dd5,65.8
e52da367986f568feec3588c0a7c7634,65.8
b26f48357d67172f0343e920a2c64f15,65.8
b911209fe83da3f3ee07919404296e17,65.8
25d9549b5702c8af2fc3de4411fc30df,65.8
b384da580de5e67a8bc4f8f585fdebf6,65.78
5d21b4f43572b65ac05e74dbc206b51f,65.7
c70ebd6d93654220aed313d7c3130d13,65.7
73a3f9242c638f8dbc3efdbbc5339f97,65.7
8afa5a415d65a08e3a68b1d7f9ddd8a5,65.7
12ae89712aa5a178c22147486d3cd310,65.7
a33c22f4c46b18dcd37f2349e9ebe24b,65.7
4e11a9e505a8addbba778b9614e0055c,65.7
c4b7c369e658d66e104d7dbc1738b3f9,65.7
378d61367c6ec285314c674bb3398b4c,65.63
d884f544da907f4cc6ffc6504f6a27c5,65.6
a7e0dd910fae801def20765c09b940cb,65.6
fe7cfc486242c6a6860dcd3d9099a123,65.6
f5955da49db5a0445eadb9dca28c1098,65.6
c289a8b97cf8f2002294264da18523aa,65.55
33372bb48ddea1b0e47e44a1b5c72bb1,65.55
35342093ef375b502a9dd9f52a4cc06a,65.52
d3686a3434b9e11ae3e0f20a4512b388,65.52
c86e636fca17f603f5d359d94c92b256,65.5
7c9321054f8122ac17e67d6c0c2a36d1,65.5
0707585f9631a5166364cf8730a8ecf2,65.5
0bb02979a8009c6c5b0306fb8120d6cc,65.5
fcc9246246cd991719e0c8a8aeb735e4,65.5
606526aa253b452a350ce935064f6418,65.5
f69b83b4326708e8cf591dd24c1e104e,65.5
ff423802c40cadf7c338845c137fe304,65.5
29bafca28f3133a6055dd58892615b55,65.5
7c559937ddc2dc285d511058d15dab5e,65.5
ebfe079ca7dc32461b16c74985ea8e52,65.5
a995de3dc6d521edc82924a3e9941821,65.5
69183687970f872e3ff323cc65de88f6,65.5
3e2fcf7ce0b60002777a836132650175,65.5
38189f2abad60e8555889178b232b953,65.5
afecf369193e9cbdbd615dbb804929aa,65.5
4c60ef474c1e9386bed37dc70cbb16c5,65.5
f54c7a8f5e41902e3b093cce09cb4831,65.5
cf8df7d17394b6c3d02a0968f39967bc,65.5
bc47c35a963317374069971792de2851,65.5
97025df057a78fc0093c5b75ec5ddc4a,65.5
921e63f8a1c12143c2f814dcfc517100,65.5
c8fb2bac848317504f5193332adc7d27,65.5
98a76ec62893cf274af98c74b705dde1,65.49
0a4570cba5c976d25642d380f906327a,65.49
1657e4dd989abb6776f8687d42abe7a2,65.49
3fe12eb6707de1cd2018e8e0297caa98,65.44
b2f5cec8ca4aeb7366d2865f5befd1d4,65.41
af28aa3ed992ad99e29d4793b41a8e66,65.4
9636300545e4304a7c005b8a60e3985f,65.4
ea0a2eb375d81472344130f077f297a4,65.39
41aaf6c5c39d252a49c3dfe5ecd0c9c4,65.36
2bf7dbe3a7ea4e83fb24209f67b9d89b,65.28
9c0d40a2af948e31d03e583dddb57fd3,65.2
2e0ce1c5cb451e27e1848c657c0ad5cd,65.2
a1dbed0cbd8ce98fca7d5add7cb94689,65.15
c57d5c9079bd335950f3317ab7c831fe,65.1
7a89fff116b1d5d95621c5f8954657b7,65.08
dd742ad37209136e32c9530457372fe9,65.06
89e0faf57dd5bb277f3f91e014924a6e,65.06
552215a43eb8963b5ea631bde3e63bc5,65.0
bf3591893cc76c60754a3537bb053ee5,65.0
95c167eb33c376680b37d4e2cf719e3d,65.0
788a2e681b4dda11b40f137041045bbf,65.0
106019032c892c9f50d957f3aabd895e,65.0
b71cb835be11fec9d0e0903e4d9acefe,65.0
2eeba831771fb92a3076f148c090cc28,65.0
31f9366e8fbe2412ddbae2d9c49d8adf,65.0
7b25189538bd6c13bf9440f0d3214a02,65.0
c38d1d62d73547e079af948277dcbc69,65.0
6c57ea1c63351b81d80f31330c6ca6a8,65.0
69a853500e2d6fe1f87645c56a7084d2,65.0
be661c8beed58e228518d223a539700e,65.0
b511d5f0d9d2f2fdcba72ba5f2853e61,65.0
bbabdabac0f425e8c087ec7ed63a7aee,65.0
b4f17fea2f54f7ceb19bcf5a608c6cf9,65.0
9fb80d4cb0b26f8938d1dbba00c0348b,65.0
c4094934d8660b71c232b7c0ded1b6de,65.0
e1b1416cc9565ebdb336ddaf12fd9229,65.0
d7237be0a5e4b9247fc4d6e2dbdee6f0,65.0
bf91cf44af4339383b10549c105681e4,65.0
fac81b058d7a8e426b5f62bd1d72c774,65.0
f120111a6d572640cb8fd0f6bd54dd3e,65.0
7b0f60c42e336230177a50e06afb66a2,65.0
5d25ae663725ff1ead4d0f72da228aa5,65.0
4b60b3ade055c6ad88a00758c8e8a162,65.0
719100f2027a507b233cce1b52773a90,65.0
ce705dc93f963a4955ad071b24a8fbd5,65.0
45f6cd0d5df906042e1828a4cd5a095f,65.0
b106252b35efc5f02b390bc3f6ff5433,65.0
d9e375a1ae0da84174d1e73dd7ecb4de,65.0
5251b14c470c7fa8aa20ae3493d14faf,65.0
1693bc6668a6e89a390b6f20f86b6825,65.0
3d41dceed696230a9fb71adee37c5aeb,65.0
fb2b3d5e34ae153e59fe64aa930e01d5,65.0
147aa7e2c6dd09dd20994c8c78bc1ef1,65.0
5dab4b965caa157b2a14f3a7cc5324a3,65.0
19d69b74986ae90aa6b2de4b709aeb05,65.0
be64dde40c78dbcb4f4a8e8de6ed23af,65.0
42a24ac9faf5439824b1a381621ef89f,65.0
f5b66d1266e286035ae816d414c38b07,65.0
f31f7ec4f3a7e88d1f8f4931494e83ca,65.0
aec60e06f66bdc6f86b89dcf4915501e,65.0
8e52ae99d17f763c99acc334f6627534,65.0
38451f7954790eb28cdb29c802beabd3,65.0
f1b2e9e0835d494864e31b02de9d7bf1,65.0
367c7fed4f286c1f0f7ac137cade2edb,65.0
b1aa70fb1fe24bb15603aba207510343,65.0
dc9ccc5a17a293fa6ba72ff608436367,65.0
6127e000a375cb76adac1f4eb6691ee2,65.0
da4c3e669ffed2d54146919af6a78d27,65.0
3b64e8ad1e003465c2d84ba24971bdf6,65.0
7be05dacd2f8a3e641c083c8af288313,65.0
bc4d026da89c7219af0e37f31d6b1ea9,65.0
23590b9d34bd06d6195aadf7763b46af,65.0
5e0f1d6c882d0ee56ba83e931480b0a2,65.0
ce738845c4d6188c95f2091d90eac164,65.0
2770409fd18c512aede9a57aa79197e8,65.0
5403d5f310d90498102fd3a2345f16ef,65.0
933bc2021f00b2bc5ed3fee7c637f8dd,65.0
3c4c9a40e53e5d539c9d02c03629b5f2,65.0
8edb5fc64d0164779ea9fdc298113cf7,65.0
e8267fae4397d97a1a9224e187284443,65.0
668388871ab75ee8c8cd33182a1d8ca3,65.0
89613c693397667078f2b43896e6c8c5,65.0
3b90bb11f66915b3f23a14637ba4f96a,65.0
530d079076d1c95963e48cb0e5ef631c,65.0
0b62558584ba5942cb07377647332e23,65.0
63a710384d8293cd7dc192503569a34e,65.0
1fe1bfe0bb8c4a834f257a62cff044c8,65.0
dcfe8ea93ffd6becca5b0ab2aa6d2f45,65.0
edd54c79d42824d702691585dbf3fa39,65.0
770b54376073ab9fb3ece8772dfcb16e,65.0
3b9b055c3d67f72210fbd6b1b2fd67b9,65.0
b0a8c1196847d5ed16bbd89d46c5a2d0,65.0
ecd50c4716898b92a83b18ff630ff265,65.0
a9eb02e9f40e3a259d1f75a63cdc0bf6,65.0
64753b1a0fc722c90632f9d9fb9d670d,65.0
76d89e16f546f92eae4259a7a4340c6b,65.0
5aec93638fa57d3645cc7ba411caaf6f,65.0
b02fc839c91ea555a5e79cfd4abc2cbf,65.0
bb11a0402a21bc1623466d259f60e763,65.0
bc2ce0dc451a51eccc64691f8f9de54a,65.0
1f467ec3d8100abe08e779cb09cbb61f,65.0
2bf14bf7a1f0610883d264cae6bc4de6,65.0
cc48ccc7941ecfdb38d051e94d34f7ee,65.0
0f2bfd92b901a88af663262ed4480d63,65.0
bd989dd640bbac52bbb0fd92fb8539ac,65.0
1ce59f480a5fbb7054f9f8e59c577858,65.0
98401f7cda0c3a9fa7badd514f5ffb65,65.0
f1dd712d9b2488021a1b70d1eec1f51e,65.0
bda36a72c98054f5967c8fcf6aeeb910,65.0
1e5b8d093d9b49f9f412692df893c72d,65.0
bf9756f8172240e70bdf6b8474b9f3ee,65.0
4734aa9452fd42498c835eb1a71caf69,65.0
fb50abded81d6b84b281463eb0cfc7f3,65.0
6fb54da47c0032684f348042cf61fd1d,65.0
6dd377bc943ffee27b64ed6f7d0b4f46,65.0
b07ff4137e54a8bf9b962ce385a93355,65.0
b07f7cb818712ba7d6127edbf936dec4,65.0
0ac72807529b3b3c9592c2eacb8d3684,65.0
85a7b7bf0ef8150b99eab1b0a14a2205,65.0
24ea74c0ee8a3a1a753cf33550565846,65.0
1b5a49a439b86dee0e0bf4ddcdf26c76,65.0
4f04f3ee0fa1a4068563654d2c137268,65.0
0581d4ef9081dc26ed2e1580a6e34ea3,65.0
1dfdb42bfd4f2398238591ee6237c348,65.0
db2cd76dfa613aae8ec025a8bda2b3e3,65.0
7050e4e1b338bf7e54a532ff0f6710a4,65.0
ed856d3e00e01bfee9589662dabf9ab2,65.0
c09801227c7f48130b33a8ddb9d91660,65.0
1234431d00a8ee163e2c58e7c699ff0c,65.0
dd817c1e02e5874210801e57943e5edb,65.0
3e2e0f10e34e89292fa6b67eeddcfa31,65.0
70c183bec9f84db4c9557658c6801ef8,65.0
422b9239316539ed8458859e1c8008e7,65.0
4d0062cd0951824fdf00db21c500831b,65.0
1a22c8ffd16a2c20492cd02e0536a68e,65.0
6cfc3156dfe1802dfe72368fa29c63ca,65.0
3de42c2f45da7ae9d9a066c840fed831,65.0
d1b06f3759195097bcee2e0eac97859c,65.0
318994b8ee7f8e50ea635dca17b373a9,65.0
4ce2275dc1246c364f683d473ae3081b,65.0
0157cb863b4453c43468f3825dccdf9d,65.0
6621fc803c8d57a9007f43d50c52694e,65.0
6fac131de8408ec8e5fc464cfb07c9fc,65.0
f8e3dd33cb55cad04f7ec33d102bd4a8,65.0
3c22246ee0164d6c28f5320a69dd4059,65.0
2fb63e788bc5a760404afcf3ef8ff164,65.0
3afd74519364069b1d7ef9ddeac50d6b,65.0
640c3b3d8f8dbaf9c95839f3b7944bba,65.0
2a610c0e2622c121f09f8878fa3152d3,65.0
89a704082896dad4019e7621a83431f0,65.0
b1b879ab67e07126ab6615c9df85ca21,65.0
14413e54e206d9d58a8e338dbda158a7,65.0
9e2124550af4e69423ee717012e6f23e,65.0
67ad8b9b8544c5ef14502d44df099430,65.0
bb194a93468bc295f8e1ff7186a131f4,65.0
f8a7963a1f1c73466a2c6e62a1afdbbe,65.0
c8565a39b16d5f0f35895dc6dba5f72f,65.0
1a814d4c8923ef3a0e978777f00b717c,65.0
2f434a46bae1256314ee1f13056cd5cb,65.0
62af946cc2a3c3a615c3a9b5074cd271,65.0
6d9754a16df71866ee34b146153ec9a2,65.0
871ba832298881ba9598e829b27f40a3,65.0
f9e1d3693e689c53900412074666e86e,65.0
5833a641a3ec9e804da73d17e57ebca5,65.0
ce2420af7520a564497bd704b62bbed4,65.0
279084854f91753f3c2feba81d4573a5,65.0
6be2538210060931127d78f976f0708e,65.0
a8532e637ebf6670fb6e76c760d12f69,65.0
dc60e1b5792573348c43cf1ef5048d19,65.0
f5b0f4b5e6d149124be59ff0f5b3001f,65.0
ec450a7573a0df5adbc28a426851b975,65.0
dc8e6ccac31532ee49da91a604124a76,65.0
97787489b46b57d73c90f43ecd498254,65.0
03bf979ff2db68ab067fe4fa11fede09,65.0
4b84bd85531fb608180d9cdd1f30b018,65.0
016965c9f3a690af0314cdc8389c28e5,65.0
b099cf5685910b720ea73ddc4ec9b4c5,65.0
7a48f093fc53243c578d7fa75282c813,65.0
84f73ca99a149e5a5d3f5eb3b83e2e8b,65.0
fd3d18e3099e04ab5a3b0b6f1802fcfa,65.0
e07aeffead50e50b8d795fd124fd3241,65.0
7f586eb14090136ee43c20ebf1324248,65.0
8d5c6965b3461f79bdbe90e8cd67407f,65.0
647fcb132a1af0014cba5d45d57d93f2,65.0
0d76279b65c015e327c53010755bd67d,65.0
ca49a9c7520f200db472140d566f4934,65.0
dee56a25bd696b423bc0fa9bc1d1a8f8,65.0
f3f77b531814d6223e76a751da84c545,65.0
574478d054c2bae93a3c66c8a32f4fd5,65.0
d11e21eb43c005333b4e9f0e279eec3c,65.0
36a52cbef5f4a32aed0c0215995985d4,65.0
517e52d7ed2da8ca45a5d8db2d7d9aca,65.0
bdec20cafcdac63977a4320cf5061432,65.0
ec26ff9b46af83d9c60691c89bf24895,65.0
5e34ec818bbecc4dbcd66d703eda98ac,65.0
237bfa0417d30f46fa793b5532739269,65.0
c8e3b79da2d592e9fca27d760f185588,65.0
90d085beb31a53755eaa68a64d3dc5a5,65.0
d985e4c7c359e689eee39608fff97cb7,65.0
a0dbda9ba9675d8f5837d7d143314701,65.0
c26bb02989b33808d6c78a387f27fd34,65.0
5c8ad45158ccd55a42cc132c584409e7,65.0
6164f45c309a294c6835a4c8dd5ab0a4,65.0
4a9cae3c6e4eff37b35be82974029cda,65.0
7b6d2ad477dd09739f76dfee4f799dd6,65.0
b56706efa54adbafc6d2ea0db33b0333,65.0
00a49178247b91322bdca02625e81f7a,65.0
597f5c79639cb341754f018424f7484a,65.0
3b51c86e2271c280b61245552090c7a2,65.0
c1abff35043c0e725bf14979f11a8e29,65.0
c0d01003d19b83d49072648e2a7c030d,65.0
9f9552abc310f12bcf37a6b8e3e8c4a8,65.0
66666db1d1d248143aa09864faf1d31d,65.0
7d0ff11552c535ce8179ab49b5f0838b,65.0
c33e69c9267c2879acf22d77054298ee,65.0
958f8d94c5c2d21ccf6a43d0e3d50308,65.0
d82db4d2f4f39dc1c2342a6b817cad17,65.0
ab65a308e13faaef39b0370e82dd6fdb,65.0
0910534b4858183e4e325e020ee37a56,65.0
8b0c3da0f0a0cf1216e2694072e5f621,65.0
e6d07d60900b9be7053cc080a3b5cef4,65.0
e9c876f6cb2bd5ab9a8ff7b30eaf6a83,65.0
ab9ba36bc845ce7fe265073cbf9f3bd9,65.0
3b7cf779cfb67bdd50db993dd2e81db6,65.0
61c762a7d424e2426520553558a1706c,65.0
32f5f0b501cc2cc5753fab31971f2385,65.0
ed633bdf429697a6305355676bf12644,65.0
0457d8f15475757888a0064b63e01663,65.0
9c4b601233d84cc6aac5d678e71ed985,65.0
e8a9561ee949a7a4b2f58351ed6f9d85,65.0
a0a77214faef45bda6ff573f33f39f2c,65.0
d22a47bf2e5f0cc18e92898afb5322d3,65.0
35b924f8359e4c2d013d8b8c53ac04b8,65.0
48edbf62de4055e80823a90e7b65d7d3,65.0
2a770b1e258efae5b00f4d53a673a955,65.0
273a44129c251f678de4a9fe152d9ed4,65.0
2b61c5105663634b9d75f6fefb94e0fc,65.0
456f21a30d45efe1ef661a9ccec0b6d0,65.0
44ad33d49b814b211776dc5002fbc561,65.0
4899bff53cc2d4206fb88c42ba7d27b0,65.0
94b69597666ae9334b855918332a28c4,65.0
0264bbda6bd6492c79a5843f7c2e1eb4,65.0
d2d44ef2cd58a2d240dd30a6d96178af,65.0
6e2e6624495d1c0f03025b5de5cb35de,65.0
8b5a55f1ca276fe752917ce68a971407,65.0
a4456507f70711e18cf698a5e61a1592,65.0
d0ed961c7140b7f191442b56f46aaf2b,65.0
c9fb84a1ae7d2d55786603bff29808b8,65.0
74764aa35d9a516d97b46f367d79cb6e,65.0
9eab694211f764b1e83aafaed16ac561,65.0
5e957c82296e9ef12df4cb22d052db4a,65.0
5f219b46ac83e78fc79ad77a4acd32e8,65.0
5f7fe825c7b61d758869be903523f6bf,65.0
bb933d4d77efe30b6f5f3c76d430e69a,65.0
c4901130ab96b74c16bb4f4988e26824,65.0
f2d64a61cd105a8b332ab077f5f04683,65.0
6b937952e19d3f33afb6b8a7f3019a5a,65.0
36298473367cf09c2706b2372508079c,65.0
c70629e28f9196e2b7b939613b1279f7,65.0
015d0c1d91a5b8042fdc425b5e8c8259,65.0
a1afc1a6763024c94654daff0d4f4040,65.0
bc3944c929f6bef6cfff35bf6473781d,65.0
9f4eb6c88f93bf521e42f8aa8fe3f974,65.0
0b60138b038f460baefa261d66dac712,65.0
d43113b7d373bb010c970679603b683a,65.0
9a8ad886dfa1417b5e3a1907fa292e68,65.0
ddff1de7a3f714c2921e7747a21ea752,65.0
16d0b3d8fe2111a43555f861504de0f3,65.0
69e79c2e874c0c995d596d47bb605889,65.0
d8af922675854cdedcf291b6a9e29d7d,65.0
d79fb17b8cca444c9a779a23137074c6,65.0
71dd64cb7e34702bcce7df3d1540bea5,65.0
ae08c85c944806edb02d28ad32e03fa4,65.0
36f6485541648e3f97ef663f7ae83043,65.0
d0a96174092cc6ef4f7671d3bc8c6bf4,65.0
c0612b5beab45fd1d386f08da1ee642c,65.0
3782b0146ca11125a619eb487dd7b2e9,65.0
b446f1e99726af80d3f5f45e3d4a876b,65.0
de4a8365eed721e1ee8a2993cd739f46,65.0
3caac0647292a8ce09b6ab64320754d1,65.0
280773df68bafbf4ae85e62bd659d67b,65.0
32f7fa273af43c883fe0b290f86ca006,65.0
9ce1401cf82bd5420fe255e02d6292ba,65.0
b90f1af77dd345d61cf6a9c542e21811,65.0
e9e1a3764e104684c566b6e8725400aa,65.0
810c7bae3b3fe36cbc666dec01471292,65.0
75776b1f1b023dd82d5fafe940616c1e,65.0
6e27bba7912469fdd0527f2c6c8ea100,65.0
4914885c2995408d33b78e8f8298566e,65.0
8d7f766a4125882f2d59ef3b04ae7a39,65.0
7dac8705fcb9546ba4ee96aa9458de81,65.0
c4c66f47534e09a03fc7a878a9eda5ea,65.0
f02a30c0159ad2d40c75f300fa9e338c,65.0
d675082b795ea346d5bf4364363135f3,65.0
b3765dbcb1552872f10dc638104f6598,65.0
a83eec9a997cd0c68981cb5794dcc7d8,65.0
ba2c2929b14d1e28b0b55c950e349b4b,65.0
54a70f1262862600d627f401a9f9e072,65.0
e2ce97c1afc8669db9e07666d6cac481,65.0
3fd2baf81d32adb95c43e1d490a8979e,65.0
92af42b44706727c163d09e7b0d8a76c,65.0
ebc664bde97391f5538ed7404818ce0a,64.99
4bed497397b06b63041a9c64e7656443,64.99
dc1368b3293e8248d7af56d7ba24273d,64.99
643e88765c35e37d0edbc289d8ab310e,64.99
f10d33418980c7f04fe434a6d6c85c5e,64.99
2ca5f0111cef8030082e8adf6a068f6d,64.99
8a770dcc0e2b3c409df0707de0894e36,64.99
ccd6248d0cf681494da8a9e1b25ee893,64.99
232359797a832f108d94e9351a75fc2c,64.99
53a9811a73fc95da04d8319be37d76fb,64.99
76ebf70a559266867675fc7b0e74072d,64.99
231ab7a5eba5d3bb4cd2219ed9c25515,64.99
949e7c76aaf2d74dad40210f38667ade,64.99
1509646eeec96572db6ac31359f42b38,64.99
812eae943fb8d191851edb5039b93aed,64.99
d1a223f47b810d4f69f95710473a7d33,64.99
8dd05b74a02481421b1aa942b4e1c81b,64.99
47fe35f97d144812fc968a86c84debd0,64.99
352b302b103920d82c79aadd85ab509d,64.99
a75b9228842527db31e8a9b8210135f3,64.99
059a14c0dedd7aaee2dc398ede72bb94,64.99
4568b6ca77fd9f28ed5ba06a4a8f2e6a,64.99
60c394acebd6100502ef3258182dc805,64.99
5faf696832a65d7f64c8c7917400c5e1,64.99
1dc95fe76c27015a96c7965850177230,64.99
977266784cc0e1045bdd7f7ea2a085ab,64.99
1823c939c22df5a827fa4afea7175e1a,64.99
5da862c892972d042f5dfda14f1d6c98,64.99
0d76663c9eafa17cccdb1af85030e8bd,64.99
55e2dbd75d718a43e8c8282be9c4828f,64.99
bff5a17c6a2c64100921da9fe9591a43,64.99
beb421e885257679e07816ac5aa8bffb,64.99
e8ceabf82cbedd882e3e5d43d9d449f7,64.99
0875fa3920dc15daafa737cbfa1392e2,64.99
343b48b19c8bd182e4c24d37aa8b11a3,64.99
6708d02d736947cd061c16d7f077ab3c,64.99
88507b4af721b641e3cfbd7b2d65e0e1,64.99
39d3d4b442a8f280d85cf9929e286a5e,64.99
0a3a69ed8321984a63be9ae06d997c4a,64.99
7e05dc51bd5538d2f207b909ee47341b,64.99
9ad7c591767cfbf97521cd1a72ff7be4,64.99
fcc90a4fa7060b81815bca0f9cd77f15,64.99
e395ddcafe8859ae54f88bcd4fe2fcd5,64.99
eb24a2625cee3e242ef9c9e422a4b0a0,64.99
1b647f8a54bfd8baa6a26e3fadac97c4,64.99
3ca443f2eb396c52fb0e3c6ee0584f8e,64.99
00459c4eb23e40414ca067d06fa303d4,64.99
8bef54d9fe8547d0b08512384d5700ab,64.99
3a5e81ccdd6a11b04200f1d660c6d15c,64.99
d075570ed98e1a5bf9b6355be0f89b57,64.99
c9a94eb5dd2f7cf3e804bd6f88aff19e,64.99
8ee87572536d519bc74c166ace05e501,64.99
1fe3e3ae49d2a072f32177fb772f7dd3,64.99
514640b3f9b05211cc0b7007df4f3505,64.99
a9d950ed5c897a58ed2214e0d90b0356,64.99
d9579365eb6cfb3906a6b2587a966f9b,64.99
a7c44bb8aa9c0737ed95216600460b84,64.99
e192997c0b0792b8ba9e8364d063046a,64.99
0f8cf6e537f66903d4e25155cd966fc4,64.99
eea555ad0fb1839ff35f16ae66f0fb90,64.99
89826e838207100cbb653011a5756080,64.99
45010fe9a564452c68de237dbe574104,64.99
f3d0d413e08a7ccc43e6ca09a8d79cdd,64.99
d90af5c00814430fc3e212e8163bf2b8,64.99
6d4771e7b12516d2f6b98a6efcd88fc7,64.99
7954357131868773f331dc295e44c114,64.99
8f192b781ccafbd810abace7c855190a,64.99
f86bc8b9c211984e6411e8fb3a4257b8,64.99
7428039bece87fe99af596c5bfa677fe,64.99
b4b7b6904f73bb50942b2af1abec52a8,64.99
aa3d6e1aec530b8994b66bb129ac2bf3,64.99
5ccb7016717e893a8283c17feedf72ad,64.99
4283d1b5347631ecbabf42b4e91e9300,64.99
860403dc3e131f362cda3ddb09c5a0ce,64.99
c3fd83a698a21d0b48ee2b8599a8bc25,64.99
c62c0c73fc8902fefd4dd54b2e490662,64.99
473e975972852cf59f2f6eb66bf796a7,64.99
1cf10cb5031fd32d69fa19e7a98168a3,64.99
f1996a8bca0cd0c205f131c476943130,64.99
1faec1b2c2a13fa81394d4ff3b112ad0,64.99
d2bc0da79a4e2ae1e11523f27454311b,64.99
e35998e9688518ac4b2098a9c159e8b4,64.99
4a4f8033b4e440d8337404aa4086daaa,64.99
e14d6fb5ebfedb959887187908dbfb8a,64.99
ae2d20677bad5f0d74cc44d1c1d6d878,64.99
7fc236b7ae04cda8b15ed7d22e40b790,64.99
e1da8ad2215e8145aa8193f50be94c47,64.99
e2a4d558898ab0fcc9a9b60d3b52f01e,64.99
a756b65b73075e9d789ee5fc07ef0955,64.99
35f26e073ace0e3cd12f259eb5c75fb8,64.99
9610f21b66c3938400ad9f39014bf93b,64.99
727a44c126da6596f5e19157fbe74652,64.99
91c5faf27c8ebb48c71fe62afb3e5a3c,64.99
99926e4250dfd6677d6d1c1783d8fd6b,64.99
a1e9ade865049680f6f78c178ed60d37,64.99
1d86bef4435e86c93f884cfcca6bd468,64.99
e68dc6ddc66106494b71509df5d300d4,64.99
959d795bc3b33ca52a761718ec8f9135,64.99
3c452be4bf253c6f9a9a04e35f09b220,64.99
84bb667f31c68e42d29cc300ed7f574b,64.99
892d34f72485fd31f213fd0786900a3f,64.99
4ad5a269a2d59d2c83ac551b5c948c0a,64.99
bdfdc2c56283f7efc3f5a170ca983ce1,64.99
faaf00772bca8a9e352dc28f1d243ec8,64.99
3b7c59a784c27bda46a00b51d1b2613b,64.99
c781d832751afcb1fdda8fb4eedda2c5,64.99
b37ea7f1b8461e3bd4e534a81f126f5a,64.99
2f2b7e0bd3898741386cc70f3b62f52d,64.99
54b9cdbffa0e61d94dc22de17fca4cea,64.99
a129130357a247067beac84dbb5dc745,64.99
21cad034f035196d4c21074d41f5d701,64.99
ba782bf15a4782b63af55d710f1864e6,64.99
d41dab173ad07a8ac68cdddcc1d46bb5,64.99
57e6ae095b08dd99185564e150c0c97a,64.99
7838d18f32fd8c01bf0712b588663c16,64.99
ca76dd7efffe773e1e1a0c0c36d16e33,64.99
dcaa7435fbdd07d674a8ea6269f6fd95,64.99
25daddfce277eafad87c4d28d71d8229,64.99
c767d22702cc40cebd33633d12a2675f,64.99
5b130ea9627999a8a8be32af3381b7b8,64.99
e97d8147c3433d51c20dd483d05df2e6,64.99
4ca39a384a51c378303737fa14db7ae9,64.99
39592999581de2960ceaab403add3205,64.99
3db805014861b40ee4e4e82e8d7ae5f5,64.99
72d97c01c1b9497a30172c51f3f4072b,64.99
220a1f1adf2be499250db06cd27d0a1e,64.99
d26ca867b1550906d9277386f53216aa,64.99
2bdae9a21abc7626c9a17dc8c6c3a940,64.99
007a444502902587d7aa72af38cbd1de,64.99
be5d03aa240b103b91caa3e34ad71b27,64.99
e319a29c050e39145b04672558a1c559,64.99
87197160151c810ec85942bb0e50b07b,64.99
06bb24810f1367ff6137dcd2ef176d4a,64.99
f41a6064178975f498d982bbf755f7ed,64.99
59e23d731e8ccec5e899a1ca8eeae988,64.99
766d8c95b0b9445ca63f3cfae64fa55f,64.99
49babee9ab5b6c87deaf520c84f553a5,64.99
e64cafd89602b921eff1a79cf24f0613,64.99
e9e5748e123c685fac1cfd570b2c7844,64.99
c20273ff6ef04c793e6733be408fcd67,64.99
c456733e88a103b3258c903dd5d79f07,64.99
491248a570028acb1d9b59ade2a36d4e,64.99
c4eb325091a03f5a95a8b188eea38273,64.99
9d1db085c2312cc76a261c2f0d153ee5,64.99
5f72af98609e835f98c703ea09d3b5a4,64.99
60c3b5a878db7aac85cb26abee3dc7be,64.99
4ce103c5b582615aa11fdfa3dfa8fe65,64.99
b76f57fd6691e04b385d83fe8940d86a,64.99
7bb3b0d45b4e1a13cd914e4a135e6bd9,64.99
96d5f5f1a7eb5de66d26556c745015c9,64.99
0b1cbaf9e8123b00a50e3fbd846e10d3,64.99
3614b14d84a7dff8478e262ed746837b,64.99
b636ce46b14f0aac0e905d9410c0c3a9,64.99
9a6b4a17865a6eb29c6787a1d5484568,64.99
c5b17d08505dd3db2752fe8806022a13,64.99
2c4976e1803bd84665c681555bf90dfe,64.99
f920395e4693d8730802e67e57e3d3b6,64.99
54de4cb60651cd1a662722a1d14702b6,64.99
5099bfbd0a4d21c7f39a74fe7a4fe84e,64.99
9b5d56d34fb6262fa8c75fc061670b62,64.99
db39613bbd6ee688f9a8ae61d3a81e32,64.99
7fe584f189706f82214db7f22d01ea31,64.99
8396777e50d6a772be52bb610e36f412,64.99
dec4cf257efa4166891e0b40f0c9c7b1,64.99
6ab61c668f2cc0bf964afc5666bf4cc3,64.99
ad2f508b776948752cf4d526001bc90c,64.99
c894d9ce948f4d2240532e7e3a826aa2,64.99
776ee30289e41e0494e430426d953af2,64.99
3bdca823a643039843c64ee0e0dbe687,64.99
90c6db53e3fb8f986ed5f3757444cc43,64.99
6425a05ee87b1d9fb535392f9e65bbac,64.99
773ff6d5e61e8c77b8d23f0fcc3eefae,64.99
9f6eee61868a4161618844b56154ff08,64.99
2441a257e681c06ff2101ed765647ada,64.99
3267d6b8e3f2247707d8e946e1c97f97,64.99
c5e1ee00ecf36ee92c825bc77c48db15,64.99
2a0dcdc7103585f9d73bc18888b2e638,64.99
bb4f26c7127c65f7db82f24a85834086,64.99
9f8d30b8c684bbe0947a28248a3887e7,64.99
8ca7c9ebd7fe862bbe3af6866f1b2d20,64.99
006a5d6b5f648f3811fd4fa94d93a67c,64.99
65d82c4a61c5d879633df01f1352ba2a,64.99
0e517ed81899c398fa556219eec03f57,64.99
a1b774f7af3f80556742fe4763728bd4,64.99
2543192afb3af76708145bdcb29c53a8,64.99
4608ffc5f70a8c67bf129d6770948fb3,64.99
16846c0ee6a2640da8e6a0dfe8bd2f19,64.99
ea14f618eddbb42cc4651a98fb22f2e5,64.99
be78a8397ca3f5cded7a58282e947d14,64.99
32338bd45fc1691a84c9cd0b2c52112c,64.99
9f582ffae8aecd135ae3d11fcd508c26,64.99
813e3fa26f6fe35d81bdc9fa82c0111a,64.99
a40c9c907d645ac0394aa28875d5986d,64.99
ea65ed9eccb0fbc782b22c52d38ec8cf,64.99
dc2675504e71fdab6b084e961865ea9b,64.99
620af8d8e9274c4396fe32ffcf65525d,64.99
238a236a505ad5d85b7d1df842095d79,64.99
d30bef84e4af2ef322bfabc74aef5bc1,64.99
e5cede01799d43206f0e40fcfe683457,64.99
0af4f4ee7ed623c51c524afd235ae5d5,64.99
7e1c94909b82d667fde37d090d81d101,64.99
57bf0fde6966ebc34097dfd5291d60ff,64.99
2084c4ddba426d6a80f9d9649146f310,64.99
693e186e779407b67eb35d6ca287b576,64.99
76ca4d56cf35df02b850ef42b6886081,64.99
ef7577652a1d5883231a5b0484d150d3,64.99
4e3e8e279a5a97ad1232c4176d161eba,64.99
938b039aef166fd68d32f4c69045d61f,64.99
51f2623fd1886cc6e5c101511c7bac6a,64.99
3ab7b49b4bbb6b99727bfd5f640b9166,64.99
cd0573e2683d1437f048d42480d96bb4,64.99
88b37da7d26f1df8a97e91d349bee1c5,64.99
236f7b080d8547793a424de49f9589a0,64.99
93c07a27854a22f74c7ad4f943585bce,64.99
6ff04dc128843e32de116ffc76cd06e4,64.99
983286740ff2d1fd74d499fd1a711de7,64.99
bd7f6754b4afe66c8b504002385e9079,64.99
fd4c34140faf2931bdb3856d379019cf,64.99
efd8fc506b3614e1912ea2b6a5a50f47,64.99
b3a49a6c7779d9575aca8a05bcd5ccb4,64.99
7eab641be5b633438b8082aad878cb4a,64.98
b2f95208b59db4cb98c50b698e1595e4,64.98
69dd22c7b556c8d08883f66a918f63e9,64.98
2cde3641a0fa8cee74532f47099756d3,64.98
23e0317302b368c4a95fe1b35ab76710,64.98
f4ea832c987cada376a618b367bf4c54,64.98
198d608fdf082f8595e296bb9b8d39c3,64.96
103da636b7570853d710e71c1cb4617b,64.96
d052dd92c5be64d0b7ead6ee23dad19d,64.96
9abe5a31882081fa6d5617beb9947268,64.9
d41be06a8b7dcab5822f41510c64ed8e,64.9
5b175cedd118642e9f4c579def7fd74b,64.9
cbb3bb9a9502ac4d9f02fc38b75fe62c,64.9
a87b62ae912a22495d5f5bd919019b49,64.9
00c5a25662a028f00093f247b945f959,64.9
d81bc4687ec6215f7de6780a04d90c5a,64.9
3484542c6ea610e48fd062a81b8d2220,64.9
28a7aaa9b583fd1ff76b43273f22913f,64.9
2d5f2b1f7d4c7fc279a33c274acfaf63,64.9
4effccca9cf533b14988d625d60ef2b8,64.9
066f6fc06524e9b7632a63bd9466b832,64.9
23ab8595a676de7f50c83385883977e5,64.9
6b93377502d7cd14b2a3864fc7d635a8,64.9
d487aa340a91e854f5108e5477f210b9,64.9
7899bb2c21ccb01dc8ee88a587b14d13,64.9
48728549343164b0cee90ac68d3000a8,64.9
79986e17c3a038cb24355365fc78a0e9,64.9
27b31ce7577631a9293c0104c964aef7,64.9
5288e45224162bdb75c2c4147aac76bb,64.9
afcdda93587653c0d1a7496c2aa34600,64.9
1acfa2218cb27d4f3d8a50e94d01b7d6,64.9
4987ed7b51d4233b6fc8f4dca9812a06,64.9
8bac5a019b1653cad759a1e8b64e580b,64.9
7b7baf10d43c5856548c375f2d44b29a,64.9
cc483e04990291b36653b10bf8b7b660,64.9
39e4013ce7f84e30b415075f87f5240f,64.9
d5041ca8a2d24e7d9851395b060f6d44,64.9
2c5c2fb51bbbcdcc297f3b37449627bb,64.9
539e46ac17d2bf235de0168dfc35ead9,64.9
5077e24e3da9e7c78a12dcc24bd7fc42,64.9
fcf7a60d70eb39ab02f9e40186a5fa9a,64.9
1bf6f19443d0486c3b72f74b7b4caa40,64.9
15eb80a894d70b00865534fd4bc1103a,64.9
e139fbf3f5d13c8a1fce2809ddc2c3cb,64.9
5470981043d0ae32fa50b3ae035f3569,64.9
0b5b5dbba2cc3894c03bea1a9d74a5e8,64.9
5794d665b3fcd2de695dc52681b7161c,64.9
921dc5435f94cb152159a738b5593d0b,64.9
f93bb6c70a7306d18a24f77f1889916d,64.9
11c66314e234e52a7dc67e9510ede3ae,64.9
1a8634298e40d90da9a1b11d1434cf2b,64.9
7d736b20d1b330e1b32fe9104433494a,64.9
f9f127bc68d9b0bceaa2759929d6048b,64.9
edce8c7c09759f2efe2486aff649a7fc,64.9
bbda665f56b076dcbf90bb5885f88e64,64.9
a66532abc4d021fe04fa2a8e8ad63381,64.9
df1fcc8ddc1c7237f4b54b44d21ffa6a,64.9
7b0e5d9d1949bce0504d928d8897dead,64.9
85484492209de911aa67ec357553fa5e,64.9
fc0946b162054edb8bb00e624f2d1ce0,64.9
b15ffe105402d713c35c8fc6207f9a88,64.9
b1a4f6469e0fddafd5397c86f8321874,64.9
77e95630a7f84d9459031bec4830633b,64.9
ffd14a431366fce43a5e77826b9f2ffa,64.9
2b261c26529c69b68839968c14d22369,64.9
d03e65b9486e8e26d8858eb5da971f90,64.9
11939d73fbc698c56a82e59a34e2bc77,64.9
6a91bb9bfd0cb964466190ae02d377eb,64.9
56df3acf6826046c875a51d0db805524,64.9
85d9470a006fd8c3ae3a3f7419b31573,64.9
aca0989af736e8b434d68e6f38e50739,64.9
9c2937f386bbc303882a101cdfae203e,64.9
127e6a719a57d7d8c0e5cb93c5a3d610,64.9
5b072093a86b32f6deb9afe5daa0a1cb,64.9
314675b44a38443e4ba09ab0f462c8c7,64.9
3a2d2e97cf1969e199af03a22bf53ed6,64.9
ade97eafe40137331349c0826bdaec00,64.9
0f4a394b91654a290ad0e948e0eeeb88,64.9
9b5071755b38b9acb7b9212e70117f8c,64.9
574886d0fe7cfb020253f8bb6dea0c3b,64.9
68f19c8332a51f3d819ef42a952c6856,64.9
9cfd9d8a77d5b3f0ae759ac35bc464e4,64.9
7eb3b8c424afb2a3f29eca17f0654f67,64.9
0f092210b2b77d0766cb6f537321de78,64.9
7c96fae5e749fc0e54a2e57dccdd2aa9,64.9
9292ee8ec45ce1b31513bffda62254c3,64.9
1717dffbf44849f19318caa8d72aeda2,64.9
8085cf5cf44c314a513087f25cccfd38,64.9
4dd8114cf78b33d0703304103b7a96c0,64.9
adcc6780f3c2d3e68129a5ce6f3a41d3,64.9
5e319c4b67bfa5b94e74b2309e9eb394,64.9
3ce39465dade7562b6e14ebd91255720,64.9
05ba7b56ea0e3fb3b1af77cdae45d6f3,64.9
6acafcfbc31e026029594e7591798593,64.9
98bfbf477ed9f40a0264f5e527a446be,64.9
a91773a9a78bebced761d973bfa12050,64.9
87f135f5f28a7056c1076dd8dd122e5f,64.9
d1cf3dcfd051e1c16ec0c3efce7a41ae,64.9
f3de2a6514c45418b02ad1365c36d0bd,64.9
31f102bb049b4af90fb8b555e921b6d4,64.9
9b73d9ee51b34cc2814a383998b51413,64.9
184359ed3f22a99dfeff1f70a95510af,64.9
cf2ca98ff50dd7bc444ed0cb47a21d14,64.9
483f7f65270034241b1e7b3b5c8bec3b,64.9
b1b64e79e26d783a49e45ad0b4136613,64.9
b9311705b7ea9001f8f6f501b854e944,64.9
2e57ca0d2c4b939fd528fe677acca228,64.9
7224ce4000539b85758bdae0e06fb611,64.9
671e16bbd6fab5c418a797451d9ef568,64.9
638042a6d4935fd75a8232e4efaeb0aa,64.9
a676968396ccfe1318e256c946c7b38f,64.9
07226545d056696fc5946dab0f0f2a7c,64.9
9de5333b7f7457741de90f4cf5f0b3f9,64.9
5f6a05a83bef098f3968150ebff9c19c,64.9
383c957ec162c9147f9aab26161af5c6,64.9
c32c207d9ebf75958011557ac1624e2f,64.9
1d4bf184a06178a13974e82fe96f26df,64.9
3b61325bcfd9a7f3ae68bc8bab807fb3,64.9
e5c49220ea97eddff8b1fbb594913a43,64.9
62a53dcfca6c289c7c7f1639b09f75e6,64.9
66a1ad480e947477de23aa06e861feb9,64.9
0658798436373ff6997afab7a5e29494,64.9
9dd8f1c94c6d9e74b484bd87ac5a1d17,64.9
3a15794cd2a69bc6d8f57b3c6ab67610,64.9
f05b7d5565860304973f163aba0b8804,64.9
b91251b81f7e08e8120571f2f4f88e0f,64.9
e373a1e26d96df390fe56367ac0bdfde,64.9
777a72b307f2edae29414b26e2d5e3a1,64.9
d9983bf03f76f720635b689e1de6059c,64.9
3878b9708e39846aa91e7305e9baa2ee,64.9
957be0f308e6fa876ef69064f6e24426,64.9
19164000c4f2f70911bb28eb4b20325a,64.9
83b22908078c379ad87b33bd9034ebc2,64.9
9fdfda7267b95b767604b9c8c8431623,64.9
4b89ec593a026897dbe7c9e2b3d37894,64.9
c89804ef71f8c8888f76d683addfd6ba,64.9
80184ddbff3497c53fabf8a67aecb993,64.9
a0362a2d1b45a45174f4159cb281a473,64.9
5b316feca7e939c2199a4ee7223e2f51,64.9
00dcc20224e6a230aa9f7ff8fb6f29f8,64.9
20bac6eec28d792b07e92ddc8fa53b90,64.9
e1a734dcac8e67ac23fa1102fa8cbb79,64.9
bb806eb42447acd43835418cb81290c7,64.9
b2031e2f6a70e343bbe4cb6a8aed9680,64.9
71ac72b29860fdac58666426bbe6b4ba,64.9
20448f1113010adb640892ed126e7ef7,64.9
9f6661ae61b5a699dd702a84054d4dbc,64.9
90d65954aa6d433111f1bcad17e41240,64.9
dd51b4a1d1e10a86b89cd5d07f209e17,64.9
aaac580394d307641eaa83279b83fbdd,64.9
4c88dce1c0a3cd855a4faf78e6e125ff,64.9
904449affdeb0fb5ae7ea1fb440a8342,64.9
c5348d4436b583cc8822901012725d7e,64.9
3b97b6044056ec33bfcd32e29de651cd,64.9
cf80fd8001f3dde881b3b3f8d2badd49,64.9
ec431dbed870929c480d45d44d20971e,64.9
6155184ecd98ede912056569515ca6e9,64.9
4ba2b43f36c1164785d03d0bcd0f5f72,64.9
d106918f73f119d9ebf155a753135f40,64.9
f1ede9f967d57c8c6e3371225fb5bc3d,64.9
937e9cde9c6e45928d8ef0d7536d97e8,64.9
b40a130a36dc28cdbdabe856f1eee283,64.9
383302d43ca2506b3170ad8cba658b95,64.9
ff6e14131c33b3c03410f91497936db3,64.9
9806b34f5c5ed77c1f69465eab61c73b,64.9
02745d8d4ad97eb190c4939c5df1c3c5,64.9
a1804044f3a31ff4f8f6c010ab1af940,64.9
cbf1262d4b7a8d68888233f1aba4919a,64.9
8871744f347a26868d7ac1756c0cebb5,64.9
bfb4ea5405a6169d8b20f6815af6501e,64.9
fef2e5a93a464f4daf5d2b2ab16a7753,64.9
71ef4d882400ced4bddcd6e8a60e1e9f,64.9
3bfc56d74bd9034653df36bb0de5cdf0,64.9
45acf97b168ec16f75b8e504e62451a4,64.9
49e0851725249f39533e3afdb6068907,64.9
8097a1c159df9f814f105cad7df336e3,64.9
352788649c9325b16a6bfa96df8942ed,64.9
a8f1bc83f930027e3bf15692ac53d638,64.9
90fba6afe82263e7096cff789a216fa8,64.9
1a7b30b740fef8190f7de1e678ce6290,64.9
996ec92b257a060a8a66ed7d14befba6,64.9
b3153b99b2c54af18a5ae22ae0e68f7a,64.9
66ec5ecfd2fa4c5ff6676a3defe3c292,64.9
2366c641ff953db5f1f6b3d7ec2f8765,64.9
c70da07ab281d8db2e4bd3ad3a25e48a,64.9
2f25c66f7e0f73597a2d4e3db9ee9162,64.9
4c1e1174487600804cccce389ec85d59,64.9
33b2bbe2225b2bfe65cf4e29ec17a23f,64.9
14ac3f6c786badca32dbb3a6d6234900,64.9
a901af1f4feafd5dc0c514b87d320d21,64.9
b07d3845ff0addca8fc9fa54ea872c84,64.9
366402da97c45a2f443202af1baff526,64.9
31a22c96ba8050ae34ea9bd0833e1e99,64.9
d91e1ede7c32d5c62cd335c194fec439,64.9
8d3a7b03b6201a662f26c9cc6605d00d,64.9
b65df387ccc9a5adb98b8b5773e18748,64.9
a55b35e01354b9dc2974a22c1e4484fb,64.9
79bc661c3d6c9b748b9bc2395c0db0d3,64.9
280b6e60c0323ca7dea55d10501f5291,64.9
6dbf790550aba689a981424631a43515,64.9
90d791d06a3613f5232770d70dca4c63,64.9
56c1cf4b6abb00b12bcb6a01ee635acd,64.9
7fdecfe159e2f89af435668f6a1dd4dc,64.9
5c1ab4cd10a1abc78951c01d88e593d4,64.9
b69f71499d18371756e7a6d31a9ac0dc,64.9
c8d6e2f404529ee75435754a20a88c9f,64.9
b08451e46f8d80e6559b22b9e0d32f41,64.9
2d9e2413671ad73707ac2f425871eb3f,64.9
8dfffab81aa1ae858598d70c91b69122,64.9
d21aca727a504b0dd2253ba5b4ff2bb6,64.9
98656702c7d062513faeeada65ce7bf7,64.9
e6ba3a0e166a0249bb57e6a3bd2b6e89,64.9
92c6e38e7cee0e9c7f386bff3d752256,64.9
d938f73683a2702cbef83047c31c611f,64.9
4c89fdd6c3fa79bd2f7383da05475f81,64.9
7fb8817553c00e571f674768c10a7bb8,64.9
acda4e3bd86587774d6a17b8e8d7e47b,64.9
b35b9f5d340006ae908ea31e7439c9e6,64.9
6640e9f8151ad65f948011756c423e9d,64.9
4696c1f1c98537de03619ea8972564b7,64.9
3a5a619866e843b7ebabf717e2f68d4e,64.9
0126e712caf48d6cf32ffbdce563d2c3,64.9
b400985b193841a8e9b087168b103e15,64.9
e5f8e8729146fd86c86830782eadca4c,64.9
ffef8c44b23871ffd6a1df761bd61783,64.9
afe72ed049ec9d0b2197c39828695745,64.9
e2c600ac8887aa902c5625d4e2d55c62,64.9
3d2d2be2f9ebb31c0a41010f1ad57753,64.9
ba6fd01891caf33ec537f8c4fa78a866,64.9
fad867ccc296df4399f09533c10bb693,64.9
2a882786bc3a3af530ed3405b171b09b,64.9
26c135a79b1c5728d80a4336b2a8d85a,64.9
4ef55bf80f711b372afebcb7c715344a,64.9
4a11fea2fec6130be9043db5b3866b79,64.9
1596ba8ece28220881f4ac1e07014b39,64.9
898e06714416fc907ce5d20f184051f7,64.9
2180c41db24b7d9232d899dcfa56c10e,64.9
b6cccdc0fd62400b5b78915d061edc76,64.9
222686e9bc3bee00511c05f3c4c9e64f,64.9
0108bac6b3f1f9f0fb88a1f0c0763919,64.9
1084f56c3406a924197d7ce12c410cec,64.9
54ece387a84149502ff004cc7ea25f60,64.9
30e82497ccfbf893c3e6561e784ba613,64.9
c27dde1de4fba311ef762fadffb4a93b,64.9
5c38a435f3613cd83e32cc50043f326a,64.9
09b05cf05544d8a96f2b7f55a89f10e9,64.9
6d015d1d0375a05e8fdb9b0a20ca34ee,64.9
2d97b3ffd3a5911015a4415ff3d847e9,64.9
0481139ed7fe534a38ed6e694cf5897f,64.9
f8975f0842ae1e4670a410a02b1b5053,64.9
b95b77cecfd29346ae834ad020686da5,64.9
7db0da9613a8abf3df20bc935908ac87,64.9
409334e233daee55eb33a208c8295db2,64.9
d269e75ade2fbc369f8225b85b1ef069,64.9
4d7e4204818a6e5e29df2cca0b11a479,64.9
f28fb10fe125fccf7e960e9e6cee6252,64.9
57f95cda0479641e288c9d71f0c72ac2,64.9
64eb9409c29c87a0a90ee1e08ce05065,64.89
1324ff534622fa55dc3102e7cb227111,64.89
e4639e14392e13ff6898b81d6245ba15,64.89
113834921a2754d784a4da33e14081b9,64.89
03b3813a78be4cf5205e70977ad78d29,64.89
d2a90be3e7253852568d80763b2df91e,64.89
dc13d8f53bb887e4d6dde17d3a3299b0,64.89
a0727389c830127a85aee70ca5279b81,64.89
278e24ee5b70133385be317b0b070d0d,64.89
a31d81182a35974e456ae872e2fd62bb,64.89
8a69183a69b40f4b931f3c023574edd9,64.89
0ecf8e0a08148af0bf313184f167670a,64.89
7514285bdd26b3ce763b21bb5e51f886,64.89
3d1b213b4f9d6a6aa1cff9e5ae6a9c0d,64.89
b25160fb0acdfdc69ae0c7fc1adbcda5,64.89
32cce0517ae46ccab825ee186eb8734e,64.89
349af5dc6eacefe1aea0d44a219dad84,64.89
c74b0208ec9a9f9f9d1e578357439b0f,64.89
05c7cc5968be57b066ef412d5fb4c59e,64.89
61bb04cebcfccafac0ade9ff12f6c2c8,64.89
24156a2c9525681a7c62d618bf3a9f94,64.86
2433b1918b00716d9d91da3cdc60f337,64.86
c9b91aae07c6cd838cac23a7e534e1df,64.8
e5e7d7273d1c70dff72674476e9492d4,64.8
3dad616569d948fff5ee591c673f36d8,64.8
b842717959224c3d19977a60ecfe0567,64.8
29f36192ba88e82563010d150f11cd90,64.8
fe4904204ebdf584760213b82bd6307d,64.8
52ea385b266902d17ee55b5274787468,64.8
f1b6544acd44a33f0a0bcff35db32545,64.8
8694fdb4ebccba5f0bac1ee90edb5bdb,64.8
723e28e304cf76bc60103207522eac46,64.8
b4280f8c7c3c49fda3cb526f0bd5d568,64.8
565764f24ffe1f2d7d54286cfa7b4a42,64.8
1958a7ca6c1d652df51a65950e9a0628,64.8
39f51cf31b3d2266b99005da1b5d5b79,64.8
1b354261005ab5f5ff92c38c656c68a8,64.8
65e5225058cf3dbaca1cdffb7c575dc1,64.8
4cc0feb813529048d5f404e4ab50d1ba,64.8
193ce7c3325f456276d2c58fc552f3d2,64.8
63fd4451626a55e8cf2354c7fcf7d70e,64.8
de3b82f99f2cfb72c60e935cdb6e7007,64.8
2a8e6bb4efdcf4ac252e81658f1eb003,64.8
37dfb124f9e0d398a39c89db854e963d,64.8
532ba8d37f21feb6c733fe3847aae08c,64.8
d9823acef9aa0b55e9ba57c2b759ae82,64.8
5513e61298c776ff659fff29ee5f4f0c,64.8
3dc884c6324e6772af1dc9be78b1d853,64.8
dc00481e8927527c2cb71022add53378,64.78
79b62a9b5b7c37260d175fc99df3dbce,64.75
9f882879a6fa0b1de2906aac483883de,64.65
99e8fac2d9664a0f5d7360fecdd6c560,64.6
25216db0abfeac5dbfc9de3cecb2019b,64.6
60246f1a5bacddc1d0e0b946995b6b74,64.58
5b536bd453932eaeb114ea0bb8baf5ec,64.58
5fce67dca9a87b02a48c4c507abb355b,64.58
256f06cb1d10d7427f8ab3d96b873cab,64.5
f146be55cefde6a5c21dd2c13d699bc8,64.5
0578b89ec329601c10e1f39edb7280f2,64.5
fb775d2d77b7985d3d8f096fe90712a8,64.5
9fe0f1e8a4b461fc59cc93ed610e8d8e,64.5
4162174e341be4246be9469de35dcce0,64.5
0fccc41bbc39fdf529019305f1db8113,64.5
e1296fc9063ce948861d1d3f69640f83,64.5
d4d76ccbcef33b38af7ec758e1d73bb8,64.5
35ef525d162bdd09379c34cb81f25e9f,64.5
075b3879780bd73864fd08b5ac8ebe93,64.49
00a5ee1a809dde5ccdb5b8c58531c343,64.49
64adccc0de9d57989a74c5ac34e43272,64.49
39dc149fdb93549f7445ba0f18056f99,64.49
de8c2741de6d730a8cfedb72a57c4d12,64.49
e59fdf8add3f2579fa55094117b2f2ef,64.49
60f4ced6ca8d204e23e981c7355750de,64.49
a6fba43413c5d37fd7dc3173432f6ab2,64.42
dc5e67641a1399fb3d2fe80769d85520,64.4
14949512ee391d8c8ce42c0682f2cdee,64.39
bebd3f48e701a06fed883bbb2ea27748,64.33
a05aa53174f5a1acddbbe75a8bd52779,64.2
180404f910942ed7c4b5f3e952007686,64.14
4c8caa591e290b4c5fd0535e8dd3c84f,64.14
70116073b8a399ba8843062cf3a9108b,64.02
8812ce9218b761790dcae63909af684c,64.02
37b4b2b0dde094b04111c92ef29e7cf5,64.02
c61f5ec2a237a476d50b5194f90af516,64.0
2069a41636b7238c9ebb007af92e652f,64.0
dba6a521ff58c91c3b7802383a2b77e9,64.0
9cfce2cdb27217970f887a8c3703116a,64.0
d0b0b2dd8bdaf36ebea19c232b4e986b,64.0
f9a0b9c3252efbe163954fcec5f0146a,64.0
c4aa9e0a1891b53189825b395b3d3897,64.0
5c9869e5a7e9466ac06d1841fc7e73a1,64.0
ae85e9bbee2574fbe5ccaba61da335a3,64.0
899be4b651267f248003b1bf34fa64b7,64.0
a1be9f93fac47b616502d82987542c6e,64.0
b806d6199ed9ffc4e48974784d3fadb4,64.0
9897cc2745dee2567ebdd9c8e997f6d1,64.0
92ae73900149aab92d6120b9ffa42675,64.0
2158a2e31d4465b16cec3d61354dee03,64.0
743e5db38ca5829692d7e8047a9a60e9,64.0
f778ce20d1508a9905cb8ee5ffd45466,64.0
80d2dfca15a87fe59c2fafc53f1a7ffb,64.0
a0e671dcb000ed7d071fa2f308a9c625,64.0
b4a4635e6d583f91ff510ed3d8856735,64.0
d24d71f630561a1fae69125e435ad612,64.0
a77a71408320c4a9a0ab320e798cd728,64.0
69c4e90b55da8af1ad71d4bb219e1268,64.0
44da5e73b67c2ac30e15d54c879e050b,64.0
259a820d067858fdd33aad502d61c2be,64.0
46629720f785183abf62107206e8ee37,64.0
6808749cd32ad725864be65a76dbaa32,64.0
ff6e5da88f99e07a1bd45f6e34b36950,64.0
cee0e3a92a593e11d4a08ac4c9ca0337,64.0
01cd5f54498033a3b4820866458145e4,64.0
db1b820efe7cdf1e07ed1660703d7ee9,64.0
8007b5598d9908bca93e9755793634de,64.0
2986e0dcdf8b36c8fb8a591504ddb0aa,64.0
a22cc44a0d2b4126cdb3d7b55f9cd22d,64.0
88e7f69e0084b4abd65fe6f19be36871,64.0
bf3790c6f75a5ffa9bab9588276430b1,64.0
c27703a50050afbb4661ad22ea030c7c,64.0
a1e6bf64dfa9387e0f94692997304b4b,64.0
e1acd257a377d00f70710a438c472cb5,64.0
2de44491346ab7fcc2819ddd069a54e4,64.0
e68818a4f1f33d497a7417c7c6bf4038,64.0
4ed0344372e80ad60bba6b668bd61bff,64.0
d2c67f6ce0db029349ea52a96a82aeaf,64.0
a70e9c4eb3f2b1a98db5bd7fef572f21,64.0
8ddf912b23b9bcb9b594c466da876a89,64.0
93c859001a3199271096b3d30a592700,64.0
e009147a4b30be4a108b0f2874ac005f,64.0
bfe6959e788d3b3bc146aa98f45ddb6c,64.0
cf2790b0e510cd5989c1e2fad7b058f1,64.0
7b54188e50749f77061e68aa39796d3f,64.0
d730314f99355b3c89b913bc6be90747,64.0
cb1a900268da8bd68454273b2ddddf4e,64.0
07fa80994ffbe439ec5465113d69251d,64.0
803bedcfe54697fa00c48bbe097866cb,64.0
311242360432d1fc2afc8ffe2e13259e,64.0
a2df00b7bcbfecbcda4f943fc341031b,64.0
f457ae29820089a077b166bcf2182d9d,64.0
f7f8a1a3c14981f719f65275db4d27c5,64.0
16204c2d6dfa2b5ab37b70091272a174,64.0
c4784d77ab20f22ff6a8cf8140d43b42,64.0
bc71e53f95bc23680e841afa02fbc89b,63.99
f07aa6675ef85cbacaafe5ffc8e17f8c,63.99
faee0cb7b3e2c9fd9f57ec04cb70d51a,63.99
3ee02d8633882ec406812543d39467bd,63.99
8dcedd46d066422dab5f38033456618f,63.99
7fd3d557cf72df79e448740ca65d015e,63.99
dfdb6cbde08c4bc6b1508213ac4bdaf2,63.99
7a712c6f68eb4f82e3476a2b15aae037,63.99
b945cbd924ea3a1c3021b397fc118e63,63.99
0c5be6b354afcc24ff40642e4538268a,63.99
48a1b54742262ac81d42d7f93f24c126,63.99
1a6829104b045d6b112f944fda049193,63.99
0124a56e33d9d3da6b8340d2153f60a5,63.99
d79764082a836f215312d98c964ce478,63.99
e184587778490ff1c98c8090cfed6a0f,63.99
2304a16c6f87e1596b00b5bfedf72fba,63.99
f3ce5e2f314944574d86bfa26a1f1e27,63.99
23c33bfb0f1549b5ac15cb65db88e613,63.99
30a09a314fcba2f8ddb8334844953702,63.99
6087008160873cf7d0e58b1de1f5e048,63.99
7d741f274b5f16487253c349ff12b703,63.99
a1c6767b4d0951165946354edad40ac1,63.99
3f9a4c8e809a1b5d0bec58626162cbe5,63.99
d84a9738d613b69719f0bac7a49a7b65,63.99
e9e1962df1b6d60d3b3046c0116df408,63.99
3f3aa5d41a7d97c1460eda563da6f277,63.99
f2468e9b3de6ba79a57728bbfd70527f,63.99
16c3c9fbca9023acba9f5b00daacc1f0,63.99
7b7ba461fc53c28a671aef86b651235d,63.99
9c9f2ef0f3f3a453d1cf63a2eb33cc3e,63.99
054bbe007936c85bde1a019ea0d47780,63.99
2e45292979b9b2700ea09560eeb0f803,63.99
a2e2a4d271cf0c0a0ecaf089c9f57a85,63.99
c6a69a3b5cd3cd277ba75dc937ed5c80,63.99
d72a1badf2ff0224f537c351bc0fe0be,63.99
9133e4ddfde5181a01a0312e6f77b331,63.98
f07d418d817c1bc9c6a94d2890d831b9,63.98
1b7d58a6ba4bcfa32aea12da4a864b36,63.98
9e69321bb2e7f46db966e815d56ee6e8,63.98
40272bfc2f46fc530bb6eb75977b5a07,63.98
1297707fa763fbc3183ce00a8f3eaf48,63.98
68de3e57ae340fc9a1c7cdcd6bc69d2d,63.96
8f9812b5317a9100b7eaf46812a796c2,63.92
3e9fc594a0a79ea460dca4a70d95645e,63.92
71c7265705afd84d030d6adc3122d8dd,63.9
a83ad9b007b12d9e8a6f3f5d033dde19,63.9
a9d5ef920dd27c90c1e48c0ca59a0ea3,63.9
7378f65d7c067ad62ae3fd158a4cb9c8,63.9
f003f5ca3e4902a9d8d5f42792cff857,63.9
04522f4ad5dde9b24196eb897e32710f,63.9
fd02e2278bbad54bce38c92d69935f41,63.9
f24c605384d492632a9a539d3f0d300e,63.9
24f24e0a790d2078061f35039cb310fe,63.9
29199a7483bff54678c7a6205b5db5ad,63.9
1d6f3ef21f84fb799b1b00d422c6c578,63.9
bdf997bae7ca819b0415f5174d6b4302,63.9
108d8cbbb30750cf961bf635011d9552,63.9
acfa364ca85050e749b70c2a377b6e20,63.9
098e41aa4dee243c17bbe8973499c960,63.9
df79f186a9089cf9c802660d46a392b6,63.9
d1c636aea71dee50a1d879c036575675,63.9
e13b20c1396bfc0dd01100472f1c8ada,63.9
85b76fdce38efbc196243002901ee148,63.9
d96e5c4400413a11fa8c9fd54be4a20b,63.9
ce03e1248f6753a907cf1e5fc9013939,63.9
78b4a497874ceabb1f3dd6bb862b9713,63.9
3e219f5a6c6dffadc22a907f34e2e350,63.9
6e4938817f628d0dc9762843b93c5930,63.9
f91f25c334f44970a6b8e4b2f3b24f5f,63.9
807e915d9c33af274ecae4f7810038a3,63.9
f8a6c76a11c39f882026319b654fab69,63.9
5c543a7ee18263a51c05becfb86627f2,63.9
3f686d5c1b8fee2f56b00f5864f2bc18,63.9
d8d2e004c9fb73070288b0e28ddbb2ff,63.9
679d652ccfb090a95a303461dc11a668,63.9
cfc067af10539bd089401dfb05fa6e55,63.9
c4a2da69a354a249cb1c07d703552053,63.9
54413d97781e54ac5c639fb127f1176e,63.9
8168eb2d364979841e0133f256eee535,63.9
88cd6a53a7d139e711f3fcbb57675255,63.9
e3ce9e46e280d1ef5d646f56de37ebe5,63.9
febd6dd5e254743d7cf204dc53224649,63.9
2ac7740a46d83856d2c51372f27c1d03,63.9
aa5de1c726fedb2c495cea4ead03d6d8,63.9
7de0155359e8225c2e5016d53d932066,63.9
60aa677f9f9260cf5b5cc30bc921358f,63.9
dd5c9c979013243db3251c51eb0bd536,63.9
e450a297a7bc6839ceb0cf1a2377fa02,63.9
91419fe363756e3e909a63529629b5a9,63.87
f0654b836659036175a0103e9fcb2e4e,63.87
18c600236647ceb2919a8f9adc3ab76f,63.84
e3aa506516263812f35b7a8636afc9b5,63.8
9ac8f265f3c2e85f2972c02231a35bf0,63.8
d0bfdabf0d3b06ca689c5eb518a794b1,63.8
87ed937e173f32a5af54daf84e0732e9,63.8
ca1a44b35b3b2c450ebb9ce015d6239f,63.8
6ef4f80d86d939eee04bc62dcaee39a3,63.8
28e00e24d35fe6db0b53bfe88485ba26,63.8
4a4b6b881f86d9d415bedaccd4eb70b1,63.8
38015a7eb67f32e373806cf89e4900fc,63.8
cce9122504ffe615a5971a2c761dbfcf,63.8
6b6dfbbc6ce8a28d6551efb5b39f74b4,63.8
8e8e1c50fc474c09bffa992d7bf59bd1,63.72
7d5b9f4eb02f2bd41768398e711f9393,63.72
69024cae6b6752094fab12b5e28fe551,63.72
06d84b87eab06a1cd1b6ccefa8836f1f,63.72
729891ea1ef5f05ecd5a65a7d6b4efbc,63.72
0260bd7b3bf780786cc7ad501287d9d3,63.72
9025ef74255f0c47c13a1ed465f83a93,63.72
682ada82d00f8a8f7c766f10b6f641dc,63.6
818596f5b68adfe2c11498ebb6d39e02,63.6
ceb5e349cb72fe8e5baf15d9929e7e27,63.6
38806f42b8696dc0e24a8fd5bf9885ba,63.56
a71864539ac6fb91e3fea25f0a786798,63.54
e5a8aaccb766e00177b0a587979cc814,63.53
071c264041baabae3785b47968d96ff3,63.5
cdbf70a172e0b24ed5c246c3574f9b16,63.5
6059aa1741543dc3611f547d6c21917b,63.5
451bd3e4f4efa5b33e04885f2680bb28,63.49
3f1f971f34da6cbc912666b186cdebf3,63.49
a4f7787cc8dffd6006149cdff5abed26,63.49
595a27292ecd8550ade73b5a81236879,63.49
2fe74cd469ff73b77342fc789332b598,63.49
0411e33b400d7bea31c3983d67bc071f,63.48
5c46e02c6ae6bc6d3a6f33966d05917c,63.46
83d7ab5d806218715a5e5a07d5d37dad,63.36
462745b7e4248b889b1b2c446705a8b5,63.33
afa1967d760c4b6249baf048e3874532,63.3
2a6d4abe703e21ca5f502c5f0516247e,63.3
276b9e5886dacbd1a37c6d7c55ab0220,63.14
ab66e397db1b48e3bde13be7bc47aaf2,63.14
ac991e5e333b60f5ade4f3b2f7222f3a,63.14
d6d663ce0537715bec2020af3d3c9045,63.14
c031d16bef68d49702691e07ceb849ce,63.0
5a011a1c60682c0d99f830005b70ce29,63.0
ccd88d5a028a8673a1f2e9b98af66132,63.0
0323c00b72fc475ff52ece9884f47b42,63.0
0a9e6352d8ce430177c42239f8688938,63.0
6f0ab5342faa11fb372c28c756d4fd9c,63.0
824d5940d4c3aafbe3d8f4d4d071e78a,63.0
5681c6fa141b43aaa13277dd0fd30b76,63.0
0f627b6ab38a1e8e4f2bcacb521c20da,63.0
dd8a1f106e2a416211230862df1224a2,63.0
80b2dd0afbb9c18f5cce702acc2947b9,63.0
b72684bc50364bf3f97bf6b0af8ee412,63.0
8990831f28f0c5a632fed68edb3718a3,63.0
2cdd14266e171616685c2a2deaaa76f3,63.0
63f330a63ce29d44c782f04d7dfe397a,63.0
6f723cbc091991a59eab4988e7ae5abf,63.0
6fbb5f2850748f7d21c5c8b7a04abb29,63.0
16d27ff13d909cb6345b2498a549a7b8,63.0
8fbf900a62f8963e652dc8fcb3a5256b,63.0
241a20babe281dff9201cd9abc43b96a,63.0
982449bc71d36806342e0da485d6820a,63.0
e7e3b6addd9cbdada337bac46efd5810,63.0
0041d7b768cb115092fa0f5d55638d06,63.0
dd7fd23e665b40be0b227cdd2b179046,63.0
b8073748f703e1954f4c48abceba89ba,63.0
1546152e72a96d6b2c261f3537a091da,63.0
2b9a21297fcfae527fccb19cc3e73ed3,63.0
4f3a9acfe1e04480b30e5a5dc97d8388,63.0
4491cb47da7e1ecf5e3158f5b7c49eca,62.99
367788607e250367f43183f3500e33b6,62.99
1ba283e330254f59e8ea1ce749494cdf,62.99
c7d332c9700e825231e256419e58df3a,62.99
f3ccedece830a5bc0302a88efc05a850,62.99
251bdb1172c30a65570d897d532b48d4,62.99
47f6e5f9290475ef52bc0ef1aec2dd3a,62.99
105507c4c509dd35a7c26e05c7039089,62.99
54b4870b180756dd1067656274e73bdc,62.99
a26d969df103529ca7d2dc3b8f8a1e5a,62.99
598dba00be5e701f7d8fbb9bd29753ef,62.99
12f00aefcd1d137844bb0b139527ffc5,62.99
53fc04283f0d946a97b1f45ef5a9d039,62.99
9e0d161e44c6199cc00168f41060be14,62.99
cd0b86c73331d47ddbbc5e6b6ab0a2b7,62.99
22053a23a1d965f983d462b3ad3cccba,62.99
1dadf2ecc748cb4a42716535a239593e,62.99
058d7c7ab33903fc3c77e61d78c7721e,62.99
453b016d1aa90100969032ca4efc7b8d,62.99
81341fe38e3655b59db49c85c8d23d5b,62.99
2845c3b58bbe2eb1dd1db586ae2badb3,62.99
24c94c22475a9d635eb7d012e825fe6e,62.99
f91ade93850e6834ac6e241c2ad52735,62.98
7b5d15455a058bbefa9c1d9f4aec2f95,62.9
8f183eb14d2ba88e065081df43bf5d5b,62.9
59770d8576db6731fdb47a6beb74920e,62.9
9b4405ccd29ffb4c83500f09452998b8,62.9
b757d2bd2f607d861b8759e69e100c92,62.9
28f39e74fdd45c116b369e904c3a82c6,62.9
b9e25fb19734f55b6132644fb7dc447f,62.9
21e7dd70f802e8dd48a3c62e0559d539,62.9
0833e6b9ceb73c111ca003768bf53228,62.9
1d5dae086b3f7fe285742c43193265a5,62.9
2e18d81f24d69a3d10e46a230bb466d9,62.9
bfbd518c2b48ebac376121d42f5854f2,62.9
002ff70a5285669011090c077ef929af,62.9
cb03cd9878a7746a45adcbf027f2098a,62.9
4e830386ddbae62bb77201afe334c140,62.9
003eab528664e1bd677218ef4be086ac,62.9
c1afacb800d62408ba097a32d6524e84,62.9
e3380ebaac614946396a5252ef205f6b,62.9
51096146766468b38dc9eaf200413dd7,62.9
913fd80bb6b904f60ce38b0d10bfc3de,62.9
0fce8fa7269758a9711ebafed7c8bf65,62.9
ac4481e756b60f32c809a56fc36471e9,62.9
cb013c379aa9b1ad752096be81a9f605,62.9
7557541c9c578082c892cf185c3b0b47,62.9
8a3ff5438e69e032936ab47f419c9576,62.9
b57974de46d4b2474514538cf1451c99,62.9
58d3cf805da31cedec8f0414010cdbd8,62.9
eb71557f1184513989581773d1afc0d5,62.9
daf9d3ac77b9b0540ad7bf5825a39c1b,62.9
cb544b0c548dbf3e9e52914472d56415,62.9
4700a9c25c2412e57e2ec4753b608af0,62.9
f1158dfc03fcc951fea8e36d36836075,62.9
67588b81dcadc1a20b20aac2ca3ed209,62.9
0204531aef74d85df77159315dba211d,62.9
3d6fa8d293cda29a0c7ea033b07809d0,62.9
257014a0267d8925a6084a6663ed056f,62.9
7605a56bf8e58ba48eb33c0d6d5c87fa,62.9
27042fb514020b4fd8b981f6826d3b22,62.9
3afd37d52008fa63a8f8872bd5af223c,62.9
d96a0a53b1076cd1fb71326dec092f0c,62.9
55be0dac47bedb86aab1f4f36bcd47bc,62.9
acd8e74233aa5091d573fb28b6aa1ce4,62.9
b2e28a076bc94c06918d88116a0050f6,62.9
abf8b0b1e1ea6f32a934d44fdd235048,62.9
6b5584cbcf69fe02b86db187f9a463c3,62.9
17cfb5477c2932c7ccea2be346ae4a14,62.9
0225ea6650051752e6352a65f4316c49,62.9
15b08956d5af30c644913e452cf6bb01,62.9
63564735564a758d8f7a00dd5ff769a7,62.9
f34afe6fe7de01bd85eae362d9b8c20b,62.9
e5c8b7d8833dc26d7b004bf52a4167f2,62.9
68d7530b749aa96df05833de2d337e6b,62.9
af278c4260a26ecc65c4cb2dff218a93,62.9
6edf692fc07691c010452f3de9b6df56,62.9
acfb0bca6344e3b5ce1f252b5da4c30f,62.9
c8a7de1c8fe5ab146fe453e2eb504f60,62.9
12972b8f7cf1281794beef6967407023,62.9
275bedb0597daf98d100ccc0f9a5d63c,62.9
193975242724bbde03dd270c7f320993,62.89
8e5d0adde31e653546790a303a88efbd,62.89
bc55547f9f2fb026085824b7acddb9f2,62.83
1c00c415c262d2dc99886b3b272bbd4f,62.8
9fd2b1cd3d866b1a545f69267736dc9f,62.8
f69c1923142fe0dc592e54ef674b25ff,62.8
c03793e75bfde694b9f88aa885d5b7f0,62.8
d05b620139275e5bc703e935d448d598,62.8
e27262035bf937a0f1e1d333dc678b48,62.8
fe5127e14a7785cb3c0dc9fec103e878,62.8
033b3d672236740c34b5444b2c95658c,62.8
a4919677ea2d5b947bb5a582c0bc7e39,62.8
d3832d663d780c302eed541de0cd7477,62.8
9d37c4e8a4d46ee5b52e0bd812e81572,62.8
2e45c5724dae130c031ff723c1ffb5e4,62.8
f034510b61dadeded57a79a657d3e3d9,62.8
80c0a38fb7948e73974c07ea359aa626,62.8
5aea25930a6a9c51f4df7dc5c90dbeea,62.8
5bd4f07bafa8c390e6e4d58acd4be947,62.8
014f2d069b53eec84aed9b8c1d5ef270,62.8
cc8b1556b283b7fcc7b5ae2106a99eee,62.8
94906d652f7d1c9e4c4af604ede7784b,62.8
d68585c54450af4bfc04cc6cccbcd607,62.8
1ef2eaa16c2555f07c0e7c46edd1b2ee,62.8
8eab969e6118d0e8f079e00891fe6161,62.8
a81d2b8ee773249a32739a766ef9d891,62.8
5ca9d51e7f3f073fd3ce1024b29579b6,62.8
9452bc0fd2c071a21ea6fd2373fe0c23,62.8
09a90a21ae1d1a693fbc83851edafead,62.79
3370295abeafe41d497d1d993f57d7c9,62.79
c1082c577614757615b849f2e56471e0,62.79
6291998ada5150f88acffb25e928ec57,62.78
6722b211493615e10b66f7aba128121d,62.78
d98edf3a73e942ed1ece36e5228783f5,62.75
fa8a4bda569c794150f39cda0dfe0734,62.7
8387d69e1669892094ddafe293216507,62.7
12e501af448478b1e785e738b6232f5c,62.7
7a84164f936f2435540fbbb12b241930,62.7
84078253c5f5620cfb1d3a9d08ecc582,62.7
e33050f010b28fe50cf2c93329c97076,62.7
13ca5bcb48b28bfac0cff36a30b293db,62.7
6738dc2bb3f2f7f40961e8dac0adc05a,62.7
132f0e561c32662c9a19fe2042816573,62.7
ad4c683b0602c8844549f3dae4c59916,62.7
92d10040d479c14fdb924ce85bb788c5,62.7
6b06609451b5487a70f7f56fd57619b1,62.7
f1a5bf72aa07f3a27a258738f4c316a2,62.7
3cd324590eb2fe506b8dba8f06cb4e26,62.7
44825e1c6d09b3e10747266d4209e43e,62.7
760e2f7a591535e202953fe18688b31f,62.67
536603155646700bde88157ff0b59d87,62.5
e9ed39c433c1acc15b42359ede26225b,62.5
87442b1b8fd9700b14b81ce9c3bcadbb,62.5
0971e7340c57e772a442f0f319161c7a,62.5
3a2e0fc473e5c6bdf7d82c9013acb94d,62.5
4ccfc3a8ef510c3a3c2492f64b5bb9ef,62.5
f7af610e591f0a53b8adb3cce3ab1c46,62.49
14868f37a05bafdab87b728267196f10,62.49
1091bac91a6e827e41a1cf472097f08f,62.45
79f7aa9269886210f054b5337f326474,62.45
acf3736030b77c384568d4c35bc199f3,62.4
3a2b4695ef4d00cd124b3e6f2bbcd212,62.4
a98bb75dfc80635527ce69e0fcf0a259,62.4
a002e1b6a0cfb5d00124f12ab2e90fac,62.4
e81e535000873fd8112aa8cfaecbb742,62.4
071a86d714c6f99aa23feeecf538399d,62.4
c3ca30ff55044bd8aa685720a84bcf09,62.4
639d54dd7a7d4f6ac033dbefca8bcea1,62.37
61f36679d219b1c61d8ccf20ad0cb547,62.34
07b84eb06cfdd90b1e293bab0df8123f,62.34
b21958bc94eca31e8d3f5f8374dd0a4f,62.34
3b89a5688ba5b8c0fed6a02db53bda76,62.3
06f0e084bc0ee932148f0094af2da58b,62.3
0940b98f5162963ae1885fcc71f6073c,62.21
c2ac74cb6fba2dcb4aabfc8ca809e817,62.2
1e2489ff630b27c2e1d61797902467d1,62.19
a192e83217022c634d89c73d018d8251,62.0
944c2b54ea0bb6e12cb06ead9d38c884,62.0
0ea88afb6e1536daf0e38a731473ba96,62.0
d3234269a0c002e31b31048277027f6e,62.0
3a76019da6d27bd392b555346c436507,62.0
abe671c39e0342ced2419a9348c6ab02,62.0
26b2ee1971376db4853f8a660c9a3f30,62.0
3eefe54afc9d6d5fc569afcc3c28e772,62.0
20f7de2fa3510b859b29df643f4fb0e4,62.0
c9a2314ef1673617584d52322a94565e,62.0
2b396f2065a37a6c85df1b5ec25ef942,62.0
43491d3d8c2354d4f3c28c63e25b9a9a,62.0
23e04819069fd4769e34af02b09bdc3d,62.0
05fdac815ea6a7f430e1dde5c80bd6c4,62.0
d212ab922f99dff9e77e8bb172b7c667,62.0
bf753ecc8c9b53e99d0c6c655a0271ef,62.0
10579d8b58d69f12f480e2eb4c8be2ec,62.0
e827f64380c24c83011b755d47c5ca99,62.0
1c3c91349f4842b772741fee593827e7,62.0
9df1046f1b58fd8e2476e06ae75fae34,62.0
1b83698cf7a5f87b3769b57bd1325a85,62.0
c2304c43f9667f96129dc90ed8306804,62.0
f8cd00a7baf936fd020f7c38247dbd63,62.0
15dc744abac6f60f3b269e4d8dbcef38,62.0
eeef230ea3868be789d424edb3b91546,62.0
a0973c8c7e186a3e7425bb1ae01b0c9c,62.0
122e9095f8d088c0976aca2c3ca49cff,62.0
5abf5079ca122b0018b08562e51ad1bd,62.0
185f32bc42c8690bdeae6198db6c7456,62.0
2d1276417ffab1c174139789098cecc3,62.0
863fdd89fb0a41659f0a837fba06c45a,62.0
4b6484fa6c4406d63dca39c2f421d2b4,62.0
8e68059b819a389508e2a37f46343e60,62.0
a3aff8d67c9d400f130d4c0df6c83939,62.0
6e6943d8c4822ead782b17d532e6ee63,62.0
9145fc506c5f6bc8ba41754b1950da05,62.0
878fb7268261810f07f1f10e36624224,62.0
796790170a4dcafd7af4dc575f28aa73,62.0
ed2477fdffb22d49fd5485a80041ed09,62.0
eac1c5147416e3773dc2b3ed66098363,62.0
cc75b9bab7d984b2bb2feac7b5908d68,61.99
e9e093a7e4b653393bf9baa6ba895fe6,61.99
0a3e4f7efaf1befc4a84e1adcd9b70f5,61.99
7b663551ee814f12471e4a4efa3f0820,61.99
cb8ad14b9b725d00b8071c6de8b8edc5,61.99
2268cb48c219a752fc0a039a2c365568,61.99
c35f792ee62cc45e96fe4764a23a53f8,61.99
2c78e14a350349887702fb655e3f1bc5,61.99
e8db72eb5ddb5c47fc55af02a9395d94,61.99
a05c84f1b1af54e7733b5e84b8d9a7cc,61.99
c46061cd5153f35604f9e9a2130df702,61.99
a9c38ba869a0a0db70cde7e473a848bf,61.99
f75cc5ac3e64181a86667dea65023268,61.99
a905baa530258422594f1b05615bd225,61.99
76eab67889e52d7c8c29a0d91bf1a1db,61.99
87daa89808a5dc8c4910c496b33a5e18,61.99
1b5549f559bd802556906046b50d8ae1,61.99
58c52c26686328bb3ee2a91b61187f84,61.99
84f6eec07282d6ddae9a4211812e596f,61.99
ec8b4c21b7b12f71327c523fd81cba91,61.99
0162379b4069e08e04a6631bc3e9f4e7,61.99
a6e2fa516f9931d73a9a1a9a98f24fc1,61.99
7740afacd97ed42230c2d780d50f9936,61.99
25dd89b7e85a26bba8b7259c0eb2dd18,61.99
b41fc31f417d54049b838e2bd141e87a,61.99
75f4c47dc2249c41ece095b0022f6be6,61.99
3949590bb28376fcf2b77f181e76b765,61.99
5444e5d0250fbbda0955d66d99aeea3d,61.99
384758140507442ea3907362b7e9a3d0,61.98
c8cd50dc061e703f567e2b908868a836,61.98
ae4ce56d6cf0cc20acdec883eb6d62ea,61.98
e1757fdb0a5da58aaa609d9c28a203d5,61.97
fb20d746de8b6784ad3a0b665c457c17,61.97
6c32f357130ee67a9ff3841459f2c86b,61.95
0681c6280d7eedf1cc8655fda6afca25,61.9
b8cf89e77c8da2d4b77195a00de40ce7,61.9
be86627bd51be1f543e75f01a3c89acd,61.9
776cdd9adacea798b483176ae186e41e,61.9
8ca53db6e60cffad03828535d1fcc1a2,61.9
e8d04906f39accaf787450a1fbf3ad60,61.9
6293c0e2de01a0b4c70dd59ed6f3a05a,61.9
846892645b3a7110ae50c1a920d52b60,61.9
c0e9093c6f0868ffd6d85dd67094eeb6,61.9
434dc66083e0ce3920a49a32c18181e6,61.9
3385a55d489032a43d381a9312eaac50,61.9
70aecb98ec965a174733a3021c64373b,61.9
798a7291a7526cec80d9b76593e9d722,61.9
f19d9cc2eccbdae8678b4f100f3771c3,61.9
0d9c175b2e88eb30dff36a9ffdc4739a,61.9
6fe66b0e0a5c9fcd3404a54ce89ca33d,61.9
78b878c28045a5e31f1a1fc7e43dc489,61.9
3122215d3d42a1dfaba52f906f19c838,61.9
f84ec7dcc51c5d8a48e3acb3423005c4,61.9
4e543e0fc704f5ade7b8bdd49d2b6638,61.9
7c19c4f65e4cc127df40bee5c38cc0fa,61.9
52dec4d958b13202f815736a98b4cae4,61.9
246295516c97fc54aa274c6fd2222602,61.9
fa37dcb4d90c6a824b2f3083df176469,61.9
bb63bb88b869f39f4334da43ec942775,61.9
a5c8ac8b3fbdb2a40be06b90db124bdb,61.9
1fb9f3e7704d50dd72f6adfd4f6d8ffe,61.9
5591b3fe076ec3128473fa2a8e486aa0,61.9
5ca683b344929c41668368dcf9d5b168,61.9
f3fb90a75a693cc508aeee93a9cd627a,61.9
8d34bc21c972f82d188661dd3bd97521,61.9
8e7acd795f393bba117941db9fbbe18d,61.9
606e15b0421657a42751adbc793efd2c,61.9
dc88964a1e5894c245746322038bcc5e,61.9
8b2aa07f0b53487be833fb71a06df0ed,61.9
a6732693634250c33930da5ab192f75f,61.9
30f3fadcb05c5f68e3ad4b51d093704a,61.9
d24158ad56615a6753290e813f3468c0,61.9
4b0b2fe506b2e0097d6f14a1b0aac0c1,61.9
448a13e993e05e92abc37b5ce19eb921,61.9
0e5873843f3f90302c4c3d513de50de0,61.9
8e15432cb70519851d493b9dce73707c,61.9
09fbecf8830f7101507de86b623f24c2,61.9
4dff08f22a5b8992c54b951f8fbc6885,61.9
fa76ef69ae16b2d6fc69cf17ac133e22,61.9
6cc413455365a333fd164fb49c642740,61.9
febc8698a75e85a4ddf0e78926c1119c,61.9
2d1abb9c4b05dc849f5fb26c75f3d710,61.9
b698450718afb9e7420dc1cc7b4e4b9b,61.9
8f9dd2625351d1727097357b1e240ac7,61.9
f0c4cf2871af286218d5974deb6ade31,61.9
0b7651ec101b5e85956d6cd186adcbc2,61.9
aca1f39abe6d7cf10d2710f33c0a5f54,61.9
658061770ce63adfd6a8e86ce54837b4,61.9
27306514cd9087951ca356a49e98c4cb,61.9
5f973aee835a2530aa1e1dd3bc7e3a52,61.9
480c75e853828f9ac0ac262def2b9780,61.9
0ea1ae45d45f7ee83bb2d6eb0c1fd03c,61.9
39fd098f1a76afc1079eeb62ee924bef,61.9
42d652cc2f5e6c9c6c553bcd3a9b55a5,61.89
fb7a48382e1775b67f2b5d637dd6c576,61.88
a06e9a7060cee74dbde1a2d5d7117747,61.88
66711749f34a9b0612e037671643198c,61.8
966be50d83ff1fea6ae8877708b48caf,61.8
217cca4dac52c6eacf31baa6b6ce05eb,61.8
7ddd9152d1a85790ad53511c0b6b536a,61.8
be821c14c82b18f7d37cb67cd51c58ed,61.8
7f3cdf6539fdd87133286b5456b91ae1,61.8
f5619010ec874109d15c9a423cb3e58d,61.8
0033823ee55671ac5317d423291333c2,61.8
d2ad4d4a08ddd64864abab1693374be7,61.8
5a651c7fa178025ab3f9e391714c4de8,61.8
36ca42c46926ac2cf4153c58fa9610f5,61.8
cefd26f9b12d8dc01a8029667888206d,61.8
1a4b8beb3962475a804e907c79cf8f51,61.8
a4780d661b345ac6e6d00d0acad24cc5,61.8
aed09f283cb8d2677280b213d6555751,61.8
24d8bb5ce835d746abf0d7aed090dbcb,61.8
573c3ef8dec9161a66be3d292ff9c5a9,61.8
3f7029d9b98a47370cd5f3a97adcbccd,61.8
8812b65bdb19fab647a1d84368576ddb,61.8
02ae654741ad895368bd9ffc371893e5,61.8
d88eebd3a037a6f876bcc103d794fef7,61.8
21e8f3a01981c28198838102586be0ca,61.8
e051602b99394979f726faa8b459b551,61.8
a5ac80c6876f4496f98d4e9279258073,61.78
57d8a458d7250607de1fe62759c5e298,61.72
9844f1bf373bfd63ccb3ce5f1793debc,61.7
78ed91ece755bad86236f7121af3f6c5,61.65
810b0fa7210f36cdb9e652979872e4b6,61.6
472cc41a490ad5678fae4c2ced078e6f,61.6
bfdd83e144a491776d882b2743b93704,61.6
97017b21b91c3f6d661ccaceee407af9,61.6
78b9900a0ff9d195d133d376c34b08c4,61.56
d3501374dbb088ca22910d940ce4abb9,61.5
3b24f36cc3f0efa0c6972265dfeea5c6,61.5
ef9e24d18ac44872aa39e9bb721f9880,61.5
9058d1725a0f910092c35f6da4a11464,61.5
4ff38991e49354d05057650b0033234f,61.5
ef4d6d380a0eb168ed742e0085a3f359,61.5
7dfbdca6bb355c99772ee57241f42f19,61.5
9357df5cd335e221640e65e674eeb3ff,61.5
dd163cc1d5c80098ad9e72126ca5c8c2,61.5
2f0d1c8de308c2884ad45bec537ddfe0,61.5
0e6e8c5b4485a66e6168154d4ea445f5,61.5
c13d3dcb624a2d65b95172935843680c,61.5
82fe15dec473d9f770220ec4641a84dc,61.5
8608a90de2799297534401ce912e282f,61.5
9ac71dee8847ffe35fb2c087da733cc4,61.5
cc6303121d9155c7071dc346ab37d820,61.49
62d617e5566fde7de00fff64424c0700,61.49
da27f48eeb029c62720ef773ab95806c,61.49
e4b827f74dddb51fbccdcc061f0e100b,61.45
0b94e6ad540003cdc27b09854bd6f76f,61.4
9b7f1cfafd9c7e59d94be3f1a9b02814,61.4
082d513b7fb405e92c135e71496754d4,61.4
7e70584ba81ccfa9df18a1d031597975,61.4
46b9f01312b49da953d7cd077aa394ff,61.4
a3841b3e4a14793967fb8b112db2c81e,61.4
01f4581bf20e14d770c5de782d7ee783,61.4
308aab7e9b6b7de09b6d244aa9abd218,61.4
11cd281d555bc011b8f9ed53d78f0d64,61.4
77104608a51ca163093b261e44fc8cd3,61.4
41e82f26c88a900c85541441e25faf06,61.4
8ccc0440a97cba1ee2af10d7fefdc8cf,61.34
aa87229699521e365116cfc6061b315d,61.34
9eb3d566e87289dcb0acf28e1407c839,61.26
5a69025bd00a6950e3aa782b2213aadd,61.25
c7ddfdbcbdfbbbd617f4001c7fc222ec,61.2
6e9fcf097dd6735e0b0462052b83e936,61.2
39851c46815f49fafb7bc26ed6bf513d,61.2
ff49e6d9cca102ee3a979a7712ca7859,61.2
1b85ef7130ec3eedf81c37b98cfd9b40,61.1
7a1456f70a0751c02f6d7e0f3028d96e,61.0
70ad61b9127ce58da649e90f57400914,61.0
bdabc3470015248fd35dc88e7709a0b6,61.0
b70c0c3fc30dc4148b079cb7fd374e7a,61.0
747294310d01f24f467185ae9e9726da,61.0
feba7fb74fbd42ad8797ac9346f33c9d,61.0
3c655f8ccf3f966e12578098061c64d8,61.0
c50b76da2bbd240a8508f5802745476d,61.0
d17b6c7e6cf5a6d676975f362f8c96de,61.0
6e395adcac53d7819940f584122d9fa9,61.0
99a891c80e1eb56a251c6616d96468f2,61.0
62d85059a0e7dc33a994eb7fb778b3ad,61.0
b23a21118740634a1bea05a021a9d95d,61.0
679f235b5bc8e927fc1279ace1e97ab5,61.0
d9de10a327d2af13622acc9c94995b66,61.0
6393f087c75d6b206c035cb648d480b4,61.0
deab342c08035ecf5e8f2f8ee5d3b961,61.0
ec09a9af852389e9ca7e4565b67119eb,61.0
9388bb1d7e8b53211cff72e787efb6e7,61.0
d4dcf14454693b453529393529b60e90,61.0
eeeade8c6866086b08489b9258c9c0cf,61.0
70d44f620bdfdc3a12aabe9cfb111c3c,61.0
1716045791057027d5bb15d0b91c243c,61.0
489c961db4ea27ab3d9cfa6d9a0f0995,61.0
a3972de18e54ad11c4986cbe71d499cf,60.99
6fe9ae6b3e2e3ee18fddcfe17f29b226,60.99
b842dcd92f09219e896d81600248508b,60.99
ef1a32b28d9f91c5bb5d9e090988cc46,60.99
27a1881f4dd60525c887d0fc446513c3,60.99
2effd138ecdcb406ded5b94ae2381d6c,60.99
9e2c9f8943ebaa7272b67d220be34fbd,60.99
f0031dc04ad8f531159ef6839bfa3c49,60.99
c3ad39ce65d442266f5257c9f55853c9,60.99
b39f78012ca3eac8a5c46e5817b1c5bf,60.99
d59c34e12125e2a7cb51d1ba558dcadd,60.99
3771dfd1e9b145a2459775515f01d34b,60.99
f6268d33d76b777b9a9c8a2c7c781214,60.98
91d77116484e151dafb5510b82c22eac,60.9
7d9c2f005a0f791c3d68f0051eb5b8cb,60.9
10fe5969e9451138c0f393cf702f8495,60.9
d671f3c7672d55bf5cf119326e5c86e9,60.9
9a5454e86a7298afde79bdf9b879adb4,60.9
ddb4dbe493f605112185f028ef0564a1,60.9
54ce9b98bfd40139469c779c16250758,60.9
bf2f9034680f8cc0f9007aa0a23e2aed,60.9
be93891b0486585b4cedeeb517c8cc03,60.9
d27e0eb44e14b91d3c5912734571b1c6,60.9
af4ebfb7571b2570d87f31b9a18a210e,60.9
c43869269cc00035fa78becf648d99a3,60.9
45ef46c6471c0832d4447b678d9956de,60.9
14926af09825dc08d4d15878f3c545bd,60.9
6995f12b21fdf8e6a245b17888e38a46,60.9
deb583878352e3b5b9c62e20dde612c5,60.9
0cb1ec7f7b0d209fdfbb7c3592b32634,60.9
d6b45c7425b731223ebf03dd02b117a4,60.9
80a06e57e66a5c1c7b46d45032a3391d,60.89
45696e33c076c596b4503ab35ebb6f5e,60.89
7b3eb812221b3f3b1f3995cb15ee73c2,60.8
e56e4a76b25bcdd63c4524800a06dbc7,60.72
e731ba7b6903d44433f7cc1161d2f1cb,60.7
cd4b9c8352526eca79f174dfa228485b,60.63
7e8eda4c9142e93ccc61870aa9034af9,60.6
e5867bb6374f11c018bea8a8d1246c6d,60.6
84ddc138522822dfb51b603c2f466a18,60.6
5def4c024799f5734e4651ff6c889f4d,60.59
0b23254194f2cb64d9fba926fc891d83,60.54
9d50e47ff447954c63bef2a5a68fb350,60.51
edc518b9867f838e84d508ad4980d733,60.5
9737559a7914a851aa3edce6312afdc1,60.5
3715b1c49f39951e735d5ef360763e2d,60.5
a79296ec3a43e42939b3487262c25449,60.5
7c6ad448c2b439bc21d9b7c43dcae72c,60.5
377435a4e5288a8a26f9e8285c8fed96,60.5
321ff1033f523be92f5456a7371ea577,60.5
deac4939d8735015586fa85ebdfcfc3e,60.5
56e8ea641a4364495f96d75163f234ed,60.5
5868fe13603cf87143789d68152b7e67,60.5
aaf1b6203617efde26a4a91a78ee2fc6,60.5
1231a3c78ad446565be676d68db0fc23,60.5
db3205e0754347592846a7806804463e,60.5
230c0d740401730c7197d16376893525,60.45
b834ebad1af8421ec606cd94cd8ecd84,60.2
625dcb12b2179bcc50165d8cb53fec92,60.2
72f3a880646656ba2417d4b82a727530,60.1
b7e31bd3bba16127094ec65e98466c20,60.09
b73ac506a224c8721f39874e94d45206,60.08
9418fa1d37504cf6f7dafc0420acf406,60.08
5c5020458933e2ca08b7aa21614a2c4c,60.03
885116304d63452ff9973b3f372f6018,60.0
ab4e4f11610404b4184fb812e47bb0ed,60.0
398f43880fe5d5fe1207be6e220a2f47,60.0
4d545e854893ff8e7bed40e22bd55ab0,60.0
f19376e0c54da9409485f7ef9556d367,60.0
79f96d2cbe80d476674fe8df8bc4d5f9,60.0
daee9ceb68799b045600899b74629ee4,60.0
ff00a7bfd5542ba2d44181eaf5485722,60.0
7bd70a2066dc5fd0b303f8ce0598a863,60.0
47a4386977dab7c36f14836e7be7c0fc,60.0
1e69e7df48c7b57590cd5f3877728f54,60.0
c96a23bfabccf9d49a7315fb4a36a4d0,60.0
597b42a7a20556e77af8e237b6245b6c,60.0
4594311947cb2c4c6d8cc8ec74659065,60.0
df8ac4f435671909cf15a66d06670f2f,60.0
219bdcd9e62deb3224eb3a2963b89c0a,60.0
ef239d35ce43ebac174ad5c581b03ae4,60.0
992827c0798eac56fbf32454152b47b5,60.0
f5cf81823d77e9206d28f3017b819aa5,60.0
b82414c7fa7d450ef1dacdcc8ce7da04,60.0
8218f3aa0d0025daa5ca56fbc3a237fe,60.0
6aec8808c6e537b8129bdfa4b572fb9f,60.0
4eccfbae6ae2126a462a53d2cda99572,60.0
463ef6b28ad67319dfc24086d473a64a,60.0
d5fcef627cc1c204baa4449ec165a48d,60.0
4a0ca65ee54229ed1da47b1f479b0a55,60.0
1efebd69ab836c96419c1606dc79c1bc,60.0
908dfa9a7f826cac4f898a765ccbcb78,60.0
c7b4d8ce0eacbd252a006ae217b19fc0,60.0
ff99ec31eacd560b39d8ac9bc9b3e79d,60.0
6ae91e04653dc3a0c205363ffff0081f,60.0
de011f37c5bc27a59dd1c53efae99e20,60.0
05535d34af5324aaf6988e1d890a0d6e,60.0
94a265c7d6fa0389f4fec04d4eae8b66,60.0
47ede0e6f7b364a296f96c88e2552d37,60.0
fb9a8add106341f589bc7a33a012f668,60.0
e1324af3e2df9eec3e5f982d23fec1d6,60.0
4d0385f91da40fca0b7ec34e597bb107,60.0
74d10546f9168d9187c25bbf83a29833,60.0
7d6e327dc7acc214784c12a1848a4c0c,60.0
7da6514c119b3cb64b80ae289717626d,60.0
0e428c743cae9f960517faed86fe7a0e,60.0
a5f320745991c8686d6eeb21dd444839,60.0
1b47e7dd304911fe5ee072c6472ac0fb,60.0
b66747a019ea5e7f3ba5ce049592027a,60.0
e6204abf3d0cb54280a8ebc18a4881bf,60.0
0c43ce6eb8a94b14d8eacee4b844d0d7,60.0
99d5db609ae101a85b32ed78904c3d99,60.0
8ce26661b5d4ebfd9eef23bff861003b,60.0
c359ce2312a7a26f1e34d8d4721bea33,60.0
13fcc139e9162c05fb256d3bd6fa16f8,60.0
c1b54e5ba377e64db9dc49d1e094e409,60.0
e49c19b5e8d487509f25220e02c9b2eb,60.0
0f93a71fb111947502dffea3365f5861,60.0
6dec5c1e25df8142cb1995926eb654e2,60.0
44273202e14786abae757d5cd54ebba9,60.0
c84b575120e09c1ced166b272c960760,60.0
c89afc9845116057d29003edcd515ed4,60.0
a3f57ef05079a04651bd421fa6e4d919,60.0
a0d08d967688a6793c6cde45681cc438,60.0
8b704ec875dc77958ecdcd9c0a978b6d,60.0
8c5f7a81527f366bc6a0d6fa4834ba19,60.0
8ba5ebeb32e198115c4c1d5f14b17ee1,60.0
44d7732397bb805d006dadf160428c85,60.0
4440b50861717a3c8ffa4b5ed0704964,60.0
43053983803dd24c18baa95798f13745,60.0
edcc2532c1d4e603a2d089188ec5ee90,60.0
49ceea8899f3a3c0198faa2485ca942c,60.0
0bcafb4963830ff4916ab5c5adeb209c,60.0
47c42b50ab59928b531c450e672ce223,60.0
48ffb27b100e6e986744322a54733643,60.0
5839d530a9dcd7a25bae64efc272b24d,60.0
5299b9f29f522644081a8249407ede3c,60.0
03b753419e88796de2c7127ff13dce58,60.0
14a5fa5ec68a6b6a7fb8da1053487224,60.0
08e5ed5ac7e17524347b55e9db5e8692,60.0
4baf3238c64c1f21f51229d522f83906,60.0
4f84b7661cfd485a6a01d77cdf0b3a20,60.0
0743ea62d3ce82636779604483a23f9c,60.0
b29bd54e3f696b788f8473826a68be4e,60.0
6dfe8cd7e637b09f92abb7fb10d00854,60.0
c88c8e13b0c9229bfe8dce3f4daf504c,60.0
90687faca5a0ee41c930155f05b000d6,60.0
cd75b28ea8d1a20fcea43122a93c551c,60.0
68eee47eba208eb966151f2af399b896,60.0
e6738c77845097c64b4aeb5839286755,60.0
482de42da07b82da35bb97fe0c99bd09,60.0
57b1284ee4544b378d7f1d5cc857815c,60.0
5584b1ace8b18cc156ce51b989fd2958,60.0
5a2f4859466ef95b97e4029363d43433,60.0
cfbab1d1ea176ef344000d4a6dddf436,60.0
de8599fc43904957a2c366c0281702d7,60.0
cacb81c4dc25b485bb02073b02d40313,60.0
896ca8dffa927becb8dca9eabff5ff84,60.0
06bc346b52e0f4d7a18d99d63070bae8,60.0
59e7eac5aa0ac369fae8fd25b9248058,60.0
2d8748fb35d51c2fd273ee67fff78b7a,60.0
4a7d8adf6241b22f54bab3bc2004ff58,60.0
165ec9f9d535ca2aba9173b87a4a596a,60.0
e9b09b15e028a4f1ec776f98bb525182,60.0
6a7350848787b437fddcf8b2ca19dfd1,60.0
7708b1fb47f21b5375ade9bb0c3fe3d6,60.0
0523cd19f27a70bda29f2efb68a2db10,60.0
d5bde2a4746309bec5b5f3fb99c8985f,60.0
1e9d3655bb1078f29527381ed32c85d4,60.0
bd466b03300d3a0d924ecd7c7121a784,60.0
7f8c37ce90d3343ae2b49242ab8d3ddd,60.0
4007032059e3f978b304bc9619aee015,60.0
b371b405bf0f7b811b602766c476c8e8,60.0
beaf0015a19cd60aa3c7d4a6bf252ee6,60.0
13b14c479d62218a2abcfab3a3ce79fe,60.0
fb1b98818522e9988313fb3e53ace07d,60.0
886e8ae88a209bcadbfbd22a87ea6884,60.0
2eabd4a4e2346884db0daacf0c154336,60.0
1ee24e71192304999595a27987dbaa94,60.0
dfadcb615c5579faa9613dde872fa694,60.0
2472db5dcd1737948d7c75037c8d9ebb,60.0
5ab2ff8c31146d43f7549a9c15a64be3,60.0
33f382bbe8b6dd6a3b7f4f161b05e45e,60.0
bbf6fab2824ab87e88fbeb4b9af257cf,60.0
7676bb2e4592010517f7501369a1fb75,60.0
5829e40d511bf2a1536514019d77bfed,60.0
db564644bbae1f649cb2beeab33fa1aa,60.0
f7b168a3506088397cd2d771c1553a9e,60.0
a8aceff84201bd5628939e8ce54b6abb,60.0
e2118da5dede84095fa3d95920c68836,60.0
ea523606564418ccc7fa53b7a081c510,60.0
2c3e301a4c050be4f278c90026b82bed,60.0
6840124f642926f3f604de43969f462d,60.0
f9173fb8dc039cb6acfcc3a7a2fc49eb,60.0
fe7be3b080abb72b8a95935637da7aae,60.0
02416483450940231fab1109b3bdb0b3,60.0
5ac12bb0d6166ac492936e53c84ae0ed,60.0
a9e941781c7ba1cd1971a59ad6bac893,60.0
bf10e50eb561c7452408cd5bd57216aa,60.0
e00aa01b6ac59993f55498f7742a6902,60.0
4831ecadbc63dc9e41cf292cc7a7314e,60.0
3d3bbb0ad71a8a790086e40770b46f97,60.0
4cbc0fdd8d7548de068a1cff9d293da3,60.0
881210811d1ce41016bd38b955990fd5,60.0
35330178f28d53aba7a23ed90dc92566,60.0
109cf3ecc53afd27745a79a618cb5ec4,60.0
9948dd43c6e5b0ffa087dc32c1f78eab,60.0
2f5caf59c8111df78da9b842e756ae88,60.0
5ca9eb2a7b36190faa6ea8897a5cc6be,60.0
f82ef0f9c7032eaa21a18990b6e2679a,60.0
8dc30f947f34a278c965a36c649a218c,60.0
f05af36cb0718a83b13d96bf8b710d20,60.0
a8c2e32aed3234b2ee687d8ec36adb20,60.0
fcadbaa8e24272d377d3b8c08c6bc583,60.0
a66bb70ae2854436813837d31757b08d,60.0
3e8e33bfa78a664ec40e64170355b0e6,60.0
430629c51214778912efab67e023a8f1,60.0
73e4f0d08b9eaf4009d3218057343b5a,60.0
484194f016c3b8467d63aec74baf0e74,60.0
97a0771636cd3ecff4b7cce15b71df5a,60.0
e4bd0a15d4045d3e16d59187ad7a88c7,60.0
96abe7b6c735a2b8b72765a7e1ecd3e2,60.0
20078a6dc1e4d69ba32ddfe6bbe8f768,60.0
34c75c5903ab645174b88573e1950dc9,60.0
e25e6ee39ce79eeff6b4927b86571759,59.99
92f85633a82e893c00091efb3d0cb610,59.99
94d9e024dd9410315d34dd683d0dd657,59.99
39f165573c5cc30c87842ab706dd1f72,59.99
197e8b7c9f899741f17389f248607b65,59.99
7111d748712133458456ea3b7467b77c,59.99
9beaa860baba91e8b22a41bf8d013023,59.99
548d07166173505e504703bfcb26294d,59.99
cfea8643620e714a7f1344226e2bc21c,59.99
fd7df8230026289f32d475efbff468aa,59.99
eae093d656d27d5bd3805671206eaf8a,59.99
101f14c82a9b090a02fb20ed28d68047,59.99
24942dcaa62f0890aa97a575367249b3,59.99
837ccdfb355e992a4a30a7cb9f79b4a1,59.99
0137aedb5fd652186dbf05e49d78db59,59.99
305ef4f0803592a0f0ea0c55091d76bd,59.99
f8c10189b4213f078fd1e229aabb7281,59.99
c8ac1861a313326c4a90b192ab27b8c1,59.99
2653ffa2adf76d9827e1458918c125ef,59.99
1d456d2cad6541c5722961039c02ba09,59.99
c5f246d8cb17193ef5b0e617c0f4a822,59.99
3272ae5d1173300820b43935539b3603,59.99
3db0fd85322f1f08aeaada9d589540cf,59.99
d3755d05f292176d47f9135f4309f9b7,59.99
4ef8b068568a613d1452d9cffa2686ec,59.99
c878ee266c15654f3e1dc4424520fc24,59.99
9ed458b6c128228cc98433539b2027b2,59.99
07f1f3a3633860249841c0b7d5bbe09b,59.99
8a021120539f766fb61146d15fede9ba,59.99
fdb7df20df882fb648837ef2a96ff36b,59.99
fd65e5fe0237e5d9d5a346ed57652831,59.99
f0bbbd92655a3b87693c7521baf03840,59.99
97b57b892a79fbd7ef5fe13889e24696,59.99
e007ccb7fb0cf68447eb8258465d68c6,59.99
c0fa0bcf52ed2ef5f06efde499b5fed1,59.99
571e6ae70dea22c3da40e21760d07c61,59.99
d724f5ee880fb45b583a2eec850b4e14,59.99
a7f23c04bf2d534b95817ddbd39d60cf,59.99
05ef118f93c526baee95865084ed4ab1,59.99
12f90e3cb1d2487514f7e277af6d4a40,59.99
8ed69cbab6a80fa4eb8ccb13bee2e667,59.99
3215e826a9197694f39b117ea398f7c0,59.99
e96452f8c0c88f5a3a9abc55e9b172f4,59.99
540c737fc18060325ed168d358bb824d,59.99
3e3a04eb993fe7c6bab32b40fcc51f7f,59.99
1846f6ff0a0cc9bee5306bae11fcb681,59.99
f3dfadecc341dcdcb6c252a55192041c,59.99
d843d887c4b48f354cee37cafdb3a541,59.99
cdf4c7f6921c52550bc9c727b8dbfa9e,59.99
028f1d106a98669a1c0caaf5866f31ec,59.99
0ffc6725f7acf582cc19d7db4b2e0c97,59.99
ac5bb07473c4f65c7de7b65c1374a734,59.99
dee4e9216587756d16369ec4b5e0ef95,59.99
7cf8db542b84bb0d46c06c5679b50e02,59.99
cf163daea5f13a20a83e836a2bccf1d6,59.99
eabb847078cc6d55b4f68a08736709cb,59.99
4b7e3d0d6bbbfcf977e12746495b9e30,59.99
e608c716333c772e7174a92759e01e7b,59.99
f0d56cf2f87cd186e3c1931a6b4189c4,59.99
2d67d754b997543e1149b44090e2557a,59.99
24ceded0c5fd4e9940168f0a183d4885,59.99
d3c3354f609a1a80b78fbab8d5435061,59.99
654e64ce6fd0c168890acea138c3ed8b,59.99
d63d75553ce7cd45c85be0d49d28c6e5,59.99
ed94a39e503eec744a8effba6c900c0b,59.99
1b7df49ea5442a59b332500d68024210,59.99
b54ba0f5011c40abe78ab10056ea0712,59.99
e402dc9d0ec5a3fd574ee8cc618d265e,59.99
a74fe4b2c5b909ee24bdcece5d4bf0f9,59.99
aa7cf323e96bd6b5a996552058e6289d,59.99
be34d8fc402cc78e2fd1dbb151e9ad00,59.99
7b644947ddfb4ce44b021b38a86280ae,59.99
944dc66ce45739575455181a6288e2a2,59.99
20e47a8830fa291c2be8179e9e6af0ca,59.99
caec53e3c91e0bdf0d9f996432a70bcc,59.99
e4466ff52d6fe124514d6e0365d40924,59.99
b1625842d297abe930e04274ac7f13a3,59.99
241510e91b641dc4a5646cb954e58cd3,59.99
dbf46bb30293d0d8ccd11d23c68ae6cd,59.99
4c58cd3aa777a1cebbec7e671e7870af,59.99
82542527cac8f163e3cd0eda2870d99c,59.99
fc7e521457f2d19ac89645104cfa33f5,59.99
ada0bc41dcb4ab7393ed03ff6a8e6484,59.99
3bb7d1a8212bdb15b96d73f1e91a7ca4,59.99
120fefe7ea516ca694e3fc027e0600ed,59.99
a14924ce978973b7ad6127c0115d3aaa,59.99
35852763df46e976c158536d6b99b982,59.99
583c711cb83b8f2ef170484758d2a4d3,59.99
a41c9b1adbaa6df804ab7f2593a84608,59.99
2b9e2ff31010e6a231adf3f8cc4fa8bd,59.99
cc89835f7bbd6f0ab15a0b5594605998,59.99
caf69cb2c6e8252358df8fabdc9544f7,59.99
ed3269b8bcca63b337b3625b4d8970b3,59.99
85def2485de9aaad307b6b980002087e,59.99
cb3e59ee986f4594de1982df4ae214f7,59.99
6a75a813284e115076bfe8ca75562722,59.99
02469bb79cf0096970abae40244a4c6f,59.99
249a282dec8f999f2d4180923c165803,59.99
b4161ffae9931bb851955779d2cda207,59.99
b85db2d7790a6505ae346aabc5916a1c,59.99
9477fbe4ea6010b54d7611e62df2fe46,59.99
8e2c53145fab03ecf31eafc3a5eece05,59.99
1fcf3b848f9ca72b14d4ea76b2a4fe17,59.99
1d81897f8575a3eaab41b9363a1e2e0a,59.99
77cd920ada081816db896cd2a96975dc,59.99
78c8b909a304dd7148abb9341c894a75,59.99
2bef2cf57664bed5e4af09e848611161,59.99
28f35c0280cb2d277371b827981cd8c4,59.99
4e6412fc18a7dba99c4330d89e824af6,59.99
1d3857ce047c62d35874d1426eb47171,59.99
467c74fbf987fc14a3a66a3bebf52914,59.99
62da3590d673c7cb920bc74937eeac2b,59.99
e51234890e1956bd1cf29cbbbbb42171,59.99
8e4a0eaf18400c5715796fc724708d00,59.99
3088cc4bfafe311f1d84830808c2aa6d,59.99
3a8fd5df8c4f435f83cd213175ec3633,59.99
bf002650fd2a89537a05beb56357327f,59.99
87ed80c76e0cb513456b7429a879e44a,59.99
d0b17a3f2cfc2f8f729870235be4f59a,59.99
8cad893a6771fcbf107ffedd147bc71d,59.99
a990eac8348e6c31d8d96d4c9076dd93,59.99
677569aeadbd20c685728650b69130fb,59.99
76d32b8bc897c6f37d8a9d9b4f7bac2f,59.99
54b307e9a6121f572faef4f220fbac3a,59.99
07ad509a190ee73379e32edd0af4f0d7,59.99
8a05edffc52925132cc81222e8280a46,59.99
c80debb8c444b7ab7cb2619b973928f3,59.99
6f6b8fc825d778cdf5814944adb7b8a1,59.99
1c732f9f971197a78a3fbe8d68f3a336,59.99
8a0d5329673a20d2e7684c5e4e5137bc,59.99
9bdf08b4b3b52b5526ff42d37d47f222,59.99
713e7d20d8019369537d029b73e14a8f,59.99
0ab8bf46aa552f5f1926e6a575afdf57,59.99
bccdacce1d037dc77e75ff20d2851562,59.99
75d7d29f5e0fa14362a17bbeac73c073,59.99
30427394251a2e72e8fe1e5d8a5e6c7c,59.99
c963075d81741ccc32103f8f3d518e7f,59.99
a466f770c7ac6f01ace59cd8afff5e19,59.99
c228df5bd4697feee670d93dbe4555c0,59.99
5269830fcb286861dbec4dec7da764c2,59.99
394c4be8d4a26fd3668aa47dbf088891,59.99
616d84c875f242809a36e1a60a93e577,59.99
21c34a49ec9e90fa3f33360687f675e1,59.99
44e460a655f7154ccd9faa4dbbbaf68a,59.99
1c6168ef4f5ddbdedf48f60a4e21128e,59.99
f3b41cd9b60e1bcdf8f3302a63d6647e,59.99
7dc2f6bec48604fdb13d3a250a92ce89,59.99
0f2ce860d58a0af36c83ac27a7b127fb,59.99
926b700a11f84407e1bf95edb9057784,59.99
2db5ccde0581d988dc033a32318c44de,59.99
27abab603d7f81ac30a4e67df6d81aa1,59.99
12a2a853ef3497b0e1e8a1f48c21a754,59.99
c6fc061d86fab1e2b2eac259bac71a49,59.99
9e6e020daf8c70608a83f7e18fde0589,59.99
c8f16f00d7207a79a297a7603436ec4f,59.99
0e441d1c0e13a5d13c44cba925564538,59.99
2eaf94a9ba1341b238ce32c43a9a848c,59.99
895edce5f11d005be5c28f6efe45d984,59.99
e52568b154e5cdfbfa1f8cf33736dd56,59.99
62bb13fb5ca065250b38f8c929f08cda,59.99
aa58d5e8a1d6cd547904e11ef30f1f9d,59.99
1576435038c52a6ec02a0a6e23670ced,59.99
7b33bd78e40c5af290e79b8d21ecbe22,59.99
0a935f8f879384605489d624e6668dac,59.99
eaabfc595b1d805fd9b07f43caf78b7e,59.99
c5a0073d6661564548122a1570ede3b0,59.99
4ffa18f06f372757ff064031b407d0ca,59.99
9ffe618cd036e060e22d52b89ded9be4,59.99
447e29ce729f67ed9ad316e8fba96adb,59.99
984c029cec8bc02edabe1ac7be16c111,59.99
6251f87eb0685b7a6bd734c99e6240fc,59.99
4c65339712e4fff612d9affa8b38d647,59.99
993d3aaa8f72c48c09cfe10946eb7c6b,59.99
4b75f3f9a9f8f891fd4726e45cb6eac5,59.99
adbdaeaf581e9e6d48ca326a68db972b,59.99
188ea0f9daa3db8d23f2b825ada26485,59.99
e1a7e0e35f1d24e47545278b2df494e6,59.99
d711fca0d2d48b5a43b009956e220042,59.99
45d69248583acb20360cac1bfc1bbf2c,59.99
d51f3905720a441849e13e5a99e2496f,59.99
3088b37fce748102582784ac7228e026,59.99
e8adfcdd079a803f2f9852ea1e27cc4c,59.99
9f4c898706bf2b467ace0539e0319fcc,59.99
c9f4ba83dac10144e8c752e5b371ad61,59.99
3a37dcd5837e170840e9bb335b8db8a2,59.99
625d57e5548cfd6cc1a5cb259fee61d6,59.99
d870167097156772b8af23d558b4faa7,59.99
a3243fbd504be273ba8e4519280ed00a,59.99
39351277fa612e0c7ac8077f7ac038d3,59.99
e429c523dfea4bc7dd3ddb97466ecae2,59.99
6e5775324fb719e9fa916772f420add2,59.99
48de0ee37af96ec27bed6414c071d5fa,59.99
6584b8bd4b16fea35f0561ee43ffbc1c,59.99
ba1094995391ad2befd8a66830a2a48b,59.99
85ab2f47da7a128c7cff5b28632ec341,59.99
d55a95ea64c497d5b3180aa9630738cc,59.99
6f08e59327aaa16ee28f5904d596a05a,59.99
926706c05a2213d48d83de6615700d8a,59.99
82a5458c7efd1055b6ab24f6985fa233,59.99
5f2bc926ec92aa65c33b70ed59e74175,59.99
65e7411eaf24a7dd95a3c10759cb6c65,59.99
088935be5a63fd4166d69f633d2d1156,59.99
c588e9a4ff0b056a13d5cf0300b1a129,59.99
aa4b53b674e3a59192b63f78441760e8,59.99
7859881299efaa8a5fe772a7c1d7b215,59.99
2d5ef00df7f7b3574cee1033e6ec53cf,59.99
c73864e8242fb1fffea38e5215960104,59.99
6caba46577c6a3cc83c23a314ded4c92,59.99
f5fc15a27cadab1bcb0c0bd001499d8a,59.99
333dac31d3ffc76c8aaae035ead5526d,59.99
7cbca7bfacc12d22b0c5ec54733013d0,59.99
0b1e0ce6b033ff2e254f452222ac14f3,59.99
f37b7cd28154c2c80457b37f12e06247,59.99
c7b0aa8f130eb64ddf65a2ea8dba85be,59.99
43712015742ee564b01fe75fa2d76cd2,59.99
ad6290b75f7f056d101d5193c8a9014c,59.99
d8bdc2a6c71dbe6ceb8ed6715b82f0f6,59.99
857ea73b4bc11994dfa6fe04b6dd55de,59.99
c863c811a63c25c93715a68f6df28ac3,59.99
aa86e8a287d4668dfd4665eb022c0c03,59.99
2c9ca7492802d8e628247622380f17e5,59.99
92186910fbcdfc07123e833e722bc41d,59.99
425155a11b6f32b0d1978ea628c0b1da,59.99
ff46d91a9635a0e6f8108d75516a759c,59.99
b7f9c7a0b694d1e97d28d3406e994d1e,59.99
e6cc3085bfd669d31daced208e8f9a69,59.99
6bb872be660f753375ecc8ed90a1f99d,59.99
8dd3240312527b0908864e9a69d35722,59.99
7bddbcc91c2a6935d6c06d3cdeced6dd,59.99
0c1f4e7cf5b4d4254e19925c2464615d,59.99
7a42e67e3638cc187cd614a3590a81b4,59.99
6f02a89f1c8203f82be32bb0f563d9cd,59.99
827ec074a70a7c08c2b9e7af20bf0287,59.99
1bc8a5c9c12a109433d30c3f6e5b506d,59.99
a6eb4134864cb28ccc4b0436273f37f5,59.99
47bbec3546f4004399e1e60aac67315a,59.99
b270579c1935934a8c214895e6086b89,59.99
37bcaa01c187cd16e1d916173a202232,59.99
595837850a435a5986e0574d4880642b,59.99
9559a7e4d7235405efa574dda8e11b58,59.99
45aaabf4dd157c79097eb75f00c87b9a,59.99
23e838b7e63651d981ace7ce4833bf84,59.99
f75c6622047fab3f5697e33b0a5c90b9,59.99
d0953b063ad351d135287e685464d29f,59.99
0bc91e14cb93aab1b6f6730922a31aad,59.99
855defd5536f14c713b89056b7bae001,59.99
025e01e99753ddcfbac7a2921ac8d3fc,59.99
78f11d5157510e904e39314d79f03da8,59.99
3ab92b803f7011fe479bc1502d40f1d5,59.99
4f3c08c0de859d7614059bc83bce94e0,59.99
9745c5eb8387daa3b322f9e8815c0d09,59.99
5f70962012a0b62ea16b374c894e6438,59.99
feb9fb0fe3e21f8e552c75b36bdc6c1d,59.99
ea275a487f1d42639b01e2a42aa275ae,59.99
bb447b65c8796bb95116a042a3975691,59.99
f28e7f3b63f96a1cfa3898ba6ca4ce65,59.99
e5483066cc637ea39a45541cd72cf00d,59.99
3214f3b852b728fb06fdea03db0e6bdf,59.99
726ff65b6ba6b18f48504f89db904963,59.99
b2300c50b09e3530412ee6616d8700d9,59.99
64fc1ea0b3ef7d792474f9cce8ddbfb1,59.99
88762b3162727d7e1bd270ed0d45c8d0,59.99
c4b745a37257589fa03b3f5417a065bb,59.99
dc1d2a3775e7594df178743d90b21085,59.99
a056b5c80306d01173b92f2ec265b90f,59.99
b8a4fa624ac0e22818ed1dcaf5fcbf47,59.99
66c42657e2990cfcaf9bef048cb15337,59.99
68b476a4ea762d1de4bc7eea1942cc93,59.99
407b735b2eaad546c9f7c2eb72b1538d,59.99
1ad2cb5445004208689e51589a5f5e90,59.99
9a146f5ad6a05d06cae2ddcbdcf3acda,59.99
43be7f68acb621076bde97c734132eb6,59.99
719e9763c8714da3c5a628d3de455ae8,59.99
c23b19e27fbcb26feba308d4334557fa,59.99
cce86266bfd092e3938fe969666f1534,59.99
96d47208c2a4e444d386719140a0754e,59.99
55dbeedb7b2bf8d3059f319abe27202f,59.99
a8107b4e41de56737858ff869270185f,59.99
516a27a4dc653cd1b3a7ffce1adf93c1,59.99
6f329bf7590de3b4dcd5717e936ada67,59.99
ced77c94b1a6a33116af270c9b4780d7,59.99
0fde8e87ca38a4a0538f01500c508962,59.99
f912c14e8989bac8c4539afa12bf2884,59.99
f78ba3d51a74f062acca983c2face18c,59.99
6e19692b66e30bc98c581fd35e3208ce,59.99
c835bb428113aa2c57063896d6e0b436,59.99
ae036209dfd6655f7acf9a485fd04dc6,59.99
03326ac6bdb11c844b82c85df77525cb,59.99
fb3ccb2a75623bfc0465582ad7183f84,59.99
9cd2cfee636cd4be91547c6158d2a099,59.99
1897fca9c10a760bb3b2b1780e6f76fd,59.99
5167b413ed29851e90f2f7546b3b8328,59.99
f585759725d2d7e44f8f84813f0bc3aa,59.99
f1e2d5d8eb4c5af5e9012816294462ff,59.99
83b1928fbc6df37e7c6e0d47a051cdcd,59.99
624ff38a85516b8f5227adb0ec3b7c2b,59.99
ffca7ff7204c1ab5533bc3475a7fe18a,59.99
6dfd42af4aa3cd33204c2fc4605ebee9,59.99
217fd8f56b30bdad4ee2d74dc623ee13,59.99
357ea86137051c554e5a5f673ad8e14a,59.99
60d2d93a97ec1ad751f2ddce9249ba2a,59.99
715345015489c916a5622ef164e62fff,59.99
7d496c6a7b00221ba195bb0304657b19,59.99
40d106e6d4c2c913ee99ca6afc70674c,59.99
01f73b778c4f92ec0b55fa90e306d82b,59.99
92d0abf92366767e07017c0ca5e49799,59.99
3b859974ffa4d29d352bf5fe3008291f,59.99
2bcf917d6b43a5ad3406a0efc3ba7ab5,59.99
cb177a0cad6d0debf72041b70b6ca9f5,59.99
aa78339a081ffb1671c7140d2693ee86,59.99
5e99ed9a54099501f2c12a412820fc51,59.99
4d602b320d7f2e55bb16a5d821004f65,59.99
e318aae84d74bbb35b9ced753d254847,59.99
d55a841bbeba831f8dc6d1d5e81c908f,59.99
4b6e5308034f677e7b503aaa30ca7726,59.99
446886f236863df587be219f66eb15bf,59.99
52099923ca2008fe5dec60b1f9686326,59.99
2a651fa8230256f5df17362b0805f31d,59.99
2736f4f125ad035971cbe2c7d40fdd12,59.99
bbf02c631b2d633a8532316e697e71b4,59.99
46cdcbc49598ce3c33aa3af15acadbbd,59.99
864fd7d2112ae79ef1095208edb6372b,59.99
f222821ab815b3f4d0613cf19aad3121,59.99
6aa59bed73896617a8ede11914d7dab9,59.99
0f6b9fcb5ee53a6b722144800723d9ca,59.99
7e167ba395e3e75b2b899c96bbcacc21,59.99
fa95cefd5ac759ada17b2f9baa30fe24,59.99
960b33a48965dbe311329af76f4aa70f,59.99
b0e251b808b0e15f4232f5b7be0dde2e,59.99
45d5ae1bc6d95e9993132897628af533,59.99
611f242bc215745857b56cace74282e7,59.99
d8045e6cc95ece813867ea4938cf6fa1,59.99
4261d379abbe3b24d286307899f081c8,59.99
1c0cf5b6dc8b8c2c166b6566e1005db8,59.99
a16ee97d596fd929d9f9c24262e3af3f,59.99
4854399f48d58dfce4a5b4994331b4a5,59.99
4f37db872751039e79a1340249336e59,59.99
a765d1107969e6412dc25b6529dbf582,59.99
ffbf5971354dbf4516e4cba3f379bb87,59.99
0004164d20a9e969af783496f3408652,59.99
b04f3618968faccdf40501b5798e66bc,59.99
b6f349df1779e320a4552cef211e5d5e,59.99
4e7bafa1bcb313b042aa22868c81aa8c,59.99
517776a386c72774906153b1648f8689,59.99
29b4a67a15ed1f8e7a4927595c80363d,59.99
8c5954d084c86eef965e4e4800f4becf,59.99
b4981ccfa8f05cdba4382d753554a71f,59.99
c445d87053c4f9eea8ff61b550848adb,59.99
7cd95e56917b143ad918fb595bdabcb2,59.99
0d83fc0ae0bf9c3788d38a12afd5c36f,59.99
c168fc2e44475a05d8beb04c4dbc6efb,59.99
7a89078eb1607750f78f33bedc74bf13,59.99
adf36c1b48383058709109a2e2ffa700,59.99
1b01ec7f2308e02da64e83efb0c6bbad,59.99
23459e7ad85b62dda9739dba67c024ae,59.99
95205051ede9c17f3d9490eb024b086b,59.99
68d895c89ddc53350772bb822d6275b6,59.99
ed0ed78f84c1d1b36bf51c3475bc5748,59.99
56962c37ea34a49e1e454eb4939b5587,59.99
f37d8e47c4050ed9d3aa6ac517c4e7a3,59.99
3c9a270080ee810c3d766c0ef3868bd9,59.99
7348187e64b170a69c585be7d2d43789,59.99
574fce7ddbad6801c939a465c9350e3e,59.99
eca416d9a985b904572b57b4f78fa863,59.99
03107396af0b320ed3c0f37f2159915f,59.99
d2292bd5e20f916bcd821edcbd8a4c97,59.99
c99b0d13ba87e0a2a17cd0a907cab66c,59.99
316639548b42fa621d9317afcbff05fd,59.99
a3e8795e27e7e50f56f6c7742551de28,59.99
93fe825ed6a6b6b770c6ef059428e18b,59.99
2dbb87e382aba3b28963aaa6fcaf7132,59.99
5f927d5f455d787c64e69dbe0382c5fa,59.99
9fcecafb0c3710ed3c64e9ea175ce250,59.99
db0515d79eb9bc8b1244b6acb3a338ea,59.99
c576e3c1b3d8b65c4dd8499f36d5f52e,59.99
8bf38ab6057b0c2f07f383f6d899f7c5,59.99
9c30127c57d0fc44f0a61c2bd3748018,59.99
6ba7dba3194861cbf4ebe41edf2b369f,59.99
96663010bd82b8bf00945fe35f8b61fa,59.99
faa4dc1c729a9a87aee1a095825fb209,59.99
b5205e335aca81bc3bea7fef91500e1f,59.99
a1aca6bcf003c08a08097758ff8cf96c,59.99
18119136ff272ab6dc871c575f7767b3,59.99
3e3196d8c97e8351de8a7a3bc0d06211,59.99
b884055664707073d218e5faa9c10f8f,59.99
2d83c00c8752a076653bf562c2530ac8,59.99
d5fc46a42d50c2688f49d78f45e76cfe,59.99
064064dd94c43013786fc1e1a14d6374,59.99
6cfb890091b47dfe00a2346e23a1db20,59.99
dec5253a92372b0843e9c47d24766ea7,59.99
72ad0ff129d7624c23294c857689020c,59.99
735dd5621071478d47b3d04f4b3901fa,59.99
fcb1f9fb9f5e108be9fbb059baf5d456,59.99
4612f4483ec767250038bdfc0c3954dd,59.99
17c77aee53b37e65c31f475ed30b5832,59.99
1fcf84818399307346d0e48d203133b1,59.99
d99426441f683e973cb56d6a5f9fb4bb,59.99
0eb1b5482c0337ce6256a4226df13d1e,59.99
eb744ed77ced9d7b54a6f212098e644b,59.99
275929ca67961c4ea678334b15369dd8,59.99
94fa5fb873b594639bd9eb8ebb2bbe8a,59.99
1fa8883eaf19c9adbe1ca73b326f9a34,59.99
04239f6a8db7da8265f4909a4a10f8a5,59.99
c585200b1a6afd14bcdd420e147b1f21,59.99
c0723ced6e0b4ec1af136c0cf6b86e3e,59.99
aa1367a3e933112df50ac2a81601fba8,59.99
1df6b5cc0f5be2d7be5bb608075b1fb8,59.99
9253f3129e589ba0f06b50c306a2d2c8,59.99
3b729d6d2cfbb81761af647bafb669a6,59.99
aa3d8c9eec8e52e90b117efe5e97a560,59.99
d49a0ae47205cd6433fce3ffbce1cdc7,59.99
697a4f507f70615d3dd62d8326debbcd,59.99
e26d111e27a794e1e3404239c115907c,59.99
7bef7029294fbc8e10a9bc2bfed3c0c9,59.99
857aad3974a0fa1ff317926ea1347b81,59.99
e616e1806cf7fa06607a83d2f97f3993,59.99
f3c933ff52ea525fddbaf9dc575bf332,59.99
765ab4c754df780665242138b0055d95,59.99
1a859c233e18bedde49604e9c61c3883,59.99
db0f7940d5297fdb2a1c53161dbeace2,59.99
29f5c33a86e4c8f7a5a429a4cea50b5c,59.99
3fa34ec1800a5e12a373e3df9263e05f,59.99
356a36d4020c95bf8fb700b485d15a9d,59.99
3eacb8f02ef1febd5bb042e1f7cbed2c,59.99
4b9966a134d8d1dc47d327095a63ece9,59.99
4fbd85d024063c1f0ad130a3ddd6e01a,59.99
cc580bfc263029899790d177d610329f,59.99
85a3a0dd549c4822b70a7616fb75bb3b,59.99
87525a16ffbfa38b6d5339a840769201,59.99
e615ca09613c8f72bf3a0bd5e2d349fb,59.99
814b41afcb94cb533af057e10587da20,59.99
5a92af0269b42d98e7343508638245ed,59.99
f37a14140ac3a8efbb4d2eab6585edb7,59.99
993f2de0c7a27d4b99698707cae71d7f,59.99
e105da24b204e15cbba1a45b382ec131,59.99
cd7022d0579d67f69f0fe2e40dc254de,59.99
3061fdad2cae5d7f676066d5b12ed727,59.99
ad69970e0884e13fc4e5874f5cd2867b,59.99
8c49836680a00b97d63059dc43458e50,59.99
d398cd26a14e81d6a1b88c42b089a39f,59.99
d928c613175499a892ce4b80342d7e81,59.99
4d3ddf1b42da32b1d58cd34460c32659,59.99
75a3c1d35f4802ac7cc516e316823201,59.99
ff4ead15d934b5b5896ca73904d07f66,59.99
ebc2b55328cb844e6a699eefc16da7c7,59.99
d5ef627c0311f0bf2fe4488c8922d438,59.99
18c5639b9d801701c53452afdc9d93c4,59.99
053bccd4465d25600d95df22e1eaa46d,59.99
fefad1fb324e283d8cd4dabc78c26e3b,59.99
9f3f0412d3617f00d9839f8e5a09b351,59.99
3434214025d5538f19d354ec719ea10b,59.99
7c95b947fc79968aecb72978e321a306,59.99
94d177a18ba9c367b98639650d29ba6a,59.99
3414c83e2c90da70206c954609868183,59.99
25363d393da9ee18ffd04574fcda9032,59.99
e23855ce6b59ad9517f246b3928f6024,59.99
d581eb6d9fd28fab7f1e4b19989f490d,59.99
10926161cddd1f0ad0e0c705109a334c,59.99
ec36973ada72d7c55461ad8f996586d7,59.99
7b49c9e88dd17d69f6604c5bab0f1291,59.99
28e649122a91a9a3b2fb6ca0dcce1d22,59.99
6eba6d9a7f3c9f15ff36fc34aa59e057,59.98
47a430a008a55f69741458bc6da5247d,59.98
1737dfc3d25cf828b2568543193ee5c1,59.98
41c4298bad8ddcba7c752f4b8defb6a9,59.98
d99ac336d73ac792b2501d0c9bb4db20,59.98
269de2f9cc6cab3645075e7ba0b1d6fb,59.98
20e082bd38bebfc9f174eb2f74b6cd41,59.98
75aa1071d01b766bb4b3e8b8d613555d,59.98
6cbfd3701bca0484c69f2996f1c5f930,59.98
0299b0be36d3c28852cf81ec24496a9f,59.98
9970215408a648495484733ce1e7c7f8,59.98
48c6b082b2b8491612d56021f6a29501,59.98
d9b9801abf6ecdfcf595da6a2a69e8af,59.98
51a75e928a57e3f215029415a6057a8a,59.98
8dea293c7c436f369f4abd1c7e2ebb73,59.98
c6e3812cc706e3b2217791471ca5f1c2,59.98
36e597b29aebcb406abc514198ed1522,59.98
93da64eecd5d94c7e93a29fe5842064e,59.98
380a297fb7a3cd503a90e5cc21b3a89b,59.98
eee77690468eb9f1907c1ab83a5d3c8f,59.98
92eca7f9b394bf80e4151f66a4bb0130,59.98
061d8030d0f605af68c6ef004ca15700,59.98
35fa7db08a8e6c05761c71cc07bac716,59.98
65f3fd33198f167c161230c7aacfb2ad,59.98
933f61451eff295332a383f8f9f6cbdd,59.98
511dfb4f5249ddae8cec62d7c650859c,59.98
0bfbb7d2c85e85cedf327ac8cf74f3c8,59.98
6debe8bb9f47c28f881f14bb830070f0,59.98
a84d957fb58ef44bf240ab360e917fb8,59.98
fc05c6c04fd59a8f7a6833f912276f7f,59.98
7ef43c3eb0d94e1f5e0a49b2f3bc34a9,59.98
2ae1b12b1746ad270633e41404c0cd1f,59.98
d58c8453a61c2b4abcf15e051200635e,59.98
14dc25a6ed75c0301955b530e15e1b91,59.98
56add768549d86b62ee58bdc77832ea0,59.98
b29696a647ad52b16d8d3700ab2bbb47,59.98
50fca9169a180ed21779f010af207af0,59.98
5210bfac9f1dab420c3283b13afa8fa9,59.98
7c27dc2e3534b87df8eb7cf622b88a81,59.98
89902f85c9a42d8c33cf4a1ee98e73d3,59.98
fa0a0f986296d5201a58b9b0c4b36d0a,59.98
e150e46dae622d09f19b64a34f9387df,59.98
2dd8d26839864f021bc1ef8a05091680,59.98
0dc954c9c93860a5d29fee62c27add39,59.98
31ab1030eff8a98afc9a22f40a1a48ea,59.98
d3b0d480bfab67976244e1c05e9ae706,59.98
4df1167e04f1414da4777047b170d010,59.98
c5b4db0f1c047efb43be95b887fa4f0d,59.98
9ab27e3a4cbde82e8cdd26f70a82cf07,59.98
d564beb5fac0483631d916413f96e666,59.98
45a25642e5dcef7ef301d55048caa6fc,59.98
3271c91ee3873786dc0a28df6b56702c,59.98
e0bdb2f487b5dc9eebcce9f98423608f,59.98
665fe3b7ab435cda0fad0c3cbb1c51dd,59.98
39438ed667ddf6622e024e390bd85c73,59.98
72c990123f7cab26cd90a4e62025dd77,59.98
47f2b930037868546be2c3297f60c82a,59.98
3460eb5edd166a7e45eeb273fce75187,59.98
6d5f1feceb897604838ec6096bd7a2cc,59.98
29c08f241b8cc5260d961b2375afda32,59.98
206fd19fc2dc8738a59823f0afdc75ad,59.98
110da78c3da35776c00e4ddee0646997,59.98
c62c8b90d8fd16516b99b08224753001,59.98
7c890e1074247209ab7d32ff9a295ed1,59.98
7279859141575c9865ad01ef92b7fe72,59.98
f85e5fced79b04b2b43798ee12ea1308,59.98
f004baaa764281a258a7bdbed2eb177d,59.98
dc32f9add7f63d48c4cd2b6956e55380,59.98
cdc2e8e8d2dd01cc8e5556ab440ccb92,59.98
66ff55b6d499c819ee2ab54d7b7e198e,59.98
6a0c3526b0d37426fa91f73c47141c01,59.98
f2094fb8ea88f05bf92f84575b791ede,59.98
dbb34416e5ca65c3e7af17da603a723e,59.98
d08b0eaa94f846b96666d81ac5233aa7,59.98
d0d47db5ad7c0d4e67ef8587667fe9b4,59.98
7e6d20f2d20b0cead59ad7024415798c,59.98
b3301e4721a36c475b37c249808c8717,59.98
8ba643878d111b600a1a781ae8ec0983,59.98
4b17aa73ba6fa555940aab81c6dbe893,59.97
2b1e9ab2fb5a2db2d9b33ccbe742f09a,59.97
3ddb606fa3401cc833074f9b772a8bae,59.97
adf266ab12f2957c0df3d71579732dec,59.97
61f689248da935c7272ee5d2e7d31562,59.97
1c0d50fe7db361b639aada53b3558828,59.97
cae644882715eeb77677f6d9458ab35d,59.97
d509ded18095d94c5b7c49db99694dc1,59.97
1f11568f8aa695fec4b6ae5d9cf2710f,59.97
dc1f0b6f740db58beb6598d5c4e9941e,59.97
b8b1eb33cac1a442066b8ec75da0c436,59.97
809369f02cc668ada63b0e2f521c3aea,59.97
cea80f9af87104810bd7fa9698f69d29,59.96
d75765e4433ca2a2fc02df9f2714cb33,59.96
32333436d083cbc8fbb4cca333f306bd,59.96
5ec5dfebd4bcc4ac451554aff812cdba,59.96
877d667faa33c5ddb4659f8616d01528,59.95
e28a2cddec01873acb71884810975673,59.95
d014f11f50846fbe717e15184b8f0b31,59.95
b2378e4329384d595b08676b7d631a48,59.95
e906d6e3253ba71fca26df0314356f9a,59.95
ad434552da755c6bd7891853096bfb7b,59.95
4f087ceb0e06ae3ea989493e4359204d,59.95
3154dbbe8510dde101e639552ba0ec4e,59.95
0995a25fbc15194295442e91c730ea6d,59.95
c57c441872c2609f61abbbf8148a1ca1,59.94
cd6d7cf3eadef3f54d1e0ecd103510b9,59.94
672095fce1717238bada161cc856dc1e,59.91
933da2a653210f730747c28a49d54d8e,59.91
0e376962430a991d42ab484e13be6e8a,59.9
90e210b134f06595fe4b6a70d1187eef,59.9
f08b05b438c124eee9cca48df132cb4b,59.9
59c09662f63b5e4e8696f236b7067c94,59.9
577650aa5431a6b7fc835dd8839d2a60,59.9
95ef78f863e47449662a81f5d637d09d,59.9
f146209286bbd669b4dbdfe4ef50422e,59.9
6721f296aee89a6caef0bf53c7547103,59.9
aacd0f72bc1408e27d30651f960d732c,59.9
9f74f66b1e347f122d8aec82f8dc4633,59.9
860b1d9e8b261a7ec7cbe827d7cf3aa2,59.9
4510e3aefcc54f455571f665f6d0034e,59.9
1ff57cca2f72bc2fc67a3667950261ba,59.9
4dc68ba3ae112862a33e103279e8d64c,59.9
c98e22879c4e41d132a2487a2cc6513d,59.9
0c96336240a1d7290a3d3b60198c6a96,59.9
0b5f6687d659478f1747caed607c4ec5,59.9
e7d7c19180d24061b0c4d7a7896c5b00,59.9
4dd75dedc640410dc4490732a2165c33,59.9
6386b128d8da7a17d76bbb5cb3e7a9da,59.9
8238ee58162d83370825ecd9b4ee1435,59.9
c7e4c8fdfd7d2ceac800a0b4ce43887e,59.9
66d54f0c4b597dbc5ae55f45bf4354cf,59.9
5993edc559f101a53914bdcdd9d230bf,59.9
fb139e2c4f9ed3b05ca0dbe66ea46880,59.9
e31b2f518f94b17e3b43a035427f7d0e,59.9
9db0a6065f7c15895b9a2705b6dbc77d,59.9
29713fe2438293a3a4d777e9760d989c,59.9
b9f89b65102ca979b94f4493af5973ee,59.9
1f4e48d20f0deaacefd7fc19a4382c65,59.9
8943a36516635e4916eb25668432071e,59.9
610f4bb4b87c0b59529b0e7ceb282e59,59.9
290ee0188edbd0ea99a9bcde6c7d8e1b,59.9
8a59d93d89b0d508a01401a07b2d3f36,59.9
18e6c8aef10d4ef05bbe09b25cb233fa,59.9
755b33a76efee89126040aff62c1ce3f,59.9
e30800acbcd9f1bc8b882b69f40cba70,59.9
d95825f8162af56bca18b031051af744,59.9
224596c5a40f0b3fab3be69edd4db8b1,59.9
9bbf4660a4028f0bac41bf43b26b4e61,59.9
9eeadcff5162752a89925db4e4e33c42,59.9
f38c1d00cf75f681c1aa5a5a282f83c5,59.9
c2b4a7bd3b1cd6337ffe7e43d2e70a1d,59.9
566bf9470ea51d6f6d0d05be06323576,59.9
428065cc9e87f764effc6d4875c4b4da,59.9
b24e1d90e8595b3864e7e462ed85e0ab,59.9
ed77b9942fdb5a2edba716bc97fe0a58,59.9
25f2cb8613c844fb07e042433a5ebde7,59.9
7f4b051e8b634cd50f385125b0288dd6,59.9
78eacd378df2044f613995b4c0662c20,59.9
0255d676d127593a7c65526306a29c36,59.9
410ea60cce9d682cbca502ed6c779973,59.9
f701b1704873f79d6b5ac540db9faaea,59.9
895bef6cd5713cb926654c47e14bfa33,59.9
326d6411a0ea9bf9fa58b6f386a7ac98,59.9
9235e3ab22f834a8777bf3b0ddc34b04,59.9
24e9b6c1d7a610e818bcf83e97558689,59.9
8438e51fb0fc6662604d32eeccef52c5,59.9
0509cd76cbe3a75f898826c212bb3b83,59.9
a86517d8f9ce5bfd926863eaeaa748bd,59.9
f6bd36b6574aa85cd8714d2cf4e9d777,59.9
1dfc184018e7629962a4a1ddcda18be4,59.9
99079841620303aa896941664bd86441,59.9
c9728ad3d3c05c3e531d2cd775c2af4a,59.9
67b9fe15483a807b6a35c1a934631655,59.9
b0fada20b902133561c8c5f31d3a8b4f,59.9
c5bbc7ae71e91d2ff32afc76fa7f47ba,59.9
908e5c940ff6e046a7c6166f80ab5f32,59.9
d1603f4303610971154e335f5004957d,59.9
1ba3856af8b4149496b4dc9ea3c36895,59.9
9a5111885ab24714102b914108825590,59.9
5dd4e2c9c44b468ee34ce64762c56909,59.9
08d638bdf894607a00ecdd3fd2a88321,59.9
cae389249163795aa33fe9b7b28dc22b,59.9
1b056cf6b6263ba5fb8067b76857b66f,59.9
902e1b7f49096198dd4b06c9e9e82184,59.9
aec5a26b1530094ee5ce6b2a439cd3f4,59.9
26d7ba85990f23d3cab791183e339c3b,59.9
8144e16e04d00723d22ff69e9c08bb49,59.9
f5ce9a458627cdf1b39247b45fa6ecf9,59.9
a59d04c9a76861580b6b7c3491570a5b,59.9
1dfc42d29e4c210de654113ab49e6f4f,59.9
cf20e2e0825a11a060a95b007a4ec217,59.9
3eb456ae69430643eb134b74ccc4f261,59.9
535a05f4c66c1ebb2b8c6a537a7f2149,59.9
7a89b488bf7b415c2674060d36808b4f,59.9
727e8847b1b800ad905831eebac62ba6,59.9
dfa2fabfd09898113c191770dd4c9c96,59.9
9185771cb5633deb3788397062512ee0,59.9
39d5f491d314a5e26d16cf74581bff02,59.9
19cd19a792b8ba4bc826a9a3874159dc,59.9
7d2c43741147f86f3242da5baacf1da7,59.9
0c7d17d2ae9a0c85566d9d58ea478a25,59.9
8a1131b2781ee44d9a21498ecbaf1d9c,59.9
e612b64b198a948389297313d7e9c568,59.9
83372d4453070723f0f31b01c8260993,59.9
453acab2b65f43296665547b822b9b79,59.9
97e5e50c02504e32d222320d8c4dfbd1,59.9
26f1add6f6996118b1c61af5f11ef24e,59.9
13739a602257287d3644f3d05aca02e7,59.9
3e1b1881c962d19e237ea65b3f06fdaf,59.9
243ee97e01766bf68c3e30f0fe572490,59.9
1b182137f0d8a87e9233b9f0c0f52c8f,59.9
47c6d324782f84dff90b3e256495c26f,59.9
12e316915fbac49913add2f1a53b05f9,59.9
e625f68cfc5ace3c29268bbda6328ae3,59.9
c425d4425feded8f303e4fa2c5ee1b94,59.9
e65366d6108f8f7456d6c14f330ccfc9,59.9
db1f4247e9c49ea446174ad81a61d45a,59.9
f7bdab6e68a28bf26acc7cbd785790fc,59.9
ae5a05ffc3c75c6ce5c4ea82a4bc659f,59.9
eb7d32b871d7e1d8f3dcce1aa4e095bd,59.9
bd58622db04785254b864cb9025f900f,59.9
ffa06e399e68881a89fa0f38f21c136b,59.9
785c6a8133a7ad4ddcc5b9cfdd03a2a3,59.9
3bd41ace6947e38ca8617d90ca110496,59.9
b1173bd14fa71771c6a4219a69cb5559,59.9
26cf824d990f4e2e89a215ab62b61873,59.9
3d6ddbb637f290c98124b3cb79ee563e,59.9
8b7ab6f3bd953bf7839099fffdbfb086,59.9
40167efd3222760691f4342a061d9bb1,59.9
b988443bc3c86581b7d6fe9084be35d7,59.9
310621a52376d34af1a8fa28f57a05c1,59.9
b6a82f4b91aed72ebd1e0660357fbe3f,59.9
ac1acb6f8d225a70c72815199f63a383,59.9
d52d50587f75df7c5afbe0c57ed48029,59.9
4d6e3cd7620b52c39a13975adaed9873,59.9
6643c99ffb651f9b5002aba628853005,59.9
9131a1850f115393903d24188eb2c1ab,59.9
ee0b011c3b84ee53366508378a68934d,59.9
e90dfa11acd0c4d2c06797cc178c27e1,59.9
8fac84d14f7113c17dc3e1776ff46296,59.9
0c6d59647f04b19897e2fd48ae191f27,59.9
8a44674ccda540b8e0668a90a61be197,59.9
227d084a3c26346a30c2d1007073b49a,59.9
8ea19bb36a76ba5761524ef17ba268e7,59.9
abf1d44efff91a2a2d28d86a1f2d773c,59.9
8ae31420d64c380a94cd26face788abb,59.9
6bb879b47fd62a8235d7f6334cbb4755,59.9
717190eb3228ac01acf2e76a35fcc9b0,59.9
ad6c28fc517874a1e80044ecd92f7841,59.9
57ae7d96c29b4b061d4a58303fc574e9,59.9
f452754a165d7476e748b313ee417183,59.9
0c93424c2fb72cbfb2264a9d174d8513,59.9
f1548444c208edf9769ea46ce3b9e4a5,59.9
bb1e941d0e011c8a1a72bb2bfceb6c61,59.9
f374a23494f580eda86c55a7443f6e28,59.9
d9a86687225f7fd77a54eeef4e5dba4e,59.9
f8af0c88d4c850edc4219a15645a5d46,59.9
3f900bd55c8b0d06474ca46cf359a998,59.9
a8827f0bd340b0c925104fee0629e381,59.9
4f627c252cbdf3a0501a99755ddcf1e3,59.9
17acafdbb192d45b5d7f4c8ae536bd0b,59.9
f487d1e458323b7515501432ec6d8bc4,59.9
d89097ac519be9716e4b08482653d387,59.9
a222c8efebfbf41bdafb7e821d9467fa,59.9
495a5765ce04283cae03e31b63355cd4,59.9
ed1a722ffcccc98161a2a3e8bfb67509,59.9
d69a4424e3d769782d9612fe8575f1ff,59.9
811ed486544757b18e155e637e87a379,59.9
2e603bfcc5fef237c24599fadf6d2d85,59.9
6ee3cafa9f8fd269973b26a65e336951,59.9
f7ef746cb4eb72958f6ec8a332cbf172,59.9
cb3ac9287a240ab1ff177d10e4f61553,59.9
c7c5b46bed1f822b95dd5c188664e345,59.9
5051bdd00c23a04190dce73c99b4b383,59.9
0cf9084f55a458155d34c0d55bd21b31,59.9
db2b534c98fd5dd2f09f28710a9475e1,59.9
9703035da34041c2f2599e217a0f777f,59.9
0816e830480fc8a07ea1d535160a544b,59.9
4fe25448d0b0474506fcab1e2a157175,59.9
eab9c552374be06ed15923016dc9e588,59.9
e49e2af32c3082a1fdc8f5dc5c5dee7f,59.9
0d9f1ec8ce764e4b5cc17969cf9f6984,59.9
32a76ff73afc1bd3bb1300339764345d,59.9
1eb5bb873777ad08b25770ab550adf72,59.9
a000358e67061a087b14a812d621ab2d,59.9
b19eacac05a3fa6c61ea12d1a138e048,59.9
9ded6ec164c309d21d79dc6f53e14610,59.9
f5d8a545323f03c74139eb656ad7c355,59.9
7595868948ca311517e89487d6815151,59.9
fce4759d6e9d0ff4f6cbe26defda94e1,59.9
9652611b6a6c44d8631be8f89e656867,59.9
c4cb1295499744937c6be430505b7003,59.9
64c41bb59704243384caefdb488fedd3,59.9
20a91cc566729229f1ab38edb706469a,59.9
75bdd00f36539a62321b7b5ad9db02fb,59.9
296fcaa5fafeccd48433a91f4019d99b,59.9
c59e684f832f832056ceee2c310cfc7f,59.9
a7f8ce7902371e84a160590635b0c546,59.9
957eb9ed2b71b5439f68a865a736de0d,59.9
8b65ea3a6e826a860f2961630e922c41,59.9
17cc67a8e493d2fc6c761f39b4ee9648,59.9
e53d099c01ad635b7dca18573d4ab1ad,59.9
e5381e8c6c9fd17625f8ab76bee76b8d,59.9
1f059b871125fea14ec05a2310a238e1,59.9
83077f14414686e9a226bda8826ea461,59.9
493db3eca4ddc49b4c6a71d743aef4b0,59.9
549a9f5b9ac02e302a38f2e14c8929a3,59.9
664f8c510001481c16102dc8db9cffb4,59.9
e6f40fd97b2ae5d03f8a2a211fa042b2,59.9
a783e0ee89e3bb0bb0937794b4305914,59.9
49b59734c9b8a0188e69ef708430b381,59.9
1cb7d00b544d87bd4d01003547da0994,59.9
717ed3929ad72154e69181f419c24cfe,59.9
060d1aa4818f0382d6a4cd5549e63dc4,59.9
3e3c0b3b23d15050ebec59ec39b3b597,59.9
0ae263db1fac3d2b8495a2b4b5b9517b,59.9
354ad2de2a27de77462da38af0659abb,59.9
8e8ece09f913df64cbdcf2188e9a7d85,59.9
cd1b76220f1ef8834081af5831663e44,59.9
43e4aa8f5e956f0169a62f4b708872ac,59.9
5a5a2395b3f4e05559e4d319a85bb8f0,59.9
0b26921a795182403d1c1ef0d8809e02,59.9
43798f254097cd1ae79c084d3c697ee3,59.9
b70dd1b7a273c0378edb26d95390f857,59.9
6d0a1202f51fe7aab56facf944770117,59.9
03e7a78ad85e305f9989298d3396f7ca,59.9
9ef45e2d63a18168cd4b03a1f0da22d2,59.9
92d18deff562d7fd00f78b2360cf7e55,59.9
71549f745b1fd8c7d538c09e284094ab,59.9
ce26233b2ebaf4d7a4003215f3f81a93,59.9
90110050bbad8e4a17d5fbf0152eb950,59.9
990e231928ac749b44d8826008cb048b,59.9
1f82cfb74094dab5d6590e2288ac79ee,59.9
d55606cbf9e683ce2153dc986b823665,59.9
51e14774b78322308fed115d195cc4d2,59.9
6b0ce605437c4dc06f3ceabbe52ec569,59.9
2ebeba3984c0ab6102d24c003c80f6e8,59.9
5c72a89f60c3aa1696568b6ad906cccf,59.9
4325c54ed368291d45bb4e42dc2a15dd,59.9
c976067e4623ed60f31af326652803b5,59.9
4d6ec8fe0f7d7bc9e3cecdd2d66f64be,59.9
6db0bd4890f3d24db9ce7db8c91db669,59.9
47698a61541861c531bdccec72785476,59.9
0dc681657ffbc04e9e47078efa1da46a,59.9
b49c3657443b89877fab016b62896b52,59.9
f537468e5303911f11d30ba313007fc3,59.9
04638865a9aa6944aecf3b6c2170ab7b,59.9
48551a5f05da712bf721e6e4d24dddda,59.9
c170b09ef1891e3fcdbf986aa2d5a93b,59.9
f2ff0d9dacfcb09769716880fb94eccc,59.9
4f2796b2c59f9cbe969f0d575464c311,59.9
5510cf3ae5b05f9f7d9e73aff3889e91,59.9
5a15f2faee1402a7a587641c107b5e10,59.9
c926e7ffe70e1bf3f87a5f37cecfc686,59.9
8ffa1ee9742c30cdbf8c65e4242fd7ab,59.9
def8021341a1466f13686e05d39bc2c6,59.9
63d6b822c9b82abb95d18d43cc3f79c8,59.9
a71a356a23ff4e07d424f8f7192fd451,59.9
26edf51b99d1817a0d9890fc86cf8e63,59.9
fcf2507b5a716d2700a4b7b342b5bda1,59.9
25a12a773f44b1d53fcba4e6834ea4bb,59.9
b7d15b59fdaf87b5d550b6561b4506fa,59.9
ffb81db92e7ac00ecfac978f673be8a6,59.9
f1b716fda069da883eeba66adca9a5d0,59.9
11d70f03f893cb98ec454bfcdc3554d3,59.9
29801c89dd21583fd730e4afd774530f,59.9
5f3e5c17d9cb18877b30dd37487345d5,59.9
49c145b1b66cab164c722d288e4f548d,59.9
40d72d9a2f89a765b140530775e75495,59.9
7811c6e410793a76c61b846888298138,59.9
5a261e29cf7f80b11dbfbed45d2ca5c4,59.9
0aa65c8a7017c2e258a2f342fc9de96c,59.9
195d4fccba77a084a0b2ca23c49db18c,59.9
4eca2e495967922f24cbc0600040e006,59.9
b829fddbce42cead675773ee8daaa179,59.9
2dc0c12730d20a4eb7d97b60c47c5fa4,59.9
ea2d195c0d7c95afc15093ee66bc518a,59.9
b9c4099472a5bef7382467618860c204,59.9
3a42ca312f7f0cbfb87a67d79c8b3921,59.9
fea4aeeb4b4426cef48af6376ff8b27e,59.9
877b9bc047660cc9f0f080e037b3c7f9,59.9
26854bdbd7994fb56d6c8108aa7a95e5,59.9
4ceb21edf64c0b960eafca68dab32de0,59.9
4b9e8cd034b45245928f0d55a4ed4310,59.9
5ac19c3b740b65939c035201ead9bc04,59.9
4ab60901050d2b4b877596c2edc24a6e,59.9
b59bbdb15afd9b563d1347e758f7c599,59.9
56f99a8f8bb5dd47209245529b9b2673,59.9
a7077f133d9d048e55dc77a59d97c83e,59.9
fff675a0d5924b9162b4a1bf410466cd,59.9
27e4e9e54add87b994001667ceb67802,59.9
d4cd46dcb07d13fcbe9c1454f7b83a87,59.9
4c28be5f84aabef50756c5569c7f74dc,59.9
e3e9466e27205a68acdd5492c1ddbb00,59.9
b0d33288506011adf589fd1e8a547731,59.9
76c74aaff2f3f7355f46d9818ad092b8,59.9
90f8e726ef106ec88000fc6cae1168fe,59.9
d20e693e7c3e72c53f4048b669811243,59.9
5ae9750560eff787bef03f127c5db246,59.9
a925361ccb621b24e21b6f6b357ca0d5,59.9
aa850ff40d565e7dd78c9531f875b32f,59.9
1d37f7f2a4d76f4f6d3f6cd54d21f27c,59.9
cf3ba3721f86bb50fdb1568a54039cd6,59.9
6efc35bf138c5027a60a0d358d402fd2,59.9
f59e6cca974ecbd5b68bc9301ab95fac,59.9
9e4424cc993d9e0c8042f150f89a0a9a,59.9
bd0c57b418e8b1cd0f10d87da71a403f,59.9
c8e14cdb8278f31a2b204cbc401a4fc9,59.9
889b4cac5719e9240c611a26cc31583f,59.9
b40d079359c3227ce06419dd806135ca,59.9
17afddb3dd87d2c751993e6a2d2498a9,59.9
2a6de83a178c8492e3988bdfe44e2d89,59.9
21de4bff259cbc328939e58e82f6157e,59.9
2cca8960b54982e9191e4360ee712034,59.9
86b1396ec33aa2dec5be9b789650c70e,59.9
145fb9bb55f0fdb3d5f89c09f7397946,59.9
801981edf3672d523b017f63a68fdda7,59.9
2eb12f077aa1c925a071a2054af81951,59.9
b9c971c49e30ccad3566cf4e76d61c7c,59.9
a2f803ba61b9ef40e42612271462e903,59.9
574e00dba47edb0c55e3b7e795eb8104,59.9
7aa6eb6e24f566f4ec744e82bd1118d4,59.9
9525b9a89283be187562d4cf366bc07b,59.9
426759c5e8f53301e8e8c644c4e73e75,59.9
f7c66b89ed1b69afa941061d1513b8b6,59.9
aab03c72dd20ff4aab68f24c8fd6ea57,59.9
2138da43cc1aabdb272b97392c0175ae,59.9
c06dfa7240c4304b19b4246f3b107d38,59.9
2e50003890535715c272f3c4aadd86f1,59.9
5ba4f0a54e593b777bd6059f7b7e0235,59.9
b83ce55fac1144714d63a72e62ed51e7,59.9
d4ff9312291ec7e9043c086826070d2d,59.9
a01b75a620854e00adb420daa4ceb4bb,59.9
1c874c4cc51fa0c5401a51943cc3a174,59.9
40443fa34ffdf6e08864f0e327ba3fd5,59.9
d71c8d46b852f467520c039ceefcc433,59.9
03d3a988c4d392b88975238160a947f0,59.9
de144da6b5ee52c7c5b295596a5e8a15,59.9
887ff35acabd7ba225eab1330ac7154f,59.9
9f0d2e42f83c55179cf336b77a28acb2,59.9
c9e0fd4d2fb25183668c8a8d86d04340,59.9
0f9a0e7b15c91c7abaf923ddb0f61c48,59.9
fad625090f41ef1d2b5e2e6da310ea8a,59.9
4c0341861a46551270437871eac71e73,59.9
8ac4417f93e1cd022e92837a030182a7,59.9
6baa9376774172fc3ad877c08e85644e,59.9
2f9504882f2ded2fd6c1230a7ca59721,59.9
989a5ea2f3bf07abf7dad6d1c800565e,59.9
dab6dcccd10af3d85fe6dc5df51911bb,59.9
09083a83baee60ac3e4a9a3b43a2df49,59.9
269dc95fb2e86fc9f8fdee385fd66e93,59.9
3b5a559898d679155d44fdc46c572d85,59.9
50a5ce7e867f2fabc3eb4703dfb432df,59.9
9533ca0dba01ab4d0a841b397616813d,59.9
781a5c8c63eb1e84f28fa2e051f7f24f,59.9
aeec4d2f2951cc7132dd0a1186df6bb3,59.9
ab74ad955374d980490e785a2f1e5f9e,59.9
adcb313ceaacab871bf8ff21a49108d6,59.9
ea7975ff36d7ea01dfb03717bb3b0350,59.9
50202490acea34225b1af5cdd25f4326,59.9
71b3c28ced6fa14321a92998ecd717e2,59.9
20f2452267f6c154ded2085fb3b55234,59.9
85c3e565ce3826154c5cfb9821d6cf6c,59.9
ffed827348cd4b083956ce2b634b763b,59.9
1b937fdca3d63e703ac55efcbffca362,59.9
e6fc377c18f51d5304e8d0a39c6c1251,59.9
5ea7dd7ba0d9ab74fe32c6858c42866d,59.9
1cbeb91a58bd89ee2df1bc32f3311209,59.9
5ca2a93c4bf830a3bde999890100180b,59.9
fb0ae2ee2f5c745390ef3a22158cd253,59.9
270149cb3f66b7edaa4645d21c7ff646,59.9
ab2f6801deffab8038ad84aa63b01feb,59.9
4014f8100253a286ddb8b4594f862531,59.9
c315c87d66692883960f01d9ca597093,59.9
f2850255763a41d2ace008ee8c066411,59.9
bdfa49b754767de4e30d32d577b3953b,59.9
282fbce48e4d2077aad602dd125c9225,59.9
17a7ed1c58dffc2bad134c5e67d73393,59.9
32846c0a002f03651acaef99053ec024,59.9
0df62d73f1108bad0d46174874a5803f,59.9
b3bf953a576c12bd6c05c6fb3ca27e4d,59.9
424593758067a693edc0b912ae09add5,59.9
49b0fabbc5945e7c7724cde5f9c4f4dd,59.9
afffd1d006743e2b5228b81a44417246,59.9
496e44431a2a9a6be2eabb10d3ffa24a,59.9
a20effc0e40fbad0f1f863c4fa049437,59.9
6fd23de3adc8571bc18b58047bdf6e23,59.9
139b2fa5344522313ccd1b544ec70ec9,59.9
23e88ee909789107edba129499a41e22,59.9
e363728cfe8db433859c05ae2ca518f4,59.9
66a54b482c7228155b832e63722b6f86,59.9
dcddb6aa499ad3c90ed6fda4ac98fb37,59.9
40ed53bf531f9759043dd3b82a1b2f1c,59.9
c754052065714c0e304de22a0e5b7749,59.9
00ffbb23812bc76062322afd86d8cbf7,59.9
0391a63da09585e6aa0b5903a30de108,59.9
7a8e56dd4f844761d678a6c77a78c099,59.9
23922448e9b4204253e23526929255a2,59.9
d0cc28a5ac316de296f6cb3babc9e665,59.9
9a24b6d573013c48b347b7a3219ec465,59.9
eabae00485a47d04040dd804a47c6ef3,59.9
1100a74fed2c76f3de1b25ada3a1ba82,59.9
4c905422f491aa302e218b77cc8b3e88,59.9
8bdc3c09b99bbee0dc03992bc03ac828,59.9
dd563e74bbb43d435ebd0628fcb42852,59.9
14425ff5b814c955a524faf453a68bfd,59.9
b06e7b4f481cd5e5f25b4a99a911d15c,59.9
0df9b193d9b7e6d45c62568d24f672a8,59.9
7773ea1eca2e879eae21ac7d62ca7054,59.9
ad8b48d037b4bf765b31c022ab7972e2,59.9
b3e9562798f3d60acc4439b3187e9659,59.9
3286627b74385430fa8ec37cfefa61aa,59.9
02d12adf94e256f7ff0056d447557027,59.9
ee2d4819ce761bd16ca6692f879caf14,59.9
341d1d77e807609cda6bb8c3f7cc1352,59.9
bbce69db62fbcc00884caa50b906a809,59.9
94dff73515858def7975ae5c2ec9e752,59.9
fcf6bb0ad9c0daedfe70ca9a635e6667,59.9
62561829cb4eb66eddee23af1e7d4570,59.9
b0902450a721bbf06e520c99318a63a0,59.9
031f08a1ebdcfb5e706831bf64de3860,59.9
1a825a018a70af4a34062710e7df0965,59.9
2941159daf7b19262ea372b0c1faca2c,59.9
184e981d0220cb3a8ec710d1f62891f7,59.9
01c45d896d5f6343ae095f6acfc2df4a,59.9
58408b38aaa39dae7ed36422ae1662bf,59.9
8fd9d1d1e2e21f8a83e5e7870f3b358e,59.9
db6505328f042b7f4fae7d80f3b0515f,59.9
d041ca80dd74bda96747b454bffe15f2,59.9
867ac9a8fc8fc9611ab69114e719457a,59.9
ba1fefc7aa34744954bead4700a08f4d,59.9
5f92563bde007bfa821abb4fa663e0d4,59.9
71c7e5feaccea207f79968ff7faa09a8,59.9
27828d691a25b1a79e058d187694b1d4,59.9
ad52c7ccdbfec7ec88d4185812d61b33,59.9
b2e70d3def6e8c63a635a26a7915159b,59.9
82628cbf879a9546d6693c25cbd5e915,59.9
09d1176d20540efe9ec72d34902ca493,59.9
2d09dfc044031584fc09a6c003c06953,59.9
f28be13519da4a15edf8c2ed80c6449a,59.9
b5bc395b6c0cc16a6432e87867c0d5a8,59.9
b301495c792065eaa3c4fa6f11bb0407,59.9
58ba84298cd4d84596b18d7f92882fe7,59.9
34d1179b8485fd694eaeaf5ba3ec0664,59.9
5fb3d3b8cbbef8c43dde17da5e8ad2bf,59.9
21673a91810b66d39fe5d5661b8f0565,59.9
934404a128b7233cbf982b5dfae985af,59.9
1c1a9f7236f1dee52e05e4411a43794c,59.9
a2797e4ee0dd430eac06ca4b7eac8fde,59.9
19a4b3431071ef0088f9891c3fb8278a,59.9
11a8105af3ed32d4a92f696b33c7ca7a,59.9
43439ea445b4e95e19e7d6b93d384ae8,59.9
4a07fc1c45f8525f38b731b6629da56a,59.9
6442504c76c94895e7a26f621fa42b8f,59.9
94141c62a5e4b28c99d32c74905ec09e,59.9
4c66e063c2ed8691306b5828b5c66323,59.9
e82bab9bfcad4584028d4ce864f9cf74,59.9
027efc2251512b9150aceb9a5e5b7f53,59.9
9431beb378db24408c2ff5419e2382ac,59.9
430fc891a146939e7337da2a8aec525e,59.9
9fbb3f4d97e802f4eed0c50ecba30c37,59.9
9e3928ae9bc7270d367853ee9c9d546a,59.9
7ee49fee1a5d3c3c30f39ca51b1b367e,59.9
94d504cf0e7f9bde1342c7f7ff51cd80,59.9
4205cb801bf556c26f56d50b28b9329a,59.9
5d1fad5801ed92a83f407f90977d08c3,59.9
0d53840309a3d05e83f35ff1afb396d3,59.9
bb927840905fdf4b8f78c55f50bd64f0,59.9
ddd3b9ce8e10bc277c120c9a7bb007ac,59.9
b178f069929c1deb7236cea83a93a66e,59.9
06e30ee84a0678d353928f7306faac30,59.9
f7a7fde12caac6edfac4282c4675b4ad,59.9
b152769322266f9c1f34b91179e3071a,59.9
e7a4a490b45ad3e43a293f04a5bd6910,59.9
e54e386e978265c8085bec7d77233d83,59.9
ddefffbdf14b16778f12bd99ccc04031,59.9
4089e7341d53fc5d347d9d309272ffab,59.9
bdd9bb367691eaf89c399e50c1b52b1d,59.9
510b491c7782d235d7eb8c68178dfeab,59.9
66a3f3356033193e40383a4f9888934d,59.9
2543c80010d02dc24fe29ea907085409,59.9
56eae93c3c9be2ecd4da5e3d32c59a29,59.9
5bea6d07f718b9f709d04810c560ffb6,59.9
655f1ed27d68add99540cd88ea16ec88,59.9
96456ba9ef4b5e924096618e181c95df,59.9
551ba6f8e39bce3ccc0785753f73ba10,59.9
9ee66eb44f775d666d668af72dc76499,59.9
4bc646ae05592e767e3f80ea2b1b2d97,59.9
edc2830530b7d989c82121b21e1c229d,59.9
d68f4c538ab9176ed85a35b4378d0423,59.9
3b6ad7611d288f2e059ebe868d7a5948,59.9
61609db271bd91cfbd84c080e5d6e889,59.9
8a6a93709181815296f18ea59233a3b0,59.9
e37922fce09b0c4a557f9aeb21b59466,59.9
6bd3af263aba7459bf1e349624a1512a,59.9
6b649f0117e2b3658720bce8190c51cc,59.9
ed7f4cea352af04e330462bdc62de02c,59.9
a599bcb4e597bbc3a7b1a1f6e39988ee,59.9
008657b86f500495539ffa6d275351b7,59.9
695b5f7224d99b1f7cae41cea85f750d,59.9
ce40436f91a9e251a42a0f6447f7e9a2,59.9
a96336755f2a6f45496391ac601274fc,59.9
625686f10cec48c80b355bdcd4b94dd8,59.9
62284ba2057b775c15b0abe3c6db005d,59.9
0ce7a95e45a3f8c60b04c0feabd7fb95,59.9
dec1dba45f7c7c934cf40858d65337fe,59.9
87ee52278f49510a6573beedd409e43c,59.9
aebbf33e1615558f28aa1a3b22da4604,59.9
2ab6108e1d12014a4acb8983df9f4edb,59.9
b9bb61281153eb02a8dda67981e54b4a,59.9
fb2d6905dc714ad2288b1472a3265ee7,59.9
dd57b93c16ea6beea83d08c466fa6dcc,59.9
1443a07e7571e81a3d4e622a63664e48,59.9
ec61fb091dc97882f465311090f44974,59.9
f962e5b6318fac20a6411784bf08c750,59.9
01bd3cc201383c0055f6b128fd089f1a,59.9
60993e25142e45fa3f14ae20ae76a0cb,59.9
c5c571939091a3ed365ad5d8d89602d2,59.9
b9c2587a0c43c2e078f1beeb3ab78a00,59.9
33679460a15775f35c988ec8817f150b,59.9
3bd12f7c1ad3a3908905785e43de8603,59.9
e069403a6b4ae1e82fbbee620ae3d253,59.9
a0c6454f5412428aa4c023e32c08ef4b,59.9
f0aba5723a12e77d8cf791532e415151,59.9
50a60363567e35381870faeee394c06d,59.9
dc34bc1e038fe5da49f47c457e5df774,59.9
9ee50c5ffc022a4e663f5d4af3de3d75,59.9
caf48213c41ea6497001587eb1456a4d,59.9
762e2f87a2fa9988aca913d5c04fb0aa,59.9
3955e9bd50f72fbd4168cae28cbe8a28,59.9
652e5ce9bc8a1abb65f37ddecb0f6919,59.9
15d268e1a1f123f6ed84dcb45b4df293,59.9
1563bfe4b8d21ed87a2dd20cb1fae1a7,59.9
edf2cbbe8938f4db1da137cf67b56ac3,59.9
58f180ef06844ae0e660cb5decc737c0,59.9
d1d326edcb5fc3e9aadd6e86b7a57910,59.9
fcdb673d0f8d2b84d3862193f17a08f9,59.9
ec3fef6f122ec7da38cc0f0ad81013ee,59.9
39bb2424304a318278cf4516500c657c,59.9
2d428f584e3f831f770a1de54a30532f,59.9
6454e6cba392b35aa21527063026fc92,59.9
0b11c040dd62ea5e242382553c722a71,59.9
0d922512d7f76cba4bc96a9960a7a7c4,59.9
6043641c536c36d9c769ce087945baf3,59.9
94d33f0fa325a5e1a184a1806f98793e,59.9
a5d4e10b7ef44fca5d3c946650f13fb1,59.9
46c33bda048651fe128f54630c1fa952,59.9
ba77ebb5a04276eff9b0bd56db33bfae,59.9
a2e93fff90db5e8dac6fec7c6629ff41,59.9
9a4334a8508329317393b7e5b4556555,59.9
1d437a0b38b3fc4a4c47c0adce4a11ff,59.9
f84400c1f6c596edb25628a5f44ff8d3,59.9
c5483f1b885da26c62ce8d93412fe607,59.9
71515ae407f2e4dd8ed76ceaa7cb6590,59.9
2ca9b081fd8cf85263e827dffd02446b,59.9
f6b6b5ca3111887288b23cdeb52d28b6,59.9
ca428a8967c35219bc97f4080b3c2fa5,59.9
1a8e3bea3bf138835edea5f557354df3,59.9
c02e3f49196e557d35818cea44fd76b6,59.9
3da04883e076862fef240992d9534e74,59.9
ce5adc4a6936d649dc3c0757303dba08,59.9
d174121c7375dfd60e474dca3832eab0,59.9
361bd224b13023572993116851359697,59.9
52408f5b63dfdc6b77f1c8414662e4a3,59.9
97019a1071d3e1443681d717d135bc56,59.9
d5423abe53211c09b861749714edf109,59.9
5c262efffdde5bd254f59c97cf8c9b42,59.9
6de2b20b2090c27c75dadb17baca195d,59.9
1db1cf9ec037c7b4d6f48b33a9cad90a,59.9
c4b4aa3d40d7530386c518efad9248ca,59.9
333062649ca3fb7c4f05d89806c0ab4c,59.9
0ed78515f267db4682a1f96fdfb87d1b,59.9
6729078b4efa4371e61e6ec7df327846,59.9
180bbae17bfa825b909b9daf2217d77b,59.9
5c8e8544d3e19fb8d470ce1b2cab5f0a,59.9
fec991b4de20b2284f4c441df760a6ed,59.9
af26b439d05ed8d48bd0908f15feecdf,59.9
1f1af3c6a318a42d87f7ed888b090147,59.9
17f815b13cf89817bfd90065eb1b69b4,59.9
3b46d71235a57822d58ba7a2e38f101e,59.9
bfd4a40884fd30bcd8bc4e6838fbdbb6,59.9
2d6696a5ad00ac738d9627cacbb49eb8,59.9
028b0af58d2752a889011dc9c496a054,59.9
12b11f992889101946980981fb471ab2,59.9
9bb6b1aa6ab126257823c1c2146567cb,59.9
2bce54e2cbe983ea13f2fbc8e023f8d1,59.9
d5121168d43b0c28479b59a2d52655fe,59.9
5232d7881a1c0c3752674ca351c2c5de,59.9
7e3e7de1cbd8179bc8b6d599215f9b92,59.9
696a9ef6ad57273c88e865b52f3f121a,59.9
9584350801d16bfb6670a6ed33331336,59.9
8eeced160477a50dff09b0316da6c1f0,59.9
d037da3652b6055f3334ce9e9bdaad01,59.9
1d92899d21c2ae62c0994ad1a89f61cc,59.9
77ae41d2233b06b7272c078e0ff8e880,59.9
8171ac734467c1cd84d15c6ede5ee70c,59.9
5e585800a1e9e903a5f8ce1e36d7e635,59.9
9c61e2bf0f481877bbf50d600fe373e4,59.9
0d81bc4671f67261b0e16c595da352cf,59.9
e283e924531a3ed4cfea8c4bf3b680e3,59.9
63c0620dcfe9f60f8370b002127de65b,59.9
ec1b208f54047679c3b2c982e22872d0,59.9
5223c607aceef2f16e11f8b47ff72b8e,59.9
4dd4a2d0b9d48ac685633e0fd8a89f06,59.9
065c7937ffd166df6521e1008403ffd0,59.9
4aebf51d7766f57fc3b9e0d324c20f33,59.9
612915de8f6eb958178e7f703fc51d22,59.9
2c00c73a8bf9fbcd26a132141d560afe,59.9
daefebbffcdbaad2794e33cfe5289be6,59.9
ebc886e9e3226e7da3ccb10bba7c5c4e,59.9
3674db4a48cbcbd032d3d2274f9018af,59.9
09703c9d52696df6b0c0f4dd1c8729f8,59.9
5fbb84d18cf3be4cc5e3a77ad95bda71,59.9
450a869eb52446baa38f4beeecbc5843,59.9
646da1da4fa6d6af2087acd85743094d,59.9
827a42e41fca052da4378e08dde4d5a9,59.9
1e3252b73d8c7d66a3e003069691c85e,59.9
03b1280fd15563f3814e6b0812638ca1,59.9
afbc6182d564eba59eef474055f2bcdf,59.9
d4a2823e14df7fb54dc7316631a5a117,59.9
cbd2a30b9bbb012b7112dbb9a2c70bd7,59.9
f9a015c143bca538ed45d0d9d5301ac3,59.9
60be6efd06ea26069011a291c11a36c1,59.9
4c6646f19dfcb0bc05ebccf4ddeb745c,59.9
422ff8c7d9b772e324baad14ffbeaf96,59.9
140986e1d09b23a0b33837c2cabefb3e,59.9
6f3f242302ca86d90343db8a3b68e259,59.9
d9368da1704624dbf1523c1fd9b8a487,59.9
3f062616cc5dad2d8a65c7d258da1e8c,59.9
aecc0c209f78b49159228aad6d6ec3b2,59.9
7f32fbd449189b491a58a78eb5357b9f,59.9
b2c85ae7b6bb80751ecc28be8ad556b6,59.9
da60a83676f4f423d010e046d2e19638,59.9
bc65abd5df0fc9cf85f69cf5c87663c2,59.9
83340e4b205bf32a8e3d5b7d02be5dbf,59.9
03db7508ff10612b60f9198e0b33cfda,59.9
81004804a2d5f73c310aa097c6633778,59.9
843e0451747b5a6d439b5632813b7cfb,59.9
766f1f01fc8ad721bd4c72207ed2fe08,59.9
bb514cf4c072f5b604be110df9585d95,59.9
393d13b528d6ac270b1cff9aae09721e,59.9
ba3c543c2b495c38f9dc47b4814c7b32,59.9
2eeab260fead93547184a15fdad52b73,59.9
cd221328224fe4d038b6e3d3ef1a4838,59.9
c29253b809677d6b9de4371383f4da19,59.9
1e61e36af8fe328f476f84c356416d74,59.9
ac1f04094195d8798fc5ed0dc1ebf865,59.9
2bdf82cc0845ed8974063bfba3bd08be,59.9
796e0ca56ae41eb667c3e18eba2af915,59.9
0b163d4fe7d6acebdcdcae6f4c0ca8ee,59.9
0080e98d82eceee143dc006defe00687,59.9
3ae25ab4ec3b54812811a7b61c4c4649,59.9
20899a98f69e29ac34d852719a64f431,59.9
69a7c2c293e83fd36e2fd81a7bcb74b3,59.9
c85cb76a752240ef85eb1c51ef964fee,59.9
be62eb313b55bf8e32345bd66b1f1acc,59.9
ac6715b330dc55b82add2607aedeced0,59.9
929e321fd1897048b1bc0825d394f9ae,59.9
f552eef4dec7177ce21ba2b5532da268,59.9
c6c8563d6eada54426aac104e963f40a,59.9
4ad501efd0591fe795e94fe63811f21a,59.9
7a508cafafbb3f521bcc6b736756b8b1,59.9
bea482168e59ee99ecadacecb808d058,59.9
5e53e2a2779757e58af04c6658e584b6,59.9
56b9e0cc006e93990785d891e836aa83,59.9
d4a6786c02a6e6ba536f58e3b4a13393,59.9
9dc357207f1b0acf9782276bed80f48d,59.9
8866a052aebe7f7cee97bace65b379b2,59.9
1562d6268e88c62bc715fb76f73c7b9a,59.9
945e56ab9a4d329e972c8de67d70fd4f,59.9
c7f6ee122d318f8e376cfb4b2912e42f,59.9
215428c6a440ef651c57099d60344542,59.9
bb088856ff6011b4654a83d2d41fd7af,59.9
f07b6df75505e68e57a684ab4c4e5783,59.9
a295e08ab5581bb236c059295c4e202d,59.9
66d8f30fb4390d0b8d3e0b639bd367a9,59.9
8ba616c70c41e2f52d237e2a71935d36,59.9
91e6d23d067b25ab6a4f149106fa719b,59.9
497163d8568c92562094cedd59be9478,59.9
1344fbf68f664eebc30ce0152fe87f01,59.9
f272f062d84c339be94ffff26f582723,59.9
879d605eb56ec2268b4f75f49247421e,59.9
8f1c3de99f55c6919397f474529e82f3,59.9
68fe7e1f30525154073a3758b801ea9b,59.9
37aa60852e8837ab99f731864f9693ee,59.9
0c71b597b4ce46a087162c4562843000,59.9
ea7becdb889ee3d9418066a63f95871d,59.9
ef84ecfb3db132c5ab785d8c6b06b972,59.9
0ab5ac57aa93f5bc1a7da4ded0810294,59.9
9a87ecffc7fa5774d977fa4630769a63,59.9
5b6a2c2aa5f266b09ac1be50bacff2ca,59.9
7b6c9b3a1320537ea96a805c11acd5b6,59.9
4daaa9308cabd7d0ff4a847b64d97b28,59.9
444479fd5e4914e1d03d5f3e03bf166d,59.9
0a03a6a1d24de1a847f6a8a26d5ab014,59.9
002236c4f333bc8df6a5939749eb7869,59.9
4cca2bdc9a6f0f9238b80a80ff1b30e1,59.9
a48095953c2c52f5900151d001daa464,59.9
7ff71a4acd7e22fa72ea070155a125f6,59.9
80fe00c958babb51185da03abe8adc1e,59.9
be5f889aa121640fd2a60a253fb70120,59.9
04fe7d4311ae1d93d159f77fd513a91f,59.9
200d118d9392a4687572a02f0a1cc6c8,59.9
492465ef3d63cce9b19ee76f52ac8037,59.9
2f836f5bd5dd397de1d5d0412834d3b8,59.9
e808442ade9d84c082db6c3fa005c8fb,59.9
88f690acd6593f15dcca7a39473c930f,59.9
6d68392b4769c127c8bff89994d745e3,59.9
feb9a08155848e887a60e17aeb432791,59.9
1a6cb0e076784a5e73557aa5defd660a,59.9
0b8520e0d24d4e14482e01e73e5740c0,59.9
209e7cf8adaf4498f82df1fe2b8c25e7,59.9
10b3c5bcb5211413451e40aa64ffc772,59.9
0a9c7afd18d81b7b1c18257cb9888fee,59.9
0e8a675c17fd0098a9ba9cf466d8012b,59.9
c276d4ce04e35d109575d3282cd2bd20,59.9
554948f6a0ae8d35fb121314372077ab,59.9
795c01cbad1e9ef6aa33ffd9064d8df2,59.9
933db4cd5ef861746aa1a6d64b777696,59.9
a9f40b63f49d9ebff8201f4df39a3a88,59.9
d9ca2fa81c552b948ce9fc0bf552d307,59.9
da537c09c693dc186a48a5fd18b448f8,59.9
eec9bb4c6bf4c4d80492360075189f39,59.9
5e0200fc0acdce720809c3839da9ed9e,59.9
7ae6a80cf1e0680e6e7ff1881f08a9a8,59.9
fd8a9ce7e554b0a3b083521837d0f7c0,59.9
18757aadf2e55a3b1e981cf6fab87060,59.9
1e67c4865d4e1a05a16d7ae3eb790cab,59.9
c53242bbd125eed4adc76cda6b8f7761,59.9
f264bdfb7c3df6a08e11ce81b8dd22ed,59.9
67e8b3a661aabd3a6994920633e1d7c5,59.9
42528556eaad6bbc96bb8eff982ae387,59.9
fa2871e0cb672e2ea14de8838fbfc43d,59.9
af9c734f19c172d4ee125c802ccf473e,59.9
51305a24f02a05869e1fa706fd5d5bd3,59.9
28505c5efca8dab00df2c5cfa98464f8,59.9
9b8ae065f700e052b0c4c89160cbf54b,59.9
458ffa22478a3fac2da8c17151834d9e,59.9
d09bd8c3b1ea6b09cc64fdc8aaaaccce,59.9
9a252effcd7472044f43607569f181ab,59.9
61447f72ec2b337e735bcb5af2648098,59.9
893a9e454d2a2cdbc233a20981a10429,59.9
3dbc334ec47672ba4d0a7231e5c217b5,59.9
edb29f00abd3103f835162c26b941cf2,59.9
4e88cdfcc6490fa26dc52e0e409a5704,59.9
9243444883a2537b2d21cf2b9568bb00,59.9
8bd76c6205ab4f2d1f092c5e963726e4,59.9
f23d6ec4c1e7f186e9a82c6014d39533,59.9
4faa5d21866af70e949cce2680fdfe0f,59.9
cc77edfcc062dfe56fbd88294db0a425,59.9
a667b0ccd3f9add3a9b796c66beda37f,59.9
2cc0514f5b758396c8e4f946aee21dca,59.9
3cf509090b88103244b83a5b3923049d,59.9
d2cbd9146c1cee46f887d3731fee7e89,59.9
e4d86d1da4dc444b482115d7aeb1cc3f,59.9
c536c3bb5db2d9e82e22d8bd7a6dfe7b,59.9
a28f1808c668259eb67c88f0b7afe15f,59.9
6c05f12cb6a66c47774242ee192825c8,59.9
88cb1a50aee75f1e08c24a95f7cc59e3,59.9
bb5b450ce69fa8c16e0e26a68e04f56e,59.9
a94a658fc7f1752a7a94ad9eb11bcf38,59.9
fcbfa6020f72a36e85c273e1bc7c2780,59.9
83ce897f06acad62a82d0d50a7ce9cce,59.9
f6f01ab465348b0c30e6bc957311013c,59.9
b9af95c64769369ae49f05ef4634f23e,59.9
7235fa173d845addc1fab54a111725f4,59.9
c76de7b6f32b0e9b8576045f3b4e0c99,59.9
333f3b8ed28ed6e0f9d3b4ecd7f5bfc7,59.9
c60ab291fa81cdc130dc021ab4b79f53,59.9
fac62f659b6e79c9004f4df20f81e56c,59.9
8a7bd75315cdfef62fd97d65526ecb9d,59.9
f5979320bea5e795ed0abb381c95f23d,59.9
b9f0fd7af2cba07fe0f3eb88e58c5807,59.9
b6bc5ea5701a6d5186736c6f1f0d92c6,59.9
68a12fef36d6d11ab0023596f4e83ed5,59.9
83829af919c82f52ae2a979182c900db,59.9
e7bd46f72cdeae13c37e0b46bd58019e,59.9
a6e321b583f50c1fb8e68d9d913a2f0c,59.9
caa4a8bf3eee527d50ea671e39e67ac0,59.9
1c46337bad2d54f65733e30e3967d378,59.9
82aa312822e828cafaf42905d0cda1e8,59.9
c2f8619be9ba2bf5949980be6ea9ac71,59.9
6d32b6314ca05875af6e8c301942afce,59.9
b1bd6e32de08eb41082fac5622c75fad,59.9
fdf99d9accfd2ec8e9fa26abde5052fb,59.9
38ea8b9ac6e58928f083c96661616fef,59.9
3d4eb31e720c78778a64969509c762cd,59.9
336d4826d133729e354f4e9379dcd220,59.9
a85af76ce632c736a185276682bfcd98,59.9
96235f1032b3a83d13cd52f4cae7ef68,59.9
009e30667771830117017cf8581b98a5,59.9
a494436a326035256c3f7fde2825f011,59.9
b55b61080c4b34e226fcf10540f690a5,59.9
b50bb33885963b372a199e1c3bc38d37,59.9
07758f1bf119e252473eb668448c656f,59.9
df9f496fcdb19beb6351d619c29b875c,59.9
c9507d688c7edb17caa9ee99a915a7ee,59.9
741cb303c18254a4018cf12426c63e57,59.9
197db000773478f3cf1bbca20cdd20fa,59.9
d7968fb7ef90ea3acb1a7330bc9a1c59,59.9
aa76a581124be9897e29e37dbec854f9,59.9
223bafebacbf7dc8c04c5d889bd3bc79,59.9
403f34c52aacfa5d916ac5faba12e8fd,59.9
a7e08eccf0ec5860c322f88d41f09cf9,59.9
aa79b7e6884289b8ebd179445f17ea89,59.9
75b5331ae2175bc678a7714ad8d92892,59.9
00fd9131670312e3292287415ee2e498,59.9
4b356889aae8fb19ebc052206a8e3169,59.9
99650dd5591e92cbd43f8c81c42b2f92,59.9
8eefb8b1c149c2ed80d2157087c68fb9,59.9
bd81e308e8a988354b90826cedf558b5,59.9
8af67380cc7a746bf33c38edc3d9f25b,59.9
1f7a3529bb85665445a4a474cdc9159b,59.9
94174226bc4e5918d7a2d7cc625f1a29,59.9
c34265a8d593cde117e3bdce3fb30e90,59.9
115cca0db9721c5f7fd2ccdc93c6cc6a,59.9
0e820add2684b6f6b9c9deebb7fe5766,59.9
054dee586b95aa6ee65ab782f94f26b6,59.9
c5a81e2f10a9c66383423ecf9319185d,59.9
1a0f2718fa2fa7db723987e880930ab7,59.9
cc1c7dd9bad8239fef33da83dd813f3a,59.9
860769291e22713c41ef52f5f9475553,59.9
db4184568ca754f6639d2d5c23578d27,59.9
4f48eb37263de462dcd813b1213d1089,59.9
c74986f39d4600fcccc1a012403bbaa0,59.9
311ca9f3c832a4e9b14093cf3c9ac98b,59.9
18afaffac96c533eecffd4a9b2da713d,59.9
18eaac5528b893d55513ab79c04577f0,59.9
8da4a561ec4d53e218fa89fe8530d8c8,59.9
9a1aee8930f8cd395b3642b837074dca,59.9
4d547b17f5dc533970786de8f7233eab,59.9
3d9ff586104e795e9cda5d0fb1705c13,59.9
90a7b984cf62aef0f211f392d7753541,59.9
bc9339cfc8fa218c5a478fae319251a2,59.9
19d3b62fd05150ebe80dad6ee659471e,59.9
bb0a780318dd7a760b8ccb5c35fa16fb,59.9
75e4b447deaa6d3563a29985153a7ff4,59.9
1f849b0c9d0b1d49cfaf183090f9f2c1,59.9
4c8042e2e4ec74727a56afeadfa7ed68,59.9
7c23d845f6723abf012d8d6007718fa4,59.9
af79c47217ff7e3195ca3bb491e01e8d,59.9
0696dbdaab139e1618f92f34becf98ee,59.9
68b7ff9f504488d359f5933200a0bacf,59.9
68655b8d6c4419cfa83a5ec9c162f297,59.9
f9b0e8cc11858ed04c3b6690e47e2100,59.9
1f5eaf1f8630c247cfb0dda3236bf1b3,59.9
bc89f041be2dc15c73aa301e97b0f7e7,59.9
a76399fd355e46b6b04d71fa2e63eb4d,59.9
e39a450cadb501f2123cbf616d8991ac,59.9
81f0cbc57cee6b95ecb895fa1da8ba6e,59.9
bfa69495d356a6913800c3b4a20eae9c,59.9
c40e9d72eff95392ca66c567b6b6c8ce,59.9
49cf243e0d353cd418ca77868e24a670,59.9
68c85132eb3b96fbe6cbddc09a568d24,59.9
80e07b32a70062d3691900d6c26367cf,59.9
3fee10e96b1e1fc1a04c37d8bbe41fdf,59.9
e63ac7635328dfbafcbf35b350eb1b4f,59.9
a3857fb1a0c5b32bc51f7011fafaff8c,59.9
c3581b0a7a2ab8c7ae2721fabc74ef4c,59.9
49528d004e8825f533e6457b98baa342,59.9
d6789e34f69bb07b9355c09c2d73491f,59.9
84f8d3841c9595ec254d45d1e103b056,59.9
5edfb06f5b632f7966d6fa116f529743,59.9
1e6ee77f5b9d165c26cd56dd39a83593,59.9
c81f68a90b18cfb4921d0e55c30a9f49,59.9
18155dea618d40641bafcfbcf74856df,59.9
3fbc35a0bb3ff10f1e36f7ed1a1da121,59.9
d718bbc92e7bf1c4864ca7c8538831d1,59.9
908265335da82f437cdbe86dc7b2b0eb,59.9
a41b6165704cff4b6976bdc73d9ecf05,59.9
b43fe7987e4423b1b85f21e29d9a12d6,59.9
b0cf88548f0e752a2ac621aa4941ee4c,59.9
f8e2143e935803a90abc0998e9aa5081,59.9
cbac4e3f2112643125519cc78eeb5325,59.9
a84b5e27f04f02bdbddb4f79770eb34b,59.9
4eb541cb7268c35912f494bb7d88b7df,59.9
dfa02f88aa3d9a4cc36c29968ddb6b8a,59.9
139583bbf99e641e0e7053266a739056,59.9
71e4f35b8320ed3493a88df6af9f6651,59.9
60c802af0877256040e46984f351f3e6,59.9
5c5ead67cdee5bd19e3bfddc68fe1c58,59.9
91ca069bc0cfc42f5d6eef0638578f32,59.9
d465b125655487b477f02c1e613f5c80,59.9
6f71faf65a5de1ae7579315eb83a0735,59.9
a19591cb42cf3526a2f767bdc2946990,59.9
087075f5ab05dc566937de205b5bc2a5,59.9
528fef52545ccd3a24969948244873f2,59.9
c17d2be37ef7d75f89a60427c9509ae1,59.9
f1c9c06e1b19e18a14c43420d281d1c4,59.9
d47980946895d3fb62e16ad3ed8374e6,59.9
7daeebe540c6e8bd905db7ddf5cdea6b,59.9
262d7e8f0907b9d31c145b04e46d6a5e,59.9
14308d2303a3e2bdf4939b86c46d2679,59.9
b123bc64605b64205b48d31cb1d966c1,59.9
ed066dda2388fced0086629ab3d0c23f,59.9
d12dabdce587c93902dacb61c8c6f6b4,59.9
5172a004d508579b498afbb0edc2a7aa,59.9
624749036bfae442781324f12b6b2b39,59.9
ce53e3d7a4a60276824c5462d17a34f2,59.9
4e29f7fe55a7292b5487b759e9c59a02,59.9
0421ca2c62e1e13536c13c8dea602d2f,59.9
7610dd9d20cf37abcebc22b96eb8f382,59.9
370441ce28d80dcca661c5eb760db3c6,59.9
11c269ed39c68dd5451ea3f3e4aa6d93,59.9
ed07761f61ae4f4d800e246d995584dd,59.9
fe8b05c841c9207129d9a4469a9a9835,59.9
8e3ecb30c0ac319e8e281b58f7df2fc6,59.9
1db74a8b644afe5d02543026ba693e76,59.9
35ccaf85cd6559f85e62b1968fa763b0,59.9
284d355846716e5ad42d9607a73ad49f,59.9
bffdf95e4245d60c87bf158396ce1005,59.9
4a77324a41aa68f2af01c984245cb514,59.9
0f7e4e6eb677ee7082ac61e7e190aa42,59.9
576916fabbdde01d0c6f6b66980639f3,59.9
f36390aa9b8a7709d98fae3bf92ebd1e,59.9
d05edc01533822ed476dbac0d96b63c5,59.9
0949b5cf9adad08c1421aa3f1778e4a3,59.9
f530197ea86ced9488a03d055e118ebf,59.9
99b09a07b7eeef0b5d554984486a6bbe,59.9
8c26df444a09dd733e7b0b0453cae0fb,59.9
a2e817de816d28b4f09ab2ae8f2b02f3,59.9
002fb8fc5ce64f8422fa2fe79986c783,59.9
155a171143567ce10f80b0b351ac374b,59.9
5237c68fcf7877ae3f92cef9c4878e03,59.9
4e381215852121bf10c90157175d7ce8,59.9
8fd50d32ac51d30d03b416bf7b27e72d,59.9
eecc32d272efdc22f46cbdee584c7c80,59.9
c8f53bd76eb27e03f19ddf4681646c29,59.9
5373c55da34967b583bbb58b41d48e6c,59.9
f341217aef1ab5b52f8ec77803e18219,59.9
a6ab0864a43614a2ff39d136ecdd8242,59.9
2eb9e17dba31115f9121bbd6f0a17465,59.9
83ced71889769885f9a06748fc0364fd,59.9
1ea95ad24c86534af3ded05ee2d7aefe,59.9
7b237a8cd6277accaae6679f485ff3db,59.9
6394a6c9385a02ca95c7a68fa5e64c17,59.9
9ecee7edd51fea4cc04b55c51d5dad04,59.9
a55d0e0d5e8af985ecc5e32d9bd5392d,59.9
f22ebbb28922e5674081e7bff1d1baef,59.9
3f38d8f8cd7cc75d534760b1d9b32f4c,59.9
63e66520bb65f8fdf7a7fa9f5e1a335c,59.9
e82e30a2e3e9732eb7ee6ccfab2ed181,59.9
229b5ded3624d67af5986bf9fccebf42,59.9
ae76c44184338c1561d13d5639fbd726,59.9
643c9a48cf1fbc625746c3533e4d7c4a,59.9
858459ae6a1ac94dd6fc02a89363c146,59.9
a5c106ac83bc1dad699205d5a3cad955,59.9
7623a517e40b45628d3c89bbce2eb1f4,59.9
d55e4f2052c1a40c3432639d5f3659ed,59.9
6cfc78a2f324d2fc60ecf4c66e72dd18,59.9
f4a5dde2323736baeba0f5f2f1aa780f,59.9
1b6fa2e32d4a11df524f2aab17d66e09,59.9
2eedcb04a74d694298ff6588c5520cce,59.9
5eb5db738b8f5ebe2a07fe4fd5af2b8c,59.9
94a78f781827c6503da8b734ebb511d7,59.9
1fb66ad268ada441d2005c9e0d598c82,59.9
c34059b137fad176e0d213c4a1c206e7,59.9
69cdb945535dffeb2313ce7c20a95c3a,59.9
fae28a5fc286e0b795ffe2627de38fda,59.9
02b5dad4111669d799b6697ddbbfcf3b,59.9
a9bbe65645502479db214ff9ea506e25,59.9
3b41c227f0aab28df35653b181a497da,59.9
fa7633c531e928b43b8014881e8e2fa4,59.9
1400ebf0d96ab707b2ecf5cd40091a3f,59.9
3086654455e8ed4401d93f2af816d8b3,59.9
65d253d62427d89106258c7ec2410eab,59.9
0ece718a05ddb979db9231239c99bb8a,59.9
5f6bbac628ae418db4e0f92932f899c1,59.9
a8d4edc24823fba2e3baafe8e521894a,59.9
8f1baf5b8ee035d9f5a64b50f79d9e13,59.9
282ae180b69678a933118f4585d5beb5,59.9
269e3d5f088fc1f4b2a81eb0ce8ce7d6,59.9
6b79c900752442fedbc62cffbd5874be,59.9
5e87f5c6305f7fdd1ce6d022d2b997a7,59.9
a000155999c7cfe2044ba94c4ae5db6a,59.9
c5e42d53353b4c848046100a39ed0ae4,59.9
9a906ee5700b9d34c491088cb85df5ff,59.9
1df2dcecdf59a9ec5bbd2f877821219e,59.9
d726d766a679f3818fa5324c8b4bad77,59.9
33aa26697019cd0932ec06cd9b375051,59.9
afac7ff50ffd18212de3818f997d9f63,59.9
ef81ebfc786a732f1f6df171799c30a5,59.9
f6d97d3f2e16dc3b60bd0c61f0ec68ec,59.9
3d844101c1139f3f062e266bb772b529,59.9
354286a95c0cd488a5802e69405122f2,59.9
f145b776c9a84798752ab06f0bad91d6,59.9
4e0bffbcb4d5d3a82373399128547598,59.9
a9911187f3b68bac357a1518485e0841,59.9
f8fe77113f821745126f9175bbe464e2,59.9
60aa251f8bec65a806815cf26879a4e3,59.9
dd723c931e059fd21ee30dd8b1cf9870,59.9
61554a130b1e37aeddb8828c8fe5c4a4,59.9
e5ef9600dd86cca11e62c92b47d3c806,59.9
6ade4101ee6c8396cb2e3f4215066c01,59.9
ca835197242b6040a4ed36cf08916754,59.9
d5f6d8f3425f5f505c5662c51ef396f3,59.9
7a2dd5bf1d279c000fa08063cdf2e080,59.9
d1a137a7cf84be581ba025c1a42f0fe5,59.9
4213680dae0d52274e4bdaeaa7f048c0,59.9
31f2257087bbdb1d7fb09ae2b05377a6,59.9
2377f0ab6ec35bfb27b16f460964b62c,59.9
b84061fb9715b273145994becbe9b643,59.9
99a2bda0ebeb3b26b7880095fa319225,59.9
083a07a0c36a0384d957cf6ace9e586d,59.9
dc1f783ac937326cdee2b4d99c366d46,59.9
36d0c2b45edeabb66553774a00c92345,59.9
5d9133508692eb6ed9d655448a746169,59.9
a3229f7d276cba63c8b12a49f9239211,59.9
27b1dcf8d024957e6a19aa018f014dd3,59.9
08e0740d3f4a5f7c2866e3ef531fe426,59.9
c21e33cbee939409efff8c2ef959a275,59.9
9c0b57c0b36a9d3ad9eef00e104a174a,59.9
bedca31272f1b18b30685a6c559871be,59.9
272e842bdbecbe72dd20a8bf474be8e7,59.9
52ab4b83a98a7f5f31686806aac50ba5,59.9
b52897526af6657a36aea35d93443b07,59.9
cea436373ebc00f078516007dc42df58,59.9
2137fd565c784123ceb5a62528749c89,59.9
0078c6b33ae4a3f03de57a8ad36648e1,59.9
500c2c3876ee69c5d1eb3084c545c467,59.9
687a3b9cce610e5f1594d904e44394d1,59.9
5de86cf0d73a30ebd15d3f49f8256c3e,59.9
97fbfd543f973bd88988e248eca01348,59.9
2aa1e475f2f967d335c870bdffa88d7e,59.9
cfe8a3607a7513c776e373d7ade63b81,59.9
650fc77c61193bcb71fa5d86793522f3,59.9
9545904408471ae792d83300c265a940,59.9
922d9875c96d766b5427e8cbb9f07eb2,59.9
7321990745cede1147b728cd2726d9eb,59.9
e9ea17f127953c48d771b37a514d2d66,59.9
3411fc68c6539c73daf6c0e431297452,59.9
15baa4d1c9fd174d26e105980d24aeb9,59.9
fc057bc7c190883369794b851d6f3ab0,59.9
a26fe43b2f7f0f2baf12a881ced45d66,59.9
936eec24610ffb239dfdef99c2411122,59.9
a7754bb175bf5375594d0c18deae3e7b,59.9
41c6c34fa28c9c468324a035899bfb97,59.9
1b14541f2e9a154f71cca55619ffc6d5,59.9
a5b3d76d7d0f3a8899b299b15c75fade,59.9
bc593342dbff3323feb03741c5efb963,59.9
2dffab2135e36d25087cad94f4e559ab,59.9
421816b9aae0de4a978a9b3005e5127c,59.9
ed75d0bd6065772c560187ccc065a2a8,59.9
ab1da939a9aea39af860d8da9a63e9d1,59.9
9666b03410dc81655aabf99feea813ba,59.9
d3ab15f0bd2c58865d566ab645572cd5,59.9
d26ea9022bf1636686ea80c024956adc,59.9
e37cfd145e4106b73858cf08a409f2ae,59.9
81ba0a992fd95a42c29937beac0c3232,59.9
e58c0ad3fe50d712626d88bef0a8f3a5,59.9
0beb758b86c7d48d1df5e50f18817226,59.9
54c67eba6900fd3785f06de81c7612bc,59.9
48342baa6af62deabf69b3d7c8b4c079,59.9
9e4ff81b50ebd36f73b2434f1ef1d4cc,59.9
a897b0758071c7414f117731bf38d82d,59.9
14f1a2e0bb22b05c7a7666a195c2faa7,59.9
32e2a69fb11e96ef27db307b21db154e,59.9
52758a7e9c19299fdcbdbfd4d7d883cb,59.9
488c8314a03fa7c3856db52fd016cce2,59.9
c281c97a113be88b241292afec154ace,59.9
5ec665633ee56fe461ced28458080399,59.9
ccfd6c83ab3b2f74a9e88c90e4a52375,59.9
097c40e3f812fb54de808f30537ee3e4,59.9
2700b52a720e8eae7acadeb2d429cc11,59.9
16db685686ec2a9a4ff87379b1a1d527,59.9
5f4c2699f48637b47f98a1ae92bb6bd4,59.9
00a860aeb15fb205efdb0c689d8f9c6a,59.9
ae69427d92173aa9cc0b0a8b720685fa,59.9
39711aab0716dbffa7363e6d390e4544,59.9
9111c8e96c761096f6fbe14a3a539f5d,59.9
349d5c55df18e3153b8f38dadf34204c,59.9
e52f81b8d0a4cfd33af7ea579e68316d,59.9
66f5f0c5a0240902a45b2a6fa8302fd2,59.9
61a7fa743482f53e8660c22c80b720dd,59.9
4ec69c7b800374eb21ae088ad7d707ff,59.9
5015c34573f1333993043de24f477b9b,59.9
d062f48278c4e58e2ecc80f08b65eebc,59.9
fb8c48b32cd7b39004cb4e90ee8e900a,59.9
ece0add9b18630501bd9a4020bbf2637,59.9
506ca8613bc1a386416575be409361e6,59.9
7c849322a8f5b9bbeba9c11ae26b85ea,59.9
5bf5c7cc1ffdd2a2b72a8a7a3c780beb,59.9
478c615b39c193099e6f6b352d706ab7,59.9
0ef8636d2544a7772290a686668b4b4e,59.9
daff41a861c8bfeb410ce43d3e2a644f,59.9
217368c0bfd8d50699dfb3f303d4c387,59.9
e4d79f3aa857364398919757c232154e,59.9
ca8476b916b46b0b89296c94868541ce,59.9
fb0dd4c7528fd48dde8eafdec4dcfb0b,59.9
c0cc0404d75b9c799835e7fa2594aa1e,59.9
800cb37f32d964f78ffe5ce8dbe7565f,59.9
ddbed7a357c10ca2180079c97f655a98,59.9
392e554526b6f08326db4fd0c99feae4,59.9
5476109112a6909ea3fcce7c37cb2e37,59.9
5165d466a49c784db618c53d61743091,59.9
1bed328bed3e5501868523f4d8a3b646,59.9
5225567e83a39dbc0e509585158c7571,59.9
593b02bb67c69b21a32bf4f28fe3fe6d,59.9
35868b185d829de0849927ddb020cccb,59.9
59759daed218627c5f03ec3849bcf25a,59.9
8005f7ee9e4e94db8a679ef78edd9b7c,59.9
f4e44e3ea4c94245350d2ff7e85816f6,59.9
5c0c0a2f137f0ca32bc91f21cfa0344c,59.9
2642ddd5e404f21e99f96e3f51a25cb5,59.9
e1ee6624f9fde1857c3d03f99c445ddd,59.9
9ccf002a05faa1131c4ffb8b3cfc0b46,59.9
300d32359978b9dc15b9f3b3e469536d,59.9
0d9c27a293b6a432d7a8f6581830b3fa,59.9
89a9dfe145aa47ad5e572ed886e18ba6,59.9
cc6e76aa7960a929a8fa18cb9140b307,59.9
206c0fcc717333d169ff95933fb47341,59.9
02741679e7e1336202c883c695beea16,59.9
5ae752fb345dfa0d14a52db28359612e,59.9
6f7d7ececcfee77e1c4d624c81a37aa2,59.9
7e9f5d87ffd011fd1f5084329b4b7613,59.9
536d61bbf99f64bf8d8905afa8ba5ec8,59.9
72c264264a67e9f5aedf2ea52b8cbe65,59.9
f4bf6d85408fc27f31b125cd16da9e75,59.9
dc4f5706be870acda3bb46094e505062,59.9
6c91f1e3cc40a0130c3fd142c8de7599,59.9
41eabd16d108e59071ea592448dc2ee5,59.9
7b66afe859de8d2c1e6b143c26a6b4b1,59.9
a175086c9949d832430ba3ab355e95bd,59.9
053bad9339f2931b4ff9edf287875a36,59.9
7134e6843b1a3ab1d7f13fd79713337e,59.9
864ea4e13482b7fb6729e096f7abe17c,59.9
6ab85b3fac14f117ea275b5a35503073,59.9
e48d4cb8ef474097c514ec1958b45f6e,59.9
790a0cfd196ae3c697972ff8aa365feb,59.9
433cd14199b043103e85cd46b7e4563e,59.9
29c3dfdabea255ab06e66922a280d4ac,59.9
c60e4af29369cd00239b531be6ed122a,59.9
1fa0d617aaf00999f4cbc66bd28a3e66,59.9
d1f3606bb1135de704d89880f90cc675,59.9
2d168556d327700dc590e84a3b12112d,59.9
2936278e8926cf8358e5fb5e8c4502c0,59.9
ba7bf9187d8a05d7646a325a3575932a,59.9
97091f48563cf12e2e81034e5e6f124f,59.9
6ce438c321ac1b32b87553b55511553c,59.9
8a4f9a65cf1e6a64ebaba3578c868d1d,59.9
140a1f1ae996c0cb559167c652cf18fd,59.9
df2bb2ee8165b357b15a1ada515d4597,59.9
d71d0786dd993461821ec16125a0f013,59.9
c4ab204c9228aba26422ceec427ce1bc,59.9
62c2731d5d684217ed13e33db600260c,59.9
b10b7ae379cd765bc93351f85d2efa40,59.9
950adac11eb4b7e6ef8e59b5622f3d4e,59.9
ab2ca35483e4e5cdba8d5ec252beab98,59.9
74fcd0121e18e8b3f88a689ed4c6fb84,59.9
7bf8319d2198d91bf17336fb5cb6ec82,59.9
3ea256d0100550636253563da3e913bc,59.9
07a2a7e0f63fd8cb757ed77d4245623c,59.9
0cfc1b56e94c89b54751e54d295e2088,59.9
68551474e6c22db5ce39bb7a37a4157e,59.9
319e8b6e1c689ed702bd3b73bcf972a3,59.9
ee2de94f683ada4fc7ff42ddc0482a08,59.9
7301c533b5b601c446afd51555eca94a,59.9
5674e6bce4035097d9ea3f8f66c41025,59.9
9725311a745485cdbc57eb469008bab3,59.9
3f19da611727884c02f38af96ac4c622,59.9
54fbfd8234200d91cf277f159fdeae7f,59.9
0b3361f7d8a0472d8977bb171d80a318,59.9
b765b8c3307726d36d7b3f2d24bf1e18,59.9
d52cc5fc2dfff382fa124c800a0feb3a,59.9
22d27f7b57908f1e8c9982bcf920bc88,59.9
899a8e7d581fe90a952cb18b55dafa44,59.9
a39897d5d7e162e264d712bf187c353b,59.9
52438b631c1ceb4674e3a5a1fe586818,59.9
f7991f9eb5f023c7c314de4987596618,59.9
0acbcf4c99216f66aeb7c583bca57fb9,59.9
3c843cbca15a4f5fd38e2877b695a8d7,59.9
2e36d821f7741386fe6d5199455d17db,59.9
8d465d71610b10c8ed13a96a5d9a3812,59.9
005460bea0518c7354f01adf10012184,59.9
4335747056d15e3adee5aea2c8c411ac,59.9
528afb11d81bed37164a6a3387510a4b,59.9
e3781bf27bd1e9e1d2e65bd417bc754d,59.9
5a8b64ee6ccdae09ea823e6aa00e9517,59.9
c9b32edea9b4dbeb78ff62916e82bb80,59.9
0812b360195c1929d1c73e9ff946522a,59.9
c7fabd6746cfefcfc0419147db8eeeb5,59.9
0315a87fba4dab4865f2071777b98e87,59.9
76fb9d2ed14cf5608ea6306c249b8789,59.9
d0fb635d546454787bd1090176272b52,59.9
de6878ac6d0e66c06927865e86f28f60,59.9
5c1d6f2b9a790917140df3013643b6c4,59.9
fbe3a94442c03f51f582217691488b12,59.9
c8eaa92fb78e29a73b98bb005e08a45e,59.9
25c02365611124c7e9a013edc5c26584,59.9
293672c73aadcce93f733f7e01d8aac9,59.9
daf42eb505435407c0998961d3434c3e,59.9
ea8468e1d8105f78251e09dbd384f524,59.9
58fba16038794a623b95dcc8eaf29f76,59.9
5a70fb925bf88748e2ce9e6ff1fa8548,59.9
b7d2ce825ff425624f29b5ebf2608f26,59.9
c29e086e6a1daa6369659bda861aa23e,59.9
95cf8ae225efd25636286e81877d7019,59.9
164b2e68b56b3a3c524b71946bc521ed,59.9
79a352b2df05acb7c28bbaa604eb20c7,59.9
d36684ef781093e77ca273f053f49f93,59.9
8216473ac5a7037095ef12242bc77b99,59.9
fa96d52ff7be59e7fc6487bd3a292ef7,59.9
236201cdab51aaa8fddb8d232a4024cd,59.9
7a0d24a923461137d9a823de95b5c102,59.9
bcd1cf06eec92b0c218d121f562de5df,59.9
e29fe453e172399a65852e679b7a6131,59.9
f381ff44c4fc5bd43c38116f3bd715b6,59.9
2e7db15a94eecd7e624bc265133605fb,59.9
ca8d468d12c89ef503a2878310ce588e,59.9
9b8959f26f86edc945df217520cbeaa2,59.9
6d0a05b6e1eadd7e7c8a0a8c543faac8,59.9
8e3df270b06ad7bc9e0f93bfe075aa90,59.9
d869706e82cd0867bd5620c1fe7c4d73,59.9
d05d07aa90ccf1c30bf55f0cd34b28bb,59.9
8267a06cc4ef5ed40ac7530a57b70ae0,59.9
581c3fbc5d580eda16d065cfca471865,59.9
869fd63d218533821c02e7eb6efb1165,59.9
a8e7268c819adc0ca29a66951585dfb3,59.9
f67d9e12ea311010186ea6dd5b1748f7,59.9
f102e902856febddafcada7f7ce15d51,59.9
c1797b9677f373db559a181a226f1c4f,59.9
110d1ee2a64ac0d58f0e1161569b6ae4,59.9
f1c644808cff23dee2ab83dcc9368ff2,59.9
1270294c53960c98da79eb7dad3ba1e2,59.9
e760ef426201641ca25882152731d585,59.9
24cba367364e421110e32838a6e1efba,59.9
98ae784ea02599457d7cba659b4a4f0c,59.9
a63df53f5e6b3799d5f2b9782387d564,59.9
db5feea769fdb2109f87dc628f2e95ed,59.9
8192d45a95ffb68fa65b27e08522eeb9,59.9
b5e540c572020f7fbe4801e8f0a807ad,59.9
4bb0b6ffdc48ed8752a69999f1229f33,59.9
61edc0b04b71544bd3c11a085a0e5463,59.9
078c6672babf4cf39a551e2dcd79229e,59.9
007b7f04a35e02745c23ea706492ca20,59.9
8939f73aea3e791fb6bdc8ee40f6d018,59.9
39f428f30447ac7ffb5cb23c0d944ade,59.9
7b92d2af2f3ce0611b68dfbc5db7870f,59.9
186b3bdd7ccd6d69121a2ba60632a1f7,59.9
b47e27cf0ebef16271db2df68cde4c31,59.9
926b5881aa456b641318d43e6e5d5721,59.9
e3292183ca12fd9ebb10b1599b0f9528,59.9
b89b378dc7f617c4024bd5479571e099,59.9
feab0aaf5084b14fd37335fadfe03492,59.9
f3de726f5031ab027355db2d15f702bf,59.9
7b9b63711b487f3208a31fdbc16c8019,59.9
2d48d58ac345967bf09988172d6069ac,59.9
4646c2ac832792acf0d30a5e9f1e9e94,59.9
37759c40b80fbd8d2a23a7828107bf7b,59.9
e3bbd34655b1092f73e7575705d5c465,59.9
7dbd177b3fa902ebeb7755430b402694,59.9
cb0ff3021c7b4f63e2e80cb116569537,59.9
789adfc01cc490cc19d0ea1d0fa0b420,59.9
b4540c2dc69a6c13c4e5d921a1d3c0af,59.9
a7f8e23edfe4f626606aa4ea905ae93b,59.9
a3b5428226ad4c042fed1da12cb6e683,59.9
334ebcfc6dd06afe410b13fef79a87c1,59.9
76c2a2658636bd07038a9da6df0e9e55,59.9
471b794b57ffc0697467f641ef88831f,59.9
cd9acb47a7af96ec0fdbdfe23ebe4e81,59.9
d5c38f60d37fed94adf6911209686a32,59.9
8f3419df1806ae4718c94209d5fed4ea,59.9
5d82379a7d66ddb784de681c9138b002,59.9
b1774630aab83ae3db66c76544c62a6b,59.9
3422a239d7c7bf95b72216d779a28de6,59.9
d451ccb279c80235f4c4b9bc1c0bc79d,59.9
4b9ee9bd667eb4c8cf6cb60524c6282c,59.9
3f63878c497f2703038d3eb23f8516b0,59.9
400bc21969aac1afe794618f567dbc57,59.9
a621b3f60876c815447f6d571e3c226d,59.9
6d4479750803f07d57b65c8cf84d24eb,59.9
9b770325f9ee60095b9aaed67d103def,59.9
fda8efd1272b75cd0f1e9a7b710b0d57,59.9
435da3cfae7de29e026be458763a4981,59.9
e31acf8fa4dc5221a8252948ba1216f5,59.9
610a4163b8ab832daf93b4fbb48e9119,59.9
3e089f738aef695bac3734a9bce1ed20,59.9
248f175ac1f88046ad4910e7e3533736,59.9
d227a2f7a4da44f504e9b7e8e97784e3,59.9
8d5db117378b874eb1894bbd190f03f6,59.9
145fda1b310e393e91cd50c00625d18d,59.9
ba1592ad9a1c31b32f80c80bbdf039c1,59.9
7848eca54e368d0c5f108a4c7865a8e3,59.9
66ab9fd5f2a463fcfa0995c05f46680c,59.9
c0078a50a61a1fcaf1f3d7d3fca61230,59.9
27fe727389e4d6744b8a4d6fa58c9994,59.9
e49b50780a322146eecff0b0b3603454,59.9
90399069cc6b8c165d4ae2da3343e6dd,59.9
dbf97c157f82439aa4e22e65e10ae811,59.9
924eb7ed0e1ef7939edf901f5e545bcd,59.9
080933fe6f300949c6b48b00732d5e97,59.9
ea67ed93ddaa0bf58279b76e78b9635a,59.9
ff1c4180550bf66f70da8282876e6c62,59.9
068a8b4a0920dea641b65c336be22575,59.9
56ad3528b89d18614aeed80f41562672,59.9
f937f2a1f113cb765b295e551d35e26c,59.9
4061956f6ce1be2643a7cb2d33c69099,59.9
66f831483a864aa7e889cc4ccd46315d,59.9
2c91e3beee30845d54fd4e243cbb4c02,59.9
6d7c0573365219e798ffe66dc2a9e7ff,59.9
207c75901aa0706e1a4709359a6e4e00,59.9
f474e4ad031e0c93db5b6c0f64da1659,59.9
530d8874530097fe08d07d999b63c780,59.9
4db6fef62cf0670961f040779f1e1f09,59.9
67d13dccfa4231c8a721b95ce247551f,59.9
391fa205bfed5897353ba3f0814c1d1f,59.9
6ca2c0135ddb8728d2864aecd22b4d79,59.9
ce35f1861f73b9148328630f9c283432,59.9
1b73399c6265066d369d0c70034e0f49,59.9
3f33cd9a014cc74c243f89efa2ef3ec6,59.9
038d099e202deff2c5ac1e89f86c6f46,59.9
3f5d541c043d1dc244fc7fb2bbcc9e67,59.9
8880f6287b06f77a5a03afbb32351be1,59.9
dc9b9833e71ab4308611b49276583eb8,59.9
8713f2c76cceb801594317bc39ef35bd,59.9
b5a4db50f3fb172ce98ba96d54b72e9a,59.9
1eed103f8b907394cdd735079da8a6c9,59.9
bc35e0f4c15cb14e16ff761212a5429d,59.9
101a5d44d7659f8b2ec49d385d80a1ed,59.9
f098b709bc90c53838898e66da197e4a,59.9
86bf55f44d8c6260b6d4b5ee9fda81fa,59.9
7125c98fa677b9de633994997ab0f32e,59.9
00f6217307f712298d8e47215f0bf2ad,59.9
3957e7df30a6c6bf14d43a6682f1dcbd,59.9
a842a362a7fd195daa06e2d9ba915df8,59.9
9b0c38b8264043a5c4bc51a6fabb20a5,59.9
69b68a1c34305f2efcaf4d2e202f68e3,59.9
61bc5bbe87866cc8f591df4a4adf0086,59.9
ae91fd713e14354b12b7435eeaccaacd,59.9
1deead2cef2fb634cd0bf12bed851c1d,59.9
7d643c6504deebe6d2ab830865d71584,59.9
f6ca9065104bfd1f327114b8ccce1509,59.9
4aae2c17ff62c0062f9243a0e7e43976,59.9
0035b30e58c620fa2bd30275ddd4f7ef,59.9
15a63416738533f8423bba238ed2895f,59.9
0928439662f8929fd00483ceef12c25a,59.9
9eba5d654db88e3e5c4afbbe96787e08,59.9
3b8977e6367e78587cb5751de37c2268,59.9
8df60b7d9981b6f6b7875b741d2e13c3,59.9
d56f09ea0b282b3dff43d71600d7b053,59.9
7e578854f895d59d024743684ce1bc27,59.9
d709132e88f6504052afb042f4b7649d,59.9
5b99d2ac45d9e913fa37e13a7e73f1fc,59.9
b0eb0ead91f823a906a2a3b18849ee6a,59.9
4776cd8bec1837960a3c4447c6aa97ce,59.9
5121d76f3ba68a4dc5c19e92383f73da,59.9
877de6b09e86d78beb4236871620906c,59.9
1a949476f028910baab6a43ccb9f332a,59.9
b14860a70ac3d824bfc0900870b702b0,59.9
b9e6ea4da5b6cd063dd46df2627bcd99,59.9
bda84ef94155536f779e792cd2a199c7,59.9
b97b7c17da5ca217170dd0f9a2250838,59.9
fdef57516fc53f45e304c5edf00c5c49,59.9
3e87356efef361b40b30fd699f9e5638,59.9
f2bea5055b5b15b6b57d07408a1c454a,59.9
ce6c72a5c10e8d9da4e5c070221fc83d,59.9
3ee62dc0cd0fa17be76cdf402d7f94a2,59.9
cdb99e0fb1e567a06798568cf55d179d,59.9
b02b5414a09c6cbb996087e9da2f4f84,59.9
30f82c0ee854f242de987b4f2390aa95,59.9
b4b65d711eb28e9b20f7ecbf040c384b,59.9
aca5529c3c611cc45b4907b4046e4bd1,59.9
0222766ad058124916f73176998b8df3,59.9
e6680cbc6ea1e3cf07a5803eb1a54e50,59.9
b21da898daa207545ab06e59254b57ed,59.9
299339e09ea0ddc0b5ec0db726adae00,59.9
bba6bda10abbe401624c67e199e58e0a,59.9
4e0dd6abf0cc324056e94eac32086d3d,59.9
4bc5733793dc86f89314d99b0a91a182,59.9
236208b57e73c7feb1d9983c80982ad6,59.9
ef245d79ef444d84c7c739cf89f3a6e3,59.9
2990678379ad404c1f529701dbdb157e,59.9
9c0bc166e8946e321f74fc6020a0f6dc,59.9
2acd4f56553f6a9b55047c9412e42ce6,59.9
d631d717fc0e961b0efea61a320d8152,59.9
24d300099173d05c70c2d046c9686a54,59.9
2b26cb2b1582d5b1be9e122a56be6f43,59.9
e7a9bb8214b36109177e6b3b3be6ba33,59.9
c0739ec09fcfad6351356a7f70009802,59.9
bca7362f1e13747e7a3617c2b064f23d,59.9
e2aef0cde30012ece0c7871c03274490,59.9
ed67e157e536aaf41a97aea9c5b1e15e,59.9
743bc779e6e72beb5274f072e7c4516e,59.9
fdec684fa0be036ee7039f3edf5a0323,59.9
b95f89c4a889213640af2f83af3220c3,59.9
4ff7f668c597d7e4538c5ec4d4fe7b65,59.9
b936b2777040ab52822e140e4f2d4773,59.9
f479a2aed6a2d819e03d50dcbba5d474,59.9
cf0dfaabab12de076316cf77f376d17e,59.9
00e6cc9509687bc594c4cbe302bd2115,59.9
346b61007a25104a5a1b25e1e68b16b0,59.9
2822af661614ee97360679a39de22690,59.9
6f17c7ff573e5d2526b7da4104a8c559,59.9
b8cc30d4bb91f771891ae6aace4270b5,59.9
497dea98bd926684eae505c6b58f8d6f,59.9
c920352ccf11e554a9981c919c5f8cad,59.9
563c9edb84368a0b4549c5fe109ea12b,59.9
79e473268654510e76eaabc30b1b0c2c,59.9
a4b42a4749163611c33c639bbfbae90f,59.9
c9a1f6d44dcdbf5ccbddb5a6f82d6ad8,59.9
c525d46112ad98d99e948b4de9541ee6,59.9
5e798840beab6800009c8373d0687a6e,59.9
de5411657929e994c0100062f9a7d61d,59.9
93dc00b09dfe9b795707c31cfa9b05a5,59.9
dd98b876b13121dcda59ffb2d37d0de7,59.9
bb6f5cb50f73e0680998b7ff38f23977,59.9
cfa3a48a9585c921958523e0735cf5a3,59.9
7fbb0602aec7b6feb74b89777bc5754a,59.9
080be5dc04b35ff24c71365cbeb76862,59.9
ecebbb3c8bc2536b39db4d3f2ba6ecbb,59.9
bb670618203f9cc6fd8b687f4c5954d6,59.9
39d4d0661ae8b1a254691fae96fb0147,59.9
847e645067bb334fbc66447b28e6651d,59.9
104116a0f3d6a9f2716652c0e051469f,59.9
2ac10cba8a09d7a17d895c5bba8087ef,59.9
c7282ae2ff7ef253197c18a28d80fdfa,59.9
76827597c27d661660fd432bd51d9f2c,59.9
5056f8f76b7bb8600571fec6d7e542ae,59.9
f8b34acc07a33c16476553e9ad48d772,59.9
68d54b0a5ecb0789396ffcb08b65da68,59.9
1737ebe20c3faf8da6877df534f55e0a,59.9
52bcebb0203b52d695eb7ad573444136,59.9
7df0b431d81325e82cfc663f2c43efef,59.9
2edd9cee1db6ad3a898c7d9daff1830d,59.9
cc516792309320513ad2b67a0c0447de,59.9
1d31c85135ba6326c03dc4fd6e7c74cc,59.9
c498555685a103ca04bcb5f81cd974ab,59.9
f9ea98973ad5377b86d588b734afda06,59.9
9ec65bad6a17e968271ad675828409aa,59.9
d69da957a458e242fc8c659738ce35a1,59.9
93d131a16e34c4a78d1627e56ac2ee83,59.9
35113242ebcc421446ced363e5afe211,59.9
2aa26f091cbe1ebe446df78de1628f34,59.9
271b5cf8d44f5321d8a512c459472fbf,59.9
eb6cafe1788b71c7e4d0fb96b62c6cb7,59.9
fef445423df985e112e1b8b357f1cbee,59.9
6e7381694150328ecc07a8c28148c02d,59.9
c8cf892530797a54796ba8acf1209885,59.9
02f818e19134685bb0b3114b4667868a,59.9
6e2003daca97a7a4a0dc170f9a432cfb,59.9
def59716cc3f5bd8f7b45e5e92f354fb,59.9
67ccb8621f5cb3f53b797fe9af6143c6,59.9
d84d2c8f4e9116c3265621f8a196d93f,59.9
182fed0480f6cce20c12628b80bce20c,59.9
519fe7375966b917ba9d1f8b7a8784eb,59.9
1675859cc4865cc850f7b7260bff365a,59.9
ff34375909b5d34349b21a75dc6abce6,59.9
2020dcad1856121845d8701ba78ccb33,59.9
9561cbe131566d0fc9b5836adb0a6f51,59.9
12b4ae0a791aa18f7dc19b9af8342f94,59.9
73f8bb0e3a2d4d72066d4aa97efeb6ea,59.9
193ddb393ef321ccba26a7a61694de7e,59.9
4f7b2f92ad2feeff85cb8762ba1835dc,59.9
34438889b551b701f2b8479aefa43c71,59.9
3cdde25678968e2b228c3839b58c9077,59.9
e9a5cb5d9783e1fc38e23730ff24c51d,59.9
5bee899f25d069092c1130152eca10ac,59.9
7e59a54426372c0e0c445ad13c033826,59.9
99c49972cccd0c7f3891735f208da202,59.9
9ef5831c1ecc3fcac9e45c3b873c1bf9,59.9
73f2d4ed0762ef9233b1f625bf39d70b,59.9
b851e6a25bb4a7c1303d972a40cfdb61,59.9
07ce73dda1f76ae4d7828e4b8a352431,59.9
2bd5509ed2fb45c04d0e44b9094fe195,59.9
fd19e5c74c0e65801ba32d4ea5b9c598,59.9
259601eb3d9959930d3b49499a4a3a80,59.9
261cb4f92498ca05d5bd1a327a261d9c,59.9
0b7a30ba373aeb55cf28add5b5477956,59.9
38f15cd67a5309b8e16cc2c5c9d09121,59.9
09757ccd2018e779a626385c1e03562a,59.9
76cd5adbe1b612250ad5ea8881a75cdc,59.9
ef8ca6de2f90db6f28b22103b9993532,59.9
b0b956241217fac9ee1d3a96e4c4b053,59.9
31c37978fdd6d7179196ca3a7937d1e8,59.9
f4b9989784f503651bcbf4ba6273aec0,59.9
c8f77d34acba8c7216cb4fd07db8e3c2,59.9
7298e5225a74b55598d1030f959ba77d,59.9
f0096a100fe274fca3ef4a141669b390,59.9
2cd4fd79fa21cdab9cc8a7de105555ac,59.9
ce5ffe8a8840252e27f3e8d915bb52ab,59.9
c6cebe6d701f46a67554d705dfadc7cc,59.9
0966fbba1c0e8c5e26e31166c2fd3ce8,59.9
7ededb8426467b84329d3114a37d81a3,59.9
5d7d2b31d60795166c2521bdd498b0cf,59.9
c60951b71e9cb1a72adc769d5aaaafeb,59.9
985473c68761202c6c666b4b8be681a5,59.9
b75356785b66e1b0b53860a4d5689c34,59.9
4eed7d60861c8cacf8c11e5fa8ef1eed,59.9
4169bb026675fc7051730e93783794e9,59.9
c11f3e65e2f6b4e1dd90688faa3dbd0b,59.9
b974507e8ada31a7590a68117ce93e08,59.9
0dda46eaed5bee4363ebcf8e92346c10,59.9
493cbc38a238479a61a6f6a5fdd90ff5,59.9
11024ab79fef63ba4aba813bd23823f0,59.9
e6403361fe0deb95faaf78dbe2b37d09,59.9
e2717e34c75024c80c64b0a32ec494c0,59.9
a59b412d844d8ee85fe937ea21ec7c16,59.9
14a1c2f98800b24fb57f4dccdfd4e668,59.9
3b1787e218ba00444ab1241b033cee16,59.9
6d63fa86bd2f62908ad328325799152f,59.9
96a3b4954fb2578bdc8544628f3e3e9a,59.9
2fd729b8cb6f7e64030aec1e08e02bc1,59.9
457616cfba4b79473ce83af39d168c85,59.9
a0f8f8226dd35e827719dfcac90e5193,59.9
f15ad839f9310522cede84e46d072995,59.9
045e763e2096b07525b1908bb365a0c6,59.9
9d467d901959584e227cdeb1dd1e0c62,59.9
b85393591751bdee268b50a7b5fe870d,59.9
30226777cc2d8078de7120ce1871f645,59.9
9668e82e922394b6e8ee41f4400580eb,59.9
d8e2eb3e9f0c4624e6774d0241e81954,59.9
d09eaa84b85dea3f0c7a4dc8daba5d78,59.9
9553d51cd9913b2976ba7c1ccc4e4f09,59.9
9091cd96355c2dca565419ccd2b3a090,59.9
3a2d07de34135938e89b2cb6264df57e,59.9
35f96e58f8d8dbc038a306283c9b4b4b,59.9
22ae01e09f134b81b464f94e52dddc30,59.9
3258ef1cf6b31779ee6fdf397ae6e5f6,59.9
0ab1722e3f8953ef04ed2b8db98bd0a9,59.9
e64d695b052ba75d2a0052ef2a1383fa,59.9
21f9845be0cdc1d505f363e27dfcb068,59.9
955118c4a064ac49d1d86cb81745eca3,59.9
4f9aedfef4f40b043edf00b2556cb1ee,59.9
5af04986a0f47f6672a6abf7a0bf2f9b,59.9
9002e12e0f64d56ee2ad88c8f4949205,59.9
bbdab4e146801ce1813253529c3ac698,59.9
c6188332d03eda1612e7358123e012df,59.9
a3a21bf032df1c3f4b3c3304f25e7843,59.9
c06ced9dfc8ab53bf20bc4f403a255da,59.9
ad8357e9c4b9a78d08ec2bddcbf2dac9,59.9
08acf45fc7d699411450b76ba205cd6b,59.9
afada548225953f4a9f2a502cf33c780,59.9
0e94fdb092e81e1a604cca2ddbad0825,59.9
4a5c16183847325df9ffeb0c0035e807,59.9
57802b83580aed851828868d4f7a4917,59.9
238b9beff3ad2663891162f617180328,59.9
787ee066fc58aaa400883d9f5abf7b67,59.9
ef638b78c28157da0ede055160d8fd64,59.9
eb3d2af3c4de34e553dd52e7c5d94736,59.9
be298cfd3f9415e4914f1d44329ebf6d,59.9
ec3f8a3193f7b0ab486687b5dc5a7f50,59.9
846741fb0413457474edce5effc2d9d7,59.9
ea02eb9876454cdc07707cc4352db963,59.9
472a60102b712260191100bc3f41c070,59.9
4d4bde88cd76a51d67a333a252746c6e,59.9
6f73cd5eba805d0532ea9099393deed1,59.9
7611d4f5e3714bfa6a91cbe006c4cb0d,59.9
5261d7e8fd4db38c6a9d070582bc7d06,59.9
d86567cdc776774d6de508880d117fdd,59.9
072495211b56605859c385bdbd35103a,59.9
c54441883076342cdd91c5f17ea64ee5,59.9
ca7b22e9c3405131ea5f43068bdd3c3e,59.9
9fe715c3b27abd3049313efce3e0683d,59.9
b7b87d3282571fd06f494f2e5d7218bf,59.9
d9a4e05b8c763933f3a6c9640d64a75d,59.9
80a9fe2272371f5f18f4d3f41bbb1d1c,59.9
181ec680c2591368bbc74205adadb936,59.9
62d7df8850fd19bf7a67afca5b7e65bb,59.9
fab89efecdaf378d61a22fe0bf32c8fc,59.9
7394541e49547050228b90feca2207d2,59.9
a3a1aad42cd8cf0be115ba5dd3b49db5,59.9
84b792c2ce37c8e8eddcdbfa16130e10,59.9
a559d242230598d6cf1f3aa4243d7c51,59.9
ae6df2d35c8f67cdb9ad5648033a1a2c,59.9
abc24ca911fc4fa27425c23c1f60603c,59.9
665e87f87540962c2ee6844b7b4e2d05,59.9
7a732cece3a1b8b7bc5496dbca556bb5,59.9
6f463a79f3c9e5c6048406464a7d5228,59.9
b86c39462bcdf90c5fddcd51b36e751e,59.9
03b59966dd366b58382e349fbaaa6231,59.9
d694672edc54700d8ca5ed650115ee59,59.9
53c22abafe0ae32720fac7aff5c9309b,59.9
26bc369dde46ec7d7d9a98012ba6cd42,59.9
fd2b46c709e963e3111374306ec28392,59.9
ffe6d825d8a60d5cca942bcc57e9d8e6,59.9
034b85c0cd0d7d391cd93e2857f773be,59.9
c084c36f269f29c66bb61f3ac37303e8,59.9
f5cfbcc3ab365d919d7de5d09b6dc65f,59.9
bf1515c87e5935319c2f90fe1cbc833c,59.9
fc2482a79b2ac295c740dd77571caef4,59.9
f7187f0e8b3d357fbd1f146e6da7c105,59.9
8169a69c3e79ec22ca2c6ff602d68520,59.9
60441eb9342fee9c5ac1de4fc618592b,59.9
b5ef1085bf64f02d47ec2374bc101964,59.9
ae1815c0cb3a8c3bb4d78441b58783bc,59.9
cf8b62888bfc40a25e1fa6f34ad8d2d6,59.9
76b4852bd6798647a30878e64ddf59e3,59.9
fc78016bbb85f3105bfd610141fde114,59.9
94530252be2e605952ea3e82461cfbad,59.9
242594bc28af1721264a30fd0bfccbcc,59.9
18e8c826c91f467ecc07f9e1447b8860,59.9
0dc28e7f857b02547a1dc847466ace4b,59.9
21b9f862d8113b3b25bb49910352483c,59.9
02860b05257510a255778043ce042794,59.9
5f4e8d05ec1f8bb24733577690c48f5f,59.9
c091279f532017c47e8c424803f51f3d,59.9
9884376f4d6e303ed119a8cd78d7d975,59.9
990029922809a9b5c5324b370973f67c,59.9
d3d9f504cd88e7b39219d190fa40d973,59.9
d1493ea113e66d929cd7057095b560b9,59.9
12f7134c678d3f3c6fb6ca7c8fce4d3a,59.9
b1fea71a27ce5536a619387408296d47,59.9
30a79879ae652548480a139d7d6a3a66,59.9
c6277140f420b8b4479a5d4d090f95f4,59.9
7ad257dbeec09b715a8c65fc2fe83a33,59.9
e27c106dade234783942879d21b249d3,59.9
4e7d08d5c745a51315a7581f86239dde,59.9
00c86cc609174f994caee1818b788e05,59.9
8faefbd9577c6e0d1c2fe07909bab20d,59.9
46b72335f49606ae78700dcd6b66fa80,59.9
a100558331df579cc459520c1e39fd0f,59.9
10c9c37bffaf8c3b0d16ba1d3f338ca9,59.9
f86ef9a9bd878f3c22617b38ea06d3ff,59.9
09bde40f449b920cb529c6e740b91116,59.9
b2d8b9180d9d78f3325bac5912398a67,59.9
c2a9cd46541874a32b92b152f093c098,59.9
1477ed22059be3f039b84dcf03728709,59.9
6dd7106231347cf1197b48cfac1db9a1,59.9
f9e4a03d5da9c240e34c34d56a0f3b8c,59.9
52913324bd0938affefbc9298f9557e1,59.9
82f6d48ad3a75669934efe3988ce9b25,59.9
cac263b2a577e832774e02b3071322df,59.9
250611bb96a6ae1849bd7815cf3b67a0,59.9
986faab8e9af39855911d39d9d6e9a8f,59.9
f8f7d4e55bf649020b5a93305a0ba042,59.9
928922804cd240fbd2f55e7687c0c412,59.9
2b32ccfc1540d4e925f7b53084a26eb9,59.9
661ca01e275e25abbd4fba1eb6fc7b03,59.9
f62e45f852ad657d07cdc9b96da1ff44,59.9
1cc017a5604ae9c2f6928e6130fb9be3,59.9
265106dcf47e77b56e7d67dbfcc3ccf7,59.9
f5cf690ed01ec6a8b71913b8a5e179bb,59.9
949e011ea8cb74048b7e0cc69b40b3cf,59.9
f4deb293ecb5fa8cb4c4c344eced1eee,59.9
cdd7ca4b71dd8f94507266b6c29b3165,59.9
93d7698c4b1a642da516347f577c4686,59.9
bf29b64b2a630fedd411e4b836c216e7,59.9
ce789ca36ce4e7afcf929060781eb11d,59.9
0244095ded2a29ca6b15d7942ef3ec93,59.9
6f40b4eea56cdf857b8ebcd17d3d966f,59.9
de39283a13721f828c6aa82ff0d7b78a,59.9
9cb746e19fd648951d95b2044df3e3aa,59.9
a7fd54728459993a4ef7fc9e605f9349,59.9
54b10e6a0f0385f3d3dd3e6f126043da,59.9
497fbfe197a4cb43cc155956c71dbbcf,59.9
4dd66b17e6ebfe130ef40705bb44a1c2,59.9
168ef13a6a38ef68950cbe1e0c2c8507,59.9
992ffd5578957e1363ff5eb4d189260c,59.9
441c50d242d7eaad63f715aff033c63f,59.9
b4a9fb5e9e2eff09bfc2bc3dc69957a8,59.9
7e388d37dc7e8572bab8068459b32190,59.9
7997f044ffbdd14949dfd8c786c051f8,59.9
a7a800f153cae124c756195b4e4b1739,59.9
50f4d5f949e82950a8dc92f2b21dd3d3,59.9
4327e086c509ed3eeeee931392440e0f,59.9
bc84a275a23f602e572ab923a8156c4b,59.9
bb3647c1adc147024cd7e98bcad63f71,59.9
661b6da6cba54a43ea809f16c419ea24,59.9
220371973d4ec69cbd7abf93ed8e99de,59.9
f660f1eb95ba1b9b20451d71725efc67,59.9
7d1024357831521669fd088bf020652f,59.9
5f4f9dd0d0c9ab9a7ff1fdfb0eed78fe,59.9
4ffcfe8466141df05466bea2db1389c1,59.9
ff32b7a1d4c88e44cac3859724b53a19,59.9
ca2dad698b245b063e77594a2519e31f,59.9
47a919c608b9d482cbb4dc77e978ce1c,59.9
f602d75dc9a8c13a7fdfd77523be7307,59.9
c4b610f8ee40f07c6f712253a91ab0a1,59.9
8641ae0b6a5ff6984fb796d677e96e82,59.9
ddacf2512f919ae6e0e13fc85190cf4a,59.9
baadb98b0e4653b29f6408c9dd65d544,59.9
500e98ff3cb33cf1f3095ac781234e29,59.9
8985b6d5bc22fc4a681e47ec3a5f3679,59.9
4057f6e033d6192837a0a1201e59d3ff,59.9
897b859229e7230cb639b3241220c04b,59.9
e00794ffe75cb4d0f058b095add1ae5a,59.9
e383112630ea23d13ff8fc8a860c7e1c,59.9
2ce2c13f72120c9922b3045cc28010db,59.9
7b05d440176a2b2e195cc8957cbdfc8c,59.9
fc54d76b1cfe2349a1d216a4bb3e4190,59.9
02b20345e0df036b3078abd5b381b241,59.9
ccd3a01047cfa241b01647fa70614877,59.9
9cbf9ea37b38abb5508c5528afe4bf61,59.9
c17ade8d5755b2f05c32066c18fed6dd,59.9
d9b1bc463eeff85045d60287c7aa40ec,59.9
b4f165c52bae5d2d45193cd87801929f,59.9
684c373513ceb1c2ccf7ff48a72905ca,59.9
48eb960908c62e7f95438067a731697e,59.9
745234400e5dfd47504becedf6927d24,59.9
36905ee3c5e0e8caa7fa04e36474251d,59.9
327571566e29bb1fe954bae83836946a,59.9
a1a566a0fb66a09572230d897d7f2b86,59.9
f2d6a280d9aadd9fc04f2e1e4660e2b7,59.9
9ee66854c0b8de8ad7b9b60da9f5fdf5,59.9
8d457ebcb479d9b80bd841c3a5df6943,59.9
9b0921ec304b8c9ed01d2992cebacc8b,59.9
0ecec081acf716b8ae4ee28348f7b04a,59.9
036c04b97edba65881be384d9ef54ee4,59.9
8a80d1c0dbab66ff29910823054684f0,59.9
939ff7082bf758ef8a6d7bd125c5e068,59.9
38c335d0b5817a4303bc506e48323ca4,59.9
5044f39d92b86919a2a5ac6f7149f1a5,59.9
dffc41c0be79bbb7084134618223fcf0,59.9
a0623d34d96bfbdf4d8b42ddc91eca09,59.9
ee3f2f412d2ddddc74a7076f4b4da780,59.9
ce3e77ff426cf554944d321064dd87f2,59.9
d0f224b31d169b2a04e8c206ce5d8e43,59.9
42b60323285c89fc7c84d6cc24f515be,59.9
810f7773cc54bb6e0e737bc0e21d6765,59.9
ea69a1339bf7efc72c3babc075681913,59.9
b0b7032f7d2fa1febf5fcec4b3d4349b,59.9
d1717fd7ea9309b0662f07b3b388b607,59.9
9c3f2c2509f7574142b8d8448da59ad9,59.9
e8b53c51f1889155d4c2bf79e684ab6e,59.9
fa22e15957d9ea748f5f9d2ebf82d792,59.9
4d1f20af0db6b237f80717b8008fdac3,59.9
041cb229c816ff7ddc6e6bd21df556b7,59.9
9d6ab27dacf959a69f6f1a3506667e12,59.9
1cc0be4cc7381917d867be563e2de5d0,59.9
919cdb17221af991200e5c3a283cb85d,59.9
1a865a23a7f3bd3fff2d5557fb2a11dd,59.9
870cdf56b8daf359f640de474693d43d,59.9
052c644eb399b528aa0c6ff95a3ea856,59.9
33c6f3679b135d420fd89bd54a8a7710,59.9
5e346f0a6bcc85b1e87dfaf9bc5ec38c,59.9
bc1001ca98d679d8bf6e2a9e1b519fe9,59.9
f84175c9fb5800838c57a1676f9d9e29,59.9
458ae436ee64dcf226e07e3e80d0ea15,59.9
d1745188ff90181d92cba0b15ca4ecae,59.9
f2ac77c534d123cc57a24825215a8aa3,59.9
ba2a3c3376d6aea33f833aa74d9558be,59.9
bfb8db4a119f18da64a8923f8e62272d,59.89
b2a682e0a1f89cff5840ed5838888bba,59.89
647f7b98a4084aa9683a4c475e893689,59.89
3c8f7415137226f77e6a28d898cc0df1,59.89
afad943e741ecb9987d3be8e8bf37b7a,59.89
8a26de3460b4a7b524412245d37b5f15,59.89
90412aa593075b1ec797a9dd70c36881,59.89
adad0c56d848f4034c2cb989a6139c98,59.89
eae6293ed6ddcdc7ef90d2b130dc2dc4,59.89
62cadd06099c12fa83b043055c450583,59.89
14ed9dcdbbcf33c3e561dfdd374373d8,59.89
48a4a699ce0b868c080335faf69be36a,59.89
d182316491d236e297714265a675d511,59.89
c4017d1e1b7eeff63fa5f41373ab7527,59.89
7deb5a8913d92293236bd976ac452fcd,59.89
9567ac5412f0f3a59a4424341692c398,59.89
73468cbbc184a28fd1648c37bb3cff88,59.89
1b850259f3b5b658721fb01061e51eba,59.89
a93bacd3a4ee650966803e7bbe89bc33,59.89
737f9ac7c2fad62ec717bbe3583c02f2,59.89
c987e146e9ddc50d5be6f82f8b6689c0,59.89
4bf7fc5e4c8864c7c02ad8db81d2e804,59.89
a75a51f163c2708a4896619f8fb0119f,59.89
6f75bbc662ec115296ef7e5efa04cc21,59.88
0bf644fc54b89e3ba5b32c2b9e618de6,59.88
3a4e3c57a8f10a2ba77a2e4d551ffe7f,59.88
55f97f92c63a40b9f9591f26b4e22de1,59.88
f3beead22416959885ed4f0cfc3bae67,59.85
c9e39e587b892b00ef702d57de1cf299,59.85
3b44c4372e0517568699266a2d6a758d,59.85
0a1127a5879366e0555a171030b885a6,59.81
0ff74aa01898256d6b270ca4fc4b9577,59.81
857543e7eeb34537a105aa66e3321440,59.8
5f3477cd89e3d11cf937d370641b5839,59.8
79c672ef1735d58585e076fb896276b3,59.8
556910dd99aff6bc666910e9a872ec6b,59.8
532f9ca016bff3198570d8eb8aa6b00e,59.8
20f758e9dba50eff29eb3fdfb3bae053,59.8
aacaa4169ad65e20c67f8cdc04ba074a,59.8
30842c7a57bfab94becbce0a9cf0dc36,59.8
eb23a78ca4ccf2c917d46875fc553c59,59.8
90b99ca7282e731d8077bb6bdcfa3b64,59.8
022bc7ff7c20f7f9343a9fd58bcb3870,59.8
b9bdb8462ebf51bdcbf78b442cf43ed7,59.8
2ca318e13d4ab06f0ac323a20575d76a,59.8
0645c1e309729e801e822bb721e822ca,59.8
35a1fa4715a6340f6df32dcff582f826,59.8
c9ce37a6d41d709a2b75e06238b5c93a,59.8
3cc85f62deb4a6349f8f6ecd7d688eb2,59.8
1f0937552e0338ca515778d8b1268acf,59.8
346e8953d3aac36a611fbace59ddc415,59.8
4bd7d9bda2306bd1bea06503212e6aba,59.8
870adbb0525043aafd98bf1fa4660515,59.8
b33277887e30554f24705f41eb15f8a2,59.8
d0bb01793503cda781a4a5fb7c8aeea8,59.8
4f8fe4b823a5dd42a7e42bd5cbdd985d,59.8
fd90594986bcfa3d3d8124459319b449,59.8
30c96385d694acb8aa2dc0df1770120b,59.8
d59c07c280cd5843b2e93816baa05944,59.8
5692503672b8c0d9c5dd074d5d62796e,59.8
077098037aba2fb9fac71525ee60f93b,59.8
3e27365a6edfc3cbb04903981b4d9460,59.8
3b88328d97cf71ef65260850f89afb08,59.8
9581e5cc4b6d9ea32cf3065424d42daf,59.8
27e703f1e927f1651f5fccdd365cd3e0,59.8
3bc312c8ed3eb52d73b528fee8289b0f,59.8
4356b30fcffe508b8253e740ff7b822b,59.8
961c0a5afe936135ac6ebb1ddef7ce09,59.8
5036f826fada2fdba151a9112545e883,59.8
4f48789f76d0b81afbbc50209b157740,59.8
044d79868bec993e35df7044c8644943,59.8
792574dd1d569043cd8e45afbfddb215,59.8
c38e35783caf95e6d79d7394b5b68603,59.8
9e0773fb262bb0872dddbb606ccf3fb7,59.8
b5e3fbd21cbfbe8300596115c3fcc624,59.8
a795ca8f50c98471104ae8cbbea6eef7,59.8
11e500c429a892d22600aba18784ba1e,59.8
193422684d7e12df2ca405f88df5d891,59.8
60b8cd2121a9f39630be3a3a123d27fd,59.8
efe49ce98eaccdc026066a40579cc862,59.8
5f223cd9355d11f00a236ea407ac6dac,59.8
b2e56d958563791a6cd9030d201f9cb3,59.8
1d53f05ca91642eb19cd75a96296c152,59.8
f631b840468adb93e192259ece8b5c40,59.8
e3e913ab3cb9ac3f67599e8174260658,59.8
61d9efa8dc12c7bc61c2a3a7ae74fdf6,59.8
3e90f244f79cec7fbaba94c4cf081f3c,59.8
6cacf8729fd44aeebced2d7663c0190f,59.8
70315a20f74f1cf4c30ce5044078e77b,59.8
2b3ffb4e78551e897b22e02455f34d8c,59.8
84a72ad3b471257890eb1ce84de6ef6f,59.8
220a5e8e54c1b22d364f575732551774,59.8
f150c44e74986cdab66be9df3536442c,59.8
090194eecf789ed407c3179f81b74502,59.8
48970007c61cc12f2624b1212e10419f,59.8
8c2db8ebb47d738813b679a5fde0634e,59.8
db1ee26300ce7bd14b6aba2b822c31cd,59.8
8349c37874abf342822f4ae6c20ae949,59.8
d932de6fce118de65a177f37e11b4520,59.8
772bc39f945af45cdf5168ed7ffb5204,59.8
f1f2220be2d7765501bfd00eb025fa3e,59.8
f6d09a183b6e8e19a58ded98ac15f523,59.8
3951726c606aecacde87770d968bfcbf,59.8
b4c985152cb9f2646a7f671a52c2ac09,59.8
82c595ab5dcb46ee4c08bcef2ba09981,59.8
d59ce90b80e83bccfbb9e9467b87ede5,59.8
825d79317606372e5cf006164026c9b6,59.8
7673be11b2ee7f61ebff0cbd16fd6b21,59.8
615083329aca47787c68a44be804d3e1,59.8
548cc51ddb01cbd670ef6a67e3738d48,59.8
babdd387394b20e5cb5c015bbfadc9d8,59.8
e805038e1fd6afb0433817c7e951bcd3,59.8
db7a54c176ba4480ca18f885ee8fc437,59.8
848a418025af5ffbbadfdedd85081da7,59.8
5a5113660da3d81c3e3df58328e166dc,59.8
475ab7a5bfe7b5de14fcb98efd3cfcf3,59.8
221e9ab15662a1eecda80cf9768f81eb,59.8
5e51f41c2c9cc612e4d63c9fd18b28c6,59.8
5854dde905ca14caf1b87aad99851d7b,59.8
c56d35b9a9d16dbacf20923026c3a06a,59.8
cc86450272a53093d7737ae483c151be,59.8
745fc498c9bb2df2194e737485a1afa9,59.8
5456487b3c180178ee34fbb76bb7b0ce,59.8
e05a84797d611a433339232b499f6222,59.8
e750210dde7e68dbd5194c0809e97f7e,59.8
1c819e6bdfc3e228001205a4251f49f4,59.8
a7e1e3b3803edc0fe36cd28dd1b296f1,59.8
1249d82653b138f450d0a9cfce2905c7,59.8
728d248d4df3497dd84e112fcf70b2e9,59.8
2f6644e65ff6a076a99865af4c7201e8,59.8
d4670c0c43833c0f28af490a7ce06839,59.8
e99b3d263b693725c53b3bbd110b0661,59.8
003a75d228dc67cb2918e40c2aacc4bf,59.8
e4b19d0505e3d2d41745132438f0f31b,59.8
b99a530ec783baefa415ed43ed69e390,59.8
e6aec7b202899b3148da9039164fe850,59.8
02b48dad02306b5e9cb7b6b73fb71a76,59.8
ecbbe3ed9ad0fdcc1d1e698b2554c986,59.8
7538db9c4874300aadec63e501ad046c,59.8
de7b829832e3a4f9c9b33faa816dcaec,59.8
e7644b4abf70acf83a1766709dff7300,59.8
524526cc3df595244cd2b951e60b9044,59.8
e0a070c6b15f3b5aadb766827921ecf6,59.8
397562f2f757aff9899caac6d66a05f5,59.8
0618ac28167d5d02f1135f98d3d4166c,59.78
dfa240e72bee78c1527a3b8165685fc2,59.74
50117c5a5e5835462f0b883c2deca4e6,59.74
7b8047f42ee206834b6734182802f9ea,59.74
b29169462571611d1417abbb0c788dca,59.7
9c9da709db4d73a4b732e11026252c3c,59.7
cd19b945e52697d44bd054b692badfde,59.7
172477606e97c0d64d80f90a7c8b3703,59.7
12ea59d011e70de7c80a1c8078036a11,59.7
19e82b646b98e2385f2651c33efd6e5a,59.7
b1161707c5b3711b7cf6213c114c91b2,59.7
b097adca864a599049d08d003ff5a336,59.7
d69a86193597ed8b6e4d97c1099e94c2,59.7
d3f904f26d6037d166bb82b16cf17d99,59.7
d2fda415c994bc0421fe0759b3bed457,59.7
864230d00ad7a1903713fd184d13cfc9,59.7
14eef4c5daa9762a288b6c4b9372e3f0,59.7
035d022d08cfd373cd52040fc4485e78,59.7
fa27b16679149e27c6a790bdfb1e41f0,59.7
2c66657b5894a2f00212a533f2cbff92,59.7
4ef98c8bc97cc9b5c57e78e8f93197d3,59.7
0404d1fae25bd35102d36861b05e0108,59.7
2d5fffafdb7a4df6df450ab48689a7b0,59.7
672124aab25c34f836a4e49b5f7b6af9,59.7
cdca899d14be512725f07274e28cb584,59.7
3e7b2479252ab3087413e44eb3354263,59.7
2d8e6928e55e8da0c7ef096702a74b48,59.7
596a331453a4d186667190bc667aaec5,59.7
c2e77a3d32b706cd18bd8e3b464999b3,59.7
d7d084e643f5ec3bbb84f4e4639e510f,59.7
0ccf50bf1017b1678f3a155fe83dc634,59.7
32cb76fcd6568cb229f05d3e1e77bc4e,59.7
bb2c348088e3c1e8d0a922796243a460,59.7
e1b550c477b0dd423cf7eef2490b32e3,59.7
d16e5fe6b27a647492b572f397b7a4d0,59.7
09277ee4061f1343433859dcdbd838de,59.7
a897c59227049657ec35b6e7d03edeed,59.68
6733ee7e350e4519ba716cfd3a1b7a32,59.67
ac126ccd4166cd1bfeb32eea102d5569,59.67
8a69afb6812887ee507ff9ab87fb36bf,59.65
4165e16cb64c08c55baeffd9a3b6a08f,59.65
e6f880597699e4ad4e9e3ca72e5ab365,59.65
fd4f4401b76a6faf81ce84220002bdcb,59.6
072d324b57768cb953eb7f70c04d25c6,59.6
96d2f53797a8297aa57abd73dc80e96d,59.6
733cfaeaccfd9dac7b089a7bdaf2176b,59.58
138729be4db081ad246847b0e3b899a5,59.58
433fefa0623e48aa82b3b44494524a29,59.56
0fcd82f3be381d7a6f606313e6e2cccb,59.55
12cd18cc5a7660e454d1475777a60e42,59.55
709acb1734ff952f080f92d08dac852b,59.55
26c46b7d7e555c6ab71b788185ed8088,59.55
bb56ce8466752f06805ce177d2793838,59.55
6185579dbc623698538d6fe899efd639,59.55
bf4ffb93deb3209078a57ff4cb6d1ba8,59.55
80be1a093a6a1ce7ea4419d467f82c4a,59.55
a22b289372fa843cd698a5a641452436,59.55
5e4c923f6bf499ccf01382f680b35c55,59.55
c9a34e7ebfeea525ad3c564021a55254,59.55
74b11dc07b7ada632fec73288a416ad0,59.55
e7b1f02127057dc98b5871162ee066fb,59.55
2865cc1e26f68403d48e4b9fdf4e6a77,59.55
f4fa54d46d7fb4d130ff9efdff0f8ac6,59.55
e5496e9232052f1429e8c4f5cb0a51ed,59.55
1c767a3c2776ca26f4c440f651362aa1,59.54
0d5ac8dc4bf26eead9e5262d9da7abbe,59.5
b3860286d6f0e27b14e0760ce77b11da,59.5
cb84a812e3142018aebb16103a32485c,59.5
683c54fc24d40ee9f8a6fc179fd9856c,59.5
8b718fe1aa1275c0f776af5b39001309,59.5
fd012a9a5a2f0fd7131b51160ee6336a,59.5
a0f18dd3d5b853e05a329f09ced35fdf,59.5
d34d8be2d14d57f7e03555eb3cb3d956,59.5
bc427c5ef4bbafe2a17c72da491147ae,59.5
2b69a9e0c08e9a1d6ff183ac0d2ea64d,59.5
9da75a87d8365521c6cbb006f58686dc,59.5
8d668ebf82d5e30bfd13822db8b51d59,59.5
d3e263085cc78ecf28bbb1e0c0850e33,59.5
6ddc4f2f3bae9ea980c7cd0a84c1058e,59.5
76a5a351fffbceba0b0767a5bba5cc6d,59.5
bb5f8977c8712dcd0a599b06ca05b923,59.5
0272a0e26ecc9271a51cd41921623e92,59.5
3485f92e08e0edca25ef4e62b4566631,59.5
0303094ff491b62a9ea6d2d1924f4535,59.5
3285874377adbb5480c7730e0788e575,59.5
edd7f87e7e45b3117f7ba85acd16297e,59.5
1379a4317cf069d7e8bbb40a7330d02d,59.5
2da986617395ca6fa2c78584d66ed69d,59.5
7553cab5980febcade6b9e5138827ae4,59.49
e96b8d0cf6eb527f97d92d4d8ed31ba5,59.49
08faaa96437305ceef6b95a46cfd0030,59.49
f960ad19749fa619c7416cf91876f995,59.49
95b37d2a4fcbe7da99a00c06033c41e3,59.49
162ef1573c740876cf3265660c5ce579,59.49
f960116986b00f2c0244e9b350486df1,59.49
ed4faf80f9e7b4f76a1cda3fd3f677c3,59.49
15056ba6cfdcd8cc72654472f4efa085,59.49
00f58ffb9b2f2764032aca4e22330725,59.49
c570d9e8d83681eee4b69ba63fe14b60,59.49
ee23d61fedfc4227bb0e188654c28d08,59.49
4284c642bfc4cac4ac6c6457cb6401b2,59.49
d4dac9692656542fc150ae64b184ab1f,59.49
ad673cf21925de88ddf3041d4d8bbe5a,59.49
656477848dc4b3edc9e37da3b21b7c91,59.49
bde5733ad57dfbe76eca8a4983847114,59.49
de18e1bd5388e711196e1b8a9ddcb5a3,59.49
5b9eb8c83ef8e578c2bbaefc6f8100de,59.47
6ab1b8e2b3800bc249984172a1f19f21,59.45
486a8740fed67f8f1ed121cdd41b4984,59.42
cd72c28d6c68a8535de92733f591b331,59.42
9238a417f2d525ad5640693385b86d9b,59.4
69d8787839797c188b245090d8241408,59.4
915b040fe51ec246edf9bd062ee7da8b,59.4
8ce5a8335c77debad7537ff999efeb8e,59.4
a425d90ec0693be9fe75037f9756e7df,59.4
2812716875f56d7c667d9a82f4b77d72,59.36
504c02c15eb920cfb1752ca9da131257,59.33
af306b1897ac49ae472e6fdadb1d5ab0,59.33
bf8bfea54c13a8a7236430dd28fe9f42,59.33
957928b8ab3a4c3a4ecaf3818801af0b,59.33
a07ad7b210c0679a3f6f399d7be81647,59.33
ea8f1c279cfa700c4424757270b04284,59.33
8af1d45868d3ddb8958b01865c0cf53f,59.33
7e563dc9d970b3b371715bdf1ad35f2b,59.3
150a3d642b9738fe8f8d6876a7168f96,59.21
c2a265d75ed170f4858647eb1a0b442d,59.2
1fa8165134d1bc197e2bc4ebf659f35e,59.2
24e7dc2ff8c07126358af519732b8558,59.2
418db76f1dad4f7f0999189d488ab0a0,59.2
50e257d191477a5ab91a2fb5e321430a,59.19
77713297dac60745b16c9a5e88c6eadb,59.15
29e96fb282c3989c38e825a01053c73d,59.1
1219554936e47f8eb9141a023dc6dfe5,59.0
827a5d5a014607756a15b47b7d21da37,59.0
5579271655438f2905a24845dccbcd16,59.0
2502b84eb2384df98b67766e7ec0f81f,59.0
19385c4e432916feee9ac4bc934a768d,59.0
95a9c31d31d9b5e98eed870eb5c4fde1,59.0
c305a666dd035c61be69f500d3a2ea36,59.0
0f6ae9992fe5367634017e013374aee4,59.0
47c3a95e8891c38d11c77a4d28194f3f,59.0
e93530ef9ecbc8bc987f9a8fd1752a4c,59.0
88bd3bf7091b8694cc99610181ffb91b,59.0
b258506ae96a283a3530790689693e19,59.0
0e906c073c9418e8341f112d62703d7e,59.0
679b2f8af0e0d2b38db0486e5ac4e5fc,59.0
c126ca07a884e33a2fd2d6c927cb9f80,59.0
eddf85d5b6d5d839930e427bbdc82585,59.0
66603e8aa65d2bbfacd6ac73091ab6de,59.0
4cd4385c6ceedefe721666249895d5b7,59.0
7ce7535cbe0f24ab642f7584ec6d530a,59.0
ef33214305d9a4bacb50f9ee88b3a89e,59.0
267cfc7a0e7f9e6c70a357bbd0708d7e,59.0
d7db2b55963af1f991a5eadf582b2595,59.0
e7f624afbdeb3915d810f2d8c483c345,59.0
d5b18aa449e87dae9f9333f53524dcaa,59.0
c2e6dbd0a0ea545d1eb23ae45ceb40c7,59.0
3f21f8d33dd6bebb2405d03b06b8ca8e,59.0
febd81b18b250796ff4a0d2df1ed5ce9,59.0
5dbbd2e9120f89944c0b564b41fcbf9b,59.0
15f71021d8d7ecadc08a88a3d8b91002,59.0
1546f5398ee3f774871361f723b31133,59.0
0afa45aa9b2befa48d4056a9037aeaaf,59.0
26deada61fa2c6d3fba6a016bfd0761e,59.0
f95221dd93c3523964d0e7421192a137,59.0
254aa137bcf168bc40b94ea8953dda19,59.0
4913f37a6cb9e2ba061770efb2ea4e58,59.0
4845d49bb7438b41285097b65d1d3400,59.0
8ec7c52890c2e72adf249e8f74d41ab3,59.0
4d3c8544c15c6485f585f143cf79cfd3,59.0
8ec6a6d3c942b63b8922870ec474e0e7,59.0
bb381e008c8dcea806f899641e0cbabd,59.0
c7f5357e45e2c27d6478029945e1b92f,59.0
e12db17ce6ad004c0fcc4848bdd46b6b,59.0
cd15de0c90eb620ddb7cee20733c9dd1,59.0
48e68f9883402502055d6c41a62c5e41,59.0
db9fca3fe54ebcbdb9ccf151ab539a1c,59.0
8f28dc381b5a73cd37a5c0a11482824f,59.0
ffd2a3ec6696db369cdb7b56aa50db54,59.0
25cf4c295de346cbb91e705df4cb49e9,59.0
13cfc8ca4d68e6c93fafd25df60775a6,59.0
059dfc6c74bcf83ff77081e773ac1631,59.0
e234cd9396872f2de40b139ccedddd11,59.0
7ab374a2594bb7064ca8a34918267d52,59.0
ad4aa03becd869f5d8282705318243a5,59.0
c6ed2d5ce85536b556812f7679cf4658,59.0
e25aaa002dbd4d61f2454849e3cf4e8b,59.0
6ab90ea7ad807500313f796a2b704335,59.0
b79fa9dfed0c3d624b70fbd0ca2469de,59.0
fdb55b71435665a1d0365011344dca22,59.0
fe2f0691a0934f97140ea0b83b7178b1,59.0
2bbaf8a8031400dad00fea8f6f505096,59.0
8ebae1632217e6669b1a563f319d238e,59.0
30e340f9b4d036a1cd6b39ae26aa301e,59.0
2133fd869805af7127a37a5fb5022b93,59.0
c6a12a46006e432891e81e929a0f042b,59.0
140e311a3d45416c193c871018efccce,59.0
c56d4b738ebf7cf9cecd2bb436541852,59.0
bbf8bf3664ee1a661f3d440418622273,59.0
972c07347372d122743774d9dbfe186f,59.0
1df202848b9d575c667c29519f38249e,59.0
33ce94762a05c3a8bb9c97487c94b2d1,59.0
f4cb9f8b733ee9fb3f30b64b22ea92eb,59.0
12d54e7bcf721ea2debe5e1a7434aa6a,59.0
6ec53a01c735a94d14637d30fd68ca37,59.0
1d2f29cf60dd1b256e7c0c5fe02261c2,59.0
052451bf64a77a9180aef297df1f2020,59.0
b776843fdda066d35efda05cc6811dc9,59.0
776b9a0b5a69b67bc4ee5c411dc25c04,59.0
60febc34fb19061d99caf9ddf1f6a4d3,59.0
cf212d0f6f868b6abdb9b852145ee55c,59.0
f656ac8f37b7201ead107c3dd7e82a4c,59.0
516f6d86c15992b88f28e335a4d5de21,59.0
80a4e774050223dd467a7d514862b986,59.0
9d640876024b3161ed854d9ac3d4c1f8,59.0
5c0834ac354424abbbaf87883d8d61ac,59.0
96840ba7308ecb87396fb4e60017cc95,59.0
7959004bf58fbac26939ec9b640f2379,59.0
5f568023042b6139fb399704f7378807,59.0
499654dd7432303d04c7f7de76ce94ff,59.0
004937d0f9d6ce15c2830c00c2f482e5,59.0
e4acbb6c7d6f37e7e3549f41c95562c3,59.0
629bbdb95c29abfed36d1dd1b8715685,59.0
4e086f7e9dc0292c1e8e9e5aba786313,59.0
4ccd5436cac2c43451cdc82952924d45,59.0
90c3213a1c1f5d4ee3f8e9c37678ba64,59.0
35d517e1d32bc3c1d8c759bd4d3635dc,59.0
a7723e7ab69e76bb61d0f622a188ab0a,59.0
538e430c79cd7f3760ee52dcaa0d8c34,59.0
2eaf0dcbad09cb8f3cda5350c069ea2d,59.0
3b27da18d64ee8f7fb30825de5d4e78c,59.0
396092ad2cd63fcdcc4beebcce77460e,59.0
ac09b33a9844b58697576f7e29200f5d,59.0
8362e05cfc104bf0ffea57d1e58fe672,59.0
1503f463072a6c3255885713f173bf9d,59.0
1613194aae75f127dd52a37566c138ca,59.0
06870616b5ec115b0f9435fc32682ab5,59.0
2ac2009b6df5fb2fe64b6665f29f2405,59.0
27dbc23c3d2ed8f7ca9cb534d27d5192,59.0
033697e598cacbf5c293f06b632b1a1a,59.0
cfb31cf06d63891740828cff66ceb63d,59.0
0bdcc03d8ea14230b19bdb4efdc87963,59.0
f12a3695295c75b962b9fda0c33fe1fd,59.0
898af4584e6e3a5f2665ef245403ccc5,59.0
e9c74734e04f65160a26264b5524a3dc,59.0
1373cf3dd7bd65ead85da26b09d4ac41,59.0
69fada07e6300f17c8c5bdb778f566a2,59.0
00c38945ab09a0f226419274da4675e4,59.0
108713fcde1f0c129c3d7579f0f8d3ca,59.0
fdecaebc4cd45fb928ea5b6a009f13bf,59.0
d0615859a639a94c1fe472eba57d4a7c,59.0
d29b5283a43b3329d02a723d440fc35d,59.0
fcd4deb9e2b619dd2039da63bb9837ee,59.0
04a1baab9cbc43e54f00c5c243a4366a,59.0
c462a88b19b420fe7aaa41178a21fbc5,59.0
91671096ac3d7845abb30877f9d18259,59.0
f3e2d62c0fa412bfb895c3ce908a13c0,59.0
16650a3625b6ad5f916ad982e76c30a3,59.0
53f9633c96f82ba164facdf5aba622ec,59.0
5c3aa55394c788b6669d49695e37776b,59.0
2380848750a60be40c0eedca1be0b272,59.0
d2fe8998471080908e07c6779af016c9,59.0
73e381c6c1aa902b1fbd65ab87bf830b,59.0
bcd0ae50d596ef7885e4f4674f42e8be,59.0
2b81366d30a655e53976a458e9bc7bf7,59.0
3c47d4719df5c69ac15d62f9867019e9,59.0
7f8c22e5445a3212d01f3f1798231136,59.0
3e208a977722085fff72850c63c15f49,59.0
d08ef9c7fdd7f55373f1e9f346e60e1b,59.0
2947d4dbc02c7525870063dffc24b79d,59.0
385826fa4890fd6d52d6db2a12991aec,59.0
a6c3ae8ed74d4cf201ac356c42c285b8,59.0
a7b403d3e6d0a8e245dfa476a003cd24,59.0
da0e2c91d3c568fff9fd6ca1ba34d640,59.0
afe64a53e1a348ec5dfc7c97af12816e,59.0
5455991bd713bcaa1aa748d420f7e034,59.0
a012eda60386836ce9721240e137f5d6,59.0
a923843252d5090aadd4b233b3ba66b5,59.0
d494cfac6c56cc4806241dff2b5e6704,59.0
b18406a3ade96967766b9868c6989d5d,59.0
5742df8f8d0c8db463550979a097b71b,59.0
fcfbe3abb8affdbf76960957bbc2cc02,59.0
482e69c01c05f00cef2fad4a24012024,59.0
968608ae5dd04c867ce28fda6b8642e9,59.0
84df5ad0a2f0929761a5d55a1662cc1d,59.0
462edc38c8e3268231131fbce3347b86,59.0
a185286fd87396f263ceaf0a463aae0f,59.0
c8e76bbce6b7d189fd852f670e96262d,59.0
4a16f473b9165083cdf52e74fbeff27e,59.0
d32034dfc685b1ae15dd4c78eace868e,59.0
d06d8fe374a50cc9428ff641547501d8,59.0
58d5a762bcc3bc018a7c1669faa37422,59.0
9f0868f67243497c168be0190ed7a1d7,59.0
5fc394627a79be1e2bee7293d09ebe59,59.0
d31117caa8b76119d6e8c9819f68aa5d,59.0
353aa71e2ad73b4ef96748be41c1b9e0,59.0
8f4f0a9e03d6e7776e007dd9524b8484,59.0
32d5d2dd434fd0524cd33dd5db058d1d,59.0
28e6894378bd3775ff5d9b237776e6a2,59.0
78adbfae7d012f14c600000aa322fa02,59.0
fc1344637b9c3c2987e17c03a9624ba2,59.0
7e2fd260cc294a71f685312691b9d8f2,59.0
b0e3b5761cd36ed181095a4861511e05,59.0
82958ac08ce23a52ec58455d42ee50be,59.0
5dfe4507f0c131cc7ffe946826effcd3,59.0
4ca8f71e6f71c236c3b09e04be215389,59.0
e267c5d69effa67ee7f0813c1ca84b09,59.0
c910acb1f0a1e59de924a7a8e643b9fe,59.0
fc072622c305c65b289f7160d3f6129e,59.0
6d75a28d803fef50f764c1623fd87c4b,59.0
1435bc9dbfa94236680b508f50c9722a,59.0
ef0654690762c831ffb99e903322abcd,59.0
a4f2d6fe9525ae4f6e009bf77e622e49,59.0
136937c785e7fa4fcff416d298215888,59.0
3ce34bb8e367bf73269332c55df37764,59.0
b6f870f9091efa3e437de8afdbbea8dc,59.0
1066f617a4306bb8ed3589fd5cd8f8a5,59.0
ad164bb2415b810b37459f95d776725e,59.0
5e5fcb984e10a84d0ba9f2ee8e4ad94e,59.0
a3d6403a83738ed4f708851f0620e1c4,59.0
a964e30ab4f1b606fba4cd1f15806048,59.0
d81f3fa255fdfa20d57eaf95528b9533,59.0
53d636a45b41f7d8b691a98bdecd6978,59.0
410c29f04861e22c4168818442128938,59.0
774a68091890f5f1b8205341a06d854b,59.0
91b3c3fbfcdbb9ad5a9f72324b8e4a9a,59.0
d50cd744c2d765c48a532e083ee77746,59.0
6d3dc14d9685166e7e1dac1e1346ff47,59.0
1d38a317a5e9df61d2bfbebf4cc20068,59.0
65f433b3c95832c599cb08e62cbdb5dc,59.0
10552ac8780d0632ca68c10fafbf3041,59.0
0dbbcdf57e3dc669466f0a0157beee8c,59.0
ece45a6aeed26e33111358b94199ded3,59.0
17e8891130965314e2f7e71d6e1c5a0f,59.0
ead851e04860fa301d5414fc0e661fde,59.0
0309c4c2a68262c8f4aa04bbfd9c630c,59.0
c5b83c9b5af60828cd494be9ee4451bd,59.0
8d3adb13caefd60c8e611cb3f2a69da9,59.0
0c474fb968686213d3b8a6222196de97,59.0
891b9b2c4097f5127a0d07350a8bcca5,59.0
06d32dcb66d94bd19a131df8b5d7a017,59.0
12f794aa542445da10d307945252c177,59.0
9dfce679755956787ec12f175c771224,59.0
2bd2bb24b32d017bb23235299984f0b7,59.0
5a99722735c9376b779993651a14101b,59.0
91f0e19a871ba369b58842b01aa248f6,59.0
42b8b6afb59c64843d2af64de263c937,59.0
65a2393f12fc8796f152eef39d25fa4b,59.0
2d900c479bdb339c3d1535f7426b4fcf,59.0
b860c4870687dee372f5b3e15d25766f,59.0
866b82dbabf18484e4bfbb565e1facd9,59.0
95c7d7d6100ea20ece117fd63edf1e51,59.0
f4b269b03f1563e08df01c41abb6ca52,59.0
c304cdcc07c5207c49126628cb358dc5,59.0
4e4b7062646c9c310b75f7786bc8643e,59.0
c19dabbe1bbe7614a3cd3721dd3cb6f5,59.0
3e4cc55b37b733a77f767349b2d350db,59.0
3c68b8ef8203f45f52448ad71ed45c5d,59.0
4652b19302ca60290ff47ea41cf5a62d,59.0
e69e27216b375e2c7e1be6298b051bf2,59.0
0651e411f128c0cf8b813b7c133ace0f,59.0
92acf3602b221560d5f2eb2ffa151b30,59.0
2b2b27f5bc1d0988ee8d572d56e47f09,59.0
3570b59a7408f4a3aaa95d2c0485f243,59.0
2d9d650ab42cedd47f35ce7a7e59a75a,59.0
93d0371714cd516009e4971d0ce6d2d2,59.0
381796669bc4c8ddde91648213e646df,59.0
85e150f36bbcdbcee982caee4b0238c9,59.0
25aac06f1c893b78c7d26ff0a5308eae,59.0
5bba532e8fdba927a88ba9f33713acc2,59.0
8e3d29a001bce34acad03f9871f89204,59.0
e48ecbefc8de969c3addfb516ea3bc19,59.0
9747b6c6ac1b29b403e491b74feacea7,59.0
5e90487009d584be45aa8a4083650aae,59.0
7ccd57bc5c4e0f34fcbc9209b2d4bdfa,59.0
cefe2a639c8bb02eb24dd112bcb8105c,59.0
14297c24f93335154b9dc5eb026ba425,59.0
6698e1f5add40d916c67e21b13139b5f,59.0
08bf6fdcf141c77367584ad56a79909f,59.0
ac497ab9e107dcb22941ec3260174034,59.0
6309cfc30384e5a0002a9f1d3261cfb5,59.0
24a7428e950dbbda9356425d3191e586,59.0
690640e7d8640f48c1e953ef65504c72,59.0
ac1d9e675b29ba7cc97203d1a8830e4a,59.0
ba44137a3332273bf999442dd380d092,59.0
f85c84778033505977181ec858c3c07e,59.0
5ffc4063da23635267f98ec4c2d6a9a6,59.0
a047fd04d7b42d53c6f321e077c6a037,59.0
9ce47d0fb301d49206765b57f192a343,59.0
7b6b52357ea318f79f31e816bb6a98e9,59.0
f0270ea9eaa22877af089f2d0f8db9fa,59.0
8b086b22bcef7fdfe416c88b5437c400,59.0
105e31e3b36d904c70058578126c4d12,59.0
daf4042731b64089418398dd25e8e80b,59.0
5fbf764940fb75727525f6af71eef49d,59.0
0ca135c2d4b81bb0234b5db12d9b7a8f,59.0
e97b06f12ef9f944635788cae1af1bf2,59.0
77bb7694429ede1d9dd9a1cadc22755d,59.0
8566134257ddcec00b712f2bc23de7a4,59.0
36ad893b6f3eda60c48afadbdff160d1,59.0
1e753698bf8edce0a3e853c14de64ec3,59.0
d5c9fcc1352a2294717d4a849e6cac53,59.0
6d71041730a38bc71d4510a76cb38b7a,59.0
4bcbb8542d4155d51be5c8a40ca04d74,59.0
debc1e05c1064a78d0fc863eff89d3c8,59.0
cacfd32da4e7bdfddb890220be2b58d1,59.0
03f2849096ae58cf4ef032d9a4bd72a0,59.0
4a6d1f984020395897cbf65a960d65a1,59.0
649bbe04de822b1a2a9bd8cf6e4a7435,59.0
1502c1543977952bd2666b24f555b1e5,59.0
b8cfb3955dc7967625be1f2b0f0db7a3,59.0
13f03b81a68102e4ce9b666ea26b7ecb,59.0
3fd29fb920bec834ceee06e70fa9dda3,59.0
b64f25449ad728c879f193819537d54c,59.0
d77424b83cb49f6905db2e0679c55353,59.0
993c078e235231a8ef603641d8719a7a,59.0
fd3aaca05dc7738e405ff6669a5bf7f0,59.0
108a30402ac643573119cb9568862549,59.0
2fbb1dc09b82bb0a01e11533cc9fd1c3,59.0
822d89ae169a34fc33eddc98e2e90e23,59.0
e58603565b5afac05cc24ce572635932,59.0
f4536cad8ed9f07d3a6a67fc72467bd9,59.0
eef238ea4577afeb9aa4a5e5082cd922,59.0
1519b1653748a7af60dc6f3d515bd4ff,59.0
7258ea0b59cf99de570d9c32c8c88560,59.0
4aede30e7fba0851ea1d42c960892843,59.0
31f925b24ebb6e23fb255f79e4c74b81,59.0
c82367a413b58dcccbad4eb8a50e8945,59.0
24847010ba7f47ae100a5e27e6150c54,59.0
87f00e31fc0872863aaa41f038b28aa9,59.0
a3d6cee47d0c4d8bb00e71fd4ef392fd,59.0
dde1f7684ab290fb436ac60f0b33a6a4,59.0
6778b46615b8624dc299c563ca6811a4,59.0
efe7223c61aefb57948d1a7d8d53f5f7,59.0
8b0c6a16ffaa6a3242da476acb35704d,59.0
18146767f23701401b08f4ffcc8548b8,59.0
e2ea5d3c88c24ad6e25e013caf2a3606,59.0
8b764335e86e1a8f8d3db9f119e03a79,59.0
d92d771ab3a92411b7afc6ea9839b5df,59.0
328f2c3c58fd1fdec27745a5b6aeac1c,59.0
a40bcc58beb1ce296a0b7ad7cb0ec0b6,59.0
fe8723742b63fb03ad74d5aa9736c75e,59.0
f1f15eb8f532286faaf09fdfe38387c5,59.0
bcacf6483bcc51c2def26028a6c3f549,59.0
7badbcce7da90b7920997ddbac3187b5,59.0
bad71f25ef760fa92b33c67339f3df60,59.0
07073537c7394038818895e9cca2ab06,59.0
7a53f98dd19fa1493d14741d38ef87b2,59.0
24541b677bb53f2a9ce4c5f8adb74284,59.0
54dc32e0d28530dc684187d040593029,59.0
fd04bf849b36444f719850585a9b0e8a,59.0
158bf151ca9afed1f0aa1a67c82ce21a,59.0
9a7f90d818c30f76c42ba0959c16161b,59.0
f60343ab919f4c92c6684d9fff0ed1ee,59.0
bede1cbee8f403af59778ab6cbac2a21,59.0
3b2e666d92ce663a2f35ba3a6bb5df6a,59.0
b173f79bb1d308fc5703ecb25888a0f8,59.0
219796db1b487128494df4beee7542d4,59.0
9f65cd05b72a07d989c5d1761c5cd9ca,59.0
60631e57e82948629e88dc2599c8df8e,59.0
d02dd09256ea7524bd9dd54d50d26076,59.0
5af12d6ae9e2a3254902b61194ce5b2d,59.0
0734e8ed607954bb0d89e1d9435cec68,59.0
17fa3d29ccf983a44b9451716cfc859d,59.0
24e944da91a76314aa9037020d9b3964,59.0
fb21f7e36edb64a59f28725c2738a228,59.0
4c97445f829b977ab55cd095af2876c7,59.0
90a9c48d9d8440f1583a142142b99b1f,59.0
ae1b14ddfdde090ddee628da4ac485b8,59.0
651b8f2fb6afcc3498ffb4429617fb06,59.0
90043fb9e26697db68f4bad3e4783ee4,59.0
7006f2f909391185c9e7f7a504042d4e,59.0
eb99eaaa3f61bd19664639eaf9be9c7a,59.0
accdf10d0b06f66eed89b656dbec776b,59.0
9c9c6947f4a2595d790406365671eb06,59.0
b5877addfeaa2e955ae8dbed97ecd12b,59.0
4c9e1ab2cfb96d734f06e5bc04219139,59.0
6be5ed2df917c88bc0e3770ac3fb0fa1,59.0
eac2fb60d3f12675772fa03f9d8f8ddb,59.0
3472d285196e1db5246524096e7fd618,59.0
6c314ea2a148caae05d1a3adcf134502,59.0
f925c248cba4a2c048e952e13e06f61c,59.0
6c4595ae9091ec95248b0ee5e91b478d,59.0
a5c2163d1b3b465342d92ef5c8e398b4,59.0
3f9b97f22484a53b7ce385119f4abc8e,59.0
45da0285d7592b0548455642d83e2166,59.0
e26a202ecc04e2938f2a72d2703bc503,59.0
8b71a681358f942a3c677d8cb1c7e575,59.0
142743852f5f463b124aef40d8131709,59.0
e3b3223d331a00244e5f66c8ffa32f3c,59.0
d31acfce2bfa2a4ed0fb7fb1159c2114,59.0
b67c158e4b1be576ff5eec151ab5cdcc,59.0
7782a956d5644bf1eba50c63aa9c4a64,59.0
8125090a4744adfbe6d3940abeeb859b,59.0
77937dd75add321830883532bac71056,59.0
4997cdbc9226ecc25242048bb5fc425e,59.0
96a150873b4c18818a6d9011c534abc9,59.0
151ec907c9216e4686bdf942be11073b,59.0
5cce2bb3414356902adcd4cc7512f337,59.0
d666ef2c560cf609bd8e19fad99350b4,59.0
49475c099eb6b04b85cb188fb87f0ced,59.0
44ecc84cbb68a3b1cd5015298222b71a,59.0
f4aa93695146a0ddad769b160b645f32,59.0
28c9ef88cd702b973c4f6af0da609605,59.0
6aa0f075a2225b4dd35cabe869eb4dcc,59.0
81e17805eff420f5dc3a32e67f366d13,59.0
083106a67c25249c79074ab4459fc8c5,59.0
22688d19d082732ac2ba2cb6f3e6b21e,59.0
d7288a6538f2639b5916c4337eaebe09,59.0
102f97ac10e250abbeda21cd6c3094ac,59.0
6cb81fa24ad5627767fa0662a9c6e53a,59.0
367d2bdd1791432a6864b006df0c9a1f,59.0
66049df7b834608e4ae15027f7fe18df,59.0
255e3c4d9010ae035ddc3c962804bc83,59.0
65c63c2b1782cb7ad6d56e8d5e3192ad,59.0
06e04e684950fab866cb84b970f228f7,59.0
6a915ad848b022a8ee48965a9f672de9,59.0
62760177f446ab92bf0eae908cab9938,59.0
dbedebeadaa26df1fda41f9b3387ce4f,59.0
b91cbb69599f187b5da2cd1b393faf9c,59.0
5e4b766aea881827c2ae6ca9a7dfcb30,59.0
660ed1bd01292e89c1bdc072e05e3992,59.0
7c3f5c0a88de1382b659909c72030c1b,59.0
abd1cbc79c4a8e29986772e6ac493431,59.0
9ca3f13a2b2467b0b0651b18fee3c32f,59.0
721c2a55dc12b16e86db92484b72ea06,59.0
b06eddb5752756297c7bdbf1dd89cd36,59.0
70575c3be741bfb7eca3c3a25a1fcbbb,59.0
85c300925a8a3da681a6b021551d239c,59.0
65471c6b61a3b6c236f8900f2582973c,59.0
aa820cfb98796d553c3c534ec47b5408,59.0
98fccc58a1c599a9894c7d8db5905c65,59.0
5e39ec102ab3c44d624ef7cebca5b53c,59.0
44409872f7096ce7249629450da5e2a6,59.0
31f4944b5a1f98a2056c825313c06376,59.0
59cc74c68592fa253e7a2d74f5328ab8,59.0
c01b8d38e70bb40c4a1703933a095d15,59.0
4a0e08a063a29ba6840734015f08d920,59.0
7b3f5e33cc06406a59d69da8df6494e0,59.0
f895f3b9b385180a2dc72f25181d45f8,59.0
c1a4802d6a1a6c5eac355f26af6f8f5e,59.0
f2def7f64f36952f2f5a9791f0285f34,59.0
425ed4e462dec1d7b049eb102acdd934,59.0
88b61cadc5220734039809c39e7c2d36,58.99
aaa3dc5798a9cbd3a1234aeae3723740,58.99
3c7abb0d2a9066d5585a15c7b39ae58f,58.99
71ca4e80360cd11b5af55c29cb188c2e,58.99
5f19fc7d67b912e120c4346cedc094f4,58.99
006496598c918064dc19eef95e5e47f8,58.99
f85b68dca11d7373293f89da2b53cf73,58.99
91374c86e48cc333e688a7e10a6399d0,58.99
896be0715700bbc505b6fb32f4aa44a0,58.99
f68d5744cb72e72c346fa32a1c0916d4,58.99
ec6577f064f62453d106a8be58d91882,58.99
8445ec110a80e65621e44fd63216034f,58.99
3e18f03f31e621c23bc65a8322132f23,58.99
e097be8f16e8fc40185349962ed5e48c,58.99
3976ebc60f76b8b22e5ac55a9f222ce9,58.99
27ba2bd6d097151f42bbe07e058a80b6,58.99
1506e4481b5a1dfc5379811a8c98e765,58.99
2cd38dd98e3f9cbe9f4e0dc4c0acfbff,58.99
0cbd2df3d6e9d8b1eaf5cfefc44886bc,58.99
0471cc0884591a4029e0c0508511cee4,58.99
24cf5c1e126ff78cbb839e0d1566dca0,58.99
44408d60d96d2d8515d5dac025f35f46,58.99
411744ebdffbea1216c657a60472edce,58.99
b0bb72efee14e2f42fabdfb419e52486,58.99
ac4a808a6356938bde38be82ee979826,58.99
0874e3387db50f10269e150a652869dd,58.99
3b16d7fa7eb80db40124dc1748faae1c,58.99
ea16f2826e9b084e06e3eed3b1bf6a31,58.99
386b33ae40dc4d773f4682a20df4f133,58.99
ce102f790bb667f9851019a3cb0ed958,58.99
44b095b70f75bff71c680d045fbfdfa3,58.99
8df8172ff39578fa8f41cccb8d28d9e7,58.99
cbc5606f1ee34f29834269e606c23cc9,58.99
05581163680574c7c5afadd7764fa22f,58.99
b11a2f97e75e3cd6a422b4112f4fd318,58.99
9fa0823c5a0aa74a619092da448119c4,58.99
32a2e01de91e849b9869ea5f59fdbd29,58.99
e816349bfa582911e9de876d67c591b9,58.99
30fca276feb60858f0292213c46c9756,58.99
6d611cdbc4cc0607f840cfbb7ae94f56,58.99
0c337f608f8ac9445aba813206134fbc,58.99
89205ebc66191c476b658ea3c79958fd,58.99
0d2aa9f205cc47cd8ffcfe0f43499f2e,58.99
8b53b0b9b7c26116768acc3f17fafd8b,58.99
cca56064dc1109d7ddbcc60f28e54ae5,58.99
d3b24bbbb76eeeca11311476d2293830,58.99
c5e457320e81424e18d8d9f78256eedc,58.99
409d4315cb2f63e3efc737edfe5ebd11,58.99
5631ca2b8971a198d12cf1b83deb6ec5,58.99
0277bd798b42071cb092b1795dbae947,58.99
ee52dae7fd06a5d6798b5cdef747edc2,58.99
da324dd532afe70ec2415aa1150e6e9f,58.99
7fc45d4d0cd51ddc60a2fa60545d3fe5,58.99
718e525f4d9027e2780857dc086ebb32,58.99
057bb54363f46f97416ba8888ea1ccb0,58.99
9c408915b4181d278ff01d8746c8c943,58.99
98194ea82cd33e0875838cd51faf7e07,58.99
96e73afdd933dd663fb9f14e09f5ee35,58.99
49222a9298b24e84f192e9e1c8830f03,58.99
f0833bf12c315d3c01f93d334d6846e1,58.99
fc969cccd424bdf1a70bd6eb204c4984,58.99
6b133c9c523952f6b66bed7cc86b3db6,58.99
3a2ac61c7ff1ebc42bc360b249e43d53,58.99
ba7849c7b26841bccc9027362df25bb8,58.99
16908dccb5eaea1e14486410fc65227a,58.99
320d65872c564439138f91907d31866c,58.99
9ea4e3a29c656b354817641675db4448,58.99
76354bded57ab0e72bfe46b0a09fa2c0,58.99
9360cf1e23a611d98cb6c73a3df608a3,58.99
641025d16fb7bf615b9400b55fd1728a,58.99
2b7afe354de1dcdef5e609aa74b1c606,58.99
9db4ccd0f8b1b542f5b7069d6bbf27e5,58.99
240c1930c9d4769e7c3f8560e3d30bd1,58.99
4beaef2bfcefa982f3662823c9064973,58.99
6c1dfcf79167f6eaa51ee9740c7229bb,58.99
3d46e2b167c26a577fb12420046629c6,58.99
0ef59d9bb071def3dbf7e7b055965e95,58.99
ef1615db601ce81b5507d7388cfd4e09,58.99
56b83f910f9ec6c70f6d7576564c9ba9,58.99
74a6b307569709700beac49919cf5a6f,58.99
9ce954c266d631d96fca00f1eb740ef7,58.99
095b82d21d430fac87eb3f2ff2490749,58.99
cf9d02b5881ac8b8c6c2c5d4be462589,58.99
07290721bf998f2a8230469bc3862a5f,58.99
016199ad9f839e5d3e578fbdeb6f227b,58.99
6fafc5c3fc52e79ab26de962e6aee6af,58.99
2f32a584ced80167b95fa5b259801864,58.99
0c16f77e243787b61748a79eb1634329,58.99
f8f4be39e47db4b1a363cd95dec7a5f2,58.99
05e53f1437a94e4fa5dbef5eb5c0fcff,58.99
299d01f5fc62b1fffd24b2bc8a3745db,58.99
12d8d1ce80efee080b1b4d7c1555154e,58.99
751cc1b8ca15a4ecc70e07234b48019e,58.99
32cec402b0fb8f9600fca3c9705f3adc,58.99
f340efcafd7be14d4014aa093a7efd9a,58.99
8c20aad00d2f654343fc7d190048235b,58.99
4668c704e95dfb24de784c2a9bb46b46,58.99
12e4e0e1ce59c80e14852a970e178325,58.99
d6756603873955b48293dcf088bfd7c0,58.99
7016ea86adbdcdf8df25fbcbff6d740f,58.99
222823cf51bc2bca76020f8e1a5f23e7,58.99
a958c07e4879ac130f8978fa1c1146b2,58.99
6d822462f31cc86382bb8da8b2676f5c,58.99
b3ccdcf4515c471ee23d784c4d9948be,58.99
db56963929040d06bd7bdb35d3f66883,58.99
5ef5b5c4390be15d51dc7637f3e0bcd9,58.99
c20623c847b639afa4afab62d1f0f3f9,58.99
b204afb461c278e57b4d2edb8cc947e9,58.99
e11aed475839c1e87064601d864fe01c,58.99
e08f833bd017509e66ef49e6cfce824e,58.99
1ae437d610d788b4a1e89575f05ce0db,58.99
880e201fd13a0976e132909b948b1798,58.99
ba21875fac3c41b6ac433113cf862e55,58.99
bcdaaf03c35d4831e636e8ddec748ba9,58.99
40fc3220c11d51a392dd736e38075206,58.99
e6fb99ba3f30e74b62de1af9c1eff0bb,58.99
6ef9293859bc2196ec83b03fc2d54249,58.99
a2a0ae5761e112d438da0e090c450de7,58.99
e1416ec3b88d8041d327cac02b6d8e8d,58.99
d48b4e169e5bbf1d2a8a8e74bf4c1f87,58.99
ee8f0c49ed13656cf3210d7b9d8f2532,58.99
d1398f7516036eae967e7ca31a387dec,58.99
145eb4f25449e3f86093f09f192db5fa,58.99
4f60ae2964fd14ce1837d6ea3fb78938,58.99
39eed57393ecf1f7fd09caea717a442f,58.99
840ed8861f7bfa4ee0c5a9a01f6a7e37,58.99
9db9a34a9a1c9b9ad1bde1406c78fb0a,58.99
e0f7ea03af580988965ba67f0e2f9ef0,58.99
680617cf52e173776bfac47798037c3a,58.99
8fe941eef6875de4382210f20bea7718,58.99
5e3e76f6b240308f63f64503ad8d11a1,58.99
8eececd782170fd1c5b538b1fdfb0093,58.99
c8f78f88ea8bf631b30486cc12f95410,58.99
788c3086fc4d0f220fdf77bcb1b0780f,58.99
b19d47933c1653922198c75d3819b91b,58.99
554cdc442d3a142d8e836643d5713293,58.99
7fc312a35a396ec1fc4b700b940049e7,58.99
4f31e27037f93a14ee32b11bacf4b36b,58.99
6780701e58b7cd6af5c511c408dc2fb1,58.99
6c23c2a15ab0cbdee56f601555c43969,58.99
7917a76ef82ca4be5ab0f9e211a45459,58.99
4ac6bbe5dcaf264863bff08692d00578,58.99
7f6409eecd4073f3002766034aa36e62,58.99
8f7eee01eda928383638f39325f66b84,58.99
5258ddb267b5d4cd0ebb504ebc69b804,58.99
b30e3e8812362ce2ed4e73ade06a089e,58.99
bcea3f0d7933adb96e4d72568d386cf4,58.99
64c3b046e53fead1e450ccccfbe966a6,58.99
8ae5464830a386b7e90e7c79ccda7231,58.99
0a56a72b7f2f8082430eba1ed29814cf,58.99
a83fe906cf12e5dc24b6106577d27b64,58.99
ebe53a4a297aa1f31438e020bb006ef1,58.99
076f5b0491bd722987bfe358f5994871,58.99
9055d975cfb7fe87424c08206d5e2229,58.99
caa66860ae0cc53f31d70c304a4d630a,58.99
bd3416ec4a72b10772b79778916c1fb5,58.99
293bc48e79189edb4053a97c7d978685,58.99
b73fa7b0e7d0ff662fdcb964eb2bb4b2,58.99
74cbbd9942f97b98f93c63b3e0ec8edc,58.99
994c652f7a0aca3f3b1b78e7820c9168,58.99
867375159eb6b26b2c4215966b2206a1,58.99
0ee2b94bda78c11a6919902dc78bf9d9,58.99
e79f3050c5e88a95a083b36f0ddb3f49,58.99
4810b08cb93434cfd88ad07fa3502a67,58.99
a1b67d3d18d91e15c5fe82badbec082e,58.99
8a80473d5bd79f9961f1c23e548eb1bb,58.99
f018c56ce8780824e560b3d4ce8486ac,58.99
8628fac2267e8c8804525da99c10ed0e,58.99
c96e27f071411c456df94d67a64c2c66,58.99
afa43790ae863947519d2d28d5606633,58.99
0b182c74e417ff5cb0beee59a395d861,58.99
c8597df03da73588699da471aaab499a,58.99
7c2df1f7ce2d2e1cac99169abaca6b31,58.99
94822da72de9c6e43f0f6990d899fe7b,58.99
2228ef28a177714112d1537f8b825301,58.99
4664d680285c679de1c2a830c28eae3f,58.99
13bc08879933f8f9cd854bdb25fb8f56,58.99
bba3dad7534c6f28029414e1a1b25f01,58.99
756df680811a9c9014e16ae1aff17c42,58.99
549cc176647d21009ad425d534600804,58.98
63f4a2ba7c372c3a4d5c1a0069ca3714,58.98
2006dabf8b27fe5151809cae6ade5801,58.98
750f02af7b06bb81d84d3e44b9afc6d3,58.96
5e268a2b106c3c6a1e57dbcaa12a4013,58.9
a21b05fbdea952c180d45e5f725856d7,58.9
ea49f270f9f3cb5ba95dceca10b82e0c,58.9
c1944a79055115409ac76ef1e49a1f44,58.9
b9cef3a1417192dc00192bb252d3fcab,58.9
927259947d3613640540d0e61bdfdf84,58.9
987ad260a05b28274e24026d02f836f8,58.9
4bf1235ced3c2352ac7862d918f218d9,58.9
8e9822c8af9cbf8b5ea51a9ce0ca9eb1,58.9
09b1878a274d15a0132b3c983ddc436e,58.9
3ce436f183e68e07877b285a838db11a,58.9
686f78669a168af0b31d8a32ea06667f,58.9
69d15c9d68a00d3df87bb89cc92c1465,58.9
ea6197a226b1b7b0f681eb146cb70665,58.9
392ce97e67ef1251a2edd3b9f6aa4c32,58.9
b92f3a12fb6bfa44bda7894e6a4c45be,58.9
41d408dd2218c87553f684effcfd3af0,58.9
d9c6e0ae5cd7e0b0d5464394077dec8f,58.9
3bd34d2695b29daf46c726ca65adaa76,58.9
37545d081a2bd27b805a154aa6ac3a73,58.9
a192efb3485733e181049a1542a7318b,58.9
751bc71f149030dbe504e77bcf24000b,58.9
733ddf468262208b642fce0e991d5ea3,58.9
fc9d7084d2cc48f7ac064716b2e922d4,58.9
d6e553e33ac0cde8c7073e962a35bb77,58.9
fbac16c6734df62b9a470f3a5c8d7128,58.9
fd8cd2759780f318fc3f5b9856cad495,58.9
bce53bf51af5de1bbe4963b6828fb2c0,58.9
971cc2a7308f0b2eae9ac5929df97859,58.9
029c5f9144457c97ecaa33bc4ac7f0a9,58.9
4f6f5e2d1fabd46160eaf3c2e71c9cc6,58.9
907f88caff04eb097b9fd8430d34d408,58.9
96437a804b26c621efedf71a229768bf,58.9
9302bde5262126fe133c527b3736f823,58.9
91dec73146f15e5a96abc36bea548cf9,58.9
d6ede6797029d41ae9844c7f86e65b3e,58.9
38d75878e2052f90ba0691ca550bbe3e,58.9
92305c11a1f68c003ad4ae6dd611c026,58.9
9eab014e2646490a4e86bf382c50f4bc,58.9
8e18e3fb38f1f3f79ac2862f2b00c383,58.9
82b838f513e00463174cc7cae7e76c1f,58.9
aa76f7581a203a8406159b444749d6a9,58.9
4f59a5ae9f9bd9028e34ff7059119ddf,58.9
1026e80aea584174e8e7d1fd6717e87a,58.9
f19b781c401819a9e33140da6fdcf8fa,58.9
0a05250f6702d7949e237fa591546429,58.9
38ae69e357c299dba49b0f13f2333f84,58.9
4ebe564ad0481e91f493cf2970391c4b,58.9
91e5ed18f16a1e0f16bdf394a76c1e73,58.9
783e2e76dbf44c28f7034104a0d8140b,58.9
9299ad407ca5889d1e78def4f7bbb51a,58.9
88de5fdb28af4bc887846a98e23f6e5b,58.9
1323b64fe97b459e7533dcfe0f624a5a,58.9
b93ea53bbc078967bbb66d23975fa361,58.9
7f210db3cc1abe29d89c10ab8f75331e,58.9
259a34dc549bc1b416006cc0200cfdc9,58.9
3517a15e565f703c87c0086d471b8b8c,58.9
e9685954f95639ae6fa1a3a4866c3012,58.9
e587dd5e730f4af7337801d98bd17b6b,58.9
1869a07fb80a8eb124cc0619f6e503a5,58.9
c1d3b93d6b3fe93e4c0a61627eaa6212,58.9
3f58c477b8cfc3c37266e353151cbbd3,58.9
0cba07be7f89557dbdf43a0e58663ff9,58.9
9bd2f246e81c19f65c539ce426288ef5,58.9
b0da2ef21288c6af3939878c7bdd63ce,58.9
5d13d5b488df88681ff37ffcd135b1df,58.9
6bba6f64977c6b367a97039f2cc7cc64,58.9
25ab14fc672547e0312a9bb6b8953bec,58.9
1d7a1983f569867020061b280db0234e,58.9
8734fcb4937218b2065dd7a57a70eff7,58.9
685fc2b455c29d78ce11a7cf9fe57fbd,58.9
f08a353ee43cd26ff4e4975bf0ce31db,58.9
a9703ec88ee79c7462a216dfeaeea50b,58.9
cb5653ebc289d5a4ae4528f1ba514d7a,58.9
b7bf7024fbd5f37207415a82f73d70e6,58.9
d86b488d0a9dba21fbdf4786c30ddb5d,58.9
6d1cbce9f904172f2aa5c4ced52814f7,58.9
499f4647c1e95b1e5295583907130853,58.9
159592697daed3c64e9bee76517ac291,58.9
4eb714feafc09a68b40b7fbcf5f25eb6,58.9
eb145cd67c4e238afb003b9017111f0d,58.9
732594f0f8f10ebee9718cb85d2c781e,58.9
8011a155cb0947b59d0e199dd4474428,58.9
76a4445aef980132c91ca6dcb2506bcc,58.9
10177dc3aea2feb6100db360ddc9192a,58.9
183c90ac1c0a763b5c69fde1cc691200,58.9
59708a99d49307860464ec56e13cf909,58.9
0138bea323fc76e6968c0fa28a35d9e8,58.9
d334f19a29211c5abb837511f5179ae5,58.9
179fbdb937d5132aef21b2eb306b5728,58.9
ae9126e7f4fd1d156c489b3ee26c3324,58.9
b2094bed49f0b4ad05a770234d42af20,58.9
010583f85dd55d32a6db1068f58ca6f1,58.9
0c292ba8f76828610bd7c666ffed392b,58.9
eb9a0aa7dba5cb2cbd7e02be8792d5a6,58.9
3601b1ee444b7e4f6d26c1223d613418,58.9
e1cd3055a1d9a4f246e521165840c132,58.9
830fa7b2112959241fe6bae73110c547,58.9
84ff0ecfdb0a9d436b5fad4bf784f835,58.9
477a484310a6e08c81b441229fa2c0fa,58.9
e5bc9f8faba8738132bffaeb1a998ff4,58.9
ea7784656202befff58dfcf1171447b1,58.9
c470b8a12dfb575e2e9427903d02af4c,58.9
50550d027a95802a4693d5e098e7565b,58.9
b0ef96a773ef39c98f78db78f108c852,58.9
f0aa0347bf053e01fa6a09a8f3b72594,58.9
a48212f00f6b51851a14efc283aedc28,58.9
b5daf9b3e18570d7591b7d855523169c,58.9
8517e7c86998bf39a540087da6f115d9,58.9
46019e471f972abfa236b1dcc2b46ce2,58.9
12be52e43688a69df1a944757b37a6cf,58.9
0e5ab442b393bd2552068b745c456079,58.9
3625ffefba6b5cea39effc685c016ef6,58.9
0c4e94327d4955e913fd4fe94f0217ae,58.9
da36582732f819652091bb58e1238e7f,58.9
40f1ce8edb2bb741ab5bc44524d858bc,58.9
8558b9ef796a38f15cf9b5d39bfa4fc1,58.9
5377747fe0fb0411142e710e112b22b4,58.9
c185833d462da144099384d6ac6a1ea2,58.9
daabc936af60df21c9a3ce027b2665e5,58.9
ae50974f7ba184e72f70876f964fc6a8,58.9
da0da702d34fb95a5be2d516996d6082,58.9
30407a72ad8b3f4df4d15369126b20c9,58.9
37696faed2a66c905bce38870973fc82,58.9
2bbeb09dc86b81185d6ab5592b1e2e8c,58.9
1c52f1181d55c6ea11991df0075cf71c,58.9
9ba3e5e41bcce8de62bb57563aeb6086,58.9
01a62912967c457c51f60e42eba81aab,58.9
a976df9e4b96d8809d7389dc2b51c0b4,58.9
c78fb61b9158950fcc6e8624642c0f55,58.9
364451e060b01bc8ec601cc26d23c153,58.9
dec61c3d5b1137c55a379c8a79680e3e,58.9
d328db02118a12b17f88ad604241130f,58.9
09b753241ee4fa912911c1705f148863,58.9
3737ee1839ce53aaae3de56a8a034ee2,58.9
91abec79c0b67e92c06abb4f10347e7e,58.9
91a792fef70ecd8cc69d3c7feb3d12da,58.9
e4da40bfe01c59d56d99c9722a68133f,58.9
e3809e6f419c37bf36138579f8bdcc80,58.9
e399494c4a16c311b455c8ee01aff5f6,58.9
5d13de45d9d033d8c9fe887d785f97d2,58.9
a8a62f8d8e457bf2668ea328f0988de7,58.9
c5d9eeca2c5b52da55d9a4a312e3e278,58.9
44cca1fa7d1de86eb3543ac5bb900c30,58.9
5fabc533f674be519dbec34d861afe1f,58.9
1f052326d77ddba70bf6747a402e683a,58.9
218d425c279280a079a8d81e02b4ede0,58.9
8f302a637b143fc801494806aaf35370,58.9
4e8aed07b9c792262ce1e3b539ede9cb,58.9
1616db95afa279b3d462ab5a8ce7bc1d,58.9
7501df2dc997d1af77518258a520f8f1,58.9
3115ac24b20b9bf9267633753921a408,58.9
07568293de9832dcefca19385d02354b,58.9
69a0221332271e8163133f15bb3d03a7,58.9
611acd4fe050117eadae632e142fa9e0,58.9
7784811e78d9f807e23c16933447c3e1,58.9
75b466adc54e9166e302448f3a6dcc3b,58.9
b368cc425925f8ed96a9b3af761463a3,58.9
8fbfb62a0a5abcb4573835d146b77c49,58.9
b12ec60d2b2d72228b9c194764f944b0,58.9
57ee2d5f51a310a71492b33966297b9a,58.9
ee1cfdc92e449920e25d3ca4ab4da4f6,58.9
bad042cfdb7bd5a6bc93dc2fe02f0749,58.9
0222b08d0816bba0acbcc31ba1d6cc1a,58.89
819f6a9b1a8255e13c1ce6085eb24f1f,58.89
1ff059c79d3f1d0ee47547940795ed0c,58.86
c2ddb4af80101150ea4ab7b7de63e95c,58.86
c78d8f28c22bacb43f9dad03a0f2f26e,58.83
07b49e1f48e3b25898e300705a980b55,58.82
c5dcbae0ea1c8dd42c20a11d05c43e65,58.8
28d96ae4cad002111e2ff13d60458c86,58.8
f0c661c3c1e7d42a43f9ac9db2619c6c,58.8
a524eab70342a06e4b101d33124fee29,58.8
b5fae4701017cb8af6a702cdfdba47ce,58.8
7c6fd9b4e86393049fa65ba80b721759,58.8
2ce72245ffebb0287ae4193d34128753,58.8
2fea692263bd999bc4a3e307d38ae2fb,58.8
d9ac021e2e52cfdad32c8a7b27511c90,58.8
72a483bdbb579a8b5c64ccf2dad900f8,58.75
7e85def6a9a67821728948644ea35f22,58.71
87b01be0c7f4ec17eafabf5f1588c306,58.7
1ab18a93183fa43daeeac6eefd12f746,58.7
160162292850763914ee43e12bd84f29,58.7
8848756dcd3d3a7d4362b96c55967c0a,58.67
198169dfd3c62f578c7d8768f59cead6,58.67
cebf23c9423264f677a27ea0737c0d99,58.67
109425d115ed297d8077ab9f5d45c8b1,58.67
2eb92a48dbdb96a38f9eee6f87bc23ed,58.67
e0cf8f143b22051b37718627c8580554,58.67
acff1dd156a7586a29ca75cb9ede443b,58.67
fee356a6202f0d1a5b2933afa5d55306,58.67
afb0f17098ab2eff6209b100c0445bc2,58.67
9846bb9c780cb5d6f70ae844ddf2878d,58.67
cfd383a0f3ec39f210d4f668ae24a23c,58.67
a5782932b3b7605bfd659aaca5a0c728,58.67
94b975689c61872e24c36749bd542447,58.67
6dd9d52bcd45ecf2d32dffe59591a3ac,58.67
9c69caac16f1c5f268cf6e4eb62091a0,58.67
00c23397b535962f65c89900d6a9ab22,58.67
ae697bc1ed176e43ee2032cde856bd82,58.67
b6aea728b26da1f85105eaa626499751,58.67
d1cbc01cccaa606de862c4149f879ce5,58.67
278c63ede99698eb4838f0df378d9adf,58.67
54143fda447e90fc0f055d54bd925ff8,58.67
bbd54f68a29133fb7b765329a8f72a42,58.67
7ba93cdef10bbf6aac6001d25a90780a,58.66
080dddcff1908969446b2a21dce2fc68,58.6
391a099850a406987b6f3019c0d98116,58.6
25ba4c61d3bb95a1e35c573fbd9cca68,58.6
8655fec02cd7546f279aad8752c8a726,58.6
dee3b38eecb125a659cab34b0f35c1d2,58.6
3f3c8874a3892a68229b6a07ba06a0a2,58.59
f2ebc3bb688f3bd363cf9854383b61ec,58.58
128df5509d1a786ff02367d087e7971b,58.55
d509b15d76fa06fec11c8ec5ddeccb12,58.55
3b542cee52633ddfcc18e056344408d1,58.55
de0d386ed51d52ffed86fb1c2a0512d7,58.55
1470c7af104f8a4e129eace53c91c75e,58.5
c441fa2338335316a37f3d372ae24a3c,58.5
1a2e27ad78a8c2a582a8f29b851a0c13,58.5
fa3e181e11d9ccc0daf16b77fdb5ae05,58.5
3116c5576bda81bb8f64749488b22dfd,58.5
20ecb7c7bdd6d0b376c442b3bab0c97e,58.5
e8c1bbabead38e5042fa63e2effbd721,58.5
c5cc9a7ee25b3dde1ed09c7568ff9f9f,58.5
809b027629881c9b9519773a18ee7b53,58.5
64d94fa2b18993d2dfd6c35c9fd784e9,58.5
ca4e3d825b6aaaee563f66426b4c84f4,58.5
74fa1c5ed124a5ced0a1727bd6aa8464,58.5
34507ff3bdf097cd8a3b9c667c6803a7,58.5
683db7d231b2f8f30f176d21d104cfe3,58.5
9a9c9ee98e0965d9ef3a2dc0f94ae40c,58.5
ffc261b1c1e12a951ee0fc9d27463d3d,58.5
b2578c3be2bac4a569fb6b0792f8683e,58.5
df7b474d99cd3c9cd819c5a10da7e2e3,58.5
207dcd5dba3bdbe35232e736b4cdf538,58.5
f32aaeb1f3f623590bba03167a1e4b67,58.5
7b333885995b5c88252e8cbb4572a360,58.5
ec0c29c31c2d4c96e90285ec4f87f86c,58.5
2d057e75b32e4dbdfa0488bd9dbbc845,58.5
006e0e7aa73b77bfcc0c4b2a3f3ab0cc,58.5
684c54e39ad144042159c307a9222af7,58.5
707818185591ca532dfd8fff383f0103,58.47
b619645cc9bbb180e825d6416202e380,58.38
7032b8d95a6f8535a1e760e0f1ff3be4,58.35
262ce56ba019f4140816c8c602f345e7,58.32
738612606cc6f7e646b915359c71ee4c,58.32
9fa640b461197bf923b328f63ae4ac2b,58.32
97a60f861092d9fab4b33578af8316c3,58.31
aeb21ed20c0292f90900c640ab96970c,58.3
36b9f7098dcb4280c45ae8f617645db6,58.3
a2a0af54fdc9de410b95d6e643232349,58.26
1600cba8f89293caaa9089c72ec9b5f0,58.23
677fbd5e154bdb06b0ad01bd85aa2ee3,58.2
322c37bc69abd0720940c927446fb734,58.2
603e99653f7b17aa9e8c74deb98c4acf,58.2
feb2fb674b5b45151ac0b7a79694650a,58.2
e65c3dccb4b03ebf40803b5071c5103f,58.2
e12a0ae4edb2165eaa6f32b8b3b863d2,58.2
bf141bf67fbe428d558bcf0e018eab60,58.2
153bf0506c6412533e16757df9c62a5d,58.2
7950d04c62db11c2e2899dffcf132991,58.2
6417ffe5a43d420cf962d23a5057fdf2,58.2
5970719d1bf569fb6a1739c8046ea1a3,58.2
473e95fa97e4514de9a2fe364bf4680f,58.2
bdbb094f82427ae78f54dead5ec46c02,58.19
68eb20944e41567dd783b2d43dd89af1,58.02
4da2611319c642ea716073cf37ad1427,58.0
5b7cbb84e59c351123b7d55e64260c61,58.0
22a8e041ede8a10e2606780b45b30ae3,58.0
06369c67ab50a72badd36e631cf45371,58.0
f0605edc06e3b81fd28b0845801f6a8f,58.0
597eca837a19d2288235ca7df2966f4f,58.0
f7a143ca85eaadf2b2f56394e2d1f699,58.0
daa4d167c907827200536489e0dc645b,58.0
77e188b1127d58981db82ce19e0b601d,58.0
5d723e545d7fa13747195838b1408c15,58.0
20d25a697a5ffc1a641fa0fa5d455b51,58.0
0be35675024b139cf0359dcfdf6b80f8,58.0
9897b1260eba6de6f2c39be231ad0d71,58.0
665027db24649d6188bdad1c5a410d4a,58.0
ff96b3b15e8f7a878bede85345e33f0c,58.0
fa5ec460fa52a418a5f979d8d2068ef3,58.0
656bc0e5a7c16980ad87811788a17acc,58.0
bb361d2be472ec1a19b94c115ccd3fd6,58.0
e74f4364ae7a46eaa11d44e3bf02498f,58.0
464b815e53d5593b7748577c0c8b0c2f,58.0
f2620c7f70e8cf8c8c53de4ad4a80ff1,58.0
10a0c974eecb63a6bf4ec30bbf90d54f,58.0
352ab05fd034c002245c8dd85bd7dbb0,58.0
4e6cbbded5283922cf0ae536c8785239,58.0
ae19015eda5e64bb7ff163a4a4b87435,58.0
4f218b2a91896f429f5d39355ff421c5,58.0
eb947ab711d08fa53b7a1418b230677a,58.0
a1c153a37108b432398900fb6974d49c,58.0
5537c8febb893720bae2562e355075bf,58.0
d2bd1b15eb506fd960b7e6589e1a1a4c,58.0
29f7d908a095256f97e65cb150e53d79,58.0
d53c58d46fe507c0621e1e88769903e8,58.0
531becfc93ec1ae0c830d67da0a594b7,58.0
093cc8dd94c7aae7b33742a5ff3be232,58.0
96bc310e7177d02dcd299984e68c8b7e,58.0
123d6a7316b4ab48074d72948fd412da,58.0
3e7e7f9d549e56cbeff29f8c9fffb0ba,58.0
a4a6227ac25717d6495f0ac16be85017,58.0
95c616cdefcebf551b579a1a7dc51b2a,58.0
38086643ba09e7eb60211ef04c0382a0,58.0
f2c1759f9a3268223b2832bbd339198c,58.0
7e5c1a1d9377e5b0ab01723ff5d707a1,58.0
3979d252e012e7b031ec6644b59eb9c1,58.0
1c2f4342582fd039e9914d710576234f,58.0
b081de6ac509ff7326578d9cf43f10db,58.0
b239dd5384263e6ca4ee58b8d0a99802,58.0
ba1c9eb2fd70e0c79ad45ae248dbe050,58.0
b6366b62ef3476d96e7a6398c294cb88,58.0
06ea7023e66ec49c0e13b05e477ed514,58.0
f3b432e2a069aaf28f7e7fb7e2fa124f,58.0
d6b41b191f1f643ff583898156e049cf,58.0
96fbdcccf8f0ac4854325b4d8609b911,58.0
90223eba2b3f42a5d82242fb6d543aa6,58.0
cbaab790e18f4b2f4e826078af9ba804,58.0
170fefe7a670a64ef38b1e16aedfafb0,58.0
6aaf40faacd8e97eba67e35623e21099,58.0
c91ba72845d597a3ff42d1d45c28d1b1,58.0
b8d502fcf796db3207e6a2bdae2f6cb1,58.0
3c296b3dc1d4b9cefdc9bc53a4f847e7,58.0
31bfe03c50b9796f8b3b1360ea888364,58.0
d0592ede120d52303cfb9044a5ff1910,58.0
15612247137c536251539392ed4e16c4,58.0
f9059cdd98d27efa3952f1e0a42adb8e,58.0
0218cebf93e71536419e31f4938f1774,58.0
dc5cd9f17ac01e1952610ac381c55652,58.0
7cd7d781203890be0d18accf75bd90d5,58.0
428f696c9a8641d3e9a0ec0febd9a4bd,58.0
b7c96a69834d24b05005de5827a81246,58.0
d3615124d6ba7e16770f12ceb2bba992,58.0
ff3fcb5a13fff655d9c1aaa816a12dd0,58.0
d70f382aefc5e3273ba95831d8588930,58.0
cb97139155fd2220668ff63d8e970c64,58.0
8f0f359a835944478c1c46f14fb5f2c3,58.0
0e3ff8d8ba3af6a46fdcaf5d884fccb6,58.0
f5b43fb071bf02064396958f57e6fd87,58.0
032a8a054066276df2c3df8e1be1611c,58.0
b4ca85bae934dd7e0ae4a60388f35638,58.0
8945bef2cce473e6606dd13a8f82aa1b,58.0
c0186800fe9bb6579c73f2b2345cce4c,58.0
52bb5fa693affe0c16d28988440ce8e1,58.0
945963ab28f683ca6bf62b79651bba0e,58.0
e72306f4f0011e63cf0eee15549aaee2,58.0
5fd33934ba472fec76798db3d0856e15,58.0
9715615b2ea09614d7b6f05d7c4fd944,58.0
6ee2680b4ac6f001ada0350a7960b853,58.0
42a17b496d860f35546c295e70f516a7,58.0
f3ef3f7ef66d0cf612f37a1bb71a635c,58.0
11c897fd95b346aa239cb2b6401e73f3,58.0
05514af0c7b72bac8a4515ff7d4cd9e2,58.0
a0be8bd8b97ca99891f726d57b57bfae,58.0
b44ce4765f35926ee5c241c264ad05ab,58.0
54ba026ae689f610b309353e28a5fcd1,58.0
a8ce91cb1dbbaddba9f7be0a9937b25f,58.0
8b43cf398f49439f18c5aeefd19a8855,58.0
01f7b7a4e25cda9ce48c0f7263f7452d,58.0
e05f1f9cf952a4dd066aa550089b89dd,58.0
f517420b84edb19f3a8ce6f60edcac12,58.0
a8dff6357fea30071032ff2091d16430,58.0
c2cfed40fa990f6204cd545804280291,58.0
79b4e6917237551454e77c23285fa09a,58.0
3fff0b30168471f40305903a717a1a17,58.0
e82493d39d2783ef380797b21201ea83,58.0
03cc0d8c8f25cd1e7134599ffadc585c,58.0
d2655a7659f341c72e6b8752a83ca5be,58.0
19ae64aeb72ed9ce72ddd15b080bcba9,58.0
ff6615c04179861ddbd77331eafbab7d,58.0
2813a2e8f60bfa209c3b3e3f1a442f54,58.0
70adc37c97e196449a2b5dd84465c4b3,58.0
bb7b6f78873d1f1914829f1e0fcbecdc,58.0
f03a3e2c416535af289cdf5472d33b18,58.0
ff0ef6940fa0335287ff7d9a67477e34,58.0
fa36032145744628462e7af460281237,58.0
df1e522fe10d104e337d07d3ba3ff108,58.0
c7f658d05c387b0664410be68026ef0d,58.0
f205e2c56e1af74d15f5ab6104e5f917,58.0
2028d59868c16385088ca96f56b803c8,58.0
d10cd8cffde7523db8d9053b5599580a,58.0
67c30b8e5c9d3381e22a5737a65a810c,58.0
277920f3429fff255e648c241b5447b1,58.0
a9e26da0b2909a6273acbe43e4b6af99,58.0
bc384df13ace1001c894117989ccfeac,58.0
941e30395a4bbcde5838d0f07fae1b40,58.0
fefe3fceb37bd580239455461220cb1e,58.0
fa38c0ad3378158a3546a9ad985ddd4e,58.0
71570974a826d2c978517fab207ccb7d,58.0
6dfc5d1e608f060d8b5d27b2d2bf0ee1,58.0
0e203af4ca880dcead36325e5e0c2ac9,58.0
35c5d6d54387298f596d72d4a3b12721,58.0
5f4e35ed62f6c34150683b41a8d2db29,58.0
15bcef2f4475d08acbbe0daacdeb7f46,58.0
d91a0d822683606627c0694c208b90db,58.0
db424c2dcde1c67aec5681756060f0a8,58.0
9a1678c8e3deb80042e5562534fe7060,58.0
7d50e349780d01d65771d942782b7349,57.99
c68c27e929bf3a5f6d15d6101a7bd890,57.99
bab922f5ad51ce37bf37a4830268b5e7,57.99
b470a81d390fcf882cf81afe227a8d6f,57.99
6bbffeae45cd33dcbfda5445fb9bb5f9,57.99
04394d717e396ea334ba0a969fb3ac9b,57.99
51632735d9435e3135faf0a7a51897cb,57.99
44fa9e92d8f954cc61aa5606b06c5982,57.99
6f8553aa76c8c49117ba3d430475d732,57.99
77e5806ecf9fdef81ef001f1b9fb425f,57.99
924cfd87cd6e193de6f0f8ea64d3c78c,57.99
479ec951e193807e2d8b3665b9c35502,57.99
5524a27b081b2e80b7c3efac832e4db9,57.99
5d7dc2dff569dcf724eb12ec50740e2e,57.99
48d301b5b8df06178be995e0ae887bbe,57.99
857fe5831ff74761c8b171203310c83c,57.99
db58f016ec3ff9d07bff3e50c9ac6f50,57.99
74a29926ba27e36be1e441fa29951a99,57.99
ddfdf5e9b2659e1fbd073404c9b762e0,57.99
af58009ddcc58bc7c167a25e7172e423,57.99
cadc3ba7b24012a7bf18d316c2dd6c6b,57.99
bb88b693c753625fac6cbb7cf28caeac,57.99
ebf535c9aa84f7018700a1ea1552d44e,57.99
c6d90ccb4260e1d4ec587ab1463752c2,57.99
06c123e1ac4a2d2a9e6bd9858a383087,57.99
b6113cb31237fc5caac3837be20c02ae,57.99
29c3f22c6edfc47931efa5af1f254fd8,57.99
9c0888f92e054b135451a09f6ea08f3b,57.99
f1af79ed0c452b79fec6a0217f60a6da,57.99
e7b93896bfa38f23efa4770778f5e4a0,57.99
88baf52788899093fb71f949ca720b96,57.99
c353167c1b4445649a80d52e656eeebc,57.99
2179ac3909a98c5dfd4d0e13b098b675,57.99
34b7eab1f76104e9b749d01a9a00710c,57.99
c4d041eb7396b376269facd39d1045b8,57.99
16ec27fb0960851e8be0060ea6ed2a32,57.99
bc9340424036e7a409f72b4628d55973,57.99
01f19842d7bf8b1a9af62d553807e88f,57.99
1667139087d31a573de9e38c5800835a,57.99
596265535ecbadd15573817fe7215540,57.99
5be55e6c0084aa1937b6a7e207abef2d,57.99
7799674e081f0c2366343cdbc6e59ab0,57.99
ca12928b99154737d4ddca22c8ae99bb,57.99
941b4ea1de6f56f25540741793bf1e07,57.99
d51cc254970c57a60ae33775ce9d7322,57.99
4680a04d4d7c08a0fecc1ea9bfcc997f,57.99
80bbd64eeefc9804e21a1b516bf342d4,57.99
6344750516c1732585d5e05c2c9e2531,57.99
608b8b49eceb67c3c736230e6661e87d,57.99
47dcf1a90121b6a747ed6329072c0c4f,57.99
4eee43e4ae51748483930117ac32369d,57.99
e843321c206b7b731b5b8a7a0ff7b13e,57.99
cdee0e62d7e28cb988bca16cf3a85dbd,57.99
ee6607298affc3b56c7105a97e0fb218,57.99
0a36842868e0ea8fcd234e4df971fad0,57.98
3366a9b36f3e7f7fadb85cc581f58f2a,57.98
5fe198592d7d7d6d8287be11d6b53ae4,57.98
e52e913e489901da20259b227f4fe4c8,57.98
1e51b91a1bb6df445cc3a0295863e235,57.98
099d4294d899dbebe71857546475ddcd,57.98
244c5781e9005c4d4ed312232b155b00,57.98
1de1fc1813e5760f0a431f334f559e9b,57.98
4bd0a701ee517a0fcba6220743b7dfbe,57.98
8ebb06c13ec14673af1630a22715f4bd,57.95
729dfbf6fa56ed28db8f4ffab3df53bd,57.9
b114ab74ecfcb840843a672ae5c43072,57.9
1c141ff3d234a4ea775feaf7d0024a59,57.9
8636a66344df5de1b0990a0811238dbf,57.9
794b7a5f4b3ce4dcb5ad02975a234353,57.9
258454d942d84154907474e925d03c54,57.9
3d28d14c658443737fdd829791fa639a,57.9
17679c354e803265772e7ebda35857eb,57.9
8ea2c54f0b741e6503ce6925e2e61813,57.9
ab0cf72dfe0538a63a57d6905ccb7b57,57.9
23991f5d59bfdef18b8fbf2547444ce8,57.9
4344796d9ee30df39765c187e2c6c46a,57.9
4c1a17f87a4dca933ba6ea42d1cd5aba,57.9
5f73a8fc5344255da18713fa31019e87,57.9
13c08a7658ca3f40cfc338bb956e2cc4,57.9
92c291fb956084c69f94b7fedcac307a,57.9
099dd240798668d46c5989ed873226c2,57.9
4569e4a32c5ee64dab507e8ecfa0f142,57.9
41661a4b741709aa06bb07fb3582f652,57.9
4fda921eb59b74ed21c9b69c470b8fae,57.9
b77899db8038bdab58b749545d11fd88,57.9
161dd77f282cd9103c317fb318674424,57.9
ed4380ccb3b7d35ce4d7070fec436bc6,57.9
e151ebcb2f9ac48199efede5c799091c,57.9
ec5bf80cf58057e42f00b1e5eceb3c21,57.9
31ecbbcca57a3f7ed2a50e429b6d0bf5,57.9
07b37fbfa3d8fe1c16ace64c754b4b0f,57.9
3fa0f0d17dcb1c898d6e6bd095c2d254,57.9
641e9c515a78e13fbe53f7470e52a663,57.9
020bc050aac2baa5e0d1b4ad091ef35a,57.9
9ddaf1f0a04405bffe435c1bc24be999,57.9
2af6e83a140873ebe51bc9beb29143a7,57.9
46ce57b8f1721044536796261b69e637,57.9
82bf93cbbee8b49bd07234625addbd83,57.9
5577576d2cb36ca00dd07dbe17635535,57.9
a234ba38e3ac005069111a6fccedf615,57.9
f13780f02c055f61a1d754d88aa1711b,57.9
3b3da83ec0ba0f4ac5ae88220bdab905,57.9
508437bb0cca48a51e05222a64a2b432,57.9
7c70a35d01718282e98dbe56e2765377,57.9
9f560950a10f36b4329feab6e7504530,57.9
b768e81b4204142272b0a8a1d66bb322,57.9
d1696a395840f367158d21c47d90d20b,57.9
32f87d05c09b7655e332323aebd9134e,57.9
aac1849c00fda650e1a2bf4a80e3c64e,57.9
254fe3d1ed9fed6bdaaa505dfa5669eb,57.9
e2bfd0a3a3e2677586821cb7f3a27d07,57.9
22adc2c76364a3db4bad7f96ff956e4c,57.9
edac083f1a20e237fc65e3c159623f76,57.9
da1c9a7e7fa9de1d48ecd6d6e027313e,57.9
7f2011dbb83122994db8ff4540901a54,57.9
5188c99c0e8778da0fa1c8df32b24c3b,57.9
c6908fb668454ce4294172398b33d5ec,57.9
96644a3df7c6906774dbfaac8cf07560,57.9
5ce679079249b5d4d0ce9932aebee695,57.9
abd0d963d378cd25a471cb2e45534c8d,57.9
ef70c1f3ccf82c71b14732a31ddbed77,57.9
22accd6db6217d9206fee816044edca9,57.9
a2990e7d5162b8c79d2a89d4fe8fec83,57.9
6d9317e6c01f2322131a434a0c31065e,57.9
7c1cc4e0ecca23fe35bd3d79a02f8abe,57.9
fe9fa21e9a917d3654792ec166759d2f,57.9
2bb888a937b336c2828489c8e5b49e8c,57.9
4cf5f0dfd3a202391d614d12d82d03ee,57.9
2ee6a7f9f041372de882883f3c8e7ade,57.9
c2fde72b6ea882174c3b30c61bd65ebd,57.9
d6e06531baf59b2a49ac89e25a371b1c,57.9
ced32367d38a165b853d1ba2b40c5f94,57.9
1e962f6745aa0b6926f1ff0561512454,57.89
ba97a138522901f3c9694658b912c80c,57.89
5c8e83c881311741e0b462641ae02f0d,57.89
42329f6f9ded091237c82dd2a87dab28,57.89
1b0a18910e5f795fbd5bf07f830493fa,57.89
0a3bc6054705cbcbc069154c83ab3df4,57.89
cd40f10a04ad8f35228520b212ff43ff,57.89
adcaea0e5307a0655aa9302836e89410,57.89
de017a7470c1080fb969cf1241087883,57.89
e8b0ff75e9847ee1b34fddb882b41b85,57.89
6506edb17b5013a8f83112e5b76ec0e9,57.89
dc638d0bcd9bd2fefbbcf1ddf40bd8ce,57.89
eaa3bef3175bbdfb86ea8310d25abbac,57.89
0bfd87b3237294958395d3cc81097e20,57.89
7dca8ae78b5b510249184750e69930f5,57.89
3610c1f3ac5cfb96a72b822965fc8e19,57.89
4cad82e85b102488a286e95130b8de6a,57.89
47a4cd5018d5927be7de854f4eb0f12c,57.89
fbbc61fafbafa45406320a04a2c39c2f,57.89
49f4d10e2b8d62d6346a0f8f8a4eb064,57.89
436dfa90e6b1c6ec640492f4b7a39ffe,57.89
f940d63b2eea16e8ecf8704b38c79af3,57.89
18298056f3ce66cf7c6a09d22407ea9f,57.89
a624e908c25a33b47b1e0e08fd1bf08e,57.89
6d869e6b0b62654adddfa7f8dcc8f2f4,57.89
937afb3c743cbde0849c9f8463628d15,57.89
3999dd9f3c72e5c982a3912820741d92,57.89
501a71dd201c522f49ddd9630e71f24e,57.89
1bc460ac476cf353ba60f0a5f339f734,57.89
66112b1cd81cd04a54f4315599e8a66a,57.89
02b3a4bc391b7e1d2c99c46f9dbc4db9,57.89
26ef1573f4d7d4d8ddf8f351200c2068,57.89
f09a06597ebdc4eb72ecb8470fef9f48,57.89
e76321220dd8fd5186c478b2ad214265,57.89
528aaeab73d4582f7b8ee6c179db8fdd,57.88
891055fab7b24be84e5541107297b28b,57.83
a62e61fe0911e6f25ece6491d2dabf65,57.81
43c6af693c8677ffe3b33ed920b167c8,57.8
2046f63743ee0e7925fd2575cb194fcd,57.8
0b55cee3f779e00e15de669f5da71d8c,57.8
ca474de0f63d3e88b4b28185fe6ff714,57.8
ad2b60a04f13841b2e58de3556c2544b,57.8
29b11e2758e1817d432172e1ee399267,57.8
7517ff58135290e9df757c3cee7897e6,57.8
5d0cb2ee87cc765656ecc5b99d6bf809,57.8
eeee40dec524e63487b700b539b637d4,57.8
22731f71ce593500e809e4abdea7f473,57.8
4243bdfc60a8e749ec908454e94d0b5d,57.8
0c049e412a34041312b948a94570d51c,57.8
2bfd566c10ff41c47dc6e2f9dd51b467,57.8
f476fe54d688e5e018ed94d537d7c5fc,57.8
31c084fb2c73c4aee537dbb9f96fc0f5,57.8
a0b74b6766104f9ae731fe5750fb4f96,57.8
4aa0d6adee059182407747d0e67da28f,57.8
b2f27ac68d800789258e48b15e8335d9,57.79
fc0570252f406543994dea3f61ffefc7,57.78
7122bac66a16dd3724dbbe2bdfa6a2ad,57.75
c4f4c92c98c75c639dc45ea2484f6cc3,57.75
e44baab954ccbbfb965518ca818b36a8,57.7
0a9c737f5b873019090c5ab48397ab19,57.7
a7f101f963004132b71c871d36a922e4,57.7
a5ffaf89f5f7e639ce935676baf2c314,57.7
df2cd9d9af76f334696a190d35cc6687,57.7
fdbe37ce3eb161f107bf6aef5559207b,57.7
781631db44968ee7218c9602594751ca,57.66
6c52d1aaad35c3878fb89380edbaa95f,57.65
733c47cbefbef886d7cea3f0c37fdb22,57.6
bc6bb91e85817e9c9eb15e43a2689422,57.6
3008cf4a74a01457bd6c1a13dd303150,57.6
4cad73afd092cc3432dd5ce0b5fa5d6d,57.6
9cc370519577c55b9dfa3641b59df63a,57.6
49120746ae7fdc40f72d549f0dc3afa9,57.6
42a99ab9bfd1b17172c9d6a31e4958c8,57.52
9184be9401fc9b2bf61cf71bc64e8a2e,57.52
6f27c6708dbcf96bcc241a627024d81b,57.52
96f7a9ae1b47e794058d0591ce2477bd,57.52
eef89d688226c1a29e1b83aa1ffb055a,57.5
057dfb44da43c28b9238d01c65d27077,57.5
3a723250139d38a4d2eb9f12d73a9774,57.5
c9c550b5ce68ef3d34833fe0641894d8,57.5
075e31dfbe61654855be4e32392358e5,57.5
da39612672f966a88588320e7dbacc0d,57.5
c4fca350aff240a61c0be1ec1d867d04,57.5
580a64317ff5a9b53fa9599097ebe654,57.5
6dd2c6f73170b8f3b10e4720e6b54032,57.5
c823e5745129ad3efb2f5e1497c60b94,57.5
6a05ea976da054ba5b06db38348b976d,57.5
92feee9c4c01dfc0bfdacf52eacea448,57.5
11e6c1e1c69c492681319ffe14aab2eb,57.5
582a9cc4d66cf90630486c68211fd672,57.5
59d26debe9d60cc8467a7bf2b835959f,57.49
bee8c38659f6714c7bc7400419f8c029,57.49
028b14fcf4455f6be9930c762c27389d,57.49
3669479a4da285481951d1365f3f2817,57.49
01ebd22baace52e484a1c52ff136ebe1,57.49
69882ae486f29c5155bde6d028532fe2,57.49
bad9465f854efad22cb4b4b376224b71,57.49
459edfef30398de90952c216dae7e3cf,57.49
7a4d4a91643c3ed808af700c41364e3e,57.49
2920fb46b9b54caf47e17d137ca38985,57.49
4a4804b52fabbfb59a3f0369082894eb,57.49
297ce1faa7fd43b6c512673f8ee51322,57.49
8f4412b49832686551c68d31db32e3fb,57.49
c7c4407db1030942d44f3460b5355efc,57.49
ba8c40efa4d4cf98a7260ad538b5c927,57.49
319c850f33954b0d3911b7317282b335,57.49
57a5790d63d19ab68c8eb882a24cff8e,57.49
18d46e1e396620d92cc0acbf564fd572,57.45
2d4e3b6221f4fd93c9381338421e6236,57.4
f88903d440fd26c3aa83f4f8c269c66f,57.4
8d7c4f33708c87bd9c8d0773c3b6428a,57.4
59d93d62b828a2c8b877ee0a70852f31,57.4
c1f1f90164cd5b2b06886d2c982afd8a,57.4
e13c22b9d062cfe08945c4f1de743846,57.39
6c83be548d91172d26144f4b00363c47,57.39
bca8392c9290af0afe8f82e3d02e6456,57.39
ad4a3eb4d7a230b1bbcfab37724983d6,57.39
3eb74c12d592264782e26883dc7c6744,57.39
03730c077a30dc8f5a02be8b1f5e3e7f,57.39
569ef6938859704a30e858454ac884c6,57.39
418f28c581e2a65c5fb7e55a7f83a412,57.39
c9bdee275fc8f4af25bbcd411c94239c,57.32
4fe1824a2ffb989661a39c7dab041fe0,57.31
4e9cb36e55d582533d88068ce4593ead,57.31
cfa2107afc077becb6d5c6538772c060,57.31
d11b3ac4700f987b19b93a5a26064ec5,57.31
39317384036c62ecfeda841cacc9b2d5,57.31
51ea522afbbad2a724b932b9d58d3295,57.26
8d8eb67ed5fe4ecffcffd8cd9b5556cc,57.2
db1b14bc26ae944bdf0cec69ccf63398,57.17
7a0e84fdd2b16140c23afec336362877,57.17
4766d0158128ca5a8d6c2171d952b0bb,57.12
12fa7c60052ffc3f836bc38b4b853224,57.11
c8b8581e1155e15c17f6ee4308ed9622,57.11
b21b8aa31afdf6c50926cba641e07f36,57.1
26445343c024875dba1b18ad8178b905,57.05
aa02249f655fd7a69f485cf95b8913fb,57.02
884bd418dcc0f0dc117f7800e752acfe,57.0
d88f9c15c5e03274e8038f5002c0dcef,57.0
1be1e18ee366e895f5db41178d3b6a4b,57.0
1d47feb38990a3b5bf7f09ddb3348370,57.0
9feff441141d0ac87f6c27452208cec5,57.0
2e85f736535c5bc4afcdc3c86b429eae,57.0
0ecf71ef2f6132b279632dbc3d72e2fd,57.0
1eebfdb7083031b40f727fb71f6cd5b2,57.0
10da8310d728c3b3b31b9e58e89db53c,57.0
76ed00bb91c35675557f53cf791e6f04,57.0
0c04473414f0ceb96390c9e26b968d9b,57.0
3e6997627c5c910984100b9cb2c304da,57.0
ab3f497fe43e78bb29becaf30233096d,57.0
ea8b39e51d9127623cdc47baf2ce8762,57.0
74c64a7729326cda14bd3433f03f0c52,57.0
61db999e171b586a01abd7d5ac904fb7,57.0
ed110cb97194f4281568a16d130589f8,57.0
ff83d65f64369c7efaa074eb0a13c433,57.0
aca66e7c5f2ff6bf24634f49f21d7473,57.0
121d3c0609b8e4783396c134b682711e,57.0
c02ecc12c729541a4fcce88b8f42391d,57.0
a370a5c4df3f219c112454ec1748a879,57.0
7299343483ef67319b28e484002c40d8,57.0
3957cd0afb5bb497ebba4cc825703737,57.0
f491695f1f6706acf407993fb133ffce,57.0
50bc80da888f4490074adaf6d63702b5,57.0
16113da7eb5959b1085b146216d09bca,57.0
09ce0754a6b5bcbb8c24d38a6ce54543,57.0
ace3ac15af94600e980ef4cffacb8ac8,57.0
56a50ea5aab26d0f35df63e8258ff4ee,57.0
c2a147742844075d9ecd7f1b17964a3c,57.0
a9fa62170275bae9e87b228bad3ba33c,57.0
266669cdbfadcab7f71322a8b102710c,57.0
833982522798828f5a669eba55af0761,57.0
23fc5eae4f6c7e27c037bcb5d9e9b4d3,57.0
0d37f2be8271c870f6bceb81e37eb46c,57.0
75604d6ffd10e7e95b7e37fcf4078a5f,57.0
21a6abdf0197fbe57451bd0a1d3c59a2,57.0
a4b265207c9977d4511f65064b300962,57.0
4bf45d157a7514d3284698a3d9df76f0,57.0
ffa6685e943cc587dcc80d8de8e9ddcc,57.0
c603da2cef9367d777d325182a234d85,57.0
2e86121890c1c02879668ab0cc0462d7,57.0
fd6cb3847c2b08afa9142a20fa40d141,57.0
ed38e5a89f0b8c15b0f2d245182bc967,56.99
5e23a311a9ccb1b00f9dfe1febbcd7af,56.99
c4f85e8efc551ef14fe98c72a3c76bd8,56.99
8bbd3bb0796450a7bea0922e51e3aa6c,56.99
bb51ca7550fb2d6d3c9013fcacbca5b2,56.99
2c58fbe562641feabaf9ed71a68c6d4c,56.99
822d3f50f2d532e37c9fbdb13cce5f77,56.99
54e115653f145fa0eeba277b728eba08,56.99
6fd906d0a040625ef90f40d64c601cb3,56.99
b73b03516fb44881dc64a39fd4124df4,56.99
bf769edf40aab3125f27a234248b5da4,56.99
f1d8941df4d2351d5cf88c5504119207,56.99
4d176ff8ba9e6fe3d650dd2aea78234d,56.99
7d4b050bcbcbf1f4c538c28a4d45842b,56.99
2690e327b07f3f572c2cff4b828c266a,56.99
a39b1a4ba781c82a8b9166d20c127414,56.99
40505a7ba5cb60766eb5fc4d8f696e45,56.99
6e8dfafb3f724a86fee4a2ac82eb3b47,56.99
ccc35ad52db11ea0aca08a8662cfb048,56.99
1988d7220b2bb21edbf4e37e3f635481,56.99
38947aa6a3fdff55d5df2e688f445380,56.99
316fc9b91c893ccbb91c1d4e90b1f3d2,56.99
0b1c5e7355b25ae7b5ae71fc81d47c1b,56.99
f820fd9b314fb28e6f839b478429157e,56.99
efb35f12444917602243c4d65c19cf98,56.99
5b1c00aedab4c6703d177383f2fc254a,56.99
f09e9e19fc45ed2130b6230a186ca831,56.99
8f1aa577a2f42237862c7631ee8e4a0f,56.99
44c163ba5aaf3acd361440226d683c7d,56.99
08e91c074733311e5056cda3a7bc53a1,56.99
895be6966a4c5d0d75b16e8c15f991a4,56.99
9b87b9bb4f1b6cd001096294c21970c8,56.99
18b8ca13241b9dfa3d7c5136e07484fd,56.99
8be380ca41df056cfc4917289865b1ac,56.99
a04fa231bd8eb0e52359e9882eb0f266,56.99
38127cbd744c51f29c2156a3656e0537,56.99
8439fedb60fd10b549bb5a7e09079bdc,56.99
7d179d8a629f588eaff7cae81098b947,56.99
815f25ed71c02df6cf2d51943aff8e54,56.99
1ef7e356c5668ac4d1132d781b3cfdec,56.99
3c29da091612dc8d80ad42f5ca0373c6,56.99
d679823b75b44acc3a4a542b90f29887,56.99
6c9a6cb0e96d599e4bbbf58a8792507c,56.99
090881015f7293808eff51132d75a209,56.99
7e4826fbe61ad57724ef4db7ed3205fe,56.99
6f62ed8dd1a90e684d370c234e5383c8,56.99
23adf3a4eefc7da9cccd2af02ad9f197,56.99
0fa8638e84cf1aaf8b3242a2e81d8524,56.99
9f914e7e5ca3b73706d38f603f7a9a8b,56.99
3248720a7617d01317ab868c2bb3676a,56.99
1f0ca2f4250709ea904aad7c7a706550,56.99
7285d15435fa94f928c3038f8dc075c9,56.99
0355b0162c38169d5cf921cb9ba5ff19,56.99
e3f7787cf546d9eb3097e856db584f28,56.99
81f561520e52174150b1900259863a99,56.99
a6bd20291ac4e6a4229459c6af42f828,56.99
bc057e26a901167220c6e4a0b0c3ec5d,56.99
71193c50b73646f6a61379dfc2b25285,56.99
ff0bdbbb629b5dc2918fb41b89dd14d8,56.99
a2974d8cd432fd4330d54c8c9851be37,56.99
cbb23af73864a7c5000aa9db101fae1b,56.99
a692cee8697769980ec9fa9f5170fc11,56.99
cfdfcb5b176d643c45373a304771538d,56.99
bca8ad7f587b14c4ad3e49017c5160a1,56.99
14018ff56b0d7cbc692397cc71d114c2,56.99
9e068f35663b99bc508dcfea424d6833,56.99
4665a0c8ef9c5c20346a6da0d26958c1,56.99
f0f0d3072b7438ab1aab58129a339a98,56.99
e75fd5941b7930d6926f5420e3b6a4ea,56.99
355acc2c291066f4d41f954918f11eef,56.99
e28c952b06b7864dec144ee81e022296,56.99
978add3f01a3dc2ded9cbf778d5e6109,56.99
e4bdb95a9e32a17f0ca8a022a9c4c426,56.99
947949b03eca49208685746aecd03a90,56.99
44cf9844f9d2c095ea13b725583055bc,56.99
d90163d79bf06b422d58f3c8a2894f12,56.99
a9d9f52bdd819917614deba59f4e56ca,56.99
90924f3be1f51b95a42a023072592755,56.99
8eab8f9b3c744b76b65f7a2c0c8f2d6c,56.99
becb241e293e90d1a6c5906ac30ca79f,56.99
3a367d4ce32b3b029e2bbff5f2fecdd5,56.99
8916153532206b393aca93fe8081a5b1,56.99
38ae66eca48b8ee852219d96d98c0b85,56.99
31bb23e87b9ced322c87a42677a4723a,56.99
2a296f30a02ae6035b00bd6c1fd2a67a,56.99
208e5e422e5690c147d774f551fefbbf,56.99
baca33004aa726524d5a891853100559,56.99
09718b930e5b6950bff2d1e632ad3bbf,56.99
b634dded0d0e31b899f16cb02e0ed1d0,56.99
0ca5257ba1280eb54d0e7c5823f8f9b4,56.99
cdd9ad4cda041fbe4deedf56eb6aa862,56.99
e3873c79ae4773d74c44609750deb7c7,56.99
a7c2c4660d01add49fcbcf462a0b43c3,56.99
63b5f3444071954ac6c800ac04644793,56.99
5353774bf9fae91621e5a15639bc6eb0,56.99
7663f2fefb813c164a83a2cf5b653e6b,56.99
6f1801be4cc2a6fe5aa24937d0934fb6,56.99
d45d4419f38d21a9248af9ac01791269,56.99
b8008878f51a35d102758a3927f6a074,56.99
94cebf039d51a5f2a69abc82dd162a00,56.99
2cb1dfee32f16df851c187b495fc893f,56.99
29397baa14b34d03bb0491d3a99564ca,56.99
158bc68009baa9f898feec21017b7f67,56.99
aa85716e1df710e8779a526d83d034da,56.99
7ace58bfbc93c19579f9d4585743abcf,56.99
71bf38418d2f752d4d021a5aab546587,56.99
503c0a508e852f0479e3719b5816bacd,56.99
d7d354c83af0580674b719fc3f8eeddc,56.99
05dbb675426a8a2208f1f38589ac3d87,56.99
2e74907ac65427f257d134026c674620,56.99
df5ddbc77e3bbc88b8fe3b62b8f60f11,56.99
3198193537ab89b727bff678627c327b,56.99
c1d3f90ae6566b0d6e0673d6a2de44d0,56.99
64d99599cc1d1f57464005743528b8d6,56.99
e0c97b945a6b071290605a0e1e6f2ce3,56.99
cf4be625e0070bcbf7f49a3f9bad0244,56.99
11f80f375a9a1438afcdba2e501750f1,56.99
452bba6986ea29efd283237ca1ba0725,56.99
f7dcda3c5064b91558ffa7e9ff2521cd,56.99
6984aa9651157fa05f5814889e11de87,56.99
968ce67a6406f9ce7d36c002b9a018f4,56.99
317bf8e1fabc64cbf930d93052fa9c6f,56.99
fa6a87087c40bec8f32e65765ebdd36f,56.99
df86fdd2e6ba6d883347af319dfd45c9,56.99
b0e4880c9456f938411b2aa2bc09aa57,56.99
6ec31a741d153ca932c74542977087b0,56.99
e6bdb789d2f13fa75af23899bfc3511b,56.99
08f09be7e8c38c8ea211c9455bce4897,56.99
7f11dfabe073952b7e6ef2ed28eb3260,56.99
e3912df9bb14bdb259a3ec5783a3feee,56.99
b4f0a4587f88d09521775a8b54b7f101,56.99
8f421e570a79f0372910a860978d6ac1,56.99
2ec5baba2248f403e2877fa9e679045a,56.99
512b6230960174ed572f2d70d3db6e89,56.99
64049775f28b87ca247912183223bdd2,56.99
6da5b0e51a41b4d08009f2ff650695b0,56.99
e3cce53d395f9c39230a95b77cee5595,56.99
58fd94a421b1928202cbdafee6622d7a,56.99
e4f4675cbc4d3be5829c33ab5ebfbbab,56.99
758573835dc9cd119b2395c5cf9d4b76,56.99
06a0388e1b17d3afa06122933c11941b,56.99
a19293d28c4d1e19c47d0ff5dc906a43,56.99
dc1a71416c75d6b97cd81ae1d5505a7b,56.99
42cc85da1ad5c10f4f0f859d1630b429,56.99
5f9522b3684d553a20aa4708ed505417,56.99
7705abbfecc352e5fc4883d03056cd34,56.99
98c4f7271d12e1559a9a532bf51acc77,56.99
cc1dba5fd468eaba5fc87e9a44ffa570,56.99
e73222883f05cc599adf2c327970e3b1,56.99
8438a6d829c672615ad8ae27f16d586c,56.99
1cb19e72dbe69d9091b464032caebb40,56.99
5415819ad5ed256b3851eabbbbfe25aa,56.99
403a14a4926a6ca3866cfb494cfefc20,56.99
2b70ac59f738e900a7d1b8b6c29fd0eb,56.99
3e4e70d528e3a7562a3b500d1232eee3,56.99
318333879b57234a05a3f72094809c7a,56.99
5a73cbfaa5062824202c66b6d32f2ccb,56.99
9c2174ad3fe39bd109c96427e31fae0d,56.99
19f4e983f8f05b7de16670f8a0cf0ac7,56.99
f861df6a9d89749b16e001dcc96f3011,56.99
1379bf3dfed62bdafce8d0bf4a6c2790,56.99
5aacad69b368af9f80b1dca61b0f0420,56.99
8a4f44051fd5fa69f325ed4735b6b358,56.99
8a2d4106bb0fe89154f1b097e5e19846,56.99
6b80d613d3378576251d9ec0e13eedc1,56.99
1dc9101f2d3193e393d256dcfb50b527,56.99
9d4c52eb6bd4259f6660207254a9d433,56.99
e651d841ae3705fa132b3fbeefcbd0ab,56.99
2ee85e880c44486eddac3fc64c33b9d1,56.99
06bb94c253e8aabc2bb33905d07a5676,56.99
7497b2ff093d8531ac35ba46224a421b,56.99
cf5105d5da60c3c0a496589a7664df23,56.99
54ba530ce202f1554612132ba1d8b42a,56.99
4560c6d8bfdd3e61555dca85d900e1e6,56.99
7bffb08b36c8d94c9a3d1c6c3a3263ad,56.99
91c72356a1fc125b59e0da51ec66bd74,56.99
3907d7c4513f0a3687e30d5106813a01,56.99
1243b85af9f260a323231c4813007315,56.99
35a6ecc0dbad9693cce748e2dd83947a,56.99
e5a7f1cd5e6d13ce42e327920e0e065d,56.99
9e284cef10301abed03dee54ab89bd1f,56.99
dca27253c644f323a50bff41c1db2ef3,56.99
dcf43e1fa6f118059382349530ff731d,56.99
07cc013860ca92f60025946a39f80679,56.99
10754027edc16b4efeb18e5e767ec590,56.99
0d8a00a1a77519c094786a9dfddea03b,56.99
0c2350ac90a7c2d4a6f04bf7fa330125,56.99
d4cb12cb60df727e852cdcd3b6de1a32,56.99
02735ed0fa102eb7d85ff54982e7905a,56.99
c90e1fc62717b61b9e82c4ae6f32bb2d,56.99
019b7b400189d67c8b75754edd1919f7,56.99
cfa017a9574dad12aef6224074fca734,56.99
966b9cbe267afb17f5da34ba905a34fa,56.99
06faa17577c5ab4ecfc2e2390e3050a1,56.99
061a531d906f4bfb762be36757e41f7b,56.99
ea528d62fde66930f81e0a4f937347a1,56.99
ced353863f72326c7e319790ba7c2952,56.99
2f0c6507b587f1eaba8a9d3109cb830c,56.99
bcffec72072249c0710ac3ce3224d782,56.99
90f13f9bb94b0aac1f2b89f7b7412d5f,56.99
2000fb8d62b5509c9be1866951a09917,56.99
af42aa6cd70a1a5faa9b3549ae6aeaeb,56.99
45b1404b9999ab649e8b026fa88b5c07,56.99
ee5b048a2bbbcaa49900bb4e0fa515c9,56.99
34fb7e4114e241b57c26915f89ce219c,56.99
508c98640dab1de30b6663686fac065c,56.99
0c1699c37326ecf93e3a029ef1159431,56.99
2d9d35da5b956b2369a3ac7a3e8d3ce6,56.99
d38ce923b0fb0571bca2241dbfa40265,56.99
cf53cf9a8f50ce588d01f95b1c01dabd,56.99
ba9205e1ca24a9ad48a44f552bbb497f,56.99
df4feda5fa5eb94c16f50372030d26ea,56.99
a598cec1f7490dc47a42850cd5aac87c,56.99
87b15cf61000299cb68aeb0a05e45a7e,56.99
4d7ad941ed874cea85682ddb323bd5f6,56.99
7e8b40da1dd60be07114921fe802381e,56.99
6e8705f85c9f53976893a1450d426dc4,56.99
f7d8d01811120ea71aa219b25edb272b,56.99
e8e957a7fcefa603bbdca0f5a33db8e5,56.99
67a1b364b073c272cc412276247ebe7a,56.99
bb04d6bffaa968f221005a9cbb28e928,56.99
49a3c4e0ed2d5e1d35a1b81b1e6cbe10,56.99
98fe6ae8410f2e46f8169623ccfa5e6d,56.99
c2fd07c064da726f771496f47be85d7f,56.99
9a3dfdeb5cafabf423b7b55a31e7ab47,56.99
4c099ac3859cec40223995bf8ad2e495,56.99
f296f88c13ab7f40770c56810e4fcfcb,56.99
f10da80d8ed5f1d9724a8b6e3f5f1d09,56.99
725de95aaf5722261b06d055a7b706e7,56.99
98556837f8c2cd03d6704cd641ec8e65,56.99
844b96c263dd9829cacc9726ff2858c6,56.99
a15a26030fa0d12ade628812f725194c,56.99
ea032836b7a4b823d5c06b196f1ec862,56.99
64aa80575506a08c3d6f3a38bd6576d1,56.99
c3c07d1bdef19401e13207023cd71e72,56.99
70bc4d9cf2bbeea3f7b09798370f5884,56.99
75e1c6b3663a6b192922db91c754d164,56.99
5f7891c8cd89880d1e0f6d2e8c66511a,56.99
f8c36af7264a536d9e04e41c819ea41a,56.99
9e2a7ec851f933a42a84621ae1ed5922,56.99
9fd29314a799da1d88ba45fc957b84cf,56.99
ee62bc8402e533e9711aa2f3d56f4b0c,56.99
024528dfafe67bb6421ef6e6da9adc9e,56.99
a0caf8dca329ba2b6b08a3d13b6bf43b,56.99
76153ec83edb14acc4ed55c9f176f1f0,56.99
58e014fb44456ac35903d4996263087a,56.99
49a332427c5be4c418541be8753c5238,56.99
def307cdbcb0c1473ae47ba9c1da37ca,56.99
dc61daf0c8964ce718ba769ac2755caa,56.99
5df005f2bb20b314a7eafb23d8366886,56.99
7d93c5192af81cfac519a75837ecf400,56.99
31daf8e66598a2f00cb17b58889f9eff,56.99
271a0d7c235fdd059546ec15d285d448,56.99
26b37e3c9916ccf7dff9b2a20353d40e,56.99
21487d24e265cdb51994d8879484f7d6,56.99
98c2fd3ae186615edec73fb0e8927c74,56.99
38715c6655e6780393714b7138495e8f,56.99
343221ef32c6f6d61324804c27dff8c4,56.99
25b14b69de0b6e184ae6fe2755e478f9,56.99
8ec13e84557ac0dd85bf56728edbae63,56.99
7711f97f5a39689cb92b2a1d87ca957b,56.99
267ab9426bea353f82ef7c5406d947c3,56.99
6aa8355eb8a274d21d0ad480aa04dca9,56.99
582af08f73e4b20bd0588b19280e87c1,56.99
8afc2e12c9663e6c26609864fd5e0a9a,56.99
d17d18956b5eb7424015411aed598025,56.99
cd2f24505004f52854f50cae51d90f9b,56.99
c3192b5f85bb0b0a52c4777dda01af09,56.99
5d782a5c228663745794b7a3ee4a0174,56.99
13697976fe8ad222ab46eac52bc44fb7,56.99
b58f4730e9310e940e9f674b4cdc936a,56.99
6bcd0914cd09a46c54d0b2758cbb1e75,56.99
04655b7e4d734d1be30329db64951a8d,56.99
b55211ae3c8f84fab4548ae1e592fc57,56.99
0fecb7c18bdbddc503d3d332c6ef1437,56.99
24ef921a5c32a36263d909a364456f0f,56.99
98eb7498d55be85bce93789b8064acbc,56.99
cc389f4eaa50512f8de37f3109aebaa9,56.99
f741f29bd8d93889055d286e667ea900,56.99
bb375e44f33a775a8b3e4bcb72276e1f,56.99
9aa94371a681279abc010cc5ed7ed4ea,56.99
9ed7573e4de35762fa8bcf6f0d58ca49,56.99
8f6849cd321a103102fe1fa422567e9a,56.99
efc63ad0c52f8bc3823f66b70616a280,56.99
9ccfe754c1d52a5024451022d4fcfd4f,56.99
4ad62a046c967ad05f4f28dcb8e33bff,56.99
c9eb8a8ef99b47cda776effb97e13b63,56.99
9082e3ba2159eab131ecb540d6c3c08a,56.99
7238ed1e0d25683b9b65e1039e9d942b,56.99
647535c47e49dbf4e21ee0c3c2ddd2ac,56.99
02dd94e5176a4d6b274f8cfc6666d184,56.99
e5b0afe11f94a8e9deb313561498c491,56.99
a6fcc239bd32476b7b2ce7f8b7db76c7,56.99
d7abe27b864fe214590fc4d400c74e61,56.99
69ea23afb210ed2514e1e325383cf78e,56.99
edd6907574d4a158ecd03f912804d444,56.99
1b00a1649b55301c17b93fb2b0ae2dae,56.99
910a468080f5af3a6e7c626d0f247a75,56.99
a7887745b4931b400d449100859f0f7f,56.99
167650b03a6ed2dfb29d815f78a1497e,56.99
0e40e144fff28a4a3ecb37bb48f201aa,56.99
8f4a0213a3f5cdac5078c9f7f6feae08,56.99
8018a24d4321fb2fa4f207aedd99fe61,56.99
336588dd3bcee786be896211f3c19138,56.99
371b2f2745e80d677eba83ffbe8df74a,56.99
6c7a009150d757987ceb07114bf7e763,56.99
aecae713f6be29f1cfcf0a7588b1d4ee,56.99
35c2ad85d777a0eb16f4a2195cfe5be4,56.99
6a4ea2081853cd8dd8d7c69cdf86925a,56.99
af7d5016eab3b7c8f3e6b4f23cabe253,56.99
20085406e7a297c65774fdee8993088d,56.99
8b674eaa0c9604f3443197fef9fdc93b,56.99
57d96ece378b9b2e8a82c01112a6f6d2,56.99
b39f07f1c63b700fa1e070448e17108c,56.99
0d03a578cc1b3e2eb801d7a01ed817f8,56.99
70ec9d1425dd3e76bde43d38ca160b44,56.99
ed9f0ee66c055c608a8953f2def538f1,56.99
774b40c2d9e895086ea8c29646821b90,56.99
53596e5715cf300ebbdcdc744b2fdb2e,56.99
5fe6feaf063dd24de0c2a3b2c6e55efb,56.99
d9f88948b98b2570e2f689b85416ed6e,56.99
87391f6f287f51cc9d2c7830bbed80cf,56.99
614e4a9149f6119fc5e8780ddfeaedfd,56.99
39c468ec6052be3b96937214c733fb20,56.99
689412c892b973d0ff49f5f9b14c3aa8,56.99
7536b44a83b05083df3c3834d161b373,56.99
bb416a6beaeed76fa660ac46a7c09d15,56.99
02e9e4af4b3ac6cd523d656776e0580b,56.99
3488c223952176954f711d33db8c20a4,56.99
ede29b8f9090dbe09b81c45d9ef77792,56.99
6999f4d337ab6bf57edf289703244131,56.99
8e61477c30526515befee887d367217e,56.99
1cf7b72c52c53a47f871764a9b092860,56.99
92c5fc293d0fb1c8374516492bb5ff4c,56.99
082166790414f3c9f62969e47ad91b96,56.99
62c11d5a0b49aaf81297d26b0bd9fb8f,56.99
6b52695c8fb83963bf7eb5309f181f63,56.99
d7be71f70e3dabb85b4c1e14d1f56da1,56.99
c7041f9f3e88d79bf3c9f3bd1d9e6786,56.99
636280e811ddc09a120e5bee29974df4,56.99
202cf72513728469b2956e562d56015e,56.99
8541c0582891ea72a5d4ebf29ff85794,56.99
3ad16b9c5e94ca886631bee7a641d599,56.99
a22d55a6ebd23e2239a3bc5de97c7036,56.99
10446123eb88ee10a2ae901135bf2b9f,56.99
edcddfaece1ea547c0c266f5ae50dcd2,56.99
f001d3e49718e62b503572e64920cca3,56.99
78b253918cda65d6ed0415f45d90ce4e,56.99
6f8c1f9a45ed437e37b40ee55adb862f,56.99
05726a543ba1b91487c9f6f3fc7caa79,56.99
41d681fd4ec9ef36e3429b2c19671000,56.99
06c72249e5daf5bac0ada54b615fba05,56.99
b3f11282669b6cbde664be531d06a46f,56.99
79d0eed454d5d063bb319ade0609434a,56.99
73723e9dddda63b50fc0c9afc46f9bee,56.99
ac8ef6ef5bd4441da783f9b6abafa0af,56.99
f2bd912dcfcf35f4ed1c60688bf4705d,56.99
fdc884bc653acba888ada07cca18a635,56.99
711dedaffad6b733cb80c2d3a63b9c26,56.99
f83d692fede22d97386db0c12fc78428,56.99
72b4434c1b3bfa28203ef23a7b4aae78,56.99
5f92804b72032ac9f653c422d80f0333,56.99
b69900109b655d75785e8e233495b472,56.99
91fd468b0c6209286b3a9331612136a2,56.99
f078095ff04dedf7d217df058773668b,56.99
bf3a6e18cbf1a91fae6bfab562949722,56.99
6e44e2abc8653ed3a1898883a172f547,56.99
223f7c012cd83b966c33b46e5d456508,56.99
b0911e94f111f43b28a12a56e1e53f11,56.99
0f93791a30659ec73dce7d53b64fc8bb,56.99
c38867c798cb953659c564edd549351a,56.99
83b30045e891ce55e307dd8b1e6140d3,56.99
1b44b6cc97de096b7b1a762966ad86e4,56.99
04edcf9c41ea594087f93171236b28e2,56.99
d4d42d766020a2cab496ebe924934162,56.99
2919f0d73e4f71a70056dfeac8b81278,56.99
7bc38ef672740eb8d3c85c2e7dcce8be,56.99
6192ba92eb5a2ad69bb1b4d8eeb045e2,56.99
cba9cead491b833f77cea583b54b2fe0,56.99
c88655b337ba4f844260061949303a4c,56.99
6f876d87bb2552c9b2063e96228ec5cd,56.99
4b3ee2d3838ddb1c971da38fe4451d31,56.99
a5c9cced9df253732cf221be894b76b6,56.99
47bfe4774d59d178d9c4b899fdbfcba3,56.99
9085fd659cb92d32561ba27756ae17dd,56.99
33fecdb758ed5ea2baaac2960295590c,56.99
06c5f9cdb14fd3898e53f945a3e903e0,56.99
6d4eb3e8b01422ec8ecf52aa0f82dbdb,56.99
29a1a69307bc6be09b16df522b56b397,56.99
b8e0c8f25d5bea287cd56666f678d57a,56.99
99bfe4238b5b10a3e83b388a471e3568,56.99
5db7793e5ba9211bf9e8176cb8bb3ecf,56.99
451c8dd87afb50d8842438b4568af292,56.99
a634dbbdcb46370674b7513811bb56db,56.99
5032ecd958a19df06ff0623d8ef712a1,56.99
3ad2508b4ed6b3c8907d41ddb692c5d3,56.99
41e0fc4b66cb6cfe6dadaea3129a08f3,56.99
d8daedee5a8e83272a2806c5a4e212a6,56.99
18e81821d7e7326070a3cf464c4822bb,56.99
87b45e61c9e0756eef3e23c7de7d84d7,56.99
5f6705d9c72fa68afdf8b23b94bfeb63,56.99
5a60c7fb98639f84e7b3779748fe0ac0,56.99
bc9df2892ccce8d1e8558c3e8013962c,56.99
b3e16dcf5e6a9a7a917838b9c8d6551e,56.99
ed8b86adb87947ef159d03a7b9268b66,56.99
c827aa062f905fbe89b106dc05a9ec1f,56.99
b38d15c7dc1cda6caded2ceb0d63cc3a,56.99
530d41b47b9dda9bc6f31d856f11a527,56.99
2d2f9e6b571d8ee9de59696261d13592,56.99
030be3271231e6f5df0157331c60f0e9,56.99
45d806ce5ead27ab0476dba78e3647f2,56.99
26978239b9a0ccb40d576a0a099158b0,56.99
355b4eed0949e4700be979179eecbacb,56.99
d50ae78e21c9d0162b6a9515dbdfa108,56.99
fea17bb8e53883e582765264d13f28b1,56.99
929cf2637a672f230fd0e4c2501f455f,56.99
8ef1a0327a1f26402ea820e1ec7f38b1,56.99
dc4b52f60677215cb7eb507cb82f3976,56.99
631b9cf61859e356cb7e233f0982c6d1,56.99
44abc08e78c370ebe0f4504045713574,56.99
2948885b537e10c5528a990dcfd4bd24,56.99
90a446c72dfcaf840b54bd7dce8034ac,56.99
51e7d7a95b9555dea1779d62b8e81387,56.99
f90ba41dcf61401814d49cd7323d0dd7,56.99
a3e48975d6250420ce214a7f3c7ebefc,56.99
556e9100d05797d5269afdc8d3a1a99a,56.99
95d2bac8c1d115b9c5291fba7b9186aa,56.99
ac9f629ac1b9ac8a765332bcfaa0f99c,56.99
93f6dcaf88e3a3c3a207c97b607568d6,56.99
a55be87e0827244fc065dff0bd28b41b,56.99
5eecf86c8c40a17f85ba8c96632f2d1c,56.99
9db9d148f66687be441b92a58e6ec70b,56.99
a86d2945cbd7499a32d45c1bd041c351,56.99
ac5d0349ba5fbcd6936ada5ac444dd90,56.99
9ec61c16dff12967d7d5b87194ff59e1,56.99
a867c68a9fd7aecc4b1be83aa18f36a7,56.99
ebd57d77b789fb8d99c8dcf9ce71097b,56.99
5db7ba0d9c75f6e67a904e1419cfc183,56.99
e281adb74e1dbf9dc23670880c9576bf,56.99
e27a8cc9ed6af44e996a710cc9c09565,56.99
6dae7e49ea1e08a25d1a62e37a824d78,56.99
9ac5e9b962006e33f3ec6d079b721b1e,56.99
599eb3fb43b36d43156a5157c94000ee,56.99
28d1d2e63385a2ccb0c2b0fe0dfebedc,56.99
78031c6c49962368cd106970d99989c8,56.99
59923dfd7914ff594e6e16878bc19d74,56.99
364c498abca5a4cff3fe15573743034c,56.99
1e451a6f503504ea01da3655e83a98bd,56.99
5144672f3d4c43d179dc389a64de306a,56.99
3431cbe244e35b43d22a485ed8752e5c,56.99
739f034dda24ecf745d673592819074c,56.99
ecb1725b26e8b8c458181455dfa434ea,56.99
45b93658b1d8b816730299c97a02a857,56.99
9c254076a9b89c8831a8cd6b20013d42,56.99
cf02cea5a00d7ec7e67022f0c11b5873,56.99
b444e11307ca74582c1afbe4fbc3062d,56.99
20b5aae6a3e31111009f9a7ecc31a232,56.99
f41d2058b5f03c36e81d18a58878e876,56.99
309239af9998f640f8572abd96482709,56.99
b893fdf0dff65ca2fb524cfbfa9039d2,56.99
42b62ee4c1223c3e3518be5a69946746,56.99
12b78d9eacb77edde80d19b9528bcfe9,56.99
371d4dbc5b397a2d011aeeba1580f194,56.99
efc66ff7da7b21de91828926c9a58fe1,56.99
3b25473eceecbba95c66443d85075e94,56.99
223aef59b5d349b5ae42f73af48f0c8f,56.99
ab3be1e360ea3b56b14b099cd4760615,56.99
ea96dd10051a4638f8cce910ff168d1b,56.99
484711e3d14ac75fb874e949b3a28395,56.99
bd3d00157a2f03689b894d550ce54489,56.99
f3eae7f12cd789bf9cf7f28d65b3044d,56.99
aaf8e88f992dccd91774ed10859098f4,56.99
fb2bbf6ece14440bc221623a331a1b2a,56.99
71af6d983a2fb43c053adc08a3cee580,56.99
8a498c95d77ec0e09c2472e3e97412a3,56.99
bddabc9e266194149ea15a62de9e55a8,56.99
b03e5dbf77ad3ea29b898e6b6a36d047,56.99
305c91e91ba4201b5e1da9f488bf64c3,56.99
b5d99b818c44b7029424de7ce9798440,56.99
10028e88eb41448030b35ec777b4cafe,56.99
4f2bb54d04008d4f346c1e3f556cfcd3,56.99
5bf58eb83a02d505bd17844c4e0983ec,56.99
e570debfd69192cdd2e846ae00869a33,56.99
38ec435a57977a6b11afffc1c109a5c7,56.99
840dff94e86cf9881a3e67d32abf9c27,56.99
52496ddf0025f7b0ec3cb640a97990f8,56.99
7b35ee727d8a06ebf3585b36583f11ad,56.99
81bdd95cad25db8438c8fdc9d4ed1ca1,56.99
df029a1ad9ce28416d161601fac3e950,56.99
4546f685cfe43aabb0bf3af4eabdc763,56.99
0c269f2f893647162407337e7d8ddc4b,56.99
fe5b0bd5dd8f0e4258e49860f41afb30,56.99
637d0dee99f2be0a797c3d25c03bf7bd,56.99
a04c8e3157009f2748aeee6e22f2408c,56.99
0bcb83f11459548493b5bb7a3df7c996,56.99
e0753c85c87c807e556152043b16bed7,56.99
194ca5b6c387ba6cd5727aa6e5ee0a55,56.99
57963369ce5c1c7b0b1fe618588de83d,56.99
840bb79be81df04d60152060690d28ba,56.99
80c0276f1c674e7b026d5a39799afaa4,56.99
d401ce7f8ea08b0b3f591933e07e3778,56.99
686fa334d4d911e9ad2ab7322363815b,56.99
e428adb21a132322cba405093173fbb6,56.99
9b10f767a186dc9110eb360dfe138bc4,56.99
cd1c2251f61356c121129749691ae2fc,56.99
7225f2492ed367f203858f47023b7172,56.99
1e3dbed8d904cb9febfcf254f39eaec6,56.99
fa38437126f3c5280251edb9230a1fd5,56.99
3cf4c1307b158a195d3b7914fe3dd139,56.99
608e2ee5f057c6da607b3fcceeac2cda,56.99
0722cac4e97a1d3381723e1770a60391,56.99
60f02d86ffb0ecb42c3f2c45036d9a1d,56.99
4b118c6a2f825845bae401ae5b1b993c,56.99
4ce6643769113bdc9e222407b9f81c63,56.99
bdf180a76130c328884372594844f849,56.99
421480011b2624e173f40e9c1544c852,56.99
9e1ee238ab71a46123701b18c7f96a70,56.99
2aa68f32b3abedf8ec5c24887379176e,56.99
9d763d8a54fb8bb371f06d0ec3d9a7de,56.99
febaa0b6a9a58299fe86ab3cc375080f,56.99
c1084efcc6de82cedf00f4d15aece375,56.99
f3834ac0ac0daed5adbe81da85717fdc,56.97
a615e88159365c7690be8ff5c3816a24,56.97
cd68853f94214504998f9e7945a8a58a,56.97
d06681cd54fae3e8e67dba73ed1b0471,56.97
f1b39a3f57ab0e618b294bd1a9698ff6,56.97
88aa13789f7f5179b91443f4247afb8d,56.97
aeb580cdb23cf46633b27190611d7844,56.97
2ad11417e4acb043f847ec065ded3e26,56.97
875046d70b322a1aedb1b9b0fb475af4,56.97
16dfb913bdd7b28de3368eca2b567e45,56.97
cbf69f717458bb7247b1e74679aeea14,56.97
301bf3798cdc72286c3b1c8602ef1f0d,56.97
82af2fade4e5f468d620aa02f786d681,56.97
f3fb07f62a29762d49d364a2efdeb17f,56.97
9e9bfbdef663665be1966a20c28d0c03,56.97
827cb645caf0355a76fafd776556298d,56.97
7754a974b02485c72aa600f3dbfc8dc7,56.97
1e2c7c77557ce57cb5a964067c93de43,56.97
d8100dcf3df9e671b1f216346a36e5cb,56.97
fcbcae9398452be8e957aecc63625444,56.97
c1a4fc58c4f59c4607372b85f3b968a9,56.97
4604295ac7c810a19886d8ed12422903,56.97
6fd7ac88b09163b38f18c5943a6c6885,56.97
d8a288228129c30f34ed8821c5f7108e,56.97
278585b98e91dea37fc25cbc9ea52e79,56.97
5761ae0f6a33d1ca20c620eea9ff0685,56.97
7dd4ca386e9a4add580925c77a483225,56.97
32280a7cfdc367286166cb31eb81b8b6,56.97
765ef56011ea5e00560e540cc9b610d8,56.97
f90389504400442cf00ae1b04e8280a9,56.97
10e4b0b508006611dc99698dd5521b51,56.97
45bd85bad646d70660e27ed0d411fe3a,56.97
0b0ffa4362977083ee9bf3b3fd8fbaa1,56.97
a914135257fb9099bb4c51da34edf7b5,56.97
09f684f838e2d8ad58c6ddae94ba07e4,56.97
af8fae4852aa055ff45560ce82718a98,56.97
1548e950e70b53845e4f50d6c639292d,56.97
95489fc7d50bbf17640d3f87b6a8fabe,56.97
c2ea1149b67ac4b480ff15b3b31110ee,56.97
9527825089af32ff7b72aff6e13df266,56.97
9595112daf4d567c6ec90ebc59d6e16c,56.97
a3d5aec988dc5a87e55667afa07191f8,56.97
e3fa013f4bbc0b7ef8e6bf9629347967,56.97
7a72e1fbb23c6558efb32d2fd9327f79,56.97
dbce625996b257695026f8bd3c5ee160,56.9
61bb85d582b5ccd1865eda014f0825c7,56.9
f5aa85925c87d4706170811c0fa7c779,56.9
6fcd437a7ec74153d5d279c854213536,56.9
cbfae93b97f390b17f150908bb37a570,56.9
8b2cfc7e3b8fe0472330ccdd448c902f,56.9
5db7952e35e5c9d106f6d8e390c6e31d,56.9
791fffae1e2c666934af4ee21b790c0f,56.9
7c1bd90d3694ad854b4448e46013897e,56.9
a01fcde31529708c8755a0226631c0d7,56.9
7e875055687e2f2987c55e117b8cefb0,56.9
9e50e5c4f7f4df3eab45f6256d824511,56.9
146c06eed34cce641d56a18c74400f38,56.9
f20d883c319a6547c3fd39d25c8e0c54,56.9
60354a6f7e4f95878f29a4732d5944b2,56.9
de90bb921bd5c53089b9972b56b9a553,56.9
5bbcc15d904dc2a712f68a09e1a53187,56.9
462af9ace3dd404900c42f4086ab64bd,56.9
32479f82a2d9369832b89ffd4d5194f0,56.9
6b423102b789a5e373332ddd86b8b6a8,56.9
449e553f0fa7504123c432875d9ca8fb,56.9
3742581255b9b4ee5ef68ebc46db2bef,56.9
fed7a1c4146b45f0ddb2b285da5379cf,56.9
b33ab3f861541bff5a301c3b38c4126d,56.9
11ec5b987d7a0d733319182a77784d38,56.9
0ced40c1deef4fcdc41987673efef092,56.9
14f35f6d18dde51c34c753e833382099,56.9
96ff3fba0dd430cf13ed4a811c1291a5,56.9
b89ea39218763f0521b7bbae37e90aa8,56.9
349784e36eb31eb41120cf88c5c3a64a,56.9
e40b8fd47a9b7363e3d4b1d324756a77,56.9
7f3ec00f79a98875d304ceef5d2cbd4f,56.9
6891fd02a52a84fd2be5c51502d8f22a,56.9
8bd967eb5c26c92f034572f28c70a300,56.9
f9e600782b270dbc008106255da508dc,56.9
c9b3a442497666a3b8990896b126fba8,56.9
9a29d9e8db843a5ea715d37941f4e70b,56.9
a1bfc319b6d6e12dd25484a8ac12251f,56.9
e286acbf69751918e6e445bc1e8f07fc,56.9
84b9f36a23bcee1236bc7f13afab749d,56.9
0e29b397ad475f246592749aa80c8821,56.9
765c6412dba8eafd16bbbe40a47ff0a6,56.9
dd8cbb2002c9992c20c5d2d74e2fd5f5,56.9
e55a300276fbb9cc2de0149b920feddc,56.9
3463ac00dc2de6d13c26ace2d43fc34d,56.9
c2f48b3a1886356993377760bf3dee5a,56.9
271f76c70ce217ee656713b99097eaef,56.9
8fe979441d9c7ea25e5bf77c7b1d06b6,56.9
07cea6722ef8b8da55cd10460f04bcbe,56.9
5772febf15640624d43fb155efde3061,56.9
56971ad39cccab11ebaa0266e87956b3,56.9
bac7cc91caa4078e7a3e7e5547531c1d,56.9
080dfe3c493444a1fe042b4668e4b01d,56.9
d3a8cc265821db8dcbc9fc1c6cc30ca2,56.9
284f683869caa2ae4fcbdee78c971871,56.9
704692ee897946827f620097cf141e09,56.9
69da8f7e3838afac5a01e031267b1e77,56.9
9f76cb1ff3b9cd49c45bffdc45bebbe5,56.9
9d523ec1adfaf85fd0dd5835b1884b75,56.9
6a20bfff0b7d52cbf95122d265fd6d3e,56.9
986783e63cf6436f3db019fc2d800aac,56.9
e2ce3791b4dacb29ca34be78e5d175e8,56.9
46853a08808655a711805c973b549079,56.9
9d98270dce65699c065c2635ed25e79a,56.9
76c5eedb331145a40e1c9481acd9633b,56.9
b63498f62744d6304da09ded0cab9677,56.9
9b5aa2016736854a2aa4bd03f52991ff,56.9
906cff77a39482bd76ede0f9a0938479,56.9
dca00fb1b6171b7131da91f9df6592ac,56.9
0f070cc92828460113c3fa4bc1d16968,56.9
a7f82e1125c54768904826f919fb24e2,56.9
405bdbf40a8beb8cf3492e96a2f9573c,56.9
50c98ff80c62d9255b10fff5f2fb57cd,56.9
9120bcceccdef79e911df9957ab9c4bb,56.89
c81d3af3afa085935d65060d1c4efd1b,56.89
8eb90c8fee300fde9364d8128df008fc,56.89
4d92d11557fa6d633ad8d7d5f8e18cd7,56.89
91f350582b34e0392b3726353d5550af,56.89
29f12840031180eb478a0c13001b0ca4,56.89
8084cd8587e998d6d3abce1ab618e927,56.89
b2cbce849410403be11de7f51dc04ac0,56.89
dcc865b0a392f4d72458ec0677e1f085,56.89
b270bfbd3d8c070f36f1c9c885280e31,56.89
c9b6c820eb45e89a822c0467eb468c74,56.89
ce00ac7b1fd65ef1493960dbca9ee71a,56.89
f3e8586ad7f90adb0170d4de598765ce,56.89
a318808661dad5e6db0b829df0e827d9,56.89
422d5ef3e5e2d7b4d1d67749cf49b347,56.89
e12afe781ce57ef49bbb9cd678295197,56.85
b6f1ce97a5c1317696905cc28a6a5857,56.85
68de073035ed0aab6fef7c0a8e449cb7,56.85
2d2289df5d3026cc4f44917c6e712360,56.85
84979a910a67ffcb679d3b3472a770ad,56.85
6ea901421d5915ebf48d42ddee1429a2,56.85
e4ca3eaba02322e4a127326f77e0cf7e,56.81
e42b128c0900df8bc11f75ddbda0b506,56.8
0ca30ecffdf9576a1fd10f70b32c5cf9,56.8
a8ba6112c4cc9209f80f14354e2d50a3,56.8
90b932f1e359719ccac9a68ee6dac1ee,56.8
c206e0bfe99ad285d962862629f6fe25,56.8
c21ed416cfe35be3485f1f83d9632b3b,56.8
98debaf4566c7e7ea52a59d2a40bde22,56.8
b63e53723f8097a3d3be4bc3409dd25f,56.8
6457e3fd7f768aef7be536207c963d9f,56.8
169c3ca987a830baef97320592292dae,56.8
d53b5ff572a5e5d237b0dd64260996a3,56.8
20700d5ae8a3db238609bceed090ea0b,56.7
ce81857f083f69b2138d01598cc284cf,56.7
c0d8087ca82251a651b555a131b87e5a,56.7
c820e5fcc664ef713b284e5856955802,56.7
3d98c8b2cbd7cd489ad32f6d832e78aa,56.7
11bfd7088bc99779d75cde702b95e6fb,56.7
a7260a6ccba78544ccfaf43f920b7240,56.7
a7a56d427f0a809b2f1a427783feca20,56.7
1184549c87fbd8b43922b3ae59c3835b,56.7
e2953f49e59522116ba3dcc05f65f2c4,56.7
eb158cd7050d2b45817f6ed442784d8a,56.7
fcbabeab77405bd9462db83adbee7f65,56.7
410b0c2b4402cccdd78659f6307bea18,56.61
f4072e3b940eeeae8c575504d3086175,56.6
f3f86239cc639970d8a81f403e70ffcb,56.58
303f7461bb2ffddd93a3b9d26f6b5048,56.58
d8583ba686f2196aba5bc31f896bd8ff,56.55
634abb8644a5c935250dc7d8201413bb,56.54
e377314dfa6e23684f1fae454fe8d8d0,56.54
07f4f332124614adcc64d2d0429f5fcb,56.5
ff1566bb6758a1a457e922cd7affcb2e,56.5
886069eaa0c282b93526bdf694eab36a,56.5
7be396f104a712e5cada0d53a1ce3417,56.5
e24afd292df4c36dca1a8e419dfc7bc0,56.5
b8aab5319687af47f93bba374f5e2f36,56.5
aecdfec3c05b05231deef420bd20e28c,56.5
c7ef249622117e641738a76505595318,56.5
37576502af0e69a5b212adbc17c102ab,56.41
0f0a3ac189b1fb3e434b25d812909652,56.36
f6dafbcbfdf616aa3ed21fa31b34280d,56.33
d45f20057bafb3da1c0b404a76da42c9,56.3
72d3414ecbce9f4d2ddab40a0e7c8747,56.29
3d9511a1f386dd62e326b7bee5b1066e,56.25
cbbb04f3fe930aeed1e330ca80fd40db,56.2
9c53c2a649b93665d44f6e1ab072c987,56.2
86b3146187671c293c9d02862a8adf2d,56.1
8c1e6e820a27a9df59799bdc21fb1583,56.1
543ee5e646b5e72468e59c3dd3914edc,56.1
c238318d6dfa22f8c5f753d7f7b45f33,56.1
d1435050629f62d0a602e7900894fa92,56.1
ffa2a08d3078f20abd8556015923cfce,56.1
994e7d02dc2f02ca85fa9e819f2c4d85,56.1
e6035de27a06aca1d56fea7ece3d431e,56.1
b9633b9cf51f58d7c6facdc197862501,56.1
c3627b8c3533bd55a1b19e6fd705bf82,56.1
db9854636bcddf1f6a5b1bc3f1133c52,56.1
12d7b5f6b29bcc2df27c360155db6742,56.1
7f64bfeafe266456de1f197dbbebde61,56.1
e7244f49cdadc0c4353211f6408f2cea,56.1
def4d98085d84e247e9d57847e3b1423,56.1
bf1f1943a062f996e5d32bcb5662b10f,56.1
262a2c7552af9c0cbf2de8caf2daba7f,56.1
ed1ee9233bafd2e5a9c166e6dc4a1b11,56.1
150af294754bba42dcb29e19b7e09c19,56.1
8d924cfc57373c980b55fe575baf2c39,56.1
bd777ffb4e6dfb7822990749f6296866,56.1
f30065300dac59dfc4bba02c9eac73e7,56.1
0069f43bfc018147f03b7a0f64fa00bd,56.1
330ee6f4f67f65303c3afaba7807a6fc,56.1
e489861e700dfc79e5347bbf75b472e0,56.1
bfe964865bb435b81a560ba893502540,56.1
7f43eca0e0fbe513128a735c72985870,56.1
a630b62b4be91e3f264e1da67f6ab181,56.1
c36dcac28596ab129461788cf382fdd4,56.1
4af2ca7ca1dc1b8bdb8ffd8a8ac0c7b2,56.1
de426be1b483575f03fda1bf5f29b1e8,56.1
d0cb207dcddd7af9b63e0f7f48e83840,56.1
315205cda3082eddd7f02842f2849062,56.1
6a259f105654c36924187507b16c4a04,56.1
85c6af75161b8b2b1af98e82b5a6a5a5,56.1
5a6449a9c8c4c77ff601b5407d04f031,56.1
9bee4741cacc6088a036a3068f485287,56.1
c3ec059409c21d576b6268d9506dd404,56.1
e761fa60706c9383584a879dadec7d64,56.1
4eb2d427b2d88f0e05fc35a1e862d8e1,56.06
0f66b03abf9016f15be4fef131efa629,56.0
3cb04edbb4e95e152836f25c3db1fb4a,56.0
79d8872425bf0cea7e133d08e0e45f1a,56.0
98a8003e51fa117ecb46c24ef8f419df,56.0
d3ae786645024e1af98082774cdf5a26,56.0
073d71c93304496bb891a08b926ece95,56.0
8be927d8fb3b9fa474e1afcac281cdcb,56.0
c4b85294855412a0dd45cffa945c0cc6,56.0
82da44fcf645d90efd687532e453b681,56.0
5d6004e74b751b9f762bbabc16b77bb9,56.0
f16dd3f2fdd8e832bfbf92a3fc29380e,56.0
dc24f2e844bc7b9779235188779f70e8,56.0
ca0a811c3f2154cf8d046ce2169bafae,56.0
c2e1075c630ee8fd3da52cbc1ac79dcf,56.0
a7f72d95e85d8537e4c642c4a3c6c25c,56.0
ed8e4541645947f30fca3040759d224d,56.0
3ebd3326c483aa9a6615659a8039b0b9,56.0
67488e8cd4c4cd4b21118b03fc4bf6f6,56.0
229a694659aaccf853a865489c161422,56.0
e94ec661444a31bb2696b56e1f78ff85,56.0
8955e83ade1ca402f273a2941920a343,56.0
d2dd888bbde7f2030be8d738074c25c4,56.0
c7011e4d2be2737cf1d242f3273152fa,56.0
20fa4475b86a9837d5df79c3d70b4188,56.0
6df926e23e9d935e27bcab0e120511d8,56.0
9ffcacc65be85eff098e7af278574160,56.0
9362ea913384dd5e069a7d24a872a7a7,56.0
38d582cf25bb1bc7d6f9f494dc2c260e,56.0
0083d9cca92e71d03d298721b572a77b,56.0
e10372b638b992412298a0091a2d937d,56.0
f344a641af9aeeb5dca01be9058eb92b,56.0
6de51449f35c0a31b66f769a0996846a,56.0
97dc92f1aae3a7db8b252d1b8466910e,56.0
5cdc045a9409dbfa5db1b7326a598d84,56.0
882d90855d6d59cb6ccc2e18431b25ee,56.0
7f0341378a24c0dbd85884c251813514,56.0
2dfbc6d1939d39a1071d64da95b663a3,56.0
91aff227ee2a5b65210e8f03fd8f46fe,56.0
ab53afe6074c85742b3b868398fbfeb3,56.0
905b09aceebfc1b85def06a740b70399,56.0
4daf9bdbb2f515d19c4a054881982674,56.0
d833ba377565bc8eb41c9d09e6068bdb,56.0
87cf8768894da2774a9ba8e181bcd84a,56.0
5b39501b275f18a72937d3607563003d,56.0
f8047d317c2ccaaacad2df0365dcbf4e,56.0
e9c7d222316ca2c78cbf05d83c1e9fa0,56.0
60e522349ec0aad1a45a13c48749d0f2,56.0
6ecc28fcc2fc38144c26e9eb3a037d9a,56.0
4448d246bfec54a2c2a36cf83cfc06f9,56.0
a5c00cbccb8ff7ec3bb8715188412b83,56.0
809e1861cfee372e6a6f8523ff520605,56.0
6cc8bdc9228f5b9431c9801f8d2ad172,56.0
6aa90596c8e2142200b3f89ea20a60be,56.0
12c4d32011fcbdd2572be72eccaea17e,56.0
3278f0116538282732803d2b35a9fbd6,56.0
c3e417956cd7a0f2b6a77345cd4b682e,56.0
5e6e0e06c988f485293a7341c8e21871,56.0
7becf6b637cf3ea7924d105a6ac24428,56.0
a7c6653654e36720ded54cb3f92432a3,56.0
6e1f1a05297f39ca54b3949e68c9a0a6,56.0
d1987854d71c2815f5b816a8815db271,56.0
b1f3cd39358d18f19a2893ad3c3bcf1f,56.0
d1317c0d26ff17cbee1cc9e90ab521ab,56.0
7f29240004dd657bbdf131b0ec558634,56.0
fcbc175d0bdc5d2ec51fbed84218cc94,56.0
593b8fb1133c71b53bac24805aa13d06,56.0
5cabdfd4f9760bfb7c2b51fc1f934980,56.0
53cc124c5fe39077134aa18974738d60,56.0
c8fd8ff6d1ad23474b5944bb65a13d37,56.0
1066173000b6d215df54fb72fb1f99d1,56.0
ea361251491228e4d24754e2d33b30e7,56.0
2bb3f48aadf30f93a0dd64c50048e789,56.0
fdfc52a03c18d8cef9aa5e39e9f18217,56.0
38a207eb1095e45ba5d6a3fae5112be2,56.0
f99bd4afbf8edf456e0c9c6a59cd9dfc,56.0
6e858ad97c0acbbcf000f5dea0b2b7b5,56.0
71dcbb257571501de1dc58ac8321a39b,56.0
179c2bf3564c4f7a4f995f7f2332cd16,56.0
57adf4c0c4d983afe5aef9f1082ab09b,56.0
21cf8b03074c935aa1de2d527371916f,56.0
9cab57b39cbf555d0af5d7ab09adcb2d,56.0
95a8be8f74e6b7f3e06ef03ff885dd58,56.0
59b5afd367220e7d7e8b23cf010e44c7,56.0
d515bf2f113f96d3dc8907c00ba6f590,56.0
39a8e21334badc81ec828f7d42f4ad54,56.0
02aecf671e2e14f201bd51873575098a,56.0
d124c1a4119ada6806f25591ee14e019,56.0
3341e65ccc3a083fcc8775020854154f,56.0
c45b721a4fe80b289c98bab24a42c7be,56.0
3a1b126079501851f2fabfa5ea63d48b,56.0
6c66e2071e5f03bed32caffdfff49061,56.0
48c044cb2a969ea6fad27f27a645851f,56.0
8b3b5d469cfb93eb08d252fd0120c676,56.0
9e126ac32c9fbec527dc3e9047d2dc7b,56.0
15e031cf72d00a4301c5aee54ce84bd4,56.0
e9f8daa4f14ca77c9604150fcb6b72d7,56.0
8dea975d24eb60b0de4af2e1c8488944,56.0
29ec702fbfd66ef08607980f48a51da7,56.0
5c217eec6be89d81398a0e1ff06c2673,56.0
624e7f9e9460748b09591ebc6d0bc828,56.0
f6f53faac556fb2d6b5f26f80317fe3c,55.99
e45c351a7f66a73f14a7bd157a57f6f9,55.99
59acf093c0d83e9d731710cc54fd6d92,55.99
c236e9487a62bda00236a339f9b9bb6d,55.99
2362d6c81a8ec7b43435a72ed9e0f89e,55.99
31a6a86cc2b046308df43d046a46ff8e,55.99
26e9e703719564f56b66f0addf051094,55.99
5feb7f86e689cbef134d509cf9845867,55.99
b86db8a0e327bc29efcf285830f21dfd,55.99
2f97b02d40643e010692dda69192260f,55.99
b5e6afd5a41800fdf401e0272ca74655,55.99
b5a6dbf7832c882c72222308a2ae44d9,55.99
0af7ee4eebf2aceb18354ceec83c9e05,55.99
bc1a49e5761918817835505d305c704b,55.99
b6449dad7d75ca4204e95af962d73eaf,55.99
8b0dd3ec845dad673b5e5d6fb2ecf95f,55.99
fe5dc051e7c0d5a9a5d90157b301df69,55.99
cfb5d52b65936738f2dc936f15369010,55.99
f88328e12496a0c34f6d208a280f3b3f,55.99
f96e15f676d7314516ac863a42da8b4f,55.99
f3f4bcc90fab08ba1a574b391d6d69b9,55.98
6de415323c0f244a419ad9485ae825ec,55.98
e0dbd977cd107f73ab95d0891194cc47,55.98
ea0517e9e355467e3685a3551de2b8cd,55.98
7a21fb9a959b50e5cd75ee07a1ff098a,55.98
28689e72c53169610a3d6f96d729b4bd,55.98
f0abcd422de451fd6eb08090d4809f8b,55.98
bc0c0aa08ab385899161812b5afe630c,55.98
eaaca1ebfa468f531caa95e9ff3d9edc,55.98
db8eb2e67c2b59f49a009213a8190ce5,55.98
7cec4776cc3a211b8bfbb1d27b6f94a4,55.98
296de103322e463a1b76de3c81fdf02b,55.98
d89203a69ce1ed72a446a483f9d49991,55.97
8f1b10b11a72fe1a4fb0af954200fcec,55.96
afa7a206ec8cd8335d82fdde5ad8f24e,55.96
9995cc856683665967a71bbfe006e939,55.96
755c9654771837295c90ed693c1dfc19,55.93
53798226c7b9a315d93909d3ade79654,55.92
180791a90665e8124094adce3e0b56c7,55.92
58eac1322f421c65176db804697c9bf4,55.92
98b76889a5a14021b4a1f8adf2f69665,55.91
bd2da29472ad8831cebae2adcddc9b1e,55.91
9daa170fb6affd2e983733a422aca655,55.9
b00da73cee289d4da4290bb464674d77,55.9
80e27a85f7cac0e732e16e034f75ebfb,55.9
0fb8e92a020013a78360567a45d3b8b9,55.9
4c04c2177876121c89241a6ba6562ab2,55.9
ed4976f12ee52ce5ae8a150b4c74eb81,55.9
0ba85ee41203875bced1c7d0a4102867,55.9
302d3652d7b20b0608a62a3e0b7c167c,55.9
8fd0f22cca078db07247ba138cdd1ab7,55.9
e82d6367836edabacca2a82a785e6e00,55.9
7dfe1c4d95d34b7787c5df1b5d96abec,55.9
760663b7f3e48507e43082cb33cda1a5,55.9
9c1c0a68a8d06da679bbf91989b635a6,55.9
569327527cce82be5f04305ec17301ef,55.9
b209a1643829776c9340b2fab705c225,55.9
307f69409b94f1287cd478d154225cd3,55.9
e6d36fc2a64c3a513e9c571b664bbb8d,55.9
61c03a6a89625788e5069f2ebcbc2117,55.9
98a9476c68f7790772a5321dcd3f3990,55.9
8ddad16131b6e876e6b5e1c8d01f14da,55.9
a6e43a3c657cf02040c2b123eb89a892,55.9
013e49bb711629177d848e409b7566c5,55.9
6b8d0ddc6f0be6c4895f69fae60edf2f,55.9
c90951deb7ca17b49eb1dbee767171b9,55.9
75eb6159884efe3ef7da3449c8ab244a,55.9
77df569cbc1440126727ddd242595c2e,55.9
dec1e10eaf73737ecbfa17a08db8b1d7,55.9
71f4e2eea08ac9a0e2ad53b2930a6d47,55.9
e7465fc1fa500a0b3aaddf34f956ea5e,55.9
b4926372ebaaa9b32844322e6b094162,55.9
1a7998311dc094daaa4dcf05cc9955e7,55.9
19140d8fdce1418ec14108400b6bdd72,55.9
7b2fd6202ba5bd0155e95bceb7aaa6ff,55.9
35b6b3b06cd4b2101cfabfb5429dc028,55.9
da2fbad9b2235c67c9bc7c7a274ee389,55.9
a393c963191397a4370f0e3119068da2,55.9
e91d6e2c6d965a4d07ff782ce5bde6db,55.9
4a72cdbfe299f4c1cb76450b1926dc1a,55.9
d9237b53be19973a71f379dfdfdc38b7,55.9
f0807dce8ef3a4ecec555664526a28b9,55.9
a2f7428f0cafbc8e59f20e1444b67315,55.9
baf2116c28c10f4732a0a9494b5e72a6,55.9
e60d2d68c3408aae095b3669023f5aab,55.9
03c472348f11407bc8dfc408e502d099,55.9
c28158c6e8952017875396edd0720724,55.9
a430ec62fe6f707ebae157ea4eff1781,55.9
eedb72d256dbf0ddef234716ead08bf1,55.9
24414a412311a39ecea65effcebfda99,55.9
b6b777295f604b9b68ed465b7e0cae5f,55.9
a2b2a36f8fc933744ce13a81e2a28291,55.9
ff3aa1123b9a7d52d6043adec012e33f,55.9
d0ef6b6eb2213cf0eca87f09597ddd25,55.9
755a2db0a7afab3b2ca41d908bac0ecf,55.9
6c9a9031dd1214977dfef7ef3338988e,55.9
2273ee5236daf024475caa061de5e4b6,55.9
f5ff3bb706527191de38b3fac1ad8219,55.9
f1f94db9bb5d498e004847fe363562f2,55.9
b39772ec1d9fc1994b44e64ecbc1d13f,55.9
b4f0291560dbfb345245123a068f5209,55.9
991810d1743b667dfccaf2b046d88a5a,55.9
1c857d239f86acacad32b189658a5b20,55.9
855fd5747207a6fde9c90bdc1bde58f6,55.9
0244fcc0d060a5943dd7d4d5f87de9c8,55.9
7d0eaeecc730e5953bf95a9f00f236d6,55.9
811c084bafb5d1ddcb9359ee13d71a36,55.9
9624e8e47226d31aa58b9628299e6a76,55.9
9e34ec8b56a283cbd0570abf24ea2e5f,55.9
57a2aee1d4e57be34da24f7d856db588,55.9
2e76c1f2a920153d79cc98b634c50942,55.9
6a55a6ec2c0412d7d30a6560e665be30,55.9
ce0160296bc8dda40eaa1a3d6f321f2b,55.9
e6eecc5a77de221464d1c4eaff0a9b64,55.9
27e9d0125746e472bfffeede1335dce5,55.9
3b30eefea5f103cc76b5a4fdeb9851ba,55.9
fddc93eb85dd694ba413530f84b399a1,55.9
88066642a5d1d72635324e65fade6905,55.9
a90b67461a9b141f23f0b1fcb25a5639,55.9
94f80f7707b4afbce4f4ed64ccade8aa,55.9
e80fcc7903fb212f8f326277a3adc529,55.9
f112c661d9149f3844db8894fa301fc3,55.9
1dec5968d57ad73965f305ba85654eda,55.9
ea6d33d5bef2ffa54ecb81acf3c4fe60,55.9
82430ca6e6cd0983e8886b493cab1210,55.9
c9bf1c2a35cb8d2db90b70005b4ac102,55.9
d07d439fba7d3954108504740475a081,55.9
951c799aeec23eafa39e72bd85431e74,55.9
7eeddddc657ef191ca81883f2eadb204,55.9
246dade4c119fdc0bdca13e37fe88da8,55.9
62bca519972bb00e4d383b445f66f1e5,55.9
2ca8b7b3830f1551de4a0e4ea27a5e39,55.9
9a17b8f445e92a5388e8c239c118cc11,55.9
1805b89e07a3dab7e94b69b5b47be1bb,55.9
a7bc004b32eb75e7546d6b81d5b8fe44,55.9
28b44d183909fb96974c808633c4ef26,55.9
0f3634092b8645824b6a6cf3468a163a,55.9
868c8d7f05eb9513ff234b3bf243f073,55.9
9023f21bb5ec09efe6bfb4e8cf09196d,55.9
ecb410ea62e82d3757e90401045a0588,55.9
4a5642b29f7d0885758928dc7ec35909,55.9
14c9bc09a66cbddd55e67d11119327d8,55.9
43b6ba59314156204be0e74d2bdeec84,55.9
4b75108e04b3276463ab15e3633d73e0,55.9
2239dc7cd7e66faaeebfd0621eb73627,55.9
5601b281beccd2bf675238c59d20a7ad,55.9
8c0bab5a25230a9d6500f31081041e21,55.9
dc573d2a61a467e5e2826c1729691859,55.9
48016e0bf6e4209554ce69185c1bd90f,55.9
b5c9774c0a3d2615be0b0d4defe56c49,55.9
4bec36f049ff3fbeaca9ecafcfd3baaa,55.9
4851b3bca4a48b395dfad7aa57c3f72a,55.9
a31e5a52da6f1e13e7d1bf74f4749612,55.9
277fa8f202308757afb3cb05f8dcefe2,55.9
9be5bed664fb43b1a191abd9c5b026b0,55.9
2a255948698d29ac5f21a4bae5dcdf1a,55.9
d068991076871fb85b421422d6b1a5ab,55.9
edd2787d516e0d0b6a61d132fa2d6f4e,55.9
00502500a53243e07961383bf1a6fa82,55.9
94e3bbb32ca95492eebcfc811695e965,55.9
71b111f79977b3cd95efdaf500950336,55.9
0137f0a46fd3e941f09ead2566bd6408,55.9
ff4e6e0da805f085c05327c77738f7cd,55.9
9ee8c24ef2b687bb98085fc8743ca3bd,55.9
d5a30795a1652243f4243f3435b8331a,55.9
99c76b45aefd25d28d05d5a4bcfb62d3,55.9
1ab1cdf0251ee60790cac24a399bbe41,55.9
d3694e655c88a73ce66c2d05d65de12b,55.9
6333aca7e61257c54c206cecc84559ce,55.9
3ba513bcd791c99551a3138697b48e3c,55.9
c6e691c175eec63a4100191183cf90fc,55.9
607a074ed4d512b341863cac94467a63,55.9
7fd8ad4b9c6adb375590c23d5f16d5a2,55.9
7b5d53fbb685d0f2dcc5cd1e77d29972,55.9
db4ed23635ef5d8105c78ecc17fc34a9,55.9
9439f59651c7ed38295eed3df2016316,55.89
8ea4888827e2faaf03bd888fbff4b2ee,55.89
e29a5639b31697bc8d229413b5c0e6fa,55.88
ed57d857ec4dccbb1bbe917e16ddfc76,55.83
cafddfff0e5702e30d987bfea1a4b837,55.83
9434829a6ad0625a50a8904f8a90a24e,55.83
9d797a1a7d8ddb192708608d25197161,55.8
934539e22ab6ba86337bce9541fa822d,55.8
73f826bc89f03a161feac9beef6ed964,55.8
8aa914a8e1b5a4238dbc4391cd5643f8,55.8
f8bf7baff262da57be32a349ecf922d5,55.8
baa44e1b7be98ae9c59021a99509a628,55.8
06a162c47cfda7cc5575ab732213ff11,55.8
5f5338d15473dca8643f97ed503ffe96,55.8
43cde3a4c7519b7d40a8c0ca102754b5,55.8
885d7e16b3febef0a036aa5ebbba9659,55.8
a718a6a2ef929d33b05173db47e11080,55.8
44df8804e697ce5459df82c94d15b301,55.8
8f6d16c31abb30b7b4650272cb0014a3,55.8
a21aafe2dfc5afc8565390c8459a28e8,55.8
de4c6d1ed7169e53de42d5897f6e0c60,55.8
e6c2a9c517d876f257a4c9d749b0631f,55.8
38c8ae6546776bee9c7dde1d653c98d3,55.8
a3ed651de47cbc84bd9075c252dd6fa8,55.8
4a4dcb4f3051d863f72ad139c4b065e0,55.8
54a579d5072fb7ae3f433519428f6cdc,55.8
666b6fa78c58b89047e516058ffaab77,55.8
48953746f0a26f3f37132e5bea883b85,55.8
551f0a2f444b08c3232d382026e054f1,55.78
69e8c6eeb79ac15912594337564f1121,55.78
98eae6798cbe981fdb74e8dcc74fb38b,55.73
bf06992fd27d8a0a950104151b8ca61e,55.7
8dbd9a596460b3b76fd42b13a7d77382,55.65
23d5b279d5896ea44d3241ae2878418d,55.65
d961229a6b7725cf493af5726e6453ad,55.65
feee0f137be45ee89865eeef68f652f2,55.65
f18cdb6c4c7b85a238a9ececbe4112e2,55.65
cbafb574da2d33b039f294c188624b6c,55.65
bd49f912065ce38f6a946e382e29493b,55.6
d7413590f94e1fa23e820721e53e013d,55.6
2588251e64ec416355e9fad44250ab48,55.6
4a4fab07a73760a8b9c42ac4c4129b84,55.6
c3a7d3901f07cf0198946d10a23d0f9d,55.6
0ae66bc8267d2940841c0a53fba6efed,55.6
18aae46d2f68affaf9763d9b54ac6a7f,55.6
c568bdd5a6d9b5aab1a7a94b1bf1de3a,55.6
9904f5a76e6579ef02a0e0a948f1073b,55.6
c4d0c1e115e53fdd81287bab6857c3b7,55.6
cd0f4edcbda5a1922810b83e7233b33d,55.6
7bcb97218373e2350ffcedd3dbb879e1,55.55
d480aa85f10251c22f1c805b7b86afa6,55.5
f299efe8059770d577b6b06420de12a2,55.5
a83c38b88992df4389575e3cb17e7df5,55.5
bd72d6ba3c64f59c10057a5cdc6061bf,55.5
81147d80da983d1e3dfdb790f6060efc,55.5
2f6a7c83c088882e1cb34f7bb41a30f2,55.5
99de72c5384fc97537f26080544787ba,55.5
2d99f1ab585a5ca8c2d77dd6fa57eae4,55.5
0f44902f2a6566b69e6ad61ba4664ce7,55.5
5e168bceb0efacd860ad767bb6f4e41a,55.5
eed5e42231dd2c89acb4869f70b64abe,55.5
382fbca5bd170b5d5b3879824f8f7a4a,55.5
9cee027c663f66d73a78ab124f88961a,55.5
5ddf5d23effe6dc9acdbf37b3c5f99be,55.5
4e1c0925d1cfae717a7abbfbeeae93f1,55.5
3b30358d0925561c9abffb926e3ca0e6,55.5
6f62577ec274bf21119f355851160753,55.5
31f74614d63dae6a838d639204a889dc,55.5
912c7ba54080103b646215c09b914938,55.5
e99b57de043eefbcc281b620254afd25,55.5
444bb369d4ab45ab9e65a78c4a2904dd,55.5
6855f38cbbe15fbf194c2a7153cb1084,55.49
ad51902b16f520adb4013d26a3952d51,55.49
2d3af39a7671478e882a9e390007f6c0,55.49
7530e096e6bc33f54efe4be8d020db85,55.49
6976bd8f3982478db4ca2617656ac86e,55.49
0bf392eae6659457dfc09ca7c3ea9b42,55.49
d7ea9248d429c8c5a908a1e8aac4a3ed,55.49
66c1df9a7da92f26904500c8159545c4,55.49
8ba083e5c27b9530af7e5a3cd6955839,55.49
1c6e766d755506bb1e7a7dfc0fe44bea,55.49
f4ca5b65eb24fd60b5d47147acce5b82,55.49
a1ded72b82f43baad19c2544ae480b80,55.49
0aaa9def0aba9123ce44d2d7ea4f44a7,55.49
6b116549ed56c86707f9c9eeaa654941,55.49
5400d19826efc73f28c7c15242c325a4,55.49
b7c0b338847e5077622796a14a4632a1,55.49
26da1a2e30cb6af28551a0eb8909a39e,55.49
554121cbd5fb5b0c7e56028195886472,55.49
ef4b4f3a32448a53c0692f135e4e9bbb,55.49
4afabb31ddcf1de88f110a045ef355da,55.49
2da3c88ac9284b3bf9bea4cb79fd0e47,55.49
940f8b3cc679eccb8b8595670a19bdeb,55.49
9161db87e1b6fc823b4ad4a93d01884c,55.38
a4bb6827b1ef0599c6cbef75839db53b,55.32
c2fe1153cf8172bb3bc5558ec3866cd1,55.3
5e04181511e29f78b1578226ce1f58b7,55.3
8acfdf64be495eac336a26d800d6a976,55.3
26a298bb676f81cd24b1fe59adfa3b14,55.3
1251538e4e2d9de1c61999470342ed3c,55.3
88058cff0e6aed321bbe871f86876eb0,55.3
d73a7b09f610f81f5c49adb582aeccf6,55.3
be15dccdf1a8a6c2af763b631cfc41aa,55.3
5efe3366bf17528c3b0e5afea2e33809,55.3
bbaa6c0f40859886b427b32cf4bb73d8,55.3
c032adfcb7e93ccdb27c8b4f12bf9122,55.3
ac58c7cb6aaceed8322a359c2c9e9596,55.27
f9941bc637d95827dfe89343c28f1275,55.27
6f998922a97234f1a1eb28647d9ca68c,55.23
5786cf5dd9bb4d28dacf093affb81333,55.23
bd41e15fdb17d74a176f31ffdf8987df,55.2
bcaa2cc585f77be679741d1d1fa8b4ac,55.2
e86bf1951ee695fdaff61dc05868d170,55.2
de6e206ece6c5ff725e726d8e6b5bb26,55.2
0138300525351148ae5c0bfe11efe43c,55.16
dab42af2ee0cfa30e613478a4d57e6fe,55.15
edd31c1519304643775736e643962b95,55.13
146ff84e960b97aa2487372efe177afb,55.13
45c20449fa0e246600a384e74176e43d,55.13
88cc083628b3e67a1ad2c500d3d00459,55.09
f0cef16c98974afa0b45755fb96e5e0f,55.08
0a2e34cd9906d1040ce291b056d90e4a,55.06
5d424383919a6c35ff701ae62d5c3516,55.0
8af31be19cce9c206cf14041082401d9,55.0
19c9c76242909af3b476a8b0cb52dbf8,55.0
945da86df2234762e62c9e704b936b1b,55.0
3e9076ccb5adcbd5279603dd989c2f70,55.0
6dcb5935e03a8d164056d078da7a20b6,55.0
335e8d4375004a6065aa3c1d2190995d,55.0
9db2f7ab1e4165f06c5d4819b0abebb4,55.0
c9444a4e408930bdf5341d081def10d0,55.0
24207156e277e6dfc2e231c63365d271,55.0
090e06bd1b1d1c5adc6c9de9f15339d0,55.0
7b07b69535a74728a0b01adb13414b46,55.0
148563b1c48bb1f2aa137060c86afb7f,55.0
f35e9360d27a2c777e86f4e5cba4dff1,55.0
4baaaf6362f7e72690d2c85b4f6f9eff,55.0
8750a7427e4bc81f9c78de4d5227d3cd,55.0
abb37d6f51a26c40c7efadaf71763547,55.0
4dbc842125d6adba822dc8cbd448bce2,55.0
6a8396ea8d5aa832f1358a3ff2357ed9,55.0
fbf562d7f9c985e9c15d066a8abf6b1a,55.0
3e15b2d3a5fac27b51a5d2dbd01d18ec,55.0
d472dbf6ecbea44dbc6078d5bb5c0c6d,55.0
49ad69da7b868f7489383748cc740cc0,55.0
51ef11dc522f9e3e2874a7678e7e7a1d,55.0
00ab90b4fd9fa3d490ab687f992763d6,55.0
4e5b349fbc6fa7c3f6b816de96c75420,55.0
35da61fea067d2343fcef9efa970944f,55.0
94629b2a49ceac2dfe138f01a3bf17aa,55.0
015d22bc2ece484d2ec7a18dca4bfd66,55.0
9038e96519dbd57f22235e0b79e1099f,55.0
8dbe09013a08fbc2ae19dea00cd7d183,55.0
f9142e1821fc9c9dd97d5cd32b9eb024,55.0
1eea983564b20daaf35af83ca571e950,55.0
79cfcbd00dfce1c4e9208032ab7aab15,55.0
329fcf50087d2f2fae1b09d0e10baa00,55.0
9d89495735e0c0d9be97e8febc4989a1,55.0
adcc75f12c0db891b2ee6e71907b4f07,55.0
c27551ee8aaa9cb6aaf2eafc91c6ecc1,55.0
3de901159b2d9cea0b4b358a5d5afdc6,55.0
3df717700f83980dfdb3a25669e895c1,55.0
213d35a2dc913e03096fde29f8a4aca7,55.0
b9da8d7c15ee88614c923e2c23313166,55.0
c1d8a080ff171328688530727dc4e026,55.0
7fe2e80252a9ea476f950ae8f85b0f8f,55.0
c044d877b734e1a9e6c0cdc585943d84,55.0
8611ae68bf0c696719534f605dfb9547,55.0
4a8f757ac86c84c4e3c8b0f18c90b381,55.0
e8cf85adfbc68653c831f02159ec04c3,55.0
03b75b4bb4d5f3145ec04664ddd53183,55.0
831cf4ed313a9240512583f43b23d20a,55.0
6d886a0cde31871321a66ae2d5efebf4,55.0
702635243e34f3e8ec65b8bc61e95cdb,55.0
6d881a0eb7e8fc2621fc8dc52dcdc756,55.0
0297d4246fd48c7ed31b81c7f99776eb,55.0
d18a532953fbe5fc32410c6637e07e80,55.0
42496b94da7fdf733b980d552aeb17e9,55.0
08fe63b02e7e846c85b8a49b9fd540d9,55.0
83203e5e083ec21517f51040864527dc,55.0
26657eeefd4cbe36d682b655ed7d1db5,55.0
90988a2f99816e66258626637c4d1599,55.0
9602ae4aed9c7e5a1c9d07548424a77a,55.0
e59226c1c08349e76042d5003a572304,55.0
9890729ffc125b12b99d8bb4814b1ce0,55.0
0eaf9eea0033e4ee553184ffe9641d71,55.0
5c6f90081fa82c6502575fd32cf54c2e,55.0
24f45496005328bf15eb16909e485883,55.0
83301211abd18388306aeb026e60f753,55.0
d742132fa21774454b21f5a511f05769,55.0
c421c11493ae12b2aa0d0e455f015299,55.0
d26f8a26188ffeddf91658e6e911fb24,55.0
5ec5ec37e6836b538bcf20fd7e6fc0b2,55.0
ca126fd28ab8118c556b3b23b64ef662,55.0
21ce25f273b50ad839ae9b47fc23aaee,55.0
8fb755ecb504828af36b83579b201271,55.0
9176c1e845dabffbee3999f577d0af6b,55.0
fe5f640fa5130e1668a6a0beb9445bb4,55.0
9acf0e2a1bdedcf25d1f46eb5c6e7739,55.0
b48c81f358ef89322c24e2a5ef52f249,55.0
3c6bafdfdd95f239f5ac3bcf5e56bd0e,55.0
24d1fd24689e077e252a599971124f21,55.0
feb772c349f07b647d5ce9d2ce740081,55.0
993a76ab0714792eb45d4ebdd58e9a1c,55.0
700cb2e278d3529c6ec72f823e51669f,55.0
d65be8567462ef26b2667c3ab8835a85,55.0
22de66d61152dcce3ff193b0734a2a7f,55.0
529f243a6ea4d5957aec54e94b49d136,55.0
d3a765b74c54ad8773ea5c0e25f2ffdc,55.0
2f5c5ebb61f2eeb48a990244af12827e,55.0
f9cf598e549c30b2eb1663dc5382ca5b,55.0
85458cd2d0d7e8ae462588018d9725ff,55.0
d1a1c337a9cfd2344e6d47822157c10d,55.0
d3790c029042a5634287f66be91912fc,55.0
ec1ae820c73e32b6475b51a1d9016316,55.0
b5f141dfc0471a3b1d97090a1e9b00a1,55.0
1239e518e80247840cd399727eb244a5,55.0
eb18708944fc7cd5c0eb37c6e34944e7,55.0
0bad99a0dcb029ad7fd5130ab7461138,55.0
d8bd4f0d3512b29c32850d5e00698b88,55.0
c0654c567bb1c55fb860c16d8fbcbbb3,55.0
5236cb56c9f9a4970c03e1d199f0bb51,55.0
0965b098ed51d51d2531630ed392704a,55.0
89775ddb4cc5cf866462ea2fd4dd6a29,55.0
cb50b742004760f7a5835600332c29b9,55.0
385ad726431f19652a724047cf1bc085,55.0
4c4b7d79d6d887802ca1a79519b1e1c8,55.0
e58b22f7f3b481586b47322d3456c011,55.0
73d3b4069b0e042ecda8c77884a5474a,55.0
63313fa30c9be66c8164655204ff68d4,55.0
6a79d93fbd5e7627093ec41e0262f273,55.0
f1ba014aeb480e2059ec74c58715c789,55.0
529736390504d71a832316e5a2c621df,55.0
69b1caf1a9ccad914fb958699cd1468c,55.0
a52ee9f5a35cf680f2aea9dd5fe0941e,55.0
4ed6a7d81c19d03244dc1507df2808cd,55.0
920d4899e6a1c090a11bbec9da5a36b5,55.0
4c0db677ace7cfb1bc3b297422510dea,55.0
c30a6a79a913a05c611e56edc0b4fd37,55.0
8b8ef7402703c4775339a4a261f4ab44,55.0
056cdf1a3fc87b23ae6a0348132b7095,55.0
7b270ebc87c25c8404348c10ff80a80e,55.0
6486e770116c56de60003384fba4f50e,55.0
fba2f66408d9d7f00f1eeb6c78f1d071,55.0
39096b4b196ce38f143c4ff8b6e060d6,55.0
24f14024c800c093e3261e14158dab03,55.0
ae307496b775277afed7c2b0f15a6921,55.0
85384fa1f821f17ad0463dfab48d4118,55.0
d47b5f967dc9b5c64333afcafaac1d61,55.0
5ab646fc0d2700250de071fccb889be0,55.0
7ae2e03f758deff7b5066b9314da5ed7,55.0
e79dc41727a1e98c2f8f042a432b6ead,55.0
1a56b93a42160f456c60a3642ad51ffa,55.0
d759e1e92ecf8c1cbd551592f00019b5,55.0
a612afb529148dcb23632b4059250877,55.0
887b174b639244a9b4a1fd79ce593eac,55.0
4ac39553e07e3ac95cd4f6e5e1a22327,55.0
3ecfcd8fd99b1f37da0d103cc059f7f7,55.0
d01f8667e3c2c3c75fe19ecaad2c36a0,55.0
92c27dc71558f8edff69ad4068331e72,55.0
dba5c5d9224fbc1791410059bcd839c6,55.0
93ff86c9d97f22bc78a6f8b0d900f679,55.0
d8b72d2acc7dec7ab73e46dd5c3c6fa7,55.0
6a308d8ce00180257fe19de08a08f4d9,55.0
71cc26bc7864619a4a736dd09806d067,55.0
e2a6c60309057c889ff6c32fabca6b5e,55.0
5f58fd39aec217715f74bc063695d053,55.0
539a6c4707fc9cac00b1f5bb6af8cf33,55.0
8fbd49adcdb3fc9d7cd88c0dc1cb43df,55.0
44b1b38478ff0cfb5e9e4b6254aac453,55.0
9302710415234bb43b1971474511267d,55.0
2c1c3b2dc98c6fb099f16fd6f8f5bb0b,55.0
d914f4e177e2821680e21684d05379a2,55.0
ae896d8d9bdde52715f81bd2a79fe218,55.0
fd43cf6f5a149e13209556985159d216,55.0
73b3110454db067b84801e7d2901ef57,55.0
c8c5ec1b4ad39f4b5d6dc83f107ace3f,55.0
48111b4f13158bb022862d3f307840bd,55.0
66e2f80c06f37ad506fee5024dfd3ae9,55.0
0a2e992fbd2ac576c71a9650d421a2fd,55.0
69857264f035b854f64d217daf71d08a,55.0
bb3288e699de01779884fda1c43734d2,55.0
878f1fb155f7a04bde2c59f139d52ba8,55.0
1d185a1881211f40e281043cf723d455,55.0
a04a7887c27bab7f6c73ee263840123a,55.0
9470c8136f65b36188e06ba951759b7c,55.0
ada5afd2b1b1258fd60f507e92a63472,55.0
19b28cd3a6d94e58269012fe64e77be2,55.0
fa603f159ab9a96a4d9ce9f3e45762e3,55.0
26fdb52d0382ebe750a8866b5bf9e5db,55.0
b9699b7bf33f35c934fd99c1c25bb2e9,55.0
48ee4490f797cdb00bf00f9255351ee4,55.0
0f0b9ee2f1ceb7115427538b002ac482,55.0
cf74f48501be9e76c1c3506c39a187bf,55.0
4790beeeeda78182ce23416fe57179fb,55.0
3388c73c5d3f13df78553a7503c67547,55.0
b7bb72eef0f506931af2562d157987b9,55.0
e66de6386879967a7fb922ddb088609f,55.0
98c06da4bc9caeddc4b8d92ab42b6bc7,55.0
97e17c94edf715be814f6c0874177f19,55.0
6d38fd38d3359b955869ecb4aafed5f0,55.0
dea2f5dfb7067437f99c9790d190ebbb,55.0
39623b729aa1b91a230f0390b610271d,55.0
8b024a20889762278ad68ad57a73367a,55.0
a0dfd4423988ab0c24030a41e58774cd,55.0
6eea3177ef3d1e93fd00e05ce4fa1c70,55.0
149fa0076bccc504ba9a6464a9ad7906,55.0
bdfb7a4f3e77fdc21e54e596f2e7189b,55.0
fd3dc25a11b7d0957569a93d6fdfda07,55.0
4d4e0331021865956763c591074635a2,55.0
6e16b9148de07bf74c0d944939f3f12a,55.0
e1f8dc9e6f8e31d52490a40ebc94572b,55.0
9cd1d59f23418d24cebc58fef136e7ed,55.0
4ff3f3945300d8e040f2906998401e92,55.0
20155319887d22c9e944700714134eff,55.0
9a0348b087044cec2709f47dcd27d413,55.0
2210fda266bae8812dcd5d46dfe24df9,55.0
27cdcc7fde4b4a2c57192e35fe14fc6c,55.0
4829c10fe18b25501761fb10680827e8,55.0
ce85052e7c8d0ba011f6572ec235f41c,55.0
13c2dbc76e00f0ef236e19d51354e90a,55.0
b3c2c42fe40ca63323ee2b44f207a66c,55.0
470ec70c00d665d4842f4b0b63ceaed7,55.0
58e73c82bbd5992b6ca53e1dcd0aaf16,55.0
fb7dd7ca7d57137b5a9f81172c6032f2,55.0
b6cbc64a76fc19bf964f8397cdd1471a,55.0
9700e1edad3c5eb426b3db0e0287e2ff,55.0
b10e80812be888f9a6debafcbbad32bd,55.0
aa606152f23a5fa9ba3d0b87f7a492e8,55.0
3e2afe3cc806ad67ed3b5db52029ca60,55.0
9edeb727de2970d9bda3186ff2300fa5,55.0
3cb2dbb0982e2c3ac0fb60850248a0b1,55.0
a764fba79ae39e814c41f8cd1da0571d,55.0
dc7633763aa34b15ed79ce81651a5b3e,55.0
f467915ef79de307f7d1a7d8cb43d1ed,55.0
0fb13a21930d1132a9830fce7647222d,55.0
78a1c372926a7a74192f675703215b39,55.0
9206446f02c90ae87b437e8273e6acb1,55.0
d09feea13dee71db39f02d3ba3030c21,55.0
9c4abe64ac104b3b844cc047a4b9124a,55.0
cd943f34343cbbbbe4ca1219e227ae47,55.0
f01d004f168186b4d834b318d9309d5d,55.0
26f8c9d8b0bd55432273ac668938f020,55.0
1f8813bff74260e6276531269a297620,55.0
a45f062b272abac9d99bbe7497247ba8,55.0
8d6f8996611cdb40523b0d0f5a01192f,55.0
9be0b18bba6b0436b905a2f0814f2b89,55.0
79afbd7b905f90ff5073077d073ce056,55.0
41445dea0c353d122f5d5e6a88de7c83,55.0
44c5f85df3f278cf885d8e9f3fbdc4e3,55.0
b38fe1a2c24f64d3415260f865f25a72,55.0
b7f58105406451f1b16a368b61cf1ecb,55.0
b2612e81be79104e87d8591d9158328b,55.0
b54c3706d7d7a59b0f07541d4070dae3,55.0
8a320a211ebebf7ce02c6a514f0aaeac,55.0
135ba949ad95f6ece6b72f07587a7aa5,55.0
487a1ff2c6a61d9df9dcd8a94c3914c2,55.0
2e58019c686b4a4b24edbe972778e0e1,55.0
073d2959178dec403eb31e95d52d473d,55.0
e98f0d8792d9c8c99ecaca12bbb15665,55.0
f96380e72a790bed9e678f38580d7864,55.0
7037a169e0b1f4a5805af2c6a9237333,55.0
0811ef55e8d477a9a772121707761131,55.0
13ebf1b1ebcb8ec336d5ca82619ee10f,55.0
19e1bc50cd9ddab4681b913bd4839998,55.0
43f325439491c5fe8bf36e5c6977665d,55.0
0bd0b101f44fe42c7046dbfdc9d22376,55.0
e4ca5891f91f5a7fb96dac539c5fabc1,55.0
0c37e6b998e499f5716f0f3dd4ea98f1,55.0
1c129b22299b1afc482a52985561cd22,55.0
94d7884a5c20f036ed5933759a5e0bff,55.0
a106222f6ec61562ea253a4551b8cbb7,55.0
d9e05844502fb02690842f8397e40b78,55.0
d12c377e555fc8f70dd41fd3150f02c3,55.0
f326b28a6f0855b827fcc0e581914da6,55.0
f6b93300fe2bfbcd4fb19178a3895426,55.0
88d527116cfe395e822beea99fc73c12,55.0
f05d35ea25fb09c61b7068ef73038e81,55.0
60c1ae14f523c5e43ddf237644b7571a,55.0
550bdad1d7b4d47d3a5dd435d67c21f6,55.0
4a0a9ff7be23502c8356f3b5fbf5472c,55.0
8db7ba9491a09cd557d774a1f4aacc9d,55.0
82becb9786935b5880aad883239d6f98,55.0
aaa47fdb785f4c0707af8f2195eea941,55.0
d344b8b2d5520c01fed185f5d0cd972b,55.0
b16a61e395ede9e74b3669fe52db7125,55.0
cda2c884f421e52353b8f80aea7d9c68,55.0
3703dabac361c6249a0d8d21564fb925,55.0
f2b66e5065737506b582d3303482e3d3,55.0
11e9daf0fd784f9c81aa95c868d18bf4,55.0
cf826be53b1fe4a39bc33c7f5f827835,55.0
3b995b795d5dbe72629ab152ed3adee0,55.0
196052c199e9dd6d68c99780c0a38e77,55.0
1a187e61bc83d03ff6e887048de8b269,55.0
16b084ebbbdd6de39ed8789dbdb79792,55.0
1a068512222fdd5c59a9c33578bfcebe,55.0
6c158cfc6c0d09c37f7676a42c94e527,55.0
065e7c1d44ef05198ae2fd617bdfa533,55.0
fafae81d22a17472da7022e5b298dd96,55.0
2dd3795ab63cdf3a8a43473456101b25,55.0
43c81caa01b8ac5a989eecda84d57906,55.0
4388eb52412b71e3b55ca093b0fca09b,55.0
dea2ad6bafd73c46a58b4dee61bbf942,55.0
a6d5d3636fac08d83cdda01174465f15,55.0
7899b697fc449c2198654031f41e411e,55.0
d688f50c4d01239dd578a2a79beba7bd,55.0
58ef17eb85a447ae62ef8be1c5f06b0e,55.0
0de3df89f5aafcdb82290027e375d72b,55.0
6384c5c7527d8e7ddfc4d59b59868c40,55.0
edd297f09df0a4096fd1162bdc7327a8,55.0
908b9f5f225602abc9631245385ed5ee,55.0
366af15f24aaf77dadd6d90d04792698,55.0
d27c4b391a768fbd66b80ffaa2ea4306,55.0
a7983813bf5a1e4e405d2e62ea2bcd4c,55.0
52f82ac5aece199d516920d571167b27,55.0
1c3c07a5e0ae1596ef662a0d60f362fd,55.0
4937c7e96833e9f634ed8ca35c03eda2,55.0
96bc42e21c7f606d1920c12965f67109,55.0
d16f22d8e6f07b3a1642fc9aa3b2721f,55.0
fbaaeb1f5b3f3cc5c226cb5b95d18584,55.0
df72728563c0a348eed0e450e9e8c2b7,55.0
287073b131e26eb64b268a0ae7f3ec8b,55.0
050d927d2bc06382e52063a3504924ad,55.0
dc79558cae15ae6f35522df09006b76f,55.0
a29a8fc6d1f1361451e6fd7a6880576d,55.0
7312b3a08eed8d37ae91765f2eb303d2,55.0
f7aa2936b821e2ec5e7c9922f6375e6e,55.0
a30fa1104a5ff6f5d9d1d907ffb4c609,55.0
dd9a54bea0eff3f69bc420353f20b52b,55.0
f581d009238201744f193e9fce843a3b,55.0
3c75d55fc69882d5c9e3a2b87c5fc54e,55.0
0ee4b421ef183a074b24f04f970145d2,55.0
3b1ab3eb135bf65a29d6f9045e1cd02f,55.0
a72e3f9ee84689eb9473a5be145d8c94,55.0
c9317e2f51180cbcee636174ced5c6b3,55.0
ace64991a599a2eb952809697325b096,55.0
f85d25e4b97543e9b27adebf61aa8b52,55.0
a9bc2d0b568a1b02e288e4b0f701e792,55.0
aacef40deda591399d6f85e556b9c9e8,55.0
ab3a9c34beacec9fb8bbc4e76765ee1e,55.0
9969ad5edcaec4c09cd4e4021d5feed9,55.0
2bf76a48c3be55124221fd0657705a5d,55.0
92e31a98ed57084b5b8d4a0457b12fa1,55.0
bb8edaaa3e1c1233e6c0c2692676c0a3,55.0
3a016e989132441719e7daa7970643ba,55.0
7d6bdd733cfee54734599f71b6ce12d6,55.0
b27c551e43c1966e610d4f4563490c75,55.0
96243d9386f01776c0d5777d3a26bcc0,55.0
54dd8cd0f421dae2d107f605c5e8f7fe,55.0
fc817b66cefcd2a69c772be7aa07daeb,55.0
eea124edbee454acca89363d46f8b7c0,55.0
eba4339b9df25e7f8836e2a715993f7e,55.0
8a93b11e28f4ac2bc7829a9a1cdcb4cf,55.0
d9d9ef18adcedc759515809d67e54744,55.0
91d2ecf0eb5229a6d5251f06a6a31cf2,55.0
b66cd04aca983b1bd853a326273d0481,55.0
95b9648090ca88e5421404bee7869211,55.0
85d26b5fcb4c83b2283d3c5c7ba5e10d,55.0
61eb7945d6ccb440b8eba075bc11503f,55.0
704e2db282206eaf28d686a1482fb224,55.0
00f5116a953fdf1b86dd0deb055c0e12,55.0
301e9d7384ca35b9680a4bedf7e8d6c6,55.0
4c03abcc993988fac51de1039b15a71e,55.0
5e3dcbc26aa4f9e4395c0d41a953af5f,55.0
4298e6097bda6445b0533e89c00eb465,55.0
f159bff6ec40685dbd89b0790794cc90,55.0
f453853c7750dfea2b35f2a89382003e,55.0
1224d76e953c07d3b52cdec6a0ae0d21,55.0
150ee9a5d40c5a45658e245b3e05bf65,55.0
badd985462c8b012533248eef2b4bd86,55.0
3f107d24eaa727aacad371b02a0efdea,55.0
050f6087053bfb249521d6910798e274,55.0
2af13ca2d0e14a998266edf6afa7291d,55.0
bfd7cfc9da3b6ac1d4d06f0d72cc707d,55.0
ff9700de4a13d19b014fc94a39a802e1,55.0
49eba0e67920f32999db394895d656f4,55.0
982a91ff4ad73e6b9d09bad86860d184,55.0
5526cb67bd8404c3d4c34359c6934034,55.0
be3e55a849a12f3c2480f01cc50cdcb5,55.0
55d9f4928298fc683858c347ebef6a69,55.0
788dac11817a875f382a5508401263a6,55.0
806910515bd4f7668c67a493225308ae,55.0
6cf048ee948a79b9d946243e1e05fcf1,55.0
208abfb07a2f4c1de66445c9286f5c33,55.0
6e3d5df3e5aed86d96bb5d0234f4044e,55.0
cf20029cd3db41625d74f3dc55686f4e,55.0
cd6b3de9793104fb781a4908b6f8a0e6,55.0
add6b7ed50b1198eae6b78268e07c043,55.0
e98d0483706d491ab3da6b233a1a87b0,55.0
42256b3d3c167cddadd57ddbf9339f7d,55.0
ac2c4761c922473d929ad0e8753b3863,55.0
7eb55cff2a0cf66188ae543da3b8a4d1,55.0
daef48eca627cd84e93d4168615f7ee4,55.0
57f2f8e668dbebe70d744e81b09c5688,55.0
f3b31ef24fd2dee8c429445b06376351,55.0
091f8a46596e5e19c071bbe12abd1ca6,55.0
88dade7a54c9926e351172460ce57fec,55.0
ac1ef6bff3cbd0587a419d15a6ad25bc,55.0
f8e233115b08d0c903ad8e96cf387d59,55.0
8fa05383791a1be46455976f3b50a1bb,55.0
d9f8b4df596e82db51bcdbd9fc7fe0d3,55.0
3c325415ccc7e622c66dec4bc9120030,55.0
08551822a68f0b824cd0d92fe4a3264e,55.0
4d9f290eb3cf09fbd0248c98fb32c296,55.0
57a3f8414e6e936ee0d8026db6f83715,55.0
5692d3dd6b2a9e79cc0f87c32932e5eb,55.0
96cdc262f3e83639c49bc5208b416d9a,55.0
ccce3ac024e004b2607899abecc0d9fd,55.0
10ae67f3aa1b1fb6b0572e882ed132e5,55.0
4f1e6c4e24277aeb870b2314b86224d9,55.0
2df956ada7e6232337882a9947cc0d93,55.0
4621a8ca6e0258e9915ec96048cd8530,55.0
cbc03125dfd296354a81d5e64f7be0c6,55.0
17cc2e171c850fc31881782241caa4e4,55.0
10aab4c4b2ab24797517dde37deae450,55.0
4ab32b3b9044333d1466d21fc1a59bae,55.0
5dda54926f7541e013b25006ffcec38b,55.0
7d5d4cb3f861bdf4c9b730fe41e771cd,55.0
8ada54b341ea8d687905f7b02315c91c,55.0
db372e28cebd951ce6170b541812be56,55.0
2bbcc0db7a9e260488f29462486fe60f,55.0
76f0ac2dfd0045e6ea44692fe8aab7ea,55.0
443872a2e07094d58941d71ffe000e49,55.0
c13461c34442cfffeda43e3f435d6d1f,55.0
f5fdd55b3554912a678918dac3f16dc5,55.0
4574518f4c6e0eef440e205139e125d6,55.0
6b61468276b9c266cd3aba7d46fa6f4d,55.0
ac8e2c478cb1b8bd0ebf1915f0d789e4,55.0
3459ca3b86c74e8c051a3ebef93443b8,55.0
9d5649c260bd257ab401500072c4eb2c,55.0
976382878bacda15dea36ccd2bfecd54,55.0
616ab5714fcb791a7a63c1d7420e4c70,55.0
b1d6310718897903e079bd76b7035d86,55.0
d1bb6afef38d6dd7ca73e9afaf192105,55.0
43f741cb1b58cacd3378be24d6f9c3d9,54.99
4676d23d60f8011f228c93aa2f0a4ccb,54.99
3b5676320f2df56236b2086a3f4b7da9,54.99
7e153c1fcfdae18b86e15bead9915409,54.99
bc3eba0e1ac44a8b77ce937f9926f9fb,54.99
d9f9f09b7191b910ddaa29d8f57d4249,54.99
5547a5468ff2b3f4c27164dde3546f28,54.99
47192afca0ea2f6927f782257e18fe4e,54.99
9893361d541a842b16206836086185b5,54.99
3ac33dfea62e0b085b5cfeb64bee5f21,54.99
064accf938ee163832a42a0aee505c25,54.99
3056864479a9f7e725da2e7da03f0c31,54.99
4f9bbd7e6a8d672cd4cc69e09ffee46f,54.99
e924862048255b8fa261c9242f19d697,54.99
ae93d71344619ff965081e7e57c94788,54.99
e4f90f5388455b2dc99224808218a4c9,54.99
b4ff9a2feddb0c04a0a50879c08d6d8e,54.99
ab0b16738479aa307cae8a80ed13fddd,54.99
b876bd1457c8275a8bb42728d0476e1f,54.99
ed9928905c52127d7f9dfbff8229255b,54.99
3c255c641d102c35a65110f8dbc27c98,54.99
1540e4ec28796daa76fae1a4eec53a0a,54.99
544e78bf4c62c25f76e384103d1823d8,54.99
cff1d501592348b3c4708a9c9f425cf3,54.99
3adc6aa0846718c2bcf20950d1463a17,54.99
30c93f8296b9a02c0eec5de60b94f98c,54.99
5dac2f05fd146bd6f93452ece17711e5,54.99
bb648df2c17869f35b0bc5d0d4f40a1d,54.99
23337549917956398498fa582924a762,54.99
d37b6a0bffe87adfc12dc5b0a79f9911,54.99
70c8d5b746f5f68a9760a6f5bc8ddc9e,54.99
85554b119a5a80efea7d591145baf64d,54.99
f8c048c24153d5e2e7df2190f84698b5,54.99
557d2a7a51948f32c7b9027084d8c2c8,54.99
4538c8f9c63d958a52a1e982c821a98f,54.99
a51fd34f17dbb1494058b853b558e419,54.99
1ed3094516be211b127c0475d98a9075,54.99
601e6917d565f2eefc44448851e9a6da,54.99
11f0c49caade1b82c30832ba7cb8fb5c,54.99
551105c58d9e76aaa04e67d90d1deff4,54.99
d3d79c0d244fdd2a969683816cdb128e,54.99
acd6861e100c050c81cbb4bdadc416a0,54.99
dca709ad400345810b356d3f0287e439,54.99
d6e2e0df4f867871a4c0f0c0d26fb89c,54.99
44b6daee2ecd7c8dc15781c3152f89fe,54.99
6676a459c2b773481c9dacde3c44c680,54.99
c099109c1fca0ef9eb58f6f0a3e33c6c,54.99
11b8d5bca945346e1096f142d0e423e0,54.99
3a41a5aa21ed1eac4f6610e89ab5309c,54.99
cc27b8e8cb3162001cceb7ae00801b3b,54.99
df0eade4c5dfac02b7554d2d4a86f422,54.99
068ce84281fffe770d51b0b75c3e0994,54.99
19bacb562bd43bd4eaf05b6c0a59dad0,54.99
d47045b724e2376fcd8fb1835e472cf4,54.99
b9085af804080645661dee18717cbee1,54.99
eccfa44833366691af19431333bdbfaa,54.99
c0e31b085a0dabd7d2506323fa579849,54.99
bf32a16fdc1400b61f898982ea88022f,54.99
d89f7e6bfb093c7b9f6da81b415470a6,54.99
59bd33ecb9afd8f2c6184c9e63b914fc,54.99
a02bd6ebbfe3fc14c3579861909c6358,54.99
dab1a35dfd0c64c1c733fb67b0a9e9a0,54.99
6ef9a3f47eb312bfa5d52ee10556127d,54.99
11e55f8da60d95653cfe027e0e90c51a,54.99
61293d3c42c2bfad777bcedcab7c3bd5,54.99
1ae5b5f2987e8d7e83a89a72a178e307,54.99
602d4f18320e031d0d77c00d68310482,54.99
2eed99ae1020bfd0ff6ee54d3d547ced,54.99
ceec265247d47ba197d15ac0fd0dbccc,54.99
3f2e51e61d65ef449d876636ff3f1364,54.99
e198ea664c0323a3e9806e09dd3eecef,54.99
a455490139153fd29e94b52dd5eb1fce,54.99
d89e4ea5b9778a915b6f7e7a0f57918c,54.99
a2079a2e6c7e0323e2704564d02704f4,54.99
56609d40516241d3e9fabbd86ac80c46,54.99
0adc6935a7eaa24f5b9d229ea701ab38,54.99
54beafe443d4349d60293245538ea602,54.99
531ba0f912c20561b75865af5386b538,54.99
6b7969d190ac818f1e34f6a15aaff4c1,54.99
a3dffc91b473ff82d9dcb1c27d70e0ff,54.99
3332198d8f0107505a5d724f6bf20c9d,54.99
efa0549f99676dc8a796ae6a73a4236d,54.99
14186c553b29f6df953ead9fff17bd4d,54.99
7539ebe53893b272e154928429cdbce4,54.99
863e3a165607322347d4d4d2f051d519,54.99
955f2d063cdfaae046329347c44d8b3c,54.99
a91184a3664b61bc9731ae1c76a4f2f6,54.99
66741453d979b61f9cdf5a20f382e6b6,54.99
a4ea03c203b0467d7018e9ac8226245a,54.99
8352b8e0095399b0666b8b7b1a95a561,54.99
0d2dc601197003690886eb7c6d5c5067,54.99
0519065c0feb8da6ca9bd475784540c1,54.99
3a2406d64f403959b195e75ca8796bd4,54.99
a39807dec0511df2f7c856ef18f2a465,54.99
9899640961f5678c7fb0c46815ee6408,54.99
cb900d4ba0a6f9fef5809876bcf9cbd7,54.99
34624f5ee33f25e8192a7654a42ac857,54.99
13e93179474d50127682b5c097234f31,54.99
f2ef4ea65c9d748b559c450074db04d4,54.99
7f999926bdad61c9e3d5442fe294ef2f,54.99
747d99ba78097c3ec1b2ce4287782bc4,54.99
a9ab6416a9e21ccb7540e9e5d10f02ea,54.99
51ef37e9a3f618d27ab7e0f1a76ac37e,54.99
e9ca03844b49d3306a4ae7ecb5ea3e52,54.99
3d201fb02c951d1b0abee458b8845810,54.99
07cbe02494c601060a293c344a4e4fcf,54.99
4da745ace3f369d78086d6ddb358b532,54.99
bdfa40cb45d5c835665c9ac5a168451b,54.99
b6db7d9f41c9446f14e55db357f4fe0a,54.99
cf50471aa438813de301793fc3d81be4,54.99
a667d6206dd2a9dea88b2f90902a8251,54.99
073bbecc1335011c969bb40c08926147,54.99
55d413947e32a818250f7dd43cf39704,54.99
228da462edabbbc68e6d265087499705,54.99
76571038e9d21dcac2a428a3d0341b59,54.99
a318b23a6feb901b180fd794f6b0cc07,54.99
efe6b975ad6b24a56b1bfeab0ae12fd1,54.99
fe98b3e2be9373d693b14d788257fca7,54.99
761a6661420ac3fe268bdb4140898575,54.99
11e50198c769f7badb6655afa56724a6,54.98
e3ccd4c338e99b1166181ff01f856491,54.98
cc176d2627b0df66f50f24773e92219c,54.98
42ce8044da72970c92b48514f86516f5,54.98
5009c471461106bdc79fe8333e03a7a5,54.98
eda3ac9158cb43faace7e932c763378f,54.98
d91e4fe979aeb231f2696fd3712a86d7,54.91
443b824d5ac24a91cb0bf13cc0e67122,54.91
f31e6301ab31f25b5603bb6567861c43,54.91
2f944f4db017e0ca821988940060dde1,54.9
6238031a69e4a3bafdcfdfb391e1f7a6,54.9
f6243ddedb1bf96ae357422c43bb883b,54.9
cc2f295002062005243ef38ca0f95ebe,54.9
0e7bbce8bd341be0316b6d744c10e5ce,54.9
6b5e98af27663e0f92bfb377e8606882,54.9
eb3203704b8613482fed4eb17ea5d66a,54.9
213089066b2d574340d8bfa235e96e87,54.9
b3b47c386e3a14a186562d573e983f72,54.9
29429468b1dcbea0794fe3206c369710,54.9
ad4c0cd75c9984308deeb3ecfe6377cc,54.9
7cbe12f98b9e452381c138a3632330a0,54.9
b5a6e22f1c0652b0471c302536e40159,54.9
481bc44dade5fd594cc14012ba50b262,54.9
434dee65d973593dbb8461ba38202798,54.9
d4263052448f5ad677572f14f531272f,54.9
22abcf13104241895955bb0cd5ecf2b5,54.9
8bc5bd186338cf7f9b134aeed904d8d0,54.9
db5f034dd00f1a2750926b34522f7761,54.9
6f4be82841853a096ebba32e46db7048,54.9
4cb2751f09bc60b867c750f4e655adf5,54.9
28add1b0e2f700068068ee49b89a7611,54.9
9945b9b12c55447613e1cb11e21eb4e6,54.9
2d4b23d6d122d97cb32831c8cf0b3f15,54.9
840e0a7e1966908027c420cd50a62001,54.9
594f97ee14747a7fe1d623bf200a7587,54.9
28f8e2e0788530456f50b2ca615b409d,54.9
afee5c7515e42d56b90259debb4ab26a,54.9
b812fe1010f04eacc4a420582ecf90e3,54.9
2ddd1105627e30dffb7ba2446da44088,54.9
ca61d00c6a6f785ea1e7c987d0df9534,54.9
fc5a45c75c8665a80c5d2b5ce7ad9f1d,54.9
ed69f0bf3132bc978df5b8de8979ea44,54.9
c8cb4c33588de8383a23b48b793d240c,54.9
77c721e43535d1b1a32274302b157024,54.9
a030829716dd70362a03769595da8968,54.9
2e6ace0ce983d79b53c08337c9dbdcc7,54.9
6910071bfaee0f9191dde48e7b3fdadd,54.9
1f2f203def91d63a0e023c6539312900,54.9
e9731e6f3634f1138c51c9a27629642c,54.9
5ee123c40af9351eac581cdefef25006,54.9
6e4f0d7296e92b7fc6a639314de3badf,54.9
1f9f966dbeb3547e8bef580b321992ad,54.9
ce187ff9eaa89051f4c4fba7e99561f7,54.9
aeea97d6cf1ffcf9352160c54c003b38,54.9
ad4950aded55c2ea376be59506456d68,54.9
5ee143fbea5835740c4474e2de7b8601,54.9
da7fc451a51f38c8c1b8b48dede669be,54.9
4e29ae10918438fa42da59c0d63787bf,54.9
bb36797e2cd21892856f26ab19fc466b,54.9
5a28c4507c698a19a3b083e86004a165,54.9
7c4cd69b5fb88ae038d4ad34a4c7af92,54.9
a26ba58154606a5f719ffdca754e773b,54.9
0f57f7df4b7072e8eee20a2255af9d3e,54.9
a19919ba50eedcb8eb070264ed9c1718,54.9
cd77b18d3a3b8920c47d0a2f25a49935,54.9
393065f3ab9b5035e44a22f046858132,54.9
b38059924e5df6a030a519b2f50cc15a,54.9
5e30d48d4f3d910fa07b4743d6e40fa6,54.9
9084a4f87533ee359f52a7fb7673e880,54.9
2eb498becf09b365ba2d46dd08e2bf82,54.9
44a556fed9962dfe30822201a3b2b429,54.9
7330b2142fc963806f7ac2f27fab4e42,54.9
948a5aa4913457adb9094c5f3f308ac3,54.9
01cfa5a92a4710ae73e1c622ef11a7f2,54.9
e7d86daf277ff8cbd05acaf2de72df59,54.9
211b6b842344829a0e56b92942cd83c9,54.9
f3b3891ff0afe3e2d70489634fb1bfbd,54.9
e3a1437334d7ba029ac0cacf6f51e3a2,54.9
937fcb3744fe04fe6197aaaf2b1a0c94,54.9
37c3241a1f076ae4d97f0b6c303384b3,54.9
08ad76732d8c6428ac2fb9eea89ff342,54.9
b764cff9d626b19490fcee7d63ac872b,54.9
54eb89ff2fe76545bc7f3f61ed18af52,54.9
681f23b304c48adf5e555dbc0650d7e7,54.9
80262844f63a61c4641efa98338fe8a4,54.9
282e51b682bb8fb8064457522df17882,54.9
29b023a4169cab6e00cbf2ea2985652a,54.9
f7c4276a2a1197f38b8a1c037aa11711,54.9
c842b7ed6d1ad9e0eecf06cacefb1bb1,54.9
e6b4ac526bc0cffe935360815bf63a8d,54.9
e051a01b04a8d5e78616a168648ed62e,54.9
fa5aaa6f6abe8e0e15da8752c678b7da,54.9
702e22d4fab7c9b8456e82a4596f66af,54.9
d66016b8ab0c0a775bba7b91598d053c,54.9
c26a1a4bcc54e3fdfd73af9447af9b56,54.9
c29d003e165817ef52daa830952c2ded,54.9
128fbd1489dd7982ba427dd3dc3f554f,54.9
1a3d05c4c8ba3d8657e6faecb04e8f4f,54.9
2c4801b37ab30b93c7fa391bb6ce2262,54.9
27137fd04492f317c07cabe6df937942,54.9
d769538f29c012075ba25f00b68a3ca6,54.9
1eda7a1d56ef7c17a5cc6d97eac67b87,54.9
4e0e75fc56e2609aa885d4305d4d07fe,54.9
55f0342427bc5610d5da97421b46c985,54.9
a2141dae4f56fd98148f8d8956f2c10a,54.9
b4faff20637c50dcdc36d25a424c50d7,54.9
f343a083755766c0409d920595a3dded,54.9
3f5634e4e68cda2e6bdb2dd93180e0ba,54.9
26165bf3490f385b45f860cae56f4135,54.9
403ac22a4f570846d684cdc9e0d47eb0,54.9
a4cb2c471ad7d5392d84612e57b562b7,54.9
91777bf7da6d514032a58412641e51dc,54.9
bcf86029aeed4ed8bac0e16eb14c22f5,54.9
d70a4c877dba1679f5c7ded688e39609,54.9
e26479d04765d65d6a871173f38ff5a9,54.9
e79d64181abacd9be985cc46a106705a,54.9
978390b7c4973537ff9cf45bb02c238f,54.9
7e7a39367e68502e91b2008ff3675d97,54.9
5af819b263187f95d7ee76f77d708385,54.9
94c1ceb63718eb8d4ea78a1d993e43a3,54.9
0dac48fbbab7c46ad058c8be85977e84,54.9
4770016d1bae6437b699bea4a2ce8ae6,54.9
6c1ac38cc2a083a2a08e487590605965,54.9
6a969493f9c779b3c906d48f4a5c21df,54.9
db2fca299c5b77095bdf801103a80fee,54.9
212558d625bfca10fe8c45c38c09e591,54.9
1c83b73238f155f8726794789086c6a6,54.9
2ee68130c950ca450a8f1d6983b90de6,54.9
271e451957e108e5ff07598acd643d15,54.9
4b4466ba57ada97066e473b023c99db9,54.9
ef502a24cf89085171f7a1ec7625e43f,54.9
62500b6c311fa15e3014b4a13391258d,54.9
ce2a66464da8b80dedd7639a6e489a58,54.9
fb62f2a2b233dce9750bd57255526150,54.9
9a2d8ab8a2b31f1924dc599386d36a7b,54.9
05ffdc40a1cd1b27274fb4d460103f04,54.9
e2670ed9bc390629e358cf65e72fb1f5,54.9
a4c8ce67568b530300e2dfdeef3260cf,54.9
b6b58a1c673e6fddc7eb8aa3b5992e00,54.9
1b59fcfb65b5e4b96111c2a3f17c7159,54.9
e70fcabf5f6bf5273ba341a46b6b83a8,54.9
3406007f255696bfdd2146446cd48927,54.9
35364204862e86eb7c42936976e8858b,54.9
99c149c88498a61079db08992677a6c8,54.9
006f0d8cda092921f2cd9159db212237,54.9
34d3f67c077f717c79ed2894dc39fdc4,54.9
09f758f6da558eae5292b1a7718518b2,54.9
ac1a389528fe61d073b809c5cd02d95a,54.9
75465accefc98db11062d9f8b89482b5,54.9
61d502df98a7bd95bc3a0049bd504bef,54.9
741775b7ac1b255bb101811981b5a569,54.9
3026909b7b21888a53f87fbc65ae6e5f,54.9
6bae34986755042de9949766923fcfd9,54.9
4e053dd10862747d48cbd22bf1415ec2,54.9
aa6edca5d83d4c8e9a2262b9847febd6,54.9
4c30b8d32ec9e6a0eeb71301e2403031,54.9
9e67b6474f7e8370b6340375aefe9692,54.9
c9c09e59a1ee564817c859175707a123,54.9
f22f55c1afef276c1c7ae29219972692,54.9
7fe2219b53a36a3ee066dd8fd13f2386,54.9
9223ff8bfb04f4673127a750e6812cc4,54.9
2579e4414593b70a9859c330657e6120,54.9
b44685cad72c65c19493d724131eef10,54.9
eee13c10a26da9f6f1c5352b215a88c4,54.9
dfb09470a11a58fcc1a8cdd79d5a8dc8,54.9
b3a679397fd9fc5140a33c5033458395,54.9
412d6c1ff4aa0c2a06f3dca0b237e464,54.9
37d273154d2b2213fb174d4ac3ba3afb,54.9
168938452d6c390529f6c7012a6ae885,54.9
92dbb92ac5c6b1822c3aa951d33e61d0,54.9
3c65e62cde8d475d3734177716bf6e32,54.9
a6a1e36323dd31b11f38567fdf452c47,54.9
5b13b24421f95935c8726fb5a15a00e7,54.9
7107df757f0be84cb9b48fe438eaf414,54.9
49ace87e9dad866bcc8b4a4a5be2b1ca,54.9
abd49ba4cf56e622b951f281361f56ad,54.9
6056f462f8fdadae813417c5067cbf85,54.9
6f5b84a7f123a98c50fccd2a46172a1a,54.9
1809b56e12fc169272b817677c509ddf,54.9
396e166b4e65309db46b7c9945c89a33,54.9
d89ef56a7fd560eead9560b3304e4c2b,54.9
70c1a561e4290f2d1551c8a9f5804d4e,54.9
ffa9ff0c2fa827f12873d6936df22164,54.9
e1f83f004fde6fc507ed5c75b2c98d70,54.9
a7da8fbe6f9c9db6d9847a36126ecfd8,54.9
6c5bf6c3c6936b42d1cf39f0385d8807,54.9
fdbb070bf19091e33ce271b284457c4d,54.9
ff36e3cbdad7fb9d81c1d75f39e5bafe,54.9
b001c30609da9b8618f69ef5bd322b5b,54.9
f914171bc223aa74aa96cc45f9eb064b,54.9
c1742b6142e68f9d4dd02051adb0954d,54.9
011fc4ea8b9a1e857358c71da7dcf852,54.9
93949b51a5c0a114de3d9b59d1cce78d,54.9
0a515b177ea670c0fcb7dce752c5d05d,54.9
87b3a6c0358691775bad9e0c6d0a2414,54.9
f3537ea2926c0f4178db2d36baaed5bc,54.9
a1e91b297d20335ee3a05686ce77cd75,54.9
97a7421fe26352e0209f4800087ee817,54.9
6d096f880bc145f805c6db79ea988789,54.9
5e4d3c08b1646a6f65b25bc68c619665,54.9
bb4f1c5265a284f27dd8e6568369eb96,54.9
906cf240823209f74c44d6b0663309a8,54.9
64d6315d8cffab9a6e494254f1297700,54.9
a52974bc1deaf9058f66e8b8a5f16f05,54.9
3e81e563f2a3acd04452464c14ca1082,54.9
69d8d7e49f532966ea7c5de9803b15da,54.9
34a277f1b600dd8f5e95468cb8a10ce9,54.9
57d2e8cac21d839292ba374f50f07e58,54.9
b6ef46eadc232bf96ca157780c4a873b,54.9
32dde81e7516761c7efe1e877adaac22,54.9
7c85cf6886527672c997e678fa7c70c4,54.9
089db23fc85c2ac8679643bdff1f7654,54.9
a0781e0c345c3b0ef05ea2ac86852fd9,54.9
032dfaf8831a5caba16aad65f1b1402b,54.9
43e3ff550fb4e3f2d459e8ce2f6de0f4,54.9
5e5ad7cff3ed055c3bc4a0887aabc091,54.9
11185d8d8221dfe29861c0c27dfab584,54.9
fef694d6112e17a6f7516f6c9852a15c,54.9
7fbcc0b4261e7dd30c055450dabb2630,54.9
c6a1315d56070632d475fbca270ab0d1,54.9
17bf24863dd01987197596a111689e04,54.9
7879a620ff6156a091fe7a57f92720cd,54.9
a8d9f64aec9cce8f0dee0b9f449e5dbf,54.9
6c86de0c2e4fa95590515416bf98c3e9,54.9
7f1ade3c78f6fa7c27d75391359d5c39,54.9
778765c3508c03c80697308b8ba5aa3c,54.9
de81217434053692afa726f4995311e9,54.9
3652430bba4db0cca852f701651d7b9a,54.9
6bd23e882e4beee412426e5b7d68655c,54.9
2f4d8102bda583f251263fd4c635d215,54.9
9c1381cbefb413e3b4f4be6fb53f5150,54.9
a33eea5511f457cd1f45e7f7bd97a1c5,54.9
a8b345d55f94ab20a00864ee6a0642ce,54.9
151bf07dad039772c952a5d540461755,54.9
7824401066ed05d75024827848680f14,54.9
0201bb51c671f43f4e581e5c3fd5eb55,54.9
2a71f0f553e5ed3a56fdbaf9e41f4f5c,54.9
cb03d8ae2fe62405d0814de807d8a369,54.9
355b461d256187e4daa141b6000984f3,54.9
4990d6ec5b1b6ca2b76a73bba192a451,54.9
29e4db23d4fe543537f8335c807563ad,54.9
445a038c22d0c71bb072ab8b21f80252,54.9
edf3f0e2ffd4f36336cf50b2ea855b53,54.9
3d2c3478608217386eca4c88aef351e7,54.9
24173430606acc6ef07c90bced8f0537,54.9
8c4beb8d2a2d36985471bdf1c21c8ea3,54.9
eafb79051e59ba4934b1ca0452fc6720,54.9
81f26f08d7362e24779a1f097ff2a997,54.9
ac60ba24d89bd3131734f9f891b178e0,54.9
eaae32a3d066609f7783b36861c7a133,54.9
fb6b9551c464929e23f2b8061f5ca7e6,54.9
4e20298ef5b5b21e8e721e7fe09289d6,54.9
11606ae54baae4efda562f7c8c14b46d,54.9
4fa362e6784222f876d17bdb0975133b,54.9
0218de8038240591323aa1f89630a1e8,54.9
69fa5d6edaf3d036a97be94a97c172e4,54.9
3124ab539419a5537fc6db7a980b9c3d,54.9
042504909fb10780fba8b14a8f952d1a,54.9
d226a7a956fefa2a873e388df0ffce97,54.9
73f23abc265eb4c1cfc5b94f9f389461,54.9
3e447059f00665f172056b3a9a6c1836,54.9
e1f6a4d95e763c60aa9c56b6abe2d6e8,54.9
42cd1ae38937085bc5fbf0bfada57af1,54.9
f0c6758b89f03de7a44ffb5b82e57910,54.9
325d0a903a3eb65f0b0c2bb61fd4a6ec,54.9
9a5326ff4df6a2b2c11f843c2909d5d8,54.9
11473b059ae77d5a128eb0ec59b9b2d5,54.9
0d051c3b978b24060b7d47b78efe11da,54.9
19548f739f2fefdc573882b1ad7d63b4,54.9
33f6e26f52120305302c53339bad7d05,54.9
74f8ee1dd3d6ac5fc623672851519410,54.9
905a3805a7e2e8df1ed199d837f0f48b,54.9
641381b1eaeefe78b1e883b468b65ffa,54.9
0a7db3996b88954c7aa763b5dd621d5b,54.9
18cb5869ae95b1e2ab7b17760b9e97d0,54.9
6c39ef98910795402cb3b375983b147d,54.9
f0ce7da570028c470c93faf637685414,54.9
7258ca5bfac037820d558f55911fef1a,54.9
27a2735706788ec6d39d0de52ce2457b,54.9
4827c8af68e3471f20dc4f5d9a41cd37,54.9
050302e24b5fbdcd27170334fce45f0c,54.9
b5e685cce7c8df37ac2dbdd3caf58407,54.9
633210c5368f5e3bcc3751459e1e3a4d,54.9
234e5e4fdc50bbffe58d000e49aaae43,54.9
f6035281a2f3e97451b8961d5b141f1a,54.9
99dd7595c6318adb72fb9ad507b5a3bb,54.9
e5b109875eefb9d243b353dfde8552a8,54.9
fffecc9f79fd8c764f843e9951b11341,54.9
f6e7f380d175517f710917c68998c6c4,54.9
d151c22c0b3a96aa714ede5e3e0320bd,54.9
11087d8124a9ffd315a2db43ec1f2e43,54.9
da41f8be4acae374b2c5bfe8f9659e7e,54.9
37098be74171b0af49d96a681ca372b5,54.9
5ad3e308b2ad8818e4f9f468c8949854,54.9
8c7953eb37c293e85b08127802daf589,54.9
15595427948a23e4ac9abeaae54f9f31,54.9
6da0e50fe88c3fe4ba7f355751ab381e,54.9
d767edd8ea7aa3c642c69f22481c4f61,54.9
dc6610bae42f85d0469bb00308c3d85d,54.9
1f8b48fc13156bee025e08a474a6a4ed,54.9
5bb6c0af4e7c4e6b89cdb7a358d2ff9f,54.9
c879cc8138b442e8b65b22f7545e711b,54.9
000161a058600d5901f007fab4c27140,54.9
c8ece683fdd660e0bef8c967d4a275da,54.9
d884b47a242cd8e735d7c4501568dde8,54.9
ac5b222df9496799df0460da19cbf5b4,54.9
979c7ddcdcad9c14ec457b91c223d5b5,54.9
47443a10c52e727aeab6b6cae75dbdb6,54.9
45ab60122e0c12d8366ce8d1bbf567e9,54.9
880ee35f3bed690adfc19ef8f257f9ec,54.9
0305e46a6860811f637aec423f85927b,54.9
a2bd1413bc48dd1afbe03245a28c8a69,54.9
0e1b2ff4b8a1ef60fd78f8c3e7df6d4e,54.9
708f92fedcdcc81215419faa0026b753,54.9
d534c62a535a062f55d22085540573c9,54.9
f4a8f3b6895a0bd2322a9baac14d475a,54.9
46eed518a1fa5b1e5f7f46fa7b4e46ff,54.9
fde6dcf6c2599f15ce2847cd32677883,54.9
bee393f2250bb90bd7431d95b7172566,54.9
8d1170b160da623dfa402c737a0ed929,54.9
b67ea8e4735c05c260e626faa70ad340,54.9
e24936459392dc2e3f09cfacc083fbfe,54.9
3231b7b6490bd2824ec83d8b883442a3,54.9
7a089eaf97006b49a3db12b88a8b4382,54.9
37d31448db0f51f0e9489a81ddc53bdc,54.9
f39a5467ddf0e94e79e09672905b50d0,54.9
830595146420dc2ffe47a181d5ade13d,54.9
f3a4644c8ed85a663dcfcea1e815e83a,54.9
bbe208ab812ec207b4af5580b64e68cd,54.9
76c0d64a9adad6e6b3b7238dd8b4f16d,54.9
c3b9931b761f4233b0be7a70702284ac,54.9
25d3e06c60d2d27035aaf892f9a48764,54.9
3fcda70d69c185780fb4abd140ba69e3,54.9
feb56fff80908f4fe956fbd278817f59,54.9
517a6168cf0a6fd2b59beece3b70b9dc,54.9
9e112f2180e48b28884e9c87f1bd87a7,54.9
0e897a74275d2bd19eb0317a04f228c0,54.9
226074d98d9f69790f1d87bb3b1f9cf6,54.9
170613a781d065db789a866ce2281435,54.9
0a430289a266ecb57ad180f7076431aa,54.9
7dfc9da5b9e6a4d65dd24d91d69db07e,54.9
4730b6f81e02460ea4b9d1217c4d6367,54.9
aa3546e1c3340e5f8e971f07acdef1df,54.9
43052296c9ba662bc8628ebf9661a86d,54.9
6518928bd25682e50e13e7aa34695809,54.9
bf9ddf351440169df6a18ace6f14e1ea,54.9
39ace54f823a45d4ba2cd3a676c9fe47,54.9
7f654ef6e7cbd2774ab352ad15e4bbe2,54.9
89e0983a7d1dae20be198c11c8e0251d,54.9
8afc445babe482e211f399adcdf5c516,54.9
7c4782af72ce7f6ab383ee2d5f1a1427,54.9
08b9cbfbf948ebc2dc43212aa3b5a2a2,54.9
50c1a423e843d82fe1243d6a5cb3af29,54.9
bc54fa7f1166c358a2053f680ebb2ac9,54.89
b250d390781eea6c17b3599c22fb3f67,54.89
615b9a669ab79133f57c8e3691b74e06,54.88
1ff5c5d5829ba8256f375f90998d2dd9,54.88
f83a65f6e2859f70db7fde4c13ecccf0,54.87
00d7e038b53f4b3ed3036d2d016e51c4,54.87
be64c6271cfd483f027afda5aae04cd8,54.87
92783a547d933b2fcce1f331d369d324,54.87
566eb70d22f8c4b3ebd3b2db8718ff7d,54.86
ca75dc982df3e41a0677dfd6d040ab35,54.85
b8d19ef5e8272057dd55666e41a006ac,54.85
05af51fbd839dd9f05c0e07f16e971d4,54.85
90fbd970f995af4a5657912fe4280b44,54.85
10df2de08a01e0a138f72206a5956993,54.85
c173afff5bcf226ffc8c9a1975910f39,54.85
f8800c3575e2aacb856af1b2b8745e0b,54.85
e74cf7ebe7cb961ddda6e4cf58e493e3,54.8
293bd1c230ca0e132b10098275b44169,54.8
c07a5e7de7ef3b6ecf21f6b2d4426409,54.8
8c2509858698ccdf0c06d486bf671dec,54.8
14c4d965ac30b8a1bfb2ae2625080682,54.8
eb010a285da993b0961374f518a3e676,54.78
53c06831bb94ec9ce2eed089f5ac94c9,54.78
fb824ff5ee20dda91c3f4aa7154a5040,54.75
b2afa88ef592c0ea21561b3161d1fc83,54.75
0f40ab9e9635185fe9b9e42c0f7d4fea,54.72
bf6c847cd8cd1d73697a2355398d221f,54.72
c98632bdc4c3bd2066cdea237cf8f468,54.7
2c2bcf944b97315ce5d725bab871fbf1,54.7
ed9cf34322528c197813a9be04587785,54.7
5f2863912271f8d8b3cb7b772300fa7c,54.7
e41d9b2f803a19c7f51adaf47c319290,54.68
53bf7839f7ae7a8fc963acc19dc583c0,54.6
ef0bee024200ff71b3a534c5db157e06,54.6
3276e938808e31ea43a1fab43dda3707,54.6
d5cce1356cc5c40b9cfe74732b8eb960,54.6
75c04bc5c1984c4333b9eb45bd217fce,54.6
2c945d100d97a528af1ad94613a8018e,54.6
40400b45ffb5a864368b93d8f64451c2,54.6
115e82729606dd1ad543cc1b410fce37,54.6
6cd88d0226928a0dacf22cc590b5445e,54.54
4bfd77e89f8aa644e6d2b7de26ebcde6,54.54
c2586338703b7c08c56dab59d61cf3ea,54.54
26b371dd885c8ca6b6113b116bb372cc,54.5
64c9a979badcca497531f08b91c67c21,54.5
b46ef19c4324504590ea4047e274e398,54.49
e0f648b11f4cb8f4ee5d9e78a9a14963,54.49
bb5ac18a2f77c3d7e78c2b3bb7171c63,54.49
7a9888a1045d84473d63bcf563b692ee,54.49
a4a98a1e1a73eb104733646f6a473d8a,54.49
3da953a2832e621afbf58fe1b4cfa312,54.49
8770f1c3c7f74179623f3e8bec71ae4b,54.49
8bba8fd9ff6d3946b610e7d108ad8125,54.49
57d3dcf9e155e9e027ccfe489f872324,54.49
c6a3e1a0af3891b7f81c78d1ccb16f5b,54.49
b69720a2b394287868dd6fff64d161b9,54.48
21277eca77a0bc887c35c79b56520ccf,54.47
054ba5f19270e104f7cc58b2d0fe54c7,54.45
b6d5df849766f3af1224b878dfbd4b14,54.43
68362d853bb8306b7fe6862d06575fb8,54.43
72ff40895c2b5caf624195b25ceb4eeb,54.4
06209669ef54abc607e5e6bc430676c6,54.4
2a44b3dbad360783fd663c15c3e6367c,54.4
6d207296a79092cb51acbeabdac7b375,54.4
47bb83fd2e4a971ffb84209b5b725d00,54.4
23723779ba40a7f7887608d06897c432,54.4
5dd1a78c91779125165d545ce97a38a9,54.4
e8ad8f13ce5567d53c2bcef7811c33b8,54.4
d76acce71d1775d0c14941f843f14a26,54.4
bc5070ca41ac816753a5644f5940c923,54.4
bec066d38efbd6e61e680eb9595685de,54.4
825c03d459e494071103e0d699ea943d,54.4
e80c95ccebdf5d9ecfb9f38b8f1ce690,54.4
a97737b9de902fa65599e2a440b9b8e8,54.4
8555899019bfb22364b64488194b8ade,54.4
eb88eef5ebdc8f095332eb571ece92fc,54.4
bda72cd5abc354f915a0151cbbf93dfb,54.4
4ddab76c82c365030cacb12a8e953dc4,54.4
488f8793429e555fbc1204d10bf0f5f9,54.4
ed6c5d40a6572e9e2aa0cf273fa8cef5,54.4
880351466758dfa253366ce3fab8f17f,54.4
c15b48f4ecdff9e9e4096a33d656341f,54.4
63ddcbd0ffc6bcc1b74065b95cb10548,54.4
0a87bd2ceb3e27e223105f958aecbce7,54.4
112f162c575bedc2f4b20c369282964c,54.4
6c8c605045c020dda4236ffeea583444,54.4
8012949cfd95d37e09a3922c3d8e3183,54.39
eac2f8d91ee63566906d465478c635e8,54.39
f0772c0e39db148ac825126eed58636a,54.39
7f90fc38b4630053797ca8d587d15964,54.32
a7c27383344b1cccc4db0f42cbe437bc,54.3
465fb57f1267c03fca458f571bc5fed2,54.28
9a0093dfa08ee67348a6ac005135a2b6,54.16
bac77778ea54b998b5f374d5d36e229b,54.16
9530f1fe1ea5a89c949794e7e8ebe6d0,54.16
4d197bf789f1569ca9a4afb9fcc15faa,54.16
74cc0991cc984f49ffb3f1027a04f85c,54.16
225634426cfd64638ae97bf60e190f5b,54.16
d36371b951fdccd7f6d3f1c09c241dc5,54.16
93f8c753ce9ea364d109c7a5a0766438,54.16
0b3ab0f6523ee6d07688e1c9cc47b7f3,54.16
f284a31612a177bc5b6595fc05883457,54.16
90d7075599361b6945ce6c9e200a687b,54.06
3890984f592e84142be08d08f6c33483,54.0
d2df9db8fa2f5cf328fa1e6c7a349994,54.0
bb81bfe0445d732ce9f4593e7c82e2f0,54.0
eeb659c845cfa9bc6b50556e53e9269e,54.0
d147a2516941f9b1fa511da01902a86b,54.0
6ab5cc7248cd5d55d91ded137fd01bfe,54.0
83bffadc810994dd6d4c926394759a70,54.0
6d1e7c6a52ef57ca5462d78e575a0c1b,54.0
e1ba80d5d49d251337ef5275b6550336,54.0
d2bec02f98c0a59bdec9baaf22cf91b7,54.0
c9d2155ff1486076e8570f3d91ec1bea,54.0
679ae9b8395821e7a50e517e4cae8369,54.0
d918e8f6809326606a89bcf49a04419e,54.0
b794220321d905dbfd3740e2292244bd,54.0
e20a0968702ce304cc5f98ad6094ee18,54.0
282c9df81d9e83eb605bc3804a262266,54.0
2e7829e7992b741b79c574c4f1a2426c,54.0
628fc0c76ede71d2eb3890f876ec85b1,54.0
ea2f8441c9dcd335ba85cc4d8818712c,54.0
27665657a923f3fb5234cef27540af0a,54.0
6d132702f1b71f8c2c8393c6feeddb53,54.0
b64ed91eab98972150bdaf77ca921934,54.0
f788ff83b7302742d0746b54cef984cd,54.0
d929d368c14ab052551effdb50d34c6e,54.0
30bd76fb68ee3d13408ce871e8cabd2e,54.0
7be44e9560ee6e723ef8e823fbcc9edc,54.0
17b7d1cd0035be7cd937e1f6aad3d33e,54.0
ec4765cbacb56a164019e928c3a0c834,54.0
08fa67bf8d7cc2241741f62794ad0b45,54.0
6381ff1e268f6d25f9100f30d333f60b,54.0
5692c9fa0a06b6ccee7fae0ed8ff0bf9,54.0
02bfeafb0e3047092c4191501c41d930,54.0
c071c2e25144672d3c33d7396b982916,54.0
7b3a57af9e55f703c350ef50cd409dd1,54.0
cbd213f7fbd9c88b1803ddbf7dc95884,54.0
f4f17ada91ef010cbde3892ae54e625f,54.0
48537cbd0f029e9e9fbe57a086017ba1,54.0
b353853b89d86bc337655d1f78d49119,54.0
5b78a451f244ad4bf514f6871360d004,54.0
284e4fc3613d923fe4308e5aa54ce884,54.0
104cbafbeb71d47ad1b0859c555f690c,54.0
40cd839bd652dd62f7943defc8288c0e,54.0
acfc8c1edda9db2f54e88501df71e42e,54.0
5557f927b98220dccee27a76c2383f06,54.0
6a3174fd44f5c2cd22683bde06f1cdc0,54.0
06d794c6d5ca7136fd073d1c0b7fe2fa,54.0
c77563ea16ea98ab9e12a9c62d637bd8,54.0
12eb27c5c8983f8b65f4e79bfb579572,54.0
0ab15f44d01c48d43ada758313530fd8,54.0
b9c95668ad9ee625c8d4e4d94f02f259,54.0
1cacaad02da03c1de0ac785137da2f6b,54.0
6ae24eb8875716251130b7156d33e7ae,54.0
d9b1c00d88b6de0bd73f9f5260a65d87,54.0
9f964108ef98c1c188f639dd5f6f8cfc,54.0
3a2a60b086795748df36eb6d22d5cd93,54.0
bdd50be49202acbdbd4f80d1ccaf0092,54.0
50f01f7a19be052db9d8f2259056ab58,54.0
3fa4b9c35684851a5b8ec6c251288fbd,54.0
6f71d6bf666014223bb0c1d2799b7b33,54.0
2e795be994e5b3dd3602f35ae8840feb,54.0
5407ace33e0fa2c0cef7c6f1c13ba781,54.0
c368c88299f8e3e90dc228c51a241b5b,54.0
46be9ec2f01b56e98ddfdc285b55fe06,54.0
a96720fccceba279e1b3175c96f88bdd,54.0
c69c44d6121fd87aa2c3ad49ef16890c,54.0
698c7332ab0bda9be8a192b9c1cf834d,54.0
4f93c6056cac7dad802e12622a468703,54.0
6da4c3e14358d3229707e152e700e3ac,54.0
8f3fc20a1f8167dde23e0da111626aa0,54.0
fb2340bd42a7561ca54dfd22978d7e2c,54.0
d6bd6bae1fde27686996e46b43f34fc4,54.0
a799759568068072e172b6ce889554fb,54.0
6d2f99a272824a83af065ba3b5bf050c,53.99
6b362121207fe289ac370990e1df46aa,53.99
8dbfab81577117fd021d0f9a7f30b61f,53.99
57aef4c0be34e642a233cb7c65230359,53.99
ccff27cfcda46bdff5e51b6e6711a85c,53.99
cde6396076b1035d0daa4df503c2e102,53.99
8ee025b414f82db39d70f04a73c910d7,53.99
7ce5f6bb9c62f8fdc44709cf4abd08e8,53.99
0b7f21f33e24667de2d6258aa72ab369,53.99
865ac93cc703fbbe0d4c1d7fdd62b78d,53.99
1e49717e97fab065ef9ada06236dcf7c,53.99
749b4a27ab77ae603f9e260c945ce8bd,53.99
c5b7094647786ebf4999cce838e58ce9,53.99
b936d304dad38ff48ca4fcabd1c6a213,53.99
ec28154259f5771f8b042fc39e08b878,53.99
4711995e1965964543c97df6cbb3e23f,53.99
e4c410799c3fe4556cf318e3ccd775f7,53.99
26b1ba320e6fee976e644d2df475c590,53.99
d585ba9998251ba8cc0ee6ed21683b0d,53.99
1edb49f0b83fae7a1c43f9bfca9caf34,53.99
9c586f7527698db490c7be46d493a751,53.99
257add766f186993742dcceafc78927e,53.99
4974be94784b655505e37fdb610a8e78,53.99
07de064ec1b736d53124c6275c05fee3,53.99
178e6ac2e067591cde169461107ac469,53.99
a8754f3407fc3cbce6b4ca5ccca4bd44,53.99
4f3505c2d2b2547a60e333a7eaac6cba,53.99
12ffbbab2039d22b5c5bd4de2b0ffc78,53.99
0454038eb49c9d4f0fbe5f2c7896980b,53.99
26f58d252e67e195ac5c4cda3c7c065f,53.99
d102cce7158552e3eacec7f2debadb1f,53.99
764f6f90ace5cfccffeb1bc245f1612e,53.99
599d7a9e7ba62dc5f74251b638a7e30f,53.99
bb8bd97c39739129411746c4ca7c754f,53.99
a519af63d759dfe5ef81ef3546f68035,53.99
5c9f8a89e7a175b3deefd018e0249fed,53.99
d7886c597dd3eb4baf76f81484a4b7f9,53.99
3032b22c601697f4792cc92d2f434cc2,53.99
b2859fd419788314d84da3852630e56a,53.99
5ac0a94fa44edf813f591042fd757888,53.99
6e0515ee87122a9140e34f7dc2fdfcba,53.99
9a9b364badad4eae84ed0f6e0e0fb7d4,53.99
7afbe2a19af0e783ebc30e16983924ed,53.99
f452a1351e76f144ffc4ca01bef3bc44,53.99
1d7079eccf3132bfcc76f65aa79c789e,53.99
9b98fa6c604ac83f3031c2894205632e,53.99
ccdf81f235e707635ebd3e805edbf9a4,53.99
8a989db13a6d398c48444402df893c08,53.99
615ae88261f09750647dcdb0cd6858d2,53.99
78bebfa74709728a62d4a98efbde8ac0,53.99
2219a3cc521a24bad7f19a67dc498e5d,53.99
1e49d70b227359f77399581bac643bfa,53.99
b659e27b20373321f446da16aea776ce,53.99
09d90069e85e32d938a8b997024c7ce9,53.99
88d700121a83fbf44927b9118fff97b1,53.99
c6a7e52beb6e4486135202bfebbe8c01,53.99
60643e7dd54b6ce6d2c64b4779ae4f7c,53.99
437412031d5669a073d875b0aa5f4152,53.99
3c91adaa66ead9840121a52e4cb15337,53.99
2eb694cbf51693879395766aba3897b1,53.99
b52dc9b0b38a7c414ffb6da8aec8d27d,53.99
e667dbd980c020783d2b3d6a2bc0e945,53.99
54dfe35409074a33891f8731644518a7,53.99
e0eea8f69a457b3f1fa246e44c9ebefd,53.99
9dbd3bb081a2c4def1e0388a11c3efd1,53.99
648e26ec05cfd8f8bb433e04a1c648cd,53.99
d9bb49d24408994b2a3b7728b271ed12,53.99
7f52398a75fde579f87d3a1a41b3e665,53.99
000fd45d6fedae68fc6676036610f879,53.99
1d7c0665130e4bc5656f0984641199ae,53.99
575c83fdc47cd734f5bcb15356b95284,53.99
19142c2d7d688a19328fc198adf625e9,53.99
5462583276f0a69a8769f0ba888fba97,53.99
31886e19444f65c975a4ca04f999d12c,53.99
7c1604937b4870cb589b5fe2949deb1b,53.99
c9ae0cf86b3ca002831367892138ba7d,53.99
b8f565881f1a50af58715e189a337100,53.99
cf988cfee8d24a30e679abd6d86d71ac,53.99
09241c552e9fe2420997a6c535e9d408,53.99
64404ce00502bd5bde8b635a0e328260,53.99
7bf278be7f3c9dda45b95d5ec2e5f8f1,53.99
63b6438d1c730d87d4781b28de7ac834,53.99
c6cf15c443cdb98dfb0193fea429834a,53.99
135cff02649bf8b25bb2ca8b46bd80c3,53.99
4a07cb9201bcdc3fbd10266777e61e40,53.99
be98f3be949f955c594fb2854597f133,53.99
2a340b549b324ad89196ca8bf908addb,53.99
2280ee2d641ecd26e3f9811a5373bdd2,53.99
d7f9d42d9ed5c5d53824a2c8be1b64b5,53.99
ca63450c1abcdd0a6124ce2dd7b64d2a,53.99
a662286fb279d4641c7b8ca455a4f692,53.99
88d722bfc2483243169356336fac575f,53.99
b933dffd7bce914ecf44a45630277fdb,53.99
1bb3950ed1e67c9b3dbd7d7cd32cbff5,53.99
351d3cb2cee3c7fd0af6616c82df21d3,53.99
c7ada2a2ca6ff94ccc7bbd16af1dec55,53.99
6b92dda6e324283dbe4969c443e3bf1a,53.99
7883870fe70828d5e0ec335429a06b0c,53.99
52006a9383bf149a4fb24226b173106f,53.99
86981014662021d3d35d895bc8dda7c0,53.99
b7f5ae711454e069867c611d0079b090,53.99
0d2b974c6708819b9db8c88f71a33859,53.99
3a11da5254e67ef5ac37fd13c72126ec,53.98
21fc7edb4b4ddc19c5a1602b672a479c,53.98
7fa80efb1ef15ca4104627910c29791c,53.98
429d73b3f996315634920810d43ab637,53.98
fb59a914d813f4032a12be492a6450cf,53.97
33b51aa80282e03b34f09cdb0a0a906d,53.97
b2a90e07805e2b5d215aac2c3c6eeeec,53.97
eb48d3319bc78a3ab31e30f2e309f18b,53.95
b537b5df21ba82fe48ad320005fdb620,53.95
7bfd349ddcab469ad888395434783f62,53.94
988a863eab010820b4f4bfff09e2a13c,53.9
dafb48d3122c3431292b3e7efe1182ce,53.9
3b8655cca1d71775f761b6fa2b2bf468,53.9
b6783ebcec6ba698f8d70ee5be3dba5c,53.9
c16c09ea771d1b0231309f1320ebb264,53.9
f63db8b1515a5d3606d101d9b9cf9fe2,53.9
b0d9b06c52065e10e6dde42ebf6dd9fa,53.9
059571e02973e94b854b30987635dcb1,53.9
96d965bc7dd54c8cb5194f8cd2650e85,53.9
bab0097a6b5e99f6b73299e7e1c79a6e,53.9
02f374a88c3b91ae024e4a6966d71ce4,53.9
ffd940dedc35e4f459eddfa41291e824,53.9
a49649042977d36694f2c5e4d1b72019,53.9
822b106b017e5ae01b0122083c013fcb,53.9
a8cf4ecb273e117353b346df0f23d3b8,53.9
44c231630b61cde2d9fd7c2311f0044c,53.9
a411ac48ff9bd97503158c76c67b2af6,53.9
87a887e1089dce0c7fed596e76039b27,53.9
4d7678eafda68567d5f606090c25fd95,53.9
a2df3f2abba350e6bbe53f43eafb781b,53.9
1925b748fac75d83dfbef4179ce1b880,53.9
ed5489d5d03cfe3a1748946164d02d79,53.9
7a22cc2284c8c071bb159fb99289c831,53.9
dc6cee232e64102de1ae63fff7c38871,53.9
c49d4daab284e5d3dfcfb28a797edc70,53.9
85645f6b4277fbac7ae2cb3f0bffcc80,53.9
9efea31c85df91516b2874e4e0fd953f,53.9
aea1dc2400dfb8eed8cc28b4f8f84faf,53.9
296ab1d0d22dbc2bfcb80832953a0550,53.9
6d134f9f8bf77b2e7da24b15754cbf28,53.9
aa738cdb72af39e38482fa25b992c67c,53.9
2d27a321dea8fff855e646a93cd32ec8,53.9
2b2689b4085eeeda6fc6022b2d7b086c,53.9
37fa10edcaa7f5e69d5aa10558843ca3,53.9
32835bcf475e3945745927a62bbb7fc8,53.9
6d91967ecd2cca5e3455ec237aae7db2,53.9
b9d3a40de437cfabb62d60abfd50d354,53.9
bbfcd35b7bde08b872286d6b3d74e254,53.9
dd6343f8e0969d29f4949a663a7ecb0d,53.9
2354598cc2ca1735aa0ed0994a6d92b9,53.9
098bf3f2bb9f2bcea54e27d17f29c000,53.9
dd1aebf2f6706096d60ff7ea13b5a78d,53.9
9fa7ba9796af82aa03eb8a0c67776bff,53.9
ecaf903fba3fff7eb0905c38610a58c9,53.9
09122d298c692a6ba77d8e894c154672,53.9
44e6209b7f44e822f8b3a2eac321720d,53.9
4ca13991254732af64a40137aec89be0,53.9
e07792fb0958a7d0faff87fb1aa58f8e,53.9
ab4d83dd19d7e9c82d5b9aa764685a1a,53.9
f1e2b8785604f68bfe418a8cf8fb5465,53.9
096ecce73f38110822bb4a4bd9341e37,53.9
941b415ac43a2e974940f5a1bbfe03bb,53.9
9dfd7bab7b63728b2b2728981e664a27,53.9
aa0633423572bf600bd7f9bda734ed44,53.9
041cd6848abb3d3ca45e83dc971488fd,53.9
54d79e95c62df916da6879bb711ead20,53.9
2388aa012998ef93f125d6879d212988,53.9
c625cc68d7f0a27897f05eff2b3a6da0,53.9
ee84ec15c366e3ff069dfc73b8046069,53.9
01d5f7506a41927955ef41a530329c30,53.9
2922663a56169a375f080ff7454266cd,53.9
517de77b4fb8e928fc4c2c7d057b5e40,53.9
1de9fc35579f1ecefbf20185a7341c95,53.9
9dc2ad3665bc0cfff5b47d36822c215c,53.9
307edb101f6b111e889e42258b146715,53.9
50a941fc51a3a9f527f340e481af250d,53.9
abf2d2328aec78d993a06cecf5c7b961,53.9
bc251d1c25a7713b2bc3ee7806616135,53.9
73de2219957260ffbaaf0ea5bcc4e208,53.9
dfabae7548b656d6a0d4b68896377ddc,53.9
58c80172465a0843a5a1873a6fd21061,53.9
23ef0f232de5ca31341107399234dbc7,53.9
843d0c1ec89e577993907ee5d3c37969,53.9
1809a655c0af41f8614ab459460d9f5f,53.9
63a22e0bf991ea09bf15a9bf0f62e7ee,53.9
353d47f52847eb30e1e0efe4696f1e06,53.9
b11c500270db8e91851a015eb7268f9b,53.9
d1bd63b46da6c1af59a5f618fa5573ce,53.9
b94970aef6a60b0904db484a81f0ef11,53.9
1e041fde4b0aa2047b6b3d7f6cbf82fb,53.9
789df2af56cf6cc537c07d65850675e5,53.9
ef61483f84cb06e6510dec2103d4e789,53.9
2640d4ae56b6b352fa74a9acfddf0708,53.9
747a389f1dccc08597ac02849b08acc9,53.9
c44291dd4ff2bf256eb1327a1872fa14,53.9
30df2fd4f752dfca68a85991feac13af,53.9
a8df01b4468008cc56f702a059a898e5,53.9
3ce8fb2428f3fcecbca120bce8f7b253,53.9
299a4bad02ffd18f1bdf59f32617d8a9,53.9
618508ed717cd8715290534e9463f6f7,53.9
9566401b9029f2de8d914e9cfb472dba,53.9
04ce89d665a380f14ab7dabb784ef293,53.9
09976665bcd109e7ea6ed20415c6af52,53.9
775c4699698b1ee74e359daff3e7468c,53.9
a3e6f5bb46490290dcb0352b40cc9e34,53.9
8701c8ae9481d3f02596c8a013973207,53.9
1aeeb475e0190fb99160034e4e28ccaf,53.9
4161b8a51dd52b9763a4d07a8491abf4,53.9
00d4c7cec24152e73f88312fdbf09ffa,53.9
d36ce7c3037a8087bee53db85b419b30,53.9
c6493ae5b5ae563a2a20a534dfd21cb8,53.9
e1d80b4400ee81764ffd2bb6344cbe99,53.9
9efff1d49eae459a6c8a2082410f7c4b,53.9
765d7dac76cbe78e1a04508c91065454,53.9
615fbaeb4332030104ecbf4ca33aa191,53.9
40d765d8bd08edbea11e2857bb737b81,53.9
19e73dcc18902f71beeca531f73c1e91,53.9
327833ddd43a3952b221f5b766739851,53.9
c99dd496b457bf9c90247d060ce568ab,53.9
a5232c53beb2e7fbf6c5641525f0694f,53.9
d42e6d6ecf34bc3f0d2dfe281274e4ad,53.9
548ebf55669f022cf2e9ac8a53229d27,53.9
839a209680f846dd5aada582af608df7,53.9
e3ab1e4b898e74096cb7f50c74a0a9e5,53.9
84d97064d428f0f8a08ab8b5165e2283,53.9
6941bac1a71978b2d64de3e966331582,53.9
b46839430059483e717277d030ffa798,53.9
11be3313da4285772a39dc6fa8a18cb9,53.9
12d1dcea366cd212e4f579ae482e0e1b,53.9
e779303d9317edc7bce9f584ccaa59e3,53.9
0c219b8cac1d2f177414f38c3167c4f5,53.9
d471aeba944d651cc0497fbee5c4894c,53.9
af67b2b2d0c9bf64c5337d46fcacaa00,53.9
782d764319a43dc3d1fa041b70f83efb,53.9
540e52299d869bd74c555a17a5c6696d,53.9
ba58938b614947293a25014a8010ef59,53.9
7624d155d33967030d26b7ec236c32dd,53.9
d4a1ad4f3a9193b3a47263c09908cf51,53.9
78ff86215b532fdca282b2530c7c2de7,53.9
4147936731c5b4312f3baadbf7a642f8,53.9
5e2e76a6bc10ea3f640ff4935ea21671,53.9
95d33f6a49bb667c2cb2f9bb87e149c3,53.9
98b8e49c0cf885f1da80403205b422a6,53.9
c0ee2597fcfedfe7a39872e74ca75f73,53.9
26c382adfdd9057179b948deaa54c2d6,53.9
125e08f137042707e6df84c072bedbb9,53.9
f6b48a3dd3d76b9f3a58d8e108df430b,53.9
3b362cbf0b7edb07199625081ac355fa,53.9
7e676892103137d0db01d39f0788f6c9,53.9
80facf8c48b121912c78f67a6e1490be,53.9
efe389e9d5152203223f50ad62a0572c,53.9
8f7734b01f40b58a639198ea95c3c0d7,53.9
5eb1888cc45c693e7b815192e4f419a2,53.9
799d813f892834ecc22b05e8dea120dc,53.9
b833a0f7fdd8acded6c8759924e62100,53.9
6cad4a49ecca28f0e402acc2ffd1d67f,53.9
226bcd33db6fd7b7c3ed754db18659f6,53.9
3426f6b06e7653e3271e965b8eaafb29,53.9
dbda711f444cb1b3de04981c2914dfd2,53.9
31ab6a796d6f50e7984aba374f115b28,53.9
50746721607619f58bb3efddd42a502d,53.9
e66d8346bd198b15fe6432ef72beaba8,53.9
481cbc746dfc704f82c29b414d698c6e,53.9
9b7822c67a91b431e9254007b587214d,53.9
26561a602017fe86ccedf5ffe7502711,53.9
60e7ebbbfb5f79a77465c0c27edf9650,53.9
f241eda6e0ef48fb716e435126893b88,53.9
a6cc78b847169771e22b2035a9b016f3,53.9
3b6849efd98cbfe4389e5742b705de5f,53.9
7714501cf5996832cd4c4b165876f8c5,53.9
dbe5db95b3cd2db16b7f1c2bdbadaca8,53.9
c0eb6d17912b87745c2b3c7bb901e615,53.9
60eb5592a7ccf23d366c5897278f5d6f,53.9
88b5387eec4d67f115960a554d9040a3,53.9
fe7d8a2ba8e06d46cc04b6901fa533ff,53.9
1cfe7bea2419ecc52b02add3c821ced4,53.9
6edb1e0e082c4b68f129489f442f1e60,53.9
09605433f6049326bfa21680262fc1fb,53.9
e4aea95358ec5c29077375c4ba98a975,53.9
ac93b6fae191dbd368c6388805b29a4d,53.9
5d1b693667b4eb57bbb4a7ccb5e4bc51,53.9
50d37bde3d02cb5e11d46544e5e8791c,53.9
766794bf292c3927755733bb52bd8814,53.9
797b1107c9db6e7610141a5edc125009,53.9
699852381e9f8e1fb5b5ae72e8aabda1,53.9
407f9081e71876a6e460ea133de1a514,53.9
de40e840af17b6227c01ca19031ab896,53.9
74d25bef64b530dca2a57b694982c4f6,53.9
338073ca588012673d034c0393e58bb0,53.9
0609f5889f00803311ba52e9219c3872,53.9
f27c73675dd5e65a7ded21ed82f9ae12,53.9
28cbe238e90cf428598b2a2e58f0b595,53.9
84b3985a451fbc57255b5f65c2763cca,53.9
b21978d261f075baccef1e4fd7d4c7be,53.9
2cde5a202365766c4eeabc925e58225f,53.9
7de93971592f16e93c70a3e1cbb6db75,53.9
b43821e1eccc47605f23a4476e148f3f,53.9
0abfaf23dee18e9e25cac561ed01e909,53.9
84c3554e20fe4d8847678c462fc71329,53.9
7c7c111ae872ea147556a0bcf3298488,53.9
cf33500c8660f369fe867416807d8a6c,53.9
3b0df9e78918d3dfcfd312ce0bccf312,53.9
3736f7b259155b4d4b0757dcea364300,53.9
e97d4413f97154d6553a3edadc988a33,53.9
bb98e27058a8d72162176e336a2b97a2,53.9
f092dc5c7219f24ce749882d2e11c43b,53.9
eeaaac21f40da9814f3b09b3829fb4e9,53.9
9ae3d63d920443417fbefb4e2a03f45a,53.9
e308d751c2741e14cf3872387c71ccf1,53.9
07721eb08dd1b2ad67e03e8aeeb1a83b,53.9
ce8089f79bfbd25ac982292f1764fa69,53.9
ff886777efd58cd30781969d96dfe558,53.9
1d30c84c1eb80215d21f9c1fbd046edc,53.9
766716773193d515bbb268dc61c8cc06,53.9
34765ff1d45ff574aba9091a0c4ed223,53.9
41d767e74e4e672f2f185ca5eb71cb68,53.9
7e00e738e4ef7c35bc56c6313d51e599,53.9
e3cc4bf7e43cc5afc7bfc9693dcd5938,53.9
b90eabb7b2444e27e85d007ebd63c8a6,53.9
02c6b472654adef5ac65870849c73444,53.9
27d097fac4c1370ab0230c4343846d6f,53.9
41ddb6b40ea0a93e0db456b9da68eed7,53.9
33bfd1a3202118716fd4be8167a4d2b1,53.9
273cb8ba22531ac5df93abfca72b9e91,53.9
f36e975a61cbb2d56da68b2ea73c55ad,53.9
10c8f06ca229e96a955682147530cb03,53.9
958a6f45092caf24c9c986aae8324cae,53.9
c3c918851ffb7f4b39a8c69f7eb5a37a,53.9
df067e0ec1c54163e84457bc19bffc9e,53.9
4597ba56e38fdc23858e2a8e6de4fa21,53.9
e3ecae2c1c7408b84d64573d0f264d78,53.9
b1cd5fb9df0c995339f00947da09aa8c,53.9
00d9314fb3f147133d0dae548abab307,53.9
7e9090dbf2dd453786d83814eb0e5778,53.9
97ead85046c88db67bd6f13ad4fa3196,53.9
208351e39f4ca153f72012d7a6ba23b9,53.9
f3f93e06f8036714b1cd0fccdf2d059f,53.9
eb443c6dafefb22480d9724b348ea97a,53.9
268f59eafd767e24e5fb6c8950b2778b,53.9
aad891f6f4c7f9aba60d29ef75313f5c,53.9
8671986388f0f80dd9df3a6ed04d9a45,53.9
e383b75eb8a0fc78d4303be8123c7074,53.9
862c73c7b3989c2ceb05f091745a16ca,53.9
b7c4a65c2ef2735dffd17b8c44a9e685,53.9
738ab8c2a294ceb2544af384b8dec6c0,53.9
38defdcf4f60f144562fee6a432f1d55,53.9
cf1d964f85ae393f0fa1a50d88428f61,53.9
2360d17aa765e5e8b9e683dbd1f4ef89,53.9
77670a01dbf35f7acb7521ad6a467a63,53.9
a4eac3f283d1dd74c10fa10152119c89,53.9
2cfd19ea775aaa1b1cf5e283c4d4aa79,53.9
414c7f3b03fb1987a4dc6d1441ee54c8,53.9
a10f9dedb64942cfa51dd19dc7972459,53.9
2ffcabdf3a263c1662bcf85f5afbeb9b,53.9
161e4dd2df72921427adf3562a06d7ed,53.9
e06e47b5560e84764eff2349b2b33f31,53.9
82ed6b4e284f86a7dd79ac7fdc786fb6,53.9
593a817730f547335a1288508b49b35b,53.9
76415e81abc523b46c62fee99e7a7533,53.9
36925ecfeecb282ef82fe8dc4cdee8e8,53.9
891093e5bc0702330aab8713a0a45551,53.9
750411c5a774e03fc33a28d1ac54b121,53.9
e72c69e2209bb33f8e2d8ca3e9bb056c,53.9
3a0b54115011302ba73d357d8fb9bf8f,53.9
553e559297fac7c84f187bdf0867ba57,53.9
ee0dd94cfd30e67ecbf17bf236f47c1b,53.89
75fd1fb0bb511fc71ac2b2649c02b21b,53.89
b4b7f7c1b2a1a968c55e72c5275e0c8e,53.89
3f931d144d542e7e7ca9fa5aaefdc28f,53.89
7ed89b87166df84e69d929542a0852d2,53.89
18395a5d9973f59eb27c9f8c5efbb9e7,53.87
3288ae263b202f45dc5d0468cc81a348,53.84
bc4317b200fdce5449bf64bfb17cdcf7,53.8
ee3f0efcd36902c8e344d4f6775935b0,53.8
7568855ab7b8c08837d50e8d9827090f,53.8
a0957b15b659dc70b6842d8393a0579d,53.8
16933fe63d8e3d819becf92275ed356d,53.8
3f164ed2911cd505baca4a985fa57fcf,53.8
161aaa81d6b23382eac4b88ad2b80514,53.8
af9d4812a2d9a04aa1be0c136e42db9f,53.8
c6f47e3e52b6c6a876a7fc768cedf071,53.8
9617b9a23d254b90cd66aa0569a647c9,53.8
af273ec2f1c734a0f60ce845041a7a58,53.8
e81fc327c9365a91e9ce38e8d904647f,53.8
a521b24543a0798c2e47274b14267f40,53.8
9e0b227113c81f8f7091ab121ac98796,53.79
70b9a93d19b044822d5e5af9e673f250,53.79
d928e87d2f913e6d1a90d831bd6ffb71,53.79
7be523c663181d8f209140886e4dbecd,53.79
8a84ce464e8139c8a6a20ed9289b12a5,53.79
27cc322bb85700e18e5797045540d347,53.79
7877cd36cf788987d0e8ec3e5aedfa05,53.78
a1e1b403d6937285d784ddb927a60587,53.7
4aa0005ef4b8cb5ce874a4a86b36ed05,53.7
c5f89253313f856b87d324ca590172e7,53.7
c6ba83728a953388b88207bd5aa157c8,53.7
eaa4b33379b77dabc2dd8f1e8910b6b6,53.7
0c5e2526f505308526e91651e4ea4d5c,53.7
b8a5c16528757594028cc97c84dae4c8,53.69
6b1bbbe60de76836af0b66f5cc3d4a76,53.69
9308248720866df37e9954a4b2cd9d6c,53.69
98ba5e7a2a5422d51cf5e6317a569549,53.69
0c6473e9ab7d84f5b34b6aceaebd024a,53.69
42181d2a18624a4742ebf8c8c11d8b55,53.69
3f7e374a2f266e9e8f268c19d761408e,53.65
c5c18ee97e7c295ae57a2887c946ff80,53.6
a956e20865cb062d7a3e7ae4c6ae756b,53.6
f1c2169cd128b7d6dbf34e74fda43d55,53.6
3fc1728dbe8a2b9375d4b530b8932550,53.58
c98fb088d7f8d69689e87c26a87b17ae,53.55
451ac6258b909f1026bacd12f5a58e47,53.55
e3e1a353c73450030b4b06da57deff0a,53.55
cb48d9ebf68a3d1e44c8e084b097b196,53.54
3d5193e1aaa3ff45aa2b08f782b26709,53.5
3c9c19f5250586bad6497c1beb04253c,53.5
57f5750cba88748f13624f2e51dafd21,53.5
19476944bc8ccb01f7644e3884c862e4,53.5
e69ab9cf8dd76405e89146add494fa1a,53.5
7811bc56abc8cc9853718092db2b26d2,53.5
563a1b19b09f89a8604825f189ccebef,53.5
b689710e169ec513fa166b92045f580f,53.5
85f4e1a23fa6be40331706e9eebbdaa1,53.49
255c041f7b60aaa59082d0cada63327b,53.49
e1785c14638ae4ba1af6b80b9a123ce3,53.49
77809b7b293638c1194eb4d211e334ca,53.49
4d73737f27246fd7094751652d0ee963,53.49
d5953c17ff6eb3e890cc06072c6894e2,53.49
a24488326351967ddaaac0173f1a10d5,53.49
847dfaa76c7cea6f29bbac7ddf8800c3,53.49
424f86625efe107e467c2b741a786697,53.49
01c77b0f81a1e64cc8de4f736226f7a1,53.49
b7d29eec92c3ec18bb0ef32b7b557420,53.44
2874527f6c9f016402218377542a778d,53.44
148348ff65384b4249b762579532e248,53.44
52a9dc68b108aba2ed1776eb6cda5c0f,53.44
81cee629e18a05e1b07469e13bdffc5d,53.4
42b08ad3a6f9efff737693acc37008df,53.4
d9946163c70bfc5dccb45abf8786ef0d,53.4
eb1c2d959542df8e9fa930335150f27d,53.4
9a2b3f6cdd9a69334f83072012328619,53.39
ac44122c951dc8da17f9187cade77b5f,53.38
88d1842f65010040a5a222a756260d64,53.33
039a50ec3dc563eaf0bb3ecf176cdf99,53.33
142929146a68c3f7af318fa7908b9e14,53.3
a9b2a6199654f4da4425e9c820bc57e2,53.3
ffbd58aa41cbab07f08190801e939f59,53.28
2bc1edf09bf68e261314a5142481290c,53.24
102fdbbda24ddb2fe7dd72c662f8cac8,53.2
d5a1fa0c22e55f3c4749faa0ca313844,53.2
5d15d261277478578cc506877e251096,53.2
8f5b434196ad2f7198ad310e0da08dbf,53.2
30bf53ce083c9ae5e77f2e9c7b3dfb3d,53.2
35b8a8c47538270243c444192f420caf,53.2
a5ad05a5ebe3d0f1a76ef42df5296c45,53.2
5433d4e11f595ca00bd7d798b156e009,53.19
2f83edd70a220bd02663e0915a55e5ea,53.1
39b67859bac381141ef9b5ea717666b0,53.04
a6e8240939fddfd24161a340c6589aaf,53.04
9d8e0ad64a95c80b2816d44431f913bd,53.0
58c674bdd84b66c7b579268819c793ae,53.0
97866ba027584eabd512948f3854a840,53.0
e1e9a97f176c04451c46043c257eae6c,53.0
d06ae9dcd2fca7751cf48ef8ed08b50c,53.0
23f79341ad1ec38bd2395329a90d30e8,53.0
f76f635db8272ae04293d74466a7b619,53.0
23e9c4157d6c105f4f1b5581129d54b0,53.0
5bef783d290d8c384444f7b326f0212a,53.0
15fc8e622a91144dccf887fa5525c3b4,53.0
ad73e36af463651cb09bd467d37acf58,53.0
05690e3a455d0a0ce461ba6f50b39fba,53.0
42771edf61eb1cc704e5852fb21078d5,53.0
15f0adc33fb9e61d4ff29df6a0768870,53.0
ecccf01a5732bcd6e1cbe1e0a7157366,53.0
0926ef97ab333a4afea77827d3cbe32c,53.0
4ce20fa4c791ec3acfd8391b2825939d,53.0
36b710e04ceac22c8b99c01188a05da7,53.0
aae5cb468884f1da9e17f0da2c25c9c4,53.0
a27a41d6a0a297911bd22dbfbc2975e1,53.0
0ec7fc82a014f62c13bf934aa074185d,53.0
20e642183661bc171e3bbaf3e6098d91,53.0
bb8c7236666ecd5eeb745a5452ad3f10,53.0
4fd7abbc9a763b49e2aabd6bef779b59,53.0
23031cdeaa6bf51645a8c22fbe14e2ad,53.0
5fda6f4e454fb946126e9aaffe44739a,53.0
b540304457f0fbc4b43baf7e018f8e5e,53.0
324af05f4849ced7fa7bd242fd8c4900,53.0
f728097fa8266554f9c64770d37deae0,53.0
b28c4fb7f0ba7b77a68288b9190bd197,53.0
8d4bbf93c8318bfc6e7e3aab2f101f84,53.0
19ac8adc64eda97d576c45a40cb263f8,53.0
59562d0459db0b14e2563711025d2e99,53.0
6c5aeca0152670c75e44c9c67eb7c1f3,53.0
3c2ebeb8ca2c2f64bfb622b914cbfe1a,53.0
973911eeaa507296d3b1e84be1c6c4c0,53.0
080b3abcb4fd60a7ebbafaa21eba5b3e,53.0
774b2e471cb8f44cdfe6d209db8401a2,53.0
aeb558923701cfd4b4ee039cecb8fa77,53.0
e4371087909eb38cac3ee6c09832006e,53.0
c07897b63ee92b706019d87969a92a6c,53.0
2521a12c6bff747f076e24ab251f7392,53.0
7d9b51f3660c368ea526bacbc9fb6915,53.0
39107f08b7d90d53c4b81a91befb0619,53.0
ecb17e6e5633358935ce41e8d84cf3d4,53.0
2a0289202e14198ac9d962dad6a703b0,53.0
34dce5cd72cbdc18a08cfead93190b41,53.0
7f89f97dcd89a2822583cfb3ab874788,53.0
40fc910474450a1bc510f13c815fbe6c,53.0
b432d37586f6573cbc1ea2be415a318a,53.0
d812a9b5f458bcf0843f65dd9f5253ef,53.0
49e0224052a8e55bcdc4b3620c5febd4,53.0
be0c739d184760c9effb409a317c2cc1,53.0
10c4efb37540624591e9cc876785fa40,53.0
8d1b923f85a34afac5bd669d50417602,53.0
c278d9844e8b4f2dfa6edaea27845e8d,53.0
7c575b8659a41d814e8a76f4b91146fa,53.0
2130df9aff38b3fa676dd237235f55db,53.0
a99315708cc05b41436c913e956c76e9,53.0
b973f4a7f7d846d2a1d8d0ea0793e219,53.0
e8b50ca21d06005cb154c363915124a7,53.0
0e12e9ae0026db8d0392421e6e1a61ee,53.0
ad2d9edaf62f53df9a1a862ea02e3d93,53.0
1cd29745e28b461c00fc232c3fc17e56,53.0
5ffea9b2ecf7eb23b4db0b1c4f76765d,52.99
b0dbe26f4e6b3d6dfe331c70f7e2073e,52.99
7249040078291bec6d05caa991b1dc01,52.99
eb20fef7768b67afc7386c89b07fc19b,52.99
cb818de8f7d11c8f30c1da79bf92f3d9,52.99
6ca0d9c6f1ae92749f2559e37bc1343c,52.99
6f938c049d2ad5009aaaeae097167b69,52.99
5a9229b88a571cf4c1a6ea23144f7417,52.99
a204214aaa282398288d7befac5c743f,52.99
eaf959aee30275c60e996b0555197b4a,52.99
8f7fb123acf4ba4066d94e75d701a57f,52.99
ebadcd8e460f755fc77a3750ec9a5e5e,52.99
0ae502ab7e72dc3b0a512dfa96baf3f4,52.99
1d91cf6cc20b01f12621a12c0980c84c,52.99
7a399396442d5601cbedfbd0a3cf1da4,52.99
b78cdf02e03e25164b49c143c5bd0645,52.99
1227e78bfc2760c165324d240e2d9ff0,52.99
85b721db5eadffc2f1c2e40a3c1f6a53,52.99
9c770082c3231d8cc46aa872c037b9d2,52.99
c55751576fef472fbe91aa1fe165a581,52.99
17d6df4096a1c00747f9ce42da818f96,52.99
c017b03992ab8a3b738ab876601399c2,52.99
9d5eb4a7ada5ec00a0fe29ab80e194f5,52.99
98c7401612b2e37d03037dc339d3ebc1,52.99
62ca610dbe5613c3e87ebf91eddf632f,52.99
23b672646bb77ec71ce0c7f3161bd131,52.99
f3752fccfb8cc4e9383c875b00bff397,52.99
9a3f59cfc1631867943d54d285ab56a3,52.99
2ff052b75d6434d18dc0b0bcc257f2e5,52.99
d88851c561082485bcd890c843893fc8,52.99
b0d611da05e980fa9beeec62f772ceb5,52.99
608ad8754d7804251b348ba11b644053,52.99
71dfdf073dec8dd60727c8d8e3adb675,52.99
75be520c2f39abbac9e235557f0b8e15,52.99
50a19a2bbbc9fe086f09ccd05b51ffa7,52.99
f0737b94fe6941ef04bd183d84e8b284,52.99
a41415234479f516143bb51a90adf145,52.99
24492319013bd80889b061a84ca9c205,52.99
8c5f64043ec77ea268cb345a39fb6815,52.98
549c4324287323de05355a91d8d10730,52.98
c3654a12b3dbfbe63c569aca28b9ff25,52.98
fbc396cb345064e2f0c3c9ef89a1f230,52.98
31ae7aacd8da230d18d6f1b8a84326d2,52.98
f87daeee183d98a74622d6f901f5aba1,52.98
5053c1bf96bbe6cc774f386f1a846c09,52.98
31eaac4f3ea617df8b8e5077436679d1,52.98
7aac1b70f9755a21252acaefc92bb993,52.98
2ea5983ec2edde5dcba726ea64e9fadb,52.95
42e4791dd34dfbe5bbd0c74253ec36b0,52.9
c5b7b3cf52a7611de3c6940025a26e2b,52.9
8188c6a1010d4c1a47201638633841dd,52.9
61c2e2b154c006a3adc73f68f1df6fd9,52.9
1bb6d37f5965011ccde1cd4a42e20917,52.9
ce6b160f2d93188fdd18287c6f4d2aaf,52.9
da8886dfb5f7a6f98b45dace8c8e24a1,52.9
cf07e85e4dbf6bc4b541537d8ac84bd0,52.9
4e2c23f77a9859b498c3af636815e9f0,52.9
17f71d3ec98d6d36f97a7378abc54c5f,52.9
a76edae0e8b3aece206b4b1ad4d20951,52.9
2276bc8327dd51ddcadeb3e17b6a30bb,52.9
1d6ee1bfb4edda9ba229e554e410a0bb,52.9
5db6c3bfaa53d6ed2ecfabae96c8039f,52.9
93ca9447a930ae7ce4da8ef3c0380833,52.9
360da4d51093e4cc0e38a1f408b51979,52.9
13c181daffbd6a69ae7707f87ceef9a2,52.9
7a23160efef64877f74d3cf251232702,52.9
98dcae52e819b16ea15decfd3efb3f80,52.9
39532dc2af2baa5bd9140a31c5c66e98,52.9
0bd1e9072528aad3d346e72102bee4f5,52.9
fd6ddc090d4815733d4ff3ebb14c7d20,52.9
ae215a458d22cf95b2289bab411160f6,52.9
bf54200b24fd3f5dab6350f5b0bb1999,52.9
3a8114b17781d69b6001c46764321674,52.9
b5992f48220a5eae7188a98b56446037,52.9
49d2e3e97b7e8a21ce7579620e811031,52.9
7ae4bb636de942d65a6f182cafb0b857,52.9
ec5d5d6b2d9ab1bf97cf190475e39825,52.9
c38c4b830f5c4a3825eea988694fb0af,52.9
b9e05b51f388a0fbeee7caa11813f044,52.9
379a8332c6787fc0c2f5938bf6d31124,52.9
d568e7d521edb18c32a390f5862b9783,52.9
7ebbd71d486f47070362e2e9be10898b,52.9
7a733e972010c8be298c2e2fe705f05e,52.9
64ebdeceebafcfcd7a2bd3f20c65c9fb,52.9
ced7ebd9a7c49bef8dd5506fb0b8647a,52.9
0d3e3695407baeee3c2f78543b1def5a,52.9
688f35cb57847aae242f01cac66e6137,52.9
a18068d9bf6f6db5e4bb741c9bcd1c51,52.9
d9ca76461d5435e359e3b78ff500062e,52.9
14eb7a65dda3e17554d653b786db01ae,52.9
018c66db66454034193517ab79423f70,52.9
64981236d312a0d1a1c81b61550bdfdb,52.9
20bfe2a66f1d96324f86cc7b436ebe60,52.9
3b274a84b79f7569de4b4d8f02fac4ae,52.9
c797b71f23c93883498e7fb8080ce240,52.9
e67d7a7f5c958be8a6c11175170beab9,52.9
eab8b106f4de1ec9f900b12a0e8303df,52.9
530f348c82e444464998a543250a2a3e,52.9
cde5dd7d22c875a27d9878f02f6bb843,52.9
0a6f43d2b03473a5c59ba520a15eb44c,52.9
48c3645c3cb96f63683293693a6df1ce,52.9
da722aeb208a338524582eb7f7400b1f,52.9
39eb560326ffa3e1dea86ec24683e44d,52.9
2cf3766f59e548763bd2ee1c2c81f3b3,52.9
436ec82d0ad7e72aaa76582eecc47ad5,52.9
660614a6a73e9d60ca9c9ab2b37d4bbf,52.9
236d076b6582dd0da2fdfa1c7604dd7c,52.9
0b9da151bab9f3b6d4add45b3bd7de80,52.9
0e9bbc469f18383158141848f6c51923,52.9
af111f56852e8c97d56f202294b0433f,52.9
703a591347ded08ef2aeed07b1f3f384,52.9
293d581356f81c157e068d7847251726,52.9
7df9833f34e3cb45217e832783f991f5,52.9
2d6baa0238afacbe6b80af3674000355,52.9
9cf88d553b860a3cbdad76814ae164c4,52.9
de10aea6bf74351ad7b1356c45fafb6a,52.9
feef9d2ebd0024cbb17471825fedfa6a,52.9
1d0ded2f48df2b2bccec7f7cd8d2d17c,52.9
c83917f687bafbad026f914da0515ada,52.9
c3ff12f28cbe59029c7100a1f9d5ae44,52.9
3de50cef5f608ce966220a332bafba21,52.9
dc27f0ba438996b55e0c008515a38147,52.9
32c1efea2354fe9bc32216cd88c912cf,52.9
8bb9547aec97f493e91a078f66fa7ac5,52.9
743870049d6f3ea4eab887206171e6bf,52.9
c7f88539d232d197ec095844868afca2,52.9
cefdf85ed4e91e4fc08a16bea7a49987,52.9
e856cb03289de865d05213cd53b017cf,52.9
e8e4c41992e7438f77ecce2d5233be74,52.9
85178563d2e34e21e5daca9362c41d85,52.9
9dd40455efb86b2c5a3b9f396fe1f3cd,52.9
367cbe5576042219c5d0441b3d5c3cdb,52.9
bcbd2c2421ec0c9b4d893d069b789bef,52.9
8e31bcb3d20439f3d6c67160d9df093b,52.9
ca46dc49c3ab226c9a46d8a55be0f0f9,52.9
ed4e522d0b167af01b227afe8bf28fe6,52.9
8ac42b41138a86c0053beaea5a83bb16,52.9
cec814e6cabd3f32f9b9034230911881,52.9
3967b6091174afa2c3937592751e7de0,52.9
3b235f2d5d4e9a29456aaeeb65a4b8ae,52.9
616c8cb69ad12f64082e7b3dbb197182,52.9
765eefa1f38830e39b90cd18cf60a11d,52.9
a86314eff3e69dc24f43d56010778157,52.9
40d09f4385972836121ca581b33f89d5,52.9
bdf43d2af85fb8be05435a7b551f005d,52.9
9c9c804a8e2c77375f87427dcbbd54af,52.9
e0b46a17b602ade36f5cc3e251668a05,52.9
6c5d7b586d03a0049e4d1d794279a490,52.9
5557c462176e16e10d356c86dfad9146,52.9
61585152249283fb27ccd5b6da74c62b,52.9
a3c069769e59c90df2a90c7076177988,52.9
f584335e7322d7ad8ad035031214458d,52.9
94a11bc09eae9dd2cb87ae221efcc0a3,52.9
a0bc11375dd3d8bdd0e0bfcbcdae64e1,52.9
5efdf84ed5c48021ba94801310a6514a,52.9
1e4390f0fddd44b98a4c25f27009e1cf,52.9
bf1706c03ccc5ecbfd217c81d02d3aee,52.9
268723d1b8df2d5a3d5e0ac08bae4e9a,52.9
51178a6360e9cecbcc2ac5e4bf423883,52.9
1e8e836ac89751f2c688d1fbf8a3aee4,52.9
9318f7b29e978d7964af2bea8aecf18b,52.9
8d17dadd38588a5614269486646477dd,52.9
b52057107651c25fbef2e3f3170b3035,52.9
2c23918ee23c1406b9cb5f78d4b2062a,52.9
c544e71db3c4e9294cbdd156d8ecedca,52.9
394b4a9c7bdcf6237035a7b88814dfbb,52.9
522799207582d92450a129cb6e516b4f,52.9
9e16e5717003b3e55ba4b40c22e8834e,52.88
2ef522c87ac1508af9b31a67f36d4f3b,52.88
7df71d1652cfba8b2a70cf665c960f74,52.88
d73b6abec0e5dc2e02540bac3bb4d9d1,52.87
2d01686621b1dedd7c5dbd0d4f8686ee,52.82
90e6e01cd1fecee19196a73260c9f845,52.8
9b43e2a62de9bab3ad220e858e95ccbc,52.8
4728e6e5731f670d79340da21b2e86d5,52.8
58d54b1ff5f21bb5fe6928646949ff4c,52.8
623c17e07c5e96500e6d27890ed8e15e,52.8
1c13647bc40d5c7295f101211d55a8ef,52.74
125a2560ed26caa1aaa75eebd3f97be1,52.7
c236d50da493842de9930c4627896ce4,52.7
217b939db6a739e1e3215e17a6e0de63,52.66
459a2924c50c9e9e44290c42e668b624,52.65
184ef3f8d7677a1d6d43c8478637229e,52.64
a633882e100f00c541853de8e44c29dc,52.64
cc6a4635d81132a30bd989836fe9ff82,52.64
fc8c9486f62ba58809ef98a465da3307,52.64
61c245c5ac166a54e51ae198d45aaaaf,52.64
c9a85d631448cbcb9158f6aef1d2d853,52.64
358c32496f261c003294d3010f8650e4,52.64
6adecea406444e0411331085b2482889,52.64
4077a4b90d0e37836e10b76c8589298f,52.64
d1ccf8bb54d846b3d81f2705c8e05afb,52.64
ddb73c7e7b71669891418abdbdb704a7,52.64
41ecc5f7813cbbc034f3ed19c8f464d2,52.64
668f6afcaff827441b68673bb2ca7d65,52.64
0ae1f70aec3c222c780ca0bfae1f1ced,52.64
2ded692d49a6fa0bc7888c91a226f01a,52.64
08ba3f633e08284c827e14b9700d8949,52.64
fdb36c22d41b103254e36859f1ed9b17,52.64
d754c2010d2c7aa2fd25c4c4a0c35a0f,52.64
59fb48431c37f2c42e245df4cdace347,52.61
08e16d18de470d7041b38c2b4031dbc1,52.58
e01bbe0abd11eee8748f2f376d15919b,52.58
e6367d7b8232978fb0c1e7e99edb25e9,52.58
b6e915dcd48c619d48981084cc4714c3,52.58
67a9926031ed753f9736c0f8892aba6c,52.51
379a4be9ef9f203fbff2b2b6f686744f,52.51
7eb292af92ee6b74439707af4517a540,52.51
04d7d73089b39d83f81b829cbd98e43d,52.5
174a247558b42728a22d8c5ee161c424,52.5
9adf38dde72b3e6f74335f97b2680f11,52.5
19110a5c18063902313c6ee2727757ff,52.5
ce32d5a933d1b90cfe16e4a050011736,52.5
a75a82a30eac1c78ee2382e13027c787,52.5
bada5a4ad053f43e8197088e223f2bcc,52.5
38972104038aa68fcc61277dbf6e7ca9,52.5
de83abd2248dfbc5b1f2dea395aa4ea6,52.5
bb64979ec39706aac2d6bfe15948a5c0,52.5
e46d784120ec7a182ab6f26db4487ab5,52.5
477008aed7b2d717c7eb1cae190cc9c4,52.5
b1b136ceac7fc54316f2280cd040ed6b,52.5
615222e0c8a4e524ce32eacd567c1bb9,52.5
3bd97ea24b16619feda927af48da9fca,52.5
6f14f695ca74216d7fde73802de93bdd,52.5
22a160d7729a16f713d2876288a0e227,52.5
ebff917ea54bbda6b10b23802b36c8c1,52.5
afd5e05e2e5ed07eb8f084deee6d7616,52.5
055d109c6027a0552d11c3b1dc8d7986,52.5
217caae919f80154b36236bc0db9f9b6,52.5
d14b76c93d237241c52e0e6767feb42a,52.5
4368f0421da8cbe3603fc13ee5dec576,52.5
e55d31bc91350133136c07a91adbecb2,52.5
30d6003f0b75734756db08d6c362f7a7,52.5
3f963511050337e3eeda3727a9970b5a,52.5
94b5c58d2db647ddc5fb529c638deacb,52.49
50d99d9101991af5e3001b322a2fd048,52.49
fbfba770bf13f470f63d1854a765a2d3,52.39
64452af16a3a2a817f9f56bd085e535c,52.39
6921ebf2d8c510b659be8c8579fa7e66,52.37
fcdd7556401aaa1c980f8b67a69f95dc,52.36
efdd6452a79503982f6a81742a33d2bb,52.3
295b66076a7255133bdc1adbb056162e,52.3
301e3c6f124f0fe3f01113bac52ca361,52.3
3854e2234eed2d10978e229b5ba9d738,52.3
2f45bd61e8942c6d466f85cbd906b566,52.3
da81a00964085d84df193ee32dc97d20,52.3
994d70253505b439604a18d57b82a43f,52.3
fea9401142aad8a0b2a91fa18ab34505,52.3
731babad57484430c98796380047dcfa,52.3
e2aae3069bad7962c01d7ecfa869bb80,52.28
7eb0ed58083a45d5fd210c15f0c07079,52.27
09100e2874da1289c4f337ab2eb27db0,52.2
5ac358d3a472d17707c45cb260a464ae,52.2
6be44f459238b921b212e6f8d04fe797,52.18
5e6d51160e952ac7309b3fc99ee274e8,52.17
22798759bbc3bb723550e21d0ac52c70,52.17
847ac392fbef8fe1594965d9d4e94d5d,52.17
5f7d5e6954344544f7d565f0520bcf72,52.17
4b87e315da3b2afd640165f8eb68a747,52.14
a2c96008f123e921c843461f4d294ab9,52.11
e8e3d8d996f2b2945feab63c6c337989,52.11
1923fd2d0a8975158784a9d0b797cc22,52.11
76d021f040aed67b05b1c76350fa4a35,52.11
bbd6458d76d306118beeb01b39bb17a4,52.11
cba8b8645de00cff0b502040bc71c0c9,52.11
c094f4a9f12920e476335d963a872023,52.11
e05d4dfb2b9d1274c58369a775fbda1f,52.11
830743a0ff94437e9454511b28e36380,52.11
3b09d6915b73c37f8bb280cdeec605ec,52.11
d799a3c96b427ac1991b50289524d5ae,52.11
88194e67a78e0bd069e3150058fbd5c8,52.11
ee631ea57c3a362e86099783950118cc,52.11
5f7fea0fb833f457217acf62b30f1972,52.11
8b9d825eb2ddca0f1f954bc399afd3f3,52.11
eb03682e1118b3af176b229932bfa8be,52.11
1a5b33aa3f2b25d5f88c968d74b2fd6e,52.11
83b11ba2776ca7656542548b827906e5,52.11
e5a35f7c416393965fd0e38682df1697,52.1
6040f79d4f8a94363472308fc67ec011,52.09
2549a0bb60ed32415a39f38be7534a3a,52.0
c2bf258c3921897070734a02d16abd4e,52.0
19792d55f9db2e2fb3864dc90966eb86,52.0
be7e19936f34b0b8cf804e43a24046a6,52.0
45632580026f9ec1b0b512437cc31fe4,52.0
592ef413ebc8f70a779b9282d2ea6020,52.0
a45285dc686a4d9cefd4fd1c886e3689,52.0
f925fbf5f278221b92bd025dbc75bd40,52.0
9a95ff617d46b0853a2a9ab549a3f3d6,52.0
af31707164ec1f5c09c2bb2749f4f36d,52.0
72595e3c621f07680012749b4c1b5904,52.0
41382c6cd1d97c0f778023549dcd51ac,52.0
9cfa9387ffa7afa5e0d245b13ada9721,52.0
2e7b4f074525b263aca75c020bd2bd34,52.0
72601f9936d6de055e5e2c1287c6d2f4,52.0
c458885c2601d5ef72a943887b91e396,52.0
87c0f7ef8ba07bdfeb3d7bbcd12d5af2,52.0
ce09643dd5df16daaa47223a62c7bbee,52.0
1a7bab6bcb194aaba51c9e90c7d27340,52.0
e092b7d4721ed70187d8efedaab626bc,52.0
943521f571176614708a6910175178e3,52.0
73cc6855993434b678f45020e7389ff8,52.0
3ac1aaa7b40f57b161835763ba125bce,52.0
9302b40e3cbf7c43daae0cf4bf7e8895,52.0
aea377f8289e7ba26c9c749bcb2b32c1,52.0
d65542dc714aba9e160f49af1f888a50,52.0
c6b9745b533290430c82363056f15bf2,52.0
7f3cc28958971d79bf8485cd942e17ef,52.0
d3cf1a567ec1782e9ba40f577651ebf5,52.0
e336b3854ddf6f9b6d0535dd4c1cf37a,52.0
54ef4ab32481f5109378c975bbe5faa9,52.0
f36f2bd8be3b6c261d6390939cb24620,52.0
9ea952089cea6df4958262671fe0aa84,52.0
f989f9ccb450d003391f92b8babdd038,52.0
fe890e9b4328e3ccf632960b3f2b51bf,52.0
d06ccb7295eb16b03e1539665c0f6e13,52.0
8ed5ce3759211c747cdcc43276ababfc,52.0
7697f7872fb522d66c20682c7e9311e6,52.0
1ea72d07bfd7017be87178fbfc30ac7c,52.0
796c10db6734ca715a9f5b72f776337b,52.0
497ccac91e19ea5df7516a1fc06735d5,52.0
2f38c3926fb8ba143f2741e9e7adc93f,52.0
358fde222358cdce3408ac3fc3b1d1e0,52.0
1c901dd8f6bccda64fe8582fe3dd18a8,52.0
3cd215d1f5e1965177ecbce1f46dbdad,52.0
c22e071de80a5685d30ffdf9bd5e0a91,52.0
b5e3adee5e6af6c1d69578a270a86b98,52.0
31812040ae3ffedc79f043d40e6681ab,52.0
e01172129a897c621673c321f77435ed,52.0
fb231f793a63556c123e4c2e8c23536d,52.0
19eba63a5c9ec4910a5248b3d994a571,52.0
299f7b5125c8fbe1761a1b320c34fc7d,52.0
283d0eb4207a04813b9606c33832b7c7,52.0
ccd5dc778d55dc1ea0e661982c1e9d44,52.0
f07397fe0ae1a83da708b57e4816b802,52.0
cdb73227ac752016ce1964a9a6a4fa1b,52.0
074ad9ea19af3d0d1156840b671e35c4,52.0
bb4cb76c45ed66b0726bc78368940396,52.0
a92652f56ae6d1a39e714632159e9e74,52.0
b6f05b99667a02c3722610a7bb6b4062,52.0
c577dadeb07228715ffb1ec1549b1c0a,52.0
353f92c7a1c0fe33284da7e67ea62e04,52.0
91190cc48801929bec7ff38d04fbce23,52.0
53b5ae38193aa5f2df276a47fe5a044b,52.0
15a15490641145429be8cdd6ce872d68,52.0
ba5bcfbc3a5e2dfa78d63431c45c9f27,52.0
f3bb4ca2244dc44f761b7becf03acebb,52.0
fb4086949be6ae460da191548d650e6d,52.0
c4fb1c069ba21ade36983cf6ad7069c8,52.0
0c376c9c15aca35371617c653ede046d,52.0
0028ff36263a86bf679df7c863a0a0ba,52.0
792c801a302e9ca858e41a0f73c797e2,52.0
8e36e53f2e3e9edc6bb47c5bba41a4dd,52.0
f25f80e2caa76bc88369d6deb846f7e9,52.0
ed23a44887feffed401bc561af60ee33,52.0
2fc14824142e4206fb5848d2f9e43727,52.0
7731c9600c691225b96857140b1f59a5,52.0
847077d28012353a648c9d346ea87d3d,52.0
79d4ffd2ae441840bf794949c94e3007,52.0
6629da21929dbb3173791eb977b64d8b,52.0
59a7e08ccad572450a55fa66f39a413d,52.0
284b5f3a0e56cef507a1747582056bbf,52.0
1f4c47d2259bd9e65d581d268b02d0a6,52.0
518443930ad4ef078459ca33a710cf3e,52.0
e7030cbfd3cfe8c1f6e7249365ab052d,52.0
1cc8871af24a272de32a0d2e23d49068,52.0
b633962231efbfd33f23fe787e99d3ea,52.0
ca52f95cae581bc621ea0c722ef958fb,52.0
c9cb57b640e67ea0437a79903e2d2fcb,52.0
1872973af533906c6aa02988b965a676,52.0
1f13a041ac571f9f0499faff9b3875c2,52.0
b75c34f04848fcc6c5e61d1a44bbb67b,52.0
de09e0494fd726d8555108efde7df079,52.0
a6dc8c80c0a118ee2500ba81bd939cf3,52.0
99de3252658ad6466297273b6047f3cf,52.0
c6ba85e0a706e6dfe8100d1b7ea8d622,52.0
5daf8c734e89f88e5305f9283e7ca135,52.0
e116184443d10a4a7906e9fa24dfecb3,52.0
b87ade2343db3a71b9cc7ef696bc54e9,51.99
86875ab8aa20041cce596d58f3a37e1c,51.99
b879ae1c5f704d2571496b0f0fb8c47c,51.99
e24c95c7fcea91f9d8e06c7b2a139301,51.99
248dc94df0cf7c27d6a37cf5295af05b,51.99
428560ef08acf12593e57465e2601458,51.99
3611b8aa7d047bae70250b069092db25,51.99
3c8137644287f9b0bebc696e20502187,51.99
136b7997070695fc434eda3b1bf28a59,51.99
b6dac2712e2f2441f14582d81cf07a4f,51.99
eb89e120efb5e33a086de740a4781360,51.99
8a5bce2cade5135eb087d5cbcfd469fe,51.98
ecd0cc4b88a538583a63d8bfa1d17a74,51.98
d30141ad1a21e039c788267f511dbd82,51.98
b764aba48781c46c6c1b83bcfe367473,51.98
7fa7fb0a38647397f437a002ddde15fc,51.98
0f32385df13e46d88d997460208bc866,51.98
1d74c4004d50d7e81bf1a1643676a024,51.98
a645d9d4502ba3178fca0a3cec9aefd8,51.98
7952d4730e054d5d890d8f38ce6bb6f6,51.98
84c705277cb95c7f347ada3ce5f1bbd9,51.98
f0adbcc906e94774e167ee43ce2209f2,51.98
072def7c90aeabad0f75ca64f1f5c093,51.98
f418fa622ecaa0dc1bc8524446faf6fd,51.98
09164c039db9837e7eeeda0a0318973c,51.97
0c8050459705eab48d6faf4b118109be,51.96
e9837d053b096d1d743efcaaae03cb95,51.96
21aa64991ef081388f1b8332dc857f71,51.96
4167431bb838ed4cf71b635e0f118b6d,51.96
81e617c9dfd26bc29c2e733dda649a8b,51.95
aafa4d2f21382110f2ddf3ce2efe1328,51.92
dae5d46fcf3614d8f46d6fa119178494,51.92
d738f3751571f4d590b4741ead89333b,51.92
5c1af1c75e78df3b1c454c13efbb1f4e,51.92
1d180a8db4067b40c14f135a54d6e144,51.92
ade0b894f0c2f0179abb3a9b308b2dc3,51.92
1678c6ae6e1ee4c4b06f224f7cff0846,51.92
1f5e6def6c9ec048f09bdd632e0a3f13,51.92
d311c628443ba6c53505941a0e1b183b,51.92
3f413e6af818b68f8f3f23283540358b,51.92
7bde890b1798d812542ac5701b228dc4,51.92
fd10cada9af2bb1877d4aab47eea4f59,51.92
f5d9b89ce7c2abbca426c36ae04e613d,51.92
247d21dc380c7ca4269050fe3fc1a386,51.92
0e74be751f3b15fd04c9fb7e95ae4382,51.92
cecd29d54e3edb34d9cf2b00a5fff3ee,51.92
02aba7ae34101544b479f4487f53fb28,51.92
3f1f7e881a2fa10bc1064d3a98c8486e,51.92
14423ad70a3aa64dee01bf0991b5891b,51.92
61c764d372cce2bd1346153a1ddef9d7,51.92
8ba470efe6e87cdab5e58ead2e2e94ec,51.92
ae48bf01c67e0a7949748fb660c09d37,51.92
6675acfe74b6018b50ddfc8293b1f8b5,51.92
bf235eb38efe6ac9b8dbebf6d1ee5fb6,51.92
902c17aa72c2d804680e8253f15c00a9,51.92
907336494a5a10ff7eb385666e1f0920,51.9
9a742779321ef50e42cabb09ea58bfe7,51.9
1ce48e2220cceaec2d73107d3deafc55,51.9
18bc08c026ac77856ace97552760e768,51.9
b999716961df05075a380f01c338cd83,51.9
0d69bc4931b72db1d328f35f909abd08,51.9
b21a7906cbe11eb7501347233fa7bc7a,51.9
83e4b2a3f257cda1acfee52750c69f57,51.9
7dfd921b8d5eeee59b1b012e6696a99f,51.9
3ae866c08dcb731c9b16ae503bfc8c66,51.9
1ea07fa33f6aa42805c074d31c82f590,51.9
0410837784e2dbaa9a557a94d9975b14,51.9
5d584843c87cd37be62bfdf6c31d7e5f,51.9
5a99eaf5187e3741ee19a3b972befc14,51.9
7340e81f47c6ff6704d2e7b9631f9680,51.9
66e61c83b0c33d1a843ab2061bc2926b,51.9
6828f49c4fe2b5f50f12e6120d5ffb78,51.9
7e65f2e10589a7e3149badfe2d5ccb42,51.9
663da939653ca98d01187a3f05889e61,51.9
aa86e106ec68532c2b965a16693440eb,51.9
11f99e3f5828621c1a9930164eb85eb0,51.9
26691fd4b554daeab6e92626ac575689,51.9
0546c71e7b8f6ea44bc1324beefa72ea,51.9
7ebaa55d1bed516cd0311cdf0bdc9e8f,51.9
3ef7cb9f2abf21e315cfbd4b1e58279d,51.9
9b5efc166095e901a6d0ba70bf0cb80a,51.9
cfdcfdbed5ae9cc38b954b2c5e40e6f3,51.9
15824b1f4033abc636173c2d1e3df828,51.9
5b96458c206829b9ccb7c7d27eabac68,51.9
19b963ff5c5aacf997da7ea79cd8e530,51.9
619d38cef53788669e85d1d303c9b05e,51.9
8540cae64da7ab8fbe66dffe946bb330,51.9
f4e7a983e7130953e85bfd0093475bb5,51.9
76704321b49d39de3fa159edb9ebfa9a,51.9
652d0136fba9bf02e5fcb9de9743bd46,51.9
55542e8fcf627ac213a34c15ad1632a7,51.9
b7c31c82d8f6bedc8da47d41ba963167,51.9
bb16c074df4c0c4551cadcaa2eabcece,51.9
be4b5e9f7813a8204cfdb7650502cb17,51.9
a85e7b33b7181e57fecc2cebda90a5d0,51.9
6dad401ac9c02f5effed0476a0ece1ab,51.9
3e4f8cbda256cae7b9772c5bbf951c34,51.9
0dae7978fb6595f295dd3fd9ede02cda,51.9
532b34ab6e14da3ebbc775ba61bffc5c,51.9
eb9607b7a646c48a5c0a94e6ef3c4dfa,51.9
c3264cc61268e5b0768dc11cffdd8f26,51.9
25cc30b7403fea780f69926b410023b9,51.9
f40eebbe472debbdf4cfc36b99897a37,51.9
b95f0b16399fec89329f39eedb53079e,51.9
35031ec31fe5263ecba251622833bf3d,51.9
d62aa5699e77744118db71d3f9228dbc,51.9
4c617161230211252e057caafba04bbb,51.9
f081cdc2c90a600fc2cd8e9ca3e6da1a,51.9
3b3300104ab7e775a7493a3dd5f1fdf4,51.89
3777f15428e4dcbcad0c873f3ac75c47,51.89
acb794270abe7a3049df2793c2da7f5c,51.89
704a8cf1cb8d9dabf20a5e2cbeaae0ba,51.89
bb2d91de3bc4eb320310260882f8f082,51.89
20bbdccca35dd35f04165cc34b5ec25d,51.87
16b792424429f7c1c708a83acba00014,51.87
40ead1765c27ad42ebae2ecde1ece54e,51.87
44b0edb932c4fcf2954fca58eff4e2c6,51.87
0550b43346bf7b76cb465d064ecc7bd5,51.84
fe2f3701874bc7c2a8e1509621366717,51.81
7780881f54fda05f735a17bf8c121bfa,51.8
6cfeaded31c296bc1201f7cb08c4c83b,51.8
9bbbd8b1e256e236f1d77b4fc5f4a17d,51.8
aa9d97e174c1b58100d760c0fb2c0e52,51.8
e81d44092ef22351b83a2e3c61f6d8a2,51.8
62cd17312190f965adc81902c00c20cd,51.8
5a462d8ff0df9dbdeb40c1298cdd7d6d,51.8
b0ed92092fac9c620ba0a0ce59eca40a,51.8
469bd5019cd9eb4e96fe8eaacc7a7cad,51.8
04a20bd4f5e48fb7b93c496ce933f0d9,51.8
1a0d2ff9ba4f35cd5f759d5ea35ecaec,51.8
f0ccc3d671b3cf44387e66dd1253005b,51.8
2b111f3294213fd0a9f42c2af5f292df,51.8
4ff6cf227ad4c418dab2aab38d9022f4,51.8
24239aa9e44e1461b902453c03425010,51.8
83a7d95a92656e2033852b2a8bb37e70,51.8
a73dc23db3fd985d191e316fea29138f,51.8
8eddeeb14e0999f2e78201542dc0f4ed,51.8
317072fd23410f845f2d3beba3747e62,51.8
fc00541611ecadf4e775f14ea8a2a24c,51.8
9f15859f6d963a90bae5f05b242cce4d,51.8
6b6239435ae315b60fbe14d91fd760ce,51.8
8c1f31645750fe00183ca50e5ae0a3cc,51.8
d1e1f84b1f9ef74ba87d2beb2985b05b,51.8
5c65d66acc26df4936841c554206b882,51.8
35014cd0cb1b0f81a7abee599b4d051d,51.8
c816e4e3436cb415372f7d43d2256b1d,51.8
9069a64d2ee009244fcb144de3b128a7,51.8
6289b75219d757a56c0cce8d9e427900,51.8
876382f7dd7c20124a74a1912d5d435e,51.78
194f91ba65b13e35ba4883be836ecfc5,51.73
5e840ce3316b0e8d7d4722ffd91775a2,51.7
a181bd684a472be2dd926e551a50677a,51.67
e494ff798e6549f9ba9747f00f5681c2,51.67
ec1febe20cf681729cf9a21a0cf401a9,51.67
723c16aab4a4c8201b4bc4d9b74a48ca,51.63
f6d650f5127f08c4ed7c4f596c0f9cb5,51.6
75957e6d636be2b5f5a6d30c3f19ac5f,51.6
b8e531fc27d1abbe69022fc27589b3a1,51.58
cf77be0a16390b1bb987c34774bfc5c5,51.54
d3c72ba3f7ef0adcb612dab05a515871,51.54
fcf9457fab222f5249e3784ceadcbc32,51.5
ecd37231a9052d49db278a6b92d28054,51.5
8cab8120c3ee21c5a4b8b2a189f98310,51.5
b15488ccab328d7d8590c7a18f1390c9,51.5
80c5a8a72a0e717fbf9633153eb9e3df,51.5
50a97995d6fb35b5f9bd764a9f96f313,51.5
c721ea083b00229814cd5083b3777913,51.5
a2ab46368968ea1b569d452b2e169a47,51.5
7470a1ddb5f78a811fbef15b2556781b,51.5
b755f062c2c480beb455b40627f6dfd7,51.5
e27d7fe6b9c990dc13d38d1eee32ff73,51.5
b46912ec48e9a68f88459119c77ec993,51.5
f2a517cdb90d799c2c54fc8836978628,51.49
93bd1798196b062dcad1fad2d80b6357,51.49
0366081656b950085a27be941a5b28c0,51.49
343ba8ba4c413d458aa3b2897f94c4f1,51.49
cf654cd7b6793d06de65d6e923f8311e,51.49
3eacf2c45f37d4d63636fe8505c6a0b5,51.49
79b1044d5432d0a7bce1cc735c8b68a1,51.49
2e5a6dab193ae7e25a8fffde134d7035,51.49
c885a1e2fdd110a73e5380bd90050fea,51.49
18831a00cca3d14bdfd8af6ae001d417,51.49
6b5d57455338ea24dab031125c3ef1ce,51.49
2d5a180345702da26f3319ae19b7bddf,51.49
c4c06efcc379ca2350749a9e766a3c64,51.48
1ac37d50d7aa51410432a743a9c52ca9,51.45
f696649e5d76695300d1b2c5f2129b02,51.45
d6505f1e68ff1731c2b79517f47a8d4f,51.45
754580db05fdc599ca4532c09a328da2,51.45
c1213f08baad6169d988b64cc7da1f97,51.45
50b2c0862868194601674a9dd330d234,51.45
ac5a1cbb563d2114e713fe982f58e819,51.45
2569c9cdd69b64dabbe2ce31fdcb1d9b,51.45
d8b77ca4c8e3ba4eef5867c8fb489968,51.4
e9624a808ce6214efe9b4b0e15d50dd1,51.4
9e9b4b54d810b93677fb4cb74911601b,51.4
6a9b5719c17e4f44e30d33c298c0739e,51.4
a157e911caa6af2ed1cdb37830ec8b58,51.4
0235c7c04d758c26265c6cbcd5f7c369,51.4
c19c45ed9d5b3d446b41e1d7f4543afa,51.4
37264a2e16c50d5240898ea7f185312d,51.31
a7504d659dc52d836ea79c92b3da15fc,51.2
47a7c258eb660fe125450609908df44e,51.2
0d3de1ee03eac4a173c6fb49f396ecf3,51.2
6c8c750a8bdda3b271cb8e9ff5c13bfa,51.2
acab1931f3327c583da518ee45806014,51.2
d635661dadc4ceacc797f3ddb3e02b0f,51.2
4dffcf2b3f0118d881c49b8b991aa0c8,51.19
30284eafcda5344374c7853fb73e07a5,51.15
fd99c2c34874146bf1bf3c5a5efe265c,51.15
62df101683a6810a942c0fcf6c2eea6b,51.12
adece3d335689229657db410eba4da36,51.06
88c0a2355bbcfb7b05a61a790ab24f4d,51.0
81ae5da9106d9b5af38c42eb81cce399,51.0
87fa2df087845b8953a52f114686488b,51.0
f1b54a68a52f687ca19a54e63eb62b7f,51.0
73f695b5e2ec671e79306d07c79dfe6a,51.0
8f0aafb785aced277e700059d4b9ace2,51.0
b1bd82709d081818f2e3c31399ae5d68,51.0
1ad28b7f105b6cbf4d6741d2e1d5c04e,51.0
31beb004638ae8fbbddd66eab1a4b74e,51.0
e59ea0ab16e4c5d4e49442b7ad210ef0,51.0
aee6a4b7dd37206736642224fba0de6e,51.0
1041f7da9362e74424e9763777b0f948,51.0
bf02d2d8cd0525d8849563e2a03b95da,51.0
5a512cfde6072587451f1ca086a65b86,51.0
56a5751936680b08ec0da792f12193c0,51.0
5cabe5b79e91df0b1cc680c581de5b8a,51.0
6c1ba0f61eb6189711421e115d7b57c4,51.0
6eb8d127e41e5d1de3049a6bc7bd912e,51.0
f6aa4b1360cc4c6186561ebc2caf14bc,51.0
42c85685f0c293c6ad859aaec52275be,50.99
c5f5dc28141194efa39a80a4bb9d72c5,50.99
40f3d1e2e072b4def6fe9e34162c8064,50.99
6bd151b89882bdccc0d6282a65dfabd4,50.99
c4110d021edfb4f1a994c81a500dbaff,50.99
ae75a901f487944d4da9939d4799c4e0,50.99
ee3677ab84c1a1241efb3116201c583a,50.99
afe71bfba9fc5fa3edd264886f973c49,50.99
e570717173d102e11fb97d1731e80067,50.99
b3898bfaf96f49102ab3a0e225f17852,50.99
24d5a276278a805c85d3ee4677142da2,50.99
909fda33beae7afc1c2a8944810fb1b1,50.99
117e0eb0f33e6f97d50644712ab63969,50.99
600326644cd22ebebaad3704301d8135,50.99
05caeca974b480263d5037c56d9cbcff,50.99
452c98cf218f8ed6604f9795df24e78c,50.98
3aa00401736823c73e9fe8683328fa6b,50.95
6dea9469b6a6dce241adb9a86a8bf1e4,50.95
2612c133977f2e61129d9b8ca5641fb2,50.95
9eb92c9d7e06ca3bbc297b173d40ca56,50.9
010d1bac7f6ca46ef1c6fd0c4034cffc,50.9
ecbf563445b730fd566970998ff9595f,50.9
4d4958bba1328dc064c4a3f664f5287a,50.9
c09e97017a30dff59cec4317cffe3272,50.9
ea86b67280b47ccf7168049027606125,50.9
5c383b73cedb9c8d7770d50b6d32fe4f,50.9
e51a849b13ea096a88ed9cea9e9d8f4e,50.9
fefbefec320ab4ec0ddcf55a4901ebb2,50.9
5146b17aab60abc762af2d692ee0ca47,50.9
e4ae92658a82f75ae29c271faead62c6,50.9
6abf107a7ce2297793f965a9c697fb33,50.9
922a46283625e9c096bfd998913c470c,50.9
4040c1376c85d2a36fff4f3b8a24ad29,50.9
740756dfbcede6ed5f39ac81df16f46f,50.9
c5df5e68beed79bba641bf1e9d4119ce,50.9
5abddde2386b756d8e9b9ed0a08fa05f,50.9
1ec6a6fbe8e5d161bdc13d8e00bb06a2,50.9
507f7a9eafd9f8c8fff398275e71b336,50.9
8dd004e002cffd59133bc9db7f3a9b1a,50.9
5bbc7a7907d06b5ff8feda633ee5dae4,50.9
ffdd933fe636d97903e7a4758faa8c6a,50.9
e09de253ec11697c31967f68cb41b100,50.9
a68d9bfdc7bad336fab0e1643f01a6d1,50.9
28aa85d26d033ed4ae3e8c1f18c0acf3,50.9
20ed1eb8b4e92e5209c09a6f5a60df22,50.9
b7992f134b8028f605c62599f118a877,50.9
ea9088633ce0a6828760d9a1d0de3e14,50.9
443c0bdf844fc2b5299ac12317e5ede0,50.9
f6a861bd3c061ae773db24088455097b,50.9
4ba9c05e899062d31966848590dcb9c2,50.9
2adcd0cb75d5ed29a3358dc2c56e6d12,50.9
65009cc605d502f1ec84d3f1bbe96d32,50.9
19c2e64ae0627dcce8b6fbf34face85c,50.9
a71b2a9ba74939ec08fb4a50fe498974,50.9
99c58a7fd613b35d8c4d1fa01515b32f,50.9
312d2499b6da3d5ec2c8b3dc6cddc6a4,50.9
94a06f5121bb1ef07a8be5ee510024ef,50.9
957fb38c0094991e3e8a12fa2c1b31b9,50.9
646ec1788e9a354f74f34212deb37834,50.9
799cceabf612fcd4a2ffaf0df8da6b44,50.9
40aa5aa3e0a9d5cbcec2281f2927b576,50.9
5ecf6b4fe2e7dc856db42518e9c74f72,50.9
cfca6800e760905907c4f40b45424745,50.9
32582badf7289d3987a2899e0825a870,50.9
832267e2a4c4c2c6cd29497d19ed7f2f,50.9
578d180c1446b410056c36f0c45d965e,50.9
3fc2d986e3b129738a02d3b22838d234,50.9
b0a2a6680a062c32dae7fd1f02254235,50.9
564447d751c0885e95f8e3d9c97466d6,50.9
aa92f1b3382ce5646ea50603cb6445f3,50.9
f60123e6cb170d9d4f60dbb8623afa4a,50.9
0cbaa090831f2717efb0aea6ade6c312,50.9
e6e0618de2bf52a7ee1cad143de4046a,50.9
9eb9bec6a91d6b82b4a39e49276f1e8f,50.9
f55bb246eecd1cab4ca24d89b196488b,50.9
7f87c533e44207528706ee80fe6fa0d5,50.9
3c65db2e0ff1b2c65304964e61bdf190,50.9
4a5dc0dfa0d6bb6fee6eac33a4b39d7b,50.9
b58b3d9d423d0ad21eee245dbfcfe3e3,50.9
c599f51fb055673d2cc9ae78bf6c9603,50.9
5509ac302e3aabe10b2bd4a9e5d10675,50.9
9ff5c4e4319f406b94960a3561b49f56,50.9
3aec84a5cdf2ccdb51b6eb15f1f438c9,50.9
4f27c407f9ce31a4332db49cbf35375f,50.9
2ea1e70e814723a2f9001e9411c2ffba,50.9
f535b57e420bee9c710c0b9ceb46bab1,50.9
29327856bac6f048fa117113f9270b92,50.9
a09b097486f73f4377dda587823a04a7,50.9
7c0d9a569d93f7c312e5267d26ede2ab,50.9
c8223f76047e09bea798462f2f46ffa9,50.9
d7b16f675202548a1bb0ec5715f2c175,50.9
3f3b4d8785d4f1fd6decff84c40b0436,50.9
ba5d9b2f351aa1537e733555144c88e5,50.9
1eee04b64ca1ad8c06ec85570fbbaec3,50.9
0718afa877e51051f32f3572cb7a314b,50.9
db9b3394e343021e21811558f617b81b,50.9
0fd297f407f1cf3551f8c79040a68f4c,50.9
961ccc7ebd066291ebbe0aea52b5efad,50.9
090b074313d5a866233fccf2039e8b93,50.9
2133061e42f4c0fe531449160879159c,50.9
407559f7d5a8ca6e622c406eed7feb6e,50.9
c374b0cc201a392bd2bac0b599803469,50.9
b1cfafd0f8c0c6486af5389b055751d8,50.9
1712b3a131430bc9e53dcba7adcfc282,50.9
68fdb170ae3faae5da4b044789eebf01,50.9
f30d9fd20656414c2e1380cb9978d292,50.9
be398200d966a9a0a53268e75ea30375,50.9
5bcf4a14ed83773bd087b30811f9d576,50.9
184bcc485b37b9eec28ea04a557a3de4,50.9
d26edaaa7b906d0c93f628f77fa32e3b,50.9
1fc4e70da2f37f99aebb070705e8267b,50.9
c886653bf1b7fee5ad65a446bcf6b5e4,50.9
c281fc914f6d4964ab7a633c1027d67d,50.9
b5e7db3a40512499dabd30be0f390d1b,50.9
246fdbb2a404aaee6bb5d93190dbf7e0,50.9
d81067f5a2e50e54cb03a4a2e1294618,50.9
48bfe3560b84c37213a3c4a178d6ca67,50.89
57a13b49e2c28cc231094993c2613ebb,50.89
ef1dcd7d9f5a7481d6e43d8fd8082233,50.89
8c99550966de67486c939c2337338326,50.8
4e62f0306df0973d9a822d05462cfb9f,50.75
6e5c7b7fe2218d9a1625b8f6c4021c3b,50.75
538234e72ea3c12e36bac4e44680eafd,50.75
5a8bcefa560e13f342a71b62bf94ac17,50.75
6ed30ec7af7258861705f6c7bf352ed2,50.75
a32e9f128bf594a9f10ca06f147b4719,50.75
e6cc2c8d49315f74f3e69afa6612828b,50.75
f93fc2d3624771f9f21e67d3801dcb3b,50.7
d1a95718f4ba847aa46472c7d38ac885,50.7
5c220bc37df60715575a60d3ec7b72a0,50.7
d7a06521d29c6b185548e68ea64108b5,50.7
207d7a2d96b9eae326658c0d9f8a0f4c,50.7
c3e28a954146468597f1dfe3ab014eab,50.7
32c75e5316c3ecad1fe3d71bd2c17930,50.7
389cdd5e626afc3511798506cea06a36,50.7
c63b6fb69abc3e3b303a299ccbbe56dd,50.7
548cee938a89efcfeb4966ee10ef1ff8,50.7
cc24d407f07daffa567db41bad83a529,50.7
fc5e6cad3f8c6354b277b835229513d7,50.66
175b5158be72ce983b5edf7d1c5d9337,50.63
940c3a34a89c24181632bd0a851328be,50.63
a021c3b18f730e1cb157976d999cba75,50.54
e2b820876cb28b73005f79836846a366,50.5
a48e3b3a54d466e47d74b1820b3d4832,50.5
4983427c555cd0025849dec979ef3a0a,50.5
f5733fab64544ce8617bf770ac5d8543,50.5
b3703265a0f993e108594dcabda32eec,50.49
5b2028c3bda0945340b62d46a8d74dc7,50.49
cf5fa0284e02ae57b187a0f57ba11133,50.49
ed49ce3fe464fd5e4f309df84d5911d6,50.49
4943c6655224636d4a8c5de030ce6aa5,50.41
4e50ba7ddcce278a7f2e7a028d516730,50.4
bcfac056b5c61627f1652a23282304cc,50.4
204861dbe8e80c1ed8b5257381bfcbec,50.4
9a75daee12fce99fae956e8ae373e99c,50.4
ceb261820cbf2a3fa6026426ec06aa78,50.4
069a724b11ade79937f258ebc58c74ef,50.4
a9d37a04d1d0b06e16d5c9455db7919b,50.4
1b82007e71296201322c8a836ad49a8f,50.4
1c8fcbabbadcab634eaf27c4fe94e6b7,50.4
17eb80192f073388dfad340bb5fcd775,50.4
7434dd817ec65c99e9e1ee53195b3df7,50.4
1f9d7eb9953ad379f11be30ae9dda416,50.36
aeafb94a2554136cb6df64ce7c78f7c6,50.35
87d6c74b9588d73d7295bd23d6eb1a2c,50.34
72a366446dd3abfc90c598896714d85c,50.3
eba9e6ca7e355d15e295fabf441d3f2b,50.25
49c2ab6071500a48ac48b8c4f910ef09,50.25
a17846ed33d62b0e48c6f07ce9132318,50.21
86242b64468c9c6370a38afab37a986a,50.2
079d3acdd9329ed0f2bf762e281a5855,50.2
aebec5696d5f14f312676983f3965b20,50.2
1dbbb070b4dc233140c1747fc3d1dee8,50.2
d3742082e769c6467c320bdd7b9d059b,50.19
06889194d9acf9c1917cd382b8b5da48,50.19
9393ea60acdf05a4004483c3b7c24d77,50.13
a2149ebf1a15e45e7b38fd8e2d97c704,50.1
d4a63d7782e96c6d0e83a2f101d18861,50.1
6df41ce8b2a7f57e6ea8c229121a78b0,50.02
64e37599865347bc3329d0d79faa8c4d,50.0
93bc0b64da3fd759da11c9a5baa501e9,50.0
25a7aac1dd876892549320c943a19160,50.0
ccbda4e04f7b516e64a26088f22cdaf9,50.0
8145f5c24cdd15584a4add4ae6ae5157,50.0
6ba967f66666e0a520a2d1414fccd30e,50.0
bf4786deca0a046ee35f4ce5c1514c89,50.0
657f5be43b148515a98a49797306291a,50.0
fad350ab71026dc64961281da7ddc063,50.0
308e6d942164441583fd42189b7c87f0,50.0
3cb9c099a7c6bc5ce1d4e1f8e2ea6644,50.0
72e3f9e9aa5a38a707bdbd9bb1b91a4b,50.0
f30d3e45f0c8c303e505c1e4156e6486,50.0
10c26a978ab664c211c871097f285a93,50.0
4627f0d16c02256e8bd28f9bbb1ee468,50.0
41cd568bae7b90524fc6f37523942bd8,50.0
47cc5c8daaed49e3017f7277388402d6,50.0
8bac337f299a513e8c90b9fe96b12dd1,50.0
5298ba692006f23c6eb25232fe9b2cfd,50.0
4bd89ebce757198ba4e42f249d9c95d2,50.0
02a7a75320e787aa980907d0f647e508,50.0
bf3566d98f47722a586e25e264737de5,50.0
a965ff7f3b9b98b0543f4ef0fd1ed113,50.0
8d991e6c4ff2941df77318c4d01811e6,50.0
a3e5361f7c25968ead0d78b66da9d20a,50.0
400e9330d00648ce9605cd4108c140ad,50.0
7865ab489110f0e8d34d777df1a967c3,50.0
0b1bf138748b7fa32060369844de26ca,50.0
983003a02a2ca37f90bd8e6dc44e5f5f,50.0
348d1f235674cbfe52089a8d7e3a318f,50.0
7f900909b1e712ab31c660793b834d56,50.0
185f76c3d9af9317c7ef1bab149a37cb,50.0
3fcab34e4df258a8081c47ee3db58832,50.0
543e8185af0947557b5633c2b3d94a47,50.0
65348c9d451e37ed221909136f01ea7e,50.0
c0e3cfb4fa98e3cc869c637ae3c1f409,50.0
4bf95d4f05278e600faa3fdf6f6b6d9b,50.0
93ae0ce7610324c8f758f054178cddfc,50.0
6bafcf687afcf7e1c6417df859337ab2,50.0
08420efd8b1c0be27393032e21a993ee,50.0
b96da6f69dffa13090a94cf87fb193b9,50.0
3bdae7f94f5dcf2f6d395ddab50d3596,50.0
b364374999f56fe16589dd6eeaf7f0b0,50.0
f6dfe79686df0085bcb676cffd06b3e4,50.0
50c76b790bde4da51a84cfc429a5c4c4,50.0
d14b8484a2e75c490a1a1bc3d3426a48,50.0
a09beb0c78d884b69948b7a340fe9e68,50.0
b4a5c6d78aedd754aa33f66a23c20b36,50.0
3a17d2a2e4f6704f17a04491bbb5c352,50.0
e71cca6981d4fc9afac8fab036387b82,50.0
3cdce08b61e2c9226246b46d0cf3bb18,50.0
cd468aa55db7ae88a497a08f2f05bbd0,50.0
6e895e6ca85e773b3107ce38225fc4a2,50.0
eae75372ee0e92b803fb660b32c6519f,50.0
c38814c1b69f1bf87b5f261f08bdd363,50.0
61c00670f96298073332498edd20f4f3,50.0
af3b67a686e5dd9109a40e92ab58b7ab,50.0
98e143dce6b7d3170059e38c6d9d7961,50.0
be63b7813960daa0f3b2a094da8799d6,50.0
59c202534c0e0e5088cdd5fc3b27e728,50.0
1a22e6479387999f2ed113ba43c35c52,50.0
0c0587c88385d7161f40e56d8ef653b4,50.0
8c7a3139130cd3e36983e6f7626ccf6c,50.0
916a0ed6e7b137a78ca9e6e752f676a1,50.0
d170df5f384dbacf5b4bdc322a41b966,50.0
b5e4fe5a35e5fa5e4858482d792cccd0,50.0
c009ac49d03a1dac5abe6b3bdb43729e,50.0
9d8ced56e634148f52b90da9bdeb9910,50.0
d2cfb77c9d67fb803bc897ae5f0a4c97,50.0
2894cb87675e5f72fd95259f0ca37eca,50.0
230000e13e6a4b51c5ffa72c79cf9dcd,50.0
22b2e89dd3f0b85480859b6a4d908229,50.0
09c950e5e38969b67f3959df1057d6e5,50.0
e8a38e91215a57c808f561edee5e7ce6,50.0
995f438f2c0e4a674739dabf0399ee4a,50.0
11f8f6f30c61766f7ce9b90b023b0ad1,50.0
f1baec652cbfe952345ee31c8b20f4f5,50.0
6812c2b30ace98dfd178a4d45c88495b,50.0
ae0870b4367021d653e2a81999273274,50.0
cf60e547390ad78dba593467dcfd853c,50.0
b1b26cc44465736250c7795b7f0b18b8,50.0
ae6488325cb82e451aa5f3dafb7ffe15,50.0
434299d8a79b18b9e9610c011ccab317,50.0
740b964429e75570fa44130c78310f81,50.0
aed96da3ee455d1f6663d8eb27989887,50.0
4ac494b0c28cd89db216a6520eb4796f,50.0
aef4ca2b5c320346495d09ae24d034a2,50.0
250db83427885000b3aa996cf9dc3a72,50.0
4188829e4de568a3d5afcf510d240061,50.0
f428cc02d923b26e9de203ce7eead742,50.0
0d8011db3d6ba2c418b5b9884dc6feb4,50.0
3e6afc2521b10ee0a075d3193467c9f5,50.0
90a8c6c6dff16cb628150e8cf1a6d6d9,50.0
c4d2b683c330b5cc6e6ff4b3dc6fc81a,50.0
e055cf0cb36946f3b991df7d0f2d1d54,50.0
8f597bdfaf0d7cb30b46b1fe99552774,50.0
9b4f2198d678fac1f1eff05da5061c44,50.0
556a2ac38e080c2b15988de64cdea708,50.0
1b4f637f430b70b284f6c1c098214007,50.0
4aa8e20c47b647fdad4bc9a4b38964b1,50.0
4dd9950f7a2c3bd094140d7ac720a641,50.0
275085bc05e9616f77919c8ec50adb30,50.0
473ff83f3d6ee032861533dfbd139f6f,50.0
292759c0fe3e504f153cdd08f84596b6,50.0
1333008f541fface7f629ff93315f64a,50.0
79dd597ff7e371b512f0a22caf4a08dd,50.0
e21036e20cc865239db3bfda5face5dc,50.0
2ed6de13efab725e91e77e8a955362d9,50.0
e028afd98183a3e4c189bc75e65d1b22,50.0
e96b0fbad01c75bac4692b344f98d0b8,50.0
e4b702a6340fe28a885500871b9d13a8,50.0
8dca32263f9981caeed36ea29320bbda,50.0
514eba5aa9d0a2e9066c0ab4b14ee53b,50.0
a98b68ff42eb2e456dcdc006983514a7,50.0
8105703f93b22552cc54833b05568660,50.0
433eb4c536d8ef685a640f6db6dec7a3,50.0
54bbff656de1454e0926dfe57185ab92,50.0
0259f74450d401ec64f87ad25aeab874,50.0
93ae1bda7d91d89da9fbccb5e1da3d48,50.0
1f09c5f1dca56a5017be0bf4642d6c5a,50.0
95bd4d151ed873edafbdd0046e091152,50.0
1c34e18df596ef0f35e9a1277707f932,50.0
d268cbcb47089f26a104f976d5ffec62,50.0
13bde1e7feafd935f9897e104ca7e3b0,50.0
e3a02df18fe641e5e86fa056b479c275,50.0
ac1c9647599c6393d0e07abdd641516c,50.0
ca5957a48ef2f6a2fbbcb02ea775f6a7,50.0
99923b03e0bcc01975a71c7ae9a79942,50.0
f0b4476b909be4a76388e384b1b48347,50.0
d7035146da2ec73187aa9140b20c7c27,50.0
be34eefd0a220ed60b55cf3d633f1b00,50.0
0853e40927647b9aeccf91bf5c0706f5,50.0
459f6d9169372a39b0fe1f00e96947b4,50.0
f212ed32824070dc30651f0bbba90b9b,50.0
b0c33e271d5098a6280aeaecf3e48639,50.0
e2a24090f81ea85d218b542924f6b753,50.0
96ca69bfa1a8b97847ced6f03bed4e79,50.0
5b80475c957227ff5f0a5f256e9b0274,50.0
cafd020d75573a79a7cb037f87b31515,50.0
27825339ee68f66f6b35790ece4052fa,50.0
929fd9448095bf482d53450ac67a7c86,50.0
f39c0bea10fec4cdc3138816747386fe,50.0
dcb29962ced40715479284011d7442f0,50.0
9a9b783d700a575ef15b54a26b76d244,50.0
d9b4c2212326d5a4d0084bc2b65691b4,50.0
d82eb09949dcb81a38a4b87cb80d45e7,50.0
d037533ae7cef4ebcda6155993afd958,50.0
032dcdab0638781f8a5f9d8da7f9fc1c,50.0
2aa2f3c52c5c2cd6473b38b6cfaa2708,50.0
88f2b6eee4e03ef7a4278dcd98011a91,50.0
00314f95a054231742e3c5396b333b88,50.0
fb3220f2343c5358b84b3335d60a3a4f,50.0
90c0fa7baa041fcbfd44bec2156263ea,50.0
4ca9a0827276e08dc7f6501766861b04,50.0
24c7b4e5422cb09dd297eb1b3fc7565e,50.0
dcfb92c7e6d519560090aeb5bfa03f0c,50.0
319bbf85f20aade3128d0f7470eef57e,50.0
b574ee4a89587d736036864a6838e61d,50.0
b70f8552b91ef49129519206966e2472,50.0
8d19b3ca44ba7b432f3d215b9ef8a2ff,50.0
4836b0d5574d1245d1b56c40834402c0,50.0
65adef7e4ef013761f164a5ff231a139,50.0
dc4a4863832cad43ecf971aae07084de,50.0
b28f05c74142c8e7c6e07e5336fa63ae,50.0
35e9d7c99639d067f39b4797503648a6,50.0
54aa9d55d005738b09a31b9b30cb33e0,50.0
ec502d64c6fc7492e3957073459f1d00,50.0
04caa0484842fc3d966ebf185ba21242,50.0
27b22920b041f339fc2ee118c3597c8a,50.0
e5e64951448d14fcd1ff8d98ab5f9e71,50.0
ca9a6ae226341827c9614ce7568db46c,50.0
881554102719236e5c195d199d6d868a,50.0
a7d162019d5a4cfaeb490e2db9b4c251,50.0
997ca95e5e2fa04388a046ebf1be1655,50.0
086da6a03c074bea10af67ec258cfb69,50.0
ac34ec78db0c2b972ae79678343d6978,50.0
c5651f386e4b8ce6b97577c7c4af5e9c,50.0
6b6eea107c6bf3987e5d11da2f503e0a,50.0
8c69a3d3c7c8b218cc0b98fed5304d07,50.0
05c4fd1bc109e6a9fac6865351e626f8,50.0
6034b1115c7ac9b6ced55a6d30d3b62d,50.0
5061c5ea49d7ab5b1c526cf720193fb9,50.0
529cdd66b36605936a5c313cfe7427f4,50.0
b79038e2c6938f51e4fa02b1801589e6,50.0
5fb239cb8ef28ff4b56d2e34da747f99,50.0
b38c5db46ee81f3c4fe27412abad336e,50.0
0036875772a8eeb391b8cd7226283fdd,50.0
1a760c39f66b1b47fe6812876b945e48,50.0
f564999c9ed6db59430410f9472c8bba,50.0
14124d6de373e10e52cd6a9151cd0ba1,50.0
831f66f86273e58c41a61f27987bbc13,50.0
1b17f53f320e5983dc5193285284d471,50.0
ed88ab704ab0332923a0413acb453635,50.0
daf75561069f29a170ef3066c797b9f2,50.0
75abc7c1601fdd71de4172156e87081e,50.0
27819c7bf58f2f0880a4a36c83a4ec04,50.0
abf82a5533cf7417c9b24f6697ec1d58,50.0
358c19bbbb97654500cc288498104566,50.0
9bf40844c3ed592321649932a55aca42,50.0
8a98da413a02121d98fb2bba846b5d89,50.0
46f8c73c4480f31445e62eff7d2a5d3c,50.0
d77356fcf88bf30395d31a7eb4cc1928,50.0
d78108092c543e31e04e039e710fbb87,50.0
157763cb611b9630c2e521ddf7465ae6,50.0
34c5107947e20b2c55f711551184f4cd,50.0
d7d624b00f8df1e9cda80e44081a0c6d,50.0
80911d64b01b8af716553f3b45393ad1,50.0
ef1ed1347404166e73e8f3977ffcbca0,50.0
dd810dd0a6c0af12c6450f51f139a2bf,50.0
b9912aa8cd0d13865d14978c8daa15b6,50.0
18e42e6a3b2022561588b6d32c036b52,50.0
43b59dd57875a5c0b3e2d70f13a5baf6,50.0
46edbd3283961bf0b23db785bae94b55,50.0
c105b81d3a6a33851246796a88ff749e,50.0
e0940b3cb5a6cd31e35f73084b3df877,50.0
bb2f5e670f7155dc622c57e4b31d0a69,50.0
6e7be51fe3f3ee26ba10ae6f5e687346,50.0
6eebf7aa3101947d93e829103bfbe1a6,50.0
ca6cc391290f8c43d6c2355a7e99052f,50.0
40ace4550b2427f298fce14235349f25,50.0
2d751f5b37b5eba217d21e3f60ccbf80,50.0
3f746b19aced0452de93862d6ddef4ab,50.0
3eaa6696002bcff117ae99cadb54e7c3,50.0
9e180b9c16351a7ceb21f0a03621cd50,50.0
1672e3890be47a86ba6c69b56a523f50,50.0
7dd42f87abf5ce34634ca3c2b87cee97,50.0
e2534a6746cba2a938134e7106ea6f04,50.0
bcd3b772c85178c6ed242c4583634ee5,50.0
3e9aca248d1d381339c86c8682cd7647,50.0
eefadc15137f7f3499538969c14ab29d,50.0
85d00c84cc236fdb8d5a58a0aed680ac,50.0
f4f702d7ea3e215274437e0df02de452,50.0
f0657244a858139dd9142b062d8903af,50.0
980898af1af67d2ccfe240a6f105c535,50.0
d7c70fe22a435b47ba0bab4bb6ef7883,50.0
bbef00095c712ca0e62584d68cb9fdfa,50.0
eafc88fd8b45e53ffd0c45966c7a2592,50.0
183c54ab764e59e2856f22dbbc6db166,50.0
09d0dde3c6bfdc1a27a4ce32c54b6599,50.0
458430198d0e879d5f272f5a5b959a2e,50.0
1fd10db50aab46da0f035fff679c9eaa,50.0
715fa746abf627658480252899cbd16c,50.0
f71a5859040b9dbf6327c9c121a74764,50.0
684df909d5291739f7da3c9d991680d4,50.0
ffa5f79d25122d389eda319a07f2f713,50.0
387fe5d87d73b8e6f228c70fea044488,50.0
bea60af848781a26103fd2afcdee4d22,50.0
cfa0b544b9d4e774773fc6ec59ee2fa7,50.0
82bd67919890521899d17e35b2a8c37d,50.0
618fcce72f4fa2a302ffb7cac06dd84c,50.0
43252ddf36a267998e866edf8e5b873a,50.0
99a1ce52801276a0468c5dc65cf77280,50.0
67d24edd143120f77f501ac5a2b2023e,50.0
335b264076eaf5b69ca4f1aa31548ef8,50.0
837e2286b6a07331ea8f43f8f6f3b4fa,50.0
723e75dd203b84273f993394259c7c3a,50.0
2ee4de7ea23d3e955ab725ec479db518,50.0
e20b5cad78dd8fc3006244b5397d5a0f,50.0
ba4e7a88dd83c84703ffe3aacb94f79a,50.0
247d810acdcbc96b05e98fa5ddbc250e,50.0
a36b51ac1817af488ecb95f6e8247cfb,50.0
1ec4d89bd3b69465a248650104088c4b,49.99
24c62f7eb78d839d81364907596e4e94,49.99
787f528eec3152f3e24739e172fcffad,49.99
edfdb3188ce423370b16e13803442935,49.99
3344967f4b85b3546302e472681d552b,49.99
63ac3cb0a6469bc8d6d2f635a01e2f59,49.99
8a2edb07c1097a748978bc590ba3cd9d,49.99
ee76d186862db08ec487d67f0e5c7bc4,49.99
720d7be2cfbad4db907a1a9d1357612a,49.99
601beb3c893f54bed47fbe73369cb1e3,49.99
b4ee70d8e9bc104a6b2d3fa33b0f251c,49.99
046851b37261eacf29f855ea1af7a6d8,49.99
0b0d7d1cf1fe43bd5ecafafb0e92e15c,49.99
91159f9cd99ac36508b2dcf3a92abf71,49.99
40e2b63d89d6ec0c641eb72ee0a8347d,49.99
14b7979700eeefcb40f5b2f054fbee53,49.99
d1620e380ac9119df0c9af90121f7fd3,49.99
ccb8e120e8af0bbf5a1daa2f21984d7b,49.99
c74c3cae0cbfbc08f7b00ee31eb254ff,49.99
34477fff7db585afabb325d9607cc560,49.99
1e730a96d690e79c6c7f148ed0510bdd,49.99
c8ad4c1c133f88953574152734c23120,49.99
2cde8bd2549152afa210a851160da6ba,49.99
699dc65761ab6f0de12d244dd8315bb6,49.99
83b89cf9c779a9cd373086ac6bfe4216,49.99
ecbc1f93ebdd2a1623844a2a7a636204,49.99
f4cdb4b57e2493aba25a939692923d63,49.99
77fed8a2652547ec05c05ad68f5f9efa,49.99
aa601b3c45980c0918042d5ca7a25054,49.99
54b5b8de81c4fb77888e43e3a15545c8,49.99
6d60475ef70dcd117852c6910243e357,49.99
1bba1b7e613845e24dab84b393f9035b,49.99
da622558a9ec231b2d31b8b498a672e5,49.99
26202d9135bddbb2c51320f58bfbc92c,49.99
5ea6e9b6942f579e279a530dcb100be5,49.99
7fea5a5b6c185dd2949e3bb124f9a9bf,49.99
e3c1f8a4d644c63a86e870049d863a8b,49.99
71efc8423141b34577e6c63aefddd5bc,49.99
f5b92e56a780e1573737b5ad7d15ab19,49.99
b7e4bc42b98ab6bef3e09b78c085267c,49.99
b4c66ce8761acbc57160f0226e108861,49.99
4400679c606139e9ad92327a57b51dc8,49.99
16599d79f2e23502ad2b1d5ad017eb0d,49.99
aa38324da86e7b1035b4e924c960dfa5,49.99
d87151e0bf65ad280d636f523213c735,49.99
978301ff5164e588507e36368bb211dd,49.99
d1eaf632c24a620054e7c57b3f070cfb,49.99
af9b97ed135fd52d2ada64faf8a659a5,49.99
c6eb4bfdd1841047668242bbbb4c0f2f,49.99
28034fcbb40d61224503867d6c1396ee,49.99
ff44ecf04f5df8c1e8976779abef2f92,49.99
a136ac4f4161fa13190fe9bb6f7402c4,49.99
68dd34002f944ab9a6fa25771296a550,49.99
739c361ba4ff3d82444ffcc3ca4a40a0,49.99
bceaf8b12a79028075da3b7a36f1d6e7,49.99
810b687b8ef323856fa272f6049d6863,49.99
f6d0beda15d742eb9351737ba24ec199,49.99
77a385ed7574f6d6da77902de5abbe18,49.99
6b44ea99d4cb9ebdb1a80994a7317728,49.99
8c89a09d8fb33b6e5dc8a769d6b2bd63,49.99
fbd14093f9374d4f70e80ee9cbccd5ca,49.99
68826add3a4d18abf0232aa3b00cb2e0,49.99
c78aa1f6f041f7933c8d7f00a013288b,49.99
5f018688c10e86b63e9a680a30857bd6,49.99
e9b6f1e10bd93558fd9891138fd98158,49.99
54af9d31eb26ac435fa7bc914d9a30bf,49.99
b2263ddeddff35139801cdead615b9b4,49.99
3fd7c402c2376ddd9c4b06ba5b3ca6a4,49.99
62ba5f57460e0a4a9550be3aef89cb34,49.99
6e8d3eea6c3d2b4423f137f3ee3068d8,49.99
9182ea36ab1a161d290631a23c642d56,49.99
55785b9fc90925a1a45bc34d27bcbeef,49.99
daeb3e3550182319f10031cedb5a8662,49.99
f8a91299d86c7e57b2a1299f3947f244,49.99
5d8d380a9f1a59c239e1ab33d2e61cf5,49.99
b2489ddb52242fade15d2b47cbeee030,49.99
bf78cabdf0f3966868c551fb6d1b1127,49.99
5ebe6b7897cc0ce155a42e2978e89978,49.99
fb08ae08a633a43d908c5f80fdaa2667,49.99
1efb76fcce7c8218330740e7a96d6cb3,49.99
206fad0e99ffd9e1aafde4f899bd097f,49.99
82ede4a5f9432aca3513ee6ca3f162e1,49.99
23e780c22619d49ab6dce5c99f4c45c3,49.99
96d88088646eaffdd90541093435f9c1,49.99
8a88023862079f7d48e367e090d5318d,49.99
61398642b474ce5cdb1531eaac1b9f34,49.99
cb20df3c23dabff46478995c1701f441,49.99
55e8be09219e4bc9dd78f8596b1d03f7,49.99
bee4fda0042266fc0d05b2a3dc7e1955,49.99
b7467e21ccbe2f30a3d2e992eaf6a6e1,49.99
3b87fadef1d076676e27d1696baca9de,49.99
eacb0c4f63256a598da605d10fd5b17b,49.99
e38a634ead0b1d1c493f31fea7eb8bd2,49.99
2cd3f81c5206d91f8f77a3848d4cc883,49.99
6242f089e08495628144e302f88459b1,49.99
7dbf73d746aec58ce9ef6e2668cd49fe,49.99
d98fbfa5100d65442fa7dcb30be6770c,49.99
e8f59674641779a204cefacfc83107c3,49.99
a4b6b02057f16402be5f3e5fbafdfd12,49.99
105abb3ec467cc6585a53923bc5be40a,49.99
2b51fc9067066cd728116c01796db41f,49.99
591a5073a1a1ba93697460e7b802558a,49.99
4d4f9c5434e6be54599e84421b48e384,49.99
b823898132fae4b6627d8d3a9847ab23,49.99
38dc87a85851d46f01b2ee876aa3c0f1,49.99
6b07820975c0b42e74d62d809d42881e,49.99
cfd4dd73c91fba5ba6772df1a5aeb40d,49.99
7f6c94aed72e07dbb23e7d8431240e39,49.99
92cd3ec6e2d643d4ebd0e3d6238f69e2,49.99
e933ace272dc60617553808f591ddd19,49.99
50bcce86319ecdf2df1edeae7272a38e,49.99
9f9196d6e6d1d0620a8c3ab6be9c255a,49.99
6a4baba1fb951a029714dc344c13543d,49.99
de54e502455523f2aeef8eb08a924eec,49.99
45fdb07446bcc42a741f1f8fd5884c55,49.99
b8f2c8f6b0844b257350dc9aa1e823bd,49.99
1ef627892521e8ab02bb728a2bb2bb65,49.99
8d10d69d2fac34eaff1d041c460d794b,49.99
7e6419409fd2936eb5d27e8aa17ab952,49.99
847221c3313e554dfc5d4b4a18f9b4f9,49.99
2d46890758e23182b34e1f51bdd22c50,49.99
337e39b83fac394e62eb7876f45ee981,49.99
7cb655c040b27d290a7b3d7ef6a19ae5,49.99
cfd124ffe38534e2575f94a6e1b9dd60,49.99
74181092ec10162ba29946bd76ceb6b8,49.99
871e8c911fd8a211ed4a4016f9c88cc9,49.99
59f582f90f6f47c5b89fc070bbd3fd54,49.99
a6961dc03f1ee1b29e69263585968776,49.99
d88d2012dab42862bce788b76739d268,49.99
d1a7592390f4a2e595a0f77f62e0a5b5,49.99
215dfa49922ab400d27f54cba7281a3b,49.99
d7d9e807fdc3e0515504b5cb83e374f2,49.99
2e7932957aeb978bcdacc9ce7d8256d6,49.99
f2b2cad75b692e1090c1673804215cba,49.99
4aea01a91f0ccd5817dcb03ae16a5f90,49.99
a013d06ad531a8aa1f29389a013cdf8b,49.99
de8c0c2c84ae2509dfa7594c4e00a219,49.99
91107ca9c79b2a1a149fa27ce50fc65b,49.99
e725ee0c4279d554a9ab8740b3f4e963,49.99
8763d381b85d6020fdd0b178c516af18,49.99
c7cf0368034f336d46606b95ef7f2ffe,49.99
70a6c2f433d5e8ea6e042c06e0589a5c,49.99
11379ea61f696fee82d5132bd194360f,49.99
a840877f90f9417d723052e6e2341d5c,49.99
43dd5cdd60809c5f268d9d3b1e5b986d,49.99
262f98265a50d9783d5ca0e170c6fde3,49.99
ba7e1e959b775b9f00b4dd4fc937d607,49.99
015c5e6d8c584992072dd7b69f2fad3e,49.99
5fb9d49128ccf6830284b3ed83ba8daf,49.99
b1daab0190e21f1b1702791e68fcd940,49.99
901756599df1e3f315ffa38fe192892b,49.99
efcc714754000a32cf586adddc9fcbe7,49.99
5a4ee1320c445a642238d915249864ac,49.99
a280a323beaedcc912723cdf400d7b4f,49.99
2d818d90fcc1bfb78af3435965c726aa,49.99
664e510b024ec9826cdb96c01669285f,49.99
fb72b7779e168d8e34a6400ff4c30c29,49.99
b5f3216609f09adaeb8d89a4de5057bf,49.99
4eeee7739fc9c5ba4bc099b42d176ab5,49.99
432ccb202f9b881f60841007ff8bb896,49.99
4fafefc10818a910bfd143269f1e4ea9,49.99
07b545f78bd2ddf9040417ad6eb72292,49.99
62e36ed8385fad5554f9f1f5a9e8dbb8,49.99
37075c62d22a087a6fbb30b8c6abcff3,49.99
5477904d7453e761b2942548b8effcc5,49.99
d43dd33508aebb386735c87bdfacaa5f,49.99
798e77ab78e5c41706598e1caaee0426,49.99
22bc8c03ed4c0ed9269d8afd5c33733f,49.99
7a4995edc9e21144b8f159d129700db6,49.99
586d84014545f6dcb510fff40fbf7e35,49.99
ffa5a1a8c092d41b746947a1ad4d4b84,49.99
74493089cad5208903209e997a8eb9af,49.99
e21d78b12f4c1a59673af05aa14bf055,49.99
2cc91977d680db4ea4fb9cbb65c010d1,49.99
88b70dbcdfd14e8ddbff6db130096c3f,49.99
91dde4c0b69b0e363efdf93a0ae8b8f9,49.99
b56dedcb8516771d10b5378e7957a31f,49.99
eec4a44316a2c73ef67187fad035a884,49.99
00951234ffc26898cb0f62b8c0e89f88,49.99
5a5e41c2d8c585d430c98e1a1d772a4c,49.99
b8763c70d81dffeb46554db574d286a4,49.99
abb093f278c789101904f6043539dc0f,49.99
f92002d38cf42e7f91042c9cb948c326,49.99
5e5df9027ff599d21d2a72c0b225b6fd,49.99
cb97d2288c6fcc10d89ebeed7368828d,49.99
a9c030c61db29a75dfd4a45d8907837b,49.99
5df146d8b2e237a0282c5cc2f495c5a4,49.99
378b0c05cdee7a4b9c41dc83b97c216c,49.99
491b9b3d90d1ad0c5ba4e621878d2d56,49.99
cafc7a4213e990eb268de2f8d0095948,49.99
64effa5811523af095bee35e8c03729e,49.99
2cf9f0e26346fdac8219b33a076b4e3b,49.99
243cf67e4a210302a58a9122199b0ce8,49.99
a35b99238b5271b0abde7433ae9e8adf,49.99
6d44f5e3a4196e1fd1cdee36fbc3c4e4,49.99
cb428d030920c823db6ae8c08a746f02,49.99
dca1d784fd6b8dd1f223bb76482fa053,49.99
80aecbe9841e2594daf4211199cec79b,49.99
9ec1d30277aabbe59336c81c697b60ea,49.99
f7962da40aedf8ef1a4d3caaaf10f941,49.99
b86f7996112b9237fd15c00df1b4d852,49.99
1a3fcb72ec1f37b5385e08237a40409e,49.99
bd098a986b24ba5fe13034ab75b5d7e0,49.99
fc59aff9c4bae47db46f6f04bbefe306,49.99
8fb95d3058d1550dbae71bb2098ea0ed,49.99
4fa0a4fef71cbed8c67fcbdf974e0fb5,49.99
4f3f778022aefa22b9f9e52d2c47edf3,49.99
c794b43a21994c0b726f1803d2773f19,49.99
64d181ef52b1829800c598942459061b,49.99
64054fd2cd8632880c7ed98487b58b6b,49.99
fa07ada3f850284255c79f6c93490991,49.99
9cf6af179685dff1f509e350ef36fc9e,49.99
81112d3c8ff7d1dc7b26c0f2052012ab,49.99
98a1a1e41310f70974831b79bf01e4e6,49.99
0be456ed130a857046b0b296e0f9badf,49.99
00931eabd5b24b4a2d97ec779d739631,49.99
3aaf1aed94e3b857dca44be88ad136c7,49.99
65ecebde547dfc78455c91d11675de29,49.99
18af9e4b5bd9da0a9c658e1226e621cd,49.99
544b2f3a716fad7a3a4fa19ec23b409d,49.99
a680fe6d7d39da354273aefb119308c8,49.99
8a9ed51eb58548e99f250b99d1df6940,49.99
2afc1d604e9a528a86dfc0beae4739c0,49.99
03c2071df0b83e7d7281d0ae9871d4e5,49.99
aaf1903fb0eb54c9b158e738d9fc5405,49.99
6b025dc026b0c04adcc72779f048826f,49.99
ae09265033c20c67616e5ce8369d7537,49.99
cc4d7af7a584bf8b5bca2dca7e2200c5,49.99
3108f84ffb20554f1023fb1b2e5308e5,49.99
12c2d1a2a3a977fa5599f2f8cb3dba2e,49.99
9ec73448134f871bc7bdfdfd444813eb,49.99
03cd655937e266ad3f683fa24a217dcb,49.99
9f209637de7cee1f43fdf082fb7795da,49.99
bab96faad3095a7d6a732267be6dde0d,49.99
18143f5d1df13826796fef11466b6a92,49.99
c14a5fd4937185ca0c40391878241275,49.99
cbb95f8f386e54a6f4f41134f77bc78a,49.99
9fb1e1afbab6acc30878852fa9bb1f6f,49.99
accdad8ab1a62db957ffcefa272667a0,49.99
d3a853408a30f995900bcd86f3b13923,49.99
8ee208e4a8579fc7bf74b535c4bb3aeb,49.99
d97a5aa33003b861353c6e579abd37bd,49.99
ea8a51f54b0118c85a5b4a674a586409,49.99
3afe0ffbdcb5358c7a908b96ac0b4d6d,49.99
f99b5c67d9517ee04168e778a38581e1,49.99
5bc6e9dbf378d29fafefd17256337238,49.99
778d30bc8e6a57dac20217ae0838b95a,49.99
3ab8ad6d20715cb0ee1036d31ed67029,49.99
efe84b3fbfbdada55c314a617f1c9fd8,49.99
bd62bba085969a4d4f30193edd7d27ba,49.99
2fdd2638faff09e29137c963d929d801,49.99
c5a9ffc867b51a706a06ac6e1e3fa61a,49.99
90de167c37925320a60cc9f4cc750117,49.99
30b0e5b92581e38246993fe1808bdadf,49.99
9ce2bcfc15a05e2bd7494d7d9c5c350f,49.99
b0790158897607011071ef91f76d2002,49.99
1ecf9d2895b385909ca94abd67aae9de,49.99
3b416066b969a143bbd74aed35f597ec,49.99
d56e47d2599ae4f9f59c62923c415e81,49.99
ff9fabfb47a0c2612c55d4e6d10fbb11,49.99
838ea018e5f1adb0329e906f7381b756,49.99
e6c868341f8287419a56490ac96e81fd,49.99
5b8c12a0c8d2c8367265925a67d3fb87,49.99
a3ec634b294a29ac054260888614fd40,49.99
bea2a34b3a4d3ce446b7108e1e8b0bc0,49.99
fefb72a9cc34f58bb01edfefee3bdea1,49.99
63e940c343435c829ce63950da558d7d,49.99
947973a1b01d190f9df10e8f289597b4,49.99
4ef944d200707a726d08ee93ccd5dc3b,49.99
f13981ea8af8ae0585691db41e971355,49.99
c634eae6e91f27d25b3da1cef9a23b3d,49.99
7f5dca9152f748239a118f4462ad2c26,49.99
552eab691446f9aebf3395705b1d94f9,49.99
175bdeec28f72792b7df9bc8b8481bcb,49.99
548b752138038c6732385029fefe9166,49.99
bdf54f7d1694971f430170fca990f2ef,49.99
6bdc6bd2a184acd029712b3ab0037565,49.99
2405289a88eb1fbf99c89f5397b49867,49.99
18f5e4ab94b6b5fdcf32dade57defe50,49.99
9eee5713aa4f4dd1ada4af4da9dfb1fa,49.99
554533e5956bfe27940d1f0ef02dcd69,49.99
b818d38f99185a3587952b3e343bad10,49.99
ee9d0cf48b7f9442b245f9056b354d2f,49.99
7d53bd0123b89358ef64d52ac2425e28,49.99
9f8a47b08f282a1515f10efd38736d8c,49.99
203751359bf8dcaad88fffeb9cb61877,49.99
3c6484a7438cd35dcc54f53f4b945829,49.99
25de11a0b7d4652627ec27a1dcbf1dc8,49.99
f010ffddee856fec238b164d2d5e6e9b,49.99
58161853ae5fbe35e6504325633bd1f0,49.99
4ab07666a1b8ff428bda51600a94f753,49.99
847bf1bfd5767bd38113d9324e29b59a,49.99
73b62ac96d29df1068b3673f00bb7467,49.99
6f950dc3461247a3594e255ce2d68e4a,49.99
d1493b7fc8c69384bae2af1d631a33bd,49.99
79c8d122abdecd4dd9be27517307faf3,49.99
6e09ac4a8bfc2f8b85c97ad3eeddb910,49.99
47171f14cb6b6369a2f845cd67a3bcce,49.99
04719f10ea55e8d39bff210bea43c1a3,49.99
9c33dfce6c598c5937553e844591e0ca,49.99
7e266e112c63aab2643a15c21f8bc1f1,49.99
28290f0535157d1ffb43629e3a790c4c,49.99
c04340323b416a0f4ef69ad64a3a94c5,49.99
9dfbbf80c6ae9741c9576d3371f58282,49.99
b603ceee2b1a9b3303751d048030bcf3,49.99
0bbdbe9583119040379634b5ebf5a3f1,49.99
1b957db31d28b6dc6c7a098676c03609,49.99
2a3acbde44001a8cba897c98af2f135a,49.99
e9cf1da2fc1a115c19f945adf4a10819,49.99
b371ea5550dc0fecc65d67ae999c7131,49.99
9d9f317311646c61117ca1bb8f5684df,49.99
b51c5f01071f83ed9833c0b35600d973,49.99
91c97d87d9a42187329e6ff6816a8251,49.99
95bed2046015bdb70ca082d4457cde38,49.99
78f9bb3f08999230469876f27fbda918,49.99
851464b0ef03b23f004c016a8b1f0b65,49.99
5f4b73b35a63125b70b679de7f00e7ab,49.99
e7714a0cb7c1791ef6aecc21c8cff9c1,49.99
0123eb191c6ac1d113dd16c4638cba8a,49.99
cdefa555b31181f8be693ab16ce1a8d6,49.99
d6d8b92f8688645c46a8e92425c1d2ed,49.99
5a31560ab7821af245ac21f6ede6f4c3,49.99
d62e2a8953cee3aee784eeeb86287166,49.99
5daa895208c8b73bc1323576ef54cf2b,49.99
4dfd632dbcdc0b2585c9ed5b44e245d8,49.99
f19ab40f6dbb02cacadf51b9e3157f56,49.99
c32d964e5a735adc76b1c80a09367f0f,49.99
6215c3fc03277c5bcdc610d4d87e1472,49.99
d2a1b8103fdf738eaa5a4b4f3e524015,49.99
e4af820127b4b3716f5e81e7bfaf1a73,49.99
f6b42daeb9f70e9c2e8f256e983177b6,49.99
ab2e87ad1a915cf88638ab6f43f5450c,49.99
36ffc4b2179b9dec36fcfe0595c28bf5,49.99
27bfb516e603ffa4aac3d4db4c8c7442,49.99
76b188ee21a094e29876c446938dc0a6,49.99
19b8609422fb5136ea6a734a121c3eeb,49.99
7a999a63fd38a91b7c1061ef82ec71f0,49.99
c1e0bc20c20c0d70de759b3926524e38,49.99
9c0636b7e25cf145b5815454d333e57f,49.99
123ad76650e71ba47212653fdf0b5891,49.99
40fe6c120a1246d5a8a445e58f077c9f,49.99
0241277be857dc59ae544ccac12b3e19,49.99
3deafc0474a41927e9249b78564a3257,49.99
ac9ed6d1f2b0169a9351d5ef3188ec66,49.99
78fd0c97db13857bc3ae55a08edf46da,49.99
bd5d9b3038261c433d1423a644c36f9c,49.99
ed28bfc3a8769a51f2b064265f86f364,49.99
592b8900e0e8325027d885e6d30d0283,49.99
cb0ae8d3e18ff1b675bdcadf373fc97f,49.99
c0b9f9fb0ec7a4dd6e35e551cc841831,49.99
df9e5a16c6e9ff85d78ca7ecc93af46b,49.99
6443519fe0538b895632d5d7817aaff3,49.99
8000019b04e81d5db75e298b308462e5,49.99
28292de0b6d5b83bd51f29fd3456cf45,49.99
ff5a01862583adcd0f1715bb88931be2,49.99
5feb65652220fea019c7efd7146849d4,49.99
10e278e411c84734185ed9a4c28113c2,49.99
675292c8870ca23721c9c66a588dd982,49.99
f7071de1c71624c2284315426ecbff2c,49.99
39e5fadcd944a8fdf11b3654e7413d0e,49.99
1ced53357c5fe676ddc0c0dd642d2878,49.99
8f72a0f14b2cfe5ad7ce426a09d56d2f,49.99
15dce1bee53a5e570eced9cedc29e302,49.99
4a95dc2aca43bd7fbbc7642571dae7b8,49.99
651f4f5c54de7d8ca39e09f7c6c56e5e,49.99
66ec8d0fb367fcad9f43c50264036a4d,49.99
cd6c27532dbcb15907a72ccc69255c9b,49.99
31ac6792817138d9e3f44b2999f57ae4,49.99
33dde4e12f42caa841c4686f7f04eac1,49.99
2941af76d38100e0f8740a374f1a5dc3,49.99
d9e02253975d2de2009e95eb19bd9681,49.99
d4bf0acae941d5b7be1d1991bd380a52,49.99
ea9e922e6631cd3992d68b3635860c53,49.99
e9ce7aba41d747676755fdb010e22bb9,49.99
6119608bf8b3b9b4883efc15b3ad5b40,49.99
308979f2faf0919392503a7818aefcb1,49.99
4afb392089d90678ca8bbd2e397b98b4,49.99
1e546823ee2936a18536174999438369,49.99
774c54ab7b502925eb6d1afd0c68c6ba,49.99
3d5e3aa002e4495e1fb30b4923213858,49.99
d1b370c90ad7dacb840010a6e89c7e89,49.99
e0cded978eee791030f8a3fcf22c7aa8,49.99
310ff09e1ab4ffc13b233a9cb0271750,49.99
767e4ba055522e74663c7e2de6630844,49.99
84d5fc6633f15d10448f21219fef41c1,49.99
8e73500c17baa8ea729e881449f40022,49.99
7373e5b05a470e1485897bca95695256,49.99
00ca4dec2a491c4c1a9081a3c5a1e8b1,49.99
b75d72658f51cfc274b14adf1446590a,49.99
c774b04e5b24344cd01e916eaab9143d,49.99
fff212062d600f2e1d53f3c5d4a25138,49.99
2802f5d6829832960892bfd04d065e68,49.99
d41c394310a182cb056aac9346787d35,49.99
ed2e8a4ffe0c5bd8a2033bbfac325641,49.99
11440840f5653ebba13e919285c71389,49.99
575a45184fe2dd0b5413a6b5294e6e53,49.99
c567dd8049f21660628b9ec23ed09e28,49.99
e1ffcf6864bd61cd2bd1ab8619d914f2,49.99
e4bd5664268cc038333db36f57625a24,49.99
d65f26ddbb8bf9309eba044491dd5ddb,49.99
53f662ecb7b15d222231d55affdce605,49.99
34a27b0068e9e77d116bb342e7daab63,49.99
410b6b4c567227cf189cc4ceec3a1411,49.99
ccd4696409883784ec3125db911072e2,49.99
6f235f190ca8edb9efa18189f0e7a0df,49.99
9c66d0ea4755e0f35408a0cd71cc68a4,49.99
b77d8b017bee4578bb65581f09c6167c,49.99
b714ada6fe694b6d0eca038f33e53305,49.99
efb23a9163bb0793cf158ad6934a9694,49.99
5aebdad3dd4f042c40f72ea74510d12e,49.99
d100e821d7b6305bc22190c0a7f0d1de,49.99
b36aecddfe5ccb0971ba9de40729416e,49.99
78e8c81575c4ddb29ec962d8824a4afe,49.99
782814abe8d16073509294a1de1ffe0d,49.99
a24ffcf9b1ce65a6f32f6972e9db282d,49.99
54f7a9b7f0c10e4200b1769f1332ce06,49.99
4e832907204b4a6d1d7643f89969aff2,49.99
28c8e0ed252e934cf306cf5aa846490e,49.99
17caf718945fc7f03c536d0a4ca3caff,49.99
e6bd5e16b464734e9301c0062b36142c,49.99
5c3438327a067e8d27565c9591bb2ed3,49.99
c6ed2e16266071745f007c94a8c009ea,49.99
6ecd184747f5f3fbb14e113c9bd9c6d8,49.99
ca81c8ce6583b695cfd76066214856c8,49.99
9d74064a5d0b05bfe0d1af0937b89ff2,49.99
af894f28732b32cb74164ce87e54718b,49.99
168cbb0b67d6042037c6ab7aefe24de6,49.99
a78a3b844bcdc775fcea2bc88b41f787,49.99
5b76c1a96fc01949502602e1eec0e4d9,49.99
730e00f0a2f7a11f11644df88fb41e7c,49.99
b56ad5c178c72dcbd9d36082b40acac8,49.99
6f506de3995d61567142ad9fbc9a2f6f,49.99
77239c5f803e0d0cbb4e070dae9c28c3,49.99
ee52c3b2cad76d229c995e431868b963,49.99
07fb98a746604f5d2c24f87adf807431,49.99
3bdc7b8fd9d6abb2e4987b81e069116c,49.99
6ba7254b16cf6bdbb63b792daa982d91,49.99
8cd6037505c5d3a5f92d485b1345e918,49.99
1d74be377581c2d09cd7b2eb587fa62b,49.99
2d50520f5c984053e638bd4d68c9b878,49.99
e14c2ef3e65d7a7e969506ddaeaef140,49.99
4da838ac0a5e78523963ae590a05ef43,49.99
ef7c85f2ad75eed987fd08a601715fd9,49.99
1ceac3bdaa825ff830917e131f85a2ce,49.99
a68c7565bc8f5c17830d9e93f58aa006,49.99
4ff641591219dcd73b025f1081674247,49.99
ce0e04764d4d76bf1001bfd5dc5d8779,49.99
cc0f518f674be7b6495d266ef4699e11,49.99
44413aff0a87eac35ad5f773c7ba99d8,49.99
e288a3817dcd19a0e405fbb94162cf79,49.99
20c55ae838d61c4c013d1a10c50e7d80,49.99
30718e0e99f2eff03d3d80ed35312f1e,49.99
83dd9f89476783bf7cc9f1f3eb07a5c5,49.99
d307fb8968cc26ea1d0b127c2ede2650,49.99
7a9c13db2472716010166b76727665f3,49.99
eb71623aa4cc35bc122f26ebe26e9620,49.99
702cdfc9c50ada5ba417aec8678ce22f,49.99
238d29fa96922070278f9ca31e53b4ea,49.99
0396f0569d196840d98d0337edb142f8,49.99
25a742a013fa668dd2da9b49e7361a48,49.99
3eeafe2383280a4ff135e5c06965c18b,49.99
0ab6b9678a73a7234a994d90cafcbc5c,49.99
10f60e8d488a61d0bb9c2aed77db5957,49.99
5f956d6de694724a5de116a1f0e7b88f,49.99
1bc16e02bedfd980cd935973425f1cd2,49.99
4dc69f5a7144b4414b97fbe35696af97,49.99
519542900c634d41ebd3fe64f8c59d84,49.99
9dbd5002abcad34baaa628827597abf5,49.99
6a511c608ca737b62ce160178b17ca5f,49.99
7483110df32ada21179477a69cb7b83d,49.99
af259972a4112841d986971923586bf1,49.99
b006b2bca340326ecb17cfeaff935e75,49.99
6cb6aa75c0aa013bca1f54103eeebb67,49.99
ccd67b62873f83da80201df2bc4dcf3f,49.99
ead5022ac34632caa3c9bf31259983e1,49.99
2dbe31925b309a88d8d2de51d094bc24,49.99
14475fadcb86e53123bfbe43d0d69380,49.99
a0d4b9ead9cc1fb314bf487c76605839,49.99
75cc4e1182bd4a5f38be0c7f4be85144,49.99
f6ec4bf0075a889306d2142c620e081c,49.99
0586163eeeb604b6a6da218de418c829,49.99
b56fb5bdd820186f5b40b19337280927,49.99
5cc5d672606be228e4f10cb6cf3aaaf9,49.99
f1c0c55b64e90f509f8c8fe78d25bc71,49.99
d30553b51b521018932b96d1eb08d678,49.99
6be9f40ab1c2bbbc711ed9d7279acfd9,49.99
b92d07c285b02d5fbf75240d37dda801,49.99
6201e25b347bf0769399c5767099278a,49.99
6d911daa38cfeec4a1151bbd94910101,49.99
d2384c7aafc3f49be026b708307c3bee,49.99
e0087603db4731f4cff40779af5576b2,49.99
47484fc268dc9ae2936efec8aad5721d,49.99
11a780bb84926a4090819aa9d2969b72,49.99
2d06aa2dfce404eda03c5950c4a35960,49.99
8f89d962f49f0d7a6d354a4ef3d099c2,49.99
b67cb8c5de80a8934f7c8394c9ec3af4,49.99
12611da2a76afa74430801e7421f22ba,49.99
2455a94ebab82b39829283f823a69bba,49.99
5f3789bef735a3dd4cc9a85f08b69fc5,49.99
fbd1257ce46203fdf9a3c05deb04f947,49.99
d256c1df237b8ea64ecd66b77cf142df,49.99
7f916f494039b6a9cb57a8a40a34750b,49.99
11cc44380a8e2fa7c5e9d0d1cf4adaf0,49.99
3c1b53696d73249f2b933eb0b3363f8c,49.99
81a4c194b713c267cca9d68e81b2a672,49.99
06c6202200ef99b1568c228c9e373abc,49.99
58e6ef977832bfd6f5c99001fc47432b,49.99
b083f0e18786dedb0e67746c7b49555d,49.99
2ee30957e8f33b2bb55367f1eb929c03,49.99
89c8c50250e077c8977215502000c179,49.99
59b2f4f1611eb365ba738a5747caf5a6,49.99
682095c6672eb2edf4b60e6a7c6e96f4,49.99
ef14b2612bcb6c6c79574ab9caee3a97,49.98
82d8dec051f882c5e6108a8e85b7c49c,49.98
d07facc3fa6d72d9a93b98cd01e03d2c,49.98
75328d5e4b644743bbae293093f7be6e,49.98
a7eae568f0a8e07d1213cb5c98f53a23,49.98
2cd3d9b78eb3e560809763ef5258dca2,49.98
2c7f7bc25633eea4bbc7a09a1779e933,49.98
3618f2bd35ae410130b218c9a8966946,49.98
847913f5809f26d34e7787f48094b934,49.98
23b3d991e218333de2eef7afab2147db,49.98
040eba6a84cd4b4eb4ec87a825439c72,49.98
01addb430c2559dbef0010ca1d4b0989,49.98
1241066fe4eb287cb32cc128d0c4af4a,49.98
c724f10c7dca7eb6d7ed63582413adc8,49.98
de0e1520ac5cb64cdc689ec1c8b9c272,49.98
9b033056a24fd3759222c89d1ea11fd3,49.98
af3cefcdf63b8f9f8f86f3bdbd41a7da,49.98
743e03b04c07927ef9eeaacba5fdd2fa,49.98
f5159b3b9ccb129db32f08741a49346c,49.98
9242e7e435577f88adf6cd4f7503883a,49.98
394264ffea0735e712823a6b5a55beaa,49.98
7349bc741ff5280290064d08ecf1eb62,49.98
b846ee801968b406638b72931ac80bb4,49.98
a3c55d30bd801f65a0462dc4ffed901d,49.98
0cd75b7b90295f982887d4770190281b,49.98
2ef92c87b494c20a08bb4b377f373a03,49.98
747f269fa325a88eafb143596cceb27b,49.98
c4b8258f6561d47376f6b321e3e326e6,49.98
1d7bb00981fead08b27fee0a49a69e5a,49.98
71a019df9723b570800021d598d2b096,49.98
97eddfe034d3d76faa6fff135c19c46f,49.98
d54215e9d0698a25e80048a37fe10f9f,49.98
0435f56ca2461ef676149d29d9f0b5d4,49.98
f2671ad58a644c3de291f370489f2805,49.98
83be94afeff12a086027a0b050704a5e,49.98
7bdbac2a334337f0613810f763a22cd9,49.98
821ed4f4420cc9916a15dc29515ec0de,49.98
681202b72de12353560c8d17de1187af,49.98
eff65eeeea88dd72b5d427f2071b3751,49.98
10f2beaf4d0f6f475d9f4cfdc9b05457,49.98
c71808bea8b5b4d596f7289d199495e3,49.98
a8a1e913ee71a1b8dffb5fb431d3e2b8,49.98
c203a97308ffc93619d4ad4b704f2702,49.98
5fb87f13f6e166bc643d22685cee47c1,49.98
c4d933ca1293b494c0db1ed8a02b5ad0,49.98
8632d99a5b08ab663e6fd273104fcaf1,49.98
001051abfcfdbed9f87b4266213a5df1,49.97
b4eb4ca3fef464f5a8778c47da055604,49.97
1b528b3e5de647776df9f0f45cd479e3,49.97
06b423fab94edc97504290952ef19d97,49.97
a023459b1f09822fe227fa0db9f3f0ec,49.97
a6f67d35320e71554f65e226ffa21ff3,49.97
384f86bdd39dcf4505744c0132ac38a4,49.97
46f59880bf46bba55ff84044bc5873e4,49.97
ac9c40f688756c1d28e5a60845487208,49.97
332fa01da1b4e11dfbc8df1ed883a467,49.97
57dcd382f9873095dae27d8b23e00d53,49.96
6b86fdb1640918e85cf650095dc1041a,49.96
5d94eb3a651e44419266ec8fddbd57be,49.96
75fd3a6a9f3b2fc37cd7d26426b19bc3,49.95
04b980084e94db244952738c91136dd7,49.95
d730b3e51e279bb9c2e6592ea515ed2a,49.95
c9edf82d38888fa613f3d9486a582b2d,49.95
9534eefb05c89b50b207e58c511f6888,49.95
ed27c886ecb4713fb8f8508a2e9560df,49.95
aca07363faae329c661a78cde67fa9c7,49.95
0be6d364b9dcdb4fe3ccfd89b7a487da,49.95
60116169d2e99e427f26b84185efe36e,49.95
ad6d4e14fbcac0ec27004560ab1d0c21,49.95
abbee7adad3d81e236a63c8bd72f1277,49.95
aa3df59d99c2b0bd34ee55c59e5ad387,49.95
451a995ba5dc2665a4524890b7962f91,49.95
1c1739c7924d449cab6ff918adc5dfcd,49.95
014fb09b34197c57ae3c77a43d18475e,49.95
d050ccd8fa4f60813134f7bb409ca04e,49.95
55c72a24117236fa6e1e89bb2b4a02e0,49.95
b84e3c1e2304b806720ad770eeb7c88e,49.95
cd2cbda774b55ed42201a5b613a45a6d,49.95
102e73eeb4aab43d6ae6507cfea50063,49.95
08fd236d2b9c7fb54e98c43a83d40cda,49.95
a2ae1a05b2058776ab0138c75da742f8,49.95
13ce0586d3fbe51852a3891ee929c7b7,49.95
9be3743249e2bba6586e4f78a339ab75,49.95
19dd46b50be1aa6ad77ddb9191457a8b,49.95
abef5bab88d8303f981860d036d2ebcc,49.95
127a1f9a2ba1c4e217c8fdacb8415b56,49.95
030f8728859c2cfa3a4ec60388f43f16,49.95
4f9aac9e4ad8fe9d9c9fe19daf940134,49.95
71f4e0e0f3b6960d818e2ca6e92261c8,49.95
6d3daf88dad3c59f48f9ec367fc43a78,49.95
e877254b340342db8d85627f235bec4f,49.95
ed6b560e8ba78cdb7670a08005b61f85,49.95
1eabe81c2776591d3fd647bec734d381,49.95
253a82284b4833ac311c1bfd1f4cb595,49.95
6e8c1982f98054e1b60a4a3ecfec3fdf,49.95
3435843eaf57bad18bf0d39305d6f5dd,49.95
e53e1eedc9ebf9fa7a3318c60ece1d25,49.95
9d6ba2d2e1c8a66608088229aaa91deb,49.95
0da10477497bba0815cec910862d27d2,49.95
a4850b2f860df2ca227654e927a7f34d,49.95
139b25990a93de6dceaf6b7d5d8d4c3e,49.95
2a5f9b176a5e7313e3836750a5dde869,49.95
4ae463e456b14204512257ce14634bf5,49.95
b86bee10ecc2e0932842fd9bdb23a469,49.95
93bfdeb73351d031f1b66ecd51419b08,49.95
57c0cb950e45449d5d43a9048383d0a8,49.95
70c99b15ec648bc2c97997dd3516ec93,49.95
f6bbef5ba9eb60e9f08707ff5cded7cc,49.95
199e7ab738d50c057c66a47000fb3fed,49.95
046da9eb71f72a1d1f4722fdd0f6614b,49.95
d5d9f795f5d1144d8105206c7e73d4ab,49.95
b612238bc7dda69d1e4df051587b966f,49.95
99788ef4e91b5e9d8771b66a49441984,49.95
d5530638f8cd8082128e4e66392595b7,49.95
ee3b4b2a37bfecd113a6095902de1b0e,49.95
44e0678c87b6d11c02fd7099d45342e0,49.95
3745f821304d2d872da468c124e48b3e,49.95
3ff62a38cee596b9cead9ca8f56c1781,49.95
e424f099ba16554747def169a15b2b4f,49.95
302eb230f9bbaf21f2f6993c82b67183,49.95
288b5dd3bdc04e80c59fd66b0112f8b4,49.95
5467e28a6f75b063b51105ed95a8e111,49.95
ec8456833b489a30a289b163c2b296c7,49.95
84d5cbd634044145813051a966db04a5,49.95
7ada717d4b7b270ffa1f2c9dfe585e18,49.95
9b63fc9c90f6be5237bf13b4804916fa,49.95
40f0183f7439212e8ce53dc6103dfb2f,49.95
783036ef3e00118bd0cc80b146a4751b,49.95
fa9f38f5c654880d3bdc299c43aafbdc,49.95
cf29149f8aa3113a1b24783414be5483,49.95
7b748f0922eb2c10ee0f9f637e7125f6,49.95
bb770c5def3cd3c1c16e76579a614abf,49.95
472a39839e3ad5a790edb3721639caa4,49.95
97aefdbdbd4827e77ef2b1c3bb50d60a,49.95
226227733f6274f0dae93d43d4d99c7a,49.95
424f7679f29b230ce525eb325dce49a4,49.95
f3e2f7c38930a5bc15728d8208abb251,49.95
6575f0577a2dcb81abb952843b9daa7c,49.95
65cc644f2f12e8c6b77193b2c667a4ba,49.95
c7c0e37ec67378f2ebf1512797ebc2d3,49.95
c57651797d7dca0e93258700748d3d7f,49.95
b286608a091dbc7a23c81fdd776d041b,49.95
8107ef7300d9c68b78a1e6650fd8cc61,49.95
bb923a84f897c7ffc3d03eb905f7eddf,49.95
15a93aab211662aef57e579c573c6f02,49.95
7b07a86ba7d3c0c53f96bf14ea8ecc1e,49.95
ffa68c2831c28939574acedca340d5ae,49.95
cccbff3abc86a7fd77f8090cb0b9639e,49.94
30fe36e40e801f6f55cce8ee4aae9da3,49.94
84cea6b19cac55bcaf22004efc66e2a9,49.92
50ac016f147656d8992cef865b69b257,49.91
73e8189e7bd89b797c89b1dec2fc8f7c,49.91
2b77921222673f5f8c7d73279c7bb251,49.91
22cc41b7201d6a520de0775ba5159aed,49.91
35e7e54f7840d659ec8d270cf00a66dc,49.91
2680dc46f78c878b1276273e01432bac,49.91
7a679d5d672af90243ba392f23eaec66,49.91
81af6d23c8d9d71ef6b7a7d011c8f1c6,49.9
e9c2696343754fa3251902af0fb408c8,49.9
d35fcaf8e2d179c2ad758ae8beadc501,49.9
68341b6f83050b752c954ff6e2f78ca3,49.9
9b913bcb627ae76e3fe17e187559f06a,49.9
9df53ace643387dad918d4a85f961eb1,49.9
5d80ee40c7ec6efa0f11832432324db6,49.9
3ff87350efde8567f0c3af39a6f236a2,49.9
c29c163d00335ad9470704acf3946544,49.9
0db36b3f2051fa4dd7db065bbadfd7b4,49.9
96146cf7e9a4b8e25cab09715434bbb1,49.9
4d6ea1b19aa670516d625c6da25d954f,49.9
fdcba9554f904055165fa9ab9058fd04,49.9
2de2bcf503940c1f1a9ebfc58f40c543,49.9
53f5602be13a814f32672184120febca,49.9
5e0bd280fb0e426125c899b520434e44,49.9
64fb950e760ec8b0db79154a1fa9c1bf,49.9
fa3b91e723f25db883d9d36aba9a580e,49.9
8b318ddc93f0076d90f07847ddf47567,49.9
c608f7336568970b364efe2928979019,49.9
b0c1002c1c2785950d4753721642b0be,49.9
cac877e3b4e0495e13b2ad7c96aa5c11,49.9
0aaefb80e6a0c42a29ea9afc0a590791,49.9
5dc13a5afff273a289ba31247bebf067,49.9
464374e2978f309e923b8abfd247e92e,49.9
6d62379ed5ccc900be46d1f2da4ead92,49.9
6e7238eb7c39fb19275bdac1250f6634,49.9
c42a35fad2783f9119d187d684a1430c,49.9
4419e2e728754cc482db00c14be62a61,49.9
11b404d7080235f5ff52a1c38deb5a98,49.9
8d09c9c7c87997b0394c545088aa024a,49.9
7b26720e0d801bebb3cccbc054d0ef55,49.9
00f5111aa1572c08c765f48e20edf87b,49.9
0984d27d6583310ddaad418a2854ebb7,49.9
fa77b18f726edd2bfde260da2cc2dbba,49.9
3a973aed0757ab43c195793c4c756f6b,49.9
042194e0fc30991db79f049e26ee8098,49.9
530e4206f359251c5d5a12daec061037,49.9
6ecbb48768871dac5066a3aed501e699,49.9
d1d142ee7d202450c0699834ea26a031,49.9
6321967be34f1f61327ad2af4857f65c,49.9
7a60d482d82b2ff409a49d3c0529048d,49.9
d7244bf822c9028b0c0635c1e3948047,49.9
3dd70ca21e105245a350c4d2e5bfa488,49.9
f8de804e08c544b9e51607947fc9c5e7,49.9
1ddca89b0527c91d2bd8524d3614f051,49.9
35ce0b4b731e2f576d0facbccab90b77,49.9
3e03b26920dd91486f3ef212fa8a0854,49.9
1e45cc438a2b5db671bdbc26caa232b3,49.9
77613c35385f90bde78c9feb941518d4,49.9
6ad4a3dde17f5ebffcee1589413b5a82,49.9
95a7e3113bcec755d39fa5d204eead18,49.9
c770815b9523cc958ee5ba09819fcbc0,49.9
5b1e8a6804073d1ad4798b2a75762ed4,49.9
4ecafbcee7a90b1cd465a44496eb6789,49.9
028ec50772515edd2a7c7e6f212cc27f,49.9
049c5780679a316a9155f71602ad1db9,49.9
e032c499a68a3985c1948ce28160a551,49.9
46942ba3c793925cf51c0b5a72f4b811,49.9
2c9e857e7297bae10093de84dde3961c,49.9
096998a766ecdf5781ac34029965b83f,49.9
b9b441696ae97a6a6d884f8240949ab7,49.9
177fc7ae2e9f2151a7273d1040eeb7a8,49.9
e2213ef52c2e5b77e384da020482acbc,49.9
e6f1d2f7ebe34ac3cdca5e628379e59c,49.9
4e14c735c75d9ef95926a7eefbb67f48,49.9
10baf140b1aeb0502d2353e144d75548,49.9
77089f53d5c42c03dc08dad99b373989,49.9
17bbadf6276485131a966dde427de51e,49.9
94b56d3de9b7cc383e20aec762fde9f0,49.9
c26860c28284ae4ae0c44c2ddb8fbbac,49.9
7bc4316012cadd7bd72e39fa69b5cc07,49.9
fe4534474f60ea37e72b0cc0e0fdc212,49.9
7d7197562f016c087c9bfb40e4128672,49.9
171c5523ee56a47b6494aa15fd84acf8,49.9
936142b381374fdae2041552d1743af7,49.9
a7b1fbc6873f02a31b7ea555c90cb274,49.9
34c27ed6f4633b1575333f185f8910a5,49.9
7e4ac2b8cd4c3de8d85b2fc3367873bd,49.9
a32c679c1442b98bedec979ba6015019,49.9
d3a05bd8ea655c5e7d56120b0b23669f,49.9
74d42649584dc3dca22a3f1f27232c53,49.9
5a79a2213d2a5405ddf945d1f73907f9,49.9
d1e9dfc3cc11c1c913325204a045808f,49.9
07bb973d937f79716f72adaccd6a4d17,49.9
c64aa85df0994669e681545091d74b64,49.9
874ec9d1ec3f15deb44f83b20b55aa71,49.9
f973547855bb9b1b092836001420224c,49.9
9ec488daa0d155f091d5c35097785238,49.9
ebfa2c7d90e825eae93363200357b73a,49.9
a55b337df916dea7cd0da42b520077ca,49.9
704af52ae3158a3a1cbdf19b4a75eb6f,49.9
5d6d4a900e250bbef1deb1167433fbfc,49.9
3715c330013d1ed016d2625f834267b7,49.9
c1b5f9ab36d7d65710b9a76f1d3ab275,49.9
e4479538a52c85752fca6f79078ed387,49.9
1673fd6c2e11fd185ba96207a5ce7af6,49.9
da9a939a3d13a1ac3798da6a22b674d1,49.9
f2bf47b246beb9ade08ed9fa3775e416,49.9
0d6e60614912658914919485bad43534,49.9
037bf020eead8d38386571748d79f2ed,49.9
9b6de7a8f933729d506499252e96e884,49.9
d7dc7ed62eed8f6c96f39cde34912389,49.9
e92cf12c7abcfda93511da666ac2240f,49.9
028ef41231e80887d8be309e5a28aaf2,49.9
853578575eb2c89677c4d76bde945b5b,49.9
12fd0fe408926a0f68ccdf59606d5a41,49.9
35c38c5f1c0b6df10f9f690a71361121,49.9
53672b98e89f2efc5843c2c0811e8205,49.9
aeebf5c6cd7179032edd99d413eebc08,49.9
ad5f5cd6d22881b872713a934ee9ef28,49.9
754d65c709a58ea22bf44aa56b4c3e40,49.9
b97e1da54c9beed84628fc0a29339fa5,49.9
216b824e1aa1817c80b40f8f2f8b246c,49.9
04172bd08c3ce1f9546706d7c239d62e,49.9
8891c02b39e08c241fd6c4372c689d60,49.9
7fe022d44964a339398a981ce3026ea7,49.9
5b2f78b5f6e986453ff9fec40c86f44d,49.9
0ce2e9b14cff24808d5d4aa835c7252e,49.9
245f25690dd45fbd1e15f4941d9a6439,49.9
1ee50253e3788c72f0e1bc03e2c4b84e,49.9
18f74e80a2e036258a58f1529b476f50,49.9
05a434eda7da9b83ae8633e96bcfb821,49.9
c62fa47ec3288088f819f9d779871d76,49.9
de625bb01c8658149de04dc8100bacf0,49.9
40233428ba317c28cecba43555c048ac,49.9
0d0ae553fca94b2bf35ba0ae7aed60aa,49.9
1476fa2099fea1b4af65f6fa6390473b,49.9
2f59aa176d0ee1395a0a9dc5cf865458,49.9
f01c52a4a145463aae16a5017f50f11d,49.9
66e8039d5fddd75067de6b08e4bb22e7,49.9
ef353b90b93a47ea1e43e68eec8606c7,49.9
2fc6a0e93c0a17dbedccb9efae52b7f6,49.9
a76f6411f0bcaaab45749b1d2734960a,49.9
90f1d9af2694da66a8d70c29536198a0,49.9
3f004d89b01cb576527bcc9149d4cc1f,49.9
57a241d2b4f2edfab68fe1ede261bdf4,49.9
ca559371b1efa6b4733abba1c71494c9,49.9
04525298a3c6f9744df148b9f91dc0b2,49.9
7ee20476c82bf1b2f0e35cffe4cb474d,49.9
939f659b74bb69ce5a0a7c3b3e351a28,49.9
54dcf06632be05abeb6ed726b761c022,49.9
7ada4336f7dfa49d1be7bc1b14e3cd10,49.9
f2dd9d0abca9dcb1e49685231aa0843f,49.9
880debca84176936aef2ede72ff166e8,49.9
63fe4386560fb932f449ba208c31cd7a,49.9
b7d67bc07c5cf3009890399f81416a9a,49.9
6bee504481a56460103ddf7f6d23ac98,49.9
b3362143b2992347d6e6005b971e3b1b,49.9
3e16ea28d6bd7480ea19cd0d7c248f51,49.9
a444ac8a7f4353e5218cc4b2040775a8,49.9
8279835c2d06da356052cc7aff30adb3,49.9
a5772880d8e7c4d0b5a1819180bb39a6,49.9
30f13ba09acd98e8329af3de045409ab,49.9
2e9885a628a85fa34163ca87cebb5d44,49.9
4578a3079ec21d3e411223cb5e3a8258,49.9
bd2cdc4234461c8e50ff6b8a8f1079bd,49.9
91c84007c68cd848eddd9df488f1594b,49.9
ec7067023c9bf1a4a44aea980e45bb21,49.9
3bba950dbccb49c7d5be5793713b8368,49.9
b58ca5bb6a3f7370ab3456a7d2c582bb,49.9
f51c6d9e24e077d5755ac7abdb209b1e,49.9
266636baec3cfa8d854713f0b465a2cb,49.9
05e8c670b506e48de998151c93bf87a7,49.9
d937ba4663258fa8eedb17dfa158a0f9,49.9
b33dcc7e3646f17181df9dede34e1713,49.9
377fa3ff17985925de03df7dcd0a0579,49.9
1df78c923a7db9f4b3f8bf63edf7adc2,49.9
181478b61d7275cd79afb1ded8ad7f41,49.9
4ddafff707b98c2f941aca4da98b3044,49.9
44396769f53f5560ba348bce5147c79a,49.9
f1eecbba10e1689e4fddaae036b8a85e,49.9
b8829548983e5e22ebd65f1912aae3be,49.9
9454c6c6410b952f360e2750661564e5,49.9
f4849d618c472dcfe69122c165a16b7f,49.9
bc79e7caa09731190172e80af2e3d126,49.9
2d0789135ff0a352142fb68207c0737b,49.9
369cf8a959e34a7f6da94416d4b755c2,49.9
5964bb3f7c1627da0fb95809a3bec326,49.9
6426d43df496b0f659d56d69355d41b9,49.9
93bbf7c08e1faa50b6c60abe5337ae1d,49.9
f8c868506ea46f20c7d16abd83d88279,49.9
de6a99b52963d6b03a27d8ada37ba930,49.9
5a3bb993a582c8d3042cde231649578a,49.9
225325b542aad694050438f9beed19b6,49.9
075b1ee3e2a225492cca5e5d9791e776,49.9
e423c0347c0e52135f96459b6fcffc61,49.9
bd42702f2336b749f68ad537b1c0cea5,49.9
953a4515d1eff98c3269cc3c42fcb779,49.9
849b9aa0efddff750a8993d9451ef611,49.9
504d673e906e4eb7fffbbcaf8afe0469,49.9
055969db327a781fd3d88472468519fd,49.9
a2c403073285474c9bb42414f75badde,49.9
7824c8b07c7b46bdc97bf07d618a524c,49.9
829bef4f2034240ba8baa923960704f5,49.9
58512a1043fd8047a4f96d5fa665fd2d,49.9
e9897d7b26b4ceaa2b3f07a0e4cddd98,49.9
2a889a766b7eac565df2ccec2c2d5fd3,49.9
2fb45b4ae0e65e987cd6d8a5a01964cd,49.9
b60fa308b463e0861f9acc7c196a7536,49.9
0f3a6d2c22bbdb61d02eb98f4a1e0dfb,49.9
b88ecfa0e624d3175e5ddd104af149d0,49.9
dadf79040bc86eda46a4fb0dba778fd4,49.9
0c9a9d3156fbb9d6d4d2ecdf35c8888b,49.9
641ab097b6b9e0e84304f759f2b6f78e,49.9
2b2e382a46cc4a7fa1a7b5b16c70ff3c,49.9
5525ff1b53674cc931349603b07b8c3c,49.9
5bb23aebb52e34f98d96c69bed23552e,49.9
aa869eaaf388bc78060167ece2559f15,49.9
05e54a5f9eb2f443192d44067147a451,49.9
15c256d6576cae5d8a1e6bc20c3e5cd5,49.9
227b4936c1389b6feb5a4b2d5a1a168c,49.9
9dfdab8e5b4586c673627fd1bdab3d36,49.9
cf6e2b8a22d2788c9b3e26b2a276a065,49.9
39f707c5c87d5f8c8e4a26ce95292a81,49.9
6f7e4eda4a91a18114c7ae6458f4068b,49.9
a95304becd09a127c1f2d609e2d6d34f,49.9
c1b625a759273b6c252e40b7a117960b,49.9
b409a48a14d3a157df79b762696ab2d2,49.9
9dcad673a1806e27ee372631f697b1c6,49.9
a86780ec4509f4c3191af88c40de649d,49.9
0378e1381c730d4504ebc07d23b5bda1,49.9
c7a39e57073d24ff31afa32250179296,49.9
0c7aa3b3d34237d58e07d8458c5683ba,49.9
b7ad416636a6beca777436a1af04c477,49.9
f8bf5e130e38db01573aa587ea2e9a2e,49.9
2771dda07bfea1c6adcd6319ae8ae62c,49.9
e67100bdd7919f11bbaa485e741c48e8,49.9
afd69f75ba9d687b7fdea79ab3ccbbb5,49.9
6db2c639270aa71d3a760538c051b8d1,49.9
f935073220d9b434fa07ed832985c724,49.9
9844c04cb1fe2692c7346016ef7b3254,49.9
934bab8309cb5fe3e752f21cea484530,49.9
4a10950356df84c8e24bfb62036767aa,49.9
f39825f1d3527bc322f6818ce03bd088,49.9
b5f533f7de4aaed81593a76fcf108929,49.9
3a412111e4f293539eae05b502fc63de,49.9
be85a838ba9d5a534df81333b491655f,49.9
f3821d2acf742563a4ea73981a7b6c8f,49.9
e11ae7b2848f4b2351a3f81350d2cddb,49.9
8b822fa56bbe10f4f14af6500eeed98b,49.9
8cbe6c3bbaaae2aa9f5d97827a7968d0,49.9
f562336dee8e854046a3621adf15aeec,49.9
f3ca3600b3e3a18b81e657bce05fcfdf,49.9
3ff6172542ecaff2e23fbb3c5396dde4,49.9
4ff25b11b74df70d77dee5fac4dc0039,49.9
1409b2945191b7aff1975ba2ce9918c5,49.9
f0ccf95ba87a1bce75b41da281b1c91b,49.9
9b1cf85143c429c569ffa542f24ce20a,49.9
83e472fc272a642c39a9ef2215561aec,49.9
ebac3c15b74e9b4c4b679fe173ec5798,49.9
78a3b5cdc93c178a8dcc9580a504a7fa,49.9
b570c3635a4298fb6ea7f1b24771fe83,49.9
e1e145e1a407187a0057f9008aad829f,49.9
51d5188f442c53066ebe0b69d43aaab7,49.9
775d64e14996ceb86e5e883a5a66d206,49.9
6f788a9e0402a953730e5ac491046371,49.9
77ebc669c95a4faf1c6b941b1e46e475,49.9
8b17c3136acaa0d568207f282c9434e3,49.9
8101bf533d228dfb0d83efbbcf75df7d,49.9
75932cfd72b87bd6079cf17786726807,49.9
3f1dfe685c14112652c1765c32c99b95,49.9
a96c3e3b619af8097f2664ff6af50487,49.9
b46b92545792b60cb001d909c3831ebe,49.9
cee03fd42fb674365f5af3e609f206d9,49.9
19e3f061b5d200ed3c38d54372896e48,49.9
4e2e0a4987e850cf36488148cd7a8fc5,49.9
f5e4b92cac2678c4948e15a55f0ce820,49.9
e6882e9b4d8cac7125a6d98947ae0bf3,49.9
b19f542d676ea384dc2bfe700115e09e,49.9
67c4185cd715146c94e08bee4c466fe7,49.9
d2c045169d51f3cf216c258b5fdb12c7,49.9
d178f8dff09cb8ae2398c64c4a32f66d,49.9
597950088114c1a9e2b27459051f40ff,49.9
034454b0d87f1dc91dace5306bde36af,49.9
dfe71893a18391e8e6011db86672d067,49.9
8d7a21a72282d71b2bef61355e5f1b88,49.9
d5105a198bd098a63ec6041cfb7c683a,49.9
6458e6b2bd04e77c2beab6b813baacec,49.9
d95569d6265eab9ec6587b4e3d939f55,49.9
eb63cbbc3edd0096ac53f7fe81533f22,49.9
4e4ab12631767d0b1b3e6d3e8830326b,49.9
f8dce7decd9d93480756512e175760b4,49.9
8edd7d1672dcefc4681d240c3f151a13,49.9
0543a4072ee6393ab6b0c48639a0499b,49.9
02fa7cd4dbbaf1b6794f6f78b0918985,49.9
6abc04e25f0ff0d1075639c029a32ee8,49.9
fc3bc2de4e93457488be678d6a346653,49.9
b088be162a30d463b37ed38acf4ff8f1,49.9
935449dc5f857cffa4651a947e0a624a,49.9
7ac0a40c02e7b79d14b21fe0c2737fa1,49.9
972a4b24c4fda5f5c961f00ceb0501be,49.9
2490d3258154e0aa83eeb1f3bc76a75a,49.9
3dc77678850c657617eda579624570e2,49.9
bdec33889d5e740b542fff862327dac7,49.9
bdb11f4359b264ea2474110e64a7ec54,49.9
c0fa7f3347b157aa5d82b3c2f55ef164,49.9
14659bf9511afbf43d66fcc2d7c109a4,49.9
19c1f172f84e691499a36354dbe96944,49.9
0258b86016655dffa67ff624a6f76130,49.9
d0590fa31b692186ac9082cb51c3d771,49.9
1ae150472f7c6935fdad4216418c0ce4,49.9
c0bd9bbed7ea171381efcfef76a53b91,49.9
f7676a8b1b9377d36b7e7699afcb8bc0,49.9
903556b4d68641eba22c0dd627d76c96,49.9
5f7f9c1ee727aca3b625220c95177f4f,49.9
bce63020814afdf2717e3c9b9ff1534e,49.9
f8a1cb0051331f57beaf3523f2c17b63,49.9
f4aafd406bb5c1eef5305b37167fb6be,49.9
dd363de1c47e9447e40ac0a2b65e7b5b,49.9
1bce535b7751324cecb6cedb616dbfe5,49.9
0c97980a30d97a6bfda61a4f10264bc7,49.9
08beb044c0172b237ad8f36fbff81652,49.9
184ab3d6d53ad7db0f980d864012d5df,49.9
82a5bbdd3ce9c1005a71557a3584a6f3,49.9
222e2f8a40cd10ba629a1bc6dd7848d2,49.9
161b084b1da1063f12c806260be8b0fc,49.9
eb4d2893124da6af86565933a36c24c2,49.9
a404e7de80bcea1f5192df78dda47f74,49.9
0979d944dc34878750e6e0823044c62a,49.9
94747b8a0c77eb8947fecdfa5b717435,49.9
c99932b765fc1b7a1c5a4c3f996f6f1d,49.9
5d261411439a7a651db830bf3f859e6a,49.9
89ec836debcdac8b168d55b0cd28b2ab,49.9
c812dde413256071206505c743db48df,49.9
f78eff62f9eea9cdabb344137d1f6ed8,49.9
9e6f48cff45a901d5e9c5ae4c9127456,49.9
51ac86c658c5b32eaf747eb4287f9e34,49.9
7cbf96a5b37e368df815f57a68a8dfa1,49.9
f10ef18837d8b540c6f431232d91cb26,49.9
f9b37f6a2591a3a3ee8ebbb20196d71d,49.9
11db63d961c182ad4528247f61bf42e1,49.9
c6a4fda370ea0fbffe2be75deb000c14,49.9
5638c42751e237d265ad0c0536256311,49.9
238a5f6c34460fd3626df27cfb0d0ab9,49.9
76964e737528f1fd79340acd1881a5cd,49.9
86f4256cd3618d9110edfb952a008c65,49.9
e1c4ffcfe541eafef20ba795b776a613,49.9
5964c075c70c23bd07753f8cd1503c55,49.9
cab8af339f1d290aade1fccc8f9c6b0f,49.9
e89ae15e1c5c8c94d40732a7f0b9d413,49.9
0b451ba5ecdeaf9cb93c0a67c92c29c8,49.9
e460042becce84828aec56a0555678a3,49.9
915629689eacad2a9b739f4b3807d0e5,49.9
2f1fc248a08432dce26f8882a6a9e39e,49.9
8b93045a7fc41de7cd1f18b0bf610a8a,49.9
22d36fcccd3acff33874992a456a2d39,49.9
8484992c1eade2ac6e233494e7daac51,49.9
2c58296eab043d713ee5fc669f6aba05,49.9
a0e89d4138485d7b7a038f96a4bb528c,49.9
a4f866fffea84c408569acad1def536b,49.9
1b0a218005553bbb622b569970807457,49.9
1147cfa7db718ca80236195d7fbf7dcd,49.9
4be7a641296e9a4e87db08248257f4ef,49.9
ed0271e0b7da060a393796590e7b737a,49.9
1d8f3c5d0759db03afe25fa508ba5f26,49.9
2a06c322bce920e9ca1b4666b1a6b8d4,49.9
f11f3360739b68aefb45eaba4a6bd1f1,49.9
ef22056dc8495090cdc55992aa9ef1a5,49.9
7be17616cf223e232e7737f79b6c46b3,49.9
9a54b61650bb6b6dab4ad690c4b265e5,49.9
388a43487598d630805ec56499bc6ddb,49.9
26ac23df56e62150d9f3d4bcbe1feb87,49.9
0f3eb4973621984961ab99909023c585,49.9
a352d9998a7da7886dd7eda4d6a8bfd8,49.9
28a6edb0d0efcf78339aea74946c31b5,49.9
50d6bcc25f2532c7a92f144a21187705,49.9
073a1dd224494392bd923c55a093ce4e,49.9
60401138424ae83a86d350a14011cc2c,49.9
35ec6c1ca9e5844c5ca94214cce16dca,49.9
432a6ff8a318c04e5844d0f1e37248da,49.9
fba9938946afd9cd58e7be16ddbe9c19,49.9
2ce569937fd15454ef0bef32cff41baa,49.9
a96daed72283ef80bb80786ec2625a9c,49.9
04ea55920e35d12b624eed3a92b137f8,49.9
04e0f25cc5098641d43654cbb7e73f6b,49.9
fd538011351c8b3d5634fa84917d6f5b,49.9
6131b79a5a5915748c153d54102c6b32,49.9
c83ceef725175bc8789fd9b820098b08,49.9
92bc2422a7740b9ee88c414a640075e4,49.9
77fe44efe5b14555df44f027cae1cdba,49.9
f06bb0bb030eef32d9ce6d9a4f177605,49.9
12d5fe2dff8194a6c4b9320fac65c9a3,49.9
92da31c4d9d81552801e3c1a6194b796,49.9
ee48e6fc86aee66dec7bbda8ae0fc3fc,49.9
e9e693343201f167d4489d22fa9d7b20,49.9
d387341bbce5ab96e3647bb0e8d0b55a,49.9
48951287f296dc428281ae12b23072b5,49.9
fca8329f8acb14ce34528309daebceab,49.9
ddf0fc4e5538bd1eef22bd8c2fb726a4,49.9
6f58e369991106fe684c3c4364508a94,49.9
2658ec91fb28e93c99f2ff35dc81dc43,49.9
ceeaae7ee13b40a086d0140281bef2ac,49.9
2167f4b3d82d1519048c2a2d821765f2,49.9
5ac3eedd22a6b9b50cf801e60e4fc8e7,49.9
81988f486893c00852488b7803c3650d,49.9
b76ebec5710cf10fdcf3a90c9d0315b3,49.9
df4b898f23b187ddf234dacbee036bd1,49.9
766688dea854fc408d44e2f210fdc531,49.9
40a9f7530f5b05737ed97fda2e03e6df,49.9
354e7ab465a3fe3f1cab183fa4df7bbf,49.9
5a96ef8103ed640c565b1cb9c2ac290d,49.9
07eec386a53111e17e55f958947dfd4b,49.9
6160230e6f8adb5cb023ad37203287a9,49.9
e60baa4442cb2a2f5e3c4fbad4dc16b5,49.9
a3d6117116d98e1e41689a653c4b72f3,49.9
8a6c1f2258e2b15dfc82477615fd9ed0,49.9
0aa7617c001d7897e1b3e1efb95dc471,49.9
ae37c7c2f03632d387b922d9179f3cdb,49.9
2dfbbbecae42828587b832a3c4d4a893,49.9
873834ac00ab80de4d9cb2decaf0af61,49.9
bb79eb4829cd191cdc2664df115f357d,49.9
982bd9951046d28f83d0cab9fde6ea57,49.9
48978b3b05f04639d393318bb74c459b,49.9
b40e9509ac043645de6ac145ce787a3f,49.9
7842cf4e1725f54e49052c3d2bf2b2fa,49.9
86137ad76337bb3d7424765d49dc9579,49.9
0f57e645cecf722b120603d0d6586f1a,49.9
33d6613da0f9891f7a978ed75b647f34,49.9
1e602dfaa99944b2b30ab59c039b80c5,49.9
d457b3332a59dfd741d7bd9bb57b73c1,49.9
20d4755cfabd6aa349768a13ef1c7f78,49.9
7ac341a526beac4680eab4b88c32619a,49.9
29273dc3d377263d39a9161d8fd64121,49.9
ee94754cc685fccc80e5f9ced9ca9a8a,49.9
23d6da614b40182e3c858847147f2268,49.9
0f0e7b31cc8256b64d06a44aa5da0e6b,49.9
bf937c454bbf09413b7407b1d83e64cc,49.9
b699abc1a43849f50a8b15a9b7df2978,49.9
b002b854dca9856120dc7f6e22d9313d,49.9
57e039a11c60ce7be47e29b112f02074,49.9
087877f19f6e3dd2fe0724376a2e7f8c,49.9
585c5fd91de9a68ca00f9d7cb63dd254,49.9
7b380de32815f7e1c096e0ac24c212b9,49.9
e010713b72d4abff34f5607c632db1c2,49.9
53ccbaa196330fe88ca8ba987c72891a,49.9
b922bec3f09f25b13a8a646fb8585fb6,49.9
d52a234746053c5d8415c61a8d1101f1,49.9
16187b81e2a6985dfa773e06a9f4eb8d,49.9
6b861e03ff5e176b1c6f6c4dab109cb7,49.9
34eb26c3f18b5b9033447908332a0043,49.9
a467bc7fd76fd535a481eb469b97c404,49.9
89269b0f9eb69a69021e34ede4483459,49.9
f515f199e6cc8569f3ab0ebf2905b3cc,49.9
86107f26343c3cd328fb9e6cdaa7bf95,49.9
61ca21aafb7110bf6cd2078f01d7a6e5,49.9
d44b5fcb3ca553a0c851d999445d47fc,49.9
e666012f897c1523f8ba7f7ce77527b0,49.9
093258b7fada22df2983c50530ae29ce,49.9
5b29fabaacf58cadba768cb44dc28089,49.9
83daf1e45e755edc47296c7974660c47,49.9
c9f75fdd6934fe7d0fa4bab85e2c73b6,49.9
52e670c39509247226b101a2cbbad245,49.9
ddc55f221691ae89eedd4bdcd17014e4,49.9
2dd21bcff00bdf23764d180e6b65e7c9,49.9
2f54fe23880698b37d980be4da8af756,49.9
82d27dfab5d50815436721c1fa587182,49.9
ea50d78b023d96a5d45a86d2059348e1,49.9
b90b0b7a2e5f7b78057247cd0db0ed51,49.9
1f5b0c07f0465d5231fa25560f7f321c,49.9
d8e7083f456ba33d110d1bc142f3bb24,49.9
a88993140c6e589fa6e377b79fa5f56f,49.9
eb67fcd5ae441f4db7c2e8046d632d34,49.9
eb316bf04a90b4dbeba933542e543476,49.9
7998996c8d5a845c7980920498fcc06f,49.9
1f2a03c677c86725f29a8bb0917c6a51,49.9
2b2d33994e74b6958e20bae94221c036,49.9
ed9ff4f184dba21d515f97c12dbd94ab,49.9
b1e99a86b163f1f25e7e0fa3360ad93d,49.9
10d65278087264dde732b5d36336496b,49.9
0a6a12cfdcffefaf2c8d346a7fae26fa,49.9
228a573acdda157d7d9cf3f40d86f5e4,49.9
f5294fd3bc349e076861698912675c2e,49.9
5dda15fe868e79aa4503e6ea333b93b2,49.9
059f29f70dd5872036d655d20ee08965,49.9
2721ef590caf4432f4b543b9048f9cdf,49.9
eb8fa9d9b120b9368060017e95e085c6,49.9
969f636e9dd16a2d0b853b4541037698,49.9
d17086cdbda06733d6f3726863403b4e,49.9
087f9b562f7f24274e418c71ed7cd56c,49.9
a9f71f4f860e3954721e0f6b77c58fc5,49.9
cb51e319e8c3bcea224283ec1cbad11f,49.9
36c540c5c82e28dd7b58e34234911285,49.9
024c5e8dc02a1cd8856a7f257bd98844,49.9
e1a8132a93174597bc2dde1255a39b21,49.9
ddcaf43f9ff0a654b00262f451c60a82,49.9
1a5dbe17955f253dba47bb5853716345,49.9
8181a8f18604ee6fc011afabf08fefde,49.9
96dff9ba1a37c06cc85a869434539166,49.9
618815ca1867ab9a2ca1625e2a2ce97b,49.9
369fa14214ae1c13595a90a2233b1484,49.9
61259afc20eedac60913bc39c6d83ff6,49.9
958f6b1eb31681bfb505f022e17733e9,49.9
424666b500924dcee2fafee945732103,49.9
4bfdb261c20fd7d1bf5d0f19eed48789,49.9
fb8f4bcc1be04e604d59d0e48e7b553c,49.9
e50c85a1c5f78111be85d6d38c919a30,49.9
fef23f5010429d851aee180c61c39efe,49.9
abb5f1e317829843b87cefa88f6bfa08,49.9
1dc4c9fec0b8dff52815bc148005e1e2,49.9
07ed792e0e0ee1cfe088126d6914f279,49.9
f60a773af29509beb39ce69cacbae01d,49.9
98fef27881bd8e167eae933b2893c6e9,49.9
a99b14b9f830058b2f3b5dad85b43559,49.9
15d87bc44fdf6834f3ce6ed170fbe473,49.9
929c6bcd8432a26aaacd0246a356be27,49.9
681763cdf87fb901b23f8548b300f2cd,49.9
cb5335826b0ab39de2c0fcc6f6e3d7d1,49.9
a70d2aa8d067f4ec14c3cf080d6f820a,49.9
913b08f751244e50dd1e3418724e77b9,49.9
20fbb63a03f5c997b94b54a007f52af0,49.9
04dda5c8deb02a801e2f7da84881cedf,49.9
04b725a28205418c69b04add79d91c0b,49.9
ae50af5e4ca14b19a311752271ab9166,49.9
1e2805c0173170a09ce422b2dab60c30,49.9
14cae843310ff181765658f645208e6b,49.9
60cb365d3ede11cd97f1d411b0c609cf,49.9
7730d05bf925086694627bb1c4e57af1,49.9
2fac8a27ae3f7ea0cf3f2c898704703e,49.9
5047508baa0da949a7e0d1cf934996d0,49.9
a8e11d57d30e638bff0d3714ccb15087,49.9
bb56c2b674bccae86229cfb114cfa422,49.9
7fb813eebaef144f1a4c38e3c730bd02,49.9
b5b0ed31ff924e46f8566027d9d2d62f,49.9
cf95dfe51ec731b2c0f9989fa7552591,49.9
92ed0d927435e2b9874e0b45243fc57e,49.9
2f776459b72b9130376ae424558d2613,49.9
e944426cb230e5f33b25ed3cd8212dec,49.9
643d8b19a93dbb1b79aaf13c9b0b351c,49.9
5e8fb10b7dfa3d8ecfe7a35cecd17fb2,49.9
f0b859bf10be8f9953db9e34fc3baca8,49.9
aede7cf4fe90e191b431d682aab7b863,49.9
5b670130533827957619dfe306899fdd,49.9
6543393dbd7da4c36d67ab82914d750c,49.9
77e495840d1437dc483ce6e82182dbd4,49.9
0fd1c951a39c742d65f743041bb9604f,49.9
6f9141462d41d0efaec49dc8a76a3479,49.9
759563393edced798e28bccca495cde8,49.9
5245740a757b679fc210f46d7bc681b0,49.9
ed08de22529bac3adf7d5fd900b5c20f,49.9
24562e8f4e2484eb6586fc3716558e31,49.9
c06a0519bc86740ab5087b05066f797c,49.9
41e5c54428c31938f270e01e0d5ddf31,49.9
54f1fc5436af44e9d4ba8a542f63ed52,49.9
75eb3be9eeb6a85cb18c76fc76b0cf80,49.9
6a52aaed4fa454e435066d8dd2a8ff07,49.9
33f7e823808ce786ac284e32b07cf6e4,49.9
c193601d2a90235c13a10d13b64eb8b1,49.9
54466d649359619778a5951360cc4e23,49.9
af6838e132cd4b57f17378cfeca1d011,49.9
128dc49d33d9e4705ca47a66f8fcfcab,49.9
41367d8519996d17296299c0a76546ab,49.9
ea154db8669c141901d0199ba7ca4ff5,49.9
b4faf9e670c15cb98e54e45907d46698,49.9
739d8efff045b89bd0ef295fefa5411e,49.9
02d5496b9b45a41b93e234d3a92eea0e,49.9
34aac70467b94f3f31782b481073faaf,49.9
54ec3f087cf6e79e4f85d41424c0447a,49.9
01fb9c979f94a851f92484ae6d6bc41d,49.9
887363c85fcb5853fd68ed73182e12e2,49.9
cc86d93407044ed296e1797f53f9013f,49.9
c27b9275e1bbffcad85ed3ec3828af88,49.9
380e379d9cdef0b44cb4f9b102d9521e,49.9
eab1c61ab54fb656da04dfdeed580682,49.9
366926d8a85ea42152d28ab83c462119,49.9
40a3be412130198c7617ff3e7a18612f,49.9
8af238f91c4c0285f2b1179ebe3b8a45,49.9
36e037daa02d2286656c8fec46133136,49.9
8f11b4d19fddeb5a195b9795fe132fc2,49.9
224c768691fcf5ff9ff64a7eaf89ddfb,49.9
dede148f17af49188c0b9b70e3fa7f69,49.9
a1a17a4dfc2e4d635c2bc83034b2a1a7,49.9
85cea0ddc5af1b23c05bf395e22eca9e,49.9
916e8f4ac4615c215a6ab0423014e242,49.9
9914ae7a72a8729b8e0c04894e50c586,49.9
0135196a168da02f97f00b7300af0baa,49.9
e785a41a19890a8f11551aa3b026f253,49.9
43680df360ed4620c0970b131aefdc8f,49.9
dfd7aa2424a1aa1abe8f4502712c5c28,49.9
f5f43846cc97059ceb258cdeb5c1119a,49.9
f0cb15d64322022a1942c806cf41c154,49.9
da8cac4cda40716b63b3760486c56c1c,49.9
1a7acc2b65f962323f5e932325d397d4,49.9
bed0f8658eb431df6ae2636cb1b5b8ce,49.9
c5af41ead41ce8121fbe5405cf93d7e3,49.9
581bcf4a0d5820aef9c546bbcd74f276,49.9
b3a3ffd5d2336398f85be59cfbbf8af8,49.9
1bc55889f6b8a448cf16835c16602f1e,49.9
4cad2f3d895f2f6ad2de7e0054dd2e24,49.9
458a7594568f442693c952daece0fd1f,49.9
6ed46d1a1401e293d5b53bd611fe6ef8,49.9
b53e89ac781f73f6720d8ac3a8d198ee,49.9
544ea8ca43bb67842ae971f955d67f7e,49.9
011ec289931a2dddb4a0e40191748b3c,49.9
288e4f877f14acb0b9823c5cbf408b45,49.9
1dac165b8af97fef720a5b7295667dc6,49.9
7a95f1b494f0062025b63b3193421690,49.9
b6f67adc8721fca02d68c6882cb29cc9,49.9
fe287f582b6ae5c87674e95f6ee11130,49.9
2bfdf8e6b7427dccabf26c8138a6e03a,49.9
f693a616b17d72422b9cdfdeba90252f,49.9
97506d4cd017040573666207f7ad537d,49.9
6b5ab683c44fe7723cc4dd9ad28ce19e,49.9
24612642f0afb9ebbc51afbc9c642b33,49.9
deeec572358e558412acc3e2386a35e4,49.9
9d4b49b0fc9981a6ad9b314e6ce43925,49.9
a94e78deb3579cab87a6df262fb7620c,49.9
d8a76a94468f01bfbbe028908b633981,49.9
f22dd3455fe4aa5f8f9b54df99d4bce8,49.9
8425348e16b68a762119a16c1d807eb0,49.9
3a4896daf9f6ac7738330943dbb1b02a,49.9
ef9a972eb27eed728e810d7f569d4f6b,49.9
402943ae9d74ed16a21da5455f419294,49.9
790f3750b9619d5eaac692a81cb655d1,49.9
2990013a5e943d046a0eb0bae83a68d8,49.9
9ff9e401db5736e05d7403bd0dc308cd,49.9
e141589a49c9b47c23e8c232a391438d,49.9
f333187072628dfa94224d22f31cd611,49.9
dbdac9ead3187fed68b68fd81a5321da,49.9
cecd159026043bcaaf53374f0682ed9f,49.9
193fc54759c7948c87e0795ada003c69,49.9
a57281cbee552d26ef69b249c2eadbc0,49.9
eda10d7eb51a675d000956fa1aabc7dd,49.9
5c8b211080a8e9360eb536ab712f4993,49.9
271132bde8869ff73d30c2a9866aa824,49.9
d2916272dda3cfb2e305349c2b106213,49.9
71cbadc35e357dd0850062033ca1972b,49.9
16a2c0b51780d4999a7e2fff5ca37829,49.9
533c5c5536edd8d26576060c2561b495,49.9
27cb94d7e0d417891e662f211e26136e,49.9
cc576e3bd0e5e400279d0437cdfe1ed2,49.9
5d4ae5d223a0e0651cf67856cf17cd06,49.9
cdb4836345c6e428e8ab34ccc1daf96d,49.9
515dcc3641e65fbef358398ae6dc91cb,49.9
b51281d5c8fe567753940498c6508c49,49.9
b6e3c3e8971322958562758e9e07a522,49.9
4a007c816f10c17d6b5591756a5f6047,49.9
a06aadc1e2a90865df8fe7ce1f570e04,49.9
e42824661f907326c63764bce693246d,49.9
ad94048ef88a457ebaa1fef9f56102bd,49.9
34f4eaae00db9f8228db326914908706,49.9
d3c54c41e7fb58398a9853d20b7b03bb,49.9
52c14344945f0f7b97a43d120ee86d17,49.9
2d2dbabf96416a7a0ffbd16659697a9b,49.9
4764d7ffd9539c85c9a8f8342187c9ff,49.9
3e1539c4791020572954d38e9f77ac07,49.9
bac16e90b915fdd3cb0a5371bb122bd0,49.9
739a5d86abc94710d49a265fd761d456,49.9
8b0f765ca8052238d9a3ac3949b4f52b,49.9
d22cb0e586a9334ee707b5967c412a42,49.9
3cc90f58e7f853c7b50c1ae7af1e70cf,49.9
0d2b16df8cdf577f34a061878a02c15f,49.9
a3f74d8df2b8fa6182979d531f71c2af,49.9
4e59370bc614afb54393c2f03dda271d,49.9
c57b4b6f3719475543b721e720a526ad,49.9
98d0e7b8cee070b62b91321aeded0f89,49.9
69b9d91ba59311c2c23231ae34d2faa5,49.9
93b12da6c3f5191d31d87ed63e053647,49.9
1e73191ece95714fe9d6527505c55807,49.9
a58a4c91075481981cc978bcdeec27fb,49.9
4b275d19c7abd9fc3d9904b0607d169a,49.9
a51b7721fdf5cba3b83e56b92b7f85cd,49.9
c859d02d6f88a8939a52180de122c420,49.9
a80e463f3d9852c7d74474ef9f1ded02,49.9
cd170924602e8e00c9372c71a125536a,49.9
2c761d20fb4aa9d0e730187ca4f7f7cc,49.9
46898c46b3a1f1a811de916fb77e5659,49.9
f13734396b2c9bb9b1a0f09803712833,49.9
93bdf401821f957715b336131b46c56d,49.9
c500a1935374c6fa8e99fbea630b85c2,49.9
4d424d927d2e4bea4d3b9aae131ddeda,49.9
eb09a9c966e7801d1ab6ccb15baa96ef,49.9
2418bf588d6de0f09ec132820a6e15cf,49.9
9f2fd58b5e1b4ee026d8bb206a7a8800,49.9
dcdc2e29ce9bfb07a3c6d0d1e0775073,49.9
c2ad334d26c9f703005433aa0e72792e,49.9
271bbf1dbaee50087a9e0b5e5f76fc0b,49.9
245330e667436609ed3e8ead1554eaf2,49.9
3df48329a6d0a58fce24958eb175d12a,49.9
d2849e2b3c0729a10bec542165219dc5,49.9
ac2db495d466d0d3929abc71ec0d9f3b,49.9
add72faa5e3cf873054bb6ecd9472e4e,49.9
6dda15d69e3133ad7e89e73a2e897dd0,49.9
0fb9ff3c870105cc7a0d9bc616c869f2,49.9
94ea98eea015faad90cd64998848d18d,49.9
0b70ffeae43a2bb3a00b1ea07b894e2d,49.9
1b9506de3da8fd318853195b13fb2dda,49.9
b5f1ba3e1e06b34bc5e7ad608a7e3b3c,49.9
051cfab9a2157fdd2150d0b4aa0128ba,49.9
a553ff298f118eedefd758905f916bd4,49.9
25be208ce6061ba99899ac85dd2f225d,49.9
95fe7fd63a5a404b2ab7e4cbb14de9d4,49.9
ab287439e20c9dc4717ada1998dc06ee,49.9
0b12a2206dcf63cac81f822926a71363,49.9
6ede7ac26247a8cbbe9b2c2501964101,49.9
d19c3418d4f7e139dc545de1ff45f41d,49.9
249aeb4430d6123a4ea5c4dc3a895d3d,49.9
d56a03dc17ca55211e1925ae458ce174,49.9
fc9359b44301eb7afc380dae1953a26f,49.9
06061ffdb496a2030a55687e3d14d977,49.9
e44684e581a8527119aa977a23d80237,49.9
6df0e825a44f68c553829958bce20569,49.9
be6ad148cd108f6148d20a8ec756fa1c,49.9
668a13c83c83233ec67fd29942380da7,49.9
9a8944e4f0c99c1120656f4eba62cab5,49.9
36fb830261b73dccda10d2199a523d58,49.9
3a49e8d992f0898c0213836c71f8f7e6,49.9
dc7302a83e9681f614bb59a515df38b3,49.9
525ce41b05a0e5719c563be182ed6724,49.9
ff53737545b992cfdf52fcfba37e2424,49.9
c1fe1c69bb47a45673e0f246bcb2bc98,49.9
440026e9e865e0ffbe0d534c59a9ff75,49.9
a3809c8c58021cb804fc6c944aca6344,49.9
7f2b3135700ee34aabe5bb580cd04ddd,49.9
249f741b40d98efc8b5cc7bc2d8f3b1a,49.9
14310c9aebd9330fab7c32604f926c41,49.9
0e3e9543eeac727e8c5594ac6cb24797,49.9
72ffa8eed7683ead20dbc237792ef890,49.9
162b3f8f8eabd5b8dd9b3b175169d1f1,49.9
219f488f72dad40f893a855ceb6afdc5,49.9
f74b8400e88e151a220bc4269612059f,49.9
9dbb563726bbfc01c1ca04df3768e5e8,49.9
fde5bdd75d893cc0e6a3ba63529ca124,49.9
a37eb493df9cc1c3d784a5d46930f2c5,49.9
b930ac822ab2d45dd1007cdc8e3388f8,49.9
42ed17dd9dd112b5f482da819af01e08,49.9
225aed9e773953084b09cf496c2be05a,49.9
fb0eac929cf594b28afc7babefa7dc56,49.9
f06cdfa88172522eef1fff025ea01d0b,49.9
1c30160c6226fdfcc5d312c14e686004,49.9
c4e869a8f762791fd7c7837c55ee0de2,49.9
e8cf020e529c13c2347d8f7cc4ba1a91,49.9
a7adc93e1086eab42f28ee3d1c4b77d5,49.9
4ca133e0f76f66715ec19d966aab3267,49.9
56e6bda6f8f777b2f416c69ae6884a46,49.9
db19e8cffbc71ab7e1c29a1d6e4935e0,49.9
93be387010f0b00896cf0d40d5921885,49.9
2c60c3c170d57a625c8e9b07e30cf507,49.9
5a2555dc416d93c0f0eda7183585d90c,49.9
8345aea75d31e321ecfe407c12cbf5e0,49.9
04825cf7799fbea0fd7e9e3d33187429,49.9
530efe4698b97ab4b76ddb2dc63b267e,49.9
837dd01ec42575ff76e5b38c0fb5e4d5,49.9
6b25a3bda52ba5016e0363b41401bc9c,49.9
00cd48b2051a1518d6d33ffd01dbfcb6,49.9
aff2ea260ea09d68dc1ff576fa3738fa,49.9
223811124c361fc5d4ace04e579229c8,49.9
6d89ee9aac9ab6950ba2add7309ba6e7,49.9
6b6c68e1bb0adec87704ea9d00b95273,49.9
eddaa8af6d3be5af666176a35718f182,49.9
be13ab515f88e8f9214035e8fe642ee4,49.9
f947df10435b901a1ec4e36102afab47,49.9
56c0118c75dff04412ba1c7c41243dd3,49.9
c9c15abe8d61c9b312ba5dec770a4991,49.9
228c8d4d1310dbadc1a0b3dfdfb455d5,49.9
8452bb25abb611f34c607c66537d209c,49.9
32a2a587398d8e67d52ffe4d7445bbcb,49.9
5768c4a0f086797bbe3c1a86c53d2311,49.9
bc7e3a34cf955557bd1c2ee568aa9cf1,49.9
3626c8375b71bd285a0128957cd509dc,49.9
210b65c1eb5a1df0da71126a258cfdc3,49.9
a3fdcd48a29980ef8ea2212ce90b3105,49.9
0910359fc88a7c2610a39c0d417bd2a0,49.9
046911a55a7bc12ca917758e9c4cb5ee,49.9
9732d83dd0a2e6aa4a1ff900eca36c81,49.9
52c4b154f7f0625286206d9054608dab,49.9
d6da9177e020c24c7aa0eea0c9a1761e,49.9
d811129fc9b1b47d31159cd43308804c,49.9
ea83ff51be836c1a1b8e5d9ac1f207cc,49.9
7dcf62c05f6540b1515ae11c74d6d6b1,49.9
ada97234c297d1fcdf68fc5d72f90808,49.9
a59ce5c8d691e10ba1759f1894dd8dc1,49.9
a56b03f5e6015f1a502b9810309b98b7,49.9
dfc2362ea6ca4f00859a423f238e632a,49.9
c11458367a14104e50b36be2d46476ba,49.9
836412a7480f992a78eac1f218ed9846,49.9
c59929869ce404450d73c9a018c3d3a8,49.9
8825c5f85a1f9ba5b2012e736fa55cf4,49.9
0623437ca922068ca17015ffa16c9733,49.9
b479b903bae1c3a6c9d5c541352c10e9,49.9
7ac9814735089053e51d2756d3cdedd9,49.9
fb26eff42e25a6ee635de85d8587b85f,49.9
7c1870d97afb5c21263b8bbbfb850d7e,49.9
ad333e6ded9268a907aaa1d480826f7d,49.9
3c4426db9150769c092488058c9c59e5,49.9
73f9c3111d3b1c20bfb20e0e14fc95ba,49.9
7fedd1fd0e93898a67a4ffa570b50497,49.9
66b29a5190ad492e1b525a72c716d36e,49.9
0d8cf529cece1d9d7b45ade2d37a7a42,49.9
4f57a446d106709bea9b89adc073bbd0,49.9
cc12b72f0b988fca73c6a817a502ff2c,49.9
d0c6b32e51040b9bb9baa2f6bc40a2ed,49.9
2b9aee680f290817677da223b212f7df,49.9
3a30f46ca4c7d968237e18784dd3495a,49.9
7dc7958c5f69aae36e4aefe773a5d46f,49.9
8e78fa10bc579cfbc6f3a6569e3a06fb,49.9
04f2f2e3624a1655e5c1ef9ea74db99c,49.9
c0a8281c9a51b166d389f6ee6c144dd2,49.9
af35a10dbb0aa8d88e7f0462fce833ae,49.9
94096a363f342f57215e81c0fbfd44d5,49.9
13477c22e6b7c686971a1074215eafcb,49.9
be6c54c193f6d2ec2724c0ab827facef,49.9
37e079aa2713f29471a4ad7a8b25b2a5,49.9
1d44cd7b03a23dfb895280df96602387,49.9
10bb14670e48f06473415ea7433f7143,49.9
4d6385cb62939e09b657f6dfd31e3773,49.9
327b0ed2f31431870bf6553574200ae5,49.9
f0f34532c0f49c3a349e2fe20758d1d7,49.9
c3c34612225b5faf8050bf850178f3d4,49.9
97f8823fa26f551689520aaa18f7391a,49.9
aee0e70971aa92341d9c81d57319d6ee,49.9
831ec4e836ed0a619b75fc0646a9a9e5,49.9
149004735ff052f067f70ce31aca8498,49.9
6a4c9db2ee893f033107b06b2750fab0,49.9
034fd942a2424b8665d157a4ef2e7fca,49.9
294016bb7e7262d41b7430f4124989af,49.9
d5a5dcf7970697c1d38458beb2cb264f,49.9
3c4e7bffe8b3445dee2d901811f44b25,49.9
9bdb0069e23264eb579afde1860b0dcc,49.9
2f6b491c9ea4889a9c00ba8cbb612bdd,49.9
d221d7e0deaaaa2353d2128ec942ba0f,49.9
ad6f2686bc9a43070103abf4021c6e35,49.9
aa1e13df57e9f25276ae9e1b162cb0f0,49.9
5d6ac0bc2b44cc75cc731f5a58a1fba2,49.9
b0fd29cea8606dd1d6022c31f77730a2,49.9
0088393a302a84e57cc69c9d365f5efa,49.9
8eafb1ae4b90494f3c3460771c07612c,49.9
c822022a84fecb35f7f4a6b9d77baa40,49.9
46a5d6d36feb1d11d7cd62a70c2633c7,49.9
dc7fc58159ec37840a3a640a84adc8d6,49.9
6d77bcf2df82e334d47d16c53e0ac628,49.9
589494aaece09fa91b85ff15fe6dfe9e,49.9
01abb8df2f71f7d6e087c28c6c0a8f39,49.9
69a24d8e0de91f88acc612cb7d70dc1b,49.9
da5faf362ea5bf19120d84fa6e8cec46,49.9
d920a66344bc61bb78726f3802109af6,49.9
c4c4d26a00f19c91e319f41dd10170e9,49.9
dee22247fdc9435af84f5c0ab7f9bf7a,49.9
d0d327d6ccdf7c8c92753623ec081b5a,49.9
5cc6b88d94db4f81637649570a0b2b91,49.9
fa174bc75f3bbdcb7e839e9af8898010,49.9
a76e9186014b79746ed3de0b25fdba72,49.9
feac61f9b2103facafb08f447664c598,49.9
c4825518503be8ab4843ccce8e856814,49.9
dccdf9c858cf2a30d65e220f903afcc6,49.9
9cc2c82001025f49191bc032306d1582,49.9
db1391f5393765bd6ca2ebf18b16bdaf,49.9
e01e54289a0e7f4106b62a90860f4487,49.9
e2b1659804e5718b7c5243e68f5b4df9,49.9
b168384955d47d20478b0a540d870068,49.9
8295c2fde2ce7a4645a198b90dfe0026,49.9
9e44f3e3ef885b79a7ffab8341f067de,49.9
6fd27e35d1c5cc781bec2f783ba2c85b,49.9
6867c2b62881f80cb97baca3e53e7635,49.9
d5074eadf84056c1ffc555aa27846171,49.9
8e036358b5575b6c70773af8496ec5b4,49.9
a17dc8aaea9743dbccaca067b5ac3b43,49.9
9915051c0eb60afd11c7a49cb9ea8f8e,49.9
6e1351afdb358d69098522bdcde031ad,49.9
7fba71e38a0e19cf1f93068d6740de86,49.9
728d8854728a82f8d07ead7b2d80b00f,49.9
efc408cda5ddce99cad68b8e2b141c88,49.9
e4e8e3c54c6e50b494ddb7f274907659,49.9
c7a706169d8f5a205cc24d7387fad5d7,49.9
f4d9d59405e120b89dbc731ec632ae1f,49.9
057002cb334d6b23e9826abaee81f691,49.9
75cf84d6780222c5fa6285b1a93532cc,49.9
50191e063f53eaf358386bc6158fb737,49.9
3b95c4229bb6dd69d0a37d4ad447cd5a,49.9
5aa19f9a70a5e435b72c8911dbf8837c,49.9
9c4f2d8c14b700df0e7625d3ffa35174,49.9
bd66021ab62baba3336997d620aa4a7d,49.9
71ebe0889c5ef604bd7281ecd5159045,49.9
fdb64968cff6fbd0b580dd02ce916bfb,49.9
c112aadf98e6f6589129f78d3277be8f,49.9
b6bfff180f48531b7fe6b45cac2c3c68,49.9
1b4521b13c7a4e9ced82aa5192725da3,49.9
da0b203dc40242d27e707a12c147592e,49.9
905723a92cac17c4d438a08531734598,49.9
58dcb42af4f9db51ba00c28ddf479b3f,49.9
d63d781b1d1e990ae4c7f665e5ed9b0c,49.9
74b53dcf048a885b1ecf63efc42acf54,49.9
1339f8ef4694fe3903a7591c5e890c22,49.9
8e7ad87e9f77ddb00c43604008f1d3fb,49.9
4fb4e9973cfcdb270134d0a9f81ad158,49.9
f4c0dbcdce53f792ca2f96ac9d8e99cb,49.9
ef3fe54b959da86961c5301a33cee529,49.9
74f5899eded43be6ab7cac34f31da656,49.9
9f9913a52dbfedbf6c7724c8a819bb1e,49.9
0ce079ec4ad92f74a0cb8141907547f8,49.9
5d21dcd0e87b4db10fb132bfc21620bb,49.9
f28dbad47bec24355005c467a2f6e703,49.9
89f7508dce8638dd195717c747ab4f5c,49.9
269f81c0a69da969099d4e38ff688581,49.9
210463ea2c691dd0a1578224cb2b1c59,49.9
ee41984b4358785eb49d2ea192c532fa,49.9
9ece2977687cc1d1a6a9e470881db6cc,49.9
1099d033c74a027a78c1d26e1de9c8ad,49.9
77e42141a294db586871c03ce0d9591c,49.9
e5ac0347cb35830f7d7a5df7fe08fa7e,49.9
176f00233c93d10cbd23a3dce0ca4eeb,49.9
39fd6902b13057fe821308a61629dc42,49.9
007dca6150a323ecb560d11f2a3615a2,49.9
db8ffe8f3248ea6b4fc7c6ca1d9481fa,49.9
80eb352548a102a3cf822da58237ce6b,49.9
8a0a4551ad5fc7b8b811deaf5afcf6ae,49.9
8b0d2a7469a834be66121a363b65bf20,49.9
672fd46db2cd92beb42ce95dded37e49,49.9
2242fe2392c34d8a58f3197edc4d1d06,49.9
759835de956bcaaf90c41eeb09e8ff1d,49.9
f2b2630bceb7c033a4bd84433622b4ec,49.9
e6c1524bfeec6ab7722d1ac3a85c4fcd,49.9
0d7b652454b643aca094cbdbd5080867,49.9
5c232e92346113f68998cf6395eb457f,49.9
d1fc9fe690ac0f423da5b742d3d45620,49.9
1f9782734bacba3b67fae560dd17f903,49.9
9aca2769d327cddf07d1af8f330bc7b7,49.9
0e666154002ca635ff1c3a470e233949,49.9
dfdacdf1ff55d5ec1684269778af5528,49.9
33297d2af8f199cd9cc87abb71a3b8a6,49.9
a75d7c5126b91788b209b80176b03151,49.9
f7f2c35d4c8892196a55e000c538005f,49.9
f44b3f6747f4f5927e4034d63992603c,49.9
d2af3edd6b796f2a252e76b0ecce3fc8,49.9
f0ebb0640c12ddcd326e4e4af5143848,49.9
dc78d55133530e19155ad697d960e9df,49.9
f19dd3335ad4682efcefd703e6cdcbce,49.9
1d31af8a0364470eba3d940faa9008b5,49.9
4162c423b5bf9971ab7ee9c9ae825caf,49.9
deb1182dcf5719b1a643649a2029846f,49.9
9bfdc642eaa2d2c7c0beef6dc8d34b5f,49.9
7f2715e475d14727955a85e96a62fdb8,49.9
5e8c1583955ff6508606f33a2ff0066f,49.9
5c3f0fbbb0706f7ff1b294956cc4a778,49.9
d2a88d4cd954a41795819308c136a315,49.9
e361f94af155261cd60dfee78000f8ef,49.9
8a78af6df3093be3415deed378cf7c18,49.9
b4c2a9be4714f35f06547a07293e022a,49.9
152bc3638756114e812c31f117fb4bdb,49.9
628b8a395cdcc263b0eb3b4418dbee1d,49.9
f309429ee5193757f638d08dd96feeb2,49.9
c829b5b75bc53cf5b5616a253f7e2517,49.9
b160ea16b7e64557b6c6fead0b3cdc7d,49.9
be776517966dde5fd0011e22950f4448,49.9
2df2e75bbb4d06a4c066db45e49c16f7,49.9
5ac5afb9030ae1388a544ef344997cbb,49.9
57a7b1cbfec726fba56e8adaf98caa0d,49.9
39bd0c72a4f0228e5add65a911458495,49.9
79144f1b9488d523464997d56bbb6463,49.9
5e34f60249173c750d8bab6f0cdf4067,49.9
3e27773eaf75d0e19eea74c707995321,49.9
614cb17913a2d2e976db5dc6728b3438,49.9
ea9eace2850dd109fdf9443e88092b44,49.9
125323b1dc57df4d0ec8b6f695b02e00,49.9
44817a7e295559061d5039eca7fef837,49.9
5218875179c3ec602d5a78906fa23fd4,49.9
c6afb8cbcf5fe74297b31f1321962633,49.9
1cbb5a95ca930a326a89fe1160953851,49.9
773bfaa3eb31a2865900e4d3171cc854,49.9
36ab33aeafca98cf78d91fecb98faf0d,49.9
8f08b29cda61da37f0bb4c06d4090fb0,49.9
b29211d4f2e7978e2c70d0fbafed00a8,49.9
e156bebab621b24c406b0e48bdae60ee,49.9
19c258f4f29f4a220bf753969d8e72de,49.9
7986869fd4dc73c4c77e1df2f8bac079,49.9
51241d67d8ed9e157c6caaffa73cb6da,49.9
e8bd9dedb1baaa09c28c86c31597ac70,49.9
052b62736cc868106f123c0e0a896fcb,49.9
59441e21de26688f409e5f0bc9aac3b5,49.9
8266047feab97e3f2a81b323a0fc42b0,49.9
7e48c146e0813b3449ab313fbe7cb5f8,49.9
7680649ca55bb9b7db24eeebf055a87b,49.9
4d3549e2ac2a97c5f787e4c1f557173d,49.9
c447c5e0a10dfabee87e3d41dc0250eb,49.9
1bcafd5a67fb1b6b93ce4f4ad78e9f79,49.9
6308a249dbdf1eff1cd3c4a91d619f7b,49.9
ffa9497e295ba6787d22775cd3576c77,49.9
9fe71cf3d38ed8a2df5d20cef8dccd9e,49.9
e1abbef0515418ab421fee19fc658417,49.9
cba7ef1db31a62fea445eea562f921ee,49.9
973939a3eb280816353408ffc4b5d062,49.9
d67a578455299dcc8de18bdce1a70aa4,49.9
be181460961ce08382498147b24974cb,49.9
8bf2f12b614d32de2cb7ac7e1cc2602a,49.9
32ecf699158a694b829b462b892ea519,49.9
d8a1c939d8e0e20c2385e0639bd8c094,49.9
95be4ef194f75ea2eaf653d3d28b2d60,49.9
4efb3ccc8dafb9ceda8f8c29d4ec3e30,49.9
92ece1b51cc7786e28203de4ae2608da,49.9
ec9e2518c548afaa647355653f2f3f63,49.9
6d65c6aab9e10cf1c8116fcc72721267,49.9
f2d18d44a6dfaa9be63649d65041d038,49.9
8ebb42233d9090807b6879b1eb1631bc,49.9
861744f1359cbaff09e3bbe61ce0fc08,49.9
69e814803fa51a94821c0064b6d82cb3,49.9
f62be7ad24b3143213c452bb0cc9e92c,49.9
a4edae4af0161e30468c898771c742af,49.9
8013ee378843ed340e90d428258eba9f,49.9
4c631dd0a385e2b5ceee81ced3d32b93,49.9
94bcf8baf19461186b00908eaaab6057,49.9
da1f894df056e60dd4853cce505a13fc,49.9
19fa013565695ba222909a833be3cddb,49.9
3a3caef69b01f16c9eb102c28168564f,49.9
355534ce07f1f5876699b29f5dcc540e,49.9
726f28d51b162c746e14553241df9de8,49.9
32109ab502f8494956c8e19a5a57838b,49.9
fc085b03dee6a7b5da90e52398b0ca80,49.9
d222eed68fae6795559f128effd81682,49.9
8fc7a81939dca5b49b050cc3110bab57,49.9
c328b59991677d1f69675d143c1f94c9,49.9
0f9a2e9dec451653a871da887dd6dd60,49.9
c6de1ceaec9afb41c51b618211d9f118,49.9
02a9ffdc4269af810deeb20a32c8aade,49.9
07e37249529eedeca890d7a80979b91e,49.9
5883f965ac70043c2e908c3657c5d548,49.9
c46769e0da8615cdd59fe67f853ebd85,49.9
3c09f6dc6c6a0cb0cf2a5b92feb406e0,49.9
f21ff61b605499592c0f6c7f1f899489,49.9
12d8ecae91bb3a4934b09c2576e87357,49.9
f2908df0d1f2e08ec4d13431abfd9a70,49.9
9d230297f9a4605495215839109905b0,49.9
a354b46a65c3f4937bd3a1d6e548ba9f,49.9
4c9df146bdc5664d39360405fb74806e,49.9
3db5fcc519f9b42ae5333c401467846a,49.9
015bf7d488097b3b632e5b19f1c7621a,49.9
9dcd0c06f64e138b42092ed82ffa8380,49.9
7a1a51cc44b9a60d0b751d3ae26a07d4,49.9
4dc1eceaf4663856b78053b92ea01df6,49.9
e15f2b74055ddd552aea620ec4cbec1f,49.9
15f2c50b98a1de718c34e7d888f40a68,49.9
acf69197b55936d30b27ae255b403887,49.9
4c67e0a1613b34e3047e157f9dd98d1b,49.9
2dabcfea6e966f05865eb0d80ba6f645,49.9
715a7d2f8745721962ab6242b4ca154d,49.9
892ebc9490105dedf7e4b7e8283c67cc,49.9
f296f065f766d3d3394724a630e6d846,49.9
a5a79d9745f4fa50300664e5a4efd247,49.9
cde45df48b2265ad922b9d820ef49323,49.9
93df0957b940e713f6615f72c9d0e76f,49.9
7cf697a12a8a140e56ad9898c4e4decd,49.9
a4af3a9be469b173ddda8880112a8af5,49.9
5b0e15a1202c729bb7584d363973411b,49.9
7e0b99de3ad5bd9bea61fea9629aff5d,49.9
67f9356eeee9f299243a452183ab57a6,49.9
fc40e6031c71c3809e29bddd7fe948bb,49.9
16894e9f92caa5eb04cb7a6caa17f076,49.9
3ce59025544fc3c3c550117526769136,49.9
2a87d659cbeda27d3a87ab195bd44a9d,49.9
5ed66a1a89c68472506fa6a66785463b,49.9
2254b94e0f630fbf407e03563b0747c5,49.9
c8be084101b0ce1d1ec6a88381add2e2,49.9
b170a6605f3743032f38d8a86c416181,49.9
5714d4b3037a8b208ac50d4202fa3e67,49.9
7b371405c7e0b654edfe362e09d6a0e2,49.9
d483bba64e114461269d13a1cd94606e,49.9
88d808f3083f22381023e9dbb5e99751,49.9
0de84b359329591444e651ce02ee9ee9,49.9
1795d4e196e92788373519059c0e6897,49.9
4fac56d95468b1bf1a6ff9333794d1e9,49.9
e4c53da258cc13caed58472b9dc974bf,49.9
be631308cb609ff74d0e0fb54815e18c,49.9
a45bb6b2defa953b1e4025c6f40532a0,49.9
4d93cf82ad543d0d134458186931e611,49.9
53a400fdb22676639e4cbf33197e2a6e,49.9
bc824b83cfe66824cc300c0008514a7f,49.9
4eb2abee7036f922297ad7cc22091664,49.9
0a93027420152391fb4ca584eb4670ba,49.9
28f3fc31aefbcec77fb558bfc2f91e61,49.9
b125d7ca2bf699633dcec206ec51ce90,49.9
6a93f59d910079c839072844fe72a98b,49.9
3f7dbde00a18dc20eb805968c21098e6,49.9
f8c6dcd56ea35d173392a2ba5bfd6e95,49.9
cb2b14b433f2a2ae74a15b9462b81ae8,49.9
5508e014bc14eb57855dc36593ee73b2,49.9
7d10590069c871f19cf86a88586fce5e,49.9
78eacafc24b06e4493afeba7c0b32f57,49.9
76329463ae17ce6629dd04e014aa72e4,49.9
e1ca124135e30b02a26260d53be5efad,49.9
84d24bedfabf04b1cb2a9214a7dffc72,49.9
d97e260b2b3b058753300aca9b46b20f,49.9
59f8f1c3c80bd5f4c57ffbcb291c0307,49.9
f6ed395f32c2fa65da08bcb5b7cc61f4,49.9
b7c9fb8b2a9ac4811c342a2693f6849e,49.9
40fa5cb283fa23003378da712ee22419,49.9
49206e681a7405da8d06cf16883575ff,49.9
de5507e5bbd54d137188ab6ac67bbfe8,49.9
d7be54516b09d327e904b5bcfbe0a79e,49.9
7d6f786fca4b010b46803e742613c122,49.9
36ecf4d5a749ed21354fabce2886b933,49.9
4d54b74513ea9a321781f3838c7cffb5,49.9
6f252cf918b69b50e64e942ab59c91bb,49.9
98ee0e7037a72a373dde3cb7eb3dff5b,49.9
886cfcb187d4931fc041ccd989df49fb,49.9
50fc555de6aad7ded46154a31fa91d89,49.9
eabc7351650d54e0a39b2869b6f0d958,49.9
f1cfb339a0421cf53198e968f35e87ee,49.9
2201362e68992f654942dc0067c1b716,49.9
803082b330e9d081431dba0fcc677d37,49.9
8e9100df87f0102df82026f2400af7ed,49.9
c0cadbfc48ec27d089138f4e1e479556,49.9
04660634d3f6c16b67b53dc0000bba41,49.9
adf8954ffb6abeb41d3ca91f01451710,49.9
39c0ecfcc976cd2085fc8733a339c498,49.9
60ba10cea61a934e043ef4fb6b60ff04,49.9
7c374adb83a223fa86b7e59111bec826,49.9
572c8a1823ba227d8ffd3be6a6711a86,49.9
0495900bb9a59da4d1b972ff829fb60d,49.9
7c81a72e2604e2e4d33c3d3757596c44,49.9
507bd98ffee3ec255833c4233bccfb5b,49.9
56806cf53b6df06ab6320bc1102c34f8,49.9
99dc7c59a9c5a055e048b3b1f8cabd8f,49.9
052de24b80bcd7cc95f203a10b090750,49.9
d1dcb2de346966e49bd9624ed8df0718,49.9
25e96ea17049e5c6afc22e3e400aae8e,49.9
97664c4def96cf5c56c4cfc28c5062cf,49.9
a6e559ec06e9b44d48ea61550d678be0,49.9
37ea849d5d11357d5c20de8b32a17bac,49.9
ab98d2da5363a55f4c3fac106aa2ab8f,49.9
6623961d762191d166cc174dd12ae10d,49.9
b6c89cb292299e574ed60db07369bfb4,49.9
91f4aa4ff5d3ddf68322f4df3ed44212,49.9
8356099ada1aeb005c267bed62a9c750,49.9
04ac504901720fa9836cbc6df1350e4e,49.9
68aac507de4c0f73c322d085b709741a,49.9
1b348935b102ffd1e372f8754a6f20aa,49.9
0a504dda1e89540d0924bb3fdc81b343,49.9
0748efbff6d6c28c34454b7343206463,49.9
6bf7cea1d53d6e27e5debdb2d5049ff6,49.9
a8a21122dd385225c248e304c8497b18,49.9
7882d91898341a59ddd07cc20b613d40,49.9
9172ec108487aaff702c42028fa71473,49.9
a682744ef47efe139696f2320ee9ff3d,49.9
43218c5d54f4c9153db8f595821e7800,49.9
7c1280fec3db2b7f7a48f4f82f543857,49.9
2ec644e3ac9d72a3eae0eaf54bfb4fcb,49.9
8c7e8c23615d33fffa609b8702645cb6,49.9
0c4193409d3d33915a701485f8d6e0e8,49.9
b2f4f2382059c94bfcfb0d4a060e9f71,49.9
f05b67246802fdc9420af92d504f8f08,49.9
feb77d070d4e5edfe705908e2608103d,49.9
2d3b6264cf906b0e0b8f9db8d3e4cd4d,49.9
4581caa53057ba6b2bd2bf8b4ee52909,49.9
63ee324986f02bde9075a307f4c3cc73,49.9
630b189fb0c73900cf3360c4a795680e,49.9
d13f886225b29a38fab0644a6f29a112,49.9
650adb1f88debf292e06b74891d32e22,49.9
8d85bd22891af8adf0c471b68d6bf808,49.9
12c909b646762b18b93b1d61d4efcfd8,49.9
773c8b300f0ac77b525ad68009347910,49.9
a7cf3a94b9f48cade9a9e38fa3fffee4,49.9
12a7082d8a209be27917d31b748d2498,49.9
458c071cf2f55e076014cb868bff55fe,49.9
b4bb8edf40ac2899a46919469fd8d21b,49.9
497ee8ce7cf70245d3636f91c968163f,49.9
152c3b58a0814b31735a08a7b159963c,49.9
9e79faf37d10edc76b6b7076887794ee,49.9
664faf6a6d8e13c91862cc36d070254c,49.9
76aec02fc0fe8e71e8903834b520cf2e,49.9
954fd7e1c818541abd4e7b5400a6299a,49.9
ad4c86ef721a1c9933ba224773652bdc,49.9
76f1d2a2c6e86040dceadb280826855c,49.9
e51c1096bac2b1c14e3f8a0e24ad0520,49.9
af6b5c7327d3dc4e1c212fa747706713,49.9
0467e821c75897daf0241cf81a4b5854,49.9
30cfa2d8b4d06d31dc4caab4d3364e08,49.9
ae40128e05a84faf9da0fd8960c4c6a2,49.9
a213379bc2b571ff29dfa26f7e843d68,49.9
dc294f893f3a7465755fd2233ac574bc,49.9
0df2b5239e1b31ce04bbbc39d2c7d1c5,49.9
c7cebd7aae0dd4903dbd5396b7731639,49.9
f92229fa88de40c297c5796a3f4f8153,49.9
068826320c90fa65a4db813cb2e1878f,49.9
55da8ccddd5fcac5a10a7887375c5646,49.9
cf99f12a04c7b9dfb3d58338e80b7ae4,49.9
6b99c5eee7f59e2403c56ff2bf2de3c9,49.9
989d52c42804f345e0730c7cc60bc93a,49.9
a8dac1629e61a7b49a0cebd4ead70549,49.9
afb1bbdfe3d6e13af652867cdd80f45d,49.9
031bfdd243a35f3b665ed9833e01629d,49.9
da417b8e179c3b4ac3b584c684c1e651,49.9
347f842ed0d0b71671e290da175a624f,49.9
7569ca3fd4cac49c36300b217d638628,49.9
dae09add1fb0749dd2deb3555fb5ff52,49.9
2bc7f60e995164669011e304e5db2dae,49.9
5e57e7fd729379e69ced54d4818e7f92,49.9
2732a3f9aa9dab45d4b7a1c35b90bb7d,49.9
84f15ee8e1e136f0285a56df9f873718,49.9
51c988b6ca0ffe2a720f93198d2ab51b,49.9
1b7500033ab2ef2a6e9a8e9b9aa3d660,49.9
1adac62f7e73ae4953b42e6c63e1b569,49.9
310a2ca2a491466cd0de96cec9b20f71,49.9
3a2ede63f97972a4ad1afc847cdc2ba3,49.9
faeff8520c09a95d7422d018c2029bc7,49.9
137f50d5bfbcfb9578c50605cc9adb16,49.9
27b1779273061c9e944340a87edcf005,49.9
f0e28113cd4ad5a6e901d09c7d1b5df4,49.9
d24c27408a4944c4e2b0397495ea2b8b,49.9
88797eeedbc6f829464f79b5fb7dcd63,49.9
952f08bb404a353d1dadda259fd0b8c4,49.9
5e96000fa278db7126735be2d3618ed9,49.9
b6635863d833ab6661d784ac6055af1a,49.9
0d1679b303ad5d2c0cb3e51bc9c9f643,49.9
016187b76ffe3a8b7709732077de2fc2,49.9
97ef4e6c5876d3a99800f0314cb2a717,49.9
0680461a4a1e26dbd29a3d3445bf4a5f,49.9
227dd231f7494e6387059693f3311899,49.9
7f5d04dbde5dd90b767e910416425059,49.9
5720eea9974f8afc6b0d50060fac2622,49.9
c10bfedb98006b4fbd246a0c0517d3cc,49.9
2c197ea326b24a3dd7ae5cd7febd4599,49.9
d70bca474f0e8b7140711283a2c9fe4b,49.9
59fc032d9a115fbb32558967187ffbae,49.9
ee6cdadbb68d01674830fc62447f64fa,49.9
441b8206c35723f88ae1c338f274149d,49.9
436d8d2e5fe73615769631a44e78e06b,49.9
4e370c59312c496f0889649b9c9a761d,49.9
a5072138cfe8d6f9751e2d8b6ffb70bd,49.9
5ecd472e3a1c6054487909a22523cece,49.9
2e5e8c70b061b9754a3421dfea97bc07,49.9
1572a8eac493953576b6e08ace73594a,49.9
7f4dd5f1bbd777aac4f37a4ec70fe503,49.9
ba4eec713eeb24b401bd89b380363910,49.9
0a843597f711e82638c06f81db65eec5,49.9
0760c97b5abdca9b451e43e66af480cd,49.9
6ab350dd23c967db53a819857522171a,49.9
f5b9a71412eaea204331a7c367bcd07a,49.9
5a47b78396bd952859530a5aebfea1e9,49.9
ec8fc917ae3db1dcd518ce839aa26584,49.9
4406477d249eaec72eb2709b66ad2097,49.9
aa6c9d83b00de08bd2a32f934d7f275f,49.9
1e0918f0d58bd46e2465857831ec892c,49.9
0b9c2c04285f9bccbbf9a41d6400ec24,49.9
9c03ab210bf96ef944e181b73c125414,49.9
7033600dee5ca5748733e816de91d495,49.9
075622c9aca77c074c5b0bfff0dd8957,49.9
52456ff5adc8e12b08b5b8ddef520339,49.9
8e6524e5a9d3b947669c4202dcca38c4,49.9
b59da7bd516b6a609dfce4cbd3077f5d,49.9
9821287ad7d15f4d84c475e944394694,49.9
155c6e63647e6bb46173471c1f0867ba,49.9
c325082376bffb2c2a229f640a6bba05,49.9
29a52f6b724455dee14a237a5a2aac5e,49.9
f4a2e155eff15f4fd20947ab24b86cc1,49.9
4bbe9c46bf4d0154d880396c3e027f64,49.9
1d65236b903e944ca24271c42aa4a221,49.9
fa5ed72712ff7a576ba7596a5ca74b58,49.9
f761a7a449f5f1a4c513058a97d2140c,49.9
21b90719d24eb01136a753197b79bb3b,49.9
f960da04a35c4071b010961b49a3d1ee,49.9
2ec58f2c612ff2a103859e7615e10a52,49.9
df326c1806d432cd11ae4ff65c1c2483,49.9
b7d8cbd463b65664e02d93bba235b4aa,49.9
667685fee85de634f3c222e85dd8063e,49.9
959f76d6d4c26184cb83d2d2e85b9d53,49.9
2c688f6c105821606c7da166bd9cf1c6,49.9
5a11898c695e0fd87e5af9d759ae78e1,49.9
30df93bd0e2874646d39d37dec1764d5,49.9
f5d5e8f28f5fb483dd4e23b1d03dc2b7,49.9
c73e6e8a8b134f319bf99f491bfc147f,49.9
56e63406ad840b9429b59c47b9122f42,49.9
d0671b3bf75048dbed34b8d0d977268b,49.9
352229ccbe6ea1ed2d11322482ddb83a,49.9
f0edfaa912ad71ab12fcb5495bdba415,49.9
31b1a8a4bc56ec61e5a3bb174d4e5318,49.9
d2157e41ca09bbe3a232a528d658195c,49.9
3e15529b15c6d166c1515fcf3eb66e65,49.9
a62b76be178d2a33958fa60c8a59c892,49.9
f84a6add7992918046f7c1fed62de3d2,49.9
5034fc24d376afb527493b6f6340bcb0,49.9
87f7aa52df0bf228fa5bf39debc47e48,49.9
ca93ab27127deaac3bee96b5bf04bc6b,49.9
fd514893a02833b9856aa162792730f6,49.9
75913254f909c2b5c2a0bd9713c483e4,49.9
9ece767cb4769a7f387567c6f1f06d35,49.9
579b9c047a10c44f35aa4486c0536bbe,49.9
8c38e3742873ea9142ebf9d974969ef2,49.9
131227776a8b159a13938a0abfa95c5f,49.9
829109440c61bbde0e106f23fdf002f0,49.9
6f201a0062d12408fb6ac9f1e6395bd7,49.9
caba2eba9fa3f3a3a838cc2a8307edc3,49.9
d1460df3c5915f60fcc35d265ac392ea,49.9
1be2aa7c9f1e41a1d14f200e97442173,49.9
5f939670e359f53676cdbdee12e5e2dd,49.9
8037051ea7331452a186d6ce5ea75572,49.9
b49e14478833d1c6657386586d0aa695,49.9
0db9b4f8754fec9bfd4c139fb2d1e320,49.9
4aff0525ed33bb9584667eec7efa6d90,49.9
3b2dd6ab8ba5b269f5de32ddc35a58ad,49.9
00114026c1b7b52ab1773f317ef4880b,49.9
958b47e797d9db0979238d3b7fc08b9b,49.9
41c34c255ad1afe994d16365b81a200b,49.9
b44dcc9a20f605a02ba9ffecffe022bc,49.9
326d8a01743aa13fc9b17fe87f13d784,49.9
c50bb4c9a6ef2510dc6c3b6c9d2871a3,49.9
e26ff684f072838193772ca5506a1d04,49.9
49a551c6d71f53e3d4a2ec77a0220c9e,49.9
51058a70e7b0594b71314346eb64f4cd,49.9
64d813c1402f9ca0715be66c3830d250,49.9
cc6c1cd59d584e5e12cc5c377f42c8b2,49.9
a04e4642a3993fa7ad937521f44de82a,49.9
6f511bdde13d8de37379becebabb7fd2,49.9
2e7c6170cb5ed014b86c1cccdce049f7,49.9
a036032b7517080204f9882e751fd825,49.9
9bda10248786f46309dba93990d52a4d,49.9
c13dc09f81d5e2fa66a5f1eca8e13e27,49.9
a1dacdcfc9e9d6a31ee895c15c96cdd3,49.9
9e28e7712d72035236cfbd785851e4b1,49.9
4433016c1227b1af56659370b5bb61d1,49.9
0ede3e81d1aaa05d656b0b1214de6763,49.9
c769d261fe94fe9791db6a2ec569efd9,49.9
58550909176303c05f37a9f3a3e913cd,49.9
f1a9c96003c11814dc06fbe8f0ceed08,49.9
9eacb91940312f2ff79fef11b622694b,49.9
a9d834dcb51c8a975d1afbc2212bfb5f,49.9
1463c5c67f6b36773fe813a44c4f5b9c,49.9
6344d00636d39fababe43b09e0159ca2,49.9
ab3965ddf332775d0dc7643474dfcbeb,49.9
658ff649fc33a23b0c62dbb364eef7dc,49.9
bce8476cc98277930a248e422354c4b0,49.9
e04eadea44fe5a15a476ee93f08f4348,49.9
28a126ef0304974604ae3ac918789e84,49.9
f9717b3ce18c05540645923e43f64710,49.9
16f5cb910633b2a0a8d93b9da0168381,49.9
09c50d2e3af66a47ca1c6b4201c0da0f,49.9
75a2ec565c01b01a0d439d383a3b3beb,49.9
cfafd394b1da74f1efafa1e733f25bfa,49.9
48094f58f03bec9519bd0e004ce460df,49.9
a0a0edc6aaa1850d9462d1ddcc22dc3b,49.9
d6c4a86461ae5eff6b39e75ef09ff0fc,49.9
2ef691fd17de0f7ba5299ba1a11a00c3,49.9
0a42cf907d8c09bedbf6e69ccf60b7f9,49.9
e372f3a95dacdd4355d7b654310fd683,49.9
71f002d46efc5fdc94c7dc9095800075,49.9
7dba19b4aa8f8741e306917190e6e950,49.9
d73482a593c8b897e2dbfea658ce9ec8,49.9
03eaeeab9883ef63043d7f0e0325a370,49.9
36610b67ad500c5ae72b6becd19703fe,49.9
ed6d5239528458c1a45a3b15105ea27e,49.9
a38c8aaa46a1727a487fb1045847cce0,49.9
ac4164b96ade53e05878a89dd03026fe,49.9
752103f8ede569f37f10eed1061e8920,49.9
a71c238a73216055be790a966f67ab94,49.9
949c1427726c544f841ef6d3593772a4,49.9
dd021c14096bdb7cb3063d27171528bd,49.9
175ddd0ce13ed60d0220017aecf71f88,49.9
94053bde7b4b7845017b84a2f540ca91,49.9
f4aeffedf5df0d4eac1bddd754842776,49.9
8909a5e872689bcd657af5acc104a3ee,49.9
b7cb32f9af2209cd24f528f67ca51f19,49.9
d667ea9696496830a23ff4a8e38db1e3,49.9
558ea29f4c4dfd014345b6d3309549a2,49.9
fd23397154cff65b48495d4188d3f610,49.9
b3a5d378512cc5c171a202a03122dd26,49.9
64c618cd8255afa20b32c21c12d87a48,49.9
8d3fb6d1e271f8f2202136ec4c95a266,49.9
5e4b0c76f331945cd0ebb67a3adce403,49.9
6f62cca544282a538bbae512ebcf0b9a,49.9
226a63a502f031aafeb924719d58a805,49.9
defb9c0a86e272b0fb45cb143176fb8a,49.9
e93d4c22a2f45aaaa547188898e28ccb,49.9
08990861309c229653bd4f67b9c3d2d5,49.9
81921bafc07562f0142847712f79bf7d,49.9
fa35f61d3b39768d840175d525433d13,49.9
3793e5d3d97888a2b00e026d9687f599,49.9
7aa5e48a919e52f158907a0816e454cc,49.9
4caac2b083c3e53c597c4362c61f2598,49.9
55cae1e7c9b2dd0420cf1f95699d77a6,49.9
95d92c3b47e281a45ac183a97e55e054,49.9
c42d04e55c339ec050338c3a8142bd91,49.9
d0019ad7e1264a69c1120123e9f3feef,49.9
19d5418e2a5745573e27926244ff25ef,49.9
d0485f6114ffc58117a0f1086fd80af5,49.9
ad29d9bb283d87e61e190d40bc7bc15b,49.9
6e3cb440d03d4a7cbe98177f410330d8,49.9
15ea74654519544cdcbd136566f47a8e,49.9
7b19ed27fa54710bbf4ecc1c5747a9bd,49.9
b2a819daa05de0f9eef4a08c85f0079f,49.9
31a7aefc17185fc66a3bd6b76a7fd467,49.9
84ccde4ae523c9ebc2eb42f7e6211e93,49.9
c2a1a15a515ad0cc603955060a46a30c,49.9
c7696afca0e9b7090f5e295c7dff682b,49.9
f76b4c0c936ad61a931ba7e60e517e45,49.9
65eb3588197e862f2f8b129ff7a9d3bb,49.9
70da6bf62439a98c65f757d70c6a213d,49.9
104cbc90f897e27349a2b2e9c480980b,49.9
a61d13deb7a717bec19cb03347937748,49.9
9c44588abb2a5c2b5bbd40184e3ac0b3,49.9
d4b5658c4c22ce5d33be3d9c867d9b31,49.9
9b28e0736b3a594b4d253cb11227d360,49.9
a8cec3969083570cafc4751ba0e509c9,49.9
a52734ee63bbdd3515b91c523b2063ec,49.9
41adf4cea6b5f7f48fabdbd24bb8bfa7,49.9
7af20ab489d2f181dd71530f340d59af,49.9
5a587c6077dc556338b6180760ef8d21,49.9
a33c79acaa70b8dca9c354383ffa9781,49.9
8e9e8aa4d3d480bc21b3336de7eb9214,49.9
0505fbab1c8a805a55a7e316d821ab3d,49.9
b27329504d3818ef391c0d13829964b3,49.9
86a2212bacc5a9e26edca1f35318b797,49.9
542c3d356022131cf2dec11c24abba30,49.9
71cb151e6607a5f3d56935c7c2e5f4ed,49.9
59cc843769a7a0247161ebb5979f0e69,49.9
f9875f2f61afb20ddd28aaa120620dd8,49.9
8144d579d4e4aeb84033488716fcea97,49.9
5e67eb8c9cf1d2b093e2496da33f8060,49.9
641f77a2bb1d1380cff2e60afd691c07,49.9
918cc9d258dc084df53e215faab06f9e,49.9
6a909b62463d9c6cc4126cea7af3ad59,49.9
e608d750256e65c6b4f434ceab5dc7f7,49.9
e3ca18360b0fc556eb8442c18a5ad58b,49.9
68087023e02c8dccd3e1f3a029a77f76,49.9
d4e97f030d21e570183fcf7997ed9efb,49.9
52070fb1710f5ddc60c6ae977a6d005f,49.9
1c73051de34d131595a4eb6557a7ee89,49.9
d80fe862fc842cc85b3548679f505116,49.9
e866e56b8955149995c343f2253bd328,49.9
08f94d51129e9289745af658b2c5e578,49.9
54b09520cfa9b25154c878438bbd3258,49.9
b83d81162b634d3fd3dafcc76039dc18,49.9
e056537de5ed9ff8fd487a5ad9570f45,49.9
6c2369985100e5bb8e2fcaf620252dd6,49.89
5171d2fac93544a0e4b6ea1afb8bac3c,49.89
b5990e25b793341673f2a60fa8c5368b,49.89
d0522845f3cd4084a840565ddc78dbab,49.89
4e6049d06b37e851ef393c27efc23a69,49.89
f036beae922b5034d5a9b801e64659a6,49.89
463b052407aeb5642133392278b2ba38,49.89
b2946e552dff75e17fed826a39dfbd90,49.89
cba40225005628d0bb62cc9d15c9333f,49.89
67824b5c176352144ad6b11ee6cb4376,49.89
5b68d641f6f6cf9920a7010d6a7cd755,49.89
b7582b03338bd597599d4394ad04e622,49.89
aa03e52d50af7237a5963ffb09dd8872,49.89
a31f3b93bfe2d5bd18745603e3e537c5,49.89
2f74e51046cbf8cfcc3b8c754e1e1fdc,49.89
2ea4a2c9681e6c070611eab34c72d057,49.89
6686e5873a66cdeebd3ca467a27eb655,49.89
ec418576fd34a1b78480d1f2cb6efe97,49.89
a05f4c66baf8e2a458de2a45255bc3c1,49.89
63245dac879daaff3b3a4e5e6f5946aa,49.89
b5465de2043513d45163ffec2620e4bf,49.89
78dbd9bbc19efcbc2dc802f2fcf30d9c,49.89
9d00e4f04d3fabfc14e9ca59bb4cce47,49.89
5dd88d3417105c3064d64b64b8163712,49.88
edac42fb2321d66c4fe98b9bde2d97b3,49.87
0cc966a6d82b632386cec199fba352a2,49.83
9c0f7d49135e022d18e0f0b9d5ac911b,49.8
51ff0c33aa4696c23727652d9868dfc5,49.8
16f09deb508bd78385f0589498ded0be,49.8
634c177860e07b898a37785bfb0beb75,49.8
703e8b6dee6efc4fda4d67dd5825d28f,49.8
f3db44b13ff035a25a500e7081e200d1,49.8
9a4081806de4fa6ba62e59fc675fe200,49.8
74dfb907a60cfa132eb67a88446eea41,49.8
3b4509c643e02e104700ed7e0d1da174,49.8
e870e8d56dc34efef1a862fdfb3c1b01,49.8
2169bbd3d372562128f8af6eb7b9317e,49.8
3f3c7b01b38222e1e68d3f03df8cd439,49.8
22848cff9355124d81c561b59890a345,49.8
c11fbe7b388030172ad222267ef2d57a,49.8
28cc933fc409acbd1009d63669faa05b,49.8
6db0e35399f861870ee4328fd5a03722,49.8
e310e666970986357165e676910017f7,49.8
387305b111f9f03eaaa0e738069db45a,49.8
160f9a3b0e18c6b4a9625d4ac5ca4acb,49.8
4f482d46c6fe5e13d6993f6c06c1c0ce,49.8
c3061bec9f31ab432ff4085ac347df7e,49.8
1f763783a93e0c559a0c7dc847b31eef,49.8
9c870d10e364de6d2b00edeb0d76127a,49.8
36f88c6d688a9e53e993ec01c66c6d25,49.8
a6b898cd2dc459cd58e6f53d1d3e4f96,49.8
28cd37beb90b3ef75776ce732ae7c5e2,49.8
c9b87d9c9f40b48c6872a6bdc623ca72,49.8
81ce1286e7a8b0caaa0bfcdf19f2ca1a,49.8
bcbbc6cf8364e1cf1a6e0fa5570372f0,49.8
c2a69d98101551c450b1837b80612105,49.8
d42864495e0ee10245010b654ec4dc14,49.8
afe9351b7f4c24f7a4fd4f621681be02,49.8
50a7be6f38894cc62d45f7df9a48d436,49.8
dbb55d260b704fb87b25b2a678e96c6f,49.8
2c53d62bd0641d02ecee8feb1a196882,49.8
f8bebada4eeeeeb4b926ca743e5c22b5,49.8
4209c2248f1d9e2a244d179a52053ffa,49.8
44d638882c3d415ba896c5d665d1bcc7,49.8
b1b5faab08ffa791cf9c437650e44232,49.8
d9da4a83636f43e5e1c3da67b4d30bf2,49.8
f2d2a15afadd3bfc3c421fa219387bed,49.8
402ca03ce492f1c7c5df7185b4599738,49.8
a75295f130354e667dede27e1bc3ecaa,49.8
84481caf6ed900fd90c1c4414b4838e9,49.8
52c7b6cbdef65469b3e42ada5bda15bd,49.8
f4815d23bfceceddafd67f8af6c7577d,49.8
704524826c3b6ea14cea19ba0c11ec4e,49.8
dd62583c3bb8dcc05888cd20ed252745,49.8
6a43e91f4891c9b7b055cd37d1d0ed00,49.8
4e54b60d9094da89bfd9e8006ec8bcba,49.8
88427d6cb0325a6da3f9a0201a17338c,49.8
343e5d9dfbbeb67e92891d2054563ad0,49.8
38278865371cd2796600255e9d1bb872,49.8
e8924abb7442d0dacf0852f2c20bb7b2,49.8
c1320f6c1ef215c155f32978675c5369,49.8
dae8f32249205215d02242936ef74341,49.8
36208b84575a59b68fde6b6241c10e26,49.8
7fc628a559c6028fbd2f028fdeabd30a,49.8
6e888e003d673cdce73296c4b656fefe,49.8
0d04d26561b023e838cb99c83a55bfbf,49.8
77cdcacc9685e05bb13f514d180d1cdd,49.8
14f48ad16762cbf2cd2fbd4d0e8c9ffc,49.8
04f60c113a9d149d793399b11f462448,49.8
07bb78d58680e12babcfcb21476f9e14,49.8
7241aae1af5ffcdb5411a9d23be378ea,49.8
8187fc73445256a9131654696fcf22b1,49.8
8106875d8a76c94534a5cece49730acd,49.8
051da0c8b95f2d53eefdb48da43a4058,49.8
e74832e906e0ab3d12d7d52385ea2cf5,49.8
7cac3d97424aaeb9e83351311224d638,49.8
720f6f7d2b4d286d12fda1ea47781302,49.8
2eba59cbdb86a8a535076c9178c8dc3f,49.8
e4721b61e8d2b4b85d606809f6baa292,49.8
dc3ff1c55f63746fe72910164fd2483d,49.8
ab0d603f0c96d5bc3f292d200df9809e,49.8
5094c0bd47f5fe28ddd902de34ebdd4d,49.8
198b639c2da0e7f71ae2b720ad67f47d,49.8
29e227115fb68d196f0e1dab3c40a622,49.8
a29627c042ea26f7340db61ff04fbfc5,49.8
48e84ffd5f006fd62665caa8162d1e5e,49.8
e57ef0c1f8cf325c4269702397720d09,49.8
c7dc072427063b4a1fcf8ef951fe6534,49.8
d2982ce1bd915c65f75e78f79031f45c,49.8
9ffac27bdbe0a590cb5233d1d8442271,49.8
3d16f10d74d9822a98c80bc491fea6d5,49.8
ee7260542fb88da65ec17ed913f499f6,49.8
df4f07a5f5156cebd0e1a5aa69206b2a,49.78
3cee7236fe89c4a7cdc9fa8dbbc9a803,49.77
4a085ed25db023c6efb5f7d9708385ec,49.77
54ce9e1a605daf6be9a7c6212c9f4223,49.77
d7536a1f7bb487644bee22033f480bde,49.77
8799df7efa464aa364263bf7675925dd,49.77
b8e111b6572fac79a6b4e9dd9534433a,49.77
a048712aa4a206a8338d91a7092a488e,49.77
c4e9cde9ba2d7432bacf81d6b008ef78,49.77
88ce8a1331792c94faf3e3816747be2d,49.77
ef9c800f1fa682108dc5b5ee4cfc412e,49.77
2af84732e74d89e649775e66958a325a,49.77
f7471a53a0c6b77889d13862ef714426,49.77
604084386640342e07bb36a1ce3fa4ba,49.77
962035fb0c0ccd8650d59f5d5ee43f62,49.77
bfcb83e71e3778e69dbb16fb4f259143,49.77
0b761918d6c1790b6f00322de8ec99f9,49.77
b87a8d457532d41ceedd4d6550600edf,49.77
ba8cb0c70b9d78aa8304bda4d23f2d70,49.77
255afbbf95157e48880ea000e88fd7e5,49.77
d06dcdc91e45905da70cd2319052dfcb,49.77
645d58724df0468042044d31e6adf721,49.76
2c8b917c5d7dd720ebe36a5ed3b501ec,49.75
96f2ac447244a8c35b76b180e8d7cf64,49.74
90efed13526439903b044c40844a38f3,49.7
8196398a11daefb93e6a1ea0af8cbc18,49.7
a4ebd6f335462d496189929f5f84b64c,49.7
c560db9198ea7638dd9149ab789da21b,49.7
307ca6d3d62b7f56d4c4a76dbcfe83f4,49.7
13733cc0a4aafa89ac9017036cc89fe6,49.7
f7f33607a433200f6a87624740e24f8e,49.7
6d0c650bd30f4160b84c3634dd05b509,49.7
b5e81700ea500023efd45a6f5683c230,49.7
20c1c62e6d76d1efd0a6b78b5477191f,49.7
35a27dd031233d1d0f5080ef6d09198f,49.7
99fbfd2d16f99ce519d3ed4422d1d3c4,49.7
a925497be66b54047496bd05c43e46c6,49.7
c93967bb7502dedcb3d9872a427ea429,49.7
3dd44512bed5b8f60ab5a531c3404b68,49.7
03d64d0d6b6524a94c827bce49413a4a,49.7
82dacfe25491c326298b6386b4a97a01,49.7
f0884dedff5f04fbc1ba865770d9b53b,49.7
6cb06ad3fbccf074466f347ff0bf125d,49.7
77c5ac582cd8d2dbccc1c5faf6971de3,49.7
30488ef22c9f0f381eaca4ec8e54c1cd,49.7
1d734c634745b4b85d598e2f097c828a,49.7
30fae2b7dc2ac59de3a6bbf85cdd9db7,49.69
f1a9c5f4eb8a4d8cd2eb314107f615a4,49.65
7448298ba99e8e8ad697f7deb8514823,49.65
c4f1317436470834f2e69cc5cf9ea53f,49.6
10baab001a56d35c30388ba757de99ac,49.6
6901dc5c2acd5cf1e428f3384d9a1938,49.6
219d6f108f8b4383b5e0c1c87510514c,49.6
c0a6f7b24c9ba50d36786a33ca6a7ffd,49.6
5b435f247f7583cb4cce55505f424d15,49.6
b22b31f30e0506f75026a49e6ad448a9,49.6
57b4e7cf7d4f0e56de189ee0e7d2b472,49.59
55c659609e77669f57655706b9777eb9,49.59
65e76b6196e163f93011170f498258b6,49.59
c9a19c32c0cc8ad6f7386bbf46beec0c,49.5
bbc80c2bb8e51eb04dd93254733e34ae,49.5
b3f0f75df1c064dea7888f0afe738b4d,49.5
b20c15be5cec7221e6036105453dc80e,49.5
5ffda919f6e027b6d74388452ec99a18,49.5
e7659c6f9fc78ba546ee2b0615258589,49.5
74741f26d461854aba87ef316dd54b9d,49.5
9a6d50bbc02c9af78cd8dc33440ebc6f,49.5
21a049a6d84d04fe9d105aebb810d753,49.5
b3ac014589b31526bee88162838b5b77,49.5
d004cba3f9bec60369b26eed8b97d594,49.5
b58cc694479e16a5b9cb9972fbf5113b,49.5
d1255e64f807485b092bec0fd3319618,49.5
ee97471c730b510b97d5a7b8b30107ef,49.5
80fe83ec9076170b5bc4e69bef62d616,49.5
fe1c22f2ea19012a362512b309a98145,49.5
d99a90ad206e0b575ecbe91bf65b4c1c,49.5
2f414504a52405e86f5db0f59200b23b,49.5
9cc12381063d59ac2f47329d3837e3f4,49.5
efb499a8d034abb338720bf31027b0ba,49.5
c1858678c3bdfe0f9be8b47d28f3373d,49.5
23ea7968e6b9cd4226e24393bcb1c43b,49.5
68d0a58b2129554460a7b477ec8735e6,49.5
e8bf1043062527c3fcb79a2523b1686c,49.5
d4497f33b4918074382d13f3999924cd,49.5
c667d4a9f7b5fbc11fd2c610f27f731f,49.5
daf3eaa2eddf5bdf79f12d1702343fc5,49.49
8c2cacdb29d403b18d70caabdad611bc,49.49
a90cbac9cff2b9205048ca41fab6fe96,49.49
40ae4a813dad7ef7f80539a91da80d5d,49.49
dae9ee97d14a1f5ab75b863226a72df4,49.49
a0f6e2e720337e8973be765132e48881,49.49
7ae52499270f3ed60225e78f0e0edb02,49.49
dd280839d45cc0f98c6b2de9665909a0,49.49
57bd01b687ed2ca2565730ba32a15d06,49.49
cff990d71f28a80c1cda339dec9b4c9b,49.49
c7616d00b4400791c265c3b952dee75e,49.49
ba2d08d01fd5d5dfd8c61b405054419c,49.49
ed105972a723ac27381b28a30286e859,49.49
2692be767927fbcf8145f370004a9d7a,49.49
cdea03736ccfde6bc7471b949d660040,49.49
61bc2c21e6442ddfeec440244439068a,49.49
d4949cca883001cb0f2ff50f30a58c00,49.49
95da60df9d8fd5339534e379b679106f,49.49
c1da9b0b8b59fe31a48c170dddc2cd98,49.49
6603ae268d9d38a828d348fd2ea7ab8d,49.49
a7c6c0a5bee0e4ba3376b84385cbff16,49.49
e37623a7c983c5174d5aea2aad30a080,49.49
e4156eddd433ea216ea851aecfe3bcd7,49.49
f744cf55db041840c8985524c2986ba4,49.41
a8a702b6be013bb059beb57f4f555800,49.4
8c1f0db2e1e91b28425f0d7e46454e94,49.4
ba0bc48c8813635bfaac7d201af8fdd3,49.4
4d92185c410cc29f7efa68c4f966d19a,49.4
f0c3d576e70e1eb0ae245c9483b5ad95,49.4
c45d972653c58a5c8e83032f8749401d,49.4
9aa2bb49af484279ee05a65d05cec9d0,49.39
f9d62536e8a5f6a1ea83f6d7e39e4d0e,49.39
501ec6b10ff39d8ddf9c551d7b34f2d9,49.39
20a6f66a60ad60d0ad594a9a208093d3,49.39
ed91cd9ea6e333288382a4adbefaffcf,49.39
fafe72e7b299113b1847715ba98dd337,49.39
e786a4a1dd4a9815949ad7c7059954fc,49.39
06814f4a12766195eeb2d31fd70ec87a,49.39
22210021ead9f4ebb1968130b654d092,49.38
5d5d1ea621e982d29cf41b788ba83f64,49.32
9a46b6d481ab33d2f3f90472f526f210,49.31
1c407e8ac340a7e03e373f42afd8586f,49.3
75de575b1ac67f10d725383d4ae0b0ae,49.3
a5f34beea57219eee3220430d5f2f9ba,49.3
4c4d8815ab4bfb632fb88e90cb0a7b1a,49.3
437ab8c619c372caf63fc4b6c8117290,49.3
a3b2123ace561fa7e65d08ebfea6c819,49.3
d4c072d412c695fd3a4414cd08afc799,49.3
fe81f497311c0200798e6b0adeace658,49.3
69c44cafad4d74413ddd820f77d755a9,49.3
9a27ec65232b3c605bf532a2506045d5,49.28
0462ec49c7305de0305ec03923c990c1,49.28
1fa95848d4c53e7acff1f018e33fbe35,49.24
2de342d6e5905a5a8bb3a991c855f3e2,49.23
33cdf7dd400e36954b11995afd7f0aa7,49.2
084276e19165eb374ea209756511156a,49.2
d839f4dde946c508c319fc89a4e67756,49.15
ffb5b1f6d82177d1d0fa25c9fed63a5e,49.14
4010090d6f8f0a88baf140d0da4f2f88,49.13
4ad3ae9fff4c9785fc6f64119e984dd5,49.1
42367ae6454e6a4acf379215806a9957,49.1
d006bd8339ac9891923132af6408f557,49.1
0c137d76fe12fdf5abcbefed887f2b95,49.09
b43190595a282dad80ccae2c10dd715a,49.09
adb996201db8d69f29120d910116af68,49.09
b0cd60f17cb2a0ffd09d607e65d3874a,49.06
8742cc27dcd49bff97e2b8d9f4e01663,49.0
8f62f298087a5445d36cb4695c52ebeb,49.0
772eb956145cd3fd50c2dc2db6cf0e7d,49.0
0bb1df1c6ebb8a342e2d1b02d3c7c312,49.0
882d877a5d51c4ba2590d82e86a7af0d,49.0
75ae88f78b6ff4cde016ee3108c47eb6,49.0
15f3f60c0575a9f2a7d5434f7b8a7692,49.0
1e5de4c68af6db5151b970cd48dde46e,49.0
ea66b3c00214b4c4db52efe534708357,49.0
091644e5b77192246134faa0a042a356,49.0
cdb1e9cb8ee9ea2a896a849b2011d0d7,49.0
7a4fbe21b63f57e0e6f3df6cf0d63f84,49.0
5c2d52dcfbeee8704168520a5e9433e2,49.0
6541bd474ebf13e7c24b38a89638260c,49.0
24990bb0b93389a084c6a0a628f2b544,49.0
cc220e7ea3acb606f74a9ef371b73dd5,49.0
aeeb84f9b8136a05c7717635612ece8b,49.0
e657db636d43515b039c54c424b1e51d,49.0
7e5e938f81a54af60f28aebba0d4e899,49.0
abb4e48f24fff1c4bed414e1a4dd8bf0,49.0
934d346c8021dc772abbd027a41a7832,49.0
bd6aa8a8ba9ecfb04556f483d00ca520,49.0
a8f70597c7c83e71598dfe9af1c791bd,49.0
d3f3de2780c9d4dc54d116314cb4aa46,49.0
c3f9d2766e289410c0cc3a4256667bde,49.0
f6750e31bcac8ebead3685be804fd3d6,49.0
8b70e14114ad1b6f5050481b48c24a24,49.0
0ebf4ea5d562d47342359187bc4a1dd3,49.0
762ead3b312e57a6b06819bcfdafb241,49.0
64567be7188b03c43b27b97a4d0596fb,49.0
d1c625e57026a199bca1ed772f6fb89e,49.0
7cca22c60c77d6d15ffbf8619f4f3a58,49.0
f681356046d9fde60e70c73a18d65ea2,49.0
cda5f27136ac1f174e1ba59d0bfea170,49.0
c2c6de553b9ae7dc0ca347bbabfa376b,49.0
2086f96c2dbc3656d9843850da7e8ca9,49.0
7ff6c1a0c25241143f4865c737f23801,49.0
db8940226b1578796307372dc00fef20,49.0
ae12a474c8de7dd68097a884fa9049b4,49.0
2839dda95f81b66b4cd7a53b92011890,49.0
b72b72071e374566785cc845ec347345,49.0
cd8ac46f1eec8868e3aea3b40b220a0b,49.0
658199afa1f8cb62f0d98216d3e20bd4,49.0
563bb72874c0389d13629841d8cb4b39,49.0
ca15e4c46c4f5189d76a5e578ba6c1e0,49.0
f45c4ec1717ebf7327a3d7b5c9b04201,49.0
2ee6a7340934c1c8c08bd9ec1187e919,49.0
788cffe37a94186e4ad9a9940f0f858f,49.0
519bdf0c5aa27c8cfff90d4e5d56897b,49.0
7f6c759e3bfc14269dcc023d3d180ca1,49.0
511565b2987c19e165331306886f10f8,49.0
afabf3402c99e06da0fa8bf433929d5f,49.0
974e920c00ddb177032c54bdf6954e3e,49.0
6906dc635a151b12340ae5657e98a0ca,49.0
03058eb4c0764d7c06ca841cd71ba6f1,49.0
52aceafe10a008aa9d22dfcb077b4c87,49.0
774c6d56e5d71c722ed8f798785e5e75,49.0
7d831cbb1fb8d8d06cc4391b76869b64,49.0
c6fa0b8e7a3f6679d53485285de58389,49.0
8bc3c577492dc4722818b1f66b1adba0,49.0
b78fe4e3522d5ce3859f83ed1746eaf5,49.0
a5bb5cca349a6c8ce5a1f2c1341d25e0,49.0
2b1b6264591c5f876df616122f708d87,49.0
b84c196cabc8cf2fcc056696b4331a3d,49.0
1109c3ef4ce1fb80b95b9765d6d76fcf,49.0
c51b1c9fa6b8be3870d14de83d563ec9,49.0
422fc5a15f629ad7a487384d91beec05,49.0
e837a3746937ea3957c5c12deb313036,49.0
d386dd4f88de12e3b36750751c8a0b70,49.0
feb43583b2de6fc8ae4574e60424e8e7,49.0
8179ff67fa0372e2cbc68facbb47ff62,49.0
c6a61eb5f0c459e69f952c493285a7f9,49.0
5fee8e4da65deb305e72dc0f8bdd5442,49.0
fa1b9531a23ed747b30acc5ff7bf4f54,49.0
51e4740dd528fe393562380ba49e41ec,49.0
26b8d706ae17092e81e600c7ef41148b,49.0
ab0c7372cfc8072894f5c0aa01585e32,49.0
c63812833200850d116bb2ba25ad634d,49.0
37cfa50a05378b7fbec2ff7e0db72878,49.0
9dfda6f4234eb2949a188f44d489990d,49.0
27b08a44041d90a2f35e381a9db0d379,49.0
381e00b3603ba05314ee7c9548ef7b6a,49.0
95228884d0d122f9a8ebc5750a97040f,49.0
6e2fa0e671b3cac0d560309dd68d43fd,49.0
f048e596eff8d43f340e3ec1b25086df,49.0
14f3f9d94f9aeec7e25cd6bb2acab542,49.0
92470b5b967407fa22b4790f46c90939,49.0
e8a9e053759d650b77440883c7b27235,49.0
41271485815b01707d141062315f16a8,49.0
fcbaae64e3b2c5a47f6a6ecf9a1734de,49.0
226236428096449139ada8b6e6bf4136,49.0
831f214129035247f2db0f858077f010,49.0
e4d7da67c0fd69d37a1ced68726d9b25,49.0
6559eb1529fa374ff7f71a8f2b1e5405,49.0
370518eb3880e605c398910e3bb0aa85,49.0
1d01743ecce3d128328fa7261e7c1650,49.0
379b91a51576531cbf7bb8f7ffb5016e,49.0
78b9600a08c5e140638ea940dc41cf84,49.0
f802cd630bf91e3ac28c73f26e1a9f94,49.0
e1cb13d47d802da7d23d6253ed8d7959,49.0
f866d7ca1261363dcceb85191ed85ae5,49.0
e01d4d0c98a1f1e998f3b78aa5c48874,49.0
74a1165008ea096720318c1f779adc8f,49.0
3a10423d6e0b168ef5611d79d3639ccd,49.0
ab30bf72cae845f3814c7baa50ca549a,49.0
0d7a3de2f5fab946bf122803472802bb,49.0
cfad256eb02ee52ebd2a75e6a3095cca,49.0
f83ce896b3dc52b9fa77aa1110cd90d6,49.0
68ed208f14989bf87c423b4c343db98f,49.0
04a7e8450417e9af0756e051e17e221e,49.0
f7f197973339da4aa7ca6b82dec7905b,49.0
50900ea3519ead20da341b41081736e9,49.0
2060e318ca3331cd5a8b03eafa04f813,49.0
1b6ea1907f4199b0a0298495bfc9f9dc,49.0
90bee84ba315cec820fc30e0a7e52fff,49.0
e645a6eb0c85a032c56e3a2170f90c3f,49.0
abaae496f2c7fc158073f92930c654a0,49.0
24372fd3ff29d6dcc6f7a274361899e8,49.0
3c89cc8ee29eeafc70dc2d36cc523bda,49.0
807d44b7eb8d4d8c38ae5fd4859bd1a5,49.0
4ffa57c0ded9a23779c0fa34f6982c64,49.0
dade98c46f47b797913babfbda567f24,49.0
58cf819bb4203647573c953697453110,49.0
79750c3cad14c77601081df00c553dd9,49.0
215e8a070bc201ed868c5e7990191e54,49.0
ae8db3ad1465ebe372f722f5d3dd5739,49.0
069c942e82eba9152f2797da49e1e764,49.0
7501487f2c74cc52064641b5793bbf4e,49.0
40e86a3dad650ba87f73f66396ca34ef,49.0
8852f0c816da33fcb67540bb825df1f8,49.0
b9820f02b67bd33381d35eec284e25c0,49.0
2a7650b65bcb266e812c0408d2bc2414,49.0
659e0694be1d9cec20766d24e7d93d9c,49.0
c4166318f0d95d4ff6e243c05b407d21,49.0
a7532e354c1895123fff8168ec3c3c1e,49.0
98b6c7d5318c95d0bf714d786ac0eed2,49.0
17720e51d474eb347f716a1400863dfd,49.0
4880cb1a078711d62ada178adf0defb7,49.0
a87b79c34cd3baffacc7d3ba288ebe7d,49.0
e8a59b3a1618a2a3a9d9098fff11b6ca,49.0
120e1f31d01ac400b61e8f8a3cfb57c8,49.0
210b3c675c1a56fc590127a4d9cc4cd5,49.0
834881fcc1058894ba5170875c942055,49.0
26f8f6faa46f8902102b41b5afd0cfb0,49.0
22d8ce67d81d6155f428db48eeb6bc7c,49.0
92ac4160874c75b187c8222aec92e1a6,49.0
82cfeb7316832e519f1238ff89b5c5ec,49.0
6347d009d824a697594134c029ef771d,49.0
db4ce50bf63f8c1a9518462b0499aabd,49.0
ffbc1b5517c488c7959e231ff9a0a787,49.0
58838d64c9fb6e9e3712b41c35024f0d,49.0
6258c05f1b3a07b7d33da59efd87ac75,49.0
30c2a370ec714c4dd8c14de7fe0e00a2,49.0
b902824d87ab9a5958c6a4462518dcf6,49.0
5a489824cded00c447dfac4800252bd3,49.0
91737efb8ad05ff2cbb2636368f10a4d,49.0
0f626c360cd11bf6a7aab968ba6122c5,49.0
adad7c2f00e8d79a37b5e7b7fc17da0c,49.0
b9b179f626368869cd9f6651cc2370ff,49.0
9095ea27e45e0d5a152a23d0b923a0df,49.0
5a2fbf63df18332fdb0d28cc812e8393,49.0
7460b4fda02ae69978ff6b5d7d5afd6d,49.0
c4a4198eed8a98fafd29a24afc9e6886,49.0
de4f592a5c6155b2fe6f87b30aaeec9c,49.0
bbeed9ea963b0243e31ea610df45d08f,49.0
684741e5c388d9fe3d7ea5c8c1b48182,49.0
7aadf2d7394cd9b911f7b1fbc9d85bd9,49.0
2f4f35d3e9256161a7ccd6f561707b69,49.0
ce0ae5c05efa10263bab504ec83c6a92,49.0
d91269dd81b9bce4f785fb94e5189872,49.0
a147075ce27d034c5aafc6477a4ebb72,49.0
b04a30fae309e92ba5210356fde7191f,49.0
012614499e669f2afb78750ab13273c9,49.0
30f0e4aaa8fa99752adacfb62eaf6a27,49.0
0ede6cfaceabeb80e95c8cdad1886821,49.0
ea0aaae13136d2517b6777c8c7b433e7,49.0
1bc99ddb5029b70e5299afb9f22bd2ff,49.0
c4621453a07fc947f6cbf6522aa7213f,49.0
a4e7f95a56ae5d343df14b2a4558d766,49.0
da9bab96fdd118c15297a11043d7b747,49.0
8fccb38ef6390f2ff9259195cb269106,49.0
c6ce0c0c6894adce607013e6f0543308,49.0
b9ace16b956eb4ec460f6adbb5c9e9f8,49.0
c877712189c91e02b31a34e37974ebd7,49.0
f354c2f15da588408f70debac5a1c519,49.0
d40fa51080cbadaaffbd88c9abb5a65b,49.0
3a0eb9e1b206d86984425581cc2e6f58,49.0
9d458da74858da5267ed59b42738c8b9,49.0
231db9149e36c4d25ca75472a9ea4335,49.0
f0ae2d8c33a1865a8d66b72978091b8f,49.0
0598384cf66a6bd49ac0c725af1c74e7,49.0
5fab7785cdfea700ae1362b2c9c3d697,49.0
12f4fcac9258a27da9af48d59cc491e3,49.0
702c309288b89d7dffc52be2907d7530,49.0
bf7c8f97ec53670a016b95248a03528e,49.0
04a8f68b5b040ff3e1d961c2d280d4e5,49.0
b0568260a30c794a714aad19d7c887d6,49.0
33b04ed3a65920372c212f95cb9fa5ca,49.0
5e9f8d5f6b5e2791fc6752afd2af321b,49.0
57881a5d221c6786c46880c5358abb30,49.0
8330064bc1791c004a673df6258d002b,49.0
eecf234d5f78bbe609c2144a28f4088c,49.0
4f92671b9446f9ce54ce9003bd704cf0,49.0
01208d73b8f2d0e10347aae1242a12fa,49.0
9e00d50577b99758dc352144cfd13a76,49.0
65542d971c4643add951f515d873ebc3,49.0
ecf15a4ce074b969c7085a5e2675f3ad,49.0
a0d17b4cb7478d0e7667e0b46bfa800e,49.0
352b6f640af26b0d36b6d2c8760cf5d2,49.0
7dac8e502779cdc34ef4e6ead6b5d576,49.0
1e95a3150bf91dc251e39741df7192de,49.0
4d4beb06959716163a97e5b3e713cea9,49.0
3caa046edff3326e7b06ce037829952c,49.0
5ba140f1494030e4f6cdbd7e7a270987,49.0
fb8b676e8673ddd7d4e235130ec65362,49.0
4d5d221f42822e2d35af67da7b2ebb88,49.0
82bbabf74d3e033c6b45091ff046a134,49.0
efe0f347fe4acd9f2fc67cad55efdd91,49.0
e28eb9092b15da1e8ad79eed5ccb6912,49.0
5b6a981e53b05732cee5c921d502378b,49.0
7a8cd6b234a923bf3984d793b0b64154,49.0
12cda441a80c2b74b985dc0c412c26d4,49.0
536ab83be11994431d8e0686d65e481f,49.0
5fc94afe3011b978b89cc74c0a3fd96c,49.0
52f53291ff1011cdb7d19e97f2648974,49.0
16fbdfa7654444436e8dcb3f77cc2519,49.0
95b19ba248d1ee412da89aa3db264179,49.0
58583807f8901eeed0810e81d58428fa,49.0
55c78bc29570e04ee3d2022cab98231b,49.0
e77a5ecefb294ce09aa81b5fc5268a2c,49.0
bb3ef6ad2a44a8b8f5218b23475a0b32,49.0
bdb119a18ed858b1a9f14c253747e20d,49.0
d7730760dd3d8bef731679140f02bfe4,49.0
2b46d9e92a141eb116ecbf2c1e6565ab,49.0
8fab651496bcc30fd97ec67048600c27,49.0
ea2677769a5160cb3664a4ee9e6dcddd,49.0
1e7347c98af2c5dd3b24ef197d20e0ce,49.0
6aa38fdee597dd9814ab987b44cbda55,49.0
0e9fdadd06631371626468bc8eafcecf,49.0
2438ba50f3a77cbfd3377900835fb526,49.0
6d45947c18621227f1e82fda7a73f26c,49.0
214218d25a570354c72674ee539a0857,49.0
40841af3671f219e781cb38f3bfb5e8b,49.0
3107f7888284d0508fd187c997533d58,49.0
f3c77d075eef136f32aaf3e0ad0be638,49.0
8f9248922bff527fc6d83c24c9dd17b8,49.0
50ffd1f49d653ce5b5d70d54db3468cf,49.0
6571517c9efc678ea3a386e13bb33481,49.0
7b821c645166a6c605f622bc92cb4864,49.0
9abf606fc27c284b79f293ca455f99f5,49.0
ebda0889c8fe0ca190b75b5c9e220ded,49.0
cbbd508281ea66e2f36b4acfc28a85b0,49.0
e495b3dcc07c9d608448027135eff86a,49.0
551910403e480512a070343d37dd598b,49.0
ad2910357a425b444b90821bb85efbef,49.0
6ea0cb2f488c5dd5311de194008ab1a8,49.0
96a382945e9f743a47d2597c7802c431,49.0
1c1673e7f574e2fe2d204f09854ddd0b,49.0
bbcd801cba7b655a6aab583778eb6af8,49.0
30324c881a62562ab08e01a916582091,49.0
a85ccbd509c181ea209a92956e8f181a,49.0
2bbb9590503bace9c39a2d9df377d06a,49.0
e38595a899907bdc76cb2ef18e1f991f,49.0
e8aad07575654e0595acf49b64b9b46b,49.0
a1c2217218bed2992309dd19fd67558b,49.0
22ea9677582d0e8c4ceeaa2a306fd486,49.0
778154a7c2a1128b2a9b1f6c18bfbb16,49.0
724dd97cb4813b4be4c1599f6baf15ca,49.0
fe582816ac842403b06d7daff93c3997,49.0
688c5a754325b8c84629b9b436f9f51e,49.0
7c5abccd0319853b8b3718591f5e7117,49.0
d70c3932cf4d049a839f58a0d259559e,49.0
089986fffb326934301cb204f52f9c97,49.0
401044d8a4a11059a0fd4c9168e951a2,49.0
b678b552b2e4fbd0447bcc1684789d36,49.0
e13a5ed086aacc9b2b7466c78645b468,49.0
e1fabfdec84ec2b60621a1dca9c4ecc0,49.0
7d2cbb8bc15c08b4cfd6099706d53b89,49.0
67b9751e4cff924b6233923970d6f0a2,49.0
4f00f0cf58715dc27cde8e9222e1e97c,49.0
091be8027f7e81f7982d213f813063e5,49.0
9f648ba69a1b07f98c93a84f99a0c9e7,49.0
2aa0137ee863ad6d30c38d370ff97347,49.0
f7a7fe1aa3478530445edb70fa6527b6,49.0
ff1acf503bdf96c225e4dc499dac6954,49.0
dc81c6b47698b1a98b24db60dd094325,49.0
0503583783b2b1cabcf45387f5f09468,49.0
208130fbcba33f7fe0978a1459f4d88d,49.0
4b63832d8981eeb3359955d8057588e1,49.0
abdaafe64479e307e9ee94472e1a77ee,49.0
099b2cc431e3ef6cdf16d32b2b8fbc34,49.0
fa11b190c4945c105eee4fe830a1046a,49.0
3429e5cc7c1db7f03d5cf86f979e9577,49.0
59d30339943de8792b79b2a7835e1752,49.0
d1eae5d8fb3c1a1472eda31a5f9ff3f0,49.0
7f9f7f001ca66df1f762a503a416cc61,49.0
2f4e25590a0019db4998de8bd7cc498e,49.0
0f1bcbaec0169c78780f5ab7e1d5aa36,49.0
98fde7fe3cdc65d9917130594f173df2,49.0
1a66bf0ca8926c664ad542e9d551805d,49.0
4805d62fe2ec69e4290d0ebc213f34d5,49.0
8f2792b2443223c1714a5956f805d6f6,49.0
a37df39416b121779940a16d0b43178b,49.0
28f583529f2c7fd70d83af5dc9411a1b,49.0
bd207fa6905e501b1885466db826d7da,49.0
8f94704bfa222cc9bb083685a9e8e83a,49.0
3ba092709645951ce8c3607ab0ba6505,49.0
5f7a039b6721267134ab5850eb7b5209,49.0
62fecf2e84255655ac7fe3a7f8feaafd,49.0
1b5b4fbe07dcd9bacf4d004d8a62c555,49.0
a3537e15f3e4f88e07ab0bd9d61f4d7e,49.0
696f3523f62bb93dd3372686c4f54828,49.0
ebca5a733316195ff6041c30e456d7e9,49.0
e1a7cfb92cade4aedd22ea4860bb848c,49.0
7c45ee8b59c28121eb585235e27138f4,49.0
e740d1c438e9072d5a23b6dd96e59b8b,49.0
9370fe4ed90a768d1529b5798df4c18e,49.0
adea779c0b221359e0b22a82ee5c0ee5,49.0
816f8653d5361cbf94e58c33f2502a5c,49.0
3fd2f6804eb8a6abdf0cc0ea5a4cbb80,49.0
86ee2f815eb7f2cc1b4277e578c36805,49.0
85325278b4594920bad0bee36e824631,49.0
1e79e4f1a4653e041c3ce1ddb2ff239f,49.0
ef87221bf046248dea3538dfaceff8dd,49.0
18d11dc3fad6c82dfcec94b649579acb,49.0
9794742e512848cf1c6fc1a01f0d549e,49.0
790abe338ab161bafecfcb1a477d46a7,49.0
b18b8574746de17277d25884c898ff55,49.0
79fe43e014435439f7e9d753a4bb720e,49.0
c158314d2b6005f79ba91e8e39f09f9a,49.0
5601306a3ab8ff0784dfb5fab690bde1,49.0
55e78016842a460f71bbad3a0c4e4d9f,49.0
acfa1cb53f002260bb389f86af953c5f,49.0
f167c1f38bc84624f4c1783709ac08f7,49.0
e7f296f08aa3d473884610e0b275c9a0,49.0
8eaef9eca5f384f13d08bdd90c07434f,49.0
f4e93290ffb2b56c8820d4fcc4cfd00b,49.0
7713f374a02bd9712b22f044340d22a1,49.0
a1233b4436d4ce241f728d71cad69978,49.0
fca0521fbfab0aa52246267ed29f4150,49.0
4c7241af24b5344cb01fe687643de4fe,49.0
d2bdc208cc30305a66f5b03a3392c9bb,49.0
076a5ddb5b1240c532093a399dcb47f5,49.0
da92f5d6dd82e8a889b83778f6f6aa26,49.0
84b17b0dfec4e699ae79397b69a3aaac,49.0
a3cfc219899f8a9d074f534d8a527059,49.0
4867e76ef4bdc75f3ffa97fd17ff7c30,49.0
6ec5cca8c66fddaa31e3c756753c3001,49.0
1eb1747994dbcb25f83cfc9490e833f6,49.0
968b4bf6385fe1f935ec48185a1f6a22,49.0
00380c010de38d578d02117f6d0b88e7,49.0
d9d0060f76a6e87bf45958860a1a4d4e,49.0
43f5452f02cc200c6ce1ef2af3751e24,49.0
e321feb702549b26f2ccd5518359229e,49.0
6da7fdc344021e769a846085968f48f0,49.0
0aeeee00a80369aaa6d220e46d74e055,49.0
ad7c1f0f24e5bd4681a7646641714f81,49.0
e7795d0a33fb65d80382839be92b9027,49.0
a9e46cc867db067cd9b59eaad29c6c89,49.0
3eccb9c1241dd874da335a074221c39b,49.0
8f7a1f014561a04a4d65e06805d68d82,49.0
c41a78e907140c86415c4c480cdf14b9,49.0
57b7db7fc8a60f117c4ca88ba371d5a0,49.0
f90c0b67909aef5401de1537c2ccac12,49.0
c1193057b66b6e369eabc16df122e985,49.0
49230f693cd117ce90fc3bfd8a148ce3,49.0
47f5a28a292c29735320ab9ffeff5d82,49.0
9f0534f3d0fb02a05113bfdda441c899,49.0
4a3be90ecb8541317983a22f6c863888,49.0
448b1a16f67650b746c0c8e0dcfbea36,49.0
b21f7decb04caeb2ac9eb6095e4626ef,49.0
69dd18b28ea33e04b65244e7089b33bd,49.0
7b63f12176df82c37faf125e33252536,49.0
16ece50a0fe3d823fb028f7effe052f5,49.0
6284b8ac7b0fae398f24ed57339cf072,49.0
3afcd4f9f9411b8cb8f1d250b0a6f6c2,49.0
65b8331f36ef1247c8b665fdb5b2308a,49.0
b1bb127ce792d5bd572bcfecc6adb9ed,49.0
718f5495b3bce9a9f415631186f52956,49.0
ebac8d83849c9bd3204e23675e26a5e5,49.0
f75ab93151297d3750ec2c9e9f9bb45d,49.0
b9d25a78c4295ec207824ac5dc4d327b,49.0
5231b1faaf0bc107b97fb0c764f2ed76,49.0
9e682c187ccd264cc1450abdbcf60328,49.0
a24e97fa9cdfe337d1a096700bae6c66,49.0
b7bf1e5068f7f1f96b79256cf09a6f56,49.0
67ed1391de0d2cfba768fc5840d706b8,49.0
47f43c0d4abe700de3511c779bc31f36,49.0
0f086b70ff8bfcbba5e47b378242231a,49.0
bfc5d0939f558b9c4b5afa10be9558f1,49.0
36051f35d72db8e13c444673d6599889,49.0
c8c1f0597230ba044bb8cfb67fd31dd0,49.0
e49333c505ebbf2b8533233679054b14,49.0
04fc2ecbb192c71163629f423d57a13d,49.0
86192eb3f1a46e72f9569d99b1122746,49.0
257f94d2e0cf3233164061fdd443ca8f,49.0
4da799d14f41e5eba0086f5e718a4a52,49.0
16c373333b2805831b9b08896f408126,49.0
9befa54088a64c56bcba0c4328fdcd1d,49.0
b6beb62d4844f17d1ef703d4e2e62a19,49.0
c06ed558753b26a871544eb71f7ea9c2,49.0
317fb4e6f110c2dfc11b19630875cccb,49.0
1d9e62aa7f57d92badc22e5d83510f77,49.0
b4f8fefb383c44b7104bacfb59e5570a,49.0
ad455f9f8e3224fe29f1d5b0be816185,49.0
966912f20c8442f872cefe072d749ce6,49.0
73af52d65a69354b66b26499445017d5,49.0
51154f38c84e78ea286ae12b3815b74e,49.0
62675f64045ec165cbef2991e72e6246,49.0
6d3df1ec250077e1044d6aa6ce83abe2,49.0
282cb5fd8f77b5adc7a04bbf77f8ae52,49.0
863c3f24261f7f0b1a300894d650b299,49.0
ba18bcec3e58edfc6e8d62161a020688,49.0
607351e2b45eca84823f158f10387775,49.0
3452e28259248bd268d8ac13c8446779,49.0
8edd4b2eccfe220bfddb9cd005aef734,49.0
6500983182f0ed3a2e92fcb7522a4832,49.0
c4dda7f2ec051e0b838519a511d05cc5,49.0
9ed647ae5dd3bcaf166b0fea7c9bd3b4,49.0
066e5acdd1a429b05b4bcb0c8f8273d3,49.0
aff94b0f1d55ff958afb8d79b304d547,49.0
46eedac9adabcbc4e00c33f104651b31,49.0
72ab52080f9c06be2905b77f1c3f0c3f,49.0
b879b2edd80f3988171c661574f0dd13,49.0
833d52f3b53923c7f3e2371dced43ce3,49.0
566725ddad946bd0c0934125dc3126bd,49.0
5a9c24ae3a1031f1439b260a24d14f36,49.0
e1009ae00e0fe8f7212a66210478c6c3,49.0
5105f034f8d887a817febd1732ab5952,49.0
26408ea75ae8557eb66fe7ff74ca2416,49.0
cac1bebaac8369cf3c90084ad62bc4cf,49.0
2adc4ecc065ed5dab8712d820c8a6849,49.0
c442790b98d80265e810032f3cad5308,49.0
b850b2a28dff10b6a053e1575ffcd39d,49.0
0b26bb0f88ff2869dc89fc3703473cd9,49.0
89e3b283612a5ceb826e2325d09e06d8,49.0
06a6d9bd1d738261179b6cf3d313458b,49.0
a51586aea47df8c3b03d999120490b21,49.0
ed82708d3a7577ce0f4c71c0de1f7a6c,49.0
1d36a6923296de7a040b2f392cf7ebe0,49.0
37a9571e984375971977606cb55bb504,49.0
d813ab20b4b3354cd96acf8f62f7ac9f,49.0
3e862ecfb2ffaef14a4f7a10377a14bf,49.0
d402764a7ce0b2bc443330e94523f26f,49.0
7c8e2ee21d1aad5b2c33ee153b31192f,49.0
4399de73b8c8afafb0134d5ccd8ff1b8,49.0
439fd4a92dca4ea45485bd99e028004b,49.0
9afaa5e5c2efd5958a5fa0b04652085e,49.0
6c2a5ea4fbd1854c3827a5e3b8eaf8cd,49.0
4f81711673621b442e519f4635670126,49.0
d242973fcc51203ce6f07da575139a0f,49.0
18b5e821fb1a52ebef7db6d4a73851f7,49.0
56c14b45de87e6d3841eff95c7377526,49.0
b8b71bb850d115b6147cb431453059cd,49.0
b076d33913c27684d0485cc0110d9e0c,49.0
b6dcf411c45cbe8e176562028c22851f,49.0
32f4a031804a44cfe08b7a12db24df34,49.0
f1c13ca7dd66cb7def52fad853075af3,49.0
7cf5c3cc0ca95110719e8762edf953a2,49.0
26e51150dfad8e72cb6698c93cb3afb1,49.0
41240c469a32412fe0910763161f878a,49.0
7b0ee5d26c6851f15cbc9238c3d86da7,49.0
d36b8161eef9101ed8376e0d4c783c17,49.0
d61a3eb5ccd2513f6042d80147dba852,49.0
d5c5cfa0d8946f798c28c55c5e78b55d,49.0
c01cb514d2cdef5688096a4c372f31c5,49.0
04b289fc410f311df1bd8235f4fac2e0,49.0
04d0c8c75a0bdcabcc47ce1dd0db89f6,49.0
e3d0615c4b434d03fd22c8599ab02195,49.0
080d63b6675be4326b6dd60b6fc912dd,49.0
58c9cac8b8d827ecd1854a007b921fca,49.0
0e4c35fd643e6bca5958212bfaadee7f,49.0
96f23010acf228a3e2c2effec8ae8337,49.0
649ae246f93c7482390cf748a9be70f3,49.0
eb562fef11da58b078feead2bfc91b47,49.0
ac4adaa56772c24c8307ca0bc82e8779,49.0
faf818567611ff0f84e721322fb8733f,49.0
972b42200bd45ae8e6ab6b2acd66d732,49.0
dd4bd98af49ad053c0f4dc6107234217,49.0
3bfc0927d77dfbf1e3a0fb4ca2162789,49.0
ba33a4cae101690de645fad078ba96f3,49.0
fc3b54d8ba9833982348be27ff2bdab3,49.0
b095fd720a224dcf7c988f5868a99def,49.0
2f0b8de5b769f1fb9e33a828d229543b,49.0
2a61e5125d7e9eea66d796d3a24e49d8,49.0
cf29c48c32e4967740b131261011b091,49.0
1c7d3f9a5cad0ae81ecee8c4d1e50e10,49.0
45d4713718919c4e07c8dd7d0797f63e,49.0
c5508016590fdac232d591ab67744a1e,49.0
17b723f5c85b44a1dcf96dca43d3eb89,49.0
5bb2d3412b01523e83672803d7a1811e,49.0
87ba7b183e6455c57728e6b2520f85a3,49.0
bf332e0150c69e3c4f79d9f7561768dc,49.0
ea6e4b9a3c6507d36ac172f95c32b2a4,49.0
d2dd0d296120bd8886f775860bd3a3cd,49.0
9fc14ee468e1e679d5a5057fa4224511,49.0
94af6f17b7b4af5d2d68209887fb6063,49.0
c0798df67ba2309f0d06889e8beac60d,49.0
896dadd858fde9124a92d3a71f046d07,49.0
adfafa26756e071b2715e7ca34d235ce,49.0
df7ec75663c7db6cc97a8408c0e16e34,49.0
dceab7a0356dfd73d5b0f9c14f1ce7ad,49.0
743605f73648410aaa37405f3385d830,49.0
3df001627683ff649e8df47730d2b52c,49.0
4a04c64271ec0baed8ecde8869bae718,49.0
5944fcd0423637dc7497ef10187e073b,49.0
0a74d155c76b730bcb9815de31c8d668,49.0
6466a7006594fde33f3ac032585147bd,49.0
d80b9b2a21321a180b82c0017fe8d9b1,49.0
b277706d4d2b4ce453b7e6abb03a1bbf,49.0
6e441d93f95beaaf3a87e6982439120d,49.0
7f96cdc06aa0cfe77e71187d5035f22f,49.0
8a3083e3f5500b50d6f4f3003604df87,49.0
8e98bf676f11db9fd078edd4d3dad51c,49.0
ed672ba37544385256cd475cb61a468f,49.0
60a63d5cfff369d6ca0d86ab8073c8d5,49.0
a3c2953e0ee33d6881da8b52956198b2,49.0
0950fe2a7eda69cb626c908ef124902d,49.0
1d613c182f9ed2a229eb3a353a983cfc,49.0
d02d430313cf955bb70f8c079566aff1,49.0
700df138d5181cae3232ad045b53b8a2,49.0
3c3335d4c88928de4ec0f90fae9d1507,49.0
eecd9ec5c04aa9abce50544663d50038,49.0
f09d58eff599c9908ddf3a4ea15e6348,49.0
2dfbf74859104caf100df3720a1d833d,49.0
cea725cb0864776ebbdb3bf427fa2001,49.0
471084a5a72b0eebf59b306a9a125643,49.0
22803c322ec0c856ad9aae9d26580c7d,49.0
861c4eff6dcc1cd1ce85c4d47fd54509,49.0
b22aaa0f32899076819cabcf2bae02f1,49.0
5d688a4260b1c11195859ac656fa9dcc,49.0
c900f77722739bee8cb2ca5053cfb49f,49.0
cb7cc795161aab05c597e973559ba50b,49.0
317b6bd739f5504c8cdb3979cdca9328,49.0
cdae9ff1bbb32efe13244886b1e09571,49.0
e2b5d914e5123bd2320ba9f04704d942,49.0
55bcbc4ca1aa6b2d816de5066b5d103f,49.0
49af477f51eb0910db1d2c9cf8301ea5,49.0
fc4ddaa89b9d278b397945a013b4781e,49.0
6253abaa7f49a14ed55f0b1c0e1e9455,49.0
efe79b09689802fc2d97dfb9588591a8,49.0
79bcc2daa707ab5534f2dde14f6491d0,49.0
d3acce793dd61c7d71e57c152af13aea,49.0
cc309d30a86e1ffacdce0b86296d69dc,49.0
750a271fdcccf222476369e4340d7274,49.0
6f1f3c65581b33ea4d330525abc86460,49.0
ba6085df70c57fc78776a938b55bea2f,49.0
a53f07618b7619490927f7619c0aeef3,49.0
741488a61f59b1f0a0e02501db47fd8e,49.0
5daa5c0e7db8286fc9a67ef146ad1b96,49.0
4b5df49aff7578c1ea821bab40608b04,49.0
7add403a697858f1a47857c3e396b54d,49.0
6a97a18568f96ebd96b56ff6d1abba03,49.0
fda185b008fefd2163ccfcf0d1d116b7,49.0
988e40a1827df1d5ae0b83c382ae52aa,49.0
1cdcff42fb99ee8d452a29856484240f,49.0
966f573b2758a1ba47501a93b010285f,49.0
69f84065b20dbe07627736cd3a7f7f47,49.0
14bfdb077e1683258a8069501d9957aa,49.0
807ef2b1870358b473e99027f30f2064,49.0
392255645b4374138db8341ef76a8de7,49.0
ef60712cc7d090f88ca4c0adef53e4d0,49.0
3786c09f9f30967a33c43cf987fff1e0,49.0
0e224aa0bd25c213012f4fa5a942fd29,49.0
52a76bd19c7bb19417adef1b8d5865c9,49.0
86445cd94757169dd251d4052f7d0544,49.0
a94eea151778a67bca934ac8d771b120,49.0
29b703f3c4886106653c63a3b5283879,49.0
7b67bd4af8d28c39d5440115002bd1a1,49.0
275db5beec4804dab556e6070a658374,49.0
b579def4c83db752cba104c7fd9f5da1,49.0
bf5fb5962bc4f22122214e62fa266098,49.0
6f92779347724b67e44e3224f3b4cffd,49.0
ef70f1da408a89c29f59537e43f5e726,49.0
6e42919f267d0938c2450e2b6a3f1d11,49.0
d86b3fd8a411243077abf47be7622496,49.0
1be4dacc77876796a16fe15cb714f4ab,49.0
3482b292984426dc8cef7892c48027b6,49.0
1c47d3e98ab6db520d78634dedff774f,49.0
d1ef0a39a9f8e5015b05e2501b8006c2,49.0
57382974be066f139ebe0f3a177b4004,49.0
7175c3ddc838d1b8c05b7b6db00116cb,49.0
ed7814adc6ccc7f303edd1c2bf9fc0e5,49.0
dd46ad4fa9185c967cd7b2a1223ab180,49.0
d42d70919f9ddfe513ce1d3df3ee8bec,49.0
654899711c20239561104a18f1d8d077,49.0
ac6014e18042c49a2c39d75c2604c2bc,49.0
1ba79057e794cf0cc51d4da3cd651c2b,49.0
6f279800252d785cb11706fcc0384259,49.0
149b564002e30214f618713fde904ebb,49.0
f90630645eb43df278d1ee01e134f986,49.0
736cc29992a1e210cb3342ea2c1282b9,49.0
73e1b03fe677803ab302437065bb5cee,49.0
7cc50a971eca3b67109b6ea86cb8e015,49.0
c93a9ec5d4bac23fb81ecb31559d9dbc,49.0
ffb6bb7dbfa226abbb5f1c27bb3b7a6f,49.0
394a21d5633737086ebc2fef3686bc2a,49.0
de3a77b7c985dbd4e42485ac20050031,49.0
81ff89d07f81125f4c3d1d570b49e826,49.0
84753c5501b169c54f67ca98918de0cc,49.0
5ca641d05080ed9a120ac4e35ab18173,49.0
83bca7f247f86f58f2361abf24b61726,49.0
becc5de7d329f4b15748aeb0e96af317,49.0
c37938b10e5cd1cbbd5cbce1b6563f92,49.0
f502ab2c81de093e57c47eb790282f3e,49.0
c9cfc1234b16803061a24d2ed1bbcade,49.0
99907dc980230daa7bc0c7e6fb0b08fc,49.0
a857a82a40ad62cdebf6683bfa5d6858,49.0
d10629372592c7e98e0ee8dcf235637f,49.0
3ec62c9f4cf5665da34350b99c4f2e21,49.0
6c84262d46fe370972acbf13ad5f97c8,49.0
530a7c06fbc78da973f9244e585c5997,49.0
8d3a27792cc0e752502649b2d277c90b,49.0
acffc70df5f0a2ddc0e094eea7f5f069,49.0
cad3755cd25620f59e9194b0dc9b7e95,49.0
75d51f2a15e55a6a320a333a24a21076,49.0
572f9a5f953e8da7b990923e57e13ade,49.0
139a718c01cce276519bede2cbe5cae5,49.0
d1d81a8e87c0ba381cd13f2d8c4413f1,49.0
b22a276dd196f751036c2a5663c7c082,49.0
ee806345d09f89cbed254c4a290da10e,49.0
911f537925bba457f30e1d49322c649b,49.0
78aa9e1540d2348c8f58f6ae5e359ce8,49.0
d412e4c4402192731f840c6efa07f3b8,49.0
ab94295af203770365849a7b5fc9958c,49.0
78844488c4550b818c51eb5f8e9b4789,49.0
813196414bd13deb67a676510c2cee36,49.0
1682e6d70d9bc4c652158a101c758aec,49.0
53bcad3e9f672313d27548b70d93371a,49.0
ad0dbbc49ba11e1ee93a974f6be5c81f,49.0
416a7d94443b80fbac2522a6d04237ce,49.0
2660e136a18b12ef20651a987333b662,49.0
62337198799e0a700ead49e10a3d0629,49.0
dcb6353daa3fc0e81395644394405ec6,49.0
b2812bd485f3594db213cc3c786c2c70,49.0
d290f5eb059c764a7a93338e360a310c,49.0
74021b5668446a550ea808a67d54fa87,49.0
dca2c10a2302950e89f87db1afd7adeb,49.0
1bf1636f4db4a1a50f5d351f61ca2081,49.0
48a5aad743589b82d3c338f578e649a8,49.0
88a9bef2169cc0595576e122ff55c20d,49.0
b24e76ff960c3a5cf88ce8852d6e9fe8,49.0
a3e787cc07eaef73b3bc59601867df94,49.0
f4148260a4a09bd6d25af93188d106d7,49.0
48c75023334a516ed72d8dfb615be9d2,49.0
9df31f7119f2108af39fcb05cd0971b3,49.0
208a00577865fc86cb2412586a0c2b86,49.0
3e61daa21e4a621bad3dbae9fa0939a4,49.0
c96136313df64c4c19f3b9cf172f6b88,49.0
353fba674bdb2eccc24aea76b0765b0a,49.0
02036d14d9326c01a123bd83626d48c0,49.0
53a0f4bc02cb636ef2f8a0b381e5f19e,49.0
d4ea5dbe18a51ec06c36c206473b8fd2,49.0
a2310d62bc1f94364d79dd78841ea25b,49.0
63da6af14f676d09a370e0ca57a901f8,49.0
17c1412c427af66da3361d4ff927384c,49.0
2d3b68fa7243367b72e61375cd6b0f7f,49.0
776ff0f0b482f68cf127f48484ab5ed6,49.0
57108de6e1cf238dfd0ed00e3d878096,49.0
de4229d4fd98b7118bb6b61817dfe6b7,49.0
b01a719a8ded8e727b7f6ab38e0df273,49.0
498e9119de4db24f0d6414bcf6cac414,49.0
6b682c8ec4f6c61781f63530b2b3e480,49.0
fda3211e07be154a6a9b4b95b17852d2,49.0
fbdf17d388eb76b9429b4f7aef836f63,49.0
acb213efb7ff983754aaa5d643e4578f,49.0
fdc2a229cdce3cb662e9223504934027,49.0
e4140a9ccef4da9c88295faffabaa7ee,49.0
5b1a8ed13a9f69b2e8073383c4e1abe0,49.0
81c1b162b444c41613ad9285e92d6beb,49.0
2138e4d32859702d18fcee1c6268d37c,49.0
656e61eb5c775d02c90380ef62a206ec,49.0
18df310319efd9086e54391a5cc4fb82,49.0
8b539d8bfc7202d27eaaf24635178238,49.0
1d50ef713093771ec10c3ba611db3afb,49.0
655064e0a6cfb90043d68a66dbefeb95,49.0
dd5fe772009b97031b9e497278667f5c,49.0
f661fbd1d54448ae61558371f7311adb,49.0
df02d129ebfbb0c82edd11e2a6001dcc,49.0
ed9445dc99e654763cc4800426235e7a,49.0
aa401ab0f146d2ed8ba1e68f8c818243,49.0
8d01aee3734d2912fd26cf34d9f0a462,49.0
09c37992ede0b3ef2b7b444d76ea484b,49.0
56223f4b27df21a9ecf74bf039091269,49.0
9ea7875477b41433fd8e2f65a65a1d1f,49.0
a7e1b44cb7bae930f068ee314e172ef9,49.0
bd907dcdcc27fd12cf1d08bbf0e5dee6,49.0
cc3972519bcbe5e8a1ea0cb1c23a99de,49.0
088a9d73974751a3dfb76f5f7a579290,49.0
18dff7c2afb1ce5fb0bcbad957ef233d,49.0
48c205f7c9e884863ef8e2799d387a52,49.0
427c17ea5664a2b18bebc11f85edf315,49.0
f8f826b1eb7cf181af923e9329849aa5,49.0
6638fe29a1ceb0cad30aa332ee0d59a0,49.0
bdee28f68e11d29d4fdc2766e00696af,49.0
a4e6312399dca2989f45e102136aa05c,49.0
a9540572aa20e37a51ce914aad8fedce,49.0
0c307086df43cfe61d995c90c01a9607,49.0
649fd102478f2df9972510dfa46c40c2,49.0
1b93e31aac5baddd05b3188a82db777a,49.0
9b346222f99aa5a395b40a266e38a0c5,49.0
7173fdb38c454281f1f23addad4534c0,49.0
add2a2eb1dfe0db6e56ef0edd97e9969,49.0
e8c9a6a25735e3daa12fa3ccb069b0b5,49.0
7213b48aa052d444b1ec51ce800a4ab4,49.0
93b341f1e116e77ca817cb52e9f436bc,49.0
4dd8be21997b67cb6bdb882ad1137f15,49.0
9b50d244594b92d3fb3212e1fe203fb0,49.0
eebae414ff03e98fc5c4ecc1b449d6fb,49.0
315f72cf8dfa6509d07b4809fdafbafb,49.0
19e604af45af1bc76759f2f41efd587d,49.0
0fb55518436111358f550b10bfe4e180,49.0
2dd057896c2e8f2fa7ec3bc599bdb84c,49.0
10c91c2f8ca8aa4c02286033c86da784,49.0
e28efbf584feac07e4fc74789999a8e6,49.0
1c2d16e090fbe137760a0d66d2258c5b,49.0
9102c1aff9fdf9f79091ca25e26be387,49.0
19cb26eb0a9a6980367bc7952ee138ff,49.0
2ee7a3f039140cfc376ccc441edee085,49.0
26231b2ef9060281897325d10a249038,49.0
25cc0b71a9122c62a2880aa1ce12eedc,49.0
91739a15398e9d413c09e118fa63cd00,49.0
9953831663e9cea0823e292888b62b4e,49.0
f211a26698f3f9fa2e0858b62ff66764,49.0
dc745d5f5de1082bd0aebd9d8aec53d8,49.0
a5440d1ba68ac00e8bec4120bff7a801,49.0
17347cd672444b9489c0798ca77ff3f7,49.0
5597e2823e3f5d316e5cb6b85f780ef7,49.0
b13e1cfb791357c9519b5bdf6077e922,49.0
e9bfc08568b6ab20a9d33472a3d6f433,49.0
59373092db2ccc827877f8ecc621392a,49.0
8f56c275bc7f5d95b20b4e961602ab39,49.0
95c3787dd85f9d218c94a47d6a9fd288,49.0
15c0394dfabecf5cd991c5bcdbfcf3dc,49.0
1051dc1922b7d6fd269cb1120adea82f,49.0
021633f35ba9c0e00fce2f9a31281c71,49.0
1571123ba3a4790706ced4a3addabac3,49.0
719838a3dee4775a7054b8dfe43cf7a6,49.0
a3bf8dad369e2dd3104ae77e1fb68ade,49.0
cee9119007f070eb70825712d2259005,49.0
ac3212e805cef78bb3b1eba49e8587fd,49.0
cd15d7f3f4bd2c1f6f1f65fa7d0fa786,49.0
23543bec99fb61d6e26e3c4b0e76943e,49.0
2de708d8a4c72f8f6d323596f4c95e99,49.0
928194af995122dd13f29b05cedc6a68,49.0
327c1945b6d3f759f3ff4a9f89f8058d,49.0
ea30d9a61fecff76bd58e5c62f4379b7,49.0
dd0f18b4fe0b74763df877469e7569f2,49.0
70e0248a663cd8519bad434195061a95,49.0
1d96907104845395d097a938ba735edf,49.0
3e8da88b70b67f67a05f66a138bd7f14,49.0
5f40f0d1ada169f5b00ec600e563826a,49.0
307835b787d85b528d5106f05fc74c9d,49.0
6f73dc82e89ddde64e4090c29ebb358a,49.0
c93e142e933bb44b34c4a1523308e4e4,49.0
76e3128e2d86acede8e18ae01e0594d8,49.0
c2b72d9208c75ce2fef3d3a3d4ff0f47,49.0
464a509b96c6a731375959826acf53da,49.0
6c9787272e638f3b015c87576858e044,49.0
83228cdd70a30e7432678e7ad9312946,49.0
9f55901fca9de3a1febce7f3ebb33b89,49.0
a8d7167182ac070d269d752eb692b1db,49.0
ceb4667fc3851809ade8a13953032538,49.0
68d6e716c2094764c7c6c283ef692fa8,49.0
a48d74b7c46f9ee06e4ca93cae7b598f,49.0
bd07a57a7c53edc164730535730d8082,49.0
9b0b194acbdf6bdf7bde206fff44c173,49.0
7d9edced80af5c9503cbf88a9e5f2a3e,49.0
8714486eac2fe66523013485cac45f17,49.0
96b0e44d0c68df07e9cf26b156c38cdd,49.0
40edab5896ae543391de7bae5844fcfc,49.0
0fa04554222eb3da449fb457ffcf8d0b,49.0
08ab9916d3e6d664efe2862d1a764d88,49.0
f22aca6ec39e20888a279ee104039b32,49.0
71e0544719fa3df92e71213e2e83fb4b,49.0
4f9cf399a95d0c449f3f799e1798f303,49.0
fe6c91959fc44e09a6dd627f66497573,49.0
6587753525bbc2a29ea190c160d0edc9,49.0
030257ba7c48ae61d88268f4c4abe59b,49.0
cdc5535d003319bc052576caf95eabdc,49.0
65e49627d7bba63bb61dd3d9beabe1e5,49.0
1dce77c0f8f7a5bd2487cda13f723220,49.0
ef13317ce9921eab2057cb68fe99a912,49.0
675637c1f9b9ba25d012da0ecd37ba04,49.0
59957cbf486cde7592cd29914bf38442,49.0
61dbac8585e5cb789947090f1395825c,49.0
fa4182fa28e02b3aefc1f6c07f26ecc1,49.0
b8d4ad8f2c0da3ff8ba7ddb5ed98a0b2,49.0
13518d3af2e425cc97f19d1c8919808e,49.0
1be0b4d949a6c8e2391c5f395167553c,49.0
b7b5515d2aca164e4e75517a1931e138,49.0
3852f0cadc9868aa0d1ba38cff30371b,49.0
6d71f3c2700fcf29edc036e602af2088,49.0
2ebfac074eb5450f338e852cb02d7635,49.0
8a5125860406db27ce9e5d4efd358efd,49.0
343506512287287cf0c18d485fe44c9f,49.0
af2ad7b99991563a69a5f25d9a6c3e40,49.0
852b5864d6d4cec1a712d2ec772e614b,49.0
e1c0318960b73aa3bd90b9500f7ba6fc,49.0
b6bbcc198167f265dd1c0381aea37cc1,49.0
8070cecab3f3dbd764a549623cfa6243,49.0
9b7d3addaab8a9237c6d4c45b68e26c2,49.0
d180a13333094657116ee802ecf65050,49.0
f86147bca11f02f4e56ddb51b51cb4f0,49.0
b19b36d4e73eb8ae96e441412f689369,49.0
3dcb7de7de626eaa7947b0726b838c46,49.0
c3283d189ce91fe3a6a69c7d6aa3a5e5,49.0
4db1426b23b363549387cc6273fdaf9e,49.0
9af7632712dff734a555759e4ffd8826,49.0
25d92c6c06f5fbdfc66aa5d91a5b17a4,49.0
837343b368cfbcf883cb6968069b5b2b,49.0
ea49739b49be01118317aafb67cfd734,49.0
e566033ca64ea81cbdba55b2e063c450,49.0
2ba9c20cc3cd864fa7c903f2fdb9333a,49.0
fa20d10c86952143d6eaefce22d61b65,49.0
e5e521493e4444c3c68ff7231ae6f2e7,49.0
0075589b789b6bce7b058adab7e9a6f5,49.0
12da3cc12c05934879a7ac7b9b31ca09,49.0
10d109b1f1f45bd2bf9afd83543eedd4,49.0
5ffd2bc89ca698961b5ea85d21c80396,49.0
18207f7808e72e283deb5732177157b1,49.0
c2b7ffaec7595810b1c1f71e75081c39,49.0
190db53dda370cac90e3b6a5c431dcbc,49.0
1a7b745d4cac73a8e9ebdf12fbb7234f,49.0
b59be200e00aafa29fb69074ab23764a,49.0
8cea9c305c73104556ab16a6004beedd,49.0
af879b6570973a4039cc44f044ad9f11,49.0
0c7281e55bdba7b1cd1fa2b1cc88101f,49.0
7aa727f0ae96b4d38965f1688af0a10d,49.0
75fd774bdd2f8bec27d4bfe8fc305b32,49.0
2d7b5f5327f8cf3db264666071175ddf,49.0
43dc5164445bf2972df8930fe3d651f5,49.0
d47fe71e04e3e2ef9345538a49cf9935,49.0
baae2887560c54dd7d03dd369c20653e,49.0
eea9dcd810d6281d1cbd7fe80721c316,49.0
6a6080efe1fe4bd44070465cb7375c5c,49.0
494622d8ca78370960fce737e9ad15c9,49.0
1295c00ce6a0b5d21e8e2efe0540dd01,49.0
77e73bd7cd58e195d0e97161d3b6bcad,49.0
1bb92246ebdb20ab7b98889247d0cd90,49.0
d1716127507963cc4ee83fea7669bb82,49.0
073b17ed858e674f538ce7dc938c8e5c,49.0
b31906ef88a33db8378664ff5dbc1730,49.0
b672ec4fc48654c733127509c00bcfc3,49.0
4f75e31b1c3977689e9fa85f8a7b3b05,49.0
9b27e89e2756f6f1cf8ef6a847c2b49c,49.0
11ca0b67c42002ff08adf1a446cdaa61,49.0
68fd1527d8a1e8739eab28f0688bc7bd,49.0
ede638a975b20f1414a9ed146f055a27,49.0
31038e2eab5d5bf9c42e0f56d7251b81,49.0
2bebdfc097c73124d84350eb821abac3,49.0
b40470090c991734c9631e717f50babc,49.0
f3df91219ffe2fb3e399377acfd0e527,49.0
dbd70b996af60a18747c8204e3435c5c,49.0
0ccf1f0589329113e44d4a03e4956d97,48.99
346299cd59e7a881a48a074d8cec5694,48.99
73423642ea2bedaa36b9d00a9f13e538,48.99
517fb4c38b2c35fd7c5b4eb8e8a37251,48.99
1894aac94fa1486d7b60e6a429bf31fb,48.99
921722b60f0a185999aa5d72adaf09dc,48.99
bfc0d6ebdaec3937d7dffc39fa93fb91,48.99
5b573a53a62bf0f490763bddb8fa55dc,48.99
2fb25213583070dd575f4d64ceb760d4,48.99
1989d5e844f74c7e85601fcef1045cb4,48.99
a8e5ab9fae7e21ef7e843734f55602ca,48.99
3a7f116d2b26018672a238676ddaedfd,48.99
3529b1799213dbe52624799994675efe,48.99
42c396811787a52f31ecfe9e7e0841d5,48.99
392e56f99219f4f378b8ef5ac613621f,48.99
932632fb555d55c80b3f88e830abf866,48.99
f496e82c38c75b1449f75508ae108a42,48.99
cd35dd0b8e59b051825c99ff42983181,48.99
7f8cc24b152f186008151ece0e99e383,48.99
ccea9568a9b9092688e949bcb955ddd0,48.99
e7272207671135423f7d023f6a388500,48.99
58cd250478f171fdcf35dfdb24fe02c9,48.99
4515fac76cbb11d7c0c69afeb93c49fc,48.99
7cf1f487ababcba38a7a9e4068840c9e,48.99
b78f37cd0654fbbf35c5277b24936535,48.99
59a51f95879b3d41da0629db0cbbfe69,48.99
ba0a799b8a7b0b1a1ac522a0a8839bff,48.99
ee8ccd2ba674c9e779e88e96a2595936,48.99
85fdc9f140218413947b78ea86ce9855,48.99
37c8cc130d4a1b512227d8c2deab5e59,48.99
5fd575147a58aaf9a1913193e2fb10bb,48.99
1be3deb75d2f1f4fdfbd22c4650136f6,48.99
d264ddc7918ea2bd710b4f425719a70c,48.99
ffee99041e111172de2006fe9e90202a,48.99
f91f2afb5ce9c379d193157ea6d7a27e,48.99
e788cda1179a326d2dd6458dde28b2a4,48.98
5fff39f1b59dc4d2fb96c9f19b9a484e,48.98
59b9edf2b330ded2efc5d1112b45a660,48.98
0cf035c6dba87ba8ca506f64719663dd,48.98
697fdd7c29459cc7263a1d0f8c45fdde,48.98
00bd2f03a3aeb727b9c7bf7c2a1c094b,48.98
ac91fae4bc0f17e772e21db6cc84e9c3,48.98
f4069d40ff2d2afe0053efe63932deda,48.97
cbd8e50ddd632c2457b5b6340498e211,48.95
306ffddde392e35b10426da5eb197e26,48.95
2787b52f991163e9aabe52703b25d2ce,48.94
c9b6b121d391ffb911f1fe482c753a94,48.9
0d94387e1ef2bdc01b7c4dcccc98007b,48.9
5c39546ec48df2747323d3356a6c4720,48.9
d5814cdd473ea0c5887755eba601278a,48.9
366b6bad3f0e22ec09924b4ec6217229,48.9
974a20a7137aa2bc93f1f67efcc6fea7,48.9
c941ef68ec553525cb764b07bfd3d650,48.9
57ef317d4818cb42680fc9dfd13867ce,48.9
b794de71e3798cfb1daf6aae21548bfa,48.9
5653eb3360ac329f6c2b7eb91fb8d776,48.9
6f8d89870babf79801f62e1291fe3a4a,48.9
739878ff4347fe131aac813021a88b1f,48.9
2c87fa5de571fe098ce699a0b93da7dd,48.9
3db52e3334a367302e47c5ff2b8295a5,48.9
97faa939f8156b67c9106bde6fddd6ab,48.9
941053d2f2f52d39856add833ef99ea0,48.9
f76e2175ea0b49615d38d4f67f76b914,48.9
87dc0aeb4bfcf387f948ffc0530e007a,48.9
5847c382e4713b0a9479822903fcf5bb,48.9
59eb71336fbb39a683b38f0d1b9f21a7,48.9
1a91044c404f63d4fee2cc3d3c3bda43,48.9
18d30d471877a4eaa28399ad9a7eaac5,48.9
d08536d91bf5c2d30506a57f29b4452b,48.9
24e440e12a72cd7915b6353c325e9305,48.9
c55a6a8fb09446878f0ec7d78a1471b8,48.9
65a2e8bc5cabf5e6a78752325aadccda,48.9
3f16a23ea2f57ab05ca7faf84886628a,48.9
df377e290cefceec223b0aae5213425e,48.9
c50f8b707f6bae0baa6fe4319fe4c92b,48.9
91f272c0d426f8da332fa27e049b6354,48.9
796180b64dc72ccf2cf97022e18436a1,48.9
54ac14c3edc253de071e90f1e541bffc,48.9
5aaefd5060b7dba8374c3d9f236a080d,48.9
f8de0ee717bedd4c6d63936c7ed0250f,48.9
ce8053eeb82d6a9d295bcf24ee14c2dc,48.9
7ca3ee268cfef2795dfc2ac89eadb215,48.9
5683bcbefc1e615259326f845d5ecc6e,48.9
45344d16cc1a2f6705128fb3ae2110a1,48.9
5bc21bc57bdda0f158cf209e4a595ae4,48.9
52cac740adc0bede5bd0b0dad5a0e9f4,48.9
4de97c911695ae3baa90323cfb2a47f0,48.9
49b178e403b4791714ba184ecfbea446,48.9
a0612909f034240b24f3144fcbb0b588,48.9
cd3958b9057b80a4d9c7bdeb0337e127,48.9
5c7fb423529f9178c69491bc92662a94,48.9
5496914618fd2a6a52a3dc154965ec4f,48.9
c3057d4a0fcd85b33e6a7b59bcd257a0,48.9
378acb1d4018a2ed442626f99a1e68b8,48.9
1b4882c34491435a12de614bb4fcce03,48.9
a7e6b8b50366b318fc25f4b8fabb39b2,48.9
2110896424abd0f0691b90629c70cce5,48.9
36a90120ace08b1a43f21ce23f44c5b9,48.9
5569bcb7a89df3b049ddcbdd4d4b8542,48.9
c04472465a5f84c1055508f48ffe5b4c,48.9
d35c437bbd14334d4ce4427e3b8f3c3b,48.9
78fef5c1af6d5f84ff1b12f609561901,48.9
0ef26842f4a113476d65b0efaaea83d3,48.9
6da020944329828e7786e163e0075e4e,48.9
2d28c76b894d734ea4187948f160164c,48.9
196589770e3a1f3bec937543f965046b,48.9
626da291c796ef2695981deb0bbc9eed,48.9
c066d28a9507feed4ba59f8b63e44c2b,48.9
27252cd6ebbc6360b155eea3fa40ee70,48.9
f00a40a998dc124f39d13639c2b0ab89,48.9
7c877977fd808529b66886f0ff111575,48.9
3936a4ba8bf001770c912e8cac8fe8e7,48.9
f8e0c380e596aec3ed26012824a1aa93,48.9
5330499077787fb311af2c16a223db74,48.9
28684418aaf9d2fb4f300de4f7724cdc,48.9
d32f4503c93eb3f2a32f4ab89128f249,48.9
b03ee9f793c8f31660394513b415e602,48.9
8e294610f95b78e8de960a10bea8d515,48.9
fb1f203e3f272e2b221f7192ae0d16a9,48.9
f1a688a441fc43cba0c3a2af6ae3bdf6,48.9
c3b21b534564d01c868efa9e63f298d8,48.9
b064912c102c176d5569d59a78632f84,48.9
4400c2f06f6977a6fdd6a2b6d0408306,48.9
54ca64d9386e00b5958197064e6ae159,48.9
90038e42991bf6afe44726e2354976b8,48.9
56ab12c41231e557afdb9dd27ce5652b,48.9
428ed8065f1b2eb32338b0ff5f30c8d1,48.9
caa328cc16c5d4342c63362edac36f7d,48.9
61a154cc2e509e372ab7a02b8240c1fd,48.9
95a9cc66789025d739be834c02093841,48.9
fff415b4c72e09483a25c15108c65d31,48.9
a8d604c2782c27e60c3023fa86567794,48.9
ad6c8f1dafd59a1fee2c1c82b110a67c,48.9
c9bb3eded2d82109dd047788d425e3d9,48.9
45986884767404c2a52cdd7171d6508a,48.9
1a6d27bfce5b1670663694dbae81477a,48.9
8c9762b5a93aed9de1fb8958cf167e36,48.9
db41b8d7ff23d40f4002903e0109a136,48.9
e954e22a3cadb0bd6991008eb3d64803,48.9
18dd8dea5a8a50670bca1eed3164202b,48.9
06225a4d38766a2b975fe4dca6d61939,48.9
ae49d36ade03648516f355aadba35bb4,48.9
48b154cb685be74cf08890dadbfca98e,48.9
7ceb27602e06b6c42905d1c5faf97b6a,48.9
36808de714cbcf20714301f22923fb6f,48.9
038043a62bca294b36eefac078e69729,48.9
fd2767fd04a34f7fe8b2ebb51f86c535,48.9
1664bcafea1725d052fef88e918bf61a,48.9
b0dfff3b69c6420c45bee6e689f8b060,48.9
97ed56dad658b6e439d45f3c723167a5,48.9
4c1bf3730daf535ab4830ba6faa879ab,48.9
6fdd8eba4338f9c98f8942d91cc6bbb8,48.9
0bf622b6f70b7f7f0af5948b9886af09,48.9
09b0dfe18b73459a2a3815f963898870,48.9
b67b1f6db0cbe8fbd32bcccf7b12e854,48.9
856f3263eb7af3a48765c85d4d0eea1d,48.9
e12fab7f07a6fb6e3c01bcd2d6a12690,48.9
53b1db38606d300f80ef169367c696ff,48.9
c007046532d418a29cd29de874f500b5,48.9
f587020fb390d4db881c59e50b0ef9e9,48.9
afad69b01f122007ea994c0893f2eedb,48.9
8ae262d281173e7b36840e20cd8dc9d8,48.9
739b3ce6d027297d8f3af3e589161a1a,48.9
1b4ad35cb1feaa66c6c7e1cca7efc4c5,48.9
116a6192abd7a39c88a68636c0665c2d,48.9
564f1d0393db6bceae774f4ebd81c514,48.9
166cca2d65c48d84cfe64329ed713c71,48.9
3f564a14c326f9a681d340e75246b775,48.9
2ee87cede5826cd6458393028d3ec739,48.9
98878460b7efd6ab82111b31ff382f2d,48.9
ae084cb1e2a35830d07bbeb2abc2210c,48.9
6751d1c35a37bfc06df3bd73a8abfdd7,48.9
89455e55be2ea1c28c8f78b64c359fc8,48.9
419d105082128bf2ee7cab59b6e876d9,48.9
ee5ebd4a3a65dcf6dd56fd1975067758,48.9
1110c7f9e378adb3131442a4b231c7bc,48.9
0ef0bd3881ac2c4b80e65060a64c9b57,48.9
a57b48bc16792fa6094d5c839ca7d653,48.9
160cc5a8d976cb41c7c1d059a01c8cd8,48.9
de4a2b27fcbb6a43dffa4a65495e7956,48.9
4a8c7005bd83d0abec06eea4d1000fb5,48.9
b56311081c4a2d43439f28f9d8f5e858,48.9
f6f3e85b8ac3846b8b3ca5735ad0e19a,48.9
170078dbc688ee0902d9ec412728d3c7,48.9
8f1b4f8718cef8f0bd5b47824495a53d,48.9
eeac04e8c3bbdb160700ca457bdda435,48.9
d2d82b8e87143477f9a27e005f4b87f3,48.9
2ad943181e808e1c79612fe5fb565063,48.9
9bfd2b30a2249cea0e84f81315122e46,48.9
a8e9b749e8a0c101c051957d5e714eaa,48.9
3fbbc212fc65fe7bbcfd10e1de5f3748,48.9
2eff76851dab3f65075beafd2f4defad,48.9
9db5a77b7d8772e36d6aa22ff9a65e97,48.9
67a5fd09c67dd51115ca8044b4afdc34,48.9
f3df5c58c90ca274dfeb4c9bc6e62c92,48.9
bcca5012b6cdd4cd64148c2e61f85f17,48.9
3f27dab6f20dfabd52490c042b6a517b,48.9
d5a14b1101ecd0dbb3c0744db00dd883,48.9
0157d2d9039fc91ade6a389d733d8a16,48.9
d74c3362224f461a90b59790374dd103,48.9
5fc1453ae536f0da12b0b1d8986c0555,48.9
ef1a8591a9c96ff37db882feb6b1e50f,48.9
f8d131d4024523565f9cd91119e0574e,48.9
57779073c7aca208b56979cc2280c5ca,48.9
ed55ec2e2dfb8c29e07a1bf61cf889e5,48.9
0932888e76c226d0cd327bddfe0654af,48.9
57de18af3ee9319c436bc09bfb515b5d,48.9
9cf795ff93fd465c917a295a67712ea6,48.9
9ab244a0cc4abef680f71591be46c239,48.9
d91337c4d268a8a9f17bef015ce9af3d,48.9
dd476ea0106ffc93a7e6b63ff1f02608,48.9
10476479468e10f6b2c185376c55a094,48.9
f167e230efed08918e1bf37427f87a29,48.9
ee7bae6bffd1ba8fe5fb033bc6dd4d74,48.9
b7f5a499c05362484859bca44528790d,48.9
286c8b63684dda5b90c2cede81071744,48.9
4c0cb12e17ea629768715f19c804f78f,48.9
f185f0c103eaf4cdb003c5fd33d29a9c,48.9
02035a6c43039fa299e0492df023bad2,48.9
23034ec1c4065f28b2d79826cffcd1f9,48.9
ee244c97a7af81c9e54f576bd433b07d,48.9
118a36bafb2594116f414e108b340da7,48.9
a82d475cf83d24abbed6d4db136efedc,48.9
a841867b4ef1d25a49431a4dbec2a77f,48.9
5fa79cd49a071595d0f050b3f17f7368,48.9
b487c0f4978642e789aac212c28b4953,48.9
63818bdafc7f8f42cbe050738e7910d5,48.9
5883ec31904f13a6b87af78ca0f65e05,48.9
d8f6ead838ecc7e795a6b88a85d0d274,48.9
573f6000cfdc9b1471bf5d5cc16b4b4d,48.9
ce80c46eb733623b83a7458b918ca30c,48.9
b79bc49c04e9d0f44712b00179d4a909,48.9
30f451d315980b9bb52939eccbdb5130,48.9
e0fb79ab94350c473cb5d712edb01821,48.9
ab28b30f39b6b78ddc219af1fa5dcf39,48.9
37f07e12d03c9e5974c009fd8c73e9aa,48.9
fb2a5ffc3d8318211cf1c878d8ef3013,48.9
ba0bfb46dd7216784ecd3695c4ee60d0,48.9
44485248f680a12db8e824608a32de41,48.9
2299f339f282db1423e54ad4155e00e3,48.9
418674f10950b8eef8388d160ac4a53a,48.9
54642982e6727a6bb4cc31ddea69525d,48.9
2fce48d96bf48183ba42e30a9f24ca48,48.9
236a783c1ae829341bf56aeec56b5547,48.9
e234a6c8da98ead2209ef309a41a7820,48.9
e3c41a81d6fb46980a44244fb90e8e84,48.9
7e3ecd4f189f8cd2ad16297184816cfb,48.9
3e197a7d89cb0fefceece3f4df280f10,48.9
d6a6573d697208be8079929f15a2c5a8,48.9
0e2a4c9eb384b1ded134d519b6baa0fe,48.9
3f07acf831ce862f6527b1e299140a23,48.9
a548ddc7529330027feda4cf87f9db30,48.9
98982d16ca0af3d3427aa60f68da06fc,48.9
af3d97e75c2923767618f71f6747eb55,48.9
4a2f70b7ed35b1881bab73d2be8d440c,48.9
42048dec015103c5b5715657565ec274,48.9
5c5e827a07f0417ee449071f0a3a7052,48.9
e07a6553644addb188f2aeaa5f273348,48.9
841fe19c631825e29af4e85b602a73b3,48.9
ce3e30e0a69d1fac23013ad343cb5727,48.9
00b7c3aa68e7f0e83117105ee4964a49,48.9
24fe6e2ab7cb4705716e683ceb471d11,48.9
560f0ff0305e7fcf6410eab8d8767337,48.9
ca3444937f7842b287a4c5621abc27ed,48.9
6e76e9daea3deba36f2b41d8eefe934a,48.9
8cb1af3bd886d07afd941b6dd5a73c95,48.9
1712f84ece15c52160dd9713b925fef5,48.9
5b1385b497ecd70d5816aa1208ae6e08,48.9
ea665ac5a97f1a3987a5f9629be6e9c0,48.9
a82511bbc306aa12dff92b60de39e448,48.9
c0b858152a08ed0619c1f5adfbbd0c94,48.9
0ed12a282f15b7be4099d4fb16c0c232,48.9
4716ede37d26452c09375d6f80870dc0,48.9
665912947056efcc3f35f77e7f67cf9f,48.9
52f4c321b23906ab009a2ecb6ad7dced,48.9
eefd9e5a6bd7866ce4718f91c20cf522,48.9
74924863e8bb5386de754630ab017245,48.9
fe2626b9e5199ee9e77b01eadb8ef822,48.9
4cb9c04be8cfbc5c1e0519344c72a5ed,48.9
5fdc6e2816ce6523da6384842178ddcb,48.9
405fecd58e25e71c922897446940dbec,48.9
e589d2ddec56141383e6964017fe1cd2,48.9
36d21d1f51cfe61bf8c909d95d93ad3c,48.9
7a506893701d28bd57d183384f4cb225,48.9
d09dc997dd8abcba9bba46a33396ce18,48.9
46ebe3a21256a35e49e4e1c049d6593a,48.9
e016bb60e7c016659aff9f49c4e77d8b,48.9
446a6279fe5b28577077ebcc18daee62,48.9
2b161f95dccf57831d2e8ce51af38d19,48.9
ad8fc75900ecf887ae4286d57123d51f,48.9
42f008eccf990521153765b8c8196cc5,48.9
bb75bfdea51d71f445b6ac9939721d18,48.9
d59fbf3f22cc09de2ba8f571c5aa4a40,48.9
bb12662d89eaf5e7cfc75d41c18fd7a3,48.9
d27812f504d4415e126b6fba33f631d0,48.9
75b5d720874f58a6f6e2863e378c8575,48.9
87f276c7f8462e63399bb1a70ea0496f,48.9
a938af9f18a3121d6729480532cb755e,48.9
810097a2f77b7dd3b52032ed9d7d3ca3,48.9
277bdf9feec679fbb7319191a4a8daad,48.9
878b45ad0fa20acbb5198b2e979fb442,48.9
36005a2467218d06c6f53a46bbde1581,48.9
b4a8ee40d78cd04d9a9d2a3f1ce9a96e,48.9
f08abaf79960bfcc9848896ed0258079,48.9
a42afe9d85a5ac755e466eef53418281,48.9
3f94bcd8f02a112df65eb3f1957f1d75,48.9
d76e9fe365aae1bb4307f9676894d9c3,48.9
d21df30b8f969a6cfc3f8a39b45fed72,48.9
3188d71dec4455295a32959cb74363b0,48.9
e749ef65bf52337f19fbf21c4b61c53e,48.9
5a4a794ff4256de4a4068824bba52840,48.9
631212a6012ab9b75f7e19836fc10cb3,48.9
de95cd6494b4ee95bda2334c60d3d211,48.9
b7e0c781ef183b4fdfc3d79fa4588c5f,48.9
99c41b47a60d71e2e8949ac2a805674e,48.9
8b122c119e36ca9dd381d2bfc02112ea,48.9
a3dd25a2b8cc57fffa17f57e7ad82f00,48.9
53f923fd81130dee89725646dbc1ad0f,48.9
42f337573d33c88f398277c150a058d8,48.9
945f474d186e0accd799e39dee6be442,48.9
305bb505e791c143fcdc1d16a1718424,48.9
c1394c5fcba4e394bde37c4abc25388e,48.9
fabdbe658d8f6191a286dcf7bd6fb212,48.9
1b99a7edf8652baa0b57211cbb1b5c04,48.9
64912840f73be40841f3675ae7268800,48.9
3be8b07b476cf5a8705f9258a217f936,48.9
33a37e2f0ce971293fb3386e246e851a,48.9
6032717b443f24743fe573c1f7162594,48.9
59eeac10ee17b2c144822b5ea1fd1fd1,48.9
7d020c470e6de8c70869fab668046a73,48.9
5b533feffa09f8c775d66d19cd20538b,48.9
915411390c6b557e49b9cf369572d189,48.9
3342f871d6f35dbde61a00ef890f6f4c,48.9
a9fec5ad67f80ea9bc491381b678e7c8,48.9
6830dbb35377688e46e1eed5351727cd,48.9
90e3a45b81c14374795f25a8fea67c8e,48.9
a5d0358e802c2b80011410b0adbcf151,48.9
7d0ae21a8fcd0dd677f32ae5230efd53,48.9
8a1de99d49a84f227d74f7f0ced429bc,48.9
9ed9389154097d9d798fef8d7e8354c6,48.9
b8d2748eda17e24af2cdbf5896f40f88,48.9
d99a24ecc2f7593c35f0a6ab038a3b80,48.9
7e7f09357837fdeeaea18c4605c2be77,48.9
3fee04b174cda902c48f94ac50b0d0a3,48.9
34faa2266c068fcdd7a3f65093e54c98,48.9
37a308b06e1cbc45c2c6a36fe586248d,48.9
d800694241d296896d49848bb19c62a5,48.9
3f9d223f86d2f243dd5a85fdc286c62a,48.9
fdb23f61fc434280c9c4775870bb3e25,48.9
c028679f52ba4535e788d2d70f32d7cd,48.9
a9700e72b6899dd6301b5ef0c7d65049,48.9
64e713e5efbdd5001798009ce232a2cf,48.9
2548f1470944abf5e4ba22316b039b91,48.9
b55b2ee30245e129386c1777d67377cd,48.9
439bc92927a921a224859030eb519c31,48.9
8fab9aa39f21411bfb85a0fc581f9839,48.9
9c39437929c95a05cfeecb8f0a75da4c,48.9
5c6a67fc3400c83c6a6e92fdba6600f6,48.9
821997e264d6487e3ca1bf6df9983a68,48.9
eda669d85ef713eb385cf57a584a2b68,48.9
f2bbc389bab7bc8962b59274eed01d09,48.9
aeb70c19b287ab46557def14ec7c79d7,48.9
60df128a3eed331273ac55fa678deb8a,48.9
d0063dff607a2459fa4d56c823e718b6,48.9
0ef77f1625c5abf07fa4724b8b61c12a,48.9
c81fd58c2a3e1fcccc9436fbfe9d1002,48.9
974c8a4c8a99b42eeb01a91cd3264a61,48.9
7e8df4633a3d714d6f33e277b12bb4e4,48.9
0767440fcb6f6ca85a6d50c8f633ed51,48.9
9b3dcdba0f0d6a3d467c04ef78a347a1,48.9
b5e3a1b21d46d53d2ceb0c6c00127ffa,48.9
edbe69fae8335bc4aab71431a8cfe6d3,48.9
34f80b9244825343565349663a9f0439,48.9
ebed87199022e2d806ec4f364f6e1fa7,48.9
76cd2cf08209594cbb2241ecde557871,48.9
60d46256c7eb83cdabcddb33162392d3,48.9
97a7194f3177dd2273f7d14aa05b3273,48.9
0fffe99fde2e93c3f64c74b1ac419acb,48.9
bc0f4c2538125d909fe157f49492cfd3,48.9
4dd50db22d8966118f82f5157168f4c6,48.9
d6178ecd6b4f4ff8516d93c3229ba481,48.9
3b1b170d99927389f0705dd404d95083,48.9
524eba23cf7c2da8d71a78a89f69ae4c,48.9
2ada3ee677b4c8f574b3affda371a5ed,48.9
b0d1abe142f1ec821ee552bbbc810db4,48.9
0e574048f4fa55bd9b4a068aec2060e2,48.9
8a11dfeac0d3ef8f1e6667d99da7189b,48.9
a58c2ae6cb7131203e64eb6ab84a3434,48.9
79464312f42f788e5138a105761846e4,48.9
eeb703aa336c48ca33fef32138068f6e,48.9
b1221b66ecee309fdcdb457f5d642260,48.9
b61c7cf0d265d241cf892c4864ba7ec9,48.9
95038e16c02c41f088a6c8097154aa28,48.9
c2ade416c91ab14bf4d12834873b8d7c,48.9
5c81b75f963bd38599eff16b0952ee94,48.9
7f9b9327cacf423126450240ce21a934,48.89
177522b2e82f2058eeb31df85a106f28,48.89
6739fa00512945f19185b382d1c42fbf,48.89
89479f50ebac0687b3d8d0ac9f1193b1,48.89
37204dce6176388ecac98abaa15b2b47,48.89
577b0e97dcb857725b8b232423bc3760,48.89
2079b31eb86ac16ea4970c754c032393,48.89
71f0417e6ec98d6a77cfceda918981ca,48.89
0d96322bbb3ebb688fc30c1a1aba3e5c,48.89
607e4ac7c659ddc86466344b63f73413,48.89
cf013fcd49b67549a3f482afb2a533ac,48.89
c0fe0fbc24994167dce810f83cb96890,48.89
9f706c5702d3f84250726d4d46078caa,48.89
54ac17dfc352bd943dee4d0f70dbd714,48.89
00e200fe66bc8553bd83681887d6176f,48.85
8df9620fc64c4bc7d034827e7bc68b6c,48.8
f0192cc928752150fe62a0bcae291e5d,48.8
92f680c8cc6cabeb6820f0b673a87402,48.8
f08164b2d28b71e289f92f628e7cba37,48.8
5f6478ee9ad1339b32bfa4f5fe674ea8,48.8
b56f0c76d060167be49b4f8208576cca,48.79
96dfc016637a147605872f99cdca9f4f,48.67
2a41fbaadf4e0d10f43b9e859d1c154d,48.65
a5a43c1ea3080ebec9a85b2367a8ceb1,48.65
a6df8d7ce4d964e64ad1103730ffbc4c,48.65
5ea43e101aceaadd7ca9fcf1b0226a6e,48.65
79549bf1ee85aa08fa9007af4f4a6dde,48.65
5bb09e4a1744cbe2dd76088d90185c87,48.6
405835f2dd9f1e03e48f2531ac2018f0,48.6
264484a3add4c4f5ae9c05e21bfa6466,48.6
823c735d2299e974e39e525cf1125d56,48.59
2a50e9151ecf1b477d053cc68820a5a4,48.5
9ae373da25d193f8f853a8eebbe2ea96,48.5
a4ae42d510710bdfd23de09c1fce5410,48.5
332e8b08adaad28495a0829e0f46aa90,48.5
4a9de1fa08a18852b69d87b5b96b7e7c,48.5
73ad662b1379dda5eb0c27774a0376d7,48.5
09e3c49cbaef2200d7f8b129d96e9d0e,48.5
0238124998cd8eddd5b3ea04d4c1e658,48.5
b8d7af2203d681d464861dc4c125ed48,48.5
4823c52e962bd334cf992817bcdff533,48.5
d30eeb00f2d7a934a10d266391fa54f7,48.49
998671ecb4efd9e7e5a926705e142196,48.49
c5743b474a0a32457e5d1c4d7d010457,48.45
3b546120eb8477a0567d5a5ca7909be3,48.4
5dee3e7c6309f7edd5ddab8816456cea,48.4
604478c777eb4011f1f1d6c1eea29daa,48.4
29f8adf2f91726172c731bc780c3d864,48.4
255f5ed7c49a048796f68d0ef4ef6a19,48.4
5cff2efe34e8e604619520cc86201235,48.32
6899257ef9335343fd6eaa0daa8c52a8,48.32
a9132d11118521f5bcc480e1b814e9de,48.3
8aa4d935310fc9211fa1e78dcf74babe,48.3
7f93efdaacb4248f93bdfec0686d3a8d,48.3
e8445197dcca593e6e30e0b4e3da55cc,48.3
164ade8f6fd9fd670414d9288127b6ae,48.3
fabb645a1aa6ec294fdd9a723e744ee6,48.3
8252655b48754d4856929c20348a6acf,48.3
49ae37787fb5e603fd3af3495a1b71e1,48.3
d67ede1800a61cccdfb4f4669f338c80,48.28
c6221026bf99d09217e9a2cc3da8cc4d,48.14
b46150e23f63d6d715074e2b9004ae63,48.09
fbf15dd7058613351fcd0f821a222933,48.05
871cd220d27f326c14f7fa1c5398683c,48.04
7a2c5a5dc9717c2a7ab791763e03cf15,48.04
a32a659dc7f8e7fc55f44945f97dfd89,48.0
fb2fdd6a93ddbfbb6390f556be5abc4a,48.0
6873745026477221e7f21405c21ffc01,48.0
c00ee6d221cac6737732d51e285c8dec,48.0
7bd8d51ba8a18440e8c429e2acc34dbf,48.0
2bb8c7fefc71b1cd9133f15dcf9941ef,48.0
4b00102351551a90a0770f75a6780ae5,48.0
697d39c7890dec663bb0604cdc315dd4,48.0
628c8188fe28ce092be622bf1361acb7,48.0
21c08e8c0f9b6009b28d08cb10ba449b,48.0
439337703a214d8d54055013b916a4d5,48.0
1778fcb0be86a03114cb65eb6dd45a71,48.0
316ac291a95ed6a5f1b367a578bf6ae6,48.0
42a2af95bbf8a66f1eef9611be7231b2,48.0
b491d2051ba6d14b89800353c6e5c01a,48.0
2a9543cbe3f8f53d8f8a62237f3ba8f5,48.0
85c91511ec9c1b687e1c41fddf3ed4c9,48.0
af149dc022760dd847a77705f6679bdb,48.0
41c81db0288d706cbb0937bddbea8f95,48.0
d339a723a489601e585d4f733a94bfe4,48.0
0587a01e8c36bab363b68c12f07d367d,48.0
fd862bc8d2484c14b9f59de2cd3155f0,48.0
c1c485afcd2871d243f7f3282b3366a2,48.0
6c29b231dbfcd73093d8c2fd1984e40f,48.0
7406e4858971dc21ef50a576de8cebb3,48.0
0eaa821dd1e028e0076b3b1b52b925fa,48.0
8388b9f092f21ae7a771509fade39ba5,48.0
0df14460b658637bd8c5e4e984283313,48.0
c2b993534c7a01829d9102a7cf02ae02,48.0
0f458b6f791d489c7facb31beb7ea763,48.0
9ca407c93a739be253fc830e87f846af,48.0
27f95d7b4a63f96982ee5301a310333d,48.0
590e0ece7d320dac89d029c8b3b9f23a,48.0
3a25d5fa6ed987c3db36dfd46d303e0f,48.0
98633d385a625996e77868705db2169f,48.0
9a01afd154aec384cf7fc7d342da66b3,48.0
dced0cc0cebc0baa44511a39ec893189,48.0
9e0e1eb6448467c246211a9688efeb47,48.0
fb257c9f93cfef413f43afb0285a5819,48.0
ecc1814219154e88ed93069e538daae8,48.0
b55d0d8610fbb4935574a98c33c6a60f,48.0
a2f66df84f8974549eda37082474054b,48.0
3db09129454f368874d3f18bb83c7d64,48.0
6a3c6dddc62128708834fe905791e041,48.0
45baf4584b09b21ed234180c74e938b0,48.0
3fb3a5016598ada7b80d50c770a874b1,48.0
6ed1ed99e026664b097bfd6e34234f6b,48.0
57c047e791e69bef0af220b0a165a22d,48.0
9b77c66429d60da698935191d5c1447c,48.0
ab16c123e2a4a42f9d3227c3d141c7c5,48.0
6a929a1716c5c708dc69f57f33309e12,48.0
f6ea5535ddd0dbbafb3da73cc293e392,48.0
32f26ad4e70e6d519b5bbeae883071e5,48.0
f282cbe422bc359ad69d0f7a16d6138b,48.0
37a3b6f55eb0ce7f84258e3bae2a3c98,48.0
35f002a4c17047c0c302490d474c2df7,48.0
d42783a0556f58bcd4e6b56c2e1ad0f3,48.0
4061f8d0fc60b4961515e1ac8897ca1c,48.0
486470ca91a0fed0f8867e79721e60e8,48.0
f3d920c8e775b5e543f2f89af5969774,48.0
97324b134a7e75d33decb2a65d637343,48.0
279b18bebb145265c6490f1de02cd947,48.0
c878d9bde7511dfb209b9ba7b4136637,48.0
6369ec1eedbd7401fcababd597382d90,48.0
26a7e6890b38bbe07024d793614d8e34,48.0
c3927b78c31a42dcd5b822146997d534,48.0
a66b6159d86d6545fc29ecfda546b4d7,48.0
0f1c2ad25d41818852873909cdf6fb0c,48.0
7c3458230604625116a1504a7de10094,48.0
be637891046ac0508dcef34ab3a739a6,48.0
f86ae06ac96c62344508c807a64684ac,48.0
e29582b5eb3bee86cc7d5b4f43b63a6a,48.0
6f352988122e277e645d36a012e66bcb,48.0
7d9121037a05526a16c19a658c1636fc,48.0
6daa9110d3818f3f105691c3dbc0a715,48.0
bf7c8726d222f0d68a701aa4eece685a,48.0
581588a30afa8dd7bf1179f15ef2e94e,48.0
d482c96cc23e02b643f79768912442c2,48.0
9329d0ceca507a1115dcba397fad17a1,48.0
9e3a06f863456c3934b9d26037c119cd,48.0
55720455a62e996f16d67a65128746bb,48.0
2ad4d7bf0d9891d02025ef4c28bc0cfd,48.0
838e6092a13d571267967a79dbfdf662,48.0
278f8c368289d78d344c85126efdd50b,48.0
2443d43e2cb0271b2e63ba9a0fe2903c,48.0
f883ba642f4dca60e7c2fa6b0825da3a,48.0
fa2f78384e572a521f543cefbb07c5ee,48.0
e64b4dc9257cbe575f5688fc6986fe65,48.0
3990c719162bfe51e676622d4ec98569,48.0
967a3618f5b308110ab6eee2c31a0187,48.0
4cbce741dce59bb0b8e5ec5cf3c4b054,48.0
c8d3e4e2b05ce379a8f6416e2b34223f,48.0
af87edd0d77cb8dea68315b87475004e,48.0
4fdeaa6314f23f4d94093b9e1b7d60ac,48.0
e07255e0a4e248ceee143c136e2d7caf,48.0
5393412c9014929b2ce82cd29def8553,48.0
28c286b1524136196892633baf063295,48.0
f2ffa0a3fad193b5cff9daa2b68d87b3,48.0
abb8d1e0d880ced1635658db8459d3e8,48.0
8dc2fd6452f3e7e9a88fcc99525d4294,47.99
e66c52819d608e8c3ff553e58eb3c0ce,47.99
ac5fff54784cd57c4f30e4e90639c8a3,47.99
c3fbafb9ba012c4b202de6e8f6f69060,47.99
80ab302132a7bb80c3162873b0bc23ec,47.99
23b628ded33cb58a4dd4f8e6104517a5,47.99
850be66093f139f399ba55d7cd96cf26,47.99
a1b5ca506b592bb72d4caadcbfe71385,47.99
03ccf5d27b3a5a3afbffd525ac12fdf9,47.99
7542eb12d0319a6d3341f982a9a45433,47.99
149ab31098f43c6fd53cf56e24169192,47.99
d6e2b7381afd823e7d123fdfca1b3b3a,47.99
0e03f37794e29b07c282c0c8cdf111a4,47.99
989e6a65ea8c76a7d2ec66bc72274758,47.99
7588edc8a7018172fa514eaa6cd3e909,47.99
87a05ffc09fec3ecc019b43bb15ce666,47.99
2678c09a553cf8d87f3789bb61f12ee8,47.99
95759d9c114986f32e7420bc508ff3f2,47.99
f2fe306bef4c0b5da31a2d7b0f78f710,47.99
00062b33cb9f6fe976afdcff967ea74d,47.99
b7241639a8593842c9d76ded4e2ee372,47.99
a4d25a8f61e1db5e99771d8268c1e7a6,47.99
6ab80065dfee8f902e6d0fdabb9bf565,47.99
172e8628eb28987923ac836006e1309e,47.99
a0402041f21126e553b1a0ca676d95c8,47.99
f61c9dcf020d4cecd99298cd3833ee7a,47.99
afae641675ee633694d73d9d46a529f9,47.99
ec4e8ad9f16c833a251a358f7e28a217,47.99
75055159a0ce31ccf3d251ef078371e8,47.99
edaf081727eac11647e9cdba5f9ceb48,47.99
b48777b3d6a058681c09655843453cb8,47.99
5068221f7159ac660e033a6d82f15edd,47.99
0ff4f778eb2da8e8e1b1157e75f3d0ff,47.99
0fbcccee7916948cfe0c96fc1d19ea00,47.99
a69e5091c415ff6a705d0bb69b6c40cb,47.99
a76c60d4573c61bab74a9ff1f6576453,47.99
db02c3f004a364b3fe0c9dbe24d808b5,47.99
4f1d87556cc2fdaee491b0cb9e05f155,47.99
644822de1085c46840cc547bf1f215d1,47.99
d9bb6e1f3042e7656a442937844361c4,47.99
6071409e8ac30d508795f90b547936db,47.99
5023bc2931283adb435a1ef20a8ae944,47.99
0b47866f6acf641f66da758074842c0c,47.99
d68fbba69b64a9930c8030189256149b,47.99
5054fb4472ff2f967a14a94252a8e65e,47.99
b0ceb8739f04aabdd550254dce1c16aa,47.99
beb4ab49ae293cb5491e8b197f1bd1e9,47.98
3c13585a5ac14038367b2a957ff22f4c,47.98
ee6efaac6f06a51ec3fb8f07a5970fa0,47.98
e7593e9ae8506f9fe772e3c1af78ef49,47.98
4101b37b2d8f20198ba112a754885204,47.98
4d25a77a0e3a69074326a44fa3712fe3,47.98
f07928d150a941fee3793cbfa6e62e1b,47.98
3c8ffb7e2d47b7dbf27a3524e6331078,47.97
25700734456e911ea55a83b37c50de2e,47.97
838175db4d894e2d225b420806aeb6f0,47.97
07b23777533ca4b2107867f3ae97dce5,47.95
34b4e4192efcbe2aedef52e830191715,47.92
33d1704b767156cfd686807522b86dab,47.92
e03f16c679044f02b6f9d2bed05888b5,47.91
484bead74b34094eb995e4ecee252deb,47.9
9e89c236659179966723613317e173aa,47.9
d021bac7c4e6b8f4532118824e7cbe58,47.9
0899ee3a7b3e045cb930b5f394293736,47.9
df845b3bc9b0bfd952ec5ea2ddedc0ce,47.9
07a0ad11f72463d647871b9d2d00058b,47.9
83f81df574cda5fec2157f4c3d112b3e,47.9
1481bf8b377e7df4c341ab4292f28d4a,47.9
0eaeaa7cd1d73d8b59c4dbe6ce922263,47.9
c59c934799c1688f73043362b63a203f,47.9
5d53bf7254a570bc800abdfaded5026a,47.9
fdb40e870d1d5f085b916d7b9437cd35,47.9
ff23e086a2196089e277ca0020ff5ce4,47.9
0efd489ae0fdcbb706013c9b12ece141,47.9
4bbeac9d9a22f0628ba712b90862df28,47.9
8fd475ce403409d1f2e6266192b35e7b,47.9
7ed5a166e71db107f477366bf55dfef7,47.9
1e25825127b762cf429607fb83d14e32,47.9
6a2b9e1cf75c8dc7507792227a5d0ee8,47.9
b486a070f6394081a2fabaf37e15d264,47.9
74425816e9f175cc2da8f4a69720291e,47.9
0d9734a4567cc69f0c6631ef532eb423,47.9
3e8dcff7fc6b8d9c51af4551fd4af25c,47.9
b2e7d5661a4268a50ae70d5c044c5ff7,47.9
1efa2c518f4d9d5e7e98f4d20aff1f7c,47.9
6ecc9ffea3c99ee79b129141c425a686,47.9
2a3621021bfa1171d27422d35ffa2a36,47.9
14a429268b2e70661e87c2be648a422f,47.9
868ca3c0616bfa1724d5dee470e33565,47.9
f6b5c1255d74840ea920104295a66d0a,47.9
b7e7f7b5b4f8ec4f9b31f8578b02c226,47.9
ede90781fd1e7cf8e78bcb84059af77f,47.9
861ecfdc2d94521ac18fa27618a5b71d,47.9
2e22bee00067f79174a49def8fec481c,47.9
113ee076db82f8389e03ab6a7ae4d447,47.9
98884e672c5ba85f4394f2044e1a3eab,47.9
e72188520e7450d41369c84fed0a4b68,47.9
61e6da519b71bef0cff6229f20cf8308,47.9
8451ec0d95319062cc9c6911b2f8924a,47.9
4ec19da27439c169647fd8abb44acf41,47.9
8a8cd362d6cc4c7e7fbb8050526da599,47.9
f6e75fe0c9c3615f87fcc3f535b34864,47.9
9b376404244cd24cf089abed1a44ff0b,47.9
f72661bdcf57a1ace81791c42c20754b,47.9
c7ea2371bb8bb9c2041b4e41ac7192ce,47.9
0ba9a803b182db080870a20acb7a7a28,47.9
33059e481807ac22890c53c0e553cf5c,47.9
f1d8392057447bcc4dedf77c9a80edb1,47.9
4a8accbc60f419ce6893d41450bc700f,47.9
636c00ce74eb4cf8941d9224f7672101,47.9
ca4d497fb0472b44b77b03f40e83c670,47.9
fffeda5b6d849fbd39689bb92087f431,47.9
c7c245875ef8835fef4201a63210db72,47.9
28f8b98795a100b5782dd3977dc1c84a,47.9
07cb625d1689d0583fc1d853bb4b58b5,47.9
50c59de5f940db0689080c7a6c6be54f,47.9
8b212b9525f9e74e85e37ed6df37693e,47.9
678c63a5ea06902b73f7bfcea4c5bb93,47.9
45d746bce0e044d98386226e02405756,47.9
572c55e6ec9e1ccd62db5a04f67499bf,47.9
fe3afca6cb1f6f7dfe5168f15b9b5ec5,47.9
c1958053622fd0bc2f0b7c06fa4ba179,47.9
c4411b1ab60e1e26cf76868c035d2f55,47.9
74fd68180000391e2193996e80738b1c,47.9
231f0ffb269612f46dc8a039a9f7d60d,47.9
641c9c30922543b24086d3a62cd2c7b9,47.9
49728ab3ca97268c16b1bc1205212d04,47.9
ee0ab5a9747a11f916fff4b4fc306ac0,47.9
740e4bdbbba1f7da2c2819d324fdc3cf,47.9
e2d9a3bda5053fa5ea773af0ef49f00e,47.9
4aa04cdd4cd1ef53723ce28e38a00ccf,47.9
a26e57e9f234d61b47047662377e8772,47.9
9959467a8562a7937386de4cdc07ae13,47.9
6b1d775b2094e9c5a3a86e9e8fe01b3f,47.9
b51ca8198173cb2c2a18dd8cfc7fd7f5,47.9
c058300229eabe9a229b24240bb3d934,47.9
c57e8c7a4bcef288ef247e0641416bee,47.9
52e63ecd64db4f95be34bed683fa029e,47.9
f8e0526bf1893cc207e9b6283595a35c,47.9
8c1fc4f0160463f7192647792d749b83,47.9
26de5ab0f68967b8af2c7c56d39a3742,47.9
6384956ecc59b99a9b2c5e80b7f74f5b,47.9
ab0275d64ab2e7e854269eed99e9412a,47.9
e3e7d8f2750d84cd02f382c4d242d00c,47.9
33f34d9499aec9678333ba5f203a4d8d,47.9
b2f6af7a0af5d04c4f852116d6ff5d99,47.9
ced00a908ceed2bab37e22ec77bb4eaa,47.9
90331f6d4993e9930f17d54c34190477,47.9
eb66077f255e1f15020a2904b1f7f24e,47.9
7db99f68639988a848b7a85e2845ce21,47.9
c4ca99c674868a34eabbe504c261581f,47.9
add7aa6095dd2aae6b8d70d022bae3e5,47.9
d6309d77be1f4211bef63bcf2bb1a10f,47.9
ef9ef05d74ccfb0d256e22fcfce20a03,47.9
7ca314e66fa021d631d129468a264024,47.9
de6cdc6367fdb29059cac3623a87b49d,47.9
979f7f0b911e84cf3ea55247fa147bd5,47.9
25543acf1f4678661727be65a20dacad,47.9
610f0574fe58619864503689b50d2819,47.9
943fcdf63bb3f4757a902d8837c2dabd,47.9
766a6dd9d0045e8462f001462976ff99,47.9
f67cfba90391093c3309e5106905fb31,47.9
822b0a7c92b1dbaa4006e1d12d1f649d,47.9
24e460d9a4768124cfbaafe7821b4c89,47.9
10af20cea993579b8dc7401672f14658,47.9
fbe5b8cced59b4c64766a702d6a9482f,47.9
e5d04a29bc0d884192af129acb7199ea,47.9
3fb3cc7d768688f0f919e33ab4b3da2c,47.9
30df451d935bb7c4cfa51cc22ee28e5c,47.9
19a1a43451c0e1db44df1c8ec97c3c80,47.9
74ba954cb6ddb61646da9c8e94fc6477,47.9
1560565369c954453e3b159a3cb923f7,47.9
bd999da6d06c37baf8f1b4f48beb96bf,47.9
e04757bb7741d0781cda14c9be20ad2a,47.9
0d3bc44d03120f413b33f62f0037d1b5,47.9
d05ee8d1fcfa1735b7de95c11b13cfcd,47.9
08c09f773095ffbf190840b7b922a4ea,47.9
35c62daf4b7d2a5cb4f1a8b9960df309,47.9
79f0fbce20a9d42be158b173250be2aa,47.9
bda00833104c70fdb43e0de7e44599cf,47.9
cd08333efebc859d377ad0bf63d3cbc1,47.9
9fe891b80c54c35613d1c6c1b0431072,47.9
fc1543dd064b168304316b8113d3bf16,47.9
aa41ab7e6243152d3c21ec01446ee1df,47.9
2c11a01c0d9fc9ce7d1cf33e16062853,47.9
ed01365fc6f6e098879c03ae23b0d743,47.9
d1876726cc26bb5ff410bf7c4564e21d,47.9
c10df225c03861cca258bdc8f9e29cda,47.9
38224125387e55599f81b1c4655fb432,47.9
3a88fb311c3752770c9c01e5e49bd38a,47.9
92ae0c9a35caff18cdc09aaea576ec91,47.9
9fbff61ec5b6f5b4baa4dedcabcc06af,47.9
4fe795e9da6ca272967466580213d252,47.9
7ccae4c14b25c44cc60e1d0d6e1268dd,47.9
7aa304bf571592f09294c4ed6dbec0a5,47.9
31d62517aee3298dee0ace2f38dc8bb4,47.9
fbd5850347b2376d8e0706355e5a97e6,47.9
504918c93aeee8a262aefd3788fa90d0,47.9
bf46f5628006409ce5740517ad6506f1,47.9
1894bfd42e8ad783c68fc0a21c685916,47.9
b0c70716ff17136d17c12881d303c543,47.9
8d8e6f619006962166b6137961a772e4,47.9
7107fc539b88dd4fb7fab4e60f9eeea3,47.9
9be47708361b959a33fb0b2a537c02ef,47.9
c5761e080ba22e9bb19972bd1d3901a3,47.9
b65f29f78aceaa11c0fe3657d80bafaf,47.9
3d8a8c537b49189fbf45f199acd93020,47.9
8124800ff4040590e23ea89b8c4440fd,47.9
bb85c4ac0d64b224ec32224e91af4980,47.89
d2b8fe9527c39135994ad21bd147ab3e,47.88
981e2a35b8cc3442c7b18d008d58e20c,47.88
59be217eef79cf8f31906ccb0c18fded,47.88
648ecb9be0fd9c0cdb6a1de83902df8c,47.88
86ee6da3ce109f39bcc5720d099def3e,47.88
ad57c591a1166a90a0b6758357f14620,47.84
010c5ccfc9a9135b8c89e2d66f5fb8f5,47.83
39ca314818a8fcf7275bdd62444be657,47.81
eff19fbf43cda74b8fb9959b4ffbaaa1,47.8
9435f264913e96d69160e6f90380c851,47.8
8fdfa85118487910ecb24477b00c6ae3,47.8
aadd27185177fc7ac9b364898ac09343,47.8
011f5f2d716eb919dd944494c0db328b,47.8
ac80d6edc954b2359e2f6685653c7d2b,47.8
e344b637bf62ce9eec36f4b532fd9fef,47.8
9059a4de2206e2ebaf4f178ebbba19ca,47.8
72b2dcb1f65360c3a533246ea3502fed,47.8
30ed79b25a04e922d54d369153264d35,47.8
06f94f3ddb4cda1e24b2ccb1bb853a9d,47.8
7f6a345ff92095fba2660f11ec6574e4,47.8
123ea921911488038083321655563493,47.8
35a797c4719b70b2a1ca87b197b90c58,47.8
8483b31f7dde87f8cbb3d04529df4c5b,47.78
e4cb46ffe9e1dfda487f7fce939f7c7b,47.75
b3aadfe6bbaa40c1a5d4ff3172d9d950,47.75
d4da05b2b67ae67c603c1063a2a361af,47.75
e9b4a782c01f35ec401edd9e1ac9c96a,47.75
1539376b01ad1ce07852ae63ecabc919,47.71
7c1566a8236807fdd72aaa3c44c1d3d4,47.7
0cb784f306c422f2792472ad6607b540,47.7
0056a2580b5c68cfa6b43c6ef6adbc03,47.7
ab517e9ddc05fcf09d5d8a19192a1b49,47.7
c30d0f9fb78aa64613ddc5c9823c001b,47.7
0c30d6931a3ecd7724601a0fbf5151e2,47.7
589ef6ecb824c3dec0f860daf553169a,47.7
fff168ca1f8a1d2e8e2108b231a68a8c,47.7
ea94754b4cd71085c914bf60e5a2dd56,47.7
31ebdb35a5d7d36da53c821fcd112700,47.65
d8f61bfb10e9586732b688b520670d13,47.65
605290d36a17bf44c7f1cd478338e0a9,47.65
926c8544055f08fcf4a065407ebbba95,47.65
70bf06e1322f07d30f5a893e71585c0b,47.65
482b3471974ec5a1bc58ee86a8414b12,47.65
97e126f19a6f04b3462619f36862bcd2,47.65
831f008be56b77027cedf97fb3ee5d7f,47.65
ffbda9243760f2492df6e71c590e070a,47.65
59d07f9813c38cfee8291278d93831ff,47.65
5136f67979625c2a7a41a1b221d53b94,47.65
9625c9b960cb2a2645738ad08d8fd709,47.65
dadf22295412a4a5f2b94a9baca6831d,47.65
f80a4ebe5d3be56c0c304a5a1ee02918,47.65
970ca115b43314d95949db28ed73aa78,47.65
212852a431b37b3e7eb5e0ec44f024e9,47.65
ff8fa0e333a5b7b5362e76311b4ae90a,47.65
9302bcbba1cb251fb466d0dac7bb9726,47.65
b17fac8443f1de9cc84df6d153550260,47.65
20949dcbaca4657fd0618635255d5ce4,47.65
09bb71db74001d48fba34cc642711ef1,47.65
4e059129b59090525afb7c6deb971f14,47.65
7580d018db37c3868f233605cbb90c8b,47.65
b3f223f6d6a12d794c2ed30c717998cc,47.65
6762de40b1337dcc0b8f076f81b44290,47.65
7f49cbdafd1fc40e2ab997321a392220,47.65
dbf6ed4dc7bddf15511104f1c8cbf195,47.65
990cef1e0d0dc93b4e1893dd5a1f881b,47.65
8d1428dafa8c8d8018df598ec6fb9428,47.65
ace2dcf6d9830137bedf84a0d50e2656,47.65
7ee968b8ed74301e0cbd3e44416cad9d,47.65
2caf8c04235c6582bab2c3960200bdaa,47.65
eee794050554ac160892daad8d727ec8,47.65
e2122d6c0f496f7d112252b2cd8fd682,47.65
5284b9ec69bde8150dbc4b8710309cf1,47.65
0eebd2d8515ca9a9886e26936af093b3,47.65
daa68954888a9a0b95a5f0500e185878,47.64
9fd19a75a14bc0ae5c56ab8f2da298bd,47.61
9cbe13ffb632f70b6e49d86d0d007cb7,47.6
923de483ea3d978b748fe8b4cba86955,47.6
1aa4931994ecbbd3ec57dacac0d7bc08,47.6
a3926309e844be59b488518e21e54b61,47.6
6fca0539c47aec27b4479a6b866f9c68,47.6
8cde4b3a00b6db8b6604a2553cf0c78a,47.6
228aa3fa3b39a6b67e5cc42f8d0e349a,47.6
371af652a9491f3a5bc4c8a79c7c6327,47.6
077b8386d9cb1fa9cab7a5b561c4bf90,47.6
9f9a83d15d7255a3747dd9175b875ea0,47.6
b4e0356b6ba6c2a12cca6b4191e8ed99,47.6
b2bf052d493866f99444fe8e178c1d2c,47.6
ca68346c65393936cd365b91d997fe8e,47.6
3f0d84bf2d3f467cef7e0c382c08d4ba,47.6
2d26266839bdc081b22334efe8f14230,47.6
5d1fd4b4f9da66500dcb4587a5d285bb,47.59
f1b86a379b5fc9895aa935ff4719bc98,47.59
77fe80ba95f07692a4b59c0360d2331f,47.59
4dd7ad59ca568506d37109b703b0c9b6,47.59
468fbf63b1c04a842cbe9d2a8e6c16d2,47.59
97dd30dbb3d934ae53b651bf2268fdcc,47.57
610acd3e17a6ba412c219bfb1d2b9f1a,47.55
52fe9b2ae4107a4c19d92cc574a1275c,47.55
2a395e7e1901e07fff39a55249a210eb,47.55
1ef212752ef3f87c7fd55f725c151ed1,47.5
3c3cc3aa98327a4a14d761d165a30f32,47.5
9fd8a2d7ba5bb7f2653050c7c2b83115,47.5
f9498c1d633509de995d09aeee4f67c9,47.5
2fd0620d6116592888cc82540b396dc3,47.5
99f3961a1bcb55085e8bda6b25df6c16,47.5
fd31040a7ee310b731565ea3902a08eb,47.5
ae3a3a6fd9128d8617e2cb3a88a7598b,47.5
526caafeb47b743834c8e21b5faed622,47.5
b4d3dc12a78eb43f35d7722b699f08b4,47.5
638c0e3d52a0694cbb2a923981ebe974,47.5
11342c1fb8b203ab328495db18dd8caf,47.5
c4524e479c54f1caa0d8997bbeb7bde8,47.5
3a1a43b64b07a4252f466e05381a74f5,47.5
76366953c50ff35f89fbd24d3f4d0221,47.49
b045b9fad2425e2aa00751699ad7065d,47.49
027f4c7bfb93550c488b03e3eb14e5da,47.49
0d785812b68075d9a8655a1b99838b3d,47.49
073c25ebd966a952d38da1dbbb1f4227,47.49
5c7c8ac7d78822dc9505a8e2f1468e01,47.49
9e873a5a6bcd5787eb36890605ca2beb,47.49
d473db85c392fee4f94c300cf4ddc792,47.49
0df186e89fa6f0d7724df6839ad18fe5,47.49
a2524830815ae798e7e1554736eb4556,47.49
874bde568cafaf8bab032b2c4ec6df66,47.49
3a8383a4e4a8cf4251ae0b1c1a696694,47.49
95879700e06973f767b965aa8972150b,47.49
da702ab66677661dbee8ff4802eaf83a,47.49
53638bcb338ed531c59d59da7db924c9,47.49
87730f978647280a4f4c7a9468f38462,47.49
c6291bead7baf9428750d374111cfdf2,47.49
a52ec7711669c58e970afdfb9ee74bb5,47.49
f10199a6fa3ba52bd42a33c4ec2c0f7b,47.49
a47f532ec104c9cdb1bd791f3c605f13,47.49
dc4dbafb39aecfe8d561171fb2793d5e,47.49
6171dd1dd0b622320f004748186502f9,47.49
f4f14993dd2f44144049d9612c88bd9f,47.49
80ad8f6c9a59a006d200fde84407ffcc,47.49
a515248d7329f35b368348d0068033d6,47.49
a3bfe1551d298300aa31c837568a68a0,47.49
dd84119ecdc89727e8bc3f1039e8f868,47.49
0c31132b8ad88895a3412dac10738bdc,47.49
e49f2a7ff5c2a15d3b599d50a7a77a91,47.49
d3af44d4335d69eaf1c19eb82c832c4a,47.49
0d16e4a7336116a77c9fe81af1c589b9,47.49
bec3214b41b011e0f2c974a2bdabfce7,47.49
bc448306c9b538a38ded1022413353f2,47.49
f206315b02656d3adf91b65e35b7a70c,47.49
0c9a08f2ed5ab0d7ba020b38627c05fd,47.49
7c914fa77c2a8f1179c445cf9f539d0f,47.49
d6e5a4173470d0e38dcff1153aba6397,47.49
9b6d99e4fad63c0af01caa003bf8227b,47.49
427748327be320bc51430c78a5d7f5a5,47.49
16897c2bf0d798fe7d679bb7aeb27ffa,47.49
d15f8db721a80c84018ae6ebf89ace97,47.49
c3b0b7386717984ceb75277f0dccfaff,47.49
b5b80bf2ab4ca94105e156747166139f,47.49
d5feeb223000c4c6dfdb7219b681e1d4,47.49
d289f57701f2314ec1be1494f62d676a,47.49
1de8615754a9427f8bc52efdd114bec5,47.49
4cbd5670977afc1b847668f3263a3d4e,47.49
fdf90ea1ab409555dc79650e3e36fa01,47.49
12943cd75dff4407f19eaf7b7dd80d20,47.49
5bcd71d65408e844d4bf4a73e9ba3bab,47.49
6048ec9b4f1c8b8c74d9c24154f84278,47.49
10a2fbde93ea4041295f9f209c016734,47.49
536d34b506dd35403e9abf9bf68e82a4,47.49
70d0bcbf4b9a9f9576d8443a68142597,47.49
37a35978aab474b5f6ca6b43cf03c19a,47.49
f6cd5629d58e708bba4bedb09a67d8a7,47.49
e9815153ada2825b5b32f1df33b44429,47.49
35a71284f4b292d9718aedd7530a32fa,47.49
6dc751bd314035e5cd07b5783799f84c,47.49
ec22baf60e1cd69bdca2844eae245dc3,47.49
827c1daa83bce414dcebbeb2959bb555,47.49
6b18da7374b00d0c01f17396b67f63d9,47.49
57bebcfe34e11956f3252325dd271c1d,47.49
93ddf78c4c10e009a2b846d1d96e90e9,47.49
9a08d4100860cb1c8033a2c80f45c3e0,47.49
2e875622b6aaeb04d2fda8393ca10738,47.48
c9fe92fa60e20c4175118d51cf0cdd9c,47.4
027366c552ba033496aceb34187f01d6,47.4
66e959a44387b5dfdd7e743181715998,47.4
c8b8fc6a174f7e78125428ff2e452cca,47.4
a7361cef18d3fa0382cf9b7179c7de30,47.4
3c8636b14f946db377d3a5201548cad9,47.4
8d9cf828f7181bf76915fddfdbb4148b,47.4
9b62dcdf7d09676e6155d051c2fa0121,47.4
f49c3a2b208956b0c1f7d23c443de618,47.33
b1082cf3c15c62400465f967a8497616,47.33
c2640db8a9066c36b353784500821c57,47.33
1f41374ef769597a92f3f12fa61c4274,47.33
3dd789d5301761182d28eb73ce1558ed,47.33
b3ef2e15b1f2d5598a28e08e3536542b,47.3
9c039979984059520e88d6eeb991b977,47.3
725134f3d737109269ea38978e83138c,47.25
68fb4226ef248268b7c3d7effd5d7613,47.25
378d97ec1eeb4f2c7d689fa2cb253a89,47.25
8addf8eac3121910b35f1e5a9b90156d,47.25
c8afbdb8bcb6ff18e1396158952379a7,47.25
f1283a7855d9e8e2426f243e01b827e1,47.21
93ccd2fb7dc21d565fea8877be15ee23,47.2
b3c56127c49edf102af3ed7a80e74e84,47.2
4c6cc85a89f512df728a98f49b54c7de,47.2
ba42d1dadd7f454d073d1fb0277f446f,47.2
00a7f9b60493b4b11601b42e5f31eac9,47.2
2407b981de425b0b444dda91186d0440,47.2
bac7a9d35d5f1638802cb401bcfcab1a,47.2
e05cda3503b7dcfb4692db77f1b38bdf,47.19
397ac98a256dd1f8a04716af140f3836,47.08
24d97ea7bb12a40f87d701e17017d282,47.07
ac6ea0ab33845a564031838893725a80,47.06
ad44c9822042d778bb89ba71e2018c82,47.06
3d3f936e07349832a8620f07ed29640c,47.01
14777b1b80f36a5b1e889b6ebeb634a2,47.0
964dff9f3a81c5f1815798c10f503aba,47.0
6d08a140cd85228349360a6b914ea47f,47.0
45b25874ff6ec2e66c207386ac05c802,47.0
069cc8646fca6d760e049d8a4bc0c334,47.0
7fef300de8ad3161c1ce5697b2c48078,47.0
1fe28ea440ef6c1bc8c0628dd6de9cf2,47.0
eed17b4b86c7ae236806408d6ed7d0d4,47.0
ec9ed8be674f660863975ced862bf2f9,47.0
332ea0e2b2e87e9ed11f7aee42cf698f,47.0
75e645f4c54045f7a8d2c28dd10eb587,47.0
ae42f7bb2b7fd41673207c4a4903b919,47.0
9ce7393a237786a791d85a624b9707aa,47.0
806c46dc97eaec94343ed413566a39f8,47.0
091a1ff2cfc28101a39a1e81fb548b35,47.0
a810d2a85a09ed40bbdf9e9ee4096d16,47.0
922b653b29a3319b5e28e85617c615ba,47.0
9e3cccc4d43db2e97bb7015e1114fc92,47.0
6b80e7baf526578fe089f9e374acaee3,47.0
17957722c83ab1eaf53c8775853829a9,47.0
f7ddc4d1ed0a55c2ee8841faf8f73cbc,47.0
bbacd4a4139f37ae3aedcc0f1e4d86eb,47.0
3d47082a1d4fd8517bb39c2a9f749abd,47.0
7eb46835088fbcb521879c97a9e250c0,47.0
a19aaf0a448df405ce973d0eb03a8784,47.0
33815697efba93373844bb3d49166e43,47.0
d7946774667f603e46935b3fea376595,47.0
fae68a5c34595ab2673163891d0c0aee,47.0
dddb49bfda245a56fa89d16181a90d32,47.0
04e78263360f4c3aee74cc715c333608,47.0
f451e59a9232fe95d8deab7507f5b172,47.0
c6e12a66b9241b3d544ec4d4854b5472,47.0
147a66016ca869c7c1ac0e8480119ae2,47.0
7ea6a37458d0182bf02b1828d0bca04a,47.0
adc9db4fc4f60b344847267dc51e7068,47.0
8457e8b85783238318fbbcd115ad1e5b,47.0
1b71afbf0f5262d87eb73d5165b0e45b,47.0
15f35717f8fc5167d010bdf70a86a45a,47.0
c2582af30840b93f339e170d12dd3d1b,47.0
181d85c587921142b36f4e1546d35102,47.0
fa4e2d7ab39f97bb7b7b0f59200391d2,47.0
87e46a17040d87c365304152769daec1,47.0
1d30837716e836dea995c5dc66212fb8,46.99
3ae208c673c9a1bd78c2dc73fdcd1121,46.99
831182e069bd68b990ec3a51910370e1,46.99
a9e29188d7ed246d080e5cd29c308f94,46.99
475a4966014db58028097860de739ff2,46.99
395bd5caae43625482932bc5d721e0b4,46.99
f48c05d30461f65385a92cb74f73a934,46.99
8f56c3486e99c4d3ef8796b59dfb5012,46.99
842993a3ccbcadcf1470e8c57167a590,46.99
feaef48e150d4f22138e748bb313698c,46.99
69cf319150fbe6796a8fc7cb1130906d,46.99
189126a15eeb07b4674a81048ff48071,46.99
e27e6c78c40ec4b9d9bf621529c61dff,46.99
172de5a82ba2a67eb20621c2e4b4e34d,46.99
d382ad6bb56286079ce115ea6d4db527,46.99
a6aecb91639368b7b5d49c46adc1064f,46.99
f6a7e0ba6be36e5fdf7f15cdb3d21df2,46.99
b829f33e3253c0c72d8079a19bc37a19,46.99
52b25d31e779e259422789a033435421,46.99
c4d7a6e0c977031788582eee2aec876b,46.99
021e1ff95f894f02e2d22bf2b7c96ccc,46.99
e1498108bfb9fdf2777cab12a50ad36e,46.99
8cbec74069338f4a6de35baec1987246,46.99
fdd862fcaef60c5198b49bcb033c906e,46.99
208d96575c5bcce7280aeea4e1260658,46.99
559885225f11e9c1af7436a3fa2b58f2,46.99
ebb4bbbdfc885e78481d17c9f5ff3f85,46.99
44a7d00cf2d850e47fa2694eeb62bfca,46.99
5547962397f3a6e2d13ff5cd1feb1bdf,46.99
5a7500ddd320df5f05497b67090564da,46.99
5c3fc5d5058b1965e182a140d2980c48,46.99
fa8c1b0cc3867a62150b15d907f94382,46.99
1d1c736115642f774623a24b4253bfdc,46.99
5128b82b2c26d5e7785035f0f5106d8b,46.99
23fb04c3937f6575ffb5aec1eed1a1ca,46.99
dc0bb7dd2728bf6c65fd99487754c55c,46.99
3f6d65b5025dbcbed1618db64ff8f2a3,46.99
9f340837a355b99272f81b612f396566,46.99
a9dc1550353a0551d4ae2092bac399ad,46.99
9ae68689eb558472f387541c67ac8592,46.99
853e93d8f9dd85379dd60183a32bd996,46.99
daf9d77d7d4c32c763dff0b90f4510c3,46.99
05f92287b410b4a1b426167861698d3e,46.99
8fbbfd71536431f7d84abe07956a4608,46.99
0d3652cb1fda41494f012955e8d483d8,46.99
97cf999f275f1388e6ecb91f4b0d6e98,46.99
65fc362d3d6288deed5b6284b492669d,46.99
8c1196de2dc3d4e69e8c9e37eec5957c,46.99
ee3a81b2771fec5f9e982cdb1b3a4804,46.99
a0c07761ac81523e0a69e9403bb8d9e8,46.99
a7e5bb9b535b732710a58761d75bc310,46.99
f3c417aa727ef55b2a9eb68bda276dd9,46.99
73914591b886a40daeaff8ff1bed45f6,46.99
b37ad6b0aced822f5e42f446939fbb1c,46.99
d30a43ef4613415982f5d40a4d0e47bf,46.99
ffb145238917df668b2d40bf9532e6c8,46.99
e8827cf749541640d8024a54ce3df1d6,46.99
7a1cc938efd5640156e90dd7970b33a1,46.99
786b132ea5316b4b8ee43854c89e1ff6,46.99
127464f7c2d53e47eb1c8b0566b7e78f,46.99
1551880a021b8cc82b9d9fc4b1991506,46.99
228fa0775b9f2dd5df796a94425f18d2,46.99
e5a94a4be7e4cee1fef1e15778bfa2ab,46.99
09dd5b8cd013d6fe41dc343609a44cc2,46.99
adcda79effeaa7398aba44f473e8aed8,46.99
9d809c11a64513e14f626198bb96bed8,46.98
cdab2d152ace46567b31b7ae53f44b24,46.98
26b6ab78a5d35d8e01b2c42bd69f21c9,46.98
3cfb3b7c26e4afd8ee00693925452a05,46.98
8aa58844ce714e2af850271f40e49d13,46.98
21ef1bd33861d802ea6a9126730d9385,46.98
547fdf3f3b5ff52d847e7dc145b31766,46.96
eaf673c8640de260cb58679e0e159cb4,46.96
8ac4e65f170044d29753abf35e4d0d96,46.95
dd9061c2a5a1c0283e6a28971e82590b,46.94
b99c8d76b04307827e285362acbfeb98,46.9
f7bc089803fdef571f770ab60bbb8745,46.9
7584654111d3b877adfda731735f602a,46.9
0c61d5a89f3c2614ad54d1db39a03186,46.9
b09017d118d18d405c8538ae256f2104,46.9
bb3e235ef62784e88695b41dbc5ded47,46.9
2ef489da4e9da946da422e562cd90860,46.9
0bd683b7ceca26b5bba4e327682275c5,46.9
74bd614c81cbbb1e75aad1b2dd120304,46.9
e167780623a4f7343ca616517f8dd503,46.9
324709f9fb3d691f2c162f56bfdb6ff9,46.9
c25554a6eb88dd24ee0c9490945e6f78,46.9
2515d9c80d9ef874870c0c29ca13496c,46.9
07fef9e9407d285b4ad90c98766a1d5c,46.9
abc20b5351a51ecd2d4ee21f374e53cb,46.9
4f9c5022b3b55c54c92d269c307670b7,46.9
6eecb45e1c147bc42841894ff03b9e0f,46.9
b9fd5b4c39fe588051227f447349d1c8,46.9
39be9617ad2eb9e08065ef43a4e3bfbf,46.9
c0cac061cf2beecfb295dd69b73a7508,46.9
ce0a55747a77d957ea22fb5adddbbeca,46.9
9dbbcb1bf333f98d688f0af44f2e8962,46.9
840be0730010e9580efd289bc9f37706,46.9
041d0eb3170569956add1abb9d1681e3,46.9
a7ce327dd02ea0980cdba4f8f86b77e8,46.9
d9ecf4ff3d43638bdff6586c0aa738b2,46.9
1bc91f030639254f22bf57fba7c51376,46.9
cfc3d42473e399fcf2d06aee78a7a601,46.9
314222754b66db2d977b14ecc4ee2756,46.9
a2b7d88f0af86d43c92fa477a46a12e2,46.9
e4442a167ea250dbaaf8f8056915cc9e,46.9
cb26ed4a22f051e22f744d6381951357,46.9
ecac6f944752f337584b6de5541bcc5c,46.9
8abea2586885adbb1203c365be1518f1,46.9
b503b349a145e75d7b6fb083b221a5cb,46.9
81959f2d6b540243ccac326d082d4af3,46.9
16dbf83dc2046146262f6f04588da0b0,46.9
ca7aecabfc1024eab921ec66fb9549be,46.9
756081646e96cb2e48ecd496079a688a,46.9
4024b83c510f004326fbcf0671738663,46.9
60ab2ed589060f33a8c6e6ac86e29135,46.9
e7200954367548f9dcd21e4bed6184d9,46.9
f8f3a29c793887b5d14a19247cefc805,46.9
9071842c8a16e594d9a65a9e9a4ab133,46.9
b2e01250b17d8fca9d35ea77baabbe15,46.9
209aa0c72b1d9f4c58d1236435ba739d,46.9
b0a4a3a6fd78feba9c40a924067fcf25,46.9
614cbde307d19568eece2a7529586d0d,46.9
a3dc01325c88f631c8b9a0c53ed29487,46.9
9f1a7f33083fc1cd8865c587eb71c3e5,46.9
b685d8c2aff49286039c7893080fba73,46.9
a0d5a45b8ba1d0075371cae17473b317,46.9
4927883c993298a88d03d81f70052459,46.9
e95db45635aff45b3ebfd6a711f681c2,46.9
16ceebbf32f67216a75f6b47508e5cf3,46.9
ace4c0c7241fb02b72bb8d019b738693,46.9
48c8046eb790bd7fca3ac08eba9790f3,46.9
9b664da3a5e00d8fb61180a99fbba5ff,46.9
069dca5337f1cf3f778d0cfa43ce8dd9,46.9
ad06b03685e254053b83d5d07baded8f,46.9
e53b534236436f97ebaf56e1f3929c46,46.9
02a2e57774aff37b1888526dd39717fe,46.9
a2fa3925309e440a429a5628eff166b2,46.9
db157e43885bae83e589dff79ed78d87,46.9
a61cee7568322910d8954f49f6c1760b,46.9
3fa5cb8db19053333c80d6b5c049205e,46.9
ab9fe017b1de9118ef7b8273ddbce479,46.9
4a016ff232658b35fe0e4959e94cb0c9,46.9
7349346f299c03c2d2f3e13a2d1f8944,46.9
2030f02a01c59aa9cb96db5a9944481f,46.9
2407d33ca65eaf7691859c2242577806,46.9
e4fdc57877b01294d35391436f6c1a2f,46.9
d632083cdf2a28260b60285c2f1325f3,46.9
2a7b15aee777934aec99a1046e8f13aa,46.9
605389b53f86bde02fd2e6a695cc2874,46.9
c0fb4bcd57149dfee5a0dbaf5524505d,46.89
1628f353cb4fee7be799eaae47575ed0,46.89
2a00d5bce6c51c6e083f7265bace9f13,46.89
64442a75bdbdbf3986d94b901539bcf5,46.89
8d64a96ac05f9ea593b461f9e461c016,46.89
997fd5f191a3b515c36618df00c53edb,46.89
f1daabe885fd24bb2d0632bd7f58657b,46.88
0610d26be1496feb18be422cb2f8a491,46.86
20b527208d23dd761d0f26fa4f788a37,46.86
56f48a4b6b679bf9b82d46ff1be7875a,46.86
b8414b8b0b2d437edbeec8955628262a,46.86
c37e1557e41bd2262d75e5b12712720f,46.86
1fdde0a24922523791641ed04bd9c5c0,46.86
366c88e3ee5ed365c8529a9639c8b91c,46.86
cb9c54b41211784a001abd06fb239c1f,46.84
6ce4836a1e0c3324d4aadd6832fe151c,46.8
2a4635f4e2ce424948c9e1405579f69f,46.8
5fb0bfb81349f0313dee8ad96b97258c,46.8
324dc2010d97d9fb303d814529cec409,46.8
b24e99c21cef9de4ad6b940683949ce0,46.8
4ec48bc6b605fe7c8640b47af14fca4a,46.8
3e7ff5820808a8d4664e1e2514ce32c0,46.8
239e0ecb0797c0dc341124772fc69a8d,46.75
360ae0b3d851642a2c7e5d737e93140b,46.73
0ad854ccd5f47d7c60dc5f0312901d6d,46.69
ef63555196c6667a0312eceedb446e36,46.66
2e5091c4326d04e10780f540758d9893,46.63
0e880625f64ca2e55ff575a237241203,46.6
3ebbe8870855f5e7efd307b46afe6e66,46.6
2900b73aa9a7d4ea2f6167f58b89fc58,46.56
38e131e11657d1c4a7c06e6962b9b5d5,46.55
cf54e6569d9da458e167fcebdb5adafe,46.55
475eec32deae43c1479b18acc1f7781d,46.55
fecd194256ab742769c2e9ab4cf961e7,46.55
ad4414a146fc1ca9f666b0d05f289cea,46.5
fa3bf08e3e39304580ec8fde1bead18f,46.5
26d0ebe8a91b429327034724c1393503,46.5
c02a6990593c8e099095ecef024194ea,46.5
bb4a026c071aff569092ee33f7e8fb5c,46.49
f11c70a007287fc389f8e51abbe510a7,46.49
b81a1891e137bdc5ff2dec4d062fc2ae,46.49
7ee04c773f064561c7f50cba4cda809d,46.47
90c74d2a364948608eb6b45bf576940d,46.4
46ad2a4627eaff989f09ed085a63f0f8,46.4
08ebd000e60012404de32cacee764799,46.4
2e8744d8bba88c9cef6e223caa148c6b,46.4
ef514bcda50ae5f53d2cf47b150a2b52,46.4
66a470a0e1d8c76b9a21cb40912bca2f,46.4
1e201c8e0bca2eaac6ddc53599ec20ef,46.4
ee2cd66d3b85edee9c2725c697db9c4f,46.4
cad3adb2a6965a5e1180a68ee254e2cf,46.4
49f17fca0708821d89d63803a5a2f954,46.4
ed8f8a87bb796cbcb23eac0300635d62,46.4
221624054ca47ae560a9af1059268c30,46.4
cc8f275edbf7e0d420a100dd30ecbf68,46.4
13e56bf1c485ef13438118c361f92527,46.4
c4a93cfdaea28da30e798101a9495198,46.4
971c2e479ef8a3a4a70418a4e6100228,46.4
d713d3c4ca576a7fea14e302b3266548,46.4
67b8de516cdaf1aec60ccbc32539fec7,46.33
a0046faee0167291def69406e65eb9fa,46.33
05057cba400d34f79cd8c0396f67647d,46.33
47f5f43c79b29aaeec92a9c5e817ff6a,46.3
1e7862bc2a60cacd519ce1af310ac766,46.22
4922363693e673167789c03faf24a66d,46.22
aa7aba441952b013edbf055028d6e7dd,46.2
57586d586212de079c4fa6fcb7fb80c2,46.2
61eab57728f3ca555e8a55f532169cc8,46.2
302d2796548bbf823ac9bc950e33f960,46.2
b6879da0a2a2bc9a35e015cbde01a51a,46.2
2728bde7012224560c53a0ac264b9f09,46.2
c353461901b42aac7fd9fa38acff8885,46.2
321d5053bbc505f4ef4c74c3a1272eb8,46.2
660591dd3599d7962b734b00628fb114,46.2
141bbc6c184a41aab0a0c3ef29a90bce,46.2
ad8e61b43475be715767337d38f95196,46.2
5ed9935669cb1a6a81a20282f48a5ce6,46.2
f68c9552d4a213e753972820790aa3fd,46.06
8c6d6ced29074dffd258f47c91c215a3,46.0
1ac79e9244083a16d968ef53e9f52f59,46.0
84f051c51e629d53a7ef7fda2cf5a325,46.0
73c81eed8822aec98bc389ccce382294,46.0
1bc8d7df252ed7ef6595a0323345ddac,46.0
5fbe3867d3f0d0993b5624efa4098149,46.0
245bf42163498d23ca14484c07988535,46.0
668a88aff76297c42ce09f48787aff16,46.0
520e20cf271769ea1844e71104d65956,46.0
fc32515d52db6d39df219e2d53229a65,46.0
871730d6b51162eea53c867b5eee862e,46.0
67bc584f10fed53edd399d3c4cec5736,46.0
29adcd5a8d393ec79254d3519e6193aa,46.0
c20ef58701f7d633de740985bf553b3c,46.0
6f1c4cb92372672fc31a3a960b7890a4,46.0
ab0ed6d3425b97299131aa272b3cacf7,46.0
99f825b458dd70e86581333ddf39f92b,46.0
64e0b9072003aeb0838bcf96609f2504,46.0
fa2699be5f49cf1be7e66acaeb2a64bc,46.0
105af06b096f795bc4e3256ba2dd3755,46.0
d76512c766b6191a31760b27a3a671fd,46.0
8e5e71fc2fc91792644214a1cfd64bae,46.0
9a4578c9dd9dce6517d583cb5eca0276,46.0
13d4313f89fc94278086f77adb232fc7,46.0
94cf3e8a7892ee0fdd046c0c08c2c38c,46.0
4b40848316adc68105a2e0130a4150b8,46.0
fbeb0b67308075646eceeaf2e071d729,46.0
e60ebc9d994111d8e79b327cdd633ff5,46.0
b59209dd2ee2d48dbec6de3ee4a708a4,46.0
bfcf7dd426c5f7aac0d04a7aa7303c3a,46.0
e948cda40366cf2be9b3f34ed8a71650,46.0
f18d5b1ad1ce464e75cba9062a5166b5,46.0
3aaa19d4d385baa53859ea43d47051ae,46.0
5c5ef261a2d3c2bc6221ec5986bbb5f9,46.0
682380c5455a7716b8569a535fc4d31c,46.0
c70dbe9bfd930472b5a3bc0d052fafa3,46.0
ca1712abbf8b76d0382b68ce75f8f575,46.0
3965165ab8b8cf34df2fb0a088492e5c,46.0
660f09ec2be9dab4f53543c57fbf8693,46.0
89d8adfeb3cbb0bcaf7431ed965d2182,46.0
53e16f83735cfe02bf83ef6481ca241e,46.0
61c045cb17074c6519d6570bf25d3288,46.0
7d6a15dac3171fdcfc217ffa8c09ec36,46.0
43940279ae4eb68e5e8047f5af626329,46.0
1769a3ebdaadccc529c9e90afd139850,46.0
7236ccefd5966e8c04b55d723fbd0ad6,46.0
06ec6c3121f033000bbb535a2e10b8c0,45.99
a189fdcd17c49459d41f406cffb5264d,45.99
8e49f5f31f9feb36a1a6c2aa70af719d,45.99
205e2ab340cb3c8bf457c76b98306c73,45.99
550928a8edc4e99aaf5e530c3e3759ce,45.99
e2aa79699984ce034e4b174b6f530803,45.99
890795b5b323f86184a643e8e3480584,45.99
2e320174b3ab5bdd0bf8e2fe27e72b43,45.99
ed7fc88b987e2d756555740de689f3a9,45.99
cce631765a9e31068af38b7e668fed9f,45.99
f752eb5ad4ba2692fc58c43a8c420c8a,45.99
d42685f4266e965fe40dbb114869159e,45.99
4a7fe722558b97f3103ff8211dbf65bf,45.99
9290a8230f6f8ccea5fb2f6116facae6,45.99
5e2ad1cfbbd5ff1eb07d7612befef8d2,45.99
05f49d64b685d744c5e3207a7640a714,45.99
d58b2d1a1bc61268841dc888e2779f51,45.99
2bbcf5af36dc7f58511d502ae23af9c4,45.99
22002f231d543f0aed21cadaa588ee33,45.99
ba8a4209b5b60ac17ac458fdf1d34ddb,45.99
a8fabc805e9a10a3c93ae5bff642b86b,45.99
3fac5eda65c02a62e0fa2cffe70f5eb2,45.99
3ae0909507f3aff8f82173639d398da2,45.99
4680c83dbd163933eee4cec77ca0f54d,45.99
291a2206115f4a76d3337720f49437ba,45.99
bcc60fefed836fce311047cb4ad6a504,45.99
b9e6f0bb7b6b018e1c1abe5e58398593,45.99
322790ab5eff71e8ab7827434a02346e,45.99
19a81cc55bd0e8ad389c7b787c9c280d,45.99
4316c4198a69c64bc7443fd497da9847,45.99
9d221cb5b002dc5134af790b0014afb7,45.99
a271f6a10b6ebc42ab2188c78701f003,45.99
6dfe3ddd436ac19e55962c1e03189bc4,45.99
e9666f09e30dc136efd23315bc14e106,45.99
0ce488af82f1ec50f3bcd08795f65a0c,45.99
8da4c2f6272f4a9218d9dda0f025495c,45.99
f659b67d07d29ee3d2013af036241d1f,45.99
49c01967b56a5f70c5083417c329740e,45.99
8bc813515b3bc503f13f53df20728dfd,45.99
9710138d96e1a01a67cbc34b1b981014,45.99
ce48eb5adf120b207900d03d7cd52c39,45.99
e6562b43e71911e95374c2eea157c11e,45.99
4edf532487459eda21dd6ee099adf329,45.99
3a4b9798c717317e477801fcb2f1cb38,45.99
425d4b843ec1a263e76875e53ce409b3,45.99
9982795598ae2714885ecb26b4247fda,45.99
a6ce61a0375ec7c47769053b811cd750,45.99
ba1dd8870e56a890d5a6e8a6becbe311,45.99
2f6014fe90cb09655c6f5d9259381c8e,45.99
ef9b9b1cb4921466d4190e3116fe248e,45.99
25191ba92200ad3022d457b2e5b8e64c,45.99
8801d26b088a761ce801a813bbe1c124,45.99
8276cb02ce893d6478b503ae76c4302b,45.99
fabc9128fc3c897d2208425e2086d3a5,45.99
a2ddbf4db9d0f1bb35918b4d567f1705,45.99
8f399738d7135634f6501aaeb70c953b,45.99
3724c2a26e137c48b8d5d08fe333f5c4,45.99
364f824c824823a6e6dcfce11fa7cad0,45.99
6108edce175bb2a5d603884594fae1d5,45.98
5ba0313d8deae58f670a73b0f8b21b5e,45.98
57d7a0e97246823d94b31681180a91a1,45.98
d359f457faaab88afbd4ba5df49bb13d,45.98
d5212be925407010fcefbbe4b7087929,45.98
036a1f0892cbf27e9f3768472ffe7c04,45.98
684fa6da5134b9e4dab731e00011712d,45.98
8baeca32aac79a831b81f1f8af9fd6d8,45.97
bd033af61f41af8f776a036fc7ad1a1a,45.97
23d98526b606143a1b0ac1bae2457bfc,45.97
48a01175afae9a275b3b57ccd21da366,45.97
ff2fbcf5290b75ae615bc293f2a9dfc0,45.97
f840f0447008c6176811942645f9a30f,45.97
cfd1a2cc48a14de5918e86a29e606406,45.97
39819e3fdcb2e08c22f19310ea98a136,45.97
4154a7bfad13391d383b6b30cb06f639,45.97
4981bb38a647b9d462e1f4a278179ade,45.97
cbf35b1a3f1f44c6f67251b136c327d7,45.97
a10f809da5724187f9886fb340997c50,45.97
0c1ef04b363af81d555ce9ba603b02f3,45.97
fba30b28beee38fcf673926812eca40c,45.97
1847c7074383b91e451c2ad8cc36ed6e,45.97
92d571c936ad611745dc20b9b327ce97,45.97
f9b059f4342b9bb33e0e1d54ed161dbc,45.97
590fb09b045f7fad50f7145578bf8fb4,45.97
659816a84c2b5af41f7411a9a69e383c,45.97
830d879ff68fae5fef0930cbb6cb8799,45.97
1998daeb5df39bd96a9bb8a93c6e53c2,45.97
53b6d45cb9684a4b93e0ba2030222456,45.96
d086a279ceb2b9b292aa7532ed22b9d7,45.95
7ff432548a663510d9acb9e2cdce7bff,45.95
27a748bd3c2cba4f31221d301d5401ab,45.95
1bd1508a2184ade648319b14e788bc6e,45.95
fb92827a7e6393879861a8d328a43d3a,45.95
c5e41a9f8916a32a52a73c9a5acabec0,45.95
a683fb2ddea3effab4756e02e2f0468e,45.95
0aee8a6ccf2eafc62eb7beaaa47f4bbf,45.95
65c295c5ac6110fc4214f32ab7df512e,45.95
15a47b3e6b010337746a401b0e67b618,45.95
919032f506767422e7e288dfa4850c4a,45.95
8db5d3f2bf24e53e41b3373cad793ed9,45.95
76e4b20577a9afb78dc9b7dd335316ed,45.95
505a018f1fdf5778581713be389b915a,45.95
786278a09edddd49a7a93ed34dd273ce,45.95
8e6e118324e9b1a48fb079c5eee2d6ff,45.95
219c684533c856c18d3d31208ece446c,45.95
a27c58025590f2b1b7c03a82eb6637d5,45.95
b4e29de7bdbc95e1d0738be3f3d5217f,45.95
c80756226463b72fc101a16fe4a0ec78,45.95
0c01464f5a36fcdf6ab41071e18efb26,45.95
026cbd2abdef48032f42084a8ec122fe,45.95
c6fe189efa0b5b86e8df534630a6f051,45.95
bbe141b2d7930c7e7d084a162b0da9df,45.95
deba89fcf410c9fa49c3965c6f56c132,45.95
9e682deddb164563d50532ebab34306c,45.95
17eb76b7c89a006386dc854560588172,45.95
3045bdcbe6cdbe95cb0a1094c494f2d7,45.95
a70de1d2619f2113a39a18ad83dce472,45.95
05838d97b4a3948e120c9fb440374691,45.95
07d57c4ab3e35e1f8d78c7c816f9ec6c,45.95
0d96bcb52476d4965d0b50080cd9a443,45.95
7aa45f0da7dbc08f11d376d597b2403f,45.95
be5c3fff234a8543864b5247e4e226ad,45.95
beb96061489f7c042c033ae76990e106,45.95
f78e8d1d24e5a4f1b1219e6ae1416aca,45.95
0f9a263aae35e574625a940636aedb10,45.95
3be5a877ceebea2954404c6ef8e70be2,45.95
3031c30daeda4aeb801d2967c7269bb4,45.95
5fcb65ba68f3aca54fa0c221d8b7150c,45.95
db9ed14b2cbcee25b886f75e09f20940,45.95
7e6a2c82f870d4169d3cd945fcacee60,45.95
5067d126bcdf8822347ae96bd0cf8a97,45.95
8077a88989887c07d262fc34020d6fbc,45.93
98f6d35d8cb5a1d8a803cf8d474767a7,45.91
5e9491dcfa20187b357f729effb3f238,45.91
c86b9d401a0061cb8eedd4bd55633b77,45.91
c4cdce4f982f9bb93096b4ba5cda6e5f,45.9
7d47c02d64c21b203491d18deb3fba61,45.9
75a56a88964892a78b19d16dd2407f78,45.9
d04b499809157673780addf5719f7af1,45.9
9b3f8363f2ee84afcec10865308f0687,45.9
c9bd05e87a980d0197e1ac3b7cad5501,45.9
415b55e1665311edb2b5a80ecb608dc9,45.9
1629f51edbf454ebbe093e3b6fc63aea,45.9
d5105465636298d11defc066483d9cf3,45.9
89d3acddfe3e52705206aeb30a6a7217,45.9
9099fad5d60c0f71d655957d4eba256a,45.9
b7101127b6df67aae4715734e0dca049,45.9
e71bc052424770177302796c5867257a,45.9
1988344486d485f05675dab363a9a347,45.9
67a4dc9ebe668f07201a861f82dba20d,45.9
00ba767af52461bf567696d2a6d2909f,45.9
c507bf314df5e877ca5330775aa83399,45.9
04f257b05acbafc20d4886c8b12d0244,45.9
324f0fb44bafb7a6d6d23aaccd7a9f34,45.9
8f64da415df0a6866db60da16526f3ad,45.9
a8bad9142fcbce619092b42b569f27dd,45.9
2f4cdad5a9d7f771f5f8998c29e14072,45.9
cb3681565ea0fad6e0c1f1f9d4bb34f5,45.9
71fafde265d5c5969612ff8fee661014,45.9
314f5515cf84ac3a11ba7fea4e9a2822,45.9
a694746ff1ab375e60b169442f575439,45.9
aea4269cb4936c3d89d77ca8407c2635,45.9
65ae4f5275ec04dda533cbd5205dfeb8,45.9
23d7edbc55a2c410dd6e427f2787bc5e,45.9
a697da09204edfd0501c82d1a560b2a2,45.9
4d591125ff32d94454b07b580fe2ecae,45.9
596333805ac932042fad7eeb3f2b9362,45.9
533a3d75aeb7abdd7d803dd264c9851e,45.9
2ac2c26386ad549a2d762e224cbb8d65,45.9
1e8aa3c3725bb28d332cf08aca2e5e1b,45.9
0eede221140cc1e3830add38c6338870,45.9
39fca5d473f90b6a8b4cd39f5834202a,45.9
0f0263848b51bdafacb3a0f227f83a1f,45.9
1421cb63f0a9dedc0c36b0b96bb60ec5,45.9
aafb42297a445d9bcc0b01058f829da2,45.9
a302b9b1e9bad4553e418417b0eb0e6f,45.9
a04dce798419f82084975adb9d6a79d2,45.9
e572951f62a83fa3b6dbec2cb0722cf9,45.9
7dc77ed10077ef0779bba656c78da6fb,45.9
e3109970a3fe8021d5ff82c577ce5606,45.9
46210ff74e2784d4d386742c4a72513a,45.9
1154c11fd11d89d487e1ec3f6f7befc1,45.9
3e0483e69ad990a67229dcaee3b37cf4,45.9
70a4565a0e2423f8bd3ba63125c901d1,45.9
28e262005ecd4861eddb5c0d6f27c1c2,45.9
03c25401073fe088ba2c01a4db9e9857,45.9
b9ee77187e4553b357c44c062399270c,45.9
50be62f7ec43c7363188a381ac10757b,45.9
614538d4b26bd1763e449494de2968ed,45.9
bfcb0eccc6cbab4f67a465a8838dc542,45.9
87cfbc9db7f2dc260b8f0022377909ef,45.9
c65b3c6d4889ae58adf4102af9c283d9,45.9
a71faac9f56802e89e3ae192fd53f1af,45.9
09118825cf5e244ea919698b2fb4f38f,45.9
e7e417314d3929e21b06799c5ee30e19,45.9
c267e35a4a5aee75602d06f6860b25ba,45.9
333fabf7199b33b48f411eea84ebd4b7,45.9
d22486816d1289aa4ebf836a6d49a933,45.9
808cfcd5c83849bfb0c7bf25edd97b2b,45.9
e8ae9955aca35688f3e7c8d19c66513d,45.9
e52f83840892c262d5108d011eb6216b,45.9
d60157b6edc4c62efe9bda6b47cadf5d,45.9
7dea23626b0245d988821ad2ca9e67b3,45.9
c69199acb539193102bc2bdf55622402,45.9
bd6292322eb6573fc98ac5931d04f5e3,45.9
9f8652dc4390049256f7e5e9fa5e4ca4,45.9
8515f6af4fd0d5f127ea032b8cd37a73,45.9
5ebcdd52fb15fcc15facd7917971a569,45.9
1e54b20747fcea4c173e88cf3d2a5638,45.9
fa7e747a940377d68377ce84d5d14fb7,45.9
22e10c220b507e45ada14579c6e84503,45.9
0daa90e9bc07b18c5335c227fc6a8b26,45.9
80ea58aa49a62dcb9d6c29b6ff65e158,45.9
b6d6b42f40cb6d7b0d8b2be327210d29,45.9
b8e430459d81ab8daa5e1b885a7de5df,45.9
21a29f39dd0e3f1b5837af591e068150,45.9
cda922f66aa89653f17a5c2974972168,45.9
887a4af9b36671b35fac1219972a48db,45.9
d5de688c321096d15508faae67a27051,45.9
76b432ca295f27833e5ccb04faec8297,45.9
ea16d707b31362619e32a72fb693e792,45.9
5740fcbe18b3f9d163e8da1365619f50,45.9
4c465e92dcaace866872273fdc272ef9,45.9
e5965ae365a0c0595e3eede0d156d975,45.9
2c2cf42c9a603bf3e1181fe3be2cae55,45.9
52600f42138586a44b2541c6eaff306d,45.9
e412443072bf2656a463473f5c9802c1,45.9
3fa30c21a4432c13d4996c374191f4c0,45.9
94bd3a2bb2a1b295cf466c244dba1c4d,45.9
a509c0faf10ecf2d74c38e3945b25496,45.9
5f8b4882b5a4ec7bf6d2107e6cd0cf29,45.9
d3eb15c5980e25bf63acd83816968909,45.9
c7a82da94b1093bc1774b31ff1bf3481,45.9
ff84d0fa669f79bdc394cadf5d651cf2,45.9
34110ec07969e8c17e77ad480149b4a0,45.9
4acdf61f00c231891e30ce833d9227ed,45.9
c174b4f39f769670fdb04e1994b4081d,45.9
bb678932adf8c3450d4b00d04a04dcd3,45.9
0aa6cab885100eaf269905dc7e8f5b93,45.9
d015acea9c4daffed2c50531e217862c,45.9
c43d980ae6e52210ecdbfcf8e763f267,45.9
68ebe1d0acb77033e53570274dcdf5af,45.9
0770fab1a98ce26d042a7aad41fdbc8f,45.9
b5b3c90abf565a89c0a5948f00666aed,45.9
8b4ffff3de1d179a7bce3dfcf4f1c910,45.9
c38b3826795b7d0d8c4449bb5eb96733,45.9
e288e444e861a640a1180abf998c44a6,45.9
26bf6f4f31d4aa89d55361a4c322bb85,45.9
d8d9d264aaf6573952ccd477cbd47d87,45.9
23a3954cdcd51ac5e551b1f4826c6075,45.9
fffb97495f78be80e2759335275df2aa,45.9
b7e45e7dbe7999fde2c43437ed74931e,45.9
8f08be4bff90a008ab13026acdcfc338,45.9
4dda91288c4169e5208ad102eb7f16d7,45.9
97906ee33caf845572b6fee421d40468,45.9
a9815cf96d3f5d66843244290d03488a,45.9
391e5723fbe91b2ed053106d5c3dd6fe,45.9
2c3f1477984c40ac05ae4324d06e379d,45.9
756b2e31ef20678aba1fc60beb13c2b7,45.9
1323eac79bee9f610f5f5ffb578c11f6,45.9
1d7e831db788682b2ed3a961e3c3ca8d,45.9
3a8c543b24d0ec9805b3720cafc91be4,45.9
02d6d0f47ae7ef004d1106cd4743b553,45.9
8c6c946f51aabd5309eef335831a9d85,45.9
aaad67429ea7d339bdf5f71ae3ef74f6,45.9
14cbf4389f8a8d726a69e3779b11b6fc,45.9
8fe1a699c51916b203ee684f642d234a,45.9
29d79aeed09623a1ffc16ff0d5d05ba7,45.9
67cacf586b432939b6ae2465b2aecf44,45.9
e478886b1ba8258f79c67a3e91b9d76b,45.9
f90f3568abbdade70b4b39c6a219db3a,45.9
6a3669723412b7c588ccecdd1b6a42da,45.9
2e09a0d6a340c17e302b200c2194b39f,45.9
f32e0c4e338c96fe0ec35a87c1e01abd,45.9
6685161064744cb72ce07973f240814b,45.9
228745d7c5f9cb114075b6e8d519561d,45.9
9bc9ba55fbe97a847d41d2a0324b1ca7,45.9
fd47a4d249984bb3ab537cffbb62a1d9,45.9
b8026bdf32e82bd41ae6f578f6aa0fb8,45.9
f7cbc5b5009187e1d0983e1ff7a5c6c2,45.9
3525876b026b30927d11863412612b13,45.9
72a0e6c0565c685d7a6b977b516f59fb,45.9
2f2953781d398425eca1c9f1ba912130,45.9
e4ad9116d37461c681fea632e47a021d,45.9
48f393741354adda8d6fb24150557969,45.9
6e353700bc7bcdf6ebc15d6de16d7002,45.9
237f38bf0ed44908a68963f0d8ea2b33,45.9
873f1c4f230b516604d5fca8bb68817b,45.9
8aaad69c0f33504ee7c6bad3ae9e20a6,45.9
e108cd9fef87ab8a6d33ff941da84e27,45.9
4915fcdf1fb75815bfaec49283fa4ec0,45.9
a1937e26edb8cc57b903979f75291e8f,45.9
7aa5c798faaf42173981b921aaaacae3,45.9
276d837f05f017a708409066dff401a8,45.9
beeca8af57f7cb7b42b1877824a941c2,45.9
ddc305318969c71969b82bd97a1d1560,45.9
eb66863a17ee48ce53653ee4afd4af21,45.9
a6d1f7d3fee8f81223a0baf690ce7557,45.9
0474930b6f1687f99415cee7aee3d55b,45.9
1ffd4ed29264828d00542426f5285dac,45.9
bd1f394952ce93642d6134297a23a4f2,45.9
1cc48f15ae29278a2ae5fd4ace4c97fd,45.9
755cbdd9590787b4213792e83aa3a709,45.9
b7e148738c004d326ccc987bf4d78372,45.9
08bdb18f09e1d64ab30eefcac034e265,45.9
ea455755b0f319b23f1dbcee40c33b70,45.9
6d17b7ae3491ceaeaa8dc02e8a8d9485,45.9
e1301cc68b82ab74180bc970f3e6c81b,45.9
5eab478250ae05c60e083c9ab5dddc88,45.9
ac7f438e15d996fd55c89ff26d19b648,45.9
5627927d535db82b7807764c725c3e56,45.9
e26866fcad952f322729ccd8b71e2758,45.9
e44f15aad2720323261079b0290f4248,45.9
486d66df3ef703d001f77632e7fe6bd8,45.9
33894fa2d290a8dd92f486ef36a23398,45.9
3516087073944b772c2f8b3d0f93a31b,45.9
d6819da44ecb6d2001b72d4f19ce1e4f,45.9
412c5e5d336f834a27b3eabf3797b1ec,45.9
0dd1098b87c24451307ef832e71db6e8,45.9
0cc5af9c8d63b5f7db48aa4e0085d256,45.9
5e68ff4fe28a8fc50beaece056586fe6,45.9
fa7b2ad9e0410733cf18a62fe3d6568e,45.9
919207acca225d17abeff7ab2ae6aa31,45.9
e4b0c4c6ec684f615278f2dd9d7e0bbd,45.9
762b4358bfc0776647150052efc68ff5,45.9
c947bd7320af6ca068c7ef4389693173,45.9
433283269d791003e268520d901bf1bb,45.9
6faedef7d910ae07797891cf9e262af5,45.9
10db7a938590915abf795e3756ec4d0f,45.9
ea1f7bb81ed4f141540bf434ef141f42,45.9
6d25a570809ab4c7a33e4fea40af752c,45.9
1286872c3c0be0909184f3a1056a7471,45.9
6fcf9bc0b844ced66aabad3c2c962d7b,45.9
8c00f372a13786c5028887ab82250956,45.9
1795dd79b24240d8f56302e7bed359e3,45.9
adf1ecaca5e192f1356ed0760e5432ae,45.9
392d8e8daaf2280f75196bcd79728099,45.9
773e44148a162cd665cec3f70a9f4fa2,45.9
ab4806c1a9c4bc3e88aa1f900b88d98a,45.9
589da14260e4de26903bef3469feb59a,45.9
fdf2f42ec3ca9c7b2443d1501ba9f0db,45.9
5976aae2978512e829135e2df9024756,45.9
e58850376bff96218c65670a1747c41e,45.9
235dbacd9cbfaee70bf092cecac8b62d,45.9
f4351b806df6ba3f5c1d0453de0d3b7c,45.9
5e5794daaa13f73e2f1cdb4114529843,45.9
3304c3dfa7d7dbc57493593594a5fce8,45.9
53a05bd6f441b9137843cc959fbb2747,45.9
861a5544c25b9e13f4826a28164d5056,45.9
485e5344b94b80fc5ed918cc14a7414e,45.9
420b67c85ceff09ec8d61df18ee62125,45.9
2398147ec107d211baef2c063531cc64,45.9
0d9042bd800016a09f39508f92f969a1,45.9
68219d24f99a407e2ee5835e9abc8a1d,45.9
5ef779feddd7910eea6f5a41bf8dd881,45.9
e3fc2717c94f6a26b87eff6a7a64cdb2,45.9
d46a4ea906c4a9de600ef073a3dfd209,45.9
a8399935e7f14e2c955e1cea8fb2efff,45.9
124996b6e8865af35cf5b0bd01462f5b,45.9
d0cab04120e4255b35c2fa48d9053417,45.9
ad48ee61dba1606e5ee496ca03710f83,45.9
19885b25f450a981e4c9a3e2df120d41,45.9
d73e92e39e68f4e9778cdb1cb87615fe,45.9
7274e70c46177021b5cb5670b4941d8f,45.9
61b6dbfed29a1de3ca3562121987b249,45.9
37e6ea49e170e1146b094fffe5a66938,45.9
1627d83d75ddd45965f796d873ff4c1d,45.9
bd07f957967b0f67e147585478c3f2c0,45.9
f9428c2e5615ac4466e687dc636c8d04,45.9
cf7bf5f577c6b54ee6721190d706f1c3,45.9
701b88b76d7f6a5aaad9ad02617f0a4c,45.9
0e453162f1e34646ff631c2379109bea,45.9
0030aded3a67b29946a128ee8468388e,45.9
3dfc3f11bf33974dc280bf3464219b85,45.9
2e1e2e0e55ce61231ba6f4e0f29fe2eb,45.9
178a39120267757ad51cd4c00165eec2,45.9
7cd5270ebafd25ed42d608a9b2620eda,45.9
7235bff0c390209cf783321633584b4a,45.9
1f417f8c558d5377ea279c84eafbd6db,45.9
76f98e55dbdd809ce6f7f68e1d946ba3,45.9
f5f93a1af93698522ec79d5a12fea0b0,45.9
fe3fe44146243711a4f5eabc7e65b6dc,45.9
db859dc699009191be7005581c73865d,45.9
a0a5920f042973b2e96268dfea798a0a,45.9
051a0fa5363efa358bb6b04123df227a,45.9
815cfb5bd9e0d9b868ebbcce131b6b91,45.9
47e78cdd37303f49b7de27565411a599,45.9
d4334d07435b97a519de6cfd8ae5957e,45.9
644182a0f196539f214b3f8877fb19bd,45.9
4ec1c641f6c10ee8966cef37f71be2e7,45.9
3052596732f23f7b62734934adec1b8f,45.9
9f6ce93bf74532714cde036e2695fb54,45.9
b8e88388e911fd44511030aadba00add,45.9
7457bd68c902744a9025aefae5833373,45.9
91bb67066c8638f483d7e2e5e277389f,45.9
9b0f7b8754b6d8abbf3a3961b34aa3cc,45.9
9a574ff822f0d61666199f6b5d0c9cae,45.9
dfdce5cbb3a1a1cd9e49ea9af8aeea02,45.9
11adb7c0c8b66a834986cd267cefe35d,45.9
acfed1433ad9a30e9bb860a3a5ba8316,45.9
a0f2152065622633e1a612832a2b84c0,45.9
ae76a4650235ab18764708174f1da31e,45.9
d965386e31405790ab1bd90955c7e53c,45.9
461692a55cce1954087b09cddaa34c48,45.9
5521ec921e8a912afff4689604e69407,45.9
7fa5b19815a0b5e211dcf4d287f60e14,45.9
a9693a08894fae91c09ad75f16cf8a18,45.9
9ed06342197fde512695b88ef49400c2,45.9
09d1727d1983e1c41381405fbe83753a,45.9
5974a7436459910a0a91a5e6cdd9c6bd,45.9
52302eb4538b1cdeed6750589ea64c2a,45.9
a62fd2d56ef4e1960269fee7e58d6c0d,45.9
8ef3bbc492fed286ba2a1afbc56c008a,45.9
1499495d77dafd34186ecba5241ea2f1,45.9
f7959924408235b634284e142e28865e,45.9
6b7fa5ec6f9230b7cb4f1a4481c89727,45.9
4f2c86a6f30d1c9c0d935814141e4f29,45.9
72c845f0388f7f571639e5bea61a061a,45.9
c38daf55356a31e900fd1f44eb1609d5,45.9
06079613a06e0e5f7eb9bbeadd0d9de2,45.9
725842133e4deae147136c61280cbb30,45.9
1267cfa88af2f0d77913219ed425a652,45.9
7780891e6b30f04983e029e646666e35,45.9
4bc3f90f50aa57cd89b293bb488a38ad,45.9
b988047badca8720f31e6643508d0500,45.9
91ea8dff15a094560c0fb7bd64ac1c26,45.9
1a7dd5dcad819da555d5d310e108fd90,45.9
150dcbebc045e4eabe1f896727a84ecf,45.9
5949fb6269f521276e00bfda113fefa2,45.9
7c89a2053c38cf699f55fb5864282447,45.9
158909ef81850b0ffd25419383fcd527,45.9
ae1df93af04a6e463230fc1966638537,45.9
8b8e02be8fef10b7c6e2d210dbcfba7c,45.9
ad8e474d08b0baf66d55593e5840475f,45.9
fecfd9ec343c6f14772632fd353af15c,45.9
d4e5a610541428f3938253b37860a323,45.9
b588c83bac8f042810bd655d13b1ec2d,45.9
e3543bddb221608d95f8d29b44a447bb,45.9
d3aa5ce911f5fbcdfa7fb8a59158a7a0,45.9
9a27f37ace12e5522df5a9d5bbedbfb5,45.9
16e60188ed8baf905336e5cf24ce0839,45.9
88c4345364141e6e89db240bd02b1dfd,45.9
53f2297d5ee760eb3894415f07057fbf,45.9
bebf020dfc5b251bcb6015307462aaa4,45.9
354708647aaa9f2b0e26dc6070de93d1,45.9
f49d254bc11c026cf3e7ec5d1509ae4d,45.9
a165af70cc13470e311ddcd4fd33c070,45.9
c808210ff5bbf25415730cefb3ca0113,45.9
f2adc4b5b3101458bb92adfbdf8537d2,45.9
7bb166661778505b89811ebab082883b,45.9
e626896a14e00a84683d8cf6f8c30a5c,45.9
d24b43d7e710defda63c9bdcce01aa57,45.9
c609bbdc6a816decf71546cea0a79836,45.9
f1022b3ef53cf4c19c23dd26be54a04e,45.9
77a0678c369e67b6a44651440e613ca8,45.9
bc69102e8ae3e541c0a2762ce71264e5,45.9
b11343590580fa3b3ac95097d0b739f6,45.9
45aa60acb5f87544e19b278e6955e451,45.9
cab529ea499b05123eeaf6901f7be818,45.9
ad3e37dfe45b8580f9e0da8bda428089,45.9
27b6e4c5866e60ba12262a3f16354657,45.9
0320b57550ef2aea72c685cc12c09ecd,45.9
b83aa8732c6dcaf653e111d52ebc91f1,45.9
523d292f4dc9c15df9ffab89d898e888,45.9
c2ad4e5180a7b403cd487e1146d85e1d,45.9
4f0ac8ff29c955fdf64f1b7448831a07,45.9
f4a71d716969f02d7762087de2b32ed1,45.9
8c812604bb36f468870e6b5c50d70531,45.9
152e25474f9ab4d853684feef7736ec3,45.9
d70bfb163e0c9a9cc2292adef3b6e703,45.9
f16d1dbb62900f4dc430b12e962308b8,45.9
b3a43c04804041a51dcbda3c6a2a4500,45.9
0c2f6a31ec4940b249ed3e65304a8a6e,45.9
c94358f47b136fc8e5fc75123ff15213,45.9
bc663c6676b42a3a44599580484fde89,45.9
ae8ed9c83d32613ae9f7e6c72443cdbb,45.9
e3e730f17d35e6e0e2595e5cfbee89eb,45.9
5d02af087f5fe03508621e317624011f,45.9
7b1189510beea7145ec61234465745ff,45.9
664ef02a3eab1689df1c0c19eb1e4859,45.9
2b3c7bf966c44dd182d10a6de2b9c64f,45.9
0da03c17bb6e78ca54c42dd0332b5847,45.9
a1f714a85550bca2a27cd19ba9bc1541,45.9
26ff2ad5fc82c54dc0784ff1819f82a0,45.9
412f4e3e4f82e83c44e9ccc631885767,45.9
09f548315be5f30a9610b83ad933aaf1,45.9
45e2389ac675ee3f4804b5f58c318d0f,45.9
9180c19bbfef480393c4230dd55aa72d,45.9
28c37425f1127d887d7337f284080a0f,45.9
3a66c9f9a3d8b6ad570575d6222e02e1,45.9
9d47cabccbbfc9e98cde0402fae92cb3,45.9
e7a5d5966d66cc1a452ad0e189e8aa1d,45.9
7aef00cf795aa8c47871a0d42735ec6d,45.9
d793c36ce968769248cb9ea17deb90a9,45.9
edfab77f860875d798260a793b997664,45.9
804e241e3524d0d28096ca515f29972c,45.9
ff56eb69b7e7abdebc5aa8d66c18df85,45.9
4d822468039185d96e7cca30c68df266,45.9
859c72fb1cd174463f39647bdd6547f9,45.9
ff1c9d04b609c1f86948a391c16e586b,45.9
9405f5cbf0966150956f3f56ae1d3947,45.9
f3f525ec747ce8f3adc1b23b797404dd,45.9
15e4fb3182251c06c80f9cdc5014df1e,45.89
f78c8b0641299a312f545dd0d783b7ff,45.89
6d7caf3c6d9820247a945d2be2ee8e18,45.89
d561be8fcdf9f945abfe5f09806f3549,45.89
e10996551bb1897b97c37e1f771e34af,45.89
5511dd149c4585a6552aa75a1dd6ac8c,45.89
e2c852f36be265c817eafd880884b206,45.89
3f3a10ec410c8efb0ca799fa7705d07e,45.87
3e0b799408f8fba30d5416cfa77c15b3,45.83
48169ee8d433f496c69a24151825857f,45.8
1c1be0b424573db0ff7cec6ee5e39a85,45.8
4569fca334fb135a08aabc4209ee48ad,45.8
bbe5c6efb24a5b834bf71fe19d436443,45.8
14e618e8adb379c1d9727e4cfb189daa,45.8
6da649023525b7a22b12737c8f18423b,45.8
aef8ddfeb225f0a6077b0764c1d6a9f4,45.8
12a063cae60cd7bc2f0029514b21d24c,45.8
719392a7a5473b77c7131b02a3ab1ffa,45.8
d20970c047e30ae233d8da0c19b35e44,45.8
0326dd6a607188065ee1d69c0390395d,45.8
79984707b6d7059f01e633f935b6f352,45.8
f16c12aa92ae8baf6812736511ce30db,45.8
467bbea286a1ef54838a9092ada16493,45.8
83fc8ba0daca8fd0ec1524c52e5c40e0,45.8
330d2c8a165f61afe913931042f2ac9e,45.8
f0db52acbe2be4a0a5243b546ef95c32,45.8
f2f66374ab5da850ce006490eb25f609,45.8
1ac1430bcebe7977df7bab47cb4227ee,45.8
a3d1f8a6e8d708098fe416a1d62789e8,45.8
2827c6ef386603030760339bd1976189,45.8
bf000e1497eca1ec2c097e01a061cf6c,45.78
aca1c958b4ce2b798919091d10296965,45.75
2734348f37edd1020cc5dcac41115449,45.75
16c12a8915fc025ebdff7b58ac1b4ddb,45.73
c8660ee878b885629d78660691d2e8a7,45.73
ca5fbf3bd965b0c278bc60d2b80c3cc6,45.73
cd3cb8b79efc46cb1b80408d83834df1,45.73
bdeb52f66b5546ea418a547dc8888da5,45.73
8543703cb2bc95c3606af4af727d604f,45.73
93ad62fc1229e9099881648f34813706,45.7
8c47be12d1f4a42085de2455cb10724f,45.65
4b14bf7f9a0fd13d8e7073cd3de6b3e7,45.65
0c3f9fbb8f56db0aa2128edf30ebe544,45.65
4df063e444386a404859f4d9bdbb5063,45.65
66236922649bc2679538f344caf5a5c0,45.65
cd396d4d2d4083e24b7c345df3b54e84,45.65
9bcdb996f5ba9d3b959e33b416825425,45.65
e3b2258f69bc6e7072ce06257ef6077c,45.65
869d14fde517fd8a5fa8016fbf4f7103,45.65
bd21daf97509b971af130a009b9d034e,45.65
71bd8523dd55e7b5228f2564fbcbc5ea,45.62
5e7bb90d4342e8086e9a9acc1360a1e0,45.62
0d68f4d8de943d4d32ec8f72f1d88230,45.62
cd71087548bba0befcd43b78e0d2e022,45.6
72c925898f3e64e0f05014dfc6dd3072,45.6
b0fc45475b8d1f080ba078365e949262,45.6
35ea9919e33272ab715f8c1964693b91,45.6
d9e8d14cf3761f7215e9768c78fdb2fb,45.6
f0475449a5e7db1fdc4148ea907fda6f,45.6
d41aba0dbe969079d797f73ae613802c,45.6
4faf7bb3041b910f0a590121c4480f8c,45.6
a928f46ff81482a84085dbc27844a45f,45.6
e31c85fc7143c3cbe3bf90e43c5c6fb5,45.6
b49c7b84bf888d069ddcc9c7d42c5efc,45.6
f540872f1ed8eea80a8e40d1a424cb2a,45.6
cf4e22300ecebe89b5ec81718544627a,45.6
9cc6240f66fc4d57f431a5f7820635db,45.6
66f7239eb8c5c7a3cbcee6a5a45cfa11,45.6
d765f7544b62372aafab58ba0ca7d0f6,45.53
266413b8d0b525d23ebc87014a58603f,45.5
be842c57a8c5a62e9585dd72f22b6338,45.5
5e1c0ff5fa54de8e128dc1e4c28313c7,45.5
52a4e084d8b7e51397a7168ee9be5960,45.5
16a3b1c043fac7263aff62e7cb65fad5,45.5
3e72cf70e1b7a330665422959c3fe43b,45.5
c9ec31f8e947a02426eabeda861392c4,45.5
9b38e97d68d9f6fb2f77f43e8645ccb1,45.5
a18586d80f8ed6f6d41d08c66e7f847e,45.5
ec41bcdb282e1a816ce6014f45a61b0c,45.5
2496d71f2e9f0ce3e43dcbf3905b0a9a,45.5
1e7ae75f912048bbe71c5b5a3d963026,45.49
b71f77353b8fbd3465a46d282ad28c29,45.49
f0608cac11fcb486fda7efba9bc7c515,45.49
cc9fb91092c9fd03600710b91596b684,45.49
c560882c119189881ed615f5e1555f0e,45.49
693e593b3569223611d5a4d3cd442a86,45.49
d1694b32c845946992a1c03bb8914201,45.49
746df46c283df87d8ffc0ac45309b6cf,45.49
b471c2f8fad20b84d2b631c8112b0b26,45.49
4f5fe0d2d2d60f5850f219a41b092234,45.49
a0522bb0aa2334c442b05fe4c48eafa4,45.49
fc217359526d7fceb4f1b3b7756dcd56,45.49
61c9573dec61bde3d187a5bc5ce3c1f3,45.49
88c7c3fe6f1048147fbeac2c26cce3d0,45.49
6a203c8a8113cab225817117e15aa9cb,45.49
fe92213bddc19f762d0c2511f4c3e861,45.49
84ff7ba0c556e089f4d8e02d4215f20e,45.49
39ed53d31627390f1a8fa1470cef1b5f,45.49
4331f77fceb3590431c15325eb98d4c6,45.49
6d10264832d23023c6505690eae88bd0,45.49
33f7fd28bbe67f10c01c0bfdc98389bf,45.36
eb8251dd2b05fbe4a9b75bf108da9970,45.36
c38e493f060462c871fa079fccd3e2be,45.36
21357ad9c60c967f999319f084ecdc83,45.36
8b93c6592ee4eeef432689ba8d994c8c,45.36
7fe32b67bf4a2adff9a80ff91cc3702d,45.36
13fa9f3ef489cd8c830f724b99b7c3a3,45.33
5fc34b391c50e16a715f6628a74d63ca,45.33
d95c4eb894db9fa73c355006bfa2534b,45.33
8e69913c447da381483a66e6c612b0d6,45.33
4374a2a34bb261daa66f8c87672c2d54,45.33
68fe7aa346f054eefa42c464175f7b2e,45.22
7cfe09e5bc5e9f1fab1a57d8ddd8eaee,45.2
76438d399d73b678a7088f5eedd20478,45.2
de7f63b58b9b21f0a8301ddce1e9f2fd,45.14
582dc84c9ca21055bdb0c316eb1bafc8,45.14
7d1c76da6abdbfd705abdc8213050c3d,45.08
64d38c0ab6c52f6cb38f3f3db627ff8c,45.08
c7b11b637c5fc27c489e16d1fe801af4,45.05
9224a7d3be90e5896fa1466c7f32a3de,45.05
bb2187052a533150cfa6b773b66c2c30,45.05
3cddd4d1270c55d695d654b33fdc12d0,45.05
2c3a6ec473549cb156fcf3756a60cbd6,45.04
cc9f647f3dcb74c71969df6747554818,45.04
671a303e12a184a9b815ee3c48ab3ef0,45.0
629f877340ef90d6baa875e57961fa19,45.0
63c88691b378207afe3f0ed265108403,45.0
7f227d89607bdb422be881917ea6161f,45.0
5b0317e52f6059c5ae2572fc5edeb9a2,45.0
444c429371782af5829148720a40e538,45.0
275796c941809c8006511c809600dfab,45.0
6efbd167ba77f51f9da359e85f4c801d,45.0
fac8017d2afbb23689d675200ab9f5d6,45.0
511107f2e6b64baedcc4289bdf4bbc12,45.0
a69fb81739a98f4292b9b5294396e3c3,45.0
1bee0a2d60304df3001ac352088358aa,45.0
91db678752ee943f3565ef444a7072ad,45.0
7bdbc8d4be2b08e6aa4cea6662c4a3a4,45.0
0d4f8e1cec254ed9c1fd1b02d26fabf8,45.0
759009dbd177474a0c58c632fe296ce6,45.0
49a5030caa1df00e0bdd14302ef076a9,45.0
25cda56270516cd7d1e124054b7aa365,45.0
9c39df44c586da760fc328d8cf2f2555,45.0
739ad04dbd001a664c854b570c40b07b,45.0
669a095be23ecbe06b337b39888bc61b,45.0
42992f7eb57b0f04f5a52cf89112f415,45.0
a45c8003661d14234bcd6d507b144067,45.0
001a57041f56400917a187dd74e6cbc1,45.0
a59c5d6fd28b339cfe2a3f15811df273,45.0
017245b7b19b3dc589ca95daf778253f,45.0
f0dc368b018c4102a459934a02118a1c,45.0
8535e7d171732dcdb3de48ff99040f6c,45.0
9cedc9b5217be6c8cb89e73ce5390c1e,45.0
2dede433203d09f2222b7d74c4040155,45.0
1cf843acf6ec395a5d32557daef95f51,45.0
7d8e9609c6d42c59d166f7abaa03a518,45.0
8fa6c964b11b7719b77c92eefae1549c,45.0
80462a2ebef4fa9fa5630530d25d19de,45.0
d1e368d5d12e0bec75a88b1ac142bc2d,45.0
52ef069fa39db50ea9770d2078a74859,45.0
b3137029b6e1d3d2e172a8725c0d3e5b,45.0
4398328fa3c2b8ad79b777604cf9334d,45.0
abc3efee9e5e539286ff709b2f654d8f,45.0
bd7080f4e1207b77f1ca37fad420d3d8,45.0
cba5c36df83ba88bddecb5a2d8c754f9,45.0
1111d304b41ee6f78da59683a4f95373,45.0
f53b9a6bb4e1039f26d9c3225dc84fb5,45.0
ce0c6a5330912ce0077cdcadd5b8f1fb,45.0
d8b65951c84554c80270720c9b5f1178,45.0
6066d537b297112e9ad8737b8c8a2eb6,45.0
67a3c95ffc4184739559faccab4612e0,45.0
e0c772c070d2fab11a4f61376b8e67d0,45.0
d2f345c9594e3687c8cec67d457d1536,45.0
8e61f21a8232d2a820e97fb85e4d7cbb,45.0
7719d6673acd0a17faf6c9a9f5f49dda,45.0
7d8e5e6bf66ef639b5089ce4194a01d6,45.0
1d90534421125d032db6ec6697cf51b7,45.0
9046e54eb6f0639a45d278973bad06ab,45.0
7bfe013b14ef4e7a63ecbb40a4cb61b0,45.0
48bbb2176457bc561959fc570e50e231,45.0
817692febe7ce519bfcf6b70629b6601,45.0
7e0ccb80f03547847437a81f88b7e7ad,45.0
de9dc7ecfddbfb83a2f0c9b115e6ca14,45.0
a6428eedd97ea9606d58e6baf716223e,45.0
aff70ffc7417c17ae1c223c119d2a4d7,45.0
a7aa5f7101f0548de877f43fc226f026,45.0
eca75e9adc8c91318ff3031a136b5130,45.0
22d71d5bfb32603ec8ebdf2bf6bde858,45.0
ab15b42d1e768457521c97019caa9918,45.0
e9ed9b2bcc5b3985d138e87418f5de3f,45.0
029c22b31758dbd1588d75557e73d920,45.0
947fb484a23e534236b4e81edb291b7e,45.0
d6437cc930ef10527a2122c67d79e030,45.0
390195bb021426def386c8ecdc753ab0,45.0
9873288cef2784aa00e073b788253946,45.0
5f8701c124f5456334c36d83fa44a2a8,45.0
22ea4c164526c98f483be9f6ff6a64e5,45.0
cd8268aa18118923a96823a06745e0da,45.0
887b8a65e05f6ac52b0084002f88b30d,45.0
670c9152ba9baa4528368ecf851a9bdc,45.0
f46d0fcacde3f22bdf77c8ed4e30c5ce,45.0
d4e84c51d0ecc10da23b00adcbf9ae85,45.0
3a5bc1fec476a774e618cb40a073bf41,45.0
d1769e6e29140ef276c48bb7260783ae,45.0
2dd769df72fbd8448297d18c48df7b92,45.0
add0ae8f46fe4d29a6654d578c0774cf,45.0
c867b109192c6397f8f3e408daaa0bf5,45.0
8ec0c8b45cc0a0fe7f4e077aac379ddc,45.0
98dd276233e59f41f2a896b097c2cc8f,45.0
3dd972e6e681a4267a0540e552b77d1b,45.0
6fe7fb835a08e22e47c1b37a65c19246,45.0
c3052c989cc4d3d2d750a8beacf3f4fc,45.0
b9551584eba90cdcc0fe7ffa718473e4,45.0
026bfde40abfbefc0a23ce6856a9b3f3,45.0
5da77fb0d792edcaf3d2f6bfe9d65b5d,45.0
3338d6f3767b6853a4ec283edc2a7b21,45.0
7406b313ecf88d1e915e51c5044a8d51,45.0
a6a98e424638dafd3a75867ed4fbceab,45.0
29376649468511d1b27a6d6e529dccf4,45.0
a2f67e0aee80c6169e09d448c35d379d,45.0
deb460805396b2a842889d73a69d3c23,45.0
0b4bb47ad7433a75c47837b319077675,45.0
e0fe9d1e023f3f10c25f47222273ccdb,45.0
aafd4a30b4fc87b9ce204df17db5196d,45.0
01214c5f31d06b6da030e5825b431446,45.0
07ffdcec270d2300c298af875cdc9447,45.0
9b36e720f2f357d9bfc8a1b27706e6a8,45.0
f7b2f2169f6c1f96ba7ea6704869ce29,45.0
4d13207d49606a5912586b4306719447,45.0
cb2db09134b625c16f34f9240653c8b6,45.0
d3253f96461fec2ff7e922549f777abf,45.0
2bff03479b7e1c2464a58317ece163c9,45.0
79847517053935da221bdb9325ef20f5,45.0
eda5e7707113194c9fd748da39c4e825,45.0
2715ebaa46efc93f1025f565e5a78a8c,45.0
e3ef5a42b9831a6c2a529201fcccf054,45.0
154b6ed9a731645fee1a751fea80076c,45.0
cb26624790acc404e0952e26fe2d410c,45.0
eef10f8b0d543ff05f8da03d926c8341,45.0
fe32fbe2587ca3932ffc339e279938b8,45.0
2b6afb355662771052a873a278505248,45.0
089da4e76a40d4222c2797bb79c2988f,45.0
3ca7336825e4f7874df2c588dac596da,45.0
929cb7b1618f0d99c7814d79b0c5b7cc,45.0
b27e2d6264dc721865c05b33d655c34b,45.0
d122afa2eb34aa5560b4d786381110ee,45.0
7f0b0af2dbdab9d01ccd55d267db69f7,45.0
770ddb9ea8d35577fc57aeacf6eb8c4a,45.0
04ccfcc900bf0d659f82f44c03001d53,45.0
40ed37f066a0b0cd73872fa1cbda8145,45.0
cdf8637c15ff345eb86142d091e56926,45.0
3e2adca6ca503c06bee11ad4ebbdd009,45.0
4e50c85578e6c9f99862341ceaf42a78,45.0
57560400ebc297c88d7157415b945b0b,45.0
6ddd70ac4808e4fe3b6a00913ed468a4,45.0
c4cee4edee9d85a78db3eb7990444595,45.0
5a7c460ee5e0b6156ebbe1e50c74cb2d,45.0
87b228334780912ba7554804dacc81e5,45.0
f88197465ea7920adcdbec7375364d82,45.0
9c784dd2711ee49ae9ce0129ec0a1184,45.0
e301532f8aa72255419037c06de5903e,45.0
e54533a3ffc29ddafdcfa45434b9b218,45.0
2967800a1e6a657df2f13ef37b65c9ba,45.0
3b97b8e5873284156a95b6b8d11a9999,45.0
eb3ab1c724c653045580b0ca6a2a0da8,45.0
2683f227b4ca959e6183a3ebbd98b3d4,45.0
3572866ed4fa05df537a287421768f0f,45.0
106e2147b6806c85d7691ac786b07a4c,45.0
57125f5e79965d52dfa4302dba5d869f,45.0
b296edf5dacd218b6457fddcbc0e7c0d,45.0
1674ec99b39d56ec2aa2329be6a79864,45.0
e63a81aeb874228ba9b2eaab33d9fbc3,45.0
62a7a460fd87aa9e89758b60db626a9d,45.0
c174b07e5cef65c7e1c08a05d38ce5fc,45.0
355971cbe54e13e55beb25fab74f6988,45.0
46ea3c538b5686fe4cb8a62c8fa06dae,45.0
86d3fe4ddf2692de0699c9b1c9e8df57,45.0
90a28e1f12b4d9203c1360a9e5a35429,45.0
235f7685b66b79f8be076f42e6b101bf,45.0
51b18b1df1acca444689cf28ca0632d2,45.0
1fd2567f42ea6e7de4f9772c09f1637f,45.0
65d7321f062eb5569225c13c721fc8cc,45.0
12ed696c4178efaa9f91a47a654e6093,45.0
4d7709e05925f067a311701de16c59b6,45.0
6a899e55865de6549a58d2c6845e5604,45.0
5a17549a68364d8fe0c4af22e7c83adc,45.0
8c03553b0a2bbfac8eb64cd9dd356187,45.0
ed60082a254eb599f63bdfaceed3b9ac,45.0
2a539822b5f943c9c52df6cc9dea4b3b,45.0
cd221c459fa9d5158875cdda1b67f2bc,45.0
384c6619249e0c05f0d6378ad0e36b5e,45.0
67e270a20e32380799290f749b950b00,45.0
8e0aee736b0ca13d2e4e3cba6e3d067f,45.0
fef5bebfcd96024d880aa6a0b9b16cd6,45.0
bc3d068a7062de50a2199a7132558eac,45.0
d34dcc4103ad615f41797c3b3f9268ac,45.0
a4700163c178904b20784f35ba0bb2c6,45.0
df0aa5b8586495e0ddf6b601122e43a1,45.0
8aefefb66cb5293d6193a83ee009ee1e,45.0
145937105270f3b4c5fd6168e12a3b01,45.0
3b071474c089226e0f57cc29a00ac6e9,45.0
1d3bc71558bfe150123a7107517e2edb,45.0
29fe12563a56d3735707d3faed2c7292,45.0
976b89f39f6ba6ac98d956bd0a2a4d81,45.0
dd0e4fc2d1068601b0bece5edd3a97de,45.0
7b93c59b41a915ac1fe5338498c53244,45.0
cf2211a4919cdc7a3acac6bb67e7d5b9,45.0
9fc8572c7cf6582b01f270f41429e1fa,45.0
d904dfc6aacfb0ccf2f8c9dfb90d21f9,45.0
ddf7eddfa863931d992313aa1b1ccf79,45.0
4498e0fa4951df931bc990d233493cf1,45.0
61c25529de8b4b286ad86c5b89ef1f71,45.0
a42621f6a9708043c1057996263b71d6,45.0
daf48d46f02781281caa88f1ac967fc8,45.0
722a4e948bc8a8a02e9f1ea192e2052c,45.0
e8334d453a2049e7a529d772be66ad61,45.0
1c489feb0e580cc8e3efaeadb2a9caa1,45.0
5fba8d7ca09f3a20f54ce1b72302f95c,45.0
8439dffa697f30f666bded158980bdf4,45.0
f7398fc942c8fa80e5419ae52e49f7fb,45.0
fb6730884fc4466765ef8619cfe90ced,45.0
29deb00c7e695e946f532b093ed6aa99,45.0
6afffec73f6ce60406821be4e59a2575,45.0
b3f8ef83c79e155520e952c088ba761a,45.0
98ebf1c15712e7bc455d7cf9130f3f62,45.0
116d78f44108f799b1b11514ef84a6f5,45.0
708932e8e8ba10ae0e57abe5650ff985,45.0
3c5aa62fbe268c0beee7bf98386b421a,45.0
86e9d6db0820da6b4a3bc4a3f0750f73,45.0
e9c271fb6124f9984885577e35171ef7,45.0
a4c1c5d47a7f61ca2fb8071d393d1f3d,45.0
7d9b43e7df40315889242979a5df7238,45.0
0ed8f79b96a41210442774efbdb29d7c,45.0
0e120432113c815af27ffa919178b3dd,45.0
14b4481ab4592a147a50d8e3a2cad173,45.0
b9ba7233b3513f870b7ac3a5e0130234,45.0
cc8f009a3720198ffbe68014fb567cfc,45.0
cb656f69914f8417a01d030d20329b17,45.0
c674fbbf227a2a5b3b49f02d259954d0,45.0
b74f0b9f1edb86da06a9c032d80fd1e8,45.0
29cb486c739f9774c8eb542e07b56cd2,45.0
0658d5a2ae9ee0fda5faff1eb552fd22,45.0
7795e3faa6e16fc40aafee568b25a85d,45.0
7a70359d3aebf020c96e6659cea51b35,45.0
f5c3ad225e5c12d6a5b22e684f73c907,45.0
2898ee8f9f048436e1670a95931fea69,45.0
5c56c46e8b5e5131de04d54306750efc,45.0
9cf3794454b4f859eaacbd7db13b7364,45.0
4cd1aba36c0408f9dd728acb8e7704ef,45.0
935c0ed9a9cd571dbaeb21bffd9ccc40,45.0
766a6ccdf75ff20205b37a6294bfb681,45.0
a7daba5883cf6ca3236db2b589f66391,45.0
c436e7d0f83e0e21fb874d8944eb85a7,45.0
bed17f0bde69137777be0819befbb612,45.0
5000d9435b568ae6a327ab304991ff9c,45.0
ea86242f8c6fc6365cee8cc371065560,45.0
8566046ddc5576ea3d0657485970f5e2,45.0
2780a5c4a40f30e3fb695bc67c9c782d,45.0
f22b0df1b7a5bae93a61acc0a0029488,45.0
812ae5f51087e46a1c491e95d3baf5e6,45.0
ba51602010a37a575ea1860756b5c356,45.0
e55fd60ea85893512621b41b19feaedf,45.0
9678552c6248a9fc2cbd38237a805243,45.0
5f978a59ff0d88d6c665ec75ffa8bc5f,45.0
c8ea458f86241a133acb4d7ebad9a915,45.0
20c0da17ef6a3f47bdd0fe12cca32300,45.0
f2f4eb1a9dd538dbe28987f5d42e9857,45.0
4d5d0a06d01ebc9cfeeefb7201a8d312,45.0
576780ffb54b45ed38f27fb4349de91c,45.0
02dd0797daa7b1b91de2b24bd6dfbba3,45.0
74fdb503b54edd52fcce38bdeba37406,45.0
f4ffcdc0d33805e200b19ab444f1649c,45.0
781bccdb02a5f9354d90ec2abef29b11,45.0
73d9f32ef0104fe1b3203f711ca28e7e,45.0
54716c2e6afa19ff56c1bdd26a3a220c,45.0
3537e21321dd0d2017d3a536dd8fe74d,45.0
4e1466d23cf154bc57e343db77279d5a,45.0
015f98a7155c15075a5f77a37a8205ed,45.0
1de2313ebfe66d1b2d556ba8e29266e1,45.0
ece53d01d909f624beff12b089724fcc,45.0
3318893afb474b7b706d3f99bbe7038d,45.0
e05edff63cfb055873bb81627f6419af,45.0
f1d702f7f5dfd71800d4557053a100ae,45.0
6d0e4977b6c66f02151b69c461845724,45.0
06a2924116558070913fd36d2b01039c,45.0
c0092febd2a5b6716c8955d6a2bc60cf,45.0
4ad7136fffe9282d54b70dddaadb8181,45.0
ad5867d5cd9e1efda226a9b6fba182ae,45.0
9131c8f842bc6cf0844b3464a4205b02,45.0
24db1335c37a942bbb41f129d265ae51,45.0
717745a08d23a23e66d92be837d3719a,45.0
be88dc73b3e496fbf231093e12cd8322,45.0
6cbf986a2e2aebe93c7f9ec8e598882f,45.0
5ac248f34549732cdb204497ba80a838,45.0
3d5c479107dce026a67c0a78ec5f87f2,45.0
c508ad14bc3cde5d1e0bfca7ebdb77cd,45.0
136d3cfd01d32911a7fe50d5d965f1e8,45.0
b23c436d080c30100d9e7572b6be1406,45.0
8f1d0358a348695533891708836a34d7,45.0
bb149453a4f23c32788b5bd4d8ed7151,45.0
0832c8cc1659c444cbc48df30ed59ec6,45.0
73952c491dd6ec53fcea1d31238cb787,45.0
73c96542370e29c3df46ca13fd868b31,45.0
2ef0f7f70617d7905b13028bf5c25a30,45.0
49af8d1256e91058af5b255f4fbc0e6d,45.0
63155d2512ff588adce41f3fb43f6a6d,45.0
572637e89769f5b93fbce4dc65c10057,45.0
11b4c341e6819caf09cf9558ea7fe795,45.0
bc3c6f4b68fb4a5115f293e428469a6d,45.0
f9a0d03e126d03c30a7a1b526137338c,45.0
d69049b6e88258a24347911b615f141d,45.0
41057db344d5c62f0d22fa0733b8465b,45.0
1740e3a23255d4382a29eb7421b7605f,45.0
20fed89d4e154ab11be0d7dc8550a980,45.0
4cb3cebdeb4cd995bf7aa8d6a2311734,45.0
911ce2749529dc52f4f4b75ae306cc42,45.0
9b020fa3af617070b8d9988c2aff7fde,45.0
b64809e875690f8bbd63c3b726a8959e,45.0
d8c707272d713759bf254e1a9bb9748c,45.0
bbdc192e1ac894026ba32bf978ac2b8c,45.0
5bd633b3448d980bd8ef8f7c93ccd570,45.0
ef2e2db30b8ddcc38f5106667b554b51,45.0
4fd357de57be7921008c8d42b488dad4,45.0
a53fee4888ef7b6e6743bf4f9a0b1bd6,45.0
73e1e70b645c6ef82dda64348a5c2391,45.0
60a55ff24010fe2ddf59b2389d868496,45.0
630f64fb6bc2a53c0e5d61e03761e5c4,45.0
152985734e3a52cf30640ea5768f46a3,45.0
44ceede9e72823df1130be3bb7996635,45.0
f0781957f383921320d238faa1255f4e,45.0
0e2878d61dd863e8248ad17dd98208a4,45.0
b9adc12ef366185c49b6e5f1429ae194,45.0
02d6ca625564571402a933db8fe814f0,45.0
c807ea41bde178a5ec5a855a6c7105dd,45.0
28da6d6b120a1ac64b7e1ed3a287c336,45.0
03561aef46e7dc993d752d9edf39d31c,45.0
15e87cb079dec7c4a10b48d560ecfe4f,45.0
68d54b6b1f24a481a2f472046153c118,45.0
689b6c41f6bd5339d3cb70b71ebc2f28,45.0
a75ce53e2f73a69bb0b4d5d7e3452a21,45.0
51dcfe10205819fd2d3294782a1065cc,45.0
c8b57f80f80e9d624179e71107b48c40,45.0
1b6a67fd94277eeca30eed5df67013e0,45.0
5e846cb3c229e358021cf10316c72de1,45.0
96af3e260a7136cb9913991dddd326aa,45.0
e79f0f134f65def68b2af1eb9969f58c,45.0
4b2a0b2b3353645e4ce664ee28ad51d0,45.0
acc559579aefad3c725ffb1b7c7e4c45,45.0
ccdcf5a3241fa4143b5e8e92199a5c4a,45.0
2e23a2f3eba4b2ad0f263c2718865f77,45.0
08a4e770189d6ee87c5d3b58f9f191f2,45.0
00be672c9d26099d6fd918cf76a4ef67,45.0
6ec400420639805823251b53496cd554,45.0
a60281bf523e5b4ac309a6456aa47cd8,45.0
5364f18dbadca7f50016ad6da7a39436,45.0
3779bc83dd081d3bbaca961b1239d1c9,45.0
72af9484e9faa02bf36e2f33e92d918f,45.0
5217eade2003b9612ac2aedf5fa1369e,45.0
6069f4c02e379b61ef014ef0b2fa3b26,45.0
a8d980404042b0e0e8c75c965f61d036,45.0
1ad07b0c4441e0b5550631b23fc22312,45.0
0977b161f34aad39d8f289631682299a,45.0
72db73a033e83f15b192a35675a7884b,45.0
6ac47e54cdb3856e0162294aaf1ea58a,45.0
34b00598403adaca9fad22b7d6ceb960,45.0
5ffcd627277b345a8ea9ec164c94c82b,45.0
1fd5ecc89ca499a340f0b1e1f4a1fd9b,45.0
84315a49a363c4a59cd3008559516696,45.0
befe184e4eb181470e6063a1a368a093,45.0
7358e2ec1027c49bb741aa65885ee324,45.0
acb9852459ed760caf336f578fe4f920,45.0
17c409b1b344d18246c102be4419c73b,45.0
a80352353b462d86640b2ff29d16a7db,45.0
f5bde54c01457a0cc94cb4d893a081c2,45.0
211a3a4b495becf111d81e66d9b955c6,45.0
1bc79b53aca260fc2ed45c7164266cca,45.0
9be0b5613b936b25b6a08a55ef737919,45.0
96f7db3d99ec562e13488b381df10db4,45.0
785f931e1fbc5a6c01782f59d9a2fe42,45.0
4ce4a86c35b3be558433a12b6f55ffe0,45.0
883c939afd787c8b502bf3e9006cf506,45.0
8b44866d1a919a20080812529e2a49d1,45.0
d29e34e0b9e141455f908dc011d564af,45.0
f7745233611313075d6bb50c48c2927f,45.0
65a2ba24925de9690a89ab47d1ef8448,45.0
d568e7c764fc3d5c0e80e8fc3da3249b,45.0
b0bbb9250aed344a101ebb4afb3d0c10,45.0
075bf71fb03ea50d4da3b57efb26ce30,45.0
f70f9a6ee135ddbbf3aade75c81d8dfd,45.0
cb239c775ed18e6c80506625d452c869,45.0
56e7dc9ec7db12bd7cea05083b896a5c,45.0
45b7888aec363575f56da95b698c465a,45.0
110c3f74110dc10d18670b7971d1ff31,45.0
feca784ce427334208c8df149c58bee4,45.0
50e144a731c36643ddae31575baa5c6e,45.0
2b55426d5464b65507daa9cc60810ea7,45.0
48e2427ef06f7b5f1cf8d41ff5ca805b,45.0
39a3a09af913e6f029e2d845fa0110b7,45.0
00a40841820d0d2a51c5fc110eba37ed,45.0
0b72a424f7acaba1d898d56478f9d964,45.0
4ad9f3aabf40e6cbb73c0511aa878c7f,45.0
945de19aa8e05f7328c1de8f7a7a048b,45.0
be50a8c2140362bea887b2f59782f8ce,45.0
260a925a4d30c66d5071904b183c989a,45.0
ab53dab22635ae74adb0baa0689afcc0,45.0
2e998a151ac7a977d4a7e806346e0092,45.0
a1cb01f81d6e4aecf00bdd53b74ed3d2,45.0
2bba08cecced69b889a272c194f805bc,45.0
f0841938472e5ea8557e9f2c19c44b70,45.0
1bc53b9a233400e4060e63417a8b9cc6,45.0
1a0c96ced5e7fac875e8c00f9e3fea36,45.0
4af472ab3d969ee3066c37f7a11b7f62,45.0
efba5045b71698a3f669f71d972521d4,45.0
24917ee9726a59cf2ef319dd7e68ca7c,45.0
2ad23c1ae8b1bd75624c1c1874f1fd6f,45.0
cde1b71f4b37b969e44a3381e9ebf736,45.0
cd1db70be6305028117a44bf0d472ec8,45.0
f9d405f30bf0a93bcf5de8eabf0fc4d2,45.0
2af7929f6d6289798a0836e5b350d77f,45.0
d5114ea20c2a52447a40aa1e87bfd5cd,45.0
94fa18bf8b6c02db83202ec61b48778d,45.0
390d6b4ec75d23f0b453e3b7374db5df,45.0
1b1db207b5fcfb3102a1899c38c9a9fd,45.0
15df61aa45e8b81407e1dbcaf8a975fc,45.0
7486e979006d7e8197f5d0fdebcd62de,45.0
07dae321287a775e433119f7cc3a774b,45.0
edddd8420d4baec0251cfaed38b577a7,45.0
37751e1671512ad89943d1615b563b1d,45.0
f7896b7b7659fd071aa432e5b2c30c90,45.0
13f6a00a74008c004462cf5c90e11f03,44.99
5f5559367c34af05d2b0c45d01b768fc,44.99
58d55fca78d596d757ae23b467860fd4,44.99
3edcc2ce4b20460caeea3465d1e8c595,44.99
7e059909ea55e4548694d7da1ee6ab13,44.99
1234d11db7afbb4f3e12e7eb15ba911e,44.99
d0351a281bd2fc06bb2fe8c9daac29ae,44.99
97cef017d1cee0f245e0659fe8694f90,44.99
c88bb87e5a5cc959ebe4d45dd8946927,44.99
c826769f5a173716a0a9dcf4867bc506,44.99
a1d79dad5150f0021ad8bc433364aa4f,44.99
49ff6d6e358e4b860a1a8110a214472c,44.99
6b6ac61e207ee133ec0bc98a3d94077d,44.99
fa02521db66aa21f86affb23282ebf15,44.99
9d2f95cf28f64788972d2cc5c5a15272,44.99
68a8eebc501a239f455bc02b4847baab,44.99
63fb7a6bde3a209ef4d4f91a4be96798,44.99
27e8c3e96456389b7fa9c1037960ee64,44.99
75da525f908b9b1cbc1ec7033eb09b9d,44.99
d2a2f7b5bb7f3843a5ca837a7c81cb41,44.99
8b270578b825aeb45e356403928ea647,44.99
7c15762ae09383a4684b58647065c926,44.99
9ea84417bbdf3d03fd7fe34273d23630,44.99
b9ad88365f35c931dbbbeab892857006,44.99
6b1ba959402bb8fb18cff99159492645,44.99
ed38a61373fe3f09c5b76fff2c550312,44.99
d17803f0a15f9db0388bb5c274ec1e2c,44.99
528c4e8a1b6092d20f796e66dd90c3fd,44.99
854f3b49d15c07296cbfa18bf59d0b29,44.99
4293a500bd3509394b698c1cee625695,44.99
f2df5610e57acbb50214fa571d833bc7,44.99
875c18043fe95f680dc49e0208734bc6,44.99
37b1fe42b5b139ba20bb3e514809ff6c,44.99
e723347abd63dda9f04006377db3a9c6,44.99
dd65816219cf87a2d9a157a7c6055ea3,44.99
1580b820b625635d138a7995ff9e5ee0,44.99
b388b2797830d21dcad966b748af7a9a,44.99
ab8f0f8aebb8b6b7369a7aee659fdcb1,44.99
1ee7676535dc405dbb88977050668100,44.99
55196389033657d42779d1c1651c73a8,44.99
e0b4c1b6c6de01d78862c72eea6b24dd,44.99
429ef9e10d6d02b19a69ca63ae9ebdde,44.99
e357a44465bc787540234e05fd9e379d,44.99
603b593ecf6cab6b621a15778354688b,44.99
289a64e033df3a28829191ae385c7004,44.99
4ebf1d89f4d3896e546f40e32bb1edde,44.99
e333a179b5ac600d294b441075d3de4c,44.99
68fee6738238719fc44935a11806101e,44.99
28594c8bc3e44b319dca16d1bae86e59,44.99
627fd8fcf2921732e388c6d31005ba20,44.99
dc94a81be8142f0004efb222f85ba5f6,44.99
208096b174831ee39a5aa435673d1be8,44.99
f06c239f54f0eada75efde2a030140b8,44.99
5caa99c6242666cd98a7b02e8a8caa50,44.99
1f6708446d3ea27208d14ace89a60d64,44.99
ea11cf81bcd2c846643c2c426546267d,44.99
bb353d9d6ef62e408ababed4b8fa6c3b,44.99
d0522dd7246e11b31213cce1c3215a24,44.99
c9e25c0ca23edc17c193b970556e84f9,44.99
39eda8beee70b851aa9ba9040fb44615,44.99
a6dd18d75d07b8063bf42387c5fec9df,44.99
03376f61962efe4dccecd7ce47dcb511,44.99
86d870bc6aaa37f7c193f9b2d19b8015,44.99
3dd7e34382c3fae6bd89bf41b2c7c291,44.99
d5c2ad00773abc9e718dc31789b7d4a1,44.99
6f674b7499f63f1fccdb6a1e75bd3de1,44.99
97b4c5d7cc3b98f5601cd8f44a67432d,44.99
993422eff8c6cfaca2c04adf2b097296,44.99
aae0017ae58ba5d5ac3a167b01a43f75,44.99
b4418874f366f5fe207f706ae11a7294,44.99
2d5831cb2dff7cdefba62e950ae3dc7b,44.99
d47db9098abd035789999ed3185fb607,44.99
167f125b0d662c28bb27ee76de59b079,44.99
ad5edcf8926b909a6d4f7a5290c8c3d2,44.99
a75491ead2b5fa442815f856912b31e2,44.99
d61a25bb79ab12320b1c6a873f3eb1ad,44.99
e42e2e8642f9c09100b6667e321c2811,44.99
e71b7daec09cf1f42e8764868665e5b0,44.99
c66283ab8b63725c2be75ddd50c93552,44.99
08c79ba38eb563126e213a0a764eb7a4,44.99
9a8735b720b7a1d032dd4210a17c08e3,44.99
9fa02e8c25bc8840ce5d37fc672ca660,44.99
f564b9f9bbf621efb4ef205c439ab559,44.99
dc0c6d3b529e7df590a6a92ce5fb8343,44.99
25674af17e538296b83b371c8c0975b1,44.99
bcd6cf41abb52c34fbc0c481bc144eb9,44.99
70fbbcd5673a81a5827edcbb5d3f2e59,44.99
d93b2f43c04f810666546ee56c4443f0,44.99
91a7ce47b2a4efba5d9fdd77f8e38fdf,44.99
84c85128a1b73db241b00d2e02dd7a0e,44.99
8374fbf96094afdc664cdda8aa062633,44.99
397adec2fef33872b88f158c0317d5bc,44.99
e638f067a831554289fcb4b7b1316cd0,44.99
07201c202bd91a87b12e55216d2dee38,44.99
cac2887e5ce19f87ea3b5bfcc51dc9aa,44.99
cb5ef95029aa695df3bb2d8e454fb78d,44.99
1588ec2728805bccb98b9bc3c30c527a,44.99
d8561449c954e3627bc7d836aef3f5dc,44.99
edc72f4b90998056fa73a1540ac41191,44.99
5a04d48281375e12441c83a2de43fb0a,44.99
8b61f03aad519c33af331948c576faa9,44.99
eabddc7ba2dc071e70f20c9022a79ece,44.99
a79d3252e4c023b140a52486dcb0a916,44.99
945080eedd200e670d94e8b707422871,44.99
ad55d9bcb0f228522867e22a73cbb7ec,44.99
dc3f2b2e116e5ed21f4c01e939eb48af,44.99
7e4daef1d8ced5b3f61a3de8b435feb6,44.99
9e6b8ac2dc1c8ba93524d13cbb88eef2,44.99
a2f0e5f633e77e713c7e49a836876c78,44.99
bb811a83a0a68c5e92622c1998ceb887,44.99
a21fcb6d658ec7eed4d41d174cfe321f,44.99
91d550a87b17a1b1e35fcc00afa8a940,44.99
94602ee2b2723266d391c94e7d1f4d89,44.99
8a015b4fa3389fdb62c03a8c012af27a,44.99
f6c383cc79b182ce1550bc57504941c3,44.99
b2fd5cda6445986a32221a9a29897f67,44.99
10a59de74df59fc077830fdd95db4a56,44.99
9eddb5f454f963c83a69d249d0c2415e,44.99
8860eda9f0c775c17cf854564eab3418,44.99
f4cf791c1b6a500f0140aa4cb7503f8b,44.99
64549f169466936ef8e0edde57ae994d,44.99
08491aaf9ebc80af81d0686bc9b327fb,44.99
8c183fed8b3aa46f5f48699d23ead483,44.99
8b31c427777a285b016a851797b2a21d,44.99
553ee9fd74f79d17eb36a817a4873ca5,44.99
9af8912973a0e63ecdee99da3c95c5dd,44.99
d367c5c78d7c17bff967e788d84518d1,44.99
4d02b479bed2ee6d0af7d1d2f856b9c9,44.99
39185bd4718b6a5459a822c7698891cb,44.99
bba22cf547d984282a0659bdc21b832a,44.99
b0a36c4a0a2bff86d12b4eeee99bf958,44.99
25bc0175958db929618e5672430dbddb,44.99
9a91e91d2641f317000c0b597097eb70,44.99
e4fa6a2fb61edd0f84192b54a26c3b4b,44.99
7cc4123da344ba5ca2fa23c0f7903fce,44.99
63f68ffa0f446541d46ab78adc2c1a20,44.99
658803300e83c073de1a1f06079a0328,44.99
f5bff9c30853ac89a583738f8fa7dd86,44.99
73e6e89844bbc555e4a14fd04d48364b,44.99
2d7f2548519dc39706061705dfefff51,44.99
1040d4f84edfeacc8484bd46011c6aac,44.99
ac926e07a87099320471974fde3ca6d9,44.99
ad02be9a3c992f78bc890f2696a0493b,44.99
18901d6dc991f0a3f8876d75185dbb45,44.99
f2f6ed8d98af87661950716d6c148b80,44.99
e493823975dd4bf5a0b772f2d5c5c780,44.99
d7e0de0dc840ffdceac2f485e78c0b3f,44.99
d5daf7ae61b3e1e9de715d658bbb0133,44.99
60c2cececa9f77296d64e5a4def548e6,44.99
9d8c01aab0d2735a5331ed317166cbd0,44.99
adcf20154e399679df12c29179fd8e44,44.99
7a30312430d50a32a7977af30f98100f,44.99
349c4a594c6aa6384e7b42ebc6d10856,44.99
158195ad490cea5aee2cd7e3e85fa3b4,44.99
c5827b73d67d474d76a268f0dda54396,44.99
e4f83c2e0670d9857f2f19c2b5dff6b3,44.99
4d13014c8bb7cd5fe2d9df4ce2a2d200,44.99
e2b74b49a5439ebfc7d2ba744ca029ea,44.99
b50ff2e9f7bb2c795fdd768b3a3b205d,44.99
5fc3699e987af1cbdfa9b6592c6c9cbd,44.99
93e8a452cb11afc06b4e29ad38a2eeb1,44.99
019689350fe9ec51d6d9fcd76119e2fa,44.99
33b601e9d2bbf7984de7b56271ce826e,44.99
1deba485fcad64cbefddbe4e64b55bc2,44.99
82411b1c1ae5e8a58300099f7792f72a,44.99
61e4c5b188a03022c0b1c76309dd5187,44.99
96f6f0d6c407d78a7b0df5999939c03b,44.99
7c54c02a524ea1aa3e14523144919588,44.99
2e273a2e17845c4e82d0e4f77cee91af,44.99
b1c0bd0ef7a4ac0bb37c4f2cdc9c30e6,44.99
1bef529baa69f231b14112176ea31608,44.99
7cba2705c01b76fa986e0efd815d3b09,44.99
ccd6e76019d2015085616b277a461ba3,44.99
2d4e1d3824063f98e900499acd58e464,44.99
591ba9118b21ba061acf202b9c5b6e0a,44.99
f4cc57a35bb6051404931c810608f646,44.99
453b036c1075f7deb830bb6205468b94,44.99
f8bb51833f4bacae9141c50c1f726c30,44.99
d3bd738261705a7ca540dad36d95623c,44.99
ff4dfb2525a749384a0e31d68625443a,44.99
fede16cecec9d02f2959cc9e262a4ec9,44.99
3b704509d9f2dc2bda994980f4e94f59,44.99
3718e1873d5dc3e8d96c0ab783278b02,44.99
996ebd04fae62e927c850d835a95b693,44.99
35c6e01d0a534d4b583820e1c37da893,44.99
19d52c17ee7447aefa1782d6fd9d580f,44.99
df27b2625974afb5aea8a397df992f86,44.99
095d1ff35f7db6828a8438d87f9c1b9b,44.99
3030516cce1e4a728413a9737fc3528f,44.99
11747a292c140f3903ae179efdc9b5cd,44.99
779e0edac139514814022d578f355a1a,44.99
caa73ab2b4679f1525c5d8281a7efe2d,44.99
4e7f50e38bd6c41ce61f46ab4435f0fd,44.99
a280ca247884f51fa75900e6cd4b17a3,44.99
a46c4e25417e41645e2caf1572bcdfda,44.99
fc2697314ab7fbeda62bb6f1afa4efcd,44.99
ae97ff778d5b40f6848124bdfed21ae8,44.99
0c7ae540b88a62ff59ef9d1602317254,44.99
9f8e23f657ad77d3dc2139be3941a58c,44.99
7764d602fdd5147f4d58d98816abd4eb,44.99
aa7bd59e3fd3e858e9ae5e3f2954ba42,44.99
ac4fae9ec5c19c64ddb7247212927864,44.99
ce6d32fa00bbae809e07c14126e5fa6e,44.99
d58f980a3110c5ab361e0b110ac333b8,44.99
4694c7d85c3059f4b5648bf4e2268c2b,44.99
93b618f344f57047d598681287660c5c,44.99
6c191073653ec290df17ea5a93878808,44.98
15d17b993d1a4710e1d4b2718b2f1821,44.98
218bdff2df7ac32907c87cda2061e9df,44.98
8cdf3897078523bf6bfc1b039bb3e71f,44.98
6d57ec6cb7ed54490d99bf28d64aca94,44.98
0ac2d5fc64bc66aaeaa727022aeb73f3,44.97
333b7d62978a1cdcc338e2545aeea45f,44.97
e5a425ad8699dd021f97ac837591cd70,44.97
674726e22be3793ff1ca03835381d770,44.97
20f7a1d73d2e7411457267a2218d66e0,44.95
058f3fdd496fc2cd91c21bf8fe4b1a29,44.95
a83fff8f9329c20467c26695d2be23ad,44.95
b70df5d8ce13c932735c5718395d1e54,44.95
b52e38ce5f71c622ea7c45311c970914,44.95
4d5ec5f9a122fdc16f7913ddebab2cdd,44.95
47aea8cecc6638f35d43b8115a23b632,44.95
dc0c77cca2f6acb682827975536a6dc7,44.95
39a3f99c51f59150cbd4d1dfb52603cb,44.95
579b6f64ab4ef6bf5a843206bb419bc7,44.95
b7a710ed2201bd2cbe88944e34b40bcc,44.95
325bf0d681bf083e68bc8aa53e1750ce,44.95
2958f7dccf3976fef64e82ec6d3b562b,44.95
b3d7fac705120ac1aed5bae3a5abec4d,44.95
aba0612f1bda6131d3058084c31511ca,44.95
5feaef06445b3f3a839c7f66a0197ff8,44.95
5300b7cca80b30599f42376162c1c97f,44.95
234a9c4a789ea5dc38db5beb628e4803,44.95
e39da63e35dd7c9707e9870cba38e450,44.95
76bd923751cae856a286b6b98a0350a0,44.92
382ed284feca2ca4dc88196d0fb6b420,44.92
e5687fd6aa92cc5259ea61218a57e07d,44.91
2e7f1714b75fd474ed388fb5d6b543d7,44.9
c6cdda931e94d2a4136ea836c96e43f1,44.9
fa74ce9561e3e49b9c38a7f34faf0d9b,44.9
463f511566778c137e18a75c7882c055,44.9
df738297a39fcf2ccb7a88b29e3781e1,44.9
2efaea6a947384a3363192a15ef3623e,44.9
33fc4d0bc9a28d73dd0439bb9e93589d,44.9
ed0058629ce30eb5d840ce1316d094b7,44.9
c34f4cc207de4898f1bd24ee8766d739,44.9
4cd4cf2921175976eeaece9ff1d03958,44.9
b25246d63db3c169e8d3de60ae2fb30b,44.9
dbb1c3c263d6de50cc802113fc0a8484,44.9
2a74cd12881dd01da6e6bec1b861a808,44.9
21e1730d52b736bd20ae6c338e2d52b1,44.9
0e7393ef1ebb20126cf9f31cf7259302,44.9
7dd639cfda3661ad77858968c9e8e625,44.9
781a3ab88167cad21622409d2d9209a9,44.9
6ebe634952fda3dddb9c87839a3b024e,44.9
b100f8f55ea9f4dd222373cc1d5ff5d3,44.9
0b32a6f8b47212b01768e04e8a3bcbca,44.9
eaa1ef917dc9cf52aaccacf9d778cdaf,44.9
f0f97266247be04325dd7378f92d920f,44.9
071ea3439c8c9148700ba643a50d0875,44.9
2fb547e1f38b78f5f2073b68ceee4f53,44.9
656c94f2310f24aeb13ecc4ef2941e3d,44.9
7ecbbee802d80c24f32bf5945c1ea36e,44.9
5667ce9b9fb068ffcc82902f8ad64c63,44.9
a74b3f14183cc1bcbcad43ae2dc89bd2,44.9
0431efe603d40ebbd845a573ba0e25bb,44.9
553c9508cf896661953526c7a0d46e66,44.9
ba8500c671470842f0088c47e386eaae,44.9
b05b1fd9c1286fb36afa6b757c8607ba,44.9
c42eeec226b4a998f0655d5bd633cbb3,44.9
43b2b1e92aa657113661dae48ca9e17c,44.9
238936b5700a697c2b7de970c54b21c8,44.9
ac4b4a298cc548e582d5dd09eb3a9605,44.9
ea416f195cf2061d48e89e8609a0e85d,44.9
1755c0ab132e1558aa343d3c666ecff0,44.9
61b81e339e3b1296970ebb2e791b2cf7,44.9
ad19729359871232cb5b33a9fabc1793,44.9
885e3244e80c203942ec9413d3710388,44.9
241f39fba4b7707ec98ec5c226d7a143,44.9
35f840b076d79718e004c0951fe0f435,44.9
a810af91d0732c90a837e4d5e7de719c,44.9
b8804bcdcee635741225404dd39fca68,44.9
2a5db970e34751bd6d46689aee5710a6,44.9
c69c846746a623c12b98b6162c3dd725,44.9
baf986694ca78eadb2db3922ea0d2e4b,44.9
fbb076794786e1bd0a1e33eb71bcd595,44.9
fe3a33424ba62cc9aa644a82fb4b7c1d,44.9
08efabeffd06ee1f8e522463f98370ed,44.9
9178cabd7df6d4cb5a328a79f0106814,44.9
b195b30a0c289a41ee810335d3c06364,44.9
71dafe7cc5b908c3d783d6d0e78e5c4e,44.9
359f96dc9ce1e693327d4fe6060508eb,44.9
bed2a32eb38ba91a0e37af99439f50a8,44.9
c752a2576a1e3722cb2332b927d4638a,44.9
24d4e44edd8929a7fcec074b019f3e4b,44.9
559c7dc3c6e74dde85904855ba4160dd,44.9
2eb54b8e77743e0741a56d5db935f28a,44.9
7bf47e48aa2caf8e26de53b596d2ed23,44.9
20a043e654e799b1b633644c0f1e17ed,44.9
4bad1bcf3f513d32f24e947e4aa23220,44.9
4f94061eba21fa299f68bc2a58da138f,44.9
5665039481515f466963672ab6a5c743,44.9
d2d1c74bca444a6750b9ac7de001953c,44.9
2dcc6320aa8ee5089a03d1d6c317380e,44.9
7895ebfbdd8fc2dacfde641703e4d481,44.9
707aa8fd8ce6c3562a0ac2e3c98d18ad,44.9
29595f742e9d97c97b688cbae3d8f175,44.9
12086658a24c5d25b21a4712a3caa85b,44.9
0c03776e54dca1457ed2ce839749eb4e,44.9
01509d555b8b6775f5847912d8c52d46,44.9
09ee6d919f1d6e927ada072ded4ff82b,44.9
fd18e47a1f202967357c8d65c4b4a2ce,44.9
5cfe32da5d3a6c6cc7c169d74da8e100,44.9
b8c2d8bc208411b41172e9bb30aaf510,44.9
3e49d94c6d8ad4a1f5589db832772317,44.9
494d0c71dffcc8d13d196e637a65cea9,44.9
7917fb9df8b0003b3a5cf652bb08a710,44.9
335a327d8f2f15e0cc36a493218b1c30,44.9
bebf28180d9c37aad1ee418004188eec,44.9
65dd345a83fd68cf607c3df70deb40df,44.9
eff8807bc98dca3377b9a74b2fbf24d9,44.9
1addc7d0ea1d5587f4cec79230ef78c5,44.9
0a2780550bc97fe90afaf6fd59934a86,44.9
25ccc8892b50b757c97528d1e2c0c415,44.9
756b44d886451d4dbfa82dfe67ecf0ec,44.9
7382178892f1ea46099be9e80c5f3736,44.9
af26f2c3dfded71c46a19536d9d01fe7,44.9
08cc70c459fa8a8aca0c4effebd8d083,44.9
9d24da812d664a5335e840b0ddabbf34,44.9
4e22a7cfb58d715b470fc91745a27960,44.9
31781f419af2c8f79d4be4a88c6fa600,44.9
ded2993a00761fa35d58d28befbfc0f8,44.9
02193de2a9880973fdeb02923eb5fffd,44.9
60a8ec72dfc2c7c51c5983496cad1dba,44.9
c45842da0f866f6c40b7ba3f7c1aac20,44.9
86de6692e6fdfad3c3221414dc73d4a9,44.9
1927d58a31e9efbc7e2453bec0071266,44.9
09fdefd1702f72c144ad0de71d639900,44.9
90f77c9630d127a6ebb6d17c161c758a,44.9
16c9179622cbd53ac83895bd09ea73c2,44.9
65abb78f4472a6e1b67e687709e00e0b,44.9
d4217fcb991f5bc95ee2f5d7fd903cad,44.9
1bd497559d3bb2d34229b14d520878b6,44.9
1e27003e2be80002823449d52e6d6f95,44.9
bdd3a5816bdefe796314c23a22f42f38,44.9
349b2e9e2e79369510631a8c2cae05b2,44.9
525bd2d51afa1e21386ca55e0d0e2824,44.9
1266651e5dfcd12269d5242ab75b2064,44.9
34be6f90979b8a6c6b881e48bde327cf,44.9
54f755c3fd2709231f9964a1430c5218,44.9
3c5de2876ef848c693b452c96cab5d13,44.9
07c05ef458086d53186e393b919ddd0f,44.9
6d5a8a61907ca7455a4b282be18d298d,44.9
92285799f0209081347b519902d62ebd,44.9
6775882273c160e7c61df402719d4ca6,44.9
446534e8b38119df4034af2e076abee6,44.9
15c880e1f17fc30eeba82fa03a5446f7,44.9
7e665bf60370543be4e0c8065f1f014b,44.9
f9835897d532524a6e9686847d4db4a7,44.9
a44c6bfa12787e807a919f755419edcb,44.9
817aa876d933bd2806295a5e44ce3f85,44.9
1dbb874e6622e11a5b78fee2bd2410ca,44.9
f48208eff9563f993ac37437d8b72d35,44.9
c769ff428ee9e379ae96258f9dafa4d6,44.9
b1ff51bd725d9c52689b0cde47656bcd,44.9
4b3a42c7c4431b53faba2d6b0c33f5ab,44.9
5271dbf2466ac47f5a7cf3d845a46d1c,44.9
e69c75ce4177217f4e9d1efe41c014c8,44.9
b0d440357ef776fa982ac15a70502374,44.9
8b3b03fef783fb837ca0b86a72b2e202,44.9
d0ed3026781ea98675bee30e3242bc9f,44.9
9c3b462284d39b618ac5e63df6badf6d,44.9
91e56c7fa4f3acda6098f2b24cbd43ec,44.9
4d47b7a61cf3d32d4ec12b531a57539b,44.9
c294a79206604acf86f110a45acaee28,44.9
dc76f8ffc77e7e4923f58d9b49d7fb4f,44.9
8392e3d4cfeec63f2a8bfea68bf1f91f,44.9
ba2ec26643e8bfc429f87c86613191fe,44.9
4805e7338e8e237fe634d628e5be2c51,44.9
3657140e934d7cae7060c6ecf02a3a43,44.9
a09d60347e2da4735fdbe1ddf07eacda,44.9
43a4843581b02e18a6ffa2745b900249,44.9
9e0178d087d4ed2d63d4e774a9d761ee,44.9
0941cc6c82ccb3ad29471a38e6a8dc04,44.9
73a8c93b316350e98f0d0804293f2c27,44.9
45f02458d5f699c5276958a087f40e22,44.9
55b963cc1b4611c655ed0dab98bc4959,44.9
d1f7890d6787b21fbdd581ccc43e1d73,44.9
ce210e14256d0dea4b6b487c2ed032d0,44.9
6daf71f05c643906def34f056eab995e,44.9
f28fb14c9045cd9dca3f92e65691bb8d,44.9
95605e9f0efb9fd315e9a784389208de,44.9
9bfe7794e18a8c329058e8a117cde1f4,44.9
a06d256918aced7588c2acf33a4238da,44.9
8414a80d93d8f959167a33bf4f3e9a65,44.9
d3f58086beeedf69f3244e74a5c7a10a,44.9
049e8e4f78c32efa4ea436ef3c850515,44.9
ce40e584f62a6cfebb0cc89047975163,44.9
a4e587bca4d55fd1731b6669f531700e,44.9
48fff52d4f4310b28df3862170b83f21,44.9
bbf7be5b7db9baf4509ae4573c8570b4,44.9
08e67c772d6a0d150aabc46eda41b466,44.9
82161fa730414d7236334ed880197d6b,44.9
0a30e5974eb5b071a0b36cfe55704138,44.9
0c01846ac6320d0699e23a6f593f192c,44.9
557e871361d795f870269d04708d885f,44.9
4dce0f6722869e478f0ae39024fc5948,44.9
4fedd71ebdc557d3a1a4bd9375489b6a,44.9
0583253f9630d34b20d3488b14b76349,44.9
623de6c1e2801c6702b4f1d70b72777f,44.9
7a59467e76dfe9bcea33647e331d65ad,44.9
7b7d563426a10b8b26bfc679be70fbd8,44.9
f528c4fb0c9ccd50ce849b2753a9c004,44.9
7173277fd224065c8b8100db8b2414bf,44.9
822cee55c1cbc6a629ed328ae561ebbc,44.9
ae6fd17e07123d99eba9f0a9f644bbd1,44.9
b8e2ff2733e0495f2d4a92032a74dcd7,44.9
eb292c350a17f065fb50299f16b41d32,44.9
a8540ef4631d9b05f5fad9f374f0a349,44.9
b01a34434d0cf0d75005e5162a3b9798,44.9
3e0c0674e2aa2cd249bc32ec8e472d00,44.9
313b86166962ce166569a4da31f25a22,44.9
1c476e17222ee78216feb6a315ef6be1,44.9
a9c6cd6cf9583fa5820d55c21238f78e,44.9
c532bde5e3c7e9665dd16a0ff0d084b2,44.9
42e372fe412d18d9887af5d674b4c7ca,44.9
474090b9b8e1541d8ff3f614fb17398e,44.9
f4514fc7499d3434ea63195c12bfca4f,44.9
794fbbffc8777305f986f63219b4e7e1,44.9
e96c90e9a18c5fca8ad904ccaada95af,44.9
74faf188f41edcb655352b171ee6daf8,44.9
b0a943bf46b8ef2d0e0967066d7a67cb,44.9
970d2db627e9a4b280c51701f45d51c5,44.9
e7f806cb2cffddb308ed9bfd6bf5c5fd,44.9
b49c4f6538fc0ce205ab2c2d6fafcf72,44.9
5a27d245f4b5f27d2c9d26494ddfbbfe,44.9
5c66c2564730b91a30cfc39190fc7dc1,44.9
905bb858283fd4c7c6da0aefcafeac32,44.9
a5bce1b77eb9af9890cc3f9472a19844,44.9
d9e285d36e3ae26036cb309ef5f65c76,44.9
070fcea536fbf0116b36ee9e900f360f,44.9
728199a7264bd80e44707c122bb04edd,44.9
95528671663e0810979dfd066156f00c,44.9
aad8b0ed3c475e0e234da6a1c904e208,44.9
500046bb995c187cdc717c98ea8f82a8,44.9
69bfa1d764d6ec5193b878087fec1944,44.9
44306d7723c799b747e4da79f288de07,44.9
235bcfa9fa0afbb8655bd099ae31674d,44.9
d1ef71e148b75e215508ded729470fff,44.9
d75e4f8cce76867c2c1c1e9b6961894e,44.9
d91f4781cb2fa1f5845b9ea420dd7eb0,44.9
6ddfe4644d853bff46e25a5736bef934,44.9
a5da0afe481e088a06631defb8f9a037,44.9
d573d2e2d3e1ebdf6360fe42765582ec,44.9
edf23d5286e7dc19ba96d4276bb9b3fd,44.9
f60d4f3c75d127b2146459d4c79b92b7,44.9
98dcc87c8e097dabccf8a3f16d976bfd,44.9
32140932420c55308ddd876d2b6d7c15,44.9
b9b285439e0ae073d8700ecdcd4e4bcb,44.9
cbdced3b7732432c679e661c4bcb77e4,44.9
4b754a1c8df365c741a274b751ff2571,44.9
b7cc0d4e8c0ef697cfd7d12d18d04c88,44.9
0b5847467fff3d3f1361491567e6a84f,44.9
68f1d888d94100d13b58f401de3bb5b4,44.9
1b4c056dff354094ffee2ecf97ae4d46,44.9
889e221b1e9864674f860986037855b7,44.9
d0eec32751effe65122bc065642428c4,44.9
0449d1b1afc5212a6805aa3b6d84e049,44.9
bbeb2d228004bb46b49889f614f80c48,44.9
eb40cea0854ef03e33b8d95642ffabf7,44.9
1ac3126c5135c77318214fd99cf238d4,44.9
e4cd7646d181863566d0c48f9d28e81a,44.9
434578b516569304f13fbe1d24226ffc,44.9
917afe7faa23d88a557462c27eabccac,44.9
7cc2f5bfeab9cbfdf0e4b9d29a35e898,44.9
223961a1714e148c0c249487eeac351c,44.9
42fda2d2d454649d39e6ec5c00b4f1f4,44.9
42e12c826887f33a3399c76584879494,44.9
6ac31cf2cdbfde9b26ac301de8f94f87,44.9
9c23b7d709b58ec30527be9dfe96e023,44.9
60c06a57fc591a04007cc99b992309d6,44.9
025ede66ec5d6ac9bbb393875dd71fa5,44.9
cf818420383856a129134f5f8343f7b8,44.9
6398f0e8f4fbd829075e82fab0b58345,44.9
c658bb8cec1d8abc36b0f23ce79f49be,44.9
54686c41e86854e35879efbd1c2cab1b,44.9
03a5dc88300acdc63c40c0fcb54799ec,44.9
1471f2464edb13ceccc7b52cb1a9def4,44.9
b9d6a058e30a927c653a4d74412921ab,44.9
4798084378cadd5f1edcebb6b465c054,44.9
bbaecf87a9363029f2406448dd098b16,44.9
80705d9a217e8bc8985e073c0796ed1c,44.9
e5bde129321715eedcc20ccac0f121b8,44.9
ae7f48b93c1439403593193e4e061bf1,44.9
3cc3c3ea6a8bb392816f4c4bdf12c5a5,44.9
ac8a12f7bcb418b011e3d14b3845a20a,44.9
a2bb61c52d834fda04108c9f088f7275,44.9
f717f4d172b295b2bbd0f89babbd4612,44.9
c7c94293f2433a2421bc2dbd8cd23ee6,44.9
b1d99754839ce98d2e550e4d1b1396cb,44.9
efc07f50d0a9346ec00e1c37b5b10748,44.9
cbef3c154e489044b5d5aa6a550ad4ad,44.9
c60291fb14ccfbcb17d0b36cdd34b848,44.9
6fb0bd6145b929bd4e0b596d7d04e1d4,44.9
e282c4328c065be94cefa5b8a068f21f,44.9
38eb52ab52fb7853f347f9d2f8bbc2b5,44.9
88ab1815ff5d0e5dc9078ecb786658c3,44.9
17887d2c567172820aea8be8d25f34d7,44.9
a9286b30f896783137067a5e4a8abb2e,44.9
955d4456e83263262d6b8d14526abf92,44.9
8f4758b55faa41da554b30461fa84f3e,44.9
00fb3db8be6fffc03c156297ff70c1b9,44.9
8ee18779cf374be7b2bebc957901b9cd,44.9
b36a279ac785c46a2207c976a283040b,44.9
bd15b60f0d3fee42ad0541be7c3086ad,44.9
6d8f6d0d4e1dff0a887b6a12957bdf3d,44.9
f75f376e63ea2acad4426eea83792ca3,44.9
50ef809a5249eba40232a9d91d3992d0,44.9
09b469184e00373f074c799968de0aad,44.9
1ac452a99daac9ce73b82b28c32a3da1,44.9
355670f34587eb802a40006a0fe3374f,44.9
075ab615207ab1a9425b22157f9a0941,44.9
9e3fe122c953e6f616a2d6bb78307741,44.9
1204a88c6f98fdc14edcbc6dc6df434c,44.9
6f25b294d48cc71893594ae8ace3056e,44.9
cb7abe29d70c37edc3703a61ccc849e7,44.9
95ec1beb8f866a4f30899ec797d01a21,44.9
7614056b20ca8846312c5a3d9df2c7c4,44.9
a97f15194f6fc81433e550a34dec906a,44.9
69174d2ab6401c71be802bf71f111b93,44.9
4abaaf9e868ffb8524297684c31430e2,44.9
19964f5b33d31824f50a1ee628f5191e,44.9
52efb714ec49e013cc9dd247bbd7ffb3,44.9
d259c07a3daff5f3b6d7e7842871fde4,44.9
c46b6e585c8b058f60241fc917855210,44.9
af35c1eb9f66ae71152e988e0f1bdae8,44.9
84c828b2ccdffcda91efaee8b3a30314,44.9
1ffa9acae709a2dce1c4d30547f47899,44.9
e81df1fafbb287bfafbc2a4c9fae8c19,44.9
661897d4968f1b59bfff74c7eb2eb4fc,44.9
c6652827d91312454561a09fa5529fc9,44.9
75b624bb42d33a3c173bd4573a11a854,44.9
2a15eee770cf4afdee4f2e18a84ad08e,44.9
da58a1b4746c306cd736bec85eb02118,44.9
cd43b90d37298e11cbb323e2bc6fd3c1,44.9
5b78a0661472f3b0ee616dbadc86c190,44.9
5d70320029286b786d50336af0fc26b7,44.9
2fef57f217a4ccfd0d8e3bfe20ed20d8,44.9
0d993384667c2d9151c18374570d286f,44.9
e8db2406f6cc8880487fe3d1162b7cce,44.9
a68c9c1280d2f3b3ba772e0efe9d1468,44.9
c862bfb1e868551f1c1c02fba1f2d0b8,44.9
b886756a285d85972dfb79475275e9bd,44.9
7f836deb6a37a05769e7881b81fe689f,44.9
ff0a44202beb5310644a0ea439973f4d,44.9
398fbef879bc1849c22a1355c2c9fab8,44.9
04d00072237ea49b7decdfe6d22f98af,44.9
5afa275509eaa44b988714f0e5e469f1,44.9
1d6db6bde1eb5d91ce0063247e6d6303,44.9
7403e80de52e65fde43ceda8a93fff95,44.9
aecdc01ab5f129db72329f6f246abb3b,44.9
674c68d47e2603b3d020f5b73285d677,44.9
e92d90e8ad82e5d8a8e3dafa9586b298,44.9
3a38221b09bfb907e18edee4e1a12645,44.9
7a55476a19361dd97c46e26658ba5885,44.9
2f09f1108ccaedfd8dabcd4956cf863c,44.9
8cef613493d957b0074f562c03ab53ae,44.9
1a4497c40c34c9c41256cc3a7422d97c,44.9
167543c00422a2b6d100b6fab8e21c63,44.9
e7a06485005d68b08b90d6b212c114e3,44.9
1b7021bb3db4ec80bb1e414259e592cf,44.9
5aabe54fe4656cb4bd808f1f54cb0165,44.9
55557042d9b37fc15214afce245c79c4,44.9
d866a4ec44fa725695311a8021e83c3f,44.9
93d7e3ca0c3574c1be5ae0e3a73af87d,44.9
a8d1bf1b834203e8f61eec1192d6c166,44.9
8c8f5b3c8926c5ea73a5109340b74ea8,44.9
4942dc4df4b4eb16690470416a23347a,44.9
6b4bc7a9072f4af4f62ecd1b4a4786fe,44.9
154ab3ef96638c6c629b5cdb758e4afd,44.9
6c435ed0cfd0b31d333015f5a2cdb2d5,44.9
8aa04588e245473ec521f2551d2b4b85,44.9
3791df675a28c5b326e0056d5128ed44,44.9
0fcf933ebe274b596f72c8cdf2da09bb,44.9
a7bccb592eb8f0db760ceb97ec15a497,44.9
b741533955f92986d2f7cd6a241a889a,44.9
2814ddad2bdc3682d9f32b3f4c86dd7e,44.9
c5591b513c6105e3a30573e90938b384,44.89
d6ed26221e617895d1fd974919d6b5d4,44.88
481b84475f6bd84bc0b83fd1ccb02e77,44.88
531eafaf2305e3496674cded18b84cf0,44.88
125e3e317286dd5299fd29622dc50f29,44.88
becbc336d10b4a9302b0b551d5aa35cf,44.88
689f0aee9648933dbf410f499b496e6a,44.88
60c999fc7c67585b3140facf9f12d9e6,44.88
fdf4c60c463da690eb528d6120be147d,44.88
4a7e30a975bf0152b4f12f7494fc915e,44.87
e0590ae33ae1abecc19065b910364d75,44.85
0659855f18f793eb3f890c7c1233ebd8,44.85
dd4d918501319301699fe6e22694c590,44.85
7619612ca0b995c7925a0272c4e33a91,44.85
33e8eb5591ee4ea6c91d062b6d8d952c,44.85
d1aae36e328d1f069a025fcc997aaf69,44.8
ad587c8d6f7e1ba99d2cd8215682a0a9,44.8
f4f6702a748d7ed6fe0dfbabd8990248,44.8
bbe7d428a57c9fcd526483a8c7e1e384,44.8
c8e84260971a95adbfc161affa0ebc15,44.8
ce7f5ef3c68b09bbe2a70ba38f470557,44.8
fbbd7759305c446d285fa335394e4809,44.8
a41d43f55131377f2491f8ac6f9cdf20,44.8
52798469029a20d7814d2b58c0c63e0d,44.8
0a00fd16d3a68e73856892a6a30201f8,44.8
1a002323bd40f93378ee1824e2343798,44.8
17e09ce22c71fb0e784051ca2901e7fd,44.8
232be61e81da1afafa33c3888fead05e,44.79
13ebe92bd21473c8a7926bca506590c9,44.79
bf4492055d844225c39468984e78f450,44.79
a2bf4f2c3208e230f033a9c11c7d4bf0,44.79
4f4ba6ed6f16878332242fc55adff7c7,44.78
90daa300b7b5d19096191c22d3d2f024,44.78
0d93baa3d4a53c255f0a4389a022c0df,44.75
6f33a63d6ceb7f99d7dbb8d993ddb620,44.7
655db910cac0a44e6528240243b2f5cf,44.7
d273f62095c748f3985731618c7467da,44.7
80e535ac93366a42b2022d744cef5be3,44.7
12898a6722d72027d1862c147969adfd,44.63
4448444be2b42c9c9c0aa77076d5117f,44.6
edbaa972997d3e33faec1e1b6e0b7e43,44.6
8cf9ef26c14f33abb31bc42e6446ab12,44.6
495b67cd5a866ee9a61ea6e8b4cadb51,44.6
0963eb8b148b433abf5fc7aec885c6ac,44.6
9797ebd812978869a779e146e9b2e140,44.57
ed3cfd8b632008c67e448e6cafd0738c,44.55
7c7378d8b1eabfe7416a90059bda99f2,44.55
62c2b34ef77182d555a097e092cec25e,44.55
8b79484d3570292eb34cd39f88bb01b5,44.55
59a3a5cfe29dc97bd7f9026ee0b5134b,44.55
70d08ac303a95dba582205ecaba9cae9,44.55
947f6c194bfea2456cd57d447a64f2d0,44.55
8ab9de8260d0b7e0dc87c417a073e0e0,44.5
e267e6af42a8008ec45ab9b187e5d364,44.5
ae8dce2bd3be3a25622d54adbaf92a27,44.5
cba10f2bbe92f7f14a7c042facc2d358,44.5
f250157af1ed266f20280d20eac5d751,44.5
e9fc7edd6cde2e8c4f7f8617ed9cc8d4,44.5
01f1dc6000f77f9b0807f01ebde9ec12,44.5
c938988c02e9d1e1a3f96efbd23258aa,44.5
31d3d3ce8c39051cf0f260b9c9aea268,44.5
a6d9e3593fee6cf4000e7fd40e14a15a,44.5
a204d9d00ed69a1971ee0243c0d62a78,44.5
f765fb38b62aeb0ef8f74a083eeb017a,44.5
85c6a3112d9b45e4bbb16f9337537dcd,44.5
0a663660b4e386d4cdc7f69376912e1e,44.5
8003beed69b7930e175731e7d69f6563,44.5
4286665d919e18dd92613a5f46a3f1ba,44.5
4591b7c98d8a8a1491e9a6a6b6b44223,44.5
7fd2ba66b45de1c0eeea4a725423204e,44.5
403623ffbc1aa898df2232554fcad473,44.5
9fac23ba3b881f843a1ffa4302367de6,44.5
1ad80e57d0ca61401ddd3150b16a5beb,44.5
90553a4698520fdfd662f59faa2211b4,44.5
ac3fbda55576ed7a4a8335993a6fda28,44.5
751dcae0c6e44f078f2da01763c93834,44.5
02e5fd58c123b384bdbb86d5fec3ad12,44.5
870fd109261b9ff80198e87fbd70f940,44.5
1ca6b9732b728ee8b3845345b756a83a,44.5
93a705448fbbe8d2c10f151c0510cd0c,44.49
658037bc7cda7648d937d19265234193,44.49
b385fe265ac9a21b28a89debacc0b4de,44.49
34ce7c651143c0ee4ef50835e5f141b0,44.49
3ba63e448d9f2f5d5c160780572ed6bd,44.49
1ab5214615eeda5da291e8131b710d9f,44.49
3d00c56be9f9c355b9b2ab45dee27c4c,44.49
7b29a7ee094e5b0bea7fdec9439ce6ac,44.49
6939ce7cd8ff24edc55abf96d82c48ed,44.49
bb83d6096ef628adc2a3045fc355850b,44.49
ca6a166e2e426cd1120c7929a257408f,44.49
cc908e0395e8cfbdaee7e977c033746b,44.49
63c9751cfa889ceb6f4478eb55959415,44.49
ec9f692bcf69b9345ff6815a3360a719,44.49
b4f0cbcbbb88bbb7db67ae08a77973b5,44.49
db76a08441e64f32ac64a72161893227,44.49
c902c60532cb6ca611138f5348580a3d,44.49
daf42b4ca0bdcc543c7059047a122897,44.48
3ef452c856ccef9699730feee8c8b13f,44.4
5c9da7c46add2a59a17f6b8d5c795afe,44.4
77bdefa289f03aa2549e5546923cc5b2,44.4
e9f46540ef118e5937bafbb8bbcaa09b,44.4
1442d92ced8acf903c78285fdfd5b368,44.4
14d90e60e59ce7e9e9d2e8fb9dead3a0,44.35
5a22c3eebf3e71c7ac682d3bc9152395,44.35
91a056f577f8c06e6c7adf6364df486c,44.35
77ea3ddb60c6f1eabb3a1a9a766457e6,44.35
ad2dd8c90eb7db839a1baa477318982d,44.35
b1569d3f7a5e660a197baf45e5c649cb,44.35
0d67c23834708b16f384c7b2d25aeb13,44.35
44616e2c76f699cf4fad3d8ed735ddb4,44.33
7cd543411d01eb7daaaf8079121163ab,44.32
990ca371664feb42a064c3503d40d749,44.32
9482145a09cb3929f96fc8e407307d1b,44.32
1fc40138df3260f59a3626133e0c57d9,44.3
3a6c7b8aaaec44a52ea5d490b67f3dbb,44.3
99591752fa0fde84c1d12934abf94ca1,44.28
0335d2d38f73c105f274b4cf306c2a32,44.24
83cf611a2af4e118b43cf278a15fd5a6,44.15
0ae2c954e68238f2a8f8ff8b24766bc7,44.1
444d8edf88cb47c875c15356930c5e1c,44.1
2bf35c36ca33d1e7d63b882349cc4018,44.1
8b48944ea962a5e993b4d1a75f439ff1,44.1
5dab5bf9febbb3b73421ebf0380a0746,44.06
391d2acf2981defd7dd6eb8d1f66aa36,44.06
874d93028c161780cf20da0b7b3797b5,44.06
cdd251ceab48c424c2050a90555182ce,44.06
54924015f5ff876bf1506ed02be2288e,44.06
31c04c7417baad2d356593cfd9acc4db,44.06
bac08432f3a6d4d52148ef6fcdb645fc,44.05
7fff48e646846dd8b43891eaf34e71d6,44.05
2256812884cb4b36961426f49b81cf09,44.05
4c98d44b5b479bd527e7fb4bf85b549d,44.05
700d1a0f07ccb59ca2e228321d9a1904,44.0
e0953ee955232ed39e102f6b0f138a4e,44.0
9052a30c5a1bde768913c851230d085a,44.0
169501e220f0093ccd895f3dc48431cd,44.0
d69a8c77693b6b01a1305ba425a1527d,44.0
a2d392f4db348830e8ac599db501b834,44.0
55c838464d70252c6d103c2a7a7685fb,44.0
8a99d729c6cf610badf63e5bbf1f7b21,44.0
9d968251bfa588e8b8eca8cf0fd64af4,44.0
cf5b268ad5163d64d53d8a5fc114dd9f,44.0
dda2b235f786aea49bed5e3618840666,44.0
dee0b47c356fb2f279e00e8df7c691e6,44.0
da7d957a36ea44a3b6dc9531d2e83148,44.0
ca15767a3c28ef04c7f7b6bb3cace110,44.0
44d63d6f7f4bb07074143c02809dbe89,44.0
83979a5effa437c8a99f07066147957f,44.0
17deb423f4b91d5f4bee1506901ab904,44.0
3de38d0a33d028dfbcf7579f55303287,44.0
edfb82dcbb9de9b6e7cbc19f6da7f2b9,44.0
91b4dd1910326420758ac3f21d5babab,44.0
269275e519181d7946ad8bd709584970,44.0
545bd426acb3f30a7672e7d5769431ed,44.0
c2899f72e06b9264f47a9b41af8ed517,44.0
85eb23c7cef0b97eda81a956c3f748c7,44.0
b4d6ff8eddd03fbfefb9c269dfceea32,44.0
7d9da42e2199a286266a8084af43ba85,44.0
9915a12fb4e8c933ede4c85fe9fc7cfd,44.0
1392fdcad98720de6dcb4296794f204b,44.0
3e03d4153f402a107117e6eb0bab7ec8,44.0
9853878485ceae16ecccbb96eab9ab5b,44.0
de9bd2d39da46fdfa3bfbfadfea205af,44.0
988d6a25b8787e321e18ec0cede4acba,44.0
11b7e0e29ddb9d0f4831982cc89cd620,44.0
efd274c2baeddc84242184d09c8e6a07,44.0
c1a1035d02dcce142fd4735968360153,44.0
780ba23c0b4feb4d05816336c771e549,44.0
c0b6c1536ab658f01aacfa7f2dbbebd6,44.0
7d118d305d09971996fb37b014ec9041,44.0
c3d8c825f8b88801bcbd6034fd4e438b,44.0
b36ce0a77473bab7fe9ee08be0efa4b3,44.0
23edaa86a959b86055683d5e6c3019df,44.0
c9fae66c6a29c68d59463e2ae4969577,44.0
3af03d6383115f9565c0b3b87d4d0c6f,44.0
6827d3b99adbf682f10a79d50e8e878f,44.0
98eb72cd4d1c9408fa1a695a5e7f195e,44.0
98a095e8ecf120c47aa699893c51eca3,44.0
eec74815d488bfc5f2c9b9a2d919ea4a,44.0
b3a04113801a5c4f023a00303023e9be,44.0
995a7b232e49271ee4f4896689b3c718,44.0
5ae59ee4b9425f6b9f70964f7b7b662b,44.0
82723e224e9ab5346fcbcb7ffa88c8f5,44.0
030d0a2ec388dbfbc0ee3f52a0eba34c,44.0
477d0086341df0308127cef59628e7be,44.0
734c83d2485aef612fdcd2a43908c326,44.0
3afb4376b76a9615a6c548f25dcb251e,44.0
54bede416120c5f9378ae0cd22b58598,44.0
b0d85b57c22f4e17c5348ac56e88b4e7,44.0
9374b51947c71dfbc0cad487a541df5a,44.0
4ac7f610ebe23641a39298e180ea2604,44.0
c91bd6612a890b01e5321aff3a336791,44.0
54da6f5f969bb4601f0d78611694232e,44.0
8e6ca829706ccbf262d3cfcebe7ceb52,44.0
9325bd8f287bc8d05e0014710eb16884,44.0
9026f16b4a80f2efd9dbc7be05f61cfd,44.0
a16025dec02306f6b74a5bef5e6a3dfb,44.0
5859cd71917f97747721166e9289fe6e,44.0
7b6457d611a0a8400c8d53979ee5878f,44.0
5a8b59b9ba2a6afba177551609cdecf9,44.0
e8513735b55502a0440356ac982fad51,44.0
6bf58f26436f3983d234ec06083d704a,44.0
7c2f7ea28703035aea1c82509403b40b,44.0
57c0a0ae936e3a4cf71bdc4c6d4ede43,44.0
a20ebf0d24eb9d9537e5f16205687af4,44.0
4d5a3f2707cfa16d395c679bea6c204c,44.0
181ec1b5fe9a1e889ee634c154297e27,44.0
a59e696eed637acaa7bae430ad796d25,44.0
fe196aba95e52d084e7bb60dbd8a23f1,44.0
edeaa50f1c807316f652bda93c4d5f89,44.0
572bbac327edfd6f4f7b44226c0bfb8d,44.0
09aa1b31dfac63e1e90d5ddf79560f86,44.0
5a20ca69160161786b074d55001ca9b7,44.0
48e845c7d4f24b06238cfa353f4d22d4,44.0
60f9275680a519d57e8a22917c30734a,44.0
db6054a501afc119137d3b7ba547aa30,43.99
762e79437f60ec2d9007b5a3f97139a9,43.99
43b55482f2fcf1aa507f493fa60ad3d2,43.99
b7c369ee1974391cd79eb8c38e6713c5,43.99
b640f7a9fd6f58ec73ddc1b9a20922f4,43.99
724651ac1162e52e750b9c4aa38b7fea,43.99
e7bef903c09a6e9ff6fb5ab8d63dc867,43.99
222e5a3d31e13ba6df622fc2a65e88a6,43.99
eb623d7609c7d1415a13fe492329eb69,43.99
f06a8774fd0ce546ae9896c44884edc6,43.99
e5cf79e41c1963a080d04d23a5ee851d,43.99
7d1afa4f30093505bc13bf8913f99955,43.99
06a5618b8b0cf1846231580b7456fe09,43.99
4c4ac90f260a26bc63b012f73b711d00,43.99
4cbb11e8a2cf58fff3c83cdb8dd8422c,43.99
fde25a25e37d5147944893a108120e79,43.99
2353645df46ac103d5956d292984ee76,43.99
b1ba1b27a0d546c2227c49e9eb786a0c,43.99
65285bcee139a301804fe5f216243c9e,43.99
b4e85444a4ab31a0e63c38c090d6d894,43.99
bd95aca0181fb7391e8cb7cc6fb6c201,43.99
003536ce5e18f1d12b9bf76932f8a6b1,43.99
910c45960d27ad2fb3194086b0fd5ef4,43.99
bfe06b878acbfa50da99152d9319b0b3,43.99
0805ec85ad1a04d1a6518c313542a0ff,43.99
7e0e5c4037a75a6a72a3c9033ccb005d,43.99
eea0eeb6fd2ff8de94fcf2211e61790a,43.99
7141a1789cfd3c693be52ad893f9d91c,43.99
e1064a318037f1d70363feff64dd5191,43.99
99807c5c57f7fc9155f43f804e1d2ccd,43.99
56a914c4b8d40096b2b7074f4c2f62ec,43.99
255a1183886ab26139187383781f298d,43.99
04c7bc4cc351fcdcf95e0beea777088f,43.99
c29a23ef7387be172dd4df7bd7b219bf,43.99
2d91a3bbd8ccc17c9b5ef5758f2b5fe2,43.99
96073cbbfd07afcaef8400bc4f440bcc,43.99
9cd169cea5076bf383e40a261d7b7142,43.99
ef83517e216e34d7794ac4cff7a3fe00,43.99
786ee3fc4d3b8097f9759d512efb5540,43.99
c72f55c752ec2f83a27201eadbb210c9,43.98
d0806e4f0403e683fb752810c6f1d175,43.98
e00cd6b2b1b0bd04a6813359a2698380,43.98
706135bd8fb925e8ca9aad45c44a594f,43.98
a5dc43bd2a1dfae692b0597e2446fe29,43.98
97ccfffe894ddb0e47cedf509786189f,43.98
2c2403fd211b56dcde8c570e2af77ff6,43.98
82ec000ce5e9a86a39ae08553c9fbd13,43.98
22751df9d8e0530108d0997313791666,43.98
d6fb5169197b4c8425c26e087f268bae,43.98
ccdf080c53c6ea522feac09d9ea18290,43.98
3751365025252835e2abdf0b0405b6a0,43.98
97908817f277b94fa3948e5e7387a798,43.98
d2b619b5ce9569c69e4ffeacd301361f,43.98
839311a89422ea7a88a3acde94b9f0dc,43.98
3eef17cb7b0ffaf55b88ddfa3d793bfe,43.98
7356ed923effb67be04df8bdbfcb49c8,43.98
f246238b7705e24d780b2585516d50c0,43.98
9aad35717d9bc6ccafae1631ea8f0564,43.98
d43339b0207928cda91b481b2afdb160,43.98
1b0424078235e67294af80419dfab134,43.98
f97c84f50ac8fe5eecc8a0f267c674f9,43.98
eb5f11a4a8e43ee25254e6b0fa4b078c,43.98
4a3ceccbd2b8304e6aa7c986c1a4f755,43.98
7971e8c2a8da56cfc093d984bd572c75,43.98
33895d210b7a21812669e1dab098d80f,43.98
f3ae118e5eb686a675b68f49b722cc79,43.97
05ba9928545f8c5a3c8c253aab879636,43.97
feb79df2e42094b3e696c11cfa7ae70e,43.96
852e5ea6e9d74416ddf88bdbdb3189b9,43.96
077db731d84e53b8b593dd8835f1517b,43.96
29c0e28bcd9fba73b230337bf0908614,43.95
7fdcd2a125c52cf62bd814ec0e3bcf6d,43.92
743196f54150c80a55c62d4f06f98f5c,43.92
116e61267da6ef3a47bccb205a073257,43.9
043074b1068b23092a45dd20f97ba65a,43.9
2fc45a32ba781f1dbcc89fe684246a42,43.9
9c52f253ba7d3a3d21ff24bc18c9996a,43.9
b12107d71983e8cefe72656d5202f754,43.9
e6e13fc085719134e62cd5f74902b352,43.9
cdf8889ca31eac7fb11e9181738cb465,43.9
373373ec4d694242d601fe8a69be1c92,43.9
cc0f43bd4e0f3ed1a2165365d26029ae,43.9
622fd8de19b9462bdfd1c15fada2e89c,43.9
62e59ed7bae204fac65145597071cf76,43.9
b36cee83a40635fe990ad29c7171f33f,43.9
55e0503dded8ecd07b56fd84bf06a342,43.9
6a67694e93de15ff31d131b4264a6951,43.9
899f6aa53846ef2f3775f4f4c58336da,43.9
6202c26af8ecd3ebdea24151802939fa,43.9
8130aff1c0475cddc4945c24074dff66,43.9
b4e50b0383bf56d616c5a1f0210c50af,43.9
a3552008b1cf707a84d3c8124acdb7ca,43.9
735c1628a4604ff1a6fa50f81e5d213a,43.9
56408a981d1db807e504e7e021702836,43.9
958c7d63ed65a1a8b8323e253609d52f,43.9
7f22d459ef7dbd02b51bfb03eb56c90c,43.9
5155ddf5cf5bda1665ba937ce099997e,43.9
76ed8a2db502954a1d1fcb614a3e3766,43.9
246b9bfa838a807621fd6582f7516283,43.9
438a48b70a56b65897fa3c42563ecde7,43.9
e904e6fe5895cf401fd990b33c24ccb4,43.9
ff00aea6569bfcb8e1fecf3f0b0fbd1f,43.9
52f14b1298aeb699cb2ccfd7d5d2c2de,43.9
c16e1ee1f43fc784a849789cbf31c9b9,43.9
b5580209f7f7dce9e470646556990340,43.9
6b98e2694f54c88081d697a859f2eb1a,43.9
85aef466e2b060295cda720078676318,43.9
d43f51543fb5e83578f7ce4f13fc49c5,43.9
470833ddce599dfe8c3ba00afdf5c81c,43.9
c5745ce1928f3477f04286c793257d3c,43.9
f166734c59f0606a6c1ab33ada902aa4,43.9
507f4a747b0dabc6ab5d6806bb70759b,43.9
00f6b2176ddb649359d064053de50c2e,43.9
5daf8a84ec87f4988b337626369c4dba,43.9
337be0b47c3b0cb04b314503067a2aaf,43.9
9a065c823cff415e4f55f96429c6cd28,43.9
a3796a380ee0dd249f86d5642cfb3b96,43.9
bb43f4e424e0b7d24c5acd2d662bb9a6,43.9
c75c0e90219e9880fcb759192ae2b29b,43.9
9be137a9e96c87d767e4c400c3e5c628,43.9
929ee05b81b47fa8730456de87216ab2,43.9
757d837c8c560c6d2e4277a1cee15f4c,43.9
cf71831f2854c16d25280fff5ecebdf6,43.9
461848a187158368f56cf21200783874,43.9
d0fd1441f726eb4b038f33dce66e981d,43.9
9ce95a2a798e3c8f3786f075794a1851,43.9
0a772b10ef12b6b87ccb345a44eab70e,43.9
1bfe620be823518320575a61861437ea,43.9
66bedeedb8b2f83e37860634125050c7,43.9
0a87f40f674858ab38bbfb2e069f8437,43.9
a3c04788d340d72fb7aa4a9f4f30453a,43.9
743eb1a642f457af79087cfaa894a63b,43.9
ced3fb170a9a5007a9bc3558d49c35b1,43.9
6b461e98fc12cb39b61f40a9aaf1b9e9,43.9
555775a9601baea5bd2e64b3a403d483,43.9
48b648863faff4c9aeeb417673fb45e1,43.9
8c053663094bd001fff3536d10dd092a,43.9
0dfb5e354867126d5a1cadbe738c4456,43.9
8da10b2d8e58d411dfd9b4958a251e7d,43.9
38070926ee91423bdc82e914a72429de,43.89
8c3bb1ec148b8d1c603c47a15c41faa9,43.89
aa893f731ff0b46eb4acdeb0d6941642,43.89
543efa23813eb8a5fa5fa5ee959f4944,43.89
ab421b93f847af0ef7301421bb36da5e,43.89
e4780f4524969db38b49dd1c82e03fcc,43.89
0c6ddd0fc46185e7fd0bb6d767bf4d36,43.89
d83be21cf2ad5d2997d771d69411cf68,43.89
fdea9d678bf2979af34b835a4349b904,43.8
a0f2862e615595e77bd1a0ce2c77aea9,43.8
4a3efc742773d796e3e990b5de3e0616,43.8
02e0c77c1d6bd78e21d61a7c7b818af9,43.8
44b8b3c65d28581cb5868ee424b297f1,43.8
14be3a39e6f9ac5eb3d4047b0e10c02a,43.8
15d1ff96168e59165bb5ccf454b44b85,43.8
5865692d34fba99712f77a8a5cfc8d59,43.8
0855291cdc70f901cb28df5cb677b0d1,43.8
1836d851e670ee7ededf596f67a8cbc3,43.8
4d32a98e390433a11d785b4078826807,43.8
6fa63b4b3cdf930c98e8371069c66ca8,43.8
8a40ed38377fbe4c40903137d55f634c,43.8
825ed834c2f89dca06a2e5b4fe0af049,43.8
0f36f31f1f476b1e242d3f739cc63137,43.8
5eb0e90947c8785c947e81c94f7d2e72,43.8
6e87b43c60c9c1cb6d51732a3b238f95,43.8
ad2cd139d2158c76a9dd5508150c95f3,43.8
512c28b6935fc95195d225e41b58661c,43.8
a0ff04ef67911eae8a588690b2149379,43.8
bd5829a8e441e1a7ad669932cf6e8841,43.8
62b928147854bc65eeeff14bb787a009,43.8
81f49a0bc228fb20bc73f85ed36a0c0b,43.8
60ab42b9e1e7c823ead6d89cd26b0eb4,43.8
2ea31b1a1639ec1f36d2a8c7515adeb2,43.8
704230ce6edfc1682d86cddb7f8216ae,43.8
85d38a7cf0bc297a30b63f4e174e88aa,43.8
ccdaa442f76de1c4f952a31bb78bc9e6,43.8
2a879e93dbeca9d0ed0c16c960f3cdd8,43.8
6e8a30827c4d5bd095c436b486502fcc,43.8
38df36157673334ad1b08d91c8a26137,43.8
d98ddec43f47c6057e4fdac2264c768a,43.8
ee5189d143d83904f10fad32111c0e09,43.8
8c0e2e1b5fdff3b779b6db5f1742b033,43.8
2078e01e3e9582c536bd73814594fe85,43.75
bfecf4e7164c2af64001ea4bed8eea1e,43.75
f06f0595b15eebcdd96410628bfd6b20,43.74
c02893d18058b514d56e400e1f713227,43.7
201f5c1542b2caa65a5ce8f950d2508f,43.7
aa80dff2d54c89d3bc5040a9dbe5108c,43.7
6fc99700f57ca48100655dc291a083ea,43.64
2f642b897502ed15302733ddeb7c970b,43.63
09e3d93a7fa1a9ee761515837305909c,43.62
49a9011bddc83db94f4d1206e8c234b7,43.6
1f1e84d70d135fd0b39595da681b9d37,43.6
fb17e35a1d45d98e720b787b53e9feea,43.6
7c39396dbe338aaea1f5b19d509fc099,43.6
53b2109f24917c2cfae72518daf4fd8a,43.56
b1b732e844440cd0e8a93e94585496b3,43.56
9ba9a573af39c332b4844fee4e2cffc5,43.51
e72b9285149c7929bf099a373a3e2ad8,43.5
70b61c3475990997e7c37c16c9fae89a,43.5
f1665cfd724684997d92966a9ed77700,43.5
4a8901d60a3004ab988ef51c6c258764,43.5
d842843c08c46c76816b2a4fc293a7a2,43.5
74a8537af1f43d8d358ea41bb4ace681,43.5
3a68eec330b1d5cf3e82f4ecab77947d,43.5
2f717ff462b109be71bd1e5aba745f43,43.5
41dd55a5cc1d3ee4e4cd29c5049078ac,43.5
ab4d3930d2f105d8591fe814d9c44e2d,43.5
63a5e1ee8b7cd39dd906347a4d3cc002,43.5
b1ac696f4c189722e28f5fde229eacc5,43.5
d4d134ba96f6848a5ba0452cc98b4039,43.49
90cf9029b6b6b9469c7f0f9c82a59da3,43.49
763a720a236f5b8efe8220ef8b87bc81,43.49
6aa2e736a418317d16990916230e0c78,43.48
985df4f2b1695097317ab16f94fa929c,43.48
873c05da32a3c152c5dba39335605686,43.48
991dfbe50e6444dc9f25c9f8d3562ceb,43.48
0e1169a273c00760595751dbbc636efe,43.48
6375f48d885428bd1c84628e80583a8f,43.47
526633186ddc00e185c117db06d78d33,43.44
b2883aab83df1452716e5d5b11038c62,43.38
9aa861cf803f46fc1ad38073279d97d0,43.35
a3d8f7ad39bef6d2012736a8cb4fac7e,43.3
0ffda100257bd2c6ddb2d5d12a972b65,43.3
1681ec16c9d648d3ce572488919a48d6,43.3
dce285f67cd0b2d1f5937a0316d83db2,43.28
255edffca85a3cd3aab6456892a7067a,43.21
76ba439a98b509237329cc60c29c7374,43.2
e4a9dbf01cbf4d9ad855747b7b32e2da,43.2
e76d5e76b71511df30e1af11d37d8a46,43.2
0b367775717574e7412c7b73c8bde1e9,43.2
8f05d87aab36238f3b226c49a39e83ae,43.2
3afe7d56a3df6e202fc6b851b1cfce3b,43.2
69ae6b63a7b7c3006d639a64cc863891,43.2
21e44f906e88b44ed1ada6b8d03bdc8e,43.2
e5fba111f13de7769d28eb3a33dc17a2,43.2
8bf454b89beff2ec924926ab56882cc1,43.2
de5821ba1a05973d20492903ecba0317,43.01
cf3038109e0fdb6ce61d3793e1812c11,43.0
53663004226cd1c60441cf095767ea66,43.0
96d649da0cc4ff33bb408b199d4c7dcf,43.0
8df348aaafe2a0df5f1ad620b64095f9,43.0
f2651b1bffa803600045f295547c983e,43.0
2bfd98535589d25f433140134e2b8e15,43.0
b17f8ea7afaf8cee082eef734a05b772,43.0
16c9cbb7083e73d565e74dcd7278d349,43.0
0f3e82d2941a34d2eec21b6f999038e7,43.0
c223939860940fd82bd05c7e02db0673,43.0
fd50dd2288c3b379ab9ccb8dd2e421a4,43.0
e6af1b4ec006c85ce9a716bef2a28d7f,43.0
98eeb01403eb1df551462689e9b5897f,43.0
a2d2c62f2102c803853e816591481692,43.0
6393c8f2de03b53e90386363ef416c4b,43.0
3974a6bc5940a75b412517171f7b3255,43.0
bba94596693a863c168b7fc3246c588f,43.0
b9de529c69c02efac74a496dece746d6,43.0
3f08de414e86c589d3f085630f5f7f69,43.0
e6394a417ff7bbaa2578dd8043491b5e,43.0
b3f2017cdf8266ed977554fc72b75988,43.0
1600093c29588c00ddcdecf90a48a37e,43.0
e8d18bb238bd74465543e5d246182ac5,43.0
079da973ecd0fb654da4ffdb946c9ea1,43.0
264cff0b093508acd289c3f780b1d66b,43.0
99c764676929a7492684e478d5255a55,43.0
85713881aac92cf5c3f65c7b7c63b290,43.0
1b234122220bf26fb3bced29ba32645e,43.0
967598e7784bf78eb9230c6ba6344d9a,43.0
7ee0952c8c02af4f93762c21ddb66607,43.0
2c795a38bf9b0a83aee5275ab97f7220,43.0
7d2b8943e1ba0a0e2e31950f47e1dd28,43.0
d7db71fdaa0580a5b0e0484c80a67b95,43.0
a78b75a2ad06180de06b82857ca442b3,43.0
f3e94c2c36b95ce707c7d4e05517baf4,43.0
2694ed5ae8d87e1265879eab1c2d7c74,43.0
c21ca529ca691d2ddfc78ac5237e1fb5,43.0
a96a2a926becea8de83f56e981126847,43.0
fb1da6db5e0d958776866053e9f8bf5c,43.0
804456856b385e3dee4c1916b64d55ab,43.0
517933dab5239d429307cbbf62939204,43.0
8d20d2912617c963476533288442aa2d,43.0
aaa1d7dcc0c7239e0f161090d2aa2423,43.0
294e9a8a67c78698557687b3dfa137e0,43.0
77d121b2c66bdceaf794af539d3781be,43.0
af6e19f06ecfc197b49e1d1e2d35f2ed,43.0
c42ab3d66f4c05b44b961f1763a03ea8,43.0
836a7bfd738af688ed28899ff7e61873,43.0
1e46b6f106ce27d415d81e4989bccc02,43.0
b5dd975e9fe6e6492a3eb69fa3814baf,43.0
02625456293ab29f0b11a84835a8c0ab,43.0
5729693cc754e134be2566d2369795a0,43.0
dd69dd5948a82041fef994c31cecd78d,43.0
1dd87680282666e5a52fd7f3a8abfe19,43.0
f593e49cca3cf13edcc0c8ade632e17a,43.0
04701338c86b6225dac722093cc6b467,43.0
5a94b0b5e939d29d07cb80e1c236ce5b,43.0
440a07d7b5fcb27062f1413082ad8a6e,43.0
dfee2ea12281e7921e027345be978886,43.0
722f3c29eca750d5eb93d5a1f67cc74c,43.0
e16f2f49c89ea855b57a42944411bc53,43.0
be24ef8018f62f3b54f287c7e87d0abb,43.0
2ee264a9765858722d6ccb1442b4a5be,43.0
f45084d9526b019b846ff5baf75014bb,43.0
8e993fed68917a4e01069b16d9fb2e3d,43.0
bf0b4acdb6eb69084a7714bf7cc748f0,43.0
08978618a618a56c5458f2ac593be2e3,43.0
1fcaab1a7e0c3df486dc409ac3216123,43.0
f4114c3a49ac4dfbe34464e0df196f1e,43.0
ebddcc1c8f109e88a0f971a3c4aacfe6,43.0
3b44a902249fc98487de5a44872a9cee,43.0
c4c7b10a5f7686751fc3584c09f8001a,43.0
73dbb993602046f482a399e17d8a446b,43.0
1e12cab34d9cf45bc63eeba696c4ee3c,43.0
e8fdbc8f55b8ff467615e6a68c9c2721,43.0
663bf83c0a98f8f2262f24b8f42752e3,43.0
9256dd59d0efc6db3eb52db8aaa99a85,43.0
5515717c0683f26b2346f1695676c2c4,43.0
15f73cd40ee94734ce2f3ebce168f1ba,43.0
06fcb5edf767ce55050fd0475a708a7b,43.0
b00f783912a7d0c7499f43d21afe63fb,43.0
6950e00305cacdb75bd497302c430d68,43.0
a035ee0bfe98a469acf8924ac5092b9a,43.0
8aa1b4bda7936744ea5b49e61a3668e0,43.0
77768b56d04254a39d08736b43642c93,43.0
8970d0556de8379c1dcadda85f07e2b0,43.0
62026161b4b4f0717540f9070b297971,43.0
fb4efec576433fef8284abcd8045ccbb,43.0
6e9aa39c9ed70e8a1c1016c4ecf8321b,43.0
758700d093b1cfe56f4a4efad94745ab,43.0
229ac14c6ee6d6a606264ebcc861beb7,43.0
d4c9253f4a3f34a91e56ad5987c53f3a,43.0
97ad0d51c3ad245df8f37e747bbcb423,43.0
f222237fb2133250694c98c1da46cf3e,43.0
4139b916aeaacb9ac5133afdffe2fdc4,43.0
f408514ea6598d6b04a3ff8f2a2ae7aa,43.0
398899392bf588aac4d8668ae3dca492,43.0
d4de1ad5479c82fbc8565952d6af9c91,43.0
47d02f3b50d39b9b4357d5914d8425e2,43.0
242b2cb8b7684ab9c949a7efca1f3c8e,43.0
212cbfc19e38169d798c140e12b0cf02,43.0
79a998553427e62e97245120b8009ea5,43.0
db04047cc9d602038629e2af01857a24,43.0
a138369d126207f72fbe34d787516731,43.0
036a5ec4de2e7e95d1bac6ba6cf5b327,43.0
a16a049361ca8f233b758affdaa5a5db,43.0
f72224709e8bef3430441583b08a2d64,43.0
615fbe297f3f877ee5bf7b9ff3254fdf,42.99
4175fbc781d0d74d0ab138c8b598611e,42.99
5a5be2ffc3579ec82f4d6c04f563efa1,42.99
be48475b2c7db3c1c8281b27b18dbed3,42.99
0054f2f885ca69abcf4935c9506d7851,42.99
05812fc855821b2f091461ede3d2a960,42.99
41d5f1c3c902745156c89e9cdc8c4cd2,42.99
64f9de1f6705de234abc7f84976a1a35,42.99
28d68be5ae44019ecb72679a1402840c,42.99
6967ab56f3134498a1e33e8c5b044687,42.99
12d1b4294fef21016c9614eb31e55e15,42.99
5471b1f70a167766bc7eb4ed0f4d1b8d,42.99
c72d1cfbb75bd73135c4e6a08a87ff53,42.99
b5e017d6f4a1ba8e796b33cce51d4229,42.99
3d97524e491c9aba1f09141ecfde08d4,42.99
fa2a6143fcd4d39afb184064b19d13bd,42.99
baab2b58bcdf3653827e7fc183f98fd1,42.99
e72d423805669242172f8aa4355838ed,42.99
eb64a744cdfb85bda26e1b9926c14f49,42.99
e24fc7161cdab26a7f96e139faf161bf,42.99
91ad3f8e690ac01a441bee801929b0fd,42.99
9f405f7bdb11011f0e657b1580a46009,42.99
743c9c1929ea99b6885d5a43501307cc,42.99
170c8dea7ff31d9f3bb01e40268da59e,42.99
f7eab7d0e27f9ebe87e9db3c3c01eee3,42.99
4aee9f8027afb09c8490b3d91f3421d7,42.99
cb58cd7d199d31c8320261119c8eca20,42.99
f24cfdb0cd7dad2f826e856d9c64751c,42.99
13c8f815b04673c0930db34c9426b349,42.99
a43420da9f54b35f3bc8e9b201209a76,42.99
1f32106989574673d60e54a146992c89,42.99
9bec7bf329bb42d2b50f3beb9e028b2e,42.99
9193319e644f22f5306aac9f1100f6a9,42.99
f54b53acaa1e92840ffd3c8773e00ffb,42.99
1d858e0bb7f8c1a95605be259f635d86,42.99
6775f5798cafadd32fc2e3faa83124b3,42.99
27da2d4ea8e41b2ebf42861d6f5a3bda,42.99
0018c09f333634ca9c80d9ff46e43e9c,42.99
d9075d7e457711f4bb74bd30f94be722,42.99
05f8d9e59afc00d2c299d76618060f46,42.99
41f91ce48b296660bfe6c74c0eb433bd,42.99
877888965c706598eccba35bf3f11662,42.99
65efe371830251eb82424c62661f1ffa,42.99
3982c2958292950bf13e6df79c25aa3f,42.99
894f7811a3347d5c9ba32c805c51bff0,42.99
c31395b6a8c03ec7663c19c51d9622c2,42.99
f145f4addd56671c42102732192ad8bc,42.99
9abf15a2f31830651027730d7be7c382,42.99
199e8647aea028002d817f8aee8b0570,42.99
2e271b89e49e36d89b51f78aa7900850,42.99
223a9aa3954976590fb34edd7ad9ef63,42.99
693b539ec329fc7f7eac2bf96bdbf0aa,42.99
8e1a3dfd1b7a7ef4c3f4ecc65c238e20,42.99
ca691979fbbfdef74e179bf46526cf9c,42.99
187ff0596594edb29010def3c1c85eb2,42.99
0e1359315cd319cb082a2c6fde718ff1,42.99
97d3d42d95f911ec3a7bce4937ad5832,42.99
a6ee39350d5f0844e6157b56d9caa1df,42.99
e8485a5f227526d51e565b4d02cfef67,42.99
4415b9cc1e718722dd4bf4a79ccb08e0,42.99
edafb59d9c6c921ea0a8f06d3b179c8b,42.99
1a16295b6d8a8c0e6dbc56641012558d,42.99
dcca41a026a2c9326ed70adf39220274,42.99
8b5e899f6beae4402997de27e382c736,42.99
936d1149d8f55900f5f1858a6ccd5f07,42.99
f82b51953c5ce4b803faaf7e95e1c858,42.99
aba117622ed5ebbbf12cec54e77ea66e,42.99
9bf1366d0c36b553866ec4d27a186360,42.99
5bed810b9ae65c600ff9874dd61ffd21,42.99
b3aaa85c9690e3e133f5c83529fdb16e,42.99
ba67a2ef88a5d6b25536515bdfd1e8b8,42.99
2fb51b813d18f5458abbf4bf3c642ce9,42.99
1841fd04cb90d18f82330850fe69994b,42.99
514dd9fb6e10790e3e4ff173318d67e3,42.99
ebeaca016b045dff2d2282d10e2bfa52,42.99
2a1ee262586b0c336663bee289d388b5,42.99
a9d5a9dcee2320062aec0152bebfd659,42.99
224abfd20ba42fe6b394ba1e5a67b645,42.99
5baf545acc5f10945f5f2751d5d23ecd,42.99
be8c14c16a4d47194ccdfe10f1fc5b1a,42.99
de4d31d0e28b2f45997efac5f6adf462,42.99
16457aa87c0aa54bf5a3ba8b46f5a5ba,42.99
74fd37fc8813d6909eaf43e1eaaa07f4,42.99
242f5e8e3ca7e44f1f2f503946748b6d,42.99
96568e229f8fb757d86aa50a16bb7d47,42.99
f0de8fe1922665df9ea965006387a423,42.99
3a1adea21ea40d4f30807a9b3e4f7043,42.99
047b2318462162dea28e4b55638a327a,42.99
1f8162f40448030afe31553cf0b8e1e5,42.99
636e0a433880dfec0c8b743db2b98ef4,42.99
00f3b3a7cd0b6566435090c7fbda03a2,42.99
77378e668a3ff1ff6ad738902365eedb,42.99
b9a3c8bf0856fc0298a9d93c4b475d9a,42.99
22061cec75e4170733de97a152bcf946,42.99
44a838eb7c573fe810820c3f440bf4f0,42.99
e442a1aae863be621f90b9c7be165e71,42.99
1c282323584deebf1025c4c72dde565a,42.99
590dec4844bc876c38239f2b9d931527,42.99
ba0706a800eb7ccab81484154df9813f,42.99
8cc7890ab812dd058ca375f6384c02a9,42.99
403b0d98899e1d162e669ff629a74a04,42.99
4a1435c406b7c8bf1404a88a197787b4,42.99
fa98c49b78e4bf3bd57baee31a771ef1,42.99
01e3b59f83722a3b5c209feddd2a0b84,42.99
39045d6060998a076974587a93d62b14,42.98
39159308231d229f2fec5131e6667329,42.98
7ef817bba224306193a775257c181bae,42.97
3180b241917d07e27bd46aac80ded579,42.97
1a6619159ba150721453e7a7650ae0ab,42.97
77e171fe757957d60d43bfb5fd0f027c,42.97
2661ec0f4f32504deec828788a845b93,42.97
173b02d5ca1c65154f368ac76ecbabac,42.97
123c59cff833b39f496aadb58882292a,42.97
cae9dc0532352f8b430e3407e1f7413a,42.97
553203c044ef2745380115fb3696fba2,42.97
e818bc8add3d282d02b2eb2f64406645,42.97
df3647cd1abeadb6a0fe143deb1b8cd2,42.95
3e89547c3d2fe1176ad79c6715553fe5,42.93
f97344eb0871c942a01e27afbec92beb,42.93
0c6e1c99ede0af1d66df832917e4d7bd,42.93
f7053eddb66314ab05cf2f344a75d04a,42.93
10ef7cc862362919f25225bbade1e1ef,42.93
6491f7a16a09abf283fdb6ba317a67a8,42.93
be8efe42f0bf48c3b55b402f10a05a61,42.9
2b730eb88332dabd03cf5cba3a474982,42.9
e813177a243614efe9ee7d4b466011c3,42.9
1e895c76e8cd693bb39fa6731f209448,42.9
51fc4f4614c406974c4bfd7a5a5ff8c2,42.9
1dcf37da2946cd5a450289683d39887b,42.9
f5618502bee8eafdee72fb6955e2ebdf,42.9
fbf87c24c2ea29e860cc8d80cc4728e8,42.9
297d8f453e4758854d285697a83b56cf,42.9
f8e504ca6e18fe0afcf86d5b30817489,42.9
ba35569d12fb8093873263fa41adaef1,42.9
a170300e0506e2e9660c4bbd3f4149a7,42.9
7bfa4c09a4da3a1d5d16296f0d1af9b1,42.9
167bd30a409e3e4127df5a9408ebd394,42.9
92e61855ad557bd19a438abcb81b3c9c,42.9
0079368290cd7f161d62e7df9377d8ce,42.9
3114d637f54a47ad83603a3cbfccb511,42.9
541890f42357b79536aacad8678d0d14,42.9
b62d092c1963406b3dccaf155852e727,42.9
ea39b3f7639ee01f3190b0e04333cc09,42.9
6c4961fd4b4f7102b656ae5d8f2ee517,42.9
8e8815c3f80fae589be53794c68e64e2,42.9
57ee2ef64f17a5f9a4bf30489b06326c,42.9
80a76c0a8a6700d1b4a7c5d0a0820b76,42.9
d747bc7445e6f8c4de1bb9a4df39191c,42.9
5d5ae8f21ed10628532b1e96e942edbb,42.9
2c29a778bcb425a870da78fe671342a3,42.9
87037d2b655157357338785bb1d20e07,42.9
544e77a62037110df48c7f23d0a320e7,42.9
bf60c8226027b8e0c9d8ad58cff2a5f6,42.9
302a3f8652538ced8174696427526775,42.9
f350390f6414291f89b91b09b6f6d5a8,42.9
b30a923086e4f07fff8c0ca08fca2e2d,42.9
8c40d1a7ac21ddf12b0f2c82c6857769,42.9
39a5f9a6741051a2b753e8e279ad0bae,42.9
f3cc45a6cab182fc575c975c9c400449,42.9
3ac3d7c491b558c46250c70bf4d7d5f4,42.9
0205014bc84053ecae74d11d89f35f3c,42.9
465dcee0750c67f0366d32e259e9cd56,42.9
16a08791568d43a59571ac6de887b34d,42.9
1f22b24610582cb3c91d898e137f9ee3,42.9
53909918b92227739927fd6d20127a69,42.9
44b854aca157538bfd8e60c02877f887,42.9
1c44c6f25779bb001d8cb8eb362b58d8,42.9
4dc6615418c35ea2ba535531549b13ed,42.9
b6bbd7351823eef45c03a68842ad258b,42.9
1fc1c90ea86cf0ab56bfb6e442245e7a,42.9
28cf24314e32e953bfab6bd5c19d2440,42.9
c056ec712e18300c0e2d49101fca0a80,42.9
57841269df64fd5c9ba421df2e89a4bb,42.9
c29fdeabf5b90b91bc8d577b68b5c242,42.9
404621e15e8d049652f4287d8757a1c6,42.9
cb8ad7d435f596c86710e3a5ec531294,42.9
a93aa8521621d68fc2a9bef496f701bb,42.9
9f48171c84b0b1ca68935ce93ae68e10,42.9
8188c74760b28a5305cbdfafe183c3f1,42.9
647b6836dfd886cce7c2ac2601daeb0f,42.9
d152e59310ba4b2f8a71a0c919f1c4d2,42.9
abe66a9f3f9742536d9a55cc91e7713c,42.9
2fe77f33727918b1d8fa3e990d4967ac,42.9
872f45bf74c4adcd409346897aadbba8,42.9
dbe4e04008988a0694a108eb7ee2e57c,42.9
fb52810748f348ab4d10d96e8529e702,42.9
1d9369de8e15cda03be460dc48b80e9f,42.9
461ac5f6096c83246957cad38154e252,42.9
0f342c136ff07f922e5ee9e337096255,42.9
42791e4b0de64923954b7905a4d523c6,42.9
8cf4d011190096e3e13d34a6cee42bd5,42.9
97bed780a4c65afe88f387a9918832d6,42.9
81158f4b6c7e435523e87b28358dd55f,42.9
1382e0b4ecd71d070ce367c5c3dfcb93,42.9
0148eb6c4d23d56432bc3431ee6a5bee,42.9
9eb85dfb61032b308cd9dafec6fcb3ee,42.9
9cf25707678a56ff1e859db99c3d1c06,42.9
17b162e0b8cd336b0c7624a8e463076f,42.9
e07ef2cd5b94cf9dfcd1eb0cda14867e,42.9
691d40208631cd03af65dad66c462d03,42.9
5cbf704d3c80979cbc58c54881ee3e98,42.9
7236748354429cc6d4e409f177a183c0,42.9
7b7d5781af350986a44f61fd1f1d6a35,42.9
e87076a976e7092eb963a3e983f27274,42.9
c9c95d8ae07e85dbc902f8af97692aa9,42.9
ba7db023226291bbdc8edc4ec2a8f896,42.9
0dc9caeeab25bfb44e49d9d941234070,42.9
8d21ab372ced814e6463f1bdd60f4df3,42.9
0bdca8cf66b7d24237c048c8992a8b7a,42.9
6f0351a1bc68f11b955a7620f251c8ba,42.9
8c0a910554ce1592ec6402e94e232ab9,42.9
d37b54414ccb747beefbd36764b29bbf,42.9
d6ec518a7ac5399506de0c5535c1096d,42.9
b66124b45e367a0aa230614c0ad309d3,42.9
154e754af04fd5ba0b7afaad0a638616,42.9
1afb15b3e9553523d6eccae1c42ac169,42.9
874dc4a508727925e855857a24f95ee5,42.9
040cdacd2e48d9702c0f6a9347f414da,42.9
804635cc4cdadfca5df67fb156d9885f,42.9
db09079896ba2bca8288a3a712e043ab,42.9
713d876c66755a8af5d2689433f37498,42.9
6e66d0911bc117a0afc6313ee9a0abe1,42.9
cc109454691b793edeaeed419bcbf617,42.9
0e19ca95673f2a74a96ae97319376760,42.9
31e338271f0dfd2ca8392a683ff262a8,42.9
2903d0c277c788ada0296a7370093152,42.9
479260725e028708c1fa8011d306064c,42.9
49d829532bcad51bd0551240515285d2,42.9
663b51f8fd7358619b189238ee647318,42.9
61527352a91ee41c02fa8c3bda8423f3,42.9
df710b0e7d20542f3c29d644be1f20cc,42.9
e268970912eb010dea9194ee50e22276,42.9
cf6c82a042005e750e4b3d9c67c4ff03,42.9
07a945f0ed22a074a4af4cd106b504bf,42.9
0a31417edc59c78d19a6553b5a6328a7,42.9
1312052710d8669c61d9d6d07f5664c3,42.9
676b3b7cb2e9c7dc5d8d4cbf1aedae2a,42.9
45f07bb06fb8930061926add48c58d6f,42.9
880221ffc5e73269b722e4676d328772,42.9
6f4fa91813c10c8199496ff532e05ade,42.9
61dba1fa1816dba818bf2e583ef11c34,42.9
af2a5304fcb8faab05c96bf28a55cc5e,42.9
d531a466916c3e5000d9464bce50c199,42.9
942e958857fd86d6a3ee59668ea1cdf8,42.9
844bdaca34a0e59b9476ad8f38ff1390,42.9
650a53e13d36c61649a28f7547cd5cf3,42.9
b3aa19f75c5aaef3e8d56ec06ec8b4f4,42.9
2d85651fc351f4e5043b7e28123f2f52,42.9
8d35d98c5f8b7123b00ed3cdc3e04864,42.9
dd71b45326e4054c81c9ebfdfad977e4,42.9
c8997b958b604cfa4a875c16ecd9987f,42.9
4fbd9ee982bceaad9d77ae03ed9a420c,42.9
cb69944b980f02bb33209197c9fdf7c4,42.9
cbeb90c1da68fb56a32f60273a914415,42.9
40cbbe692aa48ab175dcfffbc664c061,42.9
1141df1ba23dc9641ff60c129628783d,42.9
cb54065151fc0e37c78981da5333d98e,42.89
9338c981c1692068c92ee532bb91b112,42.89
f1c04a5116870e8c079ce3087c795450,42.89
3dea99f007f9b9a745a354fe201bf0e1,42.89
bb518d8a934e5860d0cb18c929cab493,42.89
87394943aaa0bdfb58be8462b549eb95,42.89
b939acf224f32675a9ef981a024e8d02,42.89
9aba3f44aa5e37e14cb9a0a4ec14a1d9,42.84
53eb7255c56c4c67c78dc75bfb1135d8,42.8
1a46d7bb3dc763ad243729435e87b3b0,42.79
3e6754e591ff3568ccc5bf69a649918c,42.79
b61ec458f485a27f475adffc91b6f55f,42.79
cfedf8fc9bf6108c3fd34514c00be6aa,42.79
a65083c305f6632d851a2d4d44803ab5,42.79
ed7e76c66f7fc999b2529782eaf34b02,42.79
2f039c43f71f86584ef4674ce47de10d,42.79
8afbae80295a2f702e77f7e80c25db12,42.79
58d35ef620f2e9b5e65f4db499b36053,42.79
6ad71323c11ba8a83737ccc3ea31fbc3,42.79
469eac1e2fe2a69a8ade2d146e9cbb9a,42.79
bb36e48b18ee7208b8a832490e8b9ca7,42.79
f2964656a77f6f0b5b0db9acce8a863a,42.79
709a44317585874947086347088ff28b,42.79
6177cc6aeaedc1dda65903dc80adbdd2,42.72
80cd284463cd296129eab19cac5f012f,42.7
c974a02d47734b7ac9c18ab828e318fd,42.69
8d4eda1c04f833f903399937b01f1539,42.69
b39cc591b3abb3b29b880bb174b10d65,42.66
fbc72868276e138732416292b2c011d1,42.6
a1bad9f67c4cd41fc88e849635c46c4c,42.6
326cd7173402f166f337b4abecbadba4,42.6
b7050d0df94080891fcc78ce49294a1e,42.6
8b6d84f739545aebe27a78474fe9ab9d,42.57
bbdb447f1fad899e9a8d48ce362cc4d5,42.57
729862db9ace71f44613602b0bb1ff40,42.54
68d9b4009de453c3009235112a15c822,42.5
e7b37ef2a4b966f72195ee1d83367c0b,42.5
741040bf9b7fea26de777b52d3c48328,42.5
0055e9b290953716739bd94a256a4144,42.5
358f08ec395bb0b74d9a5a1a594e6e98,42.5
d1e9170a646370074dda424098fe10eb,42.5
ca90047bfa3f38ec336498a3f21b8834,42.5
e0d310f4721fef7575c5ec725b2e9b94,42.5
726c6521aff087c08b1742ac438ddec3,42.5
3e3cb27f0d01f9763177c6de2d4bf139,42.5
31875ae739e2b3c59cba1083bc1bab12,42.5
0ad75f229f9238883a44dee88ba6cc1f,42.5
80393a47e7d11011de38b783b99f09ed,42.5
3f942b4762a240bbefcc1ab22b83bfcc,42.5
def513eb26f183ad903b94b9eef04bdf,42.5
c6d04a9495cc4d8e22a4276131aac50e,42.49
26478ee582f4b86952910fb4c7ee93b2,42.49
a602f08085718b73d296d7af2a7e5916,42.49
abcda364aa8588e2151e33d27268bcf6,42.49
05d6dccf0ec00ec89c4462f9925903e1,42.49
689aaf7d943b42227eaa5bd4a505fe2e,42.49
10cf33d13587d36f04522b0cd44bf2c6,42.49
4729f940579b074574d217639714aada,42.49
a4fdabd3329523ce20c34c680ec39839,42.49
4c5696df98bd6f243f9015440784bf95,42.49
38db66ceeb2f79538b16c2add29879ee,42.44
d107d120d25c054cc96132e3a88bd900,42.4
2edd95950a67ad28828e6cb82d31bded,42.36
721a29f8fd580ecc0ffa77c1eb55c653,42.35
7101f942d0e6b416445c4486971164cb,42.35
57254253b91069d90c2d105ce6d82f7b,42.31
d87a2ee27f9cfac923da7c70a909ec9e,42.3
3d2a4d705b7d68ad838c79434ff1b628,42.3
4500849020b5728840a0fcaf0531f786,42.3
d9044406394fa70a99a15c07f7f215f1,42.2
1e4d5a2d659196f90c553ddfca5a6a3d,42.2
1d545f92cde8ef9ee9db09f963d6e6b5,42.2
9ab821f6684feba5c42a42a05c0a12a2,42.2
397f66d3001437d1499712eb4e2c8583,42.2
c20523f1c93a2817b6e0d83819c52607,42.2
8dc52e5ad5b73b2c4f559a80c7bee085,42.15
2b64781218424cfa0804acacae74a20d,42.11
53c312b1cd2febb91dedfdcce49bd1d0,42.1
05a0608ede91cf6bfe4ea3eb2a7bfd84,42.1
b725c254fc9b5469c48b1f15bf548517,42.1
f2760a5f7548e1db17a8045cf6caad9e,42.1
63e23b742f978f372f85ce4b6bf05906,42.1
fcc9253677a5212a90435b72b675acd1,42.09
06ffd9960e9ec5811b24d8d5904a89d9,42.07
2a083bbded65694d1e0cdb38fc757019,42.0
18467749cf3ad014c2562def1727fb2c,42.0
84971871f375aeec76feee2a773d164c,42.0
8f56174e1d057bf34969334b12320cbd,42.0
091ff88b45f8e6b1c909a9ca8b0618f7,42.0
9d3b949fa77c3f6bbf95203e237ece68,42.0
09c9a5bac2090a35911123fdde817548,42.0
8285e4ac7f898cef79ac01ca8db2dac9,42.0
212f4bd964e2b455d2adaa4370aa4964,42.0
5f794585ed532b5bc3fb53e0a25b56f1,42.0
cb075f8f1f97f6c54d2c2ea85336e815,42.0
708c76ecc87a8e284fab90713540c35e,42.0
145ed96e22cdb678a8b4107d72fddcc8,42.0
eada5b345b1d846ca260ad12e8ec98cd,42.0
aa820e5e82c2724e39fd639644077197,42.0
f4eaaaa6f0cebeb7c70983d624dd648e,42.0
c735eb0078030fe24d1ab1390468c19d,42.0
a558da39c296c8bc9b70ba67e92430e0,42.0
3ad50050643d2d0351f42e42776550c6,42.0
7095f9b891c923ab4e2298b22649e6ca,42.0
ef66cc15d398275f5488bb363bb585d8,42.0
a6f2c1401d1b5fefa1dc617f02cb4a90,42.0
7b6ea917ba465f240012834c675c56e5,42.0
8cc2e82d06a4d26a4f9a6863f052d271,42.0
0c89c6b8a3eb1a427ae8f50fa500f009,42.0
90cd3c1335ea14527183b56a1e285809,42.0
396f15716ae94de342e646bbe8fb8182,42.0
11a4c8abedc298e5fd500b5b2cd55d70,42.0
c9cbb7812e672e5691f82619fc2a147e,42.0
b73c72519bfcc61f91836d7a67ef40d5,42.0
5a85f4f7d4dcd220e4b29e0d0ae6478e,42.0
f3b0ddd4fcd5eb6b9a3975a4440cb9ec,42.0
f465bdb6782d8b0dfa790b46d7e10139,42.0
8d449ef5d6b9c0e61e27917b778db8af,42.0
9c9c8d2c1de0e4d5fb1a271c02c55eaa,42.0
9dcad5209031922904ad237a92dd0969,42.0
b227664d2a9919467f60b1bcf249d283,42.0
082494e1ad97fbe3fd2efb729b24e252,42.0
450c27e5b2962a410207ebdbe0d15f43,42.0
ea61c8208a16fc3b6e9aa23568000749,42.0
6bdec7cadb5183c87d7a683ccab72ef9,42.0
62df8cffaee82da991fa157039a84ff2,42.0
bf4de82f32ef651f28d27c81bcda7407,42.0
5cb31e4d889afd369634b4d045403645,42.0
da46ea1fd34482beef6ea70f81442d75,42.0
bd6716dadc80ab513e5ef67fc53e6934,42.0
accc74ec6e22e46c2685fa8dc84b4335,42.0
83947378add43559d6b19c280f4c58b9,42.0
933ef27e887c4f3e10f90ff8b4f187f6,42.0
70a994c9723c3fca596dd1c71238c4d2,42.0
76c0fa129e051872153968790fd8b635,42.0
076a95451d19c0d270b3174fde51bdc8,42.0
188e79c8a44386f6a6ba355783b56a93,42.0
ad6d2a29482345c8f02cc58311e11312,42.0
70bc415c0f7643fbd89ef8097a3d7b79,42.0
835aa892fe91f66be24db3a0c91208e6,42.0
f4b699445bfa4eb7d6247e4f47eae9e0,42.0
20c00fa1bba1afbd5ad4c8ea594e2dff,42.0
673111533756b7bb9f2271d6cfcedf32,42.0
7fc9d895508c9702d62606338ed092e0,42.0
122e1d8f580d56ec9462af1fc65a4a56,42.0
108c277b95a45f849313ac0796f32b59,42.0
0c7204ee9281f0da796c071ab64ea752,42.0
82b3ba19327bc589f081bb65da00ef6a,42.0
b716a586d0c872c78094a69185aa8da3,42.0
bbd5210b3e2717166e17ca01df3411f9,42.0
b8cee83a4e14667112aedc111654577d,42.0
04750bd159f6ee54d7ad858b8887128f,42.0
1c78fda0fe9c74e5e305a729e2734c82,42.0
3887e889fec8574f573081115ab2ddf8,42.0
e1a8bac0030788c65d3500ef868c6285,42.0
0d0e02f035f84b429d470d83437aad47,42.0
c958c1fbd0747ce852aea9017838ee5c,42.0
daeac7c683a60e1e0eabc8ba0df9d3a5,42.0
49ad8c66ca691087fa4af6939448dbc9,42.0
2b0d89e5ab29d9ffdccce61e4c26e204,42.0
8b395f74a33054bc1e054c5b9348df51,42.0
e7c1bcfe34cb8e778701ceb0b4b4780d,42.0
c58aae26cadcf02d41274b7aeac18ab8,42.0
1d27c6ba146cd92a1831a57346065da5,42.0
30f64100324740467832c33c5c95a79a,42.0
6311a3c1ac4f50b4d94af47a6cd0e20e,42.0
3b6e430f7f94ed9966fb1f558e034c7c,42.0
742cedd54dad5e81da2cdaf719678e3d,42.0
cf15b6699cb95e493cd6e71431ffda1a,42.0
a11792b79fd20e5338e64d4f9b76cd22,42.0
3eb42633960a87c62fb0d49d9a9a8e87,42.0
249d7c303dd2a642c8b0f59ca7d72c11,42.0
175f8430de932f744f8eebc3c680915e,42.0
52220722b1316d8b493799035cb38463,42.0
004df18653e9438571e9d294776a5c5c,42.0
301244891b00c0b50ec19d1707ff24f6,42.0
1f59fc8cc5c442ed60b7faea9cc44a68,42.0
2a0a7b746b977709c057f7f8cdf4ef49,42.0
0a1d65d1119db7e9c8001e375df6850e,42.0
1f4ec8b52e2199f2083d25ed7c58cdf4,42.0
5e74f2276d4494b40c013f43a6584339,42.0
7e095e120d9e70f36b221bac13134949,42.0
7dcbe502ff17e2a150de35c16eaca314,42.0
1c506b7ce767bed0b88f0861d9c4be89,42.0
1e28d41a63a43b00df36d4c67bfb8684,42.0
6e913b64fd2d9102fc1b02bc03d81224,42.0
784096dabc6f982b88517145eb86020b,42.0
171cc8e936208ef130707982728df024,42.0
352aabc5950671daccf6d97a694a0379,42.0
d2086bed6bec231d8db6a6158cc4b407,42.0
f561d5cc81ad8fb4266e692b2774abf4,42.0
1265cfcc7c176a1d00fb743e2aac6d7c,42.0
8305f05c711e3b117730f542d8d6deb5,42.0
cc708205c142818e4e7d22634553b8c8,42.0
4feb636a8b4649291002a7e832289b03,42.0
97e451a140faf5f6c398d22d62f291ee,42.0
fbab8bfa509fdb59b1a493bf43af86f7,42.0
a5d154657615af89c19f5d280eaef844,42.0
7b26d67196d749959cb7aee13b4f4de1,42.0
f330cb20d9d9c5779de924d6a5fef754,42.0
a4a8a7eb8cab3c01aa0b137399f4ed51,42.0
63f4af09fb9173f543e2c340dd9aef85,42.0
07d91ab1cc12928c32ff2120bdf6b6d1,42.0
1c81f92eb53399d87c28346e46955246,42.0
ee9b87ea57b325579cd3f6cff93f5f55,42.0
722d17e6dc8ebbac9e661e3c7af844fd,42.0
2943396c3cbe75606b469976a0ec4e68,42.0
a667da129180ee7f49d7ca633ffce577,42.0
b8238ce07cc469b6ce181da12100fd60,41.99
ff0839c962e0de1cee0a782bda352401,41.99
1ad00acd47366f0fad9b5258e2ef8a36,41.99
a973397ec57671787a6826bc9235b2dd,41.99
082d62ce77055d3e52dcd10c1e2ddd2d,41.99
8a2fbe2c86f7f87cb8c663b48051c780,41.99
fa2eecd28c496ad4228e88fb116d24b7,41.99
cc6aaedb9d848ba9f23c88f455e3556b,41.99
55006617698ed79ccd65eae5281c0a42,41.99
6e119961531891f055b01aeb4f93552e,41.99
e7a009989b7bed004d9f31791ee68bde,41.99
0599e49e3b77b612391eba9e6ab01d6f,41.99
7560faa92e744007c969d655e8d25f1f,41.99
41181c4f1f3c814dfcfea3957eec452c,41.99
fb5f2c08ba026b94235ea72c0368be0d,41.99
886b800c818f6549c5c8a810d10ce92d,41.99
945c16aa5965b3a95580ce93421305cf,41.99
5a41e4482722187ca65fbdc372d3fb5c,41.99
ad21195ebbb59e7ee06a5f4a769037c2,41.99
6cfc98c9a135e3149c652f6aa008ed10,41.99
434307c016e186e16cc50df7b23da3e6,41.99
662ad4f6eb71e1eee49899ffe25272a2,41.99
52c1e413793f215faaa01a161adfbab9,41.99
cc0767edfdacd11c67d2c55342421444,41.99
fa603000df740cdd04040104e289c206,41.99
fc67e04362ada373e1f7e7b6dab539e8,41.99
15377ad18854e02069af4900c8e4039f,41.99
ff24c0250b3f882f90d87942fb7583a9,41.99
e748bee251c369a98cd9b20671605f10,41.99
c3d665a278af5874f95836cde559223c,41.99
ae44e000623f8b6fdb32053a23853bec,41.99
7d672a0d32d9d7fb5b3ac68e6a49078b,41.99
20880149166c1e70a7e235e486e3ff00,41.99
a884c88552142b7713b7c90acf653d4a,41.99
96c492da7645ca77d09a59b20d415cfe,41.99
f26a3ca1beb5430f03e91621c7428b46,41.99
7c0916e6c811c2a6916d2ed0a2f1bf49,41.99
48dc27369790df93bccd9e2820025100,41.99
a28fc82d5947b4c781e56085385d7600,41.98
13114cff38ecc96a70ecdfbe4802da39,41.98
748dc3cf89539712218c89009f5db25e,41.98
2439a2f77998e224cef5e289f7aeee9c,41.98
6bd97cd7b6f5dd3508633001ceedfdc9,41.97
b4e1fe74fa0bf95bdd28ae1b5a9c0d95,41.97
86163f5b646745d0ee231b6dd77870bd,41.97
e74a6338773e24b2e8a94d82cab4ea45,41.97
ca354beea5d55bb432fce7e6cbd5edd7,41.97
cecfbcd61fe1f11b7da316e1be390dff,41.95
24c7cad158eb1baa048288b63c1d6085,41.95
a814d900341ec8788f9787e402d25b17,41.9
f0d5523b9ed51af045208859d0aed744,41.9
3541c8e60ed42dee3390eefb313520c2,41.9
90caca072b6ba6b23f41621fcb354449,41.9
253fcc56484689f306e6ffb99c99f540,41.9
cfe4eb5b21969ebd94370819e38c07b5,41.9
cc1b493af97ae700d97fce303d5af14e,41.9
f55848d9e5d221be9ebbaa1f2c028f02,41.9
3356bf9d231074d20a5b81e9cecc828b,41.9
d9a97b85146c1d70a00c7048ad21e272,41.9
fec424751aa87f5451286fc3d532fae4,41.9
ad286ce4a6bf7bfb8baf2716bf8c806b,41.9
1c0f65288ca605e8f359d5dc62043aed,41.9
8181e01938f34902ad6d883bf57f803d,41.9
30f0b55f10d0ee3b0b63d9111350e27c,41.9
0a978c825ff7d013133ddc7f77566172,41.9
a8a05978d0c8cf453db5a3089314aa88,41.9
eeb1653401a3e45527ae635accc52751,41.9
0ae2b2edee0a604c92ccf6ed3c64376c,41.9
9974e59c3f6c8186342935125184d014,41.9
867fc3f851326da797d03c31e93717e9,41.9
1c5919078fcb6b7ffe5074a3088e651d,41.9
899c69dce4b87e4000245330abc6ea13,41.9
cae960fb0f046ec619b1cb0b1da7de10,41.9
f51a083e0f7c856683e0b684ebf92ed7,41.9
65d631d0de3181168bc5699f5c766861,41.9
3cac74b1c7dd18deaec3e1e772bcebb2,41.9
ab281471816d84ca98080ba017e6c357,41.9
237cd40f8611065ccaee3db2484eedaa,41.9
3379c7a16d562a9dbdf4b6a3d55754b3,41.9
306cec97b910365317da80598f923435,41.9
52f02704d86432ee5cc102081bd388dc,41.9
c6ff6fd9176187686250b6305139f9a5,41.9
9f3f0f4cbc15ba48c9906e581d053578,41.9
c3e428d2ea3743820fc418a630afa102,41.9
8f61d7acafd5ccaa235c4a6135c0180a,41.9
94090e8d1c257e4f684c0bb8cd37bf69,41.9
48eca07f2ff174b2796c11ee75f1b4b8,41.9
b9f26691e9d74484ffa51effa090af0b,41.9
60c9723c5d232b784f10940175deb500,41.9
8ac1fe94e53325560257c8758c9a8f4a,41.9
fc8da044983142c6a87d308b2cbfb76f,41.9
ce94171f740302491e9c6f36626e5354,41.9
8f075c85fc78757c97e0da4d0686ef59,41.9
7e8a28d1a18520713f1767ccb03a494e,41.9
a7bfceb8895ba1f6c3582fa32fa53bca,41.9
99e9bd1f018cead3871691bdc5a3f465,41.9
2b57de8fb59ff0a7c459161dcbac34d7,41.9
d480546bdc6b03fca735f10fad331dcb,41.9
8949f0cd8b98cdd06e590de6dcc661e1,41.9
cf7f629389df05c279179f3e158d506c,41.9
2a30e5af7916ce1a063a7bc24eb8bff8,41.9
1f79c7cecfeaa9f81081521e4f84a1c6,41.9
67f17583aa3d40a008f98ff8abc14069,41.9
0efb9bcc26d67d0988006142e31dd13a,41.9
152b39d7f829538d9a25281cc20b0af6,41.9
a4355553d1a2462b71ba37cfaed64c99,41.9
ad9b4f3dd57344377da2dafa6a193ddd,41.9
acdd98a7de2d5524730599eef83725c9,41.9
0db1285d1cb88cd2661d114befa1374a,41.9
18cb08c917ab8bf5c3173da7e3a43d9a,41.9
207f1f6d3f964b39a1f0eae4a03ad746,41.9
23a6843fde89b7a73271d0b7d7ead49e,41.89
adefb906403815c6d515c55b2a7091ee,41.89
e6dfd24ec0d6e4e7002fa6dca5bf55a0,41.89
6fde8954a5343cfb804688167c50f78f,41.86
0b0e8ff0c3d490e69901bd6f0efa190a,41.8
d18570550aa0268a73256e98a945ff15,41.8
2316633184c54853747f4eba40532234,41.8
636fc788dff5948716dfe026ba361b98,41.8
2e558dc2f2797f4ebf11a261be0abd1d,41.8
1c9d47c53485b0745f9b85d21a13581d,41.8
af2ae43836ce7dc21710105ceddd1644,41.8
49972748e7ab5fb8b8f13e36e0437d4e,41.8
61f0e827727727a1a58f6eb63b553288,41.8
470130101d8d9784d2a135c0f3b56b65,41.8
1af2b6993c484922951d0017979e65f2,41.8
a217741046240aa9256eff40536e90e6,41.8
645afc7ee52104e787757012bc532832,41.8
7f4a30f8ff8f5bf42df32a7f52a710d9,41.8
039afda3072825c183a2ec67468cf1b7,41.8
6b389e2ed2c71985c9a40be057537959,41.8
790a05c9cb4a2ed50d88ef313a7e9dfd,41.8
b7471219b0b1f0ffd7c258484d4331bf,41.8
e7172bfce0d5f27fa2999884f6080f61,41.8
67198606d2a581bfeba1a019e45ab276,41.8
69c28b2b49b4b0b3beba4e396cee5551,41.8
52e697a7093de3141b225560bf164858,41.8
f2bd21cab03b9c3e39bce8fdecbc0eda,41.8
5d018d6522babc97ecca4ca9be0803e2,41.8
711adc8ce3d54c4aec1bc2381e025150,41.8
f7de450d64f79362f330ce89ae6ff045,41.8
245100aafd9804af7306b43e763be87a,41.8
0a44d5a0e291790b28962484733083ad,41.79
a8f78dc3ca07ecfceb3908935971ea3d,41.79
8e405dd9f8e0d75e9f59ddac294336f9,41.79
33e2187b416aa78f830198f6dfa583a4,41.79
a7ed2be1cd5fc71fed065c8c3e1357e8,41.78
0faed0807a45b9b4a58b0a9550f281da,41.78
632d162bed71bc8d18cd10942cb54007,41.78
8d8b2fa411cedab0a38abb6123a318dc,41.76
1be70cd84bb8fdc5c77a52054d6250f8,41.73
87ff88be4fd718b5655bd668568b866e,41.7
39c082628d716c7e5d595b2c28ba81ea,41.65
4f3530f76a6821b823ce91e12ae377bc,41.6
75d2b9b168cf65e5c1865ce4d1745ebb,41.58
401575e6ab34a1d57b073d7ec96d6dc3,41.56
0456002a0c954678f3a3151b18ad4a05,41.56
2293c004fae6dedf12d1ab452f89f4b9,41.52
5d8e9bf326847e0aff523d2a032bbfe6,41.52
2d1f56066f0eda08b5c630ba30faa6ec,41.5
9c92bf6c552a735ca395ce754a61ce31,41.5
655ca3d2f2feab46c63fea64f8a20ead,41.5
72794b76e6fca04ef17b06de430523f8,41.5
0efe244f8d2101871dfc0e2f3069fd85,41.5
3b6a37d37f885df51402d44154c76bd0,41.5
c031cf438eaa6c40ffc3b376e05857d1,41.5
9beff3d24f580da0b790034bf800c976,41.5
0d1c6d3ab7a00dfdb6f5eed84d51d543,41.5
53a19e234992bd5782f8ca4f79022f5d,41.5
9c218e321cb9d2d3fedaaafabfd10623,41.5
6a05e32bc49278c3b776856f333d0afa,41.5
3828833eaa94989b67eb1cf7e5f84524,41.5
b19bae666b5f5ac5a30bb5a3107fdc54,41.5
42e4ba168ec81ad850d53a5cfd176cf2,41.5
66a5bf9dc03c0365992c47c132b40c0b,41.5
4a5eab03ad0ee1503ed736150a484cda,41.5
c5f083ee29fbad8f643af08c74fc8ed5,41.49
d3f98150c93fb36d161e37af7aecd80c,41.49
34ec470debe9683b360eebc304fe7705,41.49
13f5f91f46713c9ca70ad436db456b77,41.49
6c9a1c38521724d0ccc935a234823e55,41.49
e211679d1f3eeb540b0445486b181d2a,41.47
33b8c73c9e6bb0e7156ddebafb5dba57,41.47
59b60a9c2357bfbc04dfa8cd38c54a65,41.4
a807bd3f8b7f9925b6eb9d07c0f3387a,41.4
1b27e7f38dac493a9d3c98d25a346edf,41.4
3bd30155866d17df9186fcce6db08abc,41.4
0863ec11de6ce167e48d77313f91d83b,41.33
e5e2a89475690a062eefdb426046ae18,41.33
0ea7e975722227d74d3df0dae03de8c2,41.31
4b1cd5f6a4b5face33e57509a38b3c57,41.3
faa299ecd22a2998858efc7cb87011bc,41.3
512f9af95a8df8484e0afac3724514db,41.3
143a4083c98eed4151715356aab75996,41.3
d357b3b8cfab071e2d3bcc009f24b3bf,41.3
c5ec9e7825f8ec234b331113945cb5ef,41.3
dde9ed4148f719476da388d68182d425,41.3
34d69d0868e365b1c6e30282f13c9411,41.3
03e82ff4feec050581d548f628bb4490,41.3
5a76cdc27fc4b7007275407cc5374470,41.3
874233b5c103a2784eeec9f6bf8b1cbb,41.3
ffa78a5bd171f26facc78c0409e86d3f,41.3
da2630d35e990c5b5b15ce6fb192b5be,41.3
e07ceb7f54b6fd99d3443aaf50c6dd9e,41.29
abb0fd71e8815af6312e1de0b7091d9d,41.29
dc2d0dfac2b00a63f53a12dd3baae308,41.29
2953e41dea84f8fe69dc569138b6002f,41.29
6ae0139cfdfd904fc9a6d8aba02a6986,41.18
e6ca2ee6bc5a14cf204a7e8b76a0c2cf,41.14
0d5d92c27f1a3643f7cf88482dcd1d3e,41.14
d8c0a0b659f5ea0167023bf9e8795506,41.14
2c2a6f5fb74d8692692d21b52349b401,41.14
e21e09c974438b29525fc0e318648258,41.1
f8a3ef8f53a537e47452dcd1c02711e1,41.1
75fd680d4beb83356a3f1d9d9f0bc633,41.1
cf47b091281173221ad0467851d5f02a,41.08
620c8fa2ca0e1e911caa7be15c394854,41.0
2684bfa39211e22c535603b1066b6f5e,41.0
d2aa6bef2582c7482ab992fa89f965bd,41.0
340485e58213e37b8cd9723e0548f7c6,41.0
d1628010d9f143ab44003d3434328114,41.0
694edc807e805eca279af219e9fb4086,41.0
911882d93977d216a84a03171f671ae2,41.0
397860a986b2ba52addbf1178aa4e378,41.0
9d617961f7b37079063b6acbc5568e13,41.0
4f65f6d688e904125fba1e3e87c75214,41.0
93ad1bfeae11321da2d9daf61e594b3a,41.0
a96d6b1da9c9aaa588d92a1a95e6707e,41.0
f3476df115c5d26bdb6bfb71b5fb66af,41.0
09dc5a66a719f60515d3c23a404aa693,41.0
eefb7035ce3a063fae6c1a9979365689,41.0
f780f03bf6d456e6da8e0eed971b60fa,41.0
a0a942d054dbda15d1d48bfdd2c24422,41.0
d679f47ffdfa4ae1aec64bdae506be76,41.0
73fae0f59caf72aeb4c69ad3ad534c44,40.99
f83784635cb989ff8f58e7a1b0aeed94,40.99
c968a52fe5d6911925b5a108be430420,40.99
0be23035ad10fedb829249b612f907cc,40.99
48044bf0c49a151d97d109b8e3fc83e2,40.99
779477b9f9c25c89eede88c5a731f1cc,40.99
aadfed7c87a6ab33caa12d5aaa413aaa,40.99
baf844983ab8e47eeffa94edee0142b5,40.99
46b26f3f1422ec5f866ae49f1be87d4f,40.99
fb40a60be9fa5661627e0f22e666c166,40.99
46cba3072f7ba5816dfcf09245ae676d,40.99
96d3ac7e240192d6083be5a89a56da21,40.99
189a0566c3158cb9e7a6c3b812e2a29f,40.99
3141cc179ab3a6e43e197bcd74ea7e68,40.99
4d498c0a47f99935a37606319f6386b7,40.98
aa743174847b78266e47461b8bcd1bb5,40.95
5304d2aa57725ce435b8abea817b7946,40.95
86f88f01dcc9599c9734faa1cb606a94,40.9
3fb5f8030f93b5204eaf2c47c0a585c1,40.9
01a4594fa7dbf53d2569e57173df6895,40.9
43c4f6a444e93844407d55ad85958070,40.9
b253ab4ce264a72304410c04d66e3908,40.9
f5af1f7ad0a0eeb438292e8540480407,40.9
c194b82916f0a767cbc1195072f8d623,40.9
b12e23d0bf11297749d4ff141ad16040,40.9
d61138db5bdc5abf1775b4420cf6682c,40.9
af31ca29fb4190a0b56304428dbe90a9,40.9
a4aa6e8cb1fe3ed490cc26cabd8be8bd,40.9
795d2de5fab854dd2b68a6c1fbaa1f21,40.9
0dc0162bbe9965694a426d8c6f1a56fb,40.9
0df7ed475af4782bbba1363517a9ec16,40.9
437bbefd8040aaa7dcde638396f63c1f,40.9
43cb5af4ad1ccd528624f1a67ed52d50,40.9
e29eb61a92e3a863fa3d462ddd062365,40.9
9d70473610a913bc6ae8b9b52c35459b,40.9
d9f2aa097ad0d82553e694094c4d02a9,40.9
1a078bd3687da0e2d34c8eea463b975a,40.9
c7dfe8a4d98f2c191a73944ffcaa76cc,40.9
098afef7287e209fa5ab0fcd6981a45d,40.9
b74bbd3e8808190560fad0a7077e92ae,40.9
88dd9d5557adddd06ec7e12980596cff,40.9
5d6358a6b644be8db26189ce2c3f2031,40.9
f631fc2032b15f0881cece32d44d08d0,40.9
07e4b8e04c04a18508d3e4999e460f8f,40.9
c8e41791508ca5cf1fe0d9d49c75cf31,40.9
d4dc57fd18dfe3e30be4d066d873d388,40.9
20c1fa8405b1796b15ae7852d73875e3,40.9
7a38bbf1ab93ed3d05e54c57d7e5f66d,40.9
458223e3ead20abf2817f7ec7a91f4ff,40.9
e6fb71a5c771ff1889d56a084746493e,40.9
aa0c59490b4fbee45095c10f93afbebd,40.9
1946495189477ff31bbf21d70348e4ad,40.9
f8f337dd8c3932f7ee12e407abf7351d,40.85
3756b6c32606779d7afef1ab970fcae2,40.8
849f55b3f039513a3394254b3be4dc7e,40.8
28879eba5897d793590ee91f3a54e150,40.8
0755e6f6ecac96625cb7a0efa00d0b39,40.8
c37e9e3df9ea0bec2a24a0c5940e3537,40.8
fb3aeabb381ddb0b8688ced4bd8d3d3e,40.8
6bccf45b4f9cbb8829d388a337757a61,40.8
9b44dad6f8b4374f3635844250e12cc5,40.8
cad2dc8d82cd9ccca487589a7fe62e6c,40.8
af4eb5fda65726393fe12a5a437d8732,40.8
06a0aeaba8ae05e4dfec7817ed0eca21,40.8
6b05152bdc92e7134f747c0d0db61d37,40.8
e265a180914056bc0152a2c2bf86721d,40.8
8b128a84fabb2b5d032389d7fe35509f,40.8
f18172f929d9460477b1975109a5543a,40.8
6283f75903e27897d42387f049a99379,40.8
351a500a136c5ff037fa56f8c4c5ff88,40.8
441a64d207dab5faa2b66a381d759148,40.8
cec5fb258ac2eb3210402449e54f4743,40.8
c9f269b214fba65e362387a75c60cb91,40.8
1dc9dd1db9aebd0a3c03eefeb3f7ee1f,40.8
42bb50515411f1a0d51a700636416201,40.8
de7123a14192ec3066359926049b0f28,40.75
1c60caa82a933780279e85c4b7846bc0,40.71
7c8dba54b348b5f16f4e74a3042136c9,40.7
829ac87220f69e8e77ce44c3f4110288,40.68
4dc1c501d1281c6c1ed10aa74599fb5f,40.66
8aa1e804a24e5cb928002a082d7effbf,40.62
c838e44ef735bf81eaaf088eca9e4b18,40.6
dd101a5a4c2ebc1a148c97491a146d33,40.6
b153b497b39881176a662c8edd5c5671,40.6
107191783cdc3bd8d53ffd523e2e4fba,40.6
418af5f91d6a47660e62a208385edac5,40.6
1e85afbd5e188c31651496ecc7299f55,40.6
5f0d1a2585d29514956283c559da610b,40.6
498d10271008cca804780b5d186d2d82,40.6
c67a8cad742b0690b21e4f3dd47e5e36,40.6
d6d545d0220741b286f0cd79ff8d0d68,40.55
85fc9acb99cde7cb9f1950b2927549ce,40.52
d80952ace947b1e43b7a5d279da00cd3,40.52
f9d11796f409c164ef9ed4ffe92b9ae8,40.5
d4821ee155d89b0b1b5b3460c88fafb1,40.5
56193005c66b353063ef884af203336e,40.5
25e1b4a284e60b236be7a05d6af36c72,40.5
728589ee5402a95993edcc6ca4975ac1,40.5
3c77d8084d2a940ae106c3008590602c,40.5
e5a5bac36da02c518203707259c9d838,40.5
f3c82047aa4068a2b028e138db4df0f6,40.5
de4c50d66aeaedf525016938c1892f51,40.5
99b1950e7fcf9d753b721988c2eb724e,40.5
343a25ade25b0aa9b86283e4e765b7cf,40.5
02c14c4a48266b1cbb810a491954e97d,40.5
c798dfd69dc7b34d216960c82fcb6771,40.5
c5d6a4555f126d0158ce59615b285436,40.5
082bd75ec981a16dbc59f045c923e48d,40.5
df94e5683581981f437c1986e75c2a29,40.5
853c0f7e3deec49d37c0b37c50382f52,40.5
572ac7d2f685ea87f7223457b6ba9603,40.5
2e8bfe5a56818eccb5017d88820db31f,40.5
efab8c8d0fb7ce695fb7321e851fd0a5,40.5
1a1aca3aea66ecc5fa26e1994aad30d6,40.5
5f8529d3f9d41718127f8ed44d471c6e,40.5
745e96c7118e48bab20552f0b8f70130,40.49
59e211a0b4e0271d1155a269ec01d020,40.49
05de5898b9da9365b1823e7fd23700c1,40.49
51ca168d7521026309599e5567efe070,40.49
1bd953cf0bf329cffc57a2787803734f,40.49
e341b3f8d88fc48a56221bacbe1d7e55,40.49
44fdef4a8e319ac32493afc9cb0731a1,40.4
dc1fee26331f3efbe709e4cfdb064e30,40.35
ae65930349d5e1d30e5de196a2c901ee,40.35
10ed82c17d5e644388fa717721d20ac6,40.35
a780c20430b67279f7a0b43cf94b1738,40.35
660dcf8706abc500a8167cec69994720,40.35
79e2f6247cc5228c7deee6c5f8987669,40.35
3c27d865fbf7aa0b410a5da7b2b210b0,40.33
95f347a9955c610485ec8ce536ee403f,40.3
f78aeb91a981b197e077743d8711f1ea,40.3
1cd9d3778de6988b7495c3f77b927c59,40.25
2e340eef5abc1db3fa25f9c177b12112,40.19
621d89fb61292d49317f4a4562a11f49,40.14
971b5100c36334ff389c9ba8db84c93f,40.14
61488e7e90dbc5345b81fb4eb8fed669,40.05
783f0cf708012c4c712921de5c773f10,40.0
68b5fa82c5fd05f8669473eb1a88a48f,40.0
412dc9ce85f518db3db97b155aa0924f,40.0
b4208e59160fc4671c6afaa7feccedfd,40.0
33646ed7e7e4e912b04f5f203b651848,40.0
7306c159c7f7c1dfc52c15c62530ea69,40.0
4d1a0b50db4696068aa1ce1e933c22a2,40.0
afb5732a3293a4a7b3083314a9d1ac5b,40.0
99c5413e905281208b2b8dab075868dc,40.0
c988611195c88cbb128db1c35013c66a,40.0
450e5c83c3396f9f80f6628763f4a28b,40.0
296d2f35a09831752f72113f0da7e70c,40.0
4e5e4764ac759e7ff338f5908eadae5f,40.0
bf81c46d2876062acb99e083cfecedfa,40.0
7a83a95f0d08cc419552f5ec647db491,40.0
b2204002f45fd6e8bbea354ce3708c5f,40.0
57ea4ab67c545f039981125c28fbf3ed,40.0
a4a7d48473dcb6c1c5f918fde2542cb3,40.0
6e8c343d44611f2b1827943f23941103,40.0
ae5c642733edee1c18c1653a75270ed5,40.0
73fb4721b557cd1ec5661ad24b51de1e,40.0
a87a6b9a298bec34555c0ea96d7e0734,40.0
3103c5ca3a3473888a6b51221536bb0f,40.0
f429f9964ed2bca9c7afd3146d3f2710,40.0
4b60092c1249e811f93fe1e171cd4c8c,40.0
6a381a27ed2ee89da9e87283aeed6387,40.0
226d59f9f4b98e228b689eea45d03a6d,40.0
a7aace19091346dc0e229e1c2b43e896,40.0
d1fc28d14e2807fee09df0a9157a28ce,40.0
bafadd13406a662c71cd8df5794cad55,40.0
cff1f046a50c6c57875eb287c50c7b7c,40.0
7119d3c62d0ed7d4c97aebe8bd6704ee,40.0
b9f3a86f04f939473dbfd9002f5595b2,40.0
3b58dc51a9c854c2740b6d65ce88dbd1,40.0
51857fcd0e5ff5ad2c5462923f01026f,40.0
dfbfccca56df9e3b44727f83aef4ef38,40.0
bca0486d0965ba585f95eca2ef0080b1,40.0
dd7148aec251124d2e36e35ec175b66d,40.0
58636319a78146d1c98f4602f0839597,40.0
1471498aaeb8618816b95071d851da29,40.0
6ac4f4b8a8559141e69a781be84aacee,40.0
38d54a9478904bfa6d7fca2b36be9fdf,40.0
4634034cc175c08895674b66ee1e5a36,40.0
b6396dd49ed131970c391e605925f13b,40.0
2a98e9f57e5c66f9c4f12eb25f6ca6f2,40.0
462025be11ad81e8138837f833b827c9,40.0
6a3f54e68ac3455c4522cfed7fc7ed3c,40.0
c0a3ef518d3de3d78a7a80ed0861c529,40.0
85cb38e7ce275772f8902a8d128f9e8e,40.0
733ec8547bf0e1fca5ff8c6ab2a7a5c3,40.0
06ea539f2f9ea62188a9603255022f8a,40.0
79bdcfaf97119fe5ebe2e9922cfed68d,40.0
2e120c17bc8f3c45465d410faafebbb8,40.0
b998a8b305893c94ee5d60a8d79dfbf3,40.0
bdc451bc0bb56979976f1c65ee98368a,40.0
5c6db305f9c93964673f2c3f02d49549,40.0
f6d01e6dfb9a211be352a82eda1afca2,40.0
98b342e461bd12ba581cfc6aa6b5f120,40.0
992399e000066a051a942f33f4501830,40.0
15554403640be7c5f2f14b8a5abc849b,40.0
a37c5662ae8d3219eaf975205cfe2bf0,40.0
13368f1b7479cf29edf6d91e842f23a3,40.0
e0cebe0f49ba41391a103c4958449eca,40.0
b416aff8022d39644292751bafe2e0ab,40.0
c2fc0c3b579720212343725ebfdbad6c,40.0
1352219837587aada7056f4710a10b85,40.0
9f95fde2743e68b8469c96f39a20ebc7,40.0
b61886a49fa36917b1b64687c871e8f3,40.0
c2a30b1aa2b0f4facc0dc0c32e4b9681,40.0
edea86bf4ed0cf235954acce2327f71d,40.0
7f3c2e6516da8ec689dd5729e8772c95,40.0
80c1c4476652026dbed170c2892f13e2,40.0
844cb4ee61b1b92e94afbe24cb04edf8,40.0
e8dddda26942e4141e957870ba0ad2e6,40.0
36093bc2594cb63fc298650efa59b770,40.0
2c6882de19e82ab91b7cd3dd2c49873e,40.0
103670c48387c7c93f137fbf9113c623,40.0
34ef6181341eb36c47fd601c46878f00,40.0
d55b731b551b51dd0519d5649deab266,40.0
0e0dcbc635c9b39a3b686f7f0b73525c,40.0
bfe0eab1598b84c4ff9a85e807534ad3,40.0
742885a3980aa8cfc45909779e60831d,40.0
ce419a09aed8cb13f0bff663ca2144ab,40.0
94fc77dc2051c809864298a90c59b7cb,40.0
59dd4b1b3258f572d837fac05401ec3d,40.0
40568f04c85dd2a9b73fd39069b89a6a,40.0
eda4c5f48f975dff9e7c1a846ed6a8b8,40.0
f064acc39aeb7321f5ed06e19164ae60,40.0
6a9bef4c174a9da90658bdb9574ef42c,40.0
029c1bebebe4314d00b4ebc26fb09225,40.0
349937c1b22f4f6ae55f248a229e0749,40.0
9d8eea9c9b15c34514bef695a0c0653e,40.0
b2455d365185ab7c1da94e742e4976ad,40.0
e1cec7320862fd69efe785e3d8f90c1e,40.0
d064be88116eb8b958727aec4cf56a59,40.0
905d495c51041b7d72f23d18e6060fb0,40.0
84c3a4890bb23c69e0ad2f0576802ffe,40.0
45c155ac404d868fd8f1d07e8cd916c3,40.0
f45377e42450803266fcca68cb51988f,40.0
b08eed69a3c73eee40d52bed298482ef,40.0
06199a7981ec145069afeb0baf66a49b,40.0
65f15920280dbcf0430e77b2ded1e948,40.0
670e01f4e598fb1ce6e208a2dd0b6a81,40.0
af3dfc75878f9fd131f5cc38ac036be4,40.0
594e0e241cd8964a40c54192cf408f6b,40.0
1f8f0bf08a936ad2165d63ff7e9ddff9,40.0
d78b10aa6001a8a94c47d2ab0d8291c3,40.0
c14a1f8f7ebc33fced32cd35f5e4b385,40.0
9e29cde4ddb42f9330bcf3c9bc23d177,40.0
792c82543cb5319c0747d9c97386863f,40.0
6915da0cdf79a9e591f34f7feec9af86,40.0
bf0233a486e102239a5d72d15d5b0b5b,40.0
d2e3145f490b6241da7fb6a5f8d1dac8,40.0
05361832ee98653ec08e7370c4cccfd8,40.0
8462196d38f8599936be39dd008f9e7b,40.0
6210a37f9d6a265a4f3fbe2c21672a00,40.0
c65ae477ba604b2520e3f8ecfa007a06,40.0
a6a53a21b27c88cd037a75646ad9fd8b,40.0
fc5897047dfcc11a5343e1d8eb25257d,40.0
f0b35bb554d9d15794561e6e7c9d7ff5,40.0
7d4a3f1246681f2d6e914881f402e51e,40.0
e5a30eeaa4e287b87b1354d3d3fd4779,40.0
0191e09197e54ad2690c3abd44723c7c,40.0
9cd5dc9af35a13cdb631b0899b32387e,40.0
b701465c5960839259de1bc16655ef0a,40.0
cf9a23f821867f0f49363dd27a17b6f0,40.0
9f774ad7ddb074c3c761bd8e125f1824,40.0
62da57dc398b4bdd5e47605f5d36fd5a,40.0
f323f13bb7e95ad8c76e854936a12686,40.0
4bd28e750151e0fcc738533e973a01b8,40.0
c9e5a8890bb428bf00f7c30e501d8387,40.0
e62609b42d75d6353fdd9dfc10b86a08,40.0
988b11a12b7d63e551159e52a620eaac,40.0
57e34bf97d0de0cab02718ae4f8ae5e6,40.0
94113d07119d71e7e7af590e048e5d64,40.0
80c666119b87238e8635dde95dd66b29,40.0
c2a1da0b8e0ff83be4deb1f0a9243364,40.0
c4431889054423d14f32d584f7155bb1,40.0
d244544b27337a04e85433087f76c70b,40.0
c4fb92b97f427f554cd03632d9f81387,40.0
5802117906b3f17c9e4878228d244799,40.0
e362677e56f333541b22921c3c2195cc,40.0
45beb20d0c410e52ebba517570f0e231,40.0
f542b8c433c24036f7c50b5857b8f72c,40.0
85e281e2ef61679bbc13465be598cd6a,40.0
7aa06e9581e2ab90cb53dc6fcb5a7bc6,40.0
b14e0e09e9300295fad83e14291ccc85,40.0
67935253232e82a7cbb349014bcfb90a,40.0
735910d408209bc94a6b5cba4985425f,40.0
65e444319579c6e8203cc88c1b8572d6,40.0
b7dc27ac1b54155804e7550da93aaa01,40.0
4da73e09847ce3bfc0c4eb4657ab39ff,40.0
3de4c8a03aa3ee782ac186c56c7bb4b1,40.0
fed67945c09986de880e4b3fdd1d3f07,40.0
b635957da0091ef9421c4405050ca614,40.0
1288b6510d1115cdc0dbb81b0de73743,40.0
e82226492769c23271bcb128343105bc,40.0
def9aaea0b18418bc3f64d5a8139906f,40.0
5e39b01e3f43615d0665dda5be326edc,40.0
f6917e239b9f9f34309ae169d4adf084,40.0
1679eda7c247b174221c5f850c26e076,40.0
045b31c2888ad0ee254e1387e410ee89,40.0
13e2eedfc5307ab37117d7b00c61e3d6,40.0
fe7217b7ff946d143c80fd4852c32836,40.0
24d62ee299b8132fe10e7ec36a32c4f1,40.0
9bbe61b2cd24f71cff01923e6fa61a0f,40.0
f377c1f04f510f90145bb4e57e2aeebe,40.0
b12a07131fc3b2e84833273255ed7f98,40.0
164baa0609f021bbb59ebed4e637c0f2,40.0
cd40968134f4910e8a0b772a0012154d,40.0
444f7670fb2ee13d207e79eef8669e86,40.0
3c17af24cda9bc98674f6d7196cd5af9,40.0
5613454932b2c4229250680708f8c0b8,40.0
faba85ebc5cfe2a7bb060d3287493701,40.0
19f76fe12db5d155a6ac210dedaba149,40.0
c6f030c1e7bc3a6128a1e1fa50bee5e4,40.0
4407ef2464ce9eb7f18ba2b955c961e8,40.0
edcf166270d2ea3a3dd093c74deb5c9e,40.0
5639a58bc71ac1f158f163a3fd9a1d46,40.0
cef7f153f7fb65e2076d6f15e7f58f55,40.0
f2f83fa24e988705987bf38370435056,40.0
b9e7408a5e9cbc2c32efa68fbdcd8c69,40.0
201c502506773c339fce9789f0528a6c,40.0
553c6d0e5cb98f7510e2b0ae4a1acc25,40.0
21f420baf5412d045b0131e6a6960cbc,40.0
6d78ed30c05532b1c9dc1c2a45cf55e4,40.0
576bc9e57e0e6b4470c28334f5ba123c,40.0
bd52d6038b05ad568e194c06b89fc4e3,40.0
8354080edf502b7e043aea91899ef775,40.0
1b2c1c9762e9d1b8c30e2e4867010484,40.0
81b6a3e77aa8c0c17f242e828e241822,40.0
905c64238c028ba8ea9cbe01d51d38b9,40.0
8830eaba57f7db8ff493f4e2c3da5df2,40.0
8ad6b526ada87a36d38fdff6568a5038,40.0
19ca718ca118d6c21c6b86e62cb17e38,40.0
ebdd88ff5419875a1f95e53380c30ef6,40.0
bb71bc10c4c3beaab9f410d34734805f,40.0
16173c05122081a7573818c1a5f6c4ff,40.0
8c17ec1341bfa1d826f156e6148469a1,40.0
924e77f563e4f8e19827a72b286e8f1e,40.0
1650ccca902096ba9c7eae2a3b231ca0,40.0
c35c61c180ade41a8a8d935b08236b8b,40.0
4e672fa8f53f161e3df949a801025ba9,40.0
4d0d6706c6f3ebefc97cdd992e1e31e9,40.0
26d94b1d9a07de33fdb22b7f172d2269,40.0
a587d66222fac536d25336045d7a4991,40.0
d94db828db97b250116d6fe7d231707b,40.0
58d1b021c741cc8728280bbe6d0b3da8,40.0
31ba3483559016b09049d2a84f6eef2c,40.0
a7f323fb7663369c9d57bb5886201fb7,40.0
8009876c0e2c6b5b61c9e9dc5e1a7f40,40.0
48723bcc46fc991caa0480dea031d579,40.0
7ab308e3492fdcf0bddccc03a53fc67a,40.0
3523a3beae4b3f9d398b0cf0b2bcb630,40.0
3ba828ed485ab7cfb7dbfa9a9d4be1ab,40.0
400534a4b8b95df133cd2ed3ffefb55b,40.0
574c519c49cd1be818c075ed1ca5c6e6,40.0
4855544785b1ffcb293db84c2f25aad1,40.0
dbc3d77db84c3142dceb08cdd254f21f,40.0
8e1e88700707d3a229e5e039d1d02e3f,40.0
227479d882d32260a182a621faeb2bc3,40.0
163f01c01483608934a267b0dd53f36b,40.0
323e07613fbfecebb13d5074eba34ba2,40.0
68410f868b56146af2fe202cb48d29a6,40.0
0ccc218a4ae96c625b76f6156fd0d65f,40.0
413f7e58270a32396af030a075b924be,40.0
aebbcf055af0fcf7d6be0c24d3add3d2,40.0
a3330b2d3f699a9c58b15e33e602c544,40.0
808cf90643f7282eb9eb59a20c38ae0a,40.0
546d06c8790d8835a3691951da4ef54e,40.0
7a37f0cfae45769f677a5cac65ce4bca,40.0
0daa7bd937255d73f48e190e51151a17,40.0
233ef8be4e0ed1782eb64be0e972742b,39.99
60e00d7edcd8f89eb0af755e9eea3c6a,39.99
9c8cdfebb580a56911f60a36f956c7e1,39.99
a8e87c05f9e513927cbeb64191ce3dbc,39.99
ab03bccde4f2b55784632db691ee3fab,39.99
ce24596c0ebb4ed78b513eabf4b92075,39.99
f04ca3cf98dc157b476848246c1e3af6,39.99
170fa80e9be57279b9ff58d86386806e,39.99
96d1f87fec96475ce25b292d7f76a557,39.99
d70aa0042cb87d2816c64151d3f4239a,39.99
49339eecd8a8cc71ca36ede96a05175b,39.99
13db9c37d449305364a897e44f479406,39.99
01a672f8689f3c466770ff1883deabe5,39.99
578ad9c8acd6e2211e15dc44c5f7c40b,39.99
21c545f4466f3b3baf04ae4f5001351c,39.99
c89ec71952197c093c9161bb737dec5d,39.99
1da33efb4b01151365e5dfd68884e614,39.99
18032c692b0fb712e80649c22a59b74c,39.99
03c3fccf8214a32cb024281191b454c0,39.99
b5732337173bb2d69bc69285b6901df8,39.99
5d1ac35d928dd8d9f9d1418aba5f4579,39.99
ec98c7a2e610280ce0d0c0c699f3ffe5,39.99
e6557efa505b53ac452221d438e7829d,39.99
1898ae4dfa5a465fed8dc65b6303266a,39.99
55370cd0afa128c7978a0935bc865fd4,39.99
4b161e9366515106243138d4d12d9adc,39.99
c5099702bb49534329077b382d0fb949,39.99
c39581c5ad3fbf516202897ff89f8bd7,39.99
83c103071581c1e2b9b88c10c7c81ec9,39.99
c44e30b464ba83b15a4db35d65a035a9,39.99
b00c1b220a6016b9257a18638d982cf6,39.99
e4439a1e9e726f5cd5f1716951ccb61f,39.99
fac2c2eb0c7413a1173b3d2caced026a,39.99
881678d19d1fbdc8a6f4210452f8e611,39.99
bd2282f117ffd3465fb7047d92002806,39.99
11d57245f97c362a3fbf65cd5c8fdd6f,39.99
398231295b265721a9760933623bf01c,39.99
eb15b32fe7190330e096562eac5308f5,39.99
7828259afabc492846fc688e48663280,39.99
3c091d5f7db07c92c6243f7a1f3fb7aa,39.99
569bf91b8565de6f03ab9a026869a451,39.99
8da3f4e403993bca76f0e18b351f644c,39.99
fff5dd22d522cf28a902185817642a2e,39.99
03429d54443e1269399f0e20eefd7512,39.99
5ce05fc6c5e79f875d4f301472cbb27d,39.99
8c9649f122c39c0e6bab6e62accf7f3e,39.99
ac726fb9d92b7260bdf8282feac6382d,39.99
735407923bd7e1c88fd2994ae3a5d83b,39.99
4e9197af241b5714a60a998bde13aecd,39.99
44eb235a2b0149a226ea4a1f3eccff30,39.99
9ce66eb01d9ccbf850a7ac4ffc3e324b,39.99
8abc9c4a99bb150c9e5b8f63d4e2720e,39.99
b16cd1296147fe2153a24ae9be382d68,39.99
e63ff59204c3f0c9b48e8cf43776abec,39.99
26ceb3e4f75365667dfb60ff2dda29c4,39.99
d79ca675bcbbfe95ded1f9a458d8c196,39.99
912173a60efb484a69a6d647c4a3f98c,39.99
7f84de4242b6904d52024a43b3c16196,39.99
301547793a0933aa10e383e3120c8396,39.99
c216afd969392d546d175422ce463b4a,39.99
c059dcef92920c07d144df67f548e128,39.99
7b774380043fd2a7942ff8b396b4807c,39.99
6d6aa63412ccf15848169b197b9bf310,39.99
426ebfb18cd8d9be56b96b750c43375c,39.99
04bb960a2876e66f7874886ca00ebb88,39.99
e41024577c0be0553a143f9189d61862,39.99
1b645255cae7b99bf2c4527627515729,39.99
c5970e2db96b55db5e00f6df2f4dfe73,39.99
38b28cb6f5148dac5132ae1c21451c6a,39.99
8a9d2de58d928e3d7849f82781013196,39.99
8ae2a65f966319256ceb39139a022208,39.99
738e127ec472a7e041cdc6d9c2cee697,39.99
cd308a85bd46a37859726a36c43ba71f,39.99
5df59f65c7e2d277e3cf59d76dc2fa80,39.99
866dd245d597f9bb5288d41286834c83,39.99
7a260373f7f724e7b049f73c88ddda55,39.99
7af94381749d6b8894bf335e62875505,39.99
74e3e653fa67f92300809f4369b0f8de,39.99
6aa43631e35adce55f5779558a44e918,39.99
2a3e9cc5c751116945121703c3013c83,39.99
f104b5445c31fb5895fac27d95a3293b,39.99
30e5e38dcab5b4f261e95cf80ff6b386,39.99
bd62221e6e011f8811afc467e5a647e1,39.99
844dbd978c6fe91dcaf59a20e93de660,39.99
b88234e097f4a1587861e51d3288f500,39.99
649417bfde31b8ccba22d8faf19f15a3,39.99
025aacb42b2bf1b72a848fa69a0a6a96,39.99
62ec2ffac596b132bb32e5c1b97c604d,39.99
96930e618b5fd77de5a5351ebf4849eb,39.99
707bf1f260715b8dab6999a5b3cbfb79,39.99
f8df2a75e0b9e1e6d0dcd77fa80010f5,39.99
78a11bb1fa72f556996b9a5b9bcd0629,39.99
f2a86f57e1150e98c38046b699b7a5b7,39.99
4c8d80e17eae5b1140669da0438954e7,39.99
b22658c153336a249dd82bae710c2f9a,39.99
14c746d1ab062a46b0ddb1cb59cd8bbf,39.99
a0b5cdd54fb202fb47805688f4577c8f,39.99
4d7a9b8bba459dce09d1b8fa637a0cba,39.99
8e1514f180c530add12ff5efd60d5fd3,39.99
80c6c2c72b6a846b395f3a58a2431e7a,39.99
952e1e91df6ac8e016c891075ec23aa0,39.99
c456a4c5171018fd21723570cdbbe3a2,39.99
0c305f688ce08dc9402a2164fd6f29d6,39.99
579c2317c2896485cea43c7164f4bd14,39.99
e64e95ef0428cee8aa32ff7944e2a5c0,39.99
b7e7735a10461352a5c12c730d78292c,39.99
9f47604c099a40d786b0d5aa85c4316b,39.99
e621c805f6e84be0117cc09ee0187667,39.99
81c3b601c6ca9c5dbe3b9a56a40a2b80,39.99
d2cb31eb2cde533f259cc13afef8960f,39.99
e85334bfbb907c9faf334a17f46124ce,39.99
4cac8b7a9ef92a68ee57202a8d8b9376,39.99
1ab6125543a9b83c86116e3facec012a,39.99
b5690b9da0de1ba1461664517f19fd62,39.99
dd78b55f838a0542a2d09404c809a557,39.99
99de4444dbc09f097afa14d4ac4ae448,39.99
65e3c0ce8c93fe4446c87cf7ac5c235b,39.99
4ebaf8d03da1795f63c4ba7323d256c9,39.99
9d8630f8610246a55ea552bfabc443ae,39.99
3a10ca9fdb3b43cecc4b8e24f9759e20,39.99
15f938ef63c15fd5a70688ea5003e3eb,39.99
79ea67d7e6a9a2c589ac7cfa17ae795f,39.99
ef7a6126dda7c82112244fd450181372,39.99
2b5603bb4431518dcfe8233705589c71,39.99
fde4a958c856e15b4dcfba719b967366,39.99
34ffb9a7e46914a4e9cd359ef1cd8335,39.99
2f962a6adc1b7d674a0accf89b43ef35,39.99
51474a10ad0b69711d52947b293f6e87,39.99
cd478939cf2d29034aef4926535ac730,39.99
e8eea2984a4778e4ab5f3769893fba81,39.99
ae95b18878272e222e88f529d346a9ba,39.99
332323edcb71766f4b45c1e8de1f234b,39.99
d610dc41c3d497009a9eb42b88bd5dff,39.99
d9cf050e6b7721630f9d330ce3becfc5,39.99
99fe1741ff5f8d3998bd806d58d61243,39.99
c4f27e4018dec8c1bb82c0e2ce63d47e,39.99
ee77520c9cca9a27df3cfdc74bfdb8b5,39.99
7339b0f79dfbef1f52b3718c8bc6a71f,39.99
996c83a65f2069dac85d5cf79ea70895,39.99
e4e44118dd638a5cae0151e1831b14c4,39.99
e75502fb2f50fa47f9143c0846fa83a2,39.99
c7701ffd57ad3233140171c173d25953,39.99
50a1e21aee11c07e29db5b8289876b9f,39.99
85485f38b20ed1e287120d30cf39ee7d,39.99
b19e33e06a17226d1c43cf71de74c542,39.99
248307eaf63a58203c675fccab2d1002,39.99
968bd782669ee0d41d5cd63e3a18ca6d,39.99
4b475c967c016e2a337fe9e1f803c195,39.99
dd3ea9d48ebef85eeeeebc41d577bdac,39.99
4acd2f01ec378db9eca84598a4f4ab0c,39.99
746ae9c9d515e99019d25a6ddfaf1ccc,39.99
5a180fc495e36a07b7c0a697bc68c860,39.99
807897a98979ed081824f8d57e3cd44e,39.99
705b2aece576a33b07a5eec40292b9bf,39.99
8b63238f689ca4597d7b3f4aaf5cd29c,39.99
9b520c39c027f9a311c9c09f9b1c5044,39.99
b083efa0cd26465439a0c966b960a701,39.99
1bde1bd5092f004db94a17c3d63b9d95,39.99
0a6591b5ec17ea92540a164d1cb6f495,39.99
ee6f05b56e67e84814b8441091e3b960,39.99
98320c18e7b0f0ad33ae1283f6482237,39.99
db29b94a7ae343b96e89071646b56bb8,39.99
291d88320a4586c8102b11eb0cacc89e,39.99
67600dd2e5a16027806a096c33776e34,39.99
00b96a156e6827442e5ec7c620a39d24,39.99
637865664197695fe90f3ff7b19902ae,39.99
b803912812d884a45f3ffddd591b97b4,39.99
0f8de29544ff9f26453be9d5b3f730fa,39.99
a9b64930cc252ddc772d8fd2db472fb5,39.99
09b4d423124d6cecc21ae4e3ddb999e3,39.99
0c9dbbe49e16d15678ee755576e95a29,39.99
20143803d0cf60a8eb7d0d5876c3ca19,39.99
dd2f524e2e32b02741d44311c4795291,39.99
4e4e6c98c0968478a88162703c77e21a,39.99
82060ef3e1a400c3176bcf87717e1685,39.99
11b6f2b5722c207804fcdaec15a84949,39.99
88a75bd3201a2b9563431e86823c1e7d,39.99
edd7a406d1ce9943ccc342f98d545907,39.99
d2d83da97b053656de05c3a2184666e5,39.99
2e7146d41ffd31a6743c95dbda9dba77,39.99
8a4939e95441a4310e05d7fa6cf8814c,39.99
dafde71460a8cb1b3c205fc8825cdc53,39.99
38050287d8c7650f0228136a01889f83,39.99
b6afa385a4753bba4d17062428268bb6,39.99
81e9bd827a271d51b86bd4f0099c652b,39.99
c7e376aa9ce54b73baa1125944387490,39.99
1670832aa0263adfa1337adf89530561,39.99
0a28710d39c87618a19f30a66d3a70e4,39.99
3949c25056847b9a7575038115169dbe,39.99
4b671f05b6eb9dc1d2c1bae9c8c78536,39.99
8f96810668001b103d3f2000e7c9af1a,39.99
8ff8e5b0676fc679a45f4fae3854fcd7,39.99
844a797ceb9452c8d732e300b299ba5c,39.99
43fbcd5a0e91b9f51bcce526d5ddebcb,39.99
3a94f062b0c8cff9cd7bf62c540bd732,39.99
6ebdf3a14409c4c45ec71c99087864c4,39.99
01d37fd98e7840efad07c60bea966fca,39.99
985fef93c9e3fd227f5741447063b1f8,39.99
bc829c278cd39a242d5e4622c143be36,39.99
1dd36c847541e6a8d0017dd3113eb201,39.99
4274d726e175b67d5a1893ea0fa4e1a9,39.99
cba3093db3baa32369a1d7dec3b568ed,39.99
056da52b4e48dfc71f202b78016c2ffa,39.99
46028ebaf457355eafbc425f0cb49470,39.99
76a8cb55ad7101ce85c6985645cb0558,39.99
76308a95986f8f0732f3add9f5c21354,39.99
130ee9e3044b8bb7d6b1a012428b1860,39.99
3aadc857de358a975814b94ab0865112,39.99
550e1de146d423405c66111ff410936f,39.99
27ae4f0622679f39299ec3dc310957b9,39.99
fceaae36ccd575ed9807e3b17cb4e95d,39.99
d00721faa206f3fcdb55ab2422717470,39.99
39bb94af240cb108d95e5d33836c21bd,39.99
de9902597f3249fc6f5e21dbff52bf1c,39.99
3f96140c511c3050dbe15ffb81f72792,39.99
e4876ce732ecacdf9cf64c42cb1b49dd,39.99
9424e7d8d6bcf78e49b5fe87e73f0f8f,39.99
870b6591df0299937f00101427284649,39.99
57259f6fc3d369e2a9d3c135fc65935e,39.99
1d39877e0dfed5772a3ac4b169a1adc6,39.99
33c05f040b3bb6708e7693876eedbabb,39.99
0f8bd0c5f640add890a66bf230c31929,39.99
e6ac83a21d39a2e035df2c63aec86318,39.99
ba9e6a4e3892184d2db7e7c35c1b269b,39.99
ff33ddf6fafd5d38aaa6c0f7385e418f,39.99
660d00e856b634e54e0dad583b10483c,39.99
c0be31fb57f9c3424f2207e69b48f305,39.99
4c880e154829e72073c4e5558572ab68,39.99
c2d0ef04518550c0cffff11d19b9acde,39.99
a9aae87dfdb515be22e98a2054e53978,39.99
a0240f2b6a4d6fb59ed56d1c06a875a2,39.99
b837fbe55a9289fedd7301de6731f643,39.99
8bd08da271c08b2d77b4184d4e5855f6,39.99
7c54c8760b21bd81b3f0f77f3d068952,39.99
9d27f64e63e4599ce90c0646b2f09efd,39.99
d2b82dc17fa9036f3f7608c89e3f27cf,39.99
78a801b94a8e9b7409c3a3dbcf0d8d67,39.99
d307d19c3dadc0ff29b784a11264c30e,39.99
71c73f4ea57a0b2cc7905fd6c833e6ba,39.99
9cb4fce9998c3765ef9e7a4eeb9a16c3,39.99
08d5ccde79e2c263c4b7bfea2d7e229c,39.99
8865fc2bbfa3cfd570bdf7832c479607,39.99
27ab53f26192510ff85872aeb3759dcc,39.99
14004fd07ceaa42a07f06dcdee343fa4,39.99
21ab582841cf9dd27cf3e43dd410a472,39.99
17fa3a2c6da2e0edb7b63fd3fff69bd2,39.99
bdcc20055a51ea3a85d7b9087f0a53ef,39.99
6714247d186f702c0cae25ab661f821a,39.99
91f973575342b45e9db3c64bebb4a338,39.99
72edfa680cf8f4b104e145cbb2b0ec12,39.99
9af20565ab6628277ab244d811547727,39.99
be14f9b446135f0def08472c7be6c2c9,39.99
b5560c9b0a129719a3092f7b36b5e5e1,39.99
c6ff821f69a0dec55cfc2694414e45e4,39.99
0247d5ee8ce6628e9cde9ceafd6271ba,39.99
0fc91589220cbbe7c764e26ac0c7143b,39.99
333ade5abfe19374450d3357e49d0810,39.99
a06ff1b7fe5a96a9449fed853d1dc62f,39.99
89f02b0138f4585547efe6007692639f,39.99
3be3ee41d41ccb65bd73d1cc81e38533,39.99
0563e58ea5bb08719e7c7016e1d6b800,39.99
ce8a9ed03d7dd90cb8fcc84b145f844f,39.99
ad812ff30018174233b1f32d8f12349a,39.99
dd8b5fb300450248e98874ee5171824c,39.99
75b1b5710c1eea5788403c6868398157,39.99
e0df09301eb72eb304928306a86fe018,39.99
a172fff2eeeec9bce6fd35f572e3c6c0,39.99
2425346e1432c9bd532f5b39bc94763b,39.99
495a15eb160b6c85259f568b9042ef5d,39.99
0293c0d1c4c6c83fd6eff23e4cd1ca31,39.99
8014596af5bc7c3890e0b5b25b87c04e,39.99
6bdcbe033d607f16526d95c1520b8397,39.99
fcb51e77ad11244f17b29d7d3274fb45,39.99
f4b8696f625adaeef763cc9cd712c921,39.99
fac64b6875bc7840442069be52752e14,39.99
757d1a39e3075c8a41f4111859221b1e,39.99
1ee56551ab4bb1b5a2b3b60c6fa6e936,39.99
e6d5abbb55cac8e7366b9ac8e3ed09e3,39.99
ea02ee39767610ab9b2e9c53b86d0a4f,39.99
c95b52873284e1f5cc5754d2e926d919,39.99
35e5f484344a69c298f039552a3137a6,39.99
76e4edb343ef3a63a0b831a31ea0338a,39.99
3f4c8d285dc22c878bfdd36be3fe2dbb,39.99
4c2f1e6644d4970084340cd3a4032151,39.99
9e1c22714e8a39cdbba6c16ef221e6e2,39.99
3ef992aaa40229c061ef4e8ef9f07027,39.99
ce524b6b5ca2131158ab250cd35fafb2,39.99
53e6e41bc6b908943de2b9fea8556582,39.99
a89239e65e47c570a0e6a5117afde4c1,39.99
053bc4c013d7589b292fe166ecba6786,39.99
c4a02b8955c2ea72e21b44edb81a9f1e,39.99
c653db387973229cb8a9f24e4bf2ff61,39.99
bb15c99f5519bbc27a55868e043216de,39.99
25d21d871c5b1e6193de2b420828b6c8,39.99
99f0dabccfd9f65e7e791cb5387b56e9,39.99
c360bd993e7f4afc779462c4dae4e2e7,39.99
8b9ed70ea2b09f596499dcd77b577ce8,39.99
a1ba2dee740fb5aba74232d9c94f810d,39.99
7d8140efc81374c2bd667e1dbd457618,39.99
60be07ae31950ebb5bb4c2202837abc9,39.99
e83da1438f8802ae96b870eb4c4db70c,39.99
e0fba8b6fe7a1d8932984439d9a58ad0,39.99
29095dcf51e791e752d09a1f4b66cae2,39.99
927a3f6fac595d5edcae64ace4b02a3a,39.99
5cf799d0ac88e1d328434a595c015efa,39.99
03be246c6a30b0be83a6de87cc6afdf3,39.99
d7dd95871faf13264a7a32166dfba38d,39.99
484572a7bd433021fd437bc6f29c8544,39.99
c9a6c2f1cabd70a425338d9155efe1da,39.99
fbfebde26d0e73345094b962c8209a1e,39.99
596c43277318c607391f4e4124fe579e,39.99
70612c268ba10cb7aa25bad5766dbafe,39.99
9a56e99aeffb0d929f73eb7c556f4c6e,39.99
6ec1b2634b7f1fa1b270e0b9f09a269e,39.99
e4142014a0a938c8b826a6c1cecdd46c,39.99
3ed78738cbc1086f8dd31e456bc27fb2,39.99
fd37618b280487ff41f7d9d62cb35552,39.99
6e3fa438b107fb7c1bf375620936f34c,39.99
64c576ffa455a2dbeb018c35fc167916,39.99
9fa6f373ffbaf4c8dacd572551406374,39.99
c06ffeb323ac2da92539a7c5d69eac23,39.99
9e8a6c20af9e336adbc7eebf180cfb93,39.99
378645474a773554c43bd3bae5ae7ffa,39.99
fe88b90bb0bbd4d74fd7312f8608cd9c,39.99
2339ab3abbeebe72f2782a01c87a9bc0,39.99
944ed9a986f84223da31772319fe213a,39.99
038b507a69c24aa9b525196d7a295977,39.99
5332e4edbeef6f8ccb4bb0e9c7dd983b,39.99
79e14517c2e51a408740b5fc24f8a879,39.99
5415aadcb5a98a2a85dd8312b8b73885,39.99
712d389aa813610d1abef424f660118f,39.99
8c72bcabb6fe7e1a6dcdbdb4cd72d4e9,39.99
187cd3a0a52354dd3570a2957c753db5,39.99
8d5d27b24515ac48a8886efb3e7006f0,39.99
b8fcd6f3835b9a032151431616d904b8,39.99
88b39eb19b4af48b2a6c853da0c0383b,39.99
530e5d7fd09d33907a540e0c8014b7cb,39.99
aea9879eed7eaea1accab48e93be3ace,39.99
8a024ccdffed5439470bfa7198f73076,39.99
314ec9cbe156ddd9cdaa1a9bf021e00e,39.99
eb306b242f7bf44f262523b29c0f5883,39.99
e46601b6f6937b2acf0d1850df0b6816,39.99
026ca919d538ee454a6d43fc8bd01de0,39.99
e4abb5057ec8cfda9759c0dc415a8188,39.99
b8f9f31975e15da84f4e5242ff8a9fbf,39.99
aa4e13fb69ce0c9e456d9f6bb47d46db,39.99
e85651194748aaf0f1a4703d6658e7d9,39.99
46436350740768631c62ace7aa320f98,39.99
3eddc75fe2314996f68ddcd89ddb5caf,39.99
79d1d82da7289f7cdd5f611d6c5df0af,39.99
5dd333426be0c72b783f2a752f1a911f,39.99
9b16b471e3270abd75d0f6b873298f2e,39.99
9ba6cdcb39a2e9893df4b9118e468971,39.99
fd458d0e1786001b290de9b01dc9fa9c,39.99
889e00350927eaa1508aba82ca2d2a9f,39.99
708ad6bebe512748f021cad45ce2b817,39.99
c61363977ae648d0d15932f2fc78789b,39.99
92e5b375bc4cfadbb5a449af821c19de,39.99
99879d2e61034d3570e235ef4b97eefc,39.99
5586f979cd49ae9f5a78c57f6eccd8cd,39.99
1c59a0c47299c8080cb7dc8b9f36ca69,39.99
05fad8ded5955e224532ba145c688931,39.99
5bbf0546c8ccf4dcfe02790cd73b6297,39.99
f4abd5da98c256fbcbfa418e6948496e,39.99
2c2275bbf957f5844aa13dd15227d6e2,39.99
e1cbd7d7fef79591cb827af03dfba3a9,39.99
b034d086fa50e3f4ba566e002b161b89,39.99
796aacb2684847829b6fb8ce7b927511,39.99
63e8467a28522521ec927000de724c82,39.99
04356ca5b944f7a92d6b103bdb44268a,39.99
b19bfa701ce8befc1b99b21afd3d2ad0,39.99
af5b08db5f1a31a3b6856a8a6dc33167,39.99
3bcd26c92459f7ba8e0c6fd3e15dca06,39.99
ae8c522659d1a11ca866cf201172abcb,39.99
32fb720c1193f952fcc705a6752d08e7,39.99
c6f44437a40998d36d6eea7e18b7624d,39.99
7ca26bcdcf2ab6db5a923a08fefe050f,39.99
8783747182004d9279315f7a1193ed63,39.99
ec2e54a792562c4c44e08612cfbf4327,39.99
a56a8e003616609644d50ff6268bccdd,39.99
1f6ff3dafd398100d0c68a9e6cba78a7,39.99
024679569f0c2c3aac239e0d2ab50b7b,39.99
b10c5ba343a99bacbba82eb53d10bd33,39.99
960743aba9d66c28f95d9a35155f79eb,39.99
3059b0e766128ab6181af99ef74c5e40,39.99
3f598829e053eb7da1ecb6ac78378310,39.99
164ec23ae2118d936228a6b921fa02d5,39.99
7047310f94a69fcacee337a4a8e5ef66,39.99
7e02b8b620915b4c37112c948fd5bd18,39.99
25b47b76e47894309042c440d0b52481,39.99
28375bf9e4afd28f4c1afc36a544877f,39.99
684cb238dc5b5d6366244e0e0776b450,39.99
e73fdd4cc3f5e747efe34d888c1505cb,39.99
6dd615ab569bc60cb1cc7b468c11208d,39.99
7957a6e03d999fe1c2ec39471bbbb09a,39.99
b9bf69e7f80b95b1cf9db48e9da84163,39.99
6fb5180858ba58d6a2fdc535e5b3de88,39.99
1788b66d518c0b9cea975c6443949204,39.99
cb259b37d86274f7e0456078a08a936f,39.99
dc9919c18e50e3160afe68a91cfcbc6a,39.99
b6cfe37674486d5bc4037fd4e7bb5bd8,39.99
e1220cc414aac1eca24ea42ee3cb5d29,39.99
393aae05549738ac7aaf9eea48768622,39.99
cc89f26fb02b7bf7c8b27bd42fef919e,39.99
cf0abe8b6ab8b4dc63116b7617efafa0,39.99
6a0d947a17e548a260f8a0704af77282,39.99
049393fef7b67922535cadda19054cae,39.99
b1ce93bb7fef49deb9c3ba4ad28ba1a7,39.99
c3a9e3906ec23b173611500248fcc3dd,39.99
090d99c55a1c0f65175855a782df9537,39.99
77d0b9c2f9dc9918e0dd1f09c095d1b6,39.99
626820bab85cb11f5acf1873ed3c6dd4,39.99
e6f379f514cfc3a51e06e52c2948f070,39.99
52c48fab452fef70555eaa1042e9d757,39.99
3c1fb2f6884f14e993ff5ab479ccf09f,39.99
3f7e3f79b062e4250d7e193b4b8e64a9,39.99
f36723822267d804066b22ef8b5eb655,39.99
70d21c84f9843a2413b5921d5fb12add,39.99
394c6447e3d17c78ecd127f7734463a3,39.99
2f74942064f74e8ca891d7db50ff815b,39.99
1672735fe3048016be17731bb72b29a0,39.99
c7f4608accff4425b32a4586032cd58b,39.99
2d5687839cca196b8929cd9430c3821a,39.99
b336ed3115586176396de6b9a5912f61,39.99
b98e0d5aca458a26a6ff30fee0416ca2,39.99
b0c44ccb9fdb79c54e8eff3217f23202,39.99
fd997caf29864e0b5e0d328a2d163e3f,39.99
d7486ca3a453d8a2258144e41c9aad91,39.99
f1e88b685b2948d76c2b11b26c4801bb,39.99
7fd973e7865ee210512c6222d387e7aa,39.99
a7c0873f1c1df80721fd9598ec7a0619,39.99
4756e87d8d06e75c6f6fea9b819d48f6,39.99
679b6663d92f901171c7d9544094fbc3,39.99
3e883ff4e88f709ddf226164adb17fc0,39.99
39df6b104a8835de07f1cdc4b62312c1,39.99
e85024e93f9187f32e5e15d902a52021,39.99
266ea96d600b62246fb3da9f76b123af,39.99
ebda943a2404d5532405326f2673ac91,39.99
f885939e50fde6a74d3f519be2be393c,39.99
7c0900292bf1574159e9d7f04ff3aa19,39.99
5c192d3f1d7b6f2f982c8e01aa350847,39.99
a8d642642f1884ac437b112464d685c5,39.99
77aee2eb8ffa237d57591d6dda952a8e,39.99
d987c011721e64a3a6ee8101b30ac2d4,39.99
31913bb1cdd2cc792604bdcf9fad29f6,39.99
801fc27d9fbae58f45134e8c369d3b79,39.99
cf72b318eb9cd0e7712a2c1bca227789,39.99
1db2189def22e420ab1b634c13b49566,39.99
f39d2cea42fe92f3fccca88ec1bf7d8e,39.99
9940b6b691f76441e13092a0f344dbd9,39.99
0f95d722d19f40ee015d3795e618d02c,39.99
6167e666179dd78ada27e7934c739d5f,39.99
02f84ba9cea5411cab9f0eab87bb9c5b,39.99
fbbb39b80d5d738c7060c499c8b132d0,39.99
bbc956eb1bf346bab4697506b044c95c,39.99
9e4ee2405ab6b0919e4c8cd56a3e2705,39.99
d3dea56be797770f8c942f9fa49877b7,39.99
55e464d4a5fbaa7307ecce03b03944db,39.99
3923af2f4604d8f1df2d24eb23b9175d,39.99
330441c65d1a98dd6e2055bef56cb55b,39.99
46c60ef4c601b316ac7df571de8f9960,39.99
5010642b01c0abd1f03aa3f22748b782,39.99
d6d96f27f24d818b943983695aa74ce8,39.99
51d7998eb869905c8e7d8224148f7994,39.99
e86e6dc927774d95e865bd25248372fb,39.99
531fa8af6b64d371b38b44930ae774c2,39.99
f6491b702a81fb2c4b8e25d5ab0e56c4,39.99
ac2336f577ea9ad5366371299b4d02d7,39.99
b00465426080c324a8ec2b0b95b84cf6,39.99
4ff4005a59f62227c1bca8e0d84f08f7,39.99
50ab684580c7135a279c5039cab44356,39.99
3702c8f6ec51b4c67a7c73594f30fafe,39.99
a0892e58068ec37cc251d80356413666,39.99
694a1c56c1af648220ff18ead9a21e52,39.99
5de70cd487e3be880e5bf496a2912fe8,39.99
6200c299ffab28fa4ca572d91c3bfee5,39.99
43a23ff9af0c723b18ab653e17fb4e14,39.99
74d841cb5ec776ad34ebc824ad9906ce,39.99
ae23f008876c9059cad60166094f038d,39.99
ca17558c17d7eb0f3333914471df1b33,39.99
09073977bb5829608c8e30ad15248f82,39.99
4f9675da7ff641600aeedd867377ae1f,39.99
7b33f0adecab294ca2fa60029f662a5a,39.99
2505800b435d9cc0ffabe667edbbd708,39.99
8a4e02df6c9e3dd7e603d1a1face907e,39.99
31ea43aa4d2a91c8a07ac6ed7954db28,39.99
0cf80359c4d104530c6c2274d2263ac9,39.99
7a5a0c6a8cd5efc18aad6c8f32ed373b,39.99
dcfb96c5d141b3b9d90ffcb21fd45e5e,39.99
c187f9ccfe83b8d98c81b403211cf8c2,39.99
168a3986b2659eb86cf4738f5b50575c,39.99
a746555ee455b68e9b6b6eb0a52355c8,39.99
4674699db4b6cde2515658ac74224f8a,39.99
45ef11af1fdca65776516f93ce5d5cdd,39.99
525125633cfc0f64d4a991240953f2b5,39.99
8963ce5c5576f4e135c84b7724291f0b,39.99
d78d435ba819b961c4b926ddcb973069,39.99
0eeb2b8314d2094d0125f61eae1b8029,39.99
4e989a498f4bbc6d8ebea20b82dcd07e,39.99
452f796f89f55ddd140604f18d4c1228,39.99
051b80197d5cc128176487c0172c3495,39.99
1a9e7bc5db555b1e83b4cd9389aa3063,39.99
adfeda019ed4d832079a3c7421231813,39.99
83921c0d0f7fbb56e05892c41d5a2445,39.99
2cd380c15b5fecae7b832742e50b12b7,39.99
b657f3427801a4910d3ada9e63307f7c,39.99
497a43267283462f5fd26a1438489edd,39.99
30abbf846ea967077882b27bd40d671f,39.99
633794fd8790d4b4bc06a1cc53bcf1d8,39.99
718367a7075a1c1b26334463f46cead2,39.99
bf0e63f7c254834e195f0eb9ffc03681,39.99
52ec04e6d15e2d05cb145197657bb393,39.98
bb0d1df0a5c7b32669347c443e29f845,39.98
9f3a202c07b950692aa1221cd32e976f,39.98
eb7276a4ee7dd4449adcde6da478121a,39.98
96d93b5cda637617dcceb8e7059b19c9,39.98
e6cf45b6775e86a43908d40341b3d53d,39.98
892b8e159d71ad220188940a2d5e0837,39.98
6d3152ce8eb81f4837c6534a9a827683,39.98
27e0e2e588a88587fb90be5470fb57b2,39.98
efe125b54949364f392f99e7e9b93ac3,39.98
099777051fbedb21f76286089db72fba,39.98
54322bcbbe4a873c3d349672ad52239c,39.98
c5f1a1193dfc265ba0862d2d9b6a35ac,39.98
19a5c4ac80ca76b9e7c32e11eb398889,39.98
fea3512b86652c68e40c643b824dd5a5,39.98
f5f0e5b259279be1f47ece5fcb5d8d16,39.98
7abba8fbc4eb6715f25a9e6b281eff0e,39.98
ddf33cdfb2eb21f708dca32e2bf4299f,39.98
33fa5f62ee976339d9b237e3cfb52bce,39.98
d8a5ae7ff5b505f9d400d1c5b73cf2d8,39.98
beeda72b31be3b8a38b5c2b77d7705c4,39.98
d1699859c5766fd262eae5bc34be213c,39.98
c08708febfe6154b7a0f3fb5acaa17d7,39.98
45f5c9d984dbfa2105e3544cc85133bf,39.98
c364f67e37eacbbc562be9a71889bc2a,39.98
61d42412fdbb555bfe9923e332076acb,39.98
dd7a9d920cff1f70c5d4bb121ad11608,39.98
bfc617fed8813736c353eb59ab967901,39.97
5c1cfd3396dc73c155cbff6e8958c617,39.97
4a65774f24ef2ba4478fd5b0ab3094f6,39.97
9725715e986c290e8d8f79e85be70c5d,39.97
95d6c004d9e124fbca0876e72ca0b411,39.97
5dc7b6b6d2c5ccabe66680825f740cbe,39.97
6c76d4b3946e791e65b33173ffc14da0,39.97
2bec50359568aa1da8a53641e3d74e78,39.97
9695cebce757764e8ca0bbfb22638c0a,39.97
71382913537508eefcfd40340460e9cd,39.97
2a112bd8db579bc98cc8831e6c97acbd,39.97
f3c2cc8a1f85cd318468829dbfbd6eea,39.97
d692866d341e03251c309c8b6f49d640,39.97
1dfdfd9d483bb80b1694e927fe6a8fa1,39.97
e2ffe107e1af0d0e1d3e19e0dee88cc3,39.97
e256d3da02ebeb6de514cf0abfcd534d,39.97
4e87e8db750b7abfc7b4835d0b1b2e5f,39.97
65cb3cef0d6348041780a2d6da35a259,39.97
d1b14fc1c19d8abe7194221cc318f50c,39.97
9815f77b72f304d1872b10a857b2130d,39.97
176dea972808adbbe398302c3e8e0b30,39.97
df30c4f02bbf3022352c33d573a32879,39.97
6ccd7d79b1a813f92dd1a202b11e2faa,39.97
c25f1d52a454773cd3197bebbec0325a,39.96
9e4f4608b4a885205ebb609ecdb7ea5b,39.96
059147b644b5fc4e482504191b6be413,39.96
7257b139a7933c4c3cc9ee40b1628ab3,39.95
0600e7baad27ff0e4791e270351cccf1,39.95
87a75fc08a55a06e838d10c7a7037bf8,39.95
adeb195020fed323f0d99bb649332085,39.95
af65b5fb2830e00789e56d7b30e86b63,39.95
7508e91cedf03110acea338833c0e133,39.95
b20eba2c7b0fc410e6802a58f6a36cbc,39.95
4b830f8b64b64b4bfc6fb975d86ff181,39.95
2dd23b0ca5636d7975c9e9dfe78033ad,39.94
9d9029efceeea01020b9bce6e88f81f3,39.94
d0d0a0ed305faf78cbb40c90f360351b,39.92
b203cf39f884e69ed6902e98fd64c552,39.91
4eeb9ef829326203bedf160634900db8,39.9
0d00ae3b37c3a20ceb4315a077f0d2a5,39.9
40441ee9b105826ace0b2fe0134c9ac3,39.9
aaf20dc67023de7b3972bebe41ee09b7,39.9
89416a146914adecfbaf6520ff962e34,39.9
f5b95afe13a02072a08a98ec842ce6c9,39.9
53ef809f78767b14e4f1a711a1b13d0e,39.9
10a28db6b47db45e43477c3ceaa1046a,39.9
7b7d601e3afe9a8b3671f05c5feab78a,39.9
adaf22826d5921da0c7f050ca0015c4f,39.9
8f881edb13c45cda01906df7fb402491,39.9
00838729460c2110a0bd330a4bb9b332,39.9
9fdf053062b1f535917981029e490fa8,39.9
3b01b28ff924c07381c3a6d37ea2458a,39.9
0617ee0875e1a3b497bc892d82e38ad0,39.9
7aa14025568b31b93e538fcb0a6931b0,39.9
ebf7e7691b7e62b2df6bbb5621bf6557,39.9
d12fea71b52cdec3abb5e780f3a7d9b6,39.9
206b95f269e82fedad69fbed4cc0702b,39.9
f4bd31027482082b29a7b1dfb389d71c,39.9
2e466eef21a5f1b6a3a0795478002ea8,39.9
e48501a53d46298c8bddec23af2bb4d2,39.9
cb81c00a40f9a727ec1962ef6b18a495,39.9
f6e534985847fa0d4885a5990a4d0504,39.9
e847b0edd45a9a2c2af60e1a1e34c242,39.9
27f99ea5e69c636176747c2142b393be,39.9
0f657c8b0636781290d265e0bdacfbe5,39.9
6f54dde5119c6224620ffb20a6ceaa82,39.9
3781c04595192f3e9104d3a3c262f8f7,39.9
bf88f522fe7bc3e2f0d89a24b73b7626,39.9
b84bb32b376bde3be1fcf5a1fec98b60,39.9
76bd337bddd4ba5190040498066749f8,39.9
87bbac135360225f64beab40f0a78d3d,39.9
af15e9bd1c4094bcdce4d3c9115e3dbf,39.9
dd8adebabc801bb0fed474be66be9f92,39.9
07cb5cf601f1745ecbed82fb6f887516,39.9
0ed1c626189e974a2ba199c5f7c23bbc,39.9
c92a01ce2c9436e5473dba82a852c409,39.9
a0ba6852184c70cbee04bed3909bf011,39.9
355fde2e1bf1fccfd0b734184246deba,39.9
6f4757d5bc29373b8d9e85452d5c5084,39.9
43214f27fade5559699e2b5687236333,39.9
65c6fbb9e8ef2c11d161d909f15d3fe4,39.9
f7a412f8010d1609da2be707d4e9367c,39.9
07402722a2b316e79dbd20301ba2b345,39.9
fd064e0e937391f82a81598d9de12c85,39.9
61caae246c83572d81548bf9c2bd3c6d,39.9
4ae24933ab2c07bc898c41418910a9ce,39.9
563c5a6fccb510f26534e34cc177b87e,39.9
52cb889b339c853bb6476e5601de2e58,39.9
16c0be52bf7bf9069c6fa0d850c660ac,39.9
b54e2f0af25f6f2f1f105ef67c7f895c,39.9
fe4d81bc8da17c071449cce9d7023407,39.9
b278d2b0a7398ea5ba2a108557f977de,39.9
ab46ad28db5a117f42332f1e1f087641,39.9
3a0557c5236d866291795f7a4ee3c2c7,39.9
69b15f0fc02f022ec3c729f145089728,39.9
3df902b907645c2fd5d4202cdaff0103,39.9
3ba36eb3d25f31398506aecfd93c5d44,39.9
ea49a65ee5cc655d87e3ae14e3370be5,39.9
1f74cfeeda5e2f4b51ab875fb82748be,39.9
b1e0de67cae65d9701fecebbeef6ee1d,39.9
91b7fe9bca22287724c0aa6c62b20706,39.9
b72884b762d45943f29b2b0a10cccc7b,39.9
8f7076e6c2a866bb901bc35ada1f96c2,39.9
6ce08c3a8b69a46f5bd4f0acd2fa75da,39.9
c91399cba7a537840d0db2f5906accfa,39.9
7a31a88e9adffee30ba900e25f51eb77,39.9
0474f888bb532eb4cc657abfd37c9d44,39.9
072fd8216633baba841520c47e686b04,39.9
8834843828f1e7691f2b5ea94e7298cd,39.9
4796c2456460470023bd65ce1ee39f6f,39.9
da108bc410acffb1400cf9caea65a332,39.9
153e7ede88bd53eb0dd8adbd397c766f,39.9
873d38fe31293aa004d5111a11f3b51b,39.9
ad106b5312306e6757e1fdffb7aef21c,39.9
f1ae790334c90d9bbec5fa1861e1f9d5,39.9
4145e2cdf46220102a9838f6c37b2184,39.9
33d0f8396212d766f1a87e003318f889,39.9
9cb5cb63842b6b3b9843f6803eda167e,39.9
7cc0fd76a9092be4823dabadeee4fdd8,39.9
d9bda6cddcb5b6018967ef7e142e9965,39.9
7f5cc65222c2fe21a935bde669213ad4,39.9
f5de50704f1a1c6df7f9c6912c9a3678,39.9
7b2cbf1521e98968f700c881a38a1663,39.9
f334ce82209ad528c27324fbd3b5dbe2,39.9
3182be8311cafb4d4c8ea0385fea7df3,39.9
8fb6b9575e3431297555c4a59b070768,39.9
7018d75138497f39ef79e2f7d0fd53fe,39.9
fb247c108a4b81b1599938933546c1a1,39.9
0487babaee1a6d7e1aca94e4ecba5e47,39.9
fd8a1ffe33a6ae6e7f9c21f08df6b62c,39.9
c78ae6d35d08ea9b9fbbd180c70b0ba5,39.9
56b819ca6360d77781801ec530b47783,39.9
13fb43880f01c5169ed9b4fedf122823,39.9
e29d3a2c9bfcb170f913361494799e4f,39.9
53b63660d4178cf47e86ce9a81d10e62,39.9
9e1de98c94e731918148fed7e3922843,39.9
607f61c673a8d9f19a81f89a9fb081bd,39.9
a9d39f7dc9e3d40779ef2a528dc8ff7a,39.9
8c54c3840732404955dd52b4b4babe87,39.9
2713a21879b222ab38ade5733139232f,39.9
8e55628b82ea63dc22fef3bd6b2298a0,39.9
187a209cec5b138187e8e4bfa8fd8825,39.9
01b2ab1c903b4ecd0442a3ce48d89caa,39.9
9e14ac0a443b8dbca65c6d5b535caeb1,39.9
3d8b8929401137df8ed8a123e9d6aa16,39.9
aeb46200c47a3a6be871ff80f1e0532f,39.9
c71d7cc776805177a8efc0f904ee5b60,39.9
5d3f357bcae87e7099d31a769c2e4cc9,39.9
4cf7ca82e6a8dce7f133a986b20e82e0,39.9
b6fc93990098b86dfa6ecf3f1e7446e8,39.9
de44ecdecadfbd5d7c4943889af1c915,39.9
726f33062ffa7efc5fc96df23db6b3a9,39.9
8b4dfd56e3d88cc1af32815a14d2b400,39.9
1d2e7f83429d507b35c9ea68731ca3f2,39.9
c64e45fbd454c09b9960c3515484f0f4,39.9
ae6ab14831add8aba2de8b13d0ac1daf,39.9
83891ea00d5283d17373996474c61eb9,39.9
63e97b4408b3a2933269241b6d714a90,39.9
f365734d0a819c9ed4d5ed0a30a4c327,39.9
0282e1d60197412167fbb0b111fd55e2,39.9
8213f342f266ee71f8a3f23c9c4badc3,39.9
98dfe650b52959127ab18d7c8b1da221,39.9
5ad934ace4646e3dad70148a823eb138,39.9
aff2bc2049dba7f43d6997a6e0994a1f,39.9
e20e7de2c0080cce2dbdef34344ce227,39.9
02c3ef2028e6224433a0ed8c4aeb9ba5,39.9
c9889c41f5b9cb77189f1af324eb1fe6,39.9
f0506d417d677f27a31385b606bac44a,39.9
67cf89bcb57e90039ac1539f1c112481,39.9
1afe6bdaaf6f029eea4002b18132d12f,39.9
2a1ea3b265ba56bb61bb9a4aafd506f7,39.9
a03a696301e1946f58f689501c6dc81f,39.9
32a6bce7451b6253002cf117b0726672,39.9
afc7e7baf3a9a8ca3e8bc623ceb4c7bb,39.9
128c188f45804a1a93bcae455c0e4578,39.9
9264159ca3b86f4cddd5a06929727ca1,39.9
3098f830d9bafdde11e15c0d087fcc55,39.9
1b65a9d6bd83772340252ea663eb6a52,39.9
9d0b431db3b8f71e53aecf9af8ea0b27,39.9
8df4a236a4d1d6ccf5f838cd45a3e3c4,39.9
8699daec121578c9a9acfdb360ffe2e1,39.9
ae23994217f5ab1e6bbf62658e8df8f3,39.9
bd3d101fa88a7a54f0d0834fd16d213d,39.9
dd9fb9905e0a0a4f0569fd9478774b18,39.9
a6d30c849e11214bfd35f21fc04bcf8f,39.9
ee8b9c4b67be6419a04e1f0c292a773b,39.9
c1052e49e04a1371d071dd1c045854a5,39.9
e208c6e4c51b1eb04bae59a814490708,39.9
8c368f5d7d10b203124dd10e280d78cf,39.9
666a3a364a32f94a166c761b82a58981,39.9
c5cef700ee7cc5a1bd23ab842777c617,39.9
ad7bbfe917e8a82b01c911b1f6752c7a,39.9
a964217c2db4ee749319d2a502939db7,39.9
566a5937fce940cf40bf500a444b8f0c,39.9
07f681c9c43973a08f803999f285a2b7,39.9
895dc6310e03a3a99b01e8224e7086a5,39.9
f629ff4435d49eeb39b038a67ca0f78f,39.9
10c155b954e1a9bb97996ba6d87175b6,39.9
7ab83c4dcbf17bff5832baf041f71fab,39.9
4f22f1b3c2bf5957b9bc6465b4902444,39.9
ba59bafdda58b9cfa207d9a6a5c6a043,39.9
f8a3f90054427bb63eed0ec42ed00e70,39.9
347383eb85480a99e9df0bba4b129093,39.9
2b4ee808fb510ba674b47f509fa03c38,39.9
7c58c07718ba7a706dc41ef3d4702a18,39.9
7778ca9beea5b963e1b74322be4c7b5b,39.9
e0dea86e76e3cb7a8225b70a1ebc0e74,39.9
24b6516fc43836e57e9292a1d919ed3e,39.9
084f8b0a341a5654055220f513ebd14b,39.9
daed9392a48f1d4884e593c08c5011bb,39.9
aa57e2ac661dae06e72fd085abc4b249,39.9
e0b0d01891fea74e10eaa315c127bf02,39.9
e608980439b12edb850750947d887089,39.9
bf6dfe72a466c4f26cd5da3a82fddda9,39.9
d4ab01c9963324fd131423659776cf19,39.9
52128c30f27e3166029ab4ad0b502c94,39.9
89aa7d6c004419805cfefc8ed2e01c1a,39.9
cee15e4c71628cb79e97aa9dd14b10c6,39.9
4e012433d21ce5df2fac3ea0c678fd13,39.9
f5b127e5008b3ef6cc09a133d2f0848f,39.9
790b71dafc9a25097d6a911c65f351f6,39.9
733209067ba60698392d0d7c43523a7f,39.9
0437d633b71bb7bc68f45ab803c5e9a0,39.9
087f9b43add509b918c1152191f2d243,39.9
3dc697c4c4c33728a85ffcee66c56297,39.9
4a00f00d951c167739888a1f16c56e8e,39.9
a211a81dbe759c812006a8554316fc94,39.9
31c3e07d61a3e64292159dd61b686e2f,39.9
2c5aa0da1dbbea77b743d83340ec4b4d,39.9
06a8094ea22f358a71c5ac55e549c10a,39.9
5fdda35530bccd97623de0d77924e337,39.9
941e3d52d6ec11f3162bd535afecee7f,39.9
8686c6f115aa4dddff8011037eea983c,39.9
fbfc35006c2052d44859b474c4366605,39.9
7d1dd3c96c21c803f7a1a32aa8d9feb9,39.9
abffa9acf0a8f4ae68488c204ba45304,39.9
5103b5905f86db69255a1b30c64f58aa,39.9
b2ec0a5ded4fe96d741176331bc08670,39.9
971d3c042d4f75a7dca4383881b21072,39.9
305c72d87ab363c4d33fc055a547702a,39.9
6fa8f3946080c37c68b16234a475b081,39.9
c7716228f03391ae31bbf48d46c56fa3,39.9
4232d226aaa704e6fbeba6ab06ca578e,39.9
153e52e63923244a66d19c4b0ca40f42,39.9
8422c35d03577f94c15a4eed5504e09b,39.9
b4214b2e14c916724d94efe51fcbd1f0,39.9
ca55286eb1f92efc0b7b26632ff9645a,39.9
8b3030e1f68b2913007ec34c76b6514a,39.9
18f5e10a8304a6dc7571a8e8c527be5c,39.9
ef672916931b8917dc5ab61c15a6768a,39.9
2babdd28e3330374189b7be848c4342f,39.9
1b971c95893767cdf1cd202fcb892bcd,39.9
266678795bc5454fdb8833d7508e16d9,39.9
0d91c0772ebbeeb7940a79c886b29a3a,39.9
8fa1188232c7e51082b4786190ac3e38,39.9
7285f4f77ff3b5a9ddef337a2eab16e3,39.9
663265e45a00b348067fd6580670e653,39.9
aea3aff1832af58932ad32617b3333fa,39.9
ae98e7ef8bbb639184da4566b1e7f19e,39.9
6d1077b88cdbcb548fbaff449c4299b5,39.9
5740a132befda6003442f8834d5ad458,39.9
4db9dd146d2c14365957faeec4ccb797,39.9
3ba6d2206dc4ca27f2bf1bae891c5cdc,39.9
1f3ae51a39012c80a1932ec6deda6dc1,39.9
f5458ddc3545711efa883dd7ae7c4497,39.9
eab78dd9dd163be36013d95fb82739a8,39.9
e692fb9ebedf9385c3b4b7d2e140fa21,39.9
7595e4347e556e9e047cd6aef77ba4f1,39.9
ec5d1a0d9c41f3d4ed41942d4e4f31d9,39.9
6257a012a2882532b055d565322107ce,39.9
e243da4d4f1c0043d86b95941d73fd45,39.9
3a736406a4d0c12b3b248f4af6dba673,39.9
7d9631fe32b276d4c6aa04ba141a03e8,39.9
8e97a6ba3c70449dfc931be3e148b68d,39.9
a65a0bec248c17046a1e9ebfd669505a,39.9
56afdae0aca2a146c5c139fd1fbf0a63,39.9
cc47c20437a014d9a61422d37359408e,39.9
7a6ebfb04fcb2e21ced42bbc8794892d,39.9
059d7492e1202078ff3b15924d42f765,39.9
436bb7ba9296d93ab5e8eb0ead3b2bb6,39.9
7d56470ce997ee63cdee96767fd86380,39.9
c2965be789fc4b23fea5720b8f1aceac,39.9
93e03cca3b7ba4bd4672f52bab2983c9,39.9
7b9fc4cde64d7cc80781e5b573459e1b,39.9
764b9171f58d54e6a590264a93b0c009,39.9
c44d3ca3ce519c558527cf785a72011d,39.9
b7267133b73f405dc40ecc46bf9bc96d,39.9
b09dfc21c8731d3d08e35c06c4992922,39.9
2fec052eee9bd6a5fc6dc32b34af0032,39.9
534ae76adc5da4b4f9c7b505a756d59d,39.9
f11eb8f0b8b87510a93e3e1aa10b0ade,39.9
5759cffba9a4dcd1577947b10a8bb982,39.9
8bf209e6a80b1b6813fd5ef7cc0859a9,39.9
5f8a12865ea2bb0196309274e15cf955,39.9
e137112413fc947be060ee527dfecd38,39.9
f845a6b798ec0cd1f5fd81b8744c6e68,39.9
53c1956d88292139dd790ff574adb833,39.9
1a9a069744116bd55564b27d4bd0af57,39.9
5cfc3b340e44b2681d5091504aa8caa5,39.9
e160fbbf934ea781f3f302118e931029,39.9
4f093ba642d31211516e40197a8e3aa6,39.9
eb316b10309b44e855263e3fafaf1caf,39.9
36382579f4df4413cf0d5122f890b973,39.9
c5ae7356add4217aa8e2d1677f60e49f,39.9
1eb544acef426d2268c038b8e3ff1b23,39.9
d64904edfd79d4934b8b06ce77c1164d,39.9
638ce7c1daf4abf3b2d316fac939d970,39.9
c79a864b023ee46e9a2e29bd06e72579,39.9
4a6bf8e14787e241f4d5dfad9a6dd6bf,39.9
2f5d191b0d3451ef0e69e182248d6090,39.9
e2ecb4130f7ce2e893ae9c42c9af19ba,39.9
b759f23fd1901915ceb362ad5e66d5c0,39.9
13d1ebce1606cc152181e65978d1e7f5,39.9
77dc6dea7e5d08bfea0c98b5b377032c,39.9
d35b53d23b85638c39dd9d4e6a51f36a,39.9
c1db33fc905215ed34f7c5a82295ffc6,39.9
24d73607e41d0612c0183973e08f211d,39.9
4cd315dd3593bd76bfcc693ca7e62f8f,39.9
9dbbc2d1be1e5e12baf6d5d1c7c2408d,39.9
6d9ef37528ae275f2b37f5796c8784f0,39.9
fc87e5c06780700952aa42998a22968f,39.9
36e63749ac0675e2ffbbd4cdba2ebe76,39.9
e072b019a16fd3b5bb52d26359902a4b,39.9
26b32bdec947c658c37dcfca2859bdf0,39.9
def2c745c728ef19defd4bfc6288c99b,39.9
97fdf5b0f82ffa26e4fd38806a5d3242,39.9
749038adc58441ea072a53451b9dd1f6,39.9
56041b9a34fcdf3368352cbb4fa67432,39.9
78ba43e33d02c804740925f29aa3c870,39.9
6a9c922c5c65bbfa983c16742e4a4a6e,39.9
c5064807abdc55acd37860160154ed1a,39.9
6b9dc02c5b16457dfd5325b2fc0e9b04,39.9
d36a25df7ff60b473c289feb156dc6e2,39.9
c22bd57c8f9d1cccc8084b844f125ec6,39.9
5af77d9ab0d4fd887c5c7022980c92d0,39.9
7a95bccde135bf0facd1744d129d19a4,39.9
cfeafea7443bbb29bde529a614c77115,39.9
c8c4e5f83e41a1c32b287793785cf3f7,39.9
c27c8019d63fffbc54405a4c07cdd5dd,39.9
85fefa53d71bcff89e357dd239edc2c9,39.9
0ab29e5915ad4ba4c6d77931b038a1ce,39.9
d688d6706350d130db0392840898daba,39.9
9d33cff321da4458db9596168e309392,39.9
142971bb683b69e32bf1b691f9acc928,39.9
82c0faf1ab5df1c5e611354c4ebb2e67,39.9
9576d0ead7d4c16967807491cf3761ea,39.9
dab6b8d21ca0042c271d59be395eea8c,39.9
ed3b4bf8fe2ca7ef257fb7f7c856f2be,39.9
63a8b0b5f3e4542aba902611b5f4655b,39.9
bb69893dcb0e4b43151bbd1559963e5a,39.9
2ad5c8b883b8d596e41a125006510e9b,39.9
aff59e4810efb674d1efc783f003a25e,39.9
441746e39df2b72757086025aaa792f6,39.9
a089bfdb23ffc911e6b8ca837314b355,39.9
1132036fb26760e31485647c6c6b3e27,39.9
ae46c180a00aba01fb17d3e2e26dbc28,39.9
0dad07848c618cc5a4679a1bfe1db8d2,39.9
83302d09599dec41f0194aa83d1e7e0c,39.9
92b327fbdc38332751b832c28e013f58,39.9
6a7aa1cff48701b0ece001860af2ef33,39.9
0fc4a56f2aa36f5d9d91323864ae0362,39.9
1e7cd41ad33991231a3bf8a82c39fb00,39.9
ce159c391aa863a53149f159a761fbee,39.9
6b9b119304bd30a72e528d9288127022,39.9
20217ca968adf8f08c5916bf09c33d7f,39.9
cf6343c3fa71cf43abe9d4374d8d1f11,39.9
71a1623032c89a5ab3feff5fb460a5c8,39.9
d3ca3a344d5f960ad6733ccc5b27005c,39.9
69be2469e83511c9d3c230e91b400cf7,39.9
5928fad2f857413a13a6bb69e268a49c,39.9
7721bac08ba3e3a777291cd38463d39c,39.9
6c63eb1db2aa1062cb8c81dd9a303dea,39.9
2348337390df48263dd73fc53b8606b6,39.9
fc40066121281a5e32c5a0403292869b,39.9
7254b9d004bb679823c2d2c8dfbb5eda,39.9
4907a13a399b8176cd7081ab32b969ce,39.9
42fa526f0f58f2ee8ee4c7791489426b,39.9
d61acc6e4228d52d3b651ba6ccfb3494,39.9
7e37c4691de2262c9faaa4096d2d8c5a,39.9
7f6b61053ca82a4046d6674e78caad62,39.9
1c18838e08ac38890f0562e339a03d8f,39.9
f9f5b9bfc5b9fdceb180b9227737630c,39.9
06edd9c4cdea63ce94873634698606db,39.9
d082b7a7c2aa758ce7a11c5d78b372ce,39.9
4428f44a71d4ed03fdaa62d4ed852f12,39.9
e2cbf3aa452a25609a3dd8aba84071a6,39.9
db925a533d94cee42707026949892c7e,39.9
e14603210bf5355859bea3b45bbad044,39.9
9a1f5555eaee7cc9a44ee79edca16b5a,39.9
9b4f6cff492df6f19b4cd348fd0d0853,39.9
aec1007daefc1ef2206c801c32baab18,39.9
63c29c68ea4ec92a4adb4792f42429db,39.9
606455b5cf65c6a0faf47740d836d62a,39.9
5d82da996297b353588bc2f1da9b9b9e,39.9
0fa8935c3781f2a89ea2db7dee3aaadb,39.9
77f8083926fc5c88a718f8a49a6f1f2f,39.9
7388c02748d6f6805ab8c2567cc7e0ad,39.9
32f7e622cfbdd94691a85692f992a9d5,39.9
8f3f527075edc71580c9966f7e4ae27d,39.9
67e57c9d937116b88c0f2f35d31eb918,39.9
d5ef6eb2e7cb3280ee294b63ecc10fbb,39.9
72f24bfed37917f0582eef35300edfce,39.9
04bbdc3ac9295507b111d49f4d110eb1,39.9
5b1744540d6008b84d219500ac01df92,39.9
c09880500ad047129ba8705553ee6ecb,39.9
e0644e3a412f2daa01c7733b93bb5cab,39.9
02e5947588097969bea7e00013dd7488,39.9
e20b0ccbb0f3f96b2dc7960d76b8ef3b,39.9
a591babcd45655d95cb7eb5902f4d982,39.9
c0c57d5e694be4512af66525fad54068,39.9
d107a7ac2cb11a52b6e269d277c17652,39.9
596040e2523803a2b45f1a403a86be7d,39.9
f076dccec369bb0dc9e005f83ba7c32f,39.9
ea1fa31c879adb514ec0f5aeaaf4dda1,39.9
82b07eb04567873d275e64c6517407aa,39.9
320a107d49c46f919012be351ec06cbe,39.9
b5f901ebee018e958ea2efe39b4cb8a2,39.9
e1c33362bc32ac335051f63629c4e8a4,39.9
c701c15dcdd3e22d69324364f1266d66,39.9
df0ca504291a65e2e7e2c2439fba4b10,39.9
38dfb762919427e7ebdb0acae542419e,39.9
ee1df5476c09c1850cdff1f73e3a9306,39.9
280e3ea6cde9285315940929e0f58320,39.9
cbd27e89c7d9f328657dbdfe6206bf6c,39.9
ede477621ede321053765e5e58995ffb,39.9
30dde7f12628e5590a4140ad0fdedd93,39.9
ec25fe55c673e43d4b3a9bf813cc189c,39.9
b2f66716339acf3fd29df8cb5ad63158,39.9
8274d1ce55f63b53a080471c910dbb77,39.9
add5785e010249251e3af691ab7341b9,39.9
09566707b6df407df83b88ae3c1f5ffd,39.9
278a2cc7e2e7b90f0b62d57871a86fc3,39.9
1abf6e7692428fe41add0d40154d2831,39.9
fc123cbe955921c43c155ea23b0214a3,39.9
b32b53ffb964ca001a0e4daca0b4a343,39.9
586917ded6789bf18fbd8db6e5683e6c,39.9
7cbb47ab67fb071367951c3007ceedb8,39.9
dca8d3f7703ea5066661fe1014e2d9d1,39.9
161b36bf551dd0e48ceaaa02688d1300,39.9
0221ef5387bbb856f1b319d942fd15bc,39.9
9c55ef8e0bdf003d13d7978e45a3e370,39.9
b69de4bd4bedd310e1d81c3cfd5222ca,39.9
f720bf1a3ac316ef4a99aeed8a9ac7bf,39.9
f212f27910c574c5835d1fc48eace4a0,39.9
2675b80d5228e7a25bacab60bbad136b,39.9
6d5097d527f1fff08f0eb49eae46dea2,39.9
630ada7cef0f4ec490c09725e943499c,39.9
8234f3b810971f0c280a3d0d7988fffe,39.9
e722c5955f4f3ac688d82e1aca5fa0e7,39.9
777bf9a904c89700fef785ee2de8c0de,39.9
41061f2a3a70683b176c48c221612439,39.9
fc9c814a1d63689650a0292a9e32f9be,39.9
ca980f1536ad94c1a6b7e27b7dad6b59,39.9
0d518971497ae58588456b60337137af,39.9
39594b7114e70f980097f1c4a4f01688,39.9
f1e6293b21eebd4e0cd6828301c669b1,39.9
574e7fc4efc2ba7caa7c4a006633f6bd,39.9
4116eb214c694f5b5954183ea63a064f,39.9
7f157d0a78b251ba8904237c0851e3e2,39.9
6a7cc03b9b05f65433b2ac7f1503b349,39.9
71f2cf4639703d454ae1b7d4fffba6b9,39.9
7c6f1e09e4a23008a6c053351b51948f,39.9
0aceb04f65bcdbef8dbda04e2a8f9e30,39.9
1c29934ba9549b76679e35cd755c6be9,39.9
72cb865e318f4077360bcfb50098f7eb,39.9
96fc2a988f8ec40a078ab92f1623bdd4,39.9
e98065a8b5eab63b7ae08943455d7ba9,39.9
b8be0fb88b88d0e00af27f75835e1c50,39.9
41882b0f934c20a88f3d44f382d5e376,39.9
97efeb58e92886e9de1ab49ce06a8139,39.9
3d58b5a4896222884b74ea5074edc1b7,39.9
0b000057ede436dbb104e5378e0b8888,39.9
2809b7541e5006a73204bb7c9f8817ee,39.9
72e3a759c87ce3752d2aa17d670696ea,39.9
e9c53bc9bc8e4fa86eec3cc712c42c51,39.9
902e86086e218762aef97d7d22b68fae,39.9
2bbada11cccfd46dac66a97c9604aeae,39.9
1e097438e43714589170b9bf6b41052b,39.9
1c72ed9963ce45f7733bcc782536c858,39.9
e8bfce998bdf363fe7a15422b17c1597,39.9
18bd91e07d2ec288e213c26f5d24e67e,39.9
b5def42592240bfc33d93b7ccba361c1,39.9
0b3a8bc8ff126326a4c6bbc3a6cd8589,39.9
77e0f0971d7d7e680b258472dab6b01b,39.9
6c071d9c8b7a81a768515d6b5baf8941,39.9
f45387a2a2560b3f197249efd41a2f1a,39.9
28b0610006bb74a16c4ec12e9e404373,39.9
2ea4875e4673944bc07e7520e5d96df1,39.9
d62f56ddbccf183f9f19d63305ffa866,39.9
7e225df5fc63ae525999ccb9082056c5,39.9
475cb9fbeae47d32b9f40e4711ea8111,39.9
643bf09ef6456d014d184adcef520b40,39.9
9b9f6285956c99f9aaf3c2b1ae833836,39.9
11795bd5376cbbef9e6e3a699df983cb,39.9
543326071ff0a33f9afae64b8b085390,39.9
7c1e44bae9c9e0a9e92995f8067bbace,39.9
6e63adb48a6871ebb6a58539ed62a3d8,39.9
5c295355b13d4f4f3db98ab515035af6,39.9
afe9bcbd1543a6585a04356bb91fb5f7,39.9
c2855a9141e0a3f2d8193ee8f385ee25,39.9
c8286741eeff835e11e568cf4de43a6d,39.9
0e85381c0b835d2abec6cb10cc8a8a9c,39.9
52d954a9a78371248c768d562824c212,39.9
8e5d467a031a1ff1a25f61d18a3315ed,39.9
4b80ef6eb0f70e5ab41bc1739a5cd827,39.9
9bdf60de7db54cde7c28804b02fb72b8,39.9
6624d864bf96345f43613d1872805351,39.9
9ca7f08d53801eb5a2d5f25e208a1c46,39.9
fe93936e114cd096f6fe9b875e9e56e5,39.9
e98998055b4804137a020830903f93f2,39.9
c6a07f3885aa611fdf975e4ce8b1c9ae,39.9
0428c4d3d04096fb5f5ce933acbe8e2c,39.9
dba4de664261c717944311ec85f888ab,39.9
1e292a1892337d76520a685fa78c3280,39.9
8ef7d02f2a0e0ec0c19e78519b01d689,39.9
3b5c6ae5bcbebdd3468176e0046c113f,39.9
bb454ca97519a6764071a5af75ee8521,39.9
91835f885bfb14dfde8979136407fc85,39.9
68b62859e3953143b9a370d565e81c44,39.9
36d63113a38882f3f464f8eaa96c4b1c,39.9
39c9dc82d5f60eb1ee8bc4fe4aa29dc6,39.9
149ac0fdc3fc6ed91440c95c1a92736b,39.9
0b673beb4a9e4f57ebfd292e388e87fc,39.9
94a5ea61a424dc143b493f6009ee9211,39.9
e77f4504a634682ed1d9b850039fcc49,39.9
d5877e2654ddce01041b38423265fd20,39.9
97018212070d126828cf1e84045b1e5a,39.9
af86c43027ee9c1f73233d9d55783c00,39.9
eb752efc8d5d6333e121cbf392460955,39.9
8d5d7b93865f1c70e8d923b50e59513a,39.9
1e0f12bffae1cb0f423103ebdb329283,39.9
f48bb6ae97f067d5e7341e5de79c70a3,39.9
626ee03ce70d55d537a1e5d9f2072261,39.9
68d446727a26125214dd49db0eb89251,39.9
f885a76f4d16f14183bd8762ca6420b0,39.9
39f4205ae1789fd59b6ce79e2cd7c381,39.9
1ba3670c68bda95d41ac806d86976ab0,39.9
dfaae2502e5487b4966db2e8124da577,39.9
b98be2d53e952e3c5e284fdd41f6937e,39.9
bafd4361ea9061be4b18bbc25300f2b9,39.9
66f7009f43953f072a7b8e678632f11d,39.9
4c14a6a902df9ab457b0cef46b8b7572,39.9
966494554a31cf57b149a2ca4da38fd4,39.9
c1ff6f7675e7a6e99ddefdf9c2636118,39.9
2c7fd6962c9c9b307fd06531b85035fd,39.9
b41ab09d03cd73ae63d8c474d89efed8,39.9
b743a658d4ecad5f8722c115d28e3fc4,39.9
19b0b4f4d16afacf338ab479fde55ac6,39.9
61f71a5cf65daa4b54206e887828f250,39.9
da31d17d88b6d4134d2c955c60b92ce8,39.9
ae90d6c9a67541bebe0fb08a9f19b124,39.9
d494e80c75a3f57c7e9519c5566e7e6c,39.9
338e3b69e48bfd76a9eb4e963dcecb2f,39.9
72626ae78a09de49d28b9f612c78f31d,39.9
9979632fdd77b818a02dc214d57752bd,39.9
3ac0177581009fc9b7e7aa3e860101a7,39.9
6f2f081626148a2af2c76cf5f3ee4967,39.9
5fb55a301ddbdc32411e1e40adaace7e,39.9
18d0f54e66d1afa5e154eb1ae2a463c4,39.9
65b14237885b3972ebec28c0f7dd2220,39.9
59b7bf209533f09866b42a6ea7076666,39.9
92d31a8892a9b50499a907082ae5e187,39.9
d483d7564d3587737d30375771bb72a4,39.9
d8fae274759d18fa94cc3a93590abbf5,39.9
8c79e197cb74694ef8449bc0c0385662,39.9
4afc4f88793055af8ce03353b9b2d61a,39.9
d1ea36182f1ea8b7ad99e6ffaa8b39a7,39.9
2acac3dfe4fa0e75b07461873a67e7e6,39.9
4931bab39028b872b4ab9a0c38e3d552,39.9
e1bbe39a9589c1c64f1c685f9c85a1c5,39.9
0e7de6e91e05d4cb605014f859417092,39.9
32e4cf48b6e69f385da77b75acdf4c6b,39.9
5242064c3dba5715dffe970d03bc7f70,39.9
c18a4cb3f8ff37151c8e3dacada355a4,39.9
bedf32ef7cc10f89d907bac55e87ebe5,39.9
1a1c743fedba1e6a56838f343048daf9,39.9
3e70b5626bfa65b0f2678059e45426ae,39.9
762714720007f6df80b89a121d5101e0,39.9
5480e407b32d927bc0df17224470f889,39.9
5b84497394f880a07b93ac707f33287e,39.9
2bda95038c0058677a245e169b1da7d5,39.9
ca1023aa63b961bbc962cdcff0f1bf39,39.9
0c4a8b93effd07ade151a4961ae8791d,39.9
1018405e6c2d86a48cd8ea8f2ca0ebaf,39.9
55ebb25019b36dad5e9aabd5475ce7f5,39.9
482d1baa7d2f9c4d4b54ae09215d39c8,39.9
8e9978e43a0f61f5ebccf0ab645271bb,39.9
868f46be4f522fb8d0d2470d4196d86c,39.9
7ec3f2352e9adbb54e274886e56f4a7c,39.9
7ecce0bacad3880044f145069b089f3d,39.9
eacf8d981b61b119a75afa34a977b271,39.9
56091616e7ea94009dae176e74bc4fa5,39.9
084c2bd2b64d5e52712259d7a2f0f79d,39.9
e5665fe8abdc4826e0f15a3d8f113caa,39.9
4fb68ac78bb3e5d8af27146d9da1ff46,39.9
b2b13de0770e06de50080fea77c459e6,39.9
85245501c69284379cc78c76a42b722f,39.9
b796c5b32054639e5707a7996edac9d7,39.9
e6ed40b69433d15314244f3ef50bcd29,39.9
b5bae8ef2af64a160264b103b7df0912,39.9
9ceae1d64cf028a9a55f4c0bc3971d24,39.9
324edf2203293c57f30f5ce794687ab6,39.9
6931bdcf8fa91746cd473977b3805a36,39.9
48c76234921fcc88198bec9d7f354f3e,39.9
7ef362fb4b0b6ce80ae7de985fb583cb,39.9
eeadac9b0fe825a38f5935b801e3937b,39.9
01b365dec7627509427c5503e029464f,39.9
7081962004875abb5b6710a4042b9ef7,39.9
6a9f8b26d13f6070c2be70b834949be9,39.9
2a936cbc4a4ff3bbd19517cb70dfcf3b,39.9
7dd79bd17d2be396ffdaabb3244e4213,39.9
629fd78f7a2a5adde1ce172f44106fd3,39.9
1842c33f1a49f4a3f653e28a75254e38,39.9
a3ec152a60876934145cbaba40e543f6,39.9
b3670b3da4ad23a4e0f9890e5b6cf737,39.9
afa74a7d4baf26e7b0ea6eb4bcdfa450,39.9
744a80b67af618adfecb19c2b77e3618,39.9
3e14428c4503ef8a8fa6010a4992b4ce,39.9
2fc18e96c5987ff9e0f2e3ca600cd075,39.9
28431c7da08761c1ea2827009796a928,39.9
1a2821a2e92cf93fa1635eb0b3775ace,39.9
53dbfb760ba0871ec0ab89c75a75c9bb,39.9
7a9b3670cb3b801f73a9b2e9d4f2e52c,39.9
46e7342ce409f2b5656f102f2ba9b9dc,39.9
1118a63d07992f9327db7bf2e438d697,39.9
393c8e557940bae425ca66ee5a803291,39.9
222a77a6c34da7d894f816fc6fadd129,39.9
dd2ee193b20b98224502484a26b61d66,39.9
067de14678d6cadadbdb7b92c8789127,39.9
4c8558c5a434a901a4f81fdf824cf4d6,39.9
0af4e8ff1f457449b9586c1ffc45ccc1,39.9
7bd7571ed5c2d9e8026da682d71e633c,39.9
135bbed7ce32647898c18ba5907cb80a,39.9
28783e4198a64a0285d35e5967d9956c,39.9
d5306df028646bec411197068ad3d9b0,39.9
4134f91e373e10b21b922eec937f7bdc,39.9
8a70aa71714e9dacc4dac1a4c4b336b9,39.9
5fe15bcc0e9ddd5f095da5f8eacf6da8,39.9
a55000f612a137c7cd5026bbc796e260,39.9
8457dd875ae43c9b34240808ff8bb757,39.9
11164408a37998c0a3000919109c2e28,39.9
9583a7ad142cd82f0e997598d3091941,39.9
8c17ad58391be1710f7f14d41e68d882,39.9
c40a784c17fc33789c6778125abd1fe7,39.9
e07557a200138bd02c877d6d7ca87db4,39.9
1c01b6e99332e712ccd834ae02122d20,39.9
0bf8bf19944a7f8b40ba86fef778ca7c,39.9
a8b8b0b3fad1d06c3ecee2c6d0924ae4,39.9
343c25401e9d4e099d34e49434b0a6c7,39.9
90fb607172c2fd251305c706dd1f7f77,39.9
f0b486ffd24a678cd2050bc29d3678c4,39.9
5140d26646737748972e58075deaba17,39.9
8a2ea7fedd47a6146d82b7926cdf452f,39.9
ad63c8822d109e745e032497a5fffd68,39.9
931bf9593e087bbd3b2c0153075defd5,39.9
91d93e467ff37dc75fc4d686ec154564,39.9
9acca9cd4c384e3ba624a80c5b669573,39.9
3ec9d596d9b2c56ecee7bf92e33c9bee,39.9
ce5a044fc70f03fbe28127390fa27373,39.9
faa05467f4b06e08138f1c1773ab2fbf,39.9
9decfe914680409a310e0ecf933e4d48,39.9
735805cbd7cc98496da75c79687f5cd4,39.9
921c28ab6d42dc101d7a74ce6c28a778,39.9
67e000a48b561326797f273e60821243,39.9
6dedeae7b8c0e0c702ab48b5feebbbe5,39.9
b5cbf43f42281920a175fc99650c91d6,39.9
d6e96f83633589d4a7dd877c2bea57e8,39.9
dfa3561dfbf38871099bf09cade3feef,39.9
2742319d760bd1092185ec8550d69cac,39.9
32018577a9de50fb2ce98318e64b644f,39.9
f2500b54d9a34de6420a501b60d17a06,39.9
c6eca2cce41e4ef53a853e945b382b52,39.9
5e3f472fbaeca6350f1d9d3072293f31,39.9
04d35bc9d1149697fc480f6fd6da8247,39.9
14a4422e890f96a180784c552d7bab5e,39.9
35807456295f80cbc6491f27cee2ccb8,39.9
5a79df8ba29b9929e31e7afa92757ea7,39.9
af80fb37305133fe068ba9c0eecc7955,39.9
2386792ff4818fe030a3b1364994f51e,39.9
dfec7cb1347f76c3ce993ccde152e6f7,39.9
d8f4276da09c01298b52084ccb4777bb,39.9
f27df48fd090051b3bf751412df387fc,39.9
b5ef23001e4c334c545ae1520408f2b3,39.9
3c1bf64716a94f0ca73edc8352ec1b75,39.9
89a7fcf7fc62e96cd8a92de58f8d035c,39.9
074fe3d7d1bfae730b41be9c647ff8c8,39.9
629202920f3647c33d7e92c7d1934961,39.9
30499bd0b4374d37074cfabc399c9f85,39.9
f3a656086677996ac82031c6091ffac3,39.9
21c8877e6b8dde1b62754d08036ffd1d,39.9
14eade9f72fa9ae6c8d8b066d20d611c,39.9
9129d01f55b5063bb674586fa11ca8ac,39.9
82c556ef20ad817d0970931f3e3a63d5,39.9
357d4eb0ea92d81fd60cf51d9e6f05a3,39.9
27d2558ca362026e8924200781145922,39.9
3f3604cce1ae20d26d7503ab468cd86b,39.9
9dcf645b5f9893549230e6346bb21a4f,39.9
6e278147fa4b248ed3961c92b4192ccb,39.9
c89a210a02f21b5c33c6c8013a22fa16,39.9
b77e9f78e46a3fb8102d77740a2263da,39.9
e6153a41439b7e1ae5508b4dcd9a1055,39.9
9b9adebba72d5785b4336e991ac4d847,39.9
d53dd905727c9245ee862fbdc28b7c8f,39.9
5cf6a645acd4bbae3da587beadf43de4,39.9
b9142bab03ea7538114d9f90f28bdee9,39.9
1be9dec1c6ffd52c7e521433e0545b87,39.9
5b28ec71fec70bd2e7a469df2e6499d8,39.9
acb6f5070c34dbadd42a7dd6b18f6590,39.9
eb172b63b901dc5dd76bbb694ce13ff4,39.9
c3ad6ed760937161a511dce97b58feb6,39.9
7bfdb3d0f53ea882f2a470c6ec01a983,39.9
c2722fd676f7f1ab5c4e736079b57596,39.9
46dd1c965a3df32d5d760106ecc02afc,39.9
d91dc5b08f5bb5e181a878580f4ec576,39.9
b3cef8f90b1a9ae1abd1f8248d4d27e1,39.9
7f4b6c52e1e85f2e166d5f01ea86dec1,39.9
d78a5880a2347eb58b1c90069e205694,39.9
ac7fdccf1cc317b11daa5bca630c91f4,39.9
d017c1498c905c03ce4ae87bb73bcb8c,39.9
10f6413b5b1071b6b46c72c05df6f4d6,39.9
90a7c78139e448ae64279fd41cfee48e,39.9
fcfe3e1db275c2d865a98eeb413bc26a,39.9
3dcbd63311cf3959c5a02ad4a923b714,39.9
7f8d90a7ede6e6e0df5f3dc68510e1de,39.9
71b7374b767f2bbc1a6e8151aa3cbcd3,39.9
c7212c6b00c93655491af0bddc4fd7e4,39.9
b8f8bff5816a15d1951795b05a919cce,39.9
d99700792f0811f23d94f2edb64634f8,39.9
68cb6cde7bee6b378e8a753cf8e5c9b9,39.9
054b4c37e38c1f8c0ad6e2038093d372,39.9
ae9d2891117e90ccb2f5c67fe6788a59,39.9
af034e4bf00b0ddf9941a93f2c0710ed,39.9
0aa02628673fa6a77842ad2c978a2007,39.9
7f9a25e3e3f8323eaf21a6c4e09a29ec,39.9
5d53cf7d06f7d471c05fdc316fd16736,39.9
40627cb941130b64374d443514c5d047,39.9
f0a2b63c12a6ebe723002dd5d08b5ec3,39.9
ea2137d588244819f6be7b1d8f00f82b,39.9
1d4141882e86028ee4751bb58410b53a,39.9
7391671a39f82d198ca41370e42acff5,39.9
72d17b92f09d90b63f157fb9fceb8b6b,39.9
e36c09732cc189b578c48630cdef520c,39.9
d056f27116f163ae6d99dff3d169c032,39.9
2376fe4a486dcff46cb8045b1eb33f3d,39.9
4d92f7f7f7318308f9f4e3c169bb8e5b,39.9
2f5f1572415e02d8955c27c1f5b462b5,39.9
f3a29da4a4c37829fc0e73d857faa863,39.9
d40f7b913da4a8074642dd44f8d51e33,39.9
08508f064a240cf31a60f1ee7254402a,39.9
08c58fac6ff554f3e63b755b5644a7d8,39.9
87eb62d2bbffbdb056a2e56fa22f76b5,39.9
00e8bdabd8d9dec7728bf9a885f7cff9,39.9
282ab86c49646e5a18507b088ee0d74c,39.9
2b580c73f38a115457a7d8e5f7e96f7f,39.9
1f870ded4985cedbdf54b8f8bc932973,39.9
6bbda3b9328f07ebded997016a198c4c,39.9
2e52ccdd230e847b69e75252e2e193c6,39.9
beb8b0329b33c2237fc77674d22f01ca,39.9
723eb4ba0ff9ab7d9b964b4bf7d30438,39.9
ed23404f53a6f7754c6d8e51539eff7f,39.9
e4940b444bf0958f2d625147c4b029c8,39.9
e0e30587b1aa606b32b4ccc95ffb186d,39.9
4e91f755eeeed975f92f4fdb1a74c17c,39.9
a83bf4c5b74243416480fa16e9de9147,39.9
51953245eee90cb1910cb06ad0e158c2,39.9
ef96e3a1d97c843600855e1d878731e7,39.9
05b357d5f3d9238e50e813409c956445,39.9
45734e91784cbe205cb096380e8197a0,39.9
343e60c28c010a14f60d1121ba11a054,39.9
78298369ff18562343a2b8d69cca93ec,39.9
c572fd6cdd98e87ea2bc433b6da21078,39.9
81a968e11737ed91c8092a82a7b19203,39.9
690f9f1b864ed6712a50a3d444c224a0,39.9
a40f8b46938a854129c47067fdd43c19,39.9
d234acfbe489e3cd99ffd62b7ac17138,39.9
e09b89f779d02d6dd26e43881670d935,39.9
09c5222856be1228af5bc3c2dd8842fe,39.9
c0c2c34ae470c7da16a4e15b8de196ed,39.9
ebf8762f13cc2d8f7b7e5f4dfd1fcf5f,39.9
febad6c3f0ecb93ef3b9e2d80fe2a4a0,39.9
d53c6b90e37d56179bc7524f9570c4fa,39.9
49e8041859a634e56ece47ac3be42529,39.9
a725b9b3c21def36039453a77be2d322,39.9
4068f389794929a12941cb19d170fcba,39.9
684e5b66fff2abf39ee1152a232af462,39.9
0d266b837839ed7dab5ac9252f974995,39.9
e66e06fdb34d8289533411b7061d19b0,39.9
3a6d58dbca99e1b8ef6177a10d451ac5,39.9
e6bc21b8da796e00b32386ba8ecd68f3,39.9
5fb9e91fe042e31899759eaaef232c4e,39.9
65c6da734e03f00a02315762773f9e5a,39.9
a3b369b287f0fb3acdbd673d88cc3076,39.9
4b4b31f3c6970ebb076768e11bd95ab6,39.9
91c613027d3cd07c35a73748df503df4,39.9
1e227bc74e5e01cfb039ca61a8a09ff2,39.9
7a24d3886c1bf5b130a1c1f0b2671ad1,39.9
92d6ff70b9588adfed1f220f872520da,39.9
1730218f2f64e40e14ed70840f876c88,39.9
b10c6816ed82c1556646cf7708f3be4f,39.9
4a5ea9e588d32ba3a13f2bd37e1ff540,39.9
b1517b4078772e718a46e03f9ea9321f,39.9
8ba919338517e7b12449c927219a9f95,39.9
3a1dda1ede23d7e71753e80d7f22c2c4,39.9
3d3eaab3a5b6e25af213673e7c2727cb,39.9
1186b32fd68e9c50884527b4ad233083,39.9
bdbec4574e600193aa141d27a2fec1e8,39.9
d0f3f691b729cd317bc9284b0c0c2fbc,39.9
4e57ef42359fa8a9a31597f6081ea345,39.9
42b41007d8b9166d15d2b8898e23e52d,39.9
2a3624bf4c3135d19877f48d340c8613,39.9
bd0342f59a3b8ddc416bd048b2b5d0fb,39.9
3846f38f6b9a88b5c622361282deeefa,39.9
e7b8f5b4e3ea1f449dcab86a426b4e01,39.9
f7a372c8cda1efcf20d6d6821d6606b9,39.9
2ce148b3f9b7dc18d6dcf55b2cd603fa,39.9
7896a14eaa367debd82ca701439c68c7,39.9
300cbcf2f05d4b9e0c68b316a05c0057,39.9
1b6d7a41bf2e82add06b7f16bd8e4b04,39.9
9cbea85941aeae8e6a33506e066a1913,39.9
95b0e44cb4e131ade1701e243dbb340a,39.9
47e3a2dc9ad4a1a3e07f89ec91a82170,39.9
0c89a40b670ee7e1a48e5ff4fdbb313d,39.9
98f5db9fd1135993364b831199cccf69,39.9
95926d52021d78391f807460a5ba3d33,39.9
7ee037c29b42afccdc066ebeff67d5f2,39.9
a163d651dedef4b747c9a5414d0bf6a3,39.9
76787c26641560eca7b7b6310e09f752,39.9
0f0691e76cb1b43ed749218ecf0bda42,39.9
4505e98fe9949c3bcba1d416ee3f9bfb,39.9
a3daf46a16efe357bd0805ae760246cc,39.9
ae5b997c142cad29cab4f9fe0ed0a02f,39.9
4bcdec0da540bf66afbe39d36b87eab6,39.9
c316d9222671b33a8b0d8c6a3a39ae3d,39.9
af9a03e12c5a74ee2fa9d1a486e14d7e,39.9
d9256d7e870dacf770ddfd2d6ec2b8df,39.9
fa53ffc93cf481ff930973da9e244a6e,39.9
216962229c0e00efdff1693996bb9ecb,39.9
1f82c19cbee324af09a1909f726c9330,39.9
047a3fba37e3a757da4c9e67f0d110d3,39.9
74a975276d0c266162d2ee51a6fccea9,39.9
2b103a43381968b2d869df1c7da16dde,39.9
264ccafa6c46b43174bce09f9f63228f,39.9
0710c8034f2e3c5e0f0a2d1811dfddcc,39.9
190e309dab6cd148ca0c5e7ada50ec23,39.9
732b65bfeb61fb17611650fd0470f143,39.9
3d1c0162f665de0717f134c4900b8f6c,39.9
05bb80c9fba6fc0da5275b5876f10ecc,39.9
ccc4d86eb7f5d275d4f297e251817d6e,39.9
2757ed164fc43dd663817cc7d8f9d617,39.9
ea2b2f7e718f4cf14d2d4138fbe3784a,39.9
e16397cf909a6918c0ebbf3c31daceb2,39.9
97fc5244045c01b3cf813cb86e6376e3,39.9
0561fb8eb9d7840a0dd7869171759fa9,39.9
2958e9c6a7b26a98105d5154f03d01aa,39.9
54f25e1fa9df79970f3ed1df347243fd,39.9
8172f8287e371eb951d98d374c65131b,39.9
6e26529dbebe3bc1778b3e8d7e5519ff,39.9
9b49060b66b604036f1caf445a7e67c7,39.9
5b126323c33914e3a0d693c50f84c495,39.9
f5b2fb69ba5496f0d6ca030ffebb5281,39.9
7e9eaa6e37766b7066e95f9153958dcd,39.9
42b343409a90819f39c38275dc06bed0,39.9
468a18f15d1d03df1552394fd2551441,39.9
d35b5587adfbd22e54b0c7e32762359a,39.9
2a65e1ddf149b70a450c12196a47a618,39.9
72770bac9967ba159eebde97c2550718,39.9
09be83752fa672f29dee9dc87c06ea11,39.9
d0bf65b9dcccd4b7872f8d131ab38c33,39.9
686ca7499141a82f95123c370af061b0,39.9
48081be9b0b72cc8aeae1c6ad2112b91,39.9
b95642e76771f58cb75e07e800abd9d6,39.9
c1763055037cbee9f13fb9f115aea5a3,39.9
24d792b6dcc1be352cce55abccc5385e,39.9
04868d933fddca2e3fc9b32a6ca0b921,39.9
7d55089905aacc707679cc11a43c5ed1,39.9
f50371ea73620809c8229334f110d038,39.9
a8fb590bc25c544e61460926ab10a3c0,39.9
382915ca701de33661aae9578223a270,39.9
cf2020e61626601104dc9587940dcf2f,39.9
7920168915a313d4b9ce4a74d00c9554,39.9
6a5fba7498609a7aa97bb68654096329,39.9
4d3821a220a68df1beee526db455b8bb,39.9
dbd6a2400132cc0889c206bb2cbfbc20,39.9
4fc88d5e8e4bfcb2ee658f51f59cad4c,39.9
97d4270ba979285c0c6500fbaf1e7da1,39.9
13be50e63ff16eabbc9e1aacf34e3a98,39.9
bc1e50e78d6937306d60f6cf33acf0e1,39.9
eae76d09c9a029b49fc5643c30664ab0,39.9
49c62562aa524f7e52c41008a9f187d3,39.9
fd3ed16e8a4cacb3738e83046d328ba2,39.9
b3dad37a7ed6c67056ababa4a4deff4d,39.9
ca5efffb392fef60affffade3e116f2b,39.9
b98f0b88c55d93ee3e2f03a3da19af76,39.9
9a8e127ee3d61981f8beea052bb5dc54,39.9
05a6e86df697f23bad61bdac4900e61c,39.9
77b06fa31fdd5fd00c701b7f01759986,39.9
8cca8027af04a9c9bd04bd8c8e324ec3,39.9
7866c989224ec6576f74674d9cde0b79,39.9
65965ac87a95c1b1e9eb297063e36225,39.9
be10f8d6a8eaf7abc4b481e668f080ce,39.9
fc77094fc15296718fabc473947c93d3,39.9
7ed1c718dc71aae97088d02d4a739096,39.9
9dd11f3718d972116eec267c2c2e317f,39.9
07bd9534169742a405ad5ebb453fe651,39.9
5e3e1f4586f475c893bb9b464e0f198d,39.9
07529072a80888ab4c085db455ca2873,39.9
a99d98a0d509d3f6930bbe4a7f8cd9a3,39.9
1cf7dea919ba9ca8bb252c4da7cb2aed,39.9
8cefff339e8656166d7bc46b696a986b,39.9
9a0c338c3ce99b9896047b86ac665b95,39.9
a5fffbfacb602fddf7d992fa9cb5744e,39.9
d2004a3dd527c759eea2ca9571a9d966,39.9
74de328cc488f0f3fd3bc396b465215f,39.9
e826caec2782e3a3787294d13a77c2e8,39.9
88281b4219f3e5d73c0b35911df605fa,39.9
9edf4e2bfac35f5d2d41782e8c06f0b3,39.9
4eaa62565e70841c1abbe4e03d04bc2d,39.9
3fe0db7ad3b18c99603dd7f57eb785b6,39.9
452f6eb6e66d0232d1e44b98f09e8a62,39.9
38456be610f69a4bd45e269a69a18b9b,39.9
5d7e8485166fd2b3ed47c4e4806c7f00,39.9
5643ccad0d1fd7b09dc8e8acdd2fbdd9,39.9
caa2f513daa63aa118ad0003ca77080c,39.9
76fc04d3933d98cc61911a19a2b42651,39.9
a35517a16b4747a61ef536d7f258e703,39.9
21b93299e003a2d8b6723ec07b0cb538,39.9
190a811c6565fb843575352f492144df,39.9
9314888fa0a62dfb7e1d1444bece3ede,39.9
cee6807aacc85c9f6272230e3f1a2283,39.9
b1813590dedad75f0f5946aa4aab117b,39.9
bb09e829d0921e3e6ed7ea93a57a9678,39.9
aff507517b2eebfb48dcec81417dcb3e,39.9
c297e17b11dce86ab05956099fd565df,39.9
ee2cebc250b18a20974644fa48589170,39.9
fb6c50436f75e967df02f4f9ffe4475e,39.9
d06700a6178066421f3bcc4e834926c4,39.9
bb9ceaa5b2382421b18145b311926f24,39.9
c2430380d5d3ec51f5f8128805b6666d,39.9
2ea5497e8e41a40f8f2c710b627ce684,39.9
9df17b8d40bc9830bc95cae9b08847e8,39.9
4df4e1475d8002888804dbefbf86a891,39.9
34b96ddc78a964d1b51a2c91a3aa19b1,39.9
09144539159d4b4997ce0df873b02569,39.9
ae9337f44dd7350c1989e6dcd9802452,39.9
29554c8dabea94740eeb53e3d5e09478,39.9
fe1d751718c414270932bac5a8b024f5,39.9
6435934b81b2d1473a7f86ef9419c2bc,39.9
456689adc192943c460cdefd37b4ccfb,39.9
460dc8184b5df8c865de24c0a5b69fd3,39.9
97852460708c435c766a2247670743bc,39.9
d003364cdc8beb1c87e73780d7fc9d13,39.9
7a5aaaaec11d575445323b17c38189f3,39.9
8860612bf15c90f98db7e4721101f944,39.9
1ace86e495109913f0b2700bd7247b61,39.9
e517685e804c532cfdf838116b0c4df0,39.9
73a77e205798f6f820f6d70908b0be0a,39.9
6cd0a1dbcbef4f215e1adee2700a98dd,39.9
9279543439a198715b4cc7076ffbc27d,39.9
1cc59368b661643f4c6637fa51785b39,39.9
6d4de01858d5789580f759aad62377a6,39.9
a2dd7bec046f971e6ff5037a77e79f50,39.9
b9eb6b78f19bc70a6f4cd538aac606c0,39.9
5960071fea483782d848faf9ccd0edf9,39.9
878ea9106a20b18fe743a63aabe69853,39.9
3c0f690c8e83b76f461fcc7ca70870ec,39.9
7400c32a9fb8f4924175bba5cf10e030,39.9
9c449813f9569a241e5daa4e2e1ba726,39.9
54d0b980a4148a4392bef1bbe34b91dc,39.9
9deff18f168c804c9ef00f47ccb2f6c4,39.9
3010e9b6775bb87d015542bcf92276d1,39.9
1560fed88d27791ad7424cd066b3decc,39.9
dd5095632e3953fc0947b8ab5176b0be,39.9
d3e38ace62dce86e66465738be3bbe6a,39.9
f922a70a6a93e8ebb024f6bdc8f1ab3e,39.9
c2da3910c101b8a7c4e270ae4ef4e5c0,39.9
5db8728c37c4cd805fa61a294efce7bb,39.9
5847e99488af8b6725f64b1d888a79d4,39.9
28786e407ecbca9896054fe60ce164db,39.9
6e58debec4d82dd7dbdc9efdaa2bc43a,39.9
7ea85f585581eb47056e7d88bc9dd900,39.9
c3c2b87ca996a282ff709c92cbed3421,39.9
0ce3e08486c6d6768c5c7fded58a7fd1,39.9
4c561ffd312db62fc188efa729a06a0f,39.9
54a95e5d38fac79041210be655f2a782,39.9
7d1c74a9dd318349ca7f7740a0a1e07b,39.9
3ac1fc6e9d3bc2e8218298e7dd7a8b5f,39.9
267f364612ad6a6e95b449cf3124ead2,39.9
4ff608f0d5d0c0c8772eecf178ba2c7f,39.9
b235a07c86f25ef61dfb0240392b0afe,39.9
b9a598c48dafc23e10cf9117d6135970,39.9
2612be836e978b99fb1d03e3337cc5c4,39.9
945c975073e57fe39a636afbf6689bcc,39.9
4ba69fcf8797e82d487139d557ca685d,39.9
61ad1278123a413c2c6ae2500d453a10,39.9
6d275f56d920b05452973c63fadf039b,39.9
fccdeafeeb46d7a1e258e97b5801db6f,39.9
04d8d0c6bd78f05603c4f61c2b70447f,39.9
3dfdb9a708864dee33563ccd9ae7a4fc,39.9
7dccb46b2bfa636224998740bfdfb07a,39.9
61aed053b6e0ce33701c758309d0c73e,39.9
0a083c0972f90498ff5b26cba872b2be,39.9
81c19ba9169b16ec020f789b0e05b677,39.9
beb806638e70abe17fbbe9678baa019b,39.9
9e6f75fc261ed4b61aaa7074d5dafab1,39.9
f22c368483fea4ae42665976c5e5bdd3,39.9
0130b37ed963c4a595792582025bdcb0,39.9
da4c7ec81a98e76b5064c3971a1bfdb9,39.9
93fc0432389c6def75468710aac29efc,39.9
da5ab5bb3afab09aebc6f24a3952b11b,39.9
816d92a88a9564253b9b3ec7e346c255,39.9
98bbc5fd5c70c1331d7e5382c6d8f19f,39.9
5cd3ba919ef4f8bd611fe4f2b4ba9f9e,39.9
5b46a0d983eec8c97363bea78d4a69dd,39.9
e872a76b23640a1e44ac6501b7eb0381,39.9
d68dcc45ad596ee9462fa6287c79134e,39.9
1961a41144dc48610f2e2da84b0507fe,39.9
5c8d24e0bfbb275a17d06a203e80e94c,39.9
edf9347c36517f574d5e7435ffb1d251,39.89
c7f2968561f5d98aedb2b35aa91acb29,39.89
8f720778bef871705f690cdd7f2c7407,39.89
5b7b35a23a96b75f72bd1406d29a86c7,39.89
a513b34c2f98a4777c23077339806088,39.89
0d8bfa786b498c6b7fc432785bcf36fa,39.89
3e3813c10989ff02473af86f08b4d801,39.89
6031cd91d182925af3d38ae9590e5afa,39.85
dac71d5847f06ec0fd6cf435ab87f85e,39.83
b9c12408ef798dd1f72cb1c1a396a49c,39.8
3aae38c3c1a19888da691519a2a42b18,39.8
b9e8d20467df2fd1b1ca8bb650a87dcc,39.8
d0128f8d239e6045e358579e174accc8,39.8
86a55360201ddd99b68ab34c17970492,39.8
db27297d513bc9f50d255ee7b7ee8cd6,39.8
d890ef8af396d3cd28543e83bf7677a5,39.8
92eef49ec1452a8cdfdc803bf88e4288,39.8
1b365138742f0bc2e44e4fac0bf94c7e,39.8
f396261ffae591f9905c76e28c3ac59b,39.8
3df3fcf0aee44c306ffc6e98b8643e3f,39.8
f33f9a5c45222b8094156815aab081bc,39.8
8db5197a6490d9e9ac9bcf4e4d4d0006,39.8
8a3440e2e5ec49f1c4cc3595d79364e4,39.8
cd9777ad835df5e47c10aa975226e716,39.8
4855e1a8df391a0df190b042f84da0bd,39.8
3ededc1f808f7482c3a034e1aa27e494,39.8
488f45aec10156ac677ea6155309aa43,39.8
6ca60d60ec59979714b2b913aa387c60,39.8
8f43a31cc6a96929674bd1e06da4d3a5,39.8
a3a156d272fd0b0e302d2020357cc0f8,39.8
b31e7de8c467009778684d5a380d6c91,39.8
8d2c23936bd043095fced5ced7fc3bc6,39.8
ee5b60a884b4165fa4264e66968b4abb,39.8
5ab25527a157d3fa3ca0f9af3160f69b,39.8
20fd39c235473956087bac5084340cfc,39.8
65dbb1106bc97b6ff96cc495b0c3ff6b,39.8
4e766deafc3ec54aa57cb6d4d705e506,39.8
e6f0f3f195361a841b434de6d1e1103a,39.8
06f355d031f6deeb98b30dfd39179442,39.8
35c5ad270bff076f7b5c235849efe96e,39.8
207fc86853ab74bf287efdcc03032199,39.8
113a889998deb4685ea30a7bda3bcafa,39.8
9491289f2b9087e69c474fb8d4436e10,39.8
e0f84836f98cb164d886dadb9d924f1e,39.8
da37288857c2c86080d762ef3640b6f6,39.8
da8de52784781b06c2b231b6f1e3faaf,39.8
23549dc8454087a9e2266d05c5de7602,39.8
f993b0045d93d3f6c49417bc141e3161,39.8
b4bfd1ea3d936462015549270cee273a,39.8
82de16b6fef9f658cd654343c683083e,39.8
630ee9cf2e3aa9f1c844eef3825eead9,39.8
53e3607c5c03c9f0bffd0db6c8e55d21,39.8
9ef63ef7db5bc9bbb48a256decbde015,39.8
2102760f9941764d52d99011d33811c9,39.8
deecde363ad6408bbfc7b40e97a7ca01,39.8
598b8b0e223d238b639c7bcfa7fb6ca1,39.8
e348da1d14e23c916f2515e3921e4501,39.8
3dac5699934ea2362f24a47eee4bb66f,39.8
8d6b89c0cd78938a832e751972e394f2,39.8
535a1ea70ace4f44f74c6e88c26d2008,39.8
376b09019901a4e8c4006c34cdb0d154,39.8
655e6d4740c2be44db06fb323886b426,39.8
7128153a5176fa37b2c282b24cea3119,39.8
37f3ba51e96268505c74bc8cc6fd252d,39.8
54c8406a725de19ce9b10728beaaa822,39.8
c9221b133567f217e40a7d5710ddb009,39.8
a18738ac1b8e5cca29e1ec2fca8afe26,39.8
d0580aed7f303a707d93b00b84c591a7,39.8
6c02179fe2a3f832fec9c652dfdaa50b,39.8
44b0e19cde4e2cb4acf0dcd9f314f248,39.8
19b2af4684c6b6c005ae43498f3abf1a,39.8
8d94fa91bea7233457b072d8cf215d09,39.8
6b4604fc99e30a8ee23986529ee05c09,39.8
b556ee3f6cc30291445dbccf08a2503e,39.8
387db65606f00fad77963367a9d52c1c,39.8
74ae211a91c91502f0b7d55d6f9eddf3,39.8
4e2e8191d9ba87e497ba547c6354a87a,39.8
9425138786a500f53870c673b2000da1,39.8
c837ceab73293b8742bf6c2e65e9191b,39.8
b4f08fc80f3ff3ae585dbdb8b3e2e2eb,39.8
ba652878434f2ef707743bdf9444b46d,39.8
500f485b1c9df9ee78f89864dd75d63a,39.8
44edb92cf6a04b3286625ca5f94c3872,39.8
63d9ab3860865d1ca636bae0f5480d6d,39.8
abba45539fec5ca6bf22c0109fdef05c,39.8
34348d655bdb46337f636994764b7ee7,39.8
2f62c5faeae4b39d3765b0fbda32f249,39.8
e6cadf28d8957fb819d331c22b09fece,39.8
d3f87d76f74f85535af0fb9bbda2844c,39.8
417bf0d71345160d22bb8209548ae9ab,39.8
18977eef0afd3c5025c50cfeaaf1dd2b,39.8
c2d6392933fe92da78c503e94c37c552,39.8
402ee7c789991c2390d968451ae17e0e,39.8
c8ef9497a6dce53f2e29955fe06f9ac6,39.8
3aae68d7af683af2f74cef9591ca310d,39.8
c9cf95d995585ecb83fe4a2cce42db5d,39.8
c8f6c692a4e62702f5e636d2865dd447,39.8
e8cada88df871b1ff0f51fcbd2a724ca,39.79
fe466590682b569c87d29ef4dfdbc609,39.78
4ae7657c4b99ad33c3b842f5f0decd86,39.75
70a9b3a2a2f6c0e8cc4852bc3a591e2e,39.73
cbf7952fc32380ce494f8a312bc126de,39.7
3c345fdc15ef29f50db0567994b47903,39.7
8886130db0ea6e9e70ba0b03d7c0d286,39.7
8cfcc5f2a65aea50bfa7e70daab6ca22,39.7
cc9c2ded59a1a84faaabfa7438a12bfb,39.7
0e79189ae07ae153e49329776b5e9304,39.7
95446917717bb58d553d107d0f1668f6,39.7
891c884c518780ccdbf2d18cb8adb362,39.7
784210ee365c635556aeb69e14e072fc,39.7
3ff32929bc801d5539d94bede606fea8,39.69
4dc57c527dcf4f7c8686e86529423d6c,39.69
81225433fe3a6874317ba614698deeec,39.67
e8c05ac29ee1a6620c6655ed75659890,39.6
df059d8e5672ffde042a480870e4fbea,39.6
31b63fdb116c62400b1db8aa4d6fee4e,39.6
38e7bc65880a2256fd6496257dd42ae8,39.6
7ffbb6c8195cbfe1a25395dc9513f03d,39.6
3d7fab786b66851c00acb6de08a5d7f4,39.6
808dadb433aad1c6a2a45dcf10fb69b2,39.6
32282d611772d83a29eb4360b724c55d,39.6
3ae006470fe900879650b22b95080f2b,39.6
c980ecd62a89efc87c4d50b332dde114,39.6
663ab0d29085cdd420756d97a1957e80,39.6
4d4235152fdfccd1aeab816d867a9447,39.6
19f9e4a8e8924688daf67bf32662c671,39.6
e7c1c6bd4a65725fecd89c94428cdd83,39.58
342875627cdca35b162f8951bd6a9221,39.58
ad66b15f07f47431f36ab4c551364262,39.58
2f34fa79d309be56c0dba81100c7aa7f,39.54
25d3a6dd1c4787e3921588aa1de6cdef,39.52
17e3aa4143d3bc3100dd4de9fe5ecf1c,39.52
125afbc0911d9cfec5796d16606823be,39.5
ac583d1c408be7cac515ad79d5e4c97a,39.5
310d31ae6e46c6bc708865caf0649709,39.5
dad3ceb2a46370133499bb1c91b5f3ed,39.5
63fe8fccdb34a846d19bea32463008e4,39.5
a6fafb6b2de46d568069f8a18e42f37b,39.5
0e3f6dc2220b578a198e4ebc48d918f5,39.5
aa220a15ac7d760f8a1ba2ecda5c592a,39.5
317dfe2cb3fca126b8d9dddb3119e281,39.5
5bbd3f38fe696e4bc73a9f914a6716e6,39.5
b5d20c53eb395d0f9cdaa15aabcb9155,39.5
4eac4449b2468a68990e3dc446e11fa5,39.5
5d07a551ce2ce8238665f00d1562ccce,39.5
cbb7dd66849d5e1d4a3cbb8ee460633c,39.5
e8e959d59d353044e098efd1f9cb34bf,39.5
0a0aa6d8a3c7535375d6fd935ae19480,39.5
2c98027a846a2249788f402218d2106b,39.5
c1c3d95ec41f108ca60f2201ab73cddd,39.5
d93817496c87018a015b649618dc7b71,39.5
7355b734cfb887e0572c4cdfb5ce6d27,39.5
e910096abac79ac52acbad422a6c5b75,39.5
d0797888933f41d7d9ad060c08d6f316,39.5
be86fa74e11a379921b351e57ea71f13,39.5
c85f6a8bce5909206d682c9111404212,39.5
94d68507f622fb53c4e6743dfa3a9503,39.5
8d4fb23fe96d3851e4f2ede32cd6a4b3,39.5
cc1728aef35e20436d830cabc961852d,39.5
ea66ab419deb40209a51853f56ab42db,39.5
4b35e80debf750d9d6a2c140596d5a4a,39.5
6572a6aa6fe3f3f54977bbfac36d64a5,39.5
0754629085f41398924535f8b337a630,39.5
bbf257c74411e54169f2f91ce1b9aad9,39.5
1d94030c35618145495d21fff4a63093,39.5
abefde2fe67178b38e52d5efdd369eed,39.5
2c499841f2c353053fd296844c4908f5,39.5
316a4eb2e2342a3cc5c32467c586f402,39.5
4d18b4ea5024539652cb5b4919fa9f0b,39.5
88dc2fd9f370819ccad550243f836229,39.5
0b1eba4495cff96b5050ccfcd08acbe7,39.5
530f1a953a4e313fbe3b5c81edebf793,39.5
ebcac2812e0b98c99de4b61325c74396,39.5
35647463ddcfa9e24f6ae04d3cb97cda,39.5
f145cc75412500f2dbe71a57c2d4dc9f,39.5
8e7ee409a1676ae9a4556373309242b6,39.5
15f79e36926f237097562182ac8ba2bb,39.5
c0e06ed119571f26636e79f93bc2c03a,39.5
48d35ccbcd1e85743d67b4e0d564f7c9,39.5
e83fedad0cfc9a0c1bfbfd79463419c6,39.49
fd0e05528dd6037d245eee7d42ba837b,39.49
bdbff934ece5c743168cddd09999e53b,39.49
8f11960c5362b638c98994092e0a45d2,39.49
190bec9db381391c8fb5d55583bfaf76,39.49
34b4cd430a4483d558e6a1f3bc94c88d,39.49
020fff139f1af3a6dff28456f386fe2d,39.49
6442e224ab12e30d66b4fc31b1d363cd,39.49
d21c580207b4c0ffe90dfc6b0b9aad69,39.49
dacffceb81b6e8ccdc3c7f25a8c20cea,39.49
77e6138a5046e3b23711c3d17721c8ce,39.49
fb0eae96da2e5b5cd5b9756f883714cc,39.49
b3e148ecac48c289553e260344cb65d1,39.49
345b4f3b04d616c894ef3a897653c7fc,39.49
4720c66c135564981e9f6f641d711e68,39.49
c1811682bcf67e76e41b49d217e69704,39.49
9b18f3fc296990b97854e351334a32f6,39.47
29e994be5ff2076a7a75bf09f73a9735,39.45
507928d99b23819eb6e79e0772dbbadf,39.45
1c4baaa0618b5e734254a134c5cf8112,39.4
37098aaebe2e2e211a48742c17c9567e,39.4
4fece99243598d047490d4d4ce058897,39.4
8e54a1f4e992629b3c41f7905d6b46c3,39.38
8c0b2ef9efb43af92d5c0afff70d33d9,39.3
fde364048c977271b875791b44442197,39.3
668f3fa4cc9569a5d45726242e1310b0,39.3
f5994fd72a4b5fc12d60b784548d8d7e,39.29
71fd52295abb1b8c1cd4da93dce20bb8,39.29
1914576a74b2122c63a456293cf7e52c,39.28
27d780d81737b4763687f7e83c5ec897,39.28
8762310013a2c35893a3b917a50e72a4,39.24
f30cf2e68c0cf050e5879a95fa7f59d2,39.24
74c1341b048d9fb5284b1abec60c4eb6,39.2
8cca079a61c78c1cc7a1a9ef4a6121e5,39.16
65444b44c0f0ed4a08ee0ad501974b39,39.15
591ad62408a85c556cfbaf0ea6dc9f76,39.15
752c4dd83fb5869511dace7d6903b8f9,39.15
0315566ca17f35abbf61d58f3ea8b8bd,39.12
752e8d469fc48ef55ce38128e24054e8,39.1
d9b82559f506833a5b2c6399d157059c,39.1
0e839200645d7751582359afae0818af,39.1
2b06e261048b0c62bc7e386a5526263f,39.1
386422af32d8e4d7a812f33933603e50,39.0
b03f7ab5ddbcc000daba51e85edc1948,39.0
11022f3b7869a59e9f21e745f89f6a52,39.0
f993b7c11e80272c74bed809d3671a7c,39.0
3a5cad64482bcecb235e7542db8448f1,39.0
d00ea5d7b369bf08fa11ddfd2db8173f,39.0
b3d6c3a8afbffdd5c9f9886f0bbe0572,39.0
adb9611d609b58d037272249e0c06bbb,39.0
1646aedb99b12ae26f8e187a43486d48,39.0
8ffb408da9f0c62f9f071e319989f259,39.0
583513428c1ed3e61e10cbc80b9c25ca,39.0
9951d99835f50c491d724e5be22150e3,39.0
787e333c11dbf966e21171853d71ff36,39.0
04d52731fefc328bb6ece40f6cbdd685,39.0
bae7317c9b32fa3da18d85eb9718d8cd,39.0
58a3dd1d3e66c3d3331eb095a93876a5,39.0
4db8e7231d058620315de1fea6ad9ae8,39.0
98d5f7bf74a11b549a56682e707663a6,39.0
57881fc15493fac5cc61d7891e5ca3d7,39.0
ba3527d8903cfdae4166158ede7c9e8b,39.0
ad4316eb148e96ac9e3e8ca82cd92717,39.0
295c9951f74b6afccdda7ae478526cfb,39.0
70ea60b3eebc4ffc330e070df05f0e00,39.0
14f75c00cf2b8fa72317a44b34a94e87,39.0
98965f2e554e2f75fcf1411133f41245,39.0
410c833d05f34a5cc222c9b62fdc13dc,39.0
2c2f6dbfb1f1ca49d15ec9beb3de5107,39.0
3a041fd812c047a3a123e566cac018ff,39.0
6f247498822c4500c77d6202b4d1733c,39.0
f64cdee66599119324ce57a97e43700d,39.0
a8a08a106f5596b07e4af3742c244771,39.0
781fa4901df881dd232d4c813b933cf1,39.0
5a354ceb0ee403f36eead5e33253730e,39.0
a8359f16baf6a2dd9b1dd92bb8312e1a,39.0
7ee354fee27d327cd88d09ebfd48c1c5,39.0
1c4a75cdd4cbe6b5600058272b56fffc,39.0
8277b184eef036b4b6643d665875006c,39.0
abb188913700dc174010c777b06159bf,39.0
a480d7510ff88ed0d99ea92591143f07,39.0
bb6f9466bf5441cce5105434c83f9297,39.0
e5c9a4ccd1573908210311eb7b788ccd,39.0
25f825beab636b1d492d0cfbb87af0aa,39.0
1c2e9eed38f46d24ee6afa2edd983dd2,39.0
7ee7ed0667b079821f3189eafafeee4a,39.0
4ea7c350da07cef195da59acfc9d06b9,39.0
0f2b84248204870aa5a64e07b578ced7,39.0
6e82a7813cfd686eca3f3d7ce6705d62,39.0
399178f4096fc06d8539ca9b877f7c15,39.0
31d233c035df67b427afd83c727b2653,39.0
c8c18d7ce48935603e4e50fce8596c68,39.0
a688dfb397b2185b971dde35c385ec7a,39.0
8634716353031b0f8a834143916f9004,39.0
d0e9af3f0e38afd1371f0066fb9857f9,39.0
e9a06aa3f7fa097f35f17df488b3cc73,39.0
959652be1aeb349fb1f6b3851b02cde8,39.0
5443a1b6298d7e4608e7bb7f9220102f,39.0
ffcdcb5ab4283658114e8077b9340a16,39.0
c7e9d64ef2d3e98ad1b5068dbc859934,39.0
97b9cfe8bd0140421d5247237594b5d3,39.0
14acf219b872d59372c19045b364fe13,39.0
8250dfe1c841af9f5e6b0323ac3de100,39.0
93c437a123d1d0df54db7df19b321939,39.0
e21548e205144b3d0c313f57954ac390,39.0
81864c463601e799c3a8dffa8f9681a8,39.0
8e64ee8a8087e2105aacb3eb1611242b,39.0
a29d711b1c8981c8e968a69bf604980b,39.0
7fff57779c5364c51a1463b7133b38a1,39.0
24970f1325070d89a1c42dd450b09a8a,39.0
0e7a526b73f0342ab3cd037f4b4a2249,39.0
19e9d692537065788a675ee5b1d3648f,39.0
28de5669c2b3bc8cc0d5951ef18b8385,39.0
e0bd63aa806c4fc7718dcfce3f3095c8,39.0
9dad09c213d73f615489a75962aeb1ba,39.0
6dd0d2722ed39d0d25fa5c164b46dc67,39.0
c19159b713b6d5384d233f5805a68b3b,39.0
ba46a6f93e09ffb7a22fd2b705fe8d50,39.0
84001fc9a30443cd5623d8b8ce0b0df1,39.0
33317e517270fa92b2001b0dbdb64362,39.0
7c29bb0ef87e4fa0735b694fcf30d7e0,39.0
4d8d36402e6bc07578ad3e2c998048ae,39.0
822a47d8360c4c5a75af684ecbe5c9e0,39.0
630e8325f479925204cabba69b0a07d5,39.0
27491faf06df356047e13ee27b0f2cd7,39.0
df99dc7abe4d35b7797f39c00c595147,39.0
d08871ff234e5960aa646002ef26f0d7,39.0
166edd23a0a1e9e5d30b2f5419cdcb05,39.0
b04cc8e48980db67f9b78779e4265ba1,39.0
93afa2593efd4f09f64c0b0394f6621e,39.0
58a685b2cea3f9c1148140a3bc96cbbb,39.0
113cd3ff0105d8e9404297e07054bf04,39.0
687e088f2576ce1e7c576beacd01c1fc,39.0
06a552b13fb2cc33c6fde4ff1de4c9c9,39.0
64e20f73f3d7b5102461e9e66671bc47,39.0
1084533b0217e620e4b6e79b90e7a077,39.0
48d52656f1b2e51c6316984afd1f50ac,39.0
eee1fb0fa6908e9fe26266ba3b149653,39.0
696e8f940eeee6b009d1539b59e47366,39.0
123840a282dd67fa5c1e262750d2c9e7,39.0
0e477ff075da653798461adff6337e5b,39.0
b3240741f338744f015c1470b6970c4b,39.0
daf60dffd5783e6927f3660ed83ecdd1,39.0
d729159365c9d50643bfb026ffdbef04,39.0
076ef990626d218176fa27d3d6e2773f,39.0
6dec78939c318cc88c10b0d6f4a31c91,39.0
6b05139c22666edaab8363c643187ed1,39.0
61847d5cb08c718da12e4085960dc729,39.0
af532e72149b808e9930096c343b5cee,39.0
b19d16198d11b08a0730eac3471345f0,39.0
c66395e32fb06d62ba3a31cd46456c2a,39.0
9a356286cc68f7fbe87599a35240bf51,39.0
0c5c8c5d9a4416010c6174ee6d8c59cb,39.0
658480d2a0e358f9e6961b670102f640,39.0
7f6b2e3e2f12b066757ab8e9f5795d33,39.0
df588ce67754db0b4de1ed8c73bbeab6,39.0
e1f370ce20fd1d078f33338c1da89c49,39.0
51941e2c687d5e10b048f5364c5ba157,39.0
e392266c72da3c0c12da2d2bf0bdc386,39.0
37477516d7b6f959ce137f49f1842a72,39.0
c942b07f7a0251f168e670707e572b20,39.0
cf78fe7532c375731b3d6ce693a8600c,39.0
2a7d2a567dbf4e484dc9ff01ee6a5a29,39.0
55a054548002d8141917bd00ed88d9a7,39.0
26ff87457a828181926c7ab34f407f8e,39.0
b987d527657e243b4f3e40ee0c54f601,39.0
193e26ffef1e5ee3eb6d20a0b21bbc96,39.0
97be631d09715d48d5fdc90d8bdc8d9f,39.0
36903ac1fad652172df8501ed7b06146,39.0
2a6bf42f7763e0d3f6c4bbd18b1a992b,39.0
53eb76954510c8d2cf430ee48ca94a88,39.0
f33d4d061db4611b150bf687e01c9371,39.0
9ec7a3fd9d3597aff2900e7a102f3653,39.0
f1de875ecaa02a0bde555a897ac83c78,39.0
dfbbddd720e537cd1947405a1a15b585,39.0
ae21b1c518e88fe41f76c29d836b869a,39.0
d4d1005e3934eff533fddab9afb213cb,39.0
bb2f6698ebaced61f5c8d20c2aaabf76,39.0
faa0d6637fb2a718b4fd3b6173034d71,39.0
960ddf99f2e615bf50ea0cf4e71f526f,39.0
f9f1a8a4b69d608c6436c9a1b8c5849b,39.0
1c0c100dbd7780831a70ab4e78c5a584,39.0
8c2dba1581356178de57718a19cd1d61,39.0
609341769d0c31f670f92c1479fdf149,39.0
8eb25e70fd50ee968212856d6e43a584,39.0
4d4e3f6ef0e23f1225203732db0f3e22,39.0
98209b8b1b97a90f4b5028daffb1b73e,39.0
454597de2c9100d65a4ce3a74ad8acfe,39.0
9c15f8e17bd5fdf77cc1c4addd5b160d,39.0
8411dca0406fccfdcbdfd5dbb2df3fce,39.0
3d7e3e34047444953829402fcc1e68ba,39.0
cd2dc0f489712c5ce91916ecee6189e4,39.0
f4d7ceb33f4d29c6d2550c6f4d3e3f3c,39.0
3e97e4616acb3774ea13062109392ecb,39.0
394b29bca113f3cef535dbc08949043b,39.0
897ed9ba7466250d5fbe3a8e6bc311a1,39.0
f9c8f1adcfa05801bc411aba910a8730,39.0
6a2ac3a6295ccf1a8f48104cddc61af3,39.0
039bbed64cc5e2160b7ca4ac6b09449c,39.0
9e5dc8df72aa76b7d2cf26f4e549466c,39.0
e412f9590fd38d32d9f632746e24c310,39.0
df60b6f129c54677f5862b3b7083f2e5,39.0
35236f5e05cf71a79272e7d0cf521db5,39.0
3da77d06455b633b2d7e79511d75f76e,39.0
8511391dc75fca4d08cd7ae54a049606,39.0
eaf1e7d10b6121a4f5546501c3af0e54,39.0
e0ff7ca97a683e220ddca80680ecab80,39.0
89aab649693a7e5995fa951d8d2fcdd7,39.0
b82d043258ad8061ab188b266ce6ed64,39.0
9c966ae5331919d6657daa55149999a9,39.0
c60e3aaf686d1977964fb0f7120b21e0,39.0
e8b9bdf215893d907b9c19990c5abd23,39.0
b970eae734db9041c13ad2b9aacd5e09,39.0
8d1eb0233a90478bafc36d66f468de9c,39.0
6c89a3dc26d1005e439d707eebeacc85,39.0
90d02fd307b005397290a57df5f0c986,39.0
28504732e766e313c5e693c4859dfdd4,39.0
6bad775225df69f839c683ea6a9833f8,39.0
1e3726247083b718a85dbc9c611fbd4f,39.0
b487a0ecfe04716cc75e18ce6021a0d1,39.0
e09225b0fd84a6f06e6550b6b0b2f173,39.0
65dd4312a8e9a71e8a916a9bbe464120,39.0
efb3830adb68fb8a89c948774388ec28,39.0
0a76f003f75729860b9ed8ab323df7d6,39.0
46346022a137b3fd23b37cba944ec11a,39.0
fc021f2dd664b49455528422c77b6aab,39.0
7094766b39435a8925152a0f675449ec,39.0
9f0a88b6c6f7d32816f8c1ebc97f7dba,39.0
b6bec4bd1c7f54dc8260bc062359b1ad,39.0
6ce2aabb6e93296081fbf88d37a5a75b,39.0
fe4143a722d469f05fc854784279da06,39.0
f8081ceae7621874a1311c2473ee612e,39.0
9eb45fdc6a2ce8a586c45c00c905ba81,39.0
5298fbcb045d2d58b8bc2dbb80532b74,39.0
f25f442c0ff3a9401eed8ed3a686f362,39.0
0f51776dbb5a1682a394339eb85decf7,39.0
90460028374bf093ad66cb3722b67b14,39.0
4f378face3cd0133931de16d0a2658aa,39.0
01bf509b5a9125bb075e4ec58580265e,39.0
1f8207eff0bfa2510f2e1a2a2ddfc2f4,39.0
46bd0418f6022bea82e4d1b6c182223b,39.0
09b4b12a81924bb1f7149e65a6f675f3,39.0
d43e0818cf679ebb105810cd34e37ad1,39.0
ce5e2dbebc82fdeb89bb35dfaddd56e2,39.0
c2c57f3857ae54ec7a8bfad01d7e9834,39.0
330c38b2460346c6dc474f3819707500,39.0
2a745e8af300fef33809279a23cc912b,39.0
fd6ff62eb00548fcb8744d703ddf77ea,39.0
9cf5f75b8cce94bec85e361f2f89ff1a,39.0
fe183c5b40e3f8c97a4a5eda7392de2e,39.0
832506482761a32fc44c20387ad2f5f4,39.0
4b89a252c0603079a05bc1fccacd5a52,39.0
2bfbff5eb42c14a3ed9e37efbf840e33,39.0
e39f3f1c4dc9767ecf8cd186a683101c,39.0
0c82057d8f7095f51c7b46cbe30229a6,39.0
2da8c5bb05b59fcf2023c3be4d2f5c65,39.0
529e2914fca06d39d99c015fdfda82db,39.0
fe87bf86b81f9298937213e5c23d7707,39.0
2b929021a055399bece4bf1464d20343,39.0
daf79fe6906ca75732fe78d5ef551d6d,39.0
8795d0d8d0948546b317fff2230687a0,39.0
c87e0e6aa4b3321adb017785ff605af2,39.0
d7c95dc1ece116c14188092ead3d0951,39.0
70ce00d5265b632d92312d46d2e1fa86,39.0
f5ef902e3a8fb6592dd0c30d8b6ff58a,39.0
e135e7b246c8d48ffed49bfc61c0f6c8,39.0
89df6e912cbda4fa44bb1a7b4d26f21c,39.0
a22ecc2c34b892685233022097d1ba0a,39.0
bd5240fb34dcb6a57e2ede1cba25d65b,39.0
e06b5eac4efd083342ea205ec68fa5ba,39.0
80acb244f16eb759ec0bafcb47c21cce,39.0
aafda83396e2534f34687864298b0b3e,39.0
02051904557f3bb3741f7b233dfc5ae2,39.0
ebcaf5e6c516329b9ea33f50442dd7bf,39.0
4e95488070c3aed52ad125d029817938,39.0
85691bd7ec5c294433df4e88b54bc4f9,39.0
b77e938de842c3d2122d4e36db72d743,39.0
8c474b1f9450af16f71dc3e2302ec359,39.0
8c83d3f25416f79406586ed2755d7b4d,39.0
47d5d59c38be05027dad94c43ef361cd,39.0
f6bf07a73ad7c17791a5fd4c33c9b8f9,39.0
75618470cf7feeb7fdd120d26a766555,39.0
41712835c53897cb2647acd1022588dd,39.0
171a26ae975ba30f2c37f6c0df67f18d,39.0
351123eeaba93a8a1d45b42c188d6eee,39.0
74ba059969ec252a654dbd3e73f11e26,39.0
bc6063f0f2cde26bee12b9e77cf5b747,39.0
d701f7351d75e7346ed793164c4cf9cb,39.0
135a42a465867ff932f1222f71a3efb2,39.0
1ae196062dab95e434e781a5319f0ab9,39.0
b6f9e2a66841b8d8f49af9cf799e87d1,39.0
58fb5805fb543260da75a8219ce4a285,39.0
602efc16c408ac2019ad392a5e738f35,39.0
54c9be3772a24c5641ba32234f87d453,39.0
dc4ee9c49af05d38495f4eb45d177c82,39.0
f80a9faaf4e610c5a191d4c5d19412ce,39.0
e3974693d9b53a66adef4344fd921dd1,39.0
b709a76dcf1fbb025469a62ba294ab0f,39.0
35c922a335b8a914109d58b13b9b36cb,39.0
cbf6862136b197affc013850088fbfb9,39.0
100a8d4dd80b65dc63ffb17fdd39ba28,39.0
88624d7d20ec8bcd35a8dbc1ca51085c,39.0
0d25047b8fa2245d9bd6b2901623460e,39.0
122935516a68e6f08864fa373221e373,39.0
507e66342aa581766f46fb52a4359dc0,39.0
24efae63699a6054e210f15224f2197f,39.0
8891eb5ca0e28df961b2b5b8f3c0eb23,39.0
6bf8c622e219d5ce11831729248ceab7,39.0
35939fb9cef5fb267abdccfe56f1de5e,39.0
9169bbea0eeeabf67d6734d4883d672c,39.0
4ef76507e862f7edd473055de9012894,39.0
ab663954a5a177bf7cc5b40f7050aa87,39.0
9ef9212788d25fcf4f081195c5987024,39.0
af8eca1095bc8382cfab2c15ebc02893,39.0
828b1f980ab3c12cc2c1d661a5e9ae5d,39.0
f9cad966a31db0ddfba78dfc680b1abb,39.0
d946aedc7ae05f2259b2c2f9342e6272,39.0
c348c931c27b95c6f37d635ddcd65a84,39.0
fcc0a96eeaeb4c0f9d4a712056cd4f4b,39.0
d01964b58144a472eb91b140dc47f659,39.0
04e93f286b7920c82dc1a31240255ee6,39.0
fe407542528baa5c26f3ab62b9cdcb9c,39.0
774b025b5826352130d8c56b14b1c274,39.0
c13f247183bc165964e488ea322be2f3,39.0
f10f70292bca6ab2abd34b96b08d312d,39.0
177b2983fe130cd5cbf3388da41291ba,39.0
3926f22b694788137fdaa35bee5992d8,39.0
35fb3e0ae956da83065f0215c8ca148f,39.0
88782b2c9e75029d37432e25fdd9839c,39.0
08229f16b28c06a71f944460ba624c03,39.0
cf258f4e485365461f6a68cf2720c60e,39.0
6ddb01706e05a5713d2dd011f581b3b8,39.0
6ca83daad049ed396d70cd09866c8073,39.0
5afaa66b563f98d646cab188d7d69561,39.0
16f982c42f0e5baa7b9763bf266ecf1e,39.0
67437218ee79b3e89f2174e4cd544616,39.0
0a558d12e4f17bdc05e2a498747d0e07,39.0
fa904738e1b854de39ec337a79525be6,39.0
05b71745c47ff8b2d3e41ed02dcf1a81,39.0
0fd2a829cdb30cc3ff0ae0c398c912f6,39.0
86b2c88f97d0b9b421b8bd62be63faae,39.0
38f40fc86a056151f29436ecd9ceb412,39.0
4681539a612e9e1310dfb5d11e6220dc,39.0
4442f152efb5f70fd55dcd6267d1afa4,39.0
9f330480093052666bd1e5b24061f510,39.0
5b1994bd2076858421ee0d203c3cd206,39.0
757e031a8c137a3af4e2a437c4b00b75,39.0
fa98b17e2cb3e9ac09cc2b04ff98e073,39.0
2c49e0470c16f4c01cdc75b8720c237e,39.0
eaf693be16687cdaafc2b059b938efdd,39.0
dca402701b7ad2001db1894793d55a67,39.0
e7f41abe62db82cffe5c8f6138f18fb2,39.0
98148e148042527f57490f05af4149ee,39.0
2d30a1a26e77b2dd704d416bc9c00f71,39.0
6feeb77df30ef447c4f061a576768be8,39.0
a75adb6efea8bbc567f89773ba56262f,39.0
1d2e6eb8cf8eaae12272970e4cfc4c43,39.0
1f71fab0d389e193f5162fde6227fb2b,39.0
b58289fc45b5ab5b1ce95864818e98e6,39.0
73c029b75adaf58c0a95829e5befeee9,39.0
4fd75fb5ef1f01c7585bf746092a1544,39.0
7684bee1eb8361fd02f8ecae26e4d149,39.0
5960c2fa7ac05beabd503c2b556f4852,39.0
894993a398d2bf935b9a2c2e61c27201,39.0
78fcad4ad52f1de8696c574e824cbac4,39.0
3692097ced25d93525a447a4276fcf2f,39.0
1cf1e4a5dab1a3a9603bb1a4661c0fc1,39.0
f1159a36d6696022379b3696298d1316,39.0
b12da88cab7326387e8976dc76afcd77,39.0
3e15efae32c4b38d85ae97b8bbd101af,39.0
8279d74562141e3ef092bfbebd898659,39.0
37ade1977ac8f2bcc9d8b42cce744db6,39.0
83604e527c9f0078373811a78d975402,39.0
94889e991b908bed85be6550b6f60e11,39.0
5cb6989d4ab4ef65101a015223aecbe6,39.0
579ed4a95300987c002fd54c1c543311,39.0
c1f792df39a09f85c4ae6258e171e1dc,39.0
3e85b5da17c2db572111e477730e5179,39.0
6abaa7c4f5f3b290c9f1557da81084fc,39.0
ec640f0d230b778b2fe0461ad9f25d9e,39.0
7eccd9d443f9f61f39a60c9d17910c48,39.0
56521fe800b09bd2b9803bd47858e11b,39.0
c58b1ad8b8cdbaecaea2e6c45385cdf2,39.0
c49662a07b7f737506f6fa7c914ce44e,39.0
8b237ef13fcb07e8c830059ca4d7b1ee,39.0
2836f9005cb3054b35cf70739711bda7,39.0
aa1e905d7034f4bff3e428ebd1c9c16d,39.0
0eccbe00ed4a0a2dc61fcf5a3a37d8a0,39.0
24c7aadbfa060eb49dc0a8e299aa42cb,39.0
64b522c8d8d1f7acce0f99ab0bc4309e,39.0
c673b54ef9683fe3e00c358b54eedf9e,39.0
4aa4b0bc224d904c78b9416cf90bc686,39.0
c7f1bd63e0681d50969d7f0eeb4b6dc4,39.0
d868158cd6433a3fbb700da54594b05a,39.0
c85bcc5a4c098769d6bbab6b77f61cb8,39.0
8b3245ecc602fe1004536d47df1facd1,39.0
c281c5f935d39e223bdc5aa6f1955ad6,39.0
d6ba00945fc94080e793f23373067499,39.0
06479157217d318eb931662aa26919da,39.0
50217e5b14b101d3be258ea16edb2ec2,39.0
8c9790f243de6c4fe54abedaff739359,39.0
39dc4ea368095398e5290e9370822169,39.0
6f9f9f498ccdd625cb0b6d623957fefe,39.0
50ffa9db5559ee565d10298575444c89,39.0
b020bda0edc442d4eb31de615f27db01,39.0
460d69a7f123395d881d1122d36e0f87,39.0
54ccd7be1a0550989644a7633454f6a9,39.0
38b3d05c2ea1640ebc6acd359989801d,39.0
84c1e244210abd1d243e91105a009092,38.99
f667db04148a1a36897d6d635abaf788,38.99
2bc660beaeab7f3089e8ce729b054c74,38.99
1b6d9168534fafc4d2bab71ae7641bc9,38.99
cd92831d081459b09202ffe74875631b,38.99
2299bcdc88bf79c9062fbd443899ae0e,38.99
242b387a8eebcaf8ea3c588cdc79eb5b,38.99
7b039396f4d695564083b7360a6fc38a,38.99
7f59e4e8a71ab50abe6f08288e94480e,38.99
36da7c51f19174ae1a925ae5ec0e0a3d,38.99
ea27eeb8eb04badc2dbfe54cb1e54f74,38.99
301b49db90eb8a4ace00ca763abe1aa8,38.99
e1cd039e2d370689b94de10d09e99ad9,38.99
6483e3c6cd89ff69fc3ee541622a2432,38.99
91e90f07388bd1b260d8f1f17322073e,38.99
a7de7057db988489dbb13ca9e0c80456,38.99
ce5785c5c7342c80817deac25c5245da,38.99
7148bdecc3846e13a3b9ae811cb7162d,38.99
50c3191f8256273399666c6edf0d9a54,38.99
98203b411ca25e54ca7128f4e96e613e,38.99
11dee497bfc1ac6d65615bd4e2f10f2b,38.99
10a1ee2e9f087707afa9f300243ab482,38.99
e72c4d36b517cd9acae9f519e3f9738a,38.99
9c171c05b25ab7bf71e655c39cf254df,38.99
f7457bbcdd912ef2a847361418a2c67a,38.99
5f81c3da2ae7a183c4e9e2f64e135c91,38.99
72c66ab2471ae34d87b93674c19c4f67,38.99
f97863baca8a05e51370446679195ef3,38.99
affdd1ae7e63aba106d34c837fa815e9,38.99
26f79186ad50c0aef167aaf9245ad6ce,38.99
254a6774e65e20ca2aff0d3fc60451da,38.99
56218014cbd9f15824fda8c44533a4e7,38.99
457d1b72b0a407267ee749fb9dd36e6f,38.99
183a4455c3731896ae2d0755c217bc88,38.99
264b1a5854f238bf3424eb75a27d7d66,38.99
a1c94ad12e202cef0fa337db69649b11,38.99
c22e0dfc0429df0b3e8b44adf101614a,38.99
999788208f06927b5253b8251117bc44,38.99
be246b1f8d2a015d41e35f5af9d166cd,38.99
a205ba469f164f3a289aeef5e303f1fa,38.99
c82b78fd9e825027edee984dfd281127,38.99
22f6d1d5bd66b7ef3ff51216fd75643b,38.99
4b62d0cad63bc44821375623cddc2835,38.99
4effb0c115d3623a11c524295db4150c,38.99
77a018cf9b1ab6f1bb08d8a04bd2342a,38.99
fb01441886c0f632a30c1573901cf46a,38.99
5195c80d2034a6123f3866574cfffde8,38.99
e86cb194c0a0517d578d5c412e2aaca6,38.99
7518fa33beeab5aa7ebe84e85d36ef99,38.99
185d4f6e56ea6a1e423468b4d2eaa7cc,38.99
1913c0c2889d3e40b654d65f9611b750,38.99
6aea87f3af81dfe06c69c1699deb5bed,38.99
fa9aeaaa3b42642c3b1d4e53f0ef1d2b,38.99
0ab59d45d567a5ccce8b3404fb5b44bc,38.99
35acd266353bf5c3f4cfbbf2af784790,38.99
63f7aa07b0f29e88dcc81b0b18853618,38.98
e4257cc2f24d3cb4a68767a524dc8b76,38.98
229880d0a2d7a69ecce180bdec6f5781,38.98
997070d4812561b1a8ededcbb6c2429e,38.98
68e13d6e385d0fc2cde23373392c1bb6,38.98
932a711f0d0c8d066116ca79e358333b,38.98
b05fb6222cb9c5d304e7982d27c3a379,38.98
a74849ddbcb62bca40283e5c1918f426,38.98
78ce8956f81efe3cc1fdad3544381d20,38.98
c3225d954016edd53a5c08e01888dab0,38.97
0b0d5ae8e7aba592f9c9dd016f74e884,38.97
6abd8ff31dd9ea5d6a95b500da430975,38.97
5ab29c6a0eb0df3b9b0bda45674f9e19,38.97
57b05fd31f60fbcfd8e675acbdc0a54b,38.97
5d8a568f568fe7309898ecafae5e7211,38.97
bdadcbb5c869312e9ae5bb35e787fee0,38.97
e87d9abfaba293b9459639b62bfcbf02,38.97
36383547774f6c708d599bfe34f76a45,38.97
94a772ab3fa8a2dc3a13504c8ab8d868,38.97
7135726787ec7c5289c24668a8ac75d7,38.97
ea43055530bdd269cde6c488c8c31844,38.97
38de4863516ed79e91284a6cad6d3ec3,38.97
0f84d5f0456b9811e93d7d8bde42b8ab,38.97
84f8e654b54b0c3a65c2ff7f08ac14e1,38.97
ad3c8c89d8f960a1b93ff517215ef5dc,38.97
d26415dbe622ef8eaf44c3c6e92ce1a7,38.95
fcd3d27da039898ed57693dbbe9d99ce,38.95
0639f89df53967e960faa234c3235d1f,38.95
c8ed2b9476c21e4cfffa0dc1cff1d3a9,38.95
51af2e3b06f7854a87c08f4e957f168a,38.95
f390a84b4a9ed2f684bfe1f0add8b50d,38.94
b530602df3f48aef3e77fbd04fb331a0,38.92
48b660b079942ad4f15f884ef1a16871,38.9
e4b139287dd53c041c52b2bc68a2c17f,38.9
e6d6a5d5552a12341b757a9161cd8f45,38.9
1049fdab788b0c4ecc56ccf1b7931657,38.9
8fe8e4c47e8bca937e1d667d40ca93be,38.9
c64d87fc485143ed638f208e0f0d861d,38.9
ce86000b63d23d299c139b9b50246e03,38.9
c0539d5c87fc7c97a8418adffe4b45f0,38.9
579a53f6e3f53de1d035ce5c0b0840a2,38.9
5b96ee26f8456fd365b89600b4f44d4a,38.9
a582b5b6122b059b61fd2151d0ed11fd,38.9
74341e96d468715c14f287079b3deb81,38.9
e42018ebc03e399b6bb64c760863ec04,38.9
ff0150596f14fb58ab4c45ed2abe04ff,38.9
1f82b11f19cfd3f3226b30477ed95c40,38.9
368ef47600586c4e34622f08d6ef08a7,38.9
c13b43440b0555633480ca70ff6cc010,38.9
9ee410cee2322bd96ad9ed1949a48333,38.9
104c96b728444d3f6ab91732fe20ff61,38.9
f4594a41e1c0ca5f4da786cf5ba9000f,38.9
843b7d4774939fba2fbc6fa2a014bd81,38.9
04d70d1856e89f6f07b217728eca4daa,38.9
bee1e23957cf75da376d033c4e2ba724,38.9
285e15a5082cbec97b3693a5806bd562,38.9
13db6d94faa6734d80cd12f22df84a56,38.9
7e055e855f6b9d914050567f4d287248,38.9
075025f0dd1048d7ac30f7adc7483bba,38.9
3e79cb7a8f04303dc8cc43d10ce2210d,38.9
0ed7a6b94c234ca60cb9c4812c1fd044,38.9
45d82d131708c3f12e09ea2db1aadba5,38.9
985a2a3366fedff76c0a01d1204cae8f,38.9
0971891520d63f966aafcd261c3384b3,38.9
e288806bda09cca667d69ec51dded34e,38.9
a1b041bf294ac9a4c79a3ade1f9c5bac,38.9
530d0acebe2f9f1f4f54751ca1d78c86,38.9
dc65d433aebdabfb3e8ef0612d7a3e67,38.9
c55f7aac91e0605d8f8333211949bd5e,38.9
573dc06cd01ce38087680e66d886a1c0,38.9
766b48fc8b09f103ef8f68e1dc6952b6,38.9
8718c2cf3a7b3fe07d6696c366c0d666,38.9
f5d29c605e02e4748e78c1f9f2afccd9,38.9
5c61fae10b041abd70be0bf6fa174ae8,38.9
13d6b87a3b1d1d4c6f0eceabeec65369,38.9
97966ae10a4aa065e715e2c2fbf0a86f,38.9
7be66961ab23c787a83689e798f121a4,38.9
3d89e437bbd02dfc96b7ebf2d791bfc2,38.9
42d4b94da5a468da7f1e703abfbbc7d8,38.9
46d7b804edb0be231995da55b71e311a,38.9
16b133c210c373fcd17f08753096add9,38.9
5515585fb72bf6f55dc98b21281cd3c3,38.9
dd8c7dea65351643d9fdc3256b822f08,38.9
449661f48027faecbed83ae63b438743,38.9
9b34a233b19de8f5ea40a8e03a24f10d,38.9
2fe1b8778eb102b1cac1d48452ed05d7,38.9
69a802e5bb4b4ae5ccded0cda1d0e40b,38.9
8404096c5c0ab0cfcf76fbf0ab1b7885,38.9
7e811989da42b4b4a854cde88ab2d67a,38.9
f3847e13ba6da5fa7c172d3fe48b8f36,38.9
7944aa925503f8784ff4d2edaafacf9f,38.9
6299a5987ed47573b619ece91f1b668e,38.9
b53f2d80af3f43f230402209960c81e6,38.9
de092fae7682337beee732fe96841556,38.9
366fb612efb2c56314f956bd01552b0a,38.9
bf000009c73436a90b2e3d4e90c968fd,38.9
251c3ac01400662353068f216a7293ee,38.9
3be06401e94d4beb5eb886b419811db6,38.9
0c21938c6aa9cc9fc265a5b045b3658c,38.9
a404624d8e99a419c2c28f3848a59888,38.9
27fa9e9df539e6798ac824e0b86bb05e,38.9
4322e859e67aa53741a70ac62ff35632,38.9
45935e1e7dca816af4bf89f59978aed0,38.9
975a26a7f900a17b88882b47385ad87e,38.9
d4e46c8fea215d808d199ea91ee81fb7,38.9
462a17cd00cf6ff721ccf8ad82fac28d,38.9
f7fa32b05ba9474a22c7420310611fa5,38.9
dfac6c0e38db3311d420fe33742f1412,38.9
2ae0be66802fc94032bae06b27a1ac08,38.9
b1fdee92f68361d797b80f10f3f3a1c4,38.9
0a81199e6e7a385d86f18a1258b0f032,38.9
dce0f4ec1a81a9f978ce37a460c55fad,38.9
565673b18f31af7c61f92faa9e228b91,38.9
a1400337d8026c92211a78c450502abf,38.9
976d7f689df410a41ea000c72b5b41a3,38.9
47991a53433aaa66f7847608c1fdf716,38.9
9c83f88a3081af618beeb2761fcc0b00,38.9
fcb9486693f7475aa9cf8de91745815b,38.9
26233a1c81079a34ea562cc3af21c754,38.9
a914ed346024398bc8fa0ef53d925018,38.9
b8db736a2750311bce7d053e6d7263c3,38.9
8a3339f252e9dc4e354d7a2984558974,38.9
f57d3db30585e5fe7bb1649ec4b1bc32,38.9
246fc6be059021ab9c909c51d61157a0,38.9
fec029da0e401b9aa4f46df25d3b64e7,38.9
8dc05898bdb12786a2bf61bcea1c5f74,38.9
5dc2bc6196f856dfd196e68009608e83,38.9
54a313a0e979a0881b26acc884f03197,38.9
99a50e0d375610b72d2347ba456f3217,38.9
1ac4870458ef0396d390ffbf31cabd7a,38.9
dfdeaa14f368e1d03473fbf43f0bada4,38.9
755148ef59208372a60ac6c213c1389f,38.9
e999274ae2e74253b426473bd8885b7b,38.9
cd68342f9a9a5ddd02f5ad372ace79e0,38.9
a2be606029a95748f15824071fffa10e,38.9
016784346c1119828280815c2c6dda98,38.9
8ec995e911f92a26221b61e7d7e98c77,38.9
5f1d80961e9cfde25d058cb035671c1d,38.9
1158e1b14f3ebe4c4bf224fbb9485df2,38.9
7a73b87a6eb83ca9c6e2e8c0b2f03161,38.9
343d05fdc8c888fa5ac9fdcea627efc6,38.9
360469aa13eab175485990e06ee97896,38.9
0fbba4e64c66162f8108ba004d0b929d,38.9
85a686a0ab11d3e40ea19dbe75a457fb,38.9
74bafbdf42aa593dae40b106baaf020a,38.9
43a4ab5ca0e5bf683ae1fb0c760a976d,38.9
f65fd8fe4095317b5aa176ee72300f02,38.9
991eebc91981fa12a03a7dbdeb21ebfd,38.9
fe86f452d3595048dd7000032a0283aa,38.9
394b045eaa57c5395a95bb541807222c,38.9
d752eeb06a08c63e9e3ddf157415a78e,38.9
b364fc9218a7e1ddd9eb23124ebb7d86,38.9
8cda5fa80381ad8d09441fc5b3d5ff46,38.9
0efbe1337a74c216249681ac7051d1c3,38.9
8db99cc78f0035b7027d4d5da0466cdc,38.9
f8fbe0a7a0f7709be3c1c8f269ab68d3,38.9
3336317767e51b209329188eb22de872,38.9
3d32aac5bce2d5bde5b0645ef8b319bc,38.9
0b00e3566d4632a86df327b4b9f4fc28,38.9
8c621aabf41f259e0324513337058477,38.9
6e752ed2c9a8e333b6c074f8d2c5f028,38.9
3c5a39f999c141a42792a0f2e1c7726d,38.9
18d5d5895467ab53587d1ec961de0ece,38.9
8ff02d450ba93882e5d0277f2fdc8727,38.9
475f823c98a1ca65d8fdcbd15167a443,38.9
6a5e444906153f324d0252976a4a40a5,38.9
f795c720615c514b5a76aba21942dfce,38.9
42a1099724d7b2c28cceef7328b874da,38.9
ad1f289fe0d5f0e66faa507b7dd26476,38.9
7fe3cf500fdf23475a1bf979578ff7c3,38.9
c067558868a9268e8d8665055a206ddb,38.9
386f601f94c87464e1720292a738b9ff,38.9
1d4559618ae0a6bcc7dc8baaf5ad58cc,38.9
c5982a46e1e7c7ae0cf888263ffbdd4f,38.9
a60cbf9e8eaf6fc7434bbe3db2373eb6,38.9
5d32870687f3bce3d866addfb37d6910,38.9
9c0e3045a57e330c4f5665cbdf7dae61,38.9
3d25dcab79dd4d05a92125f189ca327b,38.9
0e884a28dccf5fb788d41bf954eb7b11,38.9
a88cee1715cb725d85cef9cf6fb25261,38.9
837d37e337467452b7d2c2068816177a,38.9
b72f4ad269dc62bd9bb35ceacf22103e,38.9
cf55b6d59f4f02472ed800305c7396d5,38.89
d58c07eea7de10eca37d9a61ab7a5e16,38.89
4841e756408158f684e7af4cc56e3962,38.89
9407dee37113fbe31a3fe60a3d221e37,38.89
451a982c3efe1146678794420b529d0d,38.89
852544153c1377bb722cc4445a03a825,38.89
7d26ad301eea20d4a82ac1a50e8c2960,38.89
05a0155e6ea734e7656dd0d7dbc42594,38.89
de2fcb2cca074deebf0c24b2591df6d8,38.89
419a11c259533c191e0890e6178f4d27,38.89
898bbe05a063386f93afa4654026f9a6,38.89
32db84c9ddaa7c9f10a0d30151fb95a5,38.89
9088dec5473bc02ec4560958866cc524,38.89
3f0e725e7ec44041799bf649e48618ab,38.89
c386803d81b6b65686916f7231c2024c,38.89
943e7d02679d01d5ec5090799081fd6e,38.89
127237a4aa0bd9ecc09015f781c9fc27,38.87
340fcfd738e48095daf5a9afec990096,38.86
aa13025268ebd91f7a5de8dd1dca1bcf,38.85
20c75fffe6b40dbb0972b96951be2c4a,38.85
36a7fa9b72bfadd847f369c2e58ea92c,38.85
7bef0b4674da88edebc39071240600b4,38.8
dc646ed8ea82e23f30bcf1ebb19c03d4,38.8
a1b75d3bea2c98dc6f4f8725b82ccdfc,38.8
01ab41094bdf6a489a201d86c7578f3f,38.8
50111fb86c6159052296bbf2598ef7ee,38.8
934e84f2cd66b617d8c4d823375f8639,38.8
e9f0aa74e1e60481e4bbb016f90880dd,38.8
a8ab6aab2e9e6cbfb98d85c1d7c54dd0,38.8
2c40654c7a98cad6b17035355c1bcb2e,38.8
5d442e2ce67bda00693d989b8ee6232d,38.8
e50e1d62ee7e61dc8bc6fc13a772acb0,38.8
8ca4dd796c8520fe17dcb78c568685ca,38.79
63888b10b5f5967d55158748f46981d3,38.79
0fe5a52d97e7498989f1c52b4abda1f5,38.79
e4a1289920c7a33574e0433abd5b90d7,38.79
994893639c0c67587064238a90e33a8e,38.79
c5daa48d49abedb25f4bc9e7a1d9cf60,38.75
cd66b3292759297a98c21405c06da1ae,38.71
f1ef63497675a0ec947e46f017aaa8b6,38.7
65309c5241d286f148b3ebf5f81a3e1c,38.7
15deb9a6467d1cb2dccff0c7eaf99380,38.7
77f7c604e368a8138a47ca081a232508,38.7
74e6e002a159fe9ce9775201287f7200,38.7
5f1f934f0527b0822763ecfc7a918ca7,38.7
22dadc8b01014f9b0d7fe7bfc7a72be6,38.7
967f07926e114ea00b83b7eb86a81aa8,38.7
6c25937c262cef6eff02af941c5c6b1b,38.7
705b9e5a5d27aaed4a3b4702e876d1d4,38.7
3260ff8e858a718c0da2fbe6cf28403b,38.7
b6cdf22de5558fa17709875a7780a4cf,38.67
e6fe99ccca7205804697a0aaef1539fb,38.67
e36b0ffc6738bb2d03e599cedee65adb,38.66
6449320114e2ba8f64ab1c0481b0a60b,38.64
94abfe813e83b1072b526539bcbd0d99,38.62
5a1e1bd65193677d3cec2a77ce02bf18,38.62
ae9f545566694daf0c47a67c22fc5f47,38.6
a110c68760b1054980e969c1c84c58ff,38.6
f672ce127aaeccb53370920d3fbc7fef,38.6
38e258cddfb4ca0e370c284212cd8b4d,38.52
5e105f72f5c1c080ed8845752d4dc955,38.5
2e72384d36d09f4eb5e5a875f8f48fb1,38.5
40897a63d388c1d1f1844f334d404d5f,38.5
487da2f80e8f4c2c7c0e1279d113e35a,38.5
0f4f8f1c93fa4e87b000dde5ce03ffdd,38.5
db857a86c685a6a3a02a705961ec1ff1,38.5
23a74d590627edc3207d90d96ec739a6,38.5
1db65de5533222a6453724a15ef53cc7,38.5
87bb2e06d2f954566b07b7f5304632e8,38.5
06838eb84d243726bcd772cec9b68813,38.5
ef6df80448de23799ff246c3c898c8eb,38.5
6772a0a230a2667d16c3620f000e1348,38.5
5ac14cabfdc1849cbb3bc2e8bfff1fde,38.5
3375b244ac4cd58a673c13f24156b372,38.5
adac4d8a949f5d6da185e384a4140b18,38.5
78e5e5a5de6f4de446c8eb4509755a13,38.5
f7e1e56f489ab7f79c3038d4ccc571b2,38.5
3f71ac4be023b21aba41f819458e9595,38.5
8a949fe0749c057027c613015058fc3d,38.5
50756c38c6f7edeeacaaa63c6682ddb0,38.5
3e2bc5a52f6f117478085f667ec285e3,38.5
414aa2fa7df5bb8836e17bfe8e2a0658,38.5
5834f051f3aed6dbad4d1d1fb604768a,38.5
867724eea3f04648f38827c2485328db,38.5
33d00aa51f5de88a67154c4600ad5c93,38.5
f9accb2d97dc33b75ccc658df7e89236,38.5
27de1b0b80d5ee4f8fadbb63fcb78906,38.5
f528cd2e64c47c4d65c1355294c43323,38.5
55b0a3a6bb6481d8ff89b5ce1b605f5d,38.5
775e5b39bea2cf3e7080071ddbf9d708,38.5
d3b1dd5a9cafa5e8191a28f92a8f5d40,38.5
617624189e867be995c3e380e4fc037c,38.5
4181340c6436c39fa866cba891f8e7a6,38.49
767f8e8f093ad7f1f65561d69e39a3b5,38.49
7d49493a8c9e940d1e75b3dd732191f3,38.49
3df299918e4f5e6f424cf1f8ef2119ec,38.49
b0b03bf2aa4428b6f1e24de8c873c639,38.49
5277d855d8cb2479fe5bb9d101ae8ec0,38.48
17690bde33eddf4e0934f5a94dfe01fc,38.48
25234bb91effe121c9b3b319863f9a11,38.4
996c3983fc4c47ec3db5f123b71ebaa5,38.4
3d73d619dcffc982e62330b93f0531dd,38.4
0470a8d9b6a4161506860bbd6256fd0e,38.4
729b8930036e5f2c3883bc38d7cae018,38.4
51ec9c71b8a1fa7cfbdcd29bcbdeea39,38.4
f178c1827f67a8467b0385b7378d951a,38.4
da052c97b9dc9fe34af8e78c7b014301,38.4
f072965e658fe6c9591cc88d5b6cd9fe,38.4
ff898eb678319bd6f600449bb0713f87,38.4
5d9af4479e3cddff9ca7cdcaae40329d,38.4
94f0aeb55a332b7a3480aae50c02c975,38.4
37dafcdee86df7843f93d4b4d5325dde,38.4
7e83d91f236e18e97e18b2ce8d199651,38.4
ab861bc4b2bc57d0f9043c2df76cfe38,38.4
25b3d4b49c71c69c6066da8886cdb3b2,38.4
ce0f763d66f365fe3801821e39088f30,38.4
89f95811429721f15d1a548d33124c86,38.4
8912c3b927be99f1f80b81354883114c,38.4
5104c50bda35e82173298dfc7734a719,38.4
e1a09507357e73def87e4fcf5df4b00c,38.4
bfbf277426eaeed47c31c9cef7fa29d9,38.4
a5030fe79595918146f9d57c56a492f9,38.4
fdd462d38129a881c0620cebff8d5484,38.4
ca12cdb54044bc405b323d7c11a53e79,38.4
c2cefab2637982f1c387a98842fde391,38.4
06201fb5b7821133eab9fe2113d7e6b5,38.4
47d0c23e290eef04ba210fc4ef687691,38.4
b42224a10ce2da43948ca2d2828c8fda,38.34
3ba02060e681d361d603d5f7ef0a730b,38.33
ea36ec29b56eded534644f21b9561efc,38.25
ebb4decb374c24844e3068709c66fe60,38.25
0247131a2905884928321f763083ac11,38.25
739ee2d2d5960609ad780937fd9fa282,38.25
3df704f53d3f1d4818840b34ec672a9f,38.25
eb0e5e03030a71a038d3e71bdbe82d86,38.25
504abb58c38286d2cd8bb36f4939dbe1,38.25
e3e0534dc37dd14280ac15f24acb0530,38.25
9aa05448506c04fd9a595d7c1850de9f,38.25
95e4216612b16855852e2b9efa6174d2,38.25
e89debbc1154aa541f52f30aaf696538,38.25
b5de40d2baddfd6a1e20226ed8b7db0d,38.25
0efffa0f614cc54997bd7401a60fdcf6,38.25
1dc39ef0968a2aa4522c242710d45c81,38.25
8af801d95c9bc9bd7cfa7845826e4b72,38.25
3d55995a5451ac5f7b9f4dd7d0577b2f,38.25
8b41260e4f96818d4497b04d0f6a5ba7,38.25
1cb4c60bac8c08b0e68492046cda3f0e,38.25
9e1fbcf787afe799fca67df3cbd7e324,38.25
980577f4e75c9ff551133fd18ae0bab9,38.25
99ec403e5635446f0677ac2752b2c0c3,38.25
ef3f67cacd6f5d2bfae5473c8cae4306,38.25
19dba1813de49accbb9b1ccf74cba591,38.2
4fe7ef3f51b83a185b617b87add5e48d,38.2
e28087daa16ea2d4ef377fd789af20b4,38.2
cbc2a6aff2fdd7566a47b631ffdea55d,38.2
5dfb3b57a3a577cfe354a53ed89f01e8,38.17
81635d1e48d6fc1a14f8462975c96dc3,38.1
b738548b70ef8d6a4f4f925c2dcdeded,38.09
7d6a7b972385ef00c9b4bcaa9ce6e2b9,38.0
351a4eb57608b85dcacdf834901f069c,38.0
fec5c4b728d1d93d1c9f18e194aead61,38.0
345e38cd989db3d85c8709398b975141,38.0
d83e597340744895ef969f98e040ded7,38.0
ade3f0faef221a3b741b2e56face5c3c,38.0
b3a21908915e2cb21871fb7c1a56a9e5,38.0
0a44fa60c928c1db607ec5758d406560,38.0
6dce9fbed8fea7b86fa55d91cb8a30b4,38.0
b72b2adcbe29bf290dce6043f04298a8,38.0
d2a307d92e456ada14150c970f469652,38.0
745b41873a19a0a1b38807987bd21cb2,38.0
22a0d3267eca495ae5c5ea5aea7cd2b9,38.0
93d82c58a8f2b0d2db80f16867b99edd,38.0
59084ee44b406be03c3d6e28c60bea7a,38.0
ff9ec39d2bb09243f0139f792ad1ec7b,38.0
f6d214193841390197663b8dec793597,38.0
9dd350c699a69dec25cfd851cca9c7b3,38.0
14fb55c459d876ffaed351c4e23351b1,38.0
8d401266c416fe74129569742199d75f,38.0
260cbd84c4e1c78240a8ab6f5fe99343,38.0
ea7bc69d71655c61474870d7a7f8ec47,38.0
16d24890f698c4a886800af32fe96dc8,38.0
efb87896ef3ce90735c6ce36c70726a7,38.0
55b0cfd42e4162d7976f130efaa944e3,38.0
f230350626bdd370da5065ca995a4947,38.0
9285b668f2790b3dd021861390bbc676,38.0
c4c9264d7abbbea53865481269ac55ce,38.0
290a6e52e04d3e7365568e96fa48fe33,38.0
bf654df65423a4716b8ecd654aa356e4,38.0
5e6f5bdc231a2698e2650ca0e5273fa5,38.0
2adab8995d75ecd5815438e710ec1030,38.0
04a8bd329a1b13af8d394f37c6214ab8,38.0
046498c220fe6d3aa19f8c3d3ed485d7,38.0
51874468901543b327963cf39127a2ad,38.0
5e4868cdf4f54ae28d96d958cdbcc5f6,38.0
d3558802f902aaa861259024d95372f8,38.0
e71aa4d6c1d0e48c39a4394e7d912601,38.0
81f83454520b2f21689bc76d2d19a6b2,38.0
7d20dbb6b87656a8657915adaf75b20f,38.0
7b9c3a194ea44dca8cbf2148b8185ed5,38.0
b0d72b227b0caa8a7156db18f5cbe0f4,38.0
69f8e649b3958fb232bf6670bce9ff27,38.0
8237cee61c92196c2722acf5ed10368d,38.0
96acf11f5c1d5f2ddba8bedc04d41d3c,38.0
dfbf74617198d566a4a12a39ffbad5bb,38.0
98f6a15fb7c7964452d97ae8713fb621,38.0
db94d9efecb7f6bab1eb7034317c735c,38.0
9b0ca7ce354778d017ea016dd199f9ee,38.0
96c3d51816ee07cb78ebbfe0e8bdb889,38.0
5553c68b594f5e4c3ccb4b21be5805e2,38.0
d5e655381066bfb09f3c2b5bfadbcdee,38.0
1aa9c6c30f65c5f6d84e48490b46ac86,38.0
873967bfecc663740e5d43930cc64b7b,38.0
2108cb2ccd6811d5118b77d19957b536,38.0
a1f27ba837ed167d3c9830a40e014a77,38.0
95e503072b755cc678800adf674febb4,38.0
990136747799dba17827e8abbae277e4,38.0
78183fa5a3a4f305a30940b0fd3ea92a,38.0
554e72ada8751c515ab293a7605b530e,38.0
605aff3b7d8433c447ad5ea47f2327df,38.0
bb94a3b74ba3365158625e1dd55f6642,38.0
8c341ce666b64e4e79c28b60db4f8248,38.0
af885bebe2a7735c3aee36d538ada841,38.0
af20635d133ba319a23244c17b35b008,38.0
b01ba1be15ad4df27ef280937c538efb,38.0
92e467b22526e35c020e4b58b03ba8f3,38.0
680e13127e0c141850712a4d82c2b68f,38.0
6124c09496fb12b9864ce0fa6673e6b2,38.0
9b8e07760752cf403a944c5ef278be8f,38.0
e444b41fbd6fc04d352ef1a1133b489d,38.0
1ebd46af4737607b2534ea27329b03ce,38.0
e5d1ab1c3818782836ea04640e49ce0d,38.0
63602165063adb084016e19dde425ce7,38.0
5b547dd68c1218f594ed1c26bea5d0fa,38.0
8745b35618d22fea8be7fff3e7e71e91,38.0
11401d5f566692fb36d9bc01171bb6f5,38.0
0852c9fc981f16e491aaa5a66a0b4de3,38.0
e8b486d2b45d48718876986d633f4bff,38.0
ce97fa320a9043140d221b5ade94c617,38.0
ffae76ff9b35ca5bd4458c6f855a3553,38.0
6135f76a74510c299e41b8b7df992084,38.0
459d2dd32c51b04f7abbeeaea3e7817b,38.0
b08ebed8c47766c87998c74fbd448785,38.0
d7f6cbf809ad881f0c9e47c7b1b466cd,38.0
7ab296b8b856811774b40ae28bd3f3a0,38.0
4ffdc20f14db2fc732a0548cf3778396,38.0
2456ee41820a5bbca27406a2105c4341,38.0
265ca4a2dfc340879f5a626c4d58a741,38.0
61fc851ac2ccfe9254c67b210b69ad7f,38.0
0ca441ec350a00d6fb6fcec25e2f266a,38.0
86911781ab615c91b809029803289020,38.0
ec65abb5dcb1d10fd068a914a1b483fb,38.0
37443de33b5b20b5fa0f6409e3e40708,38.0
9f91a746be44192dc25de0c87d35e0c6,38.0
08013618897a5ba0b56ecd80981470da,38.0
463a0b50898821692fae99d0da500044,38.0
c95a0627341232e6147a84f69c5ebc5f,38.0
796ec2eaa4b2d7ec61a9519d05cfc4f6,38.0
97923f8039a8e507b87d33d7f77f2f55,38.0
2a85e594393010fbdbdd76f2b8c32140,38.0
6214f72996b247b5de739d35137899fa,38.0
41740b03cf7ce275a840cc38f1ab04e0,38.0
ba3865460d9232b12cea42b9b2fc1380,38.0
c8885e58f79687064b6c2ca54626b032,38.0
2c52fedf9050e250066789f679624695,38.0
92c491a4a6ac1070cb634b6fe4be1bde,38.0
c9573cc1e246dadca50b2a74f795def3,38.0
52ec5e0b9791f0d941ec15a8b2e7f3aa,38.0
50f35f64380f777201a47222ea2ec6e1,38.0
ac99cdad0c5aed26a2c8caade867fe81,37.99
96f1ea7875a9fcfee0be3af8015f48cd,37.99
cf9ccaedb1a62b0d6debd90aa491cff9,37.99
72cb2f7e00c6b47c25afdd7ea20ea3f2,37.99
e53fb8494a41b514db4d80fafa628320,37.99
c36e16973acbe2b29f72665cfba6223e,37.99
0ebb41b53df7726b1f2b00a27a169ae1,37.99
6cd650d55491e2da73465ce4a420afde,37.99
5690d9ca23afde17d275860f87728b2e,37.99
03ccf99bb960bd4a7a588e4ab472990d,37.99
f4fd1f42308fc47dee6d73ae1f6c9883,37.99
b3519c0352b07bc3017acebea4ce6724,37.99
78ed3e18a534175bae08b782393fcefa,37.99
ed7c59a481afb7a4c4b75530ca7ccc49,37.99
6edfb61136b040d8143aab7a003836e3,37.99
b54a3497f7d74ec5e0ba9e086a06260b,37.99
da60fc458fbb1d80edcd359e2116d015,37.99
19d8d28432946239ce9f75e1990f7e58,37.99
b40aee25a6be204c9446155039256160,37.99
fd4abff6bfb418f4130e7d483f4ee097,37.99
6b7982f9322bf7499f62abadce6c6130,37.99
24754bc3816ebde11b041188955e6005,37.99
758599b2798e7015e13f582498131b91,37.99
79464ec451b3e1eadc7f4583dffa6051,37.99
e67be5e91fbbe07d43b7ae7263ef8b3c,37.99
e74208f5cce1258bbbb9a55463f0d37a,37.99
f7b0cc4e42b4ccf20819cbba292745be,37.99
59ef7c50fcc758b78b09072d7ca5eefc,37.99
7b2a039a8b7b57d48e97d3673978a185,37.99
184d1953627db66318acc74d30ff1721,37.99
fd0225ef44b7332f9688ce11befa24e5,37.99
1aa26144f171fa1e7082aa0bd5a02e20,37.99
29481695bec444c42345e81fbccc7370,37.99
0c302f4e4722a7b2c5b1899faad9d5b2,37.99
209e672c1927a0fb4362d09d0f3971af,37.99
099ad0974e8f18865f3c0aea78af8b56,37.99
021987f5dabdb8e550dc74b02d6e2371,37.99
aba01eb10d088b9a4412b060884c5812,37.99
39321fee4780214055b7f625d3254dc8,37.99
d5274e418a2364b48a3399c4fadccbf6,37.99
462dc285a81ff498ec5e0a1925711c19,37.99
0722bb9204b10c58f3641b0c27c7dc72,37.99
b96fd58e5cf43104a84884ad7a9c169a,37.99
89a6b1bfbe1b366503995b8df4c49450,37.99
d1b373f540c9e9081095b729cb55e953,37.99
17ba46ce0a3914f21468fa59cc2bbfba,37.99
dd6fe70c4b8eb1d8ef08330f8c4d7fae,37.99
2596ba7fc52317caa07f81aef3f42911,37.99
20296443465a67e0ac27c5a61f685453,37.99
d35a516e27873b344b2b9bc4ff2634a1,37.99
f004cbd2065a2ddf42d12b6d339e8da3,37.99
3a67fbf582c0eceb6d18beca1fe47a1b,37.99
bee4e134573a69da08ec778c2ee62eeb,37.99
16495aa2054f83a2b39ef5a5e7cab72f,37.99
e3dc903c745deeb6a71693af97133ab5,37.99
d2a2e802df597dca467a3bef01ae131d,37.99
96a68cae26d14cd164323c6bcc6eba60,37.99
10a3aace97d84274d63b3cf7af70449c,37.99
533fb5085c7f25a1b96339a5ab46a324,37.99
52501cba96d41957f1daa67592b41a74,37.99
6a5f436b8f92683dce9d7b7bb20ad411,37.99
d3899636621793bce495e52632ae5b2e,37.99
96b2d23105c01cf8692c3d83914ad90d,37.99
06cedf45bb3fda13ad8ac53fa73c39a3,37.99
c286d8d1ca1868b73e7e89118129fdf2,37.99
e0122fe0b17a97af3a4e8b5580a06bb1,37.99
db6dce4c4057d2c5c1f676329c8d1d1b,37.99
021ccba47cb1118dfba3213180ffb44d,37.99
226a68b0a8e545a4affb75acfcd59fc3,37.99
edf26f6daa7f0952da5ab7b75c77f186,37.99
3651260dcfacc8962f8ba0a0df6000cf,37.99
0bba7338d5cd321c76f2b47afca91c9b,37.99
743c5c4655af2ca311a25d00ceebf826,37.99
3d6419e75afcdbc766919734c32832dc,37.99
0a133589395921bf74897e05ec96f1f0,37.99
e1862648f338ecaf4242e8e2b59126ca,37.99
988440a77f06ef4a5885c7dd31833bf4,37.99
56924f851c639b8160ca4eddc5c670cf,37.99
d716708080665af336cd4bc2aa0f4ba8,37.99
582f00a7340e0c7d2e1d15218bad5eb1,37.99
13355f11c5197e83d423eaee3abe63d2,37.99
fac679dba19bccd29e81192e5427a861,37.99
826c02f105be443173bcffb209476da7,37.99
d5d71423a0ba760269576208b66e10ba,37.99
a5d5dd7dd3d50ed0b24c2e230ac2c486,37.99
126a434361ef6c6f07b7e51604b7b7c2,37.99
5f5714ee2522aeb19525f81582b66bfe,37.99
77faee5dfb910550f2f3be9f2c615d8a,37.99
805d3866943c88ce53b6a4e112e4fdbf,37.99
5da0ca7784ca3dee567abe4c07800952,37.99
a3a56df70dac7a02e8717683109cef4b,37.99
59a600cdfd73de5d7a12dc35f9b0443a,37.99
9ca67844dc427409325839776e39a273,37.99
1e2968f158c10197bda882f5be736e2d,37.99
cb0c81b581cd0cfdff0e7ebfdb068738,37.99
4f53572a0b69b4bcb158ce76062be4cf,37.99
c247a212d5bba55bd9cfc5966329538e,37.99
6cda1d04141717b4d21a31c101d1414c,37.98
8f9ba4248de510aef617886c7caa8250,37.98
2f024788fbb16d959cdc8aadf44f66be,37.98
4d570d0d24e599a73d2335c82aa2a5c0,37.98
dadfdba2f1a53778ac008daad465d544,37.98
ec2d2a258b058be97d409669ab436028,37.98
fe77d12e9cdcdaaa8a63e32892c69ffc,37.98
c6fb5870c31ffb62f86cc2b9a8f09921,37.98
39c5aed6f78b3c1700a36b13734327a4,37.98
d987da9fb4086ab7c2c0f83963cd6722,37.98
253789b3181e6c75a3c80bd68dbebd54,37.98
1bfb55c78f90699dcb61d9622cafd180,37.98
7046abe749e4aafda4638fd2e718aff7,37.98
6dab4e63a2a40fef7c3cb46ab8083922,37.98
59b4f1123326b6a40784109e1b25b7ee,37.98
9c7d3c254f40add7cec20a8f59f8699a,37.98
7a24f850592485f402c7038ca51efe3b,37.98
dd2dd4b75b0a223fb8c234ff1934faf8,37.98
b2bfb3977ba27bdab4a1202b4407ca06,37.95
0c48ca9e62f5ce6d270c3740c5f48cda,37.95
2d8610587725959ffe9ff9e9696f6c86,37.91
3a7d1c879493e7727f72a8fd2f93c366,37.9
5d657fd206930955673a89aa0a0a54e3,37.9
c40666c67c6b0b187e28d8472f591413,37.9
3d4a22b0d2191f033ffe083fa365e051,37.9
9f6a53c19c779bd59965550eb0474688,37.9
a4ce1834b09060700fd8af2850b37b89,37.9
2e59a9620e322e713931ada85519ece9,37.9
8ba2ae86c5eea9ed1d54c74edd708364,37.9
69c783442bd511f3ee92190fef31e979,37.9
2de625a93dd01b073d58b2b253926e28,37.9
2c3f5f8e033669bb6f354799040784ec,37.9
307d389530a2e45f8fa36148bd84150e,37.9
865c0d2c9e29497de146c1744ae25068,37.9
a9f11314b76b5d3662b70b192c3cafbf,37.9
ac9f15ac913deba60cf80a4dc82fccd3,37.9
85cd3b35a471fb958a08b4b08fbd1617,37.9
1f33d0198032f3cb27bfe03e09064bdf,37.9
a8b26af037958fa33b0634227eb025de,37.9
6fe655df4b9e1e4a3fc234cec27c55aa,37.9
02f615f19af07c54a0d4653308f6674b,37.9
c11c31965ff02cc1d7132df8edfcbc22,37.9
aced6d359dd4b94375971b67f59c4f9a,37.9
eddc0f5250ab8ed511268cae2caf9a0c,37.9
741e403b68cd957402bdc4627d4d3101,37.9
6675a20f961c46c11c1ac4cfa5facc41,37.9
859530ad4eef3fa5932b7aa55aeb314c,37.9
d18cb384febf76070f778d201134374e,37.9
febfcda160c15b084868e19aae69d8ba,37.9
a0046dd51e43cf0c76c5acbe045d423f,37.9
06a3bbda6d96de922ebe82f3416f8c3b,37.9
ece07da878a806beaccf7692e518fa7c,37.9
faf0fde78922beb33e302d458492d55a,37.9
db977692da48dd7befedc7aa02920c99,37.9
0018f7fde63ca77254dbc47f4ea358b2,37.9
c732fe6581f798f69ed4f58a24ea3e24,37.9
616746b19f1e1a46d1f61d3d9fa08bce,37.9
b4a24540ca7eab4fe0c46d6efa6009cb,37.9
8346871a40eb7d34a0de012dd8730ab2,37.9
078a6dca7a00e66f3abf78d3ae96825a,37.9
67991d4b892a4fd507c46e42e256a041,37.9
ca29cf9562654bac7552283bd561bd48,37.9
8407856064f21b0b4502e7722f213577,37.9
393337d78fbbb29b0418db20ac54bae8,37.9
263666cf14c8febb4752b6e2fe1702ee,37.9
9c3097eb5268eca3a3308834bfa8515c,37.9
c0dc668fe911c870b8687d0238042906,37.9
ce5efd1b1d8a2fa290a871edd5c26cd6,37.9
19cb85e5a9784d460854b75b82c069ba,37.9
76a097239e7753c934f06beb75c88b9b,37.9
dbc7c52525708e166c5888710cab9220,37.9
f43c413aeb26cb21ea78c2ba8d7d3a74,37.9
eed444dadc28f192c8b1521c754eca1a,37.9
3b7db71fcb0e1493dc3f486768a67239,37.9
ac7a943dcc91b2da7960e8e8950f672c,37.9
072c4dcd0f16b2e0d13dc2dd1549d17a,37.9
151b2c4a56aab1fa8f3c822cc000b287,37.9
2807681b890e0f8dc56034e98de8531c,37.9
68af4288b6758d1096de587467d24586,37.9
df14b61cc7c66d382984e0fb32c40971,37.9
5d9b0406ca19cb888e47386c944a8330,37.9
64d001ccae85a692f946717f8b7a725a,37.9
ff6e8a1efbf39f488ac2b10d12655083,37.9
02bf3f33e6774c0aa0f9a8713f087162,37.9
2a6d5a478175621ed3c2c16c8e6a9e44,37.9
1b69c1e1aabf371a4e539badffe8d482,37.9
19bc67715c87fe5294efd3b5ce3f9bb5,37.9
80c1314f5c6dc8009710aaaaa644475f,37.9
e45fc68e618340baf7ced09aa8e0f5f3,37.9
3e40061e2f7a3c95b1eaf7966941eb34,37.9
d133517a687eca4534093d2c51ec29b7,37.9
8d9af6fd03ae64da4f7fb87e4f9fce2e,37.9
b4f0885afcc24fcbb49f0fe8037e81fc,37.9
3b723b649feb48f3cfbb9c728efb3d7d,37.9
7c2eb5a7c145409f56a018c3971d2a12,37.9
6d0f8f93f6a858b5b89fd9177fe1c8ea,37.9
1a807507e8d4ea58f9937e4320aeb40f,37.9
7832b66087e5858ae429867db0ba889c,37.9
80ff1923dab20bed7da50c8604a6ec9d,37.9
d71d5b39b7dfa38ca1beb3f5401ea668,37.9
45cd55f84952b2e22134687d58c1411d,37.9
7c5b3f5b21b1e25985cd6b1b20020b22,37.9
4af87b0f3169a9883b311bb33441349b,37.9
bf10f1fd7fd870f4d92a239792498714,37.9
aec38d4420cfbed169a7d1e2163a8154,37.9
7384882dde7e4edad4bd21fd57d1e363,37.9
f352d72ba42301488d1b6da8a9a5b03d,37.9
38ca5a38629190ded221ab2837f41eae,37.9
d49e1e78905d7a74187639f1b28d534e,37.9
0d9ef7459dfab7b6b3f70bc5f436741d,37.9
ec3e951d452fe7bc2a123f2544665c4b,37.9
1ec4d570acab4c499a5b92cb5d2f8967,37.9
4ba45af37882ae7e11e4d8715cf82ffe,37.9
9ade348c95b66ce157cad614dc61fe1e,37.9
49f0845e03f0791e8d4f931ed1f942ba,37.9
46802b380d9091dddd4deb291bfc66e0,37.9
ff03e2ac07d6dd7580a7cc349e3b37a6,37.9
65eaeca6715cc2110a236f3881434876,37.9
4dab6a9558a5b8884eab4e5abfa71a76,37.9
e32f5e6caba0c49af037c91356fadf83,37.9
d6e5dc4f46a8ddad718544fa2aff3ab9,37.9
3b11d54278a86bfa191ef947e654c9cb,37.9
8a446e06026e18c1031c6782ec0664ee,37.9
a02b94296be9b66cb7bc703abad86a5e,37.9
6e53638ba966c41af8fc2b198caa69a3,37.9
71af115b2d551456216e58c97250e562,37.9
39c480182a451e2c8dde999297ec5c8e,37.9
f1e46939e6408b3e6fd46579a37c88b4,37.9
b6b658d58a60c4bedf0c112f80e7bcb6,37.9
66aa7eb2404b076d9883feb24ece3f14,37.9
9cc757866e6bd3ba3424621b7da03624,37.9
40e24733ea67cc1706a44e0818135cf0,37.9
b1558995665e3eb6bd8602064b17ec24,37.9
48c53e32f6c0534b869152393f374a2b,37.9
df1c0d10b952370cfaf589b4f7c615b5,37.9
c12786834454ea9bfe60531bc75814cc,37.9
00c82b169fb6a103c5274dc731295a98,37.9
c69e9b9095b1491d57aed0483eb1b9e6,37.9
aa9615c04bed4291268d1704096f9087,37.9
bad6b94d062e9c76e0aafeae82e23ec0,37.9
122001ba154051a8901c494d8a33b10d,37.9
b4f7636ec823d1985ba9faca64bfd7bb,37.9
b5e467a2fd8bbb9e93feecceae7f4261,37.9
33a04ce7a2ad7df05942c7954e485a1c,37.89
1fc29088df4d8add848a6b7304f7a9e0,37.89
90eb27e381d8c75dd3acf2f87fd8aa50,37.88
08ab4c257d3664e4e28edf27010616de,37.88
15f8b4790c9e3eadc284869225837d98,37.87
1b337e561848c1abff24332c0eae028d,37.87
9335ae4e15f4b98e71a0340c3bbfd13d,37.87
ee9396d603a68c2c666ea2f0753d256d,37.84
363dddbc708c46ffbd3d3860c79a54da,37.84
c147b8308818f69eb09f2281bca42b2e,37.8
be3551852b61c601065326556460747a,37.8
443b534d0d27a8aa9a184d4869bcbe7a,37.8
9605611724e3d18d409d01f49f56ff54,37.8
743997967809a38986c47efc0467d830,37.8
e9668d96ce074626f31507fcd00213e7,37.8
e63ddfd77645004db43c2685513e92dd,37.8
0193e732775076a20ff2fa6fed46513e,37.8
4074bd6acc805899fffe98d0a3f2a27d,37.8
011aa728cdc4c57b506c6c40ac2a7712,37.8
5a5a75d11cf6794417f567dd826d7475,37.8
89ad688a79c14c817a28dbddeee449db,37.8
c6cfaa95f28c055677c5a0a114f03b33,37.8
0fcea18b8385353e570a472c79099c91,37.8
870416fd076253d6bf016f898007b4e0,37.8
77ff3e22ab6e2f06e3b4b7b3ba582a04,37.8
10b7a2a6d7bb0cdf36516a6e6671e219,37.8
3c18db09bbaf1ef66e568bc610fc3e9f,37.8
7c5dee768f1dfbea5ba80fd468040c19,37.8
52d21531d72b0c08474f9d7c92bbb12d,37.8
fd15873d506a65dc41e61bc3545c7f60,37.8
29518e434acca8cb6ea052cab056bc87,37.8
c90baed75cb5e56c1d6f110a6b74343f,37.8
0c4a28dea9556c536b703f5039158dad,37.8
f5ace4ef2568ef0227edb9709a3c0954,37.8
291c7755bcceedb88a87d99fe1d22305,37.8
84309b932d949c30b561e2900fa86678,37.8
131fc1a18874ae3381d8b4d6d920bd5d,37.8
be274b149cc9bb8af13628e268867c10,37.8
2376cdfca9eb8eed042914e8705728b9,37.8
7d5c71c6e3bba01e44045b65721ebc8a,37.8
d76c3f3e2e4eb5ec6f9a6a7029a3b8ea,37.8
7f033cc612ecfffbe7c1ca5e4807a5cf,37.8
13532365e3b2efec4b9ee9ae6a0bf360,37.8
143fdaaf1a8b9e8905183ee2714d3647,37.79
0a1de65b371609807ea80d803b47cdc6,37.78
fec42995c716793ca5c8086890cf8749,37.72
1d350be5c2a21f6aed74c0f3ecea8f45,37.69
001450ebb4a77efb3d68be5f7887cb1e,37.64
635445902f1615eafa7b5a65b27afcf7,37.6
e81e7f31e6b27c161760c4088585d3ec,37.6
6d7e3bca55ce37a6c791ee1e96f4e6bc,37.55
d2a568db82977556bb2acd4ed397b59f,37.55
91922c858bb7e396c7116aed07fc63db,37.54
4c756f2c4da833ba391a526d128e1fbf,37.5
793021f4b6ca3e6f3212595d6a317761,37.5
b4db5729c518c40199e3ecab87a33843,37.5
00330644cccc5db0276fa836976306fe,37.5
fc365f3d1e68addeaeaf7d5910104107,37.5
e83cb1c13ad8bcd8c98e95eff75333c5,37.5
152e182124295891034ebacefe99e1f7,37.5
e5d4897bd517dce6ebd8783fb43a2f53,37.5
e4447a5ba83bd803a92ff42706b70816,37.5
5e7a86473798e8b4112bac5d369cafba,37.5
9eadf355fd25351e0b159a7932d90f54,37.5
65d9c386ee0eb43e165aded25bff79d7,37.5
c2de0f8a86d98046feba1f4c5f88306a,37.5
b7ff4b1fadc4584dc3c387adedeaa71c,37.5
b533bfd5e9b9ae57a20ba6fc4bece106,37.5
625dc2294db00d8b4645f702ca683210,37.5
f98590a2e2162bea2b5b9e79de67c289,37.5
41b8ed78b252f230f2ba8ff26d8881b8,37.5
ce8e936f636f55678640360ddaa0adea,37.5
1d44df4d54c74b1b8944e7c8816c1ec5,37.5
9805ae32c145edf1ad0e8d8ab5e8fd8e,37.5
cc3f92b228ae744c6082f549933ab3aa,37.5
9dc3bd35fb5a7f3d531398019e0344a7,37.5
f1005bace330fd90be3c5743d3eefdb7,37.5
9dbc089a544895189a7842dc0a35aba0,37.5
b7e4844cb302e128776dd81691cb626a,37.5
687c29e95e8d8c4b6109dabee2c6742e,37.5
26e6e761dffdfc0ba3d0ec3b4cc646f7,37.5
6fda5c34bf092616b341cde52d2884f8,37.5
1b8cd2bc8b536be7634caf5929c70704,37.5
85e5ae9b7c9b84a5c2939086011e1f76,37.5
d999be4ad55ab611a78cbaffcee30aa9,37.5
d6028dc827eae81534f01a813de8d9f9,37.5
0e42a1079034c30b6be072e56c4bfaf8,37.5
4e6d10bcf05cedb6e0cd96954941c875,37.5
d02b3ea52ac795069225b421e67f8bf2,37.5
6fa292be2a8b1beaf488023433d49522,37.5
8846753a3259fa201e793c45939022b3,37.5
74693dcca0b4f00d1e44f2761861eec5,37.5
b4f586d1cd98e9c486ba55b612237826,37.5
98f28fffa1c9e07ba5a33cb690eb33c4,37.5
fe05494067b9bda7fde921a85dcfe6a1,37.5
6f7603719ae4f4d0f8be78f8f266bf0a,37.5
69045e1a5534b760b1d4c77ec2fe7cfb,37.5
6bc288325c7902dcbd0a803fc6f26a79,37.5
8b5a96c508604afcda1a65284875f3ae,37.5
cf82871e0b3d4abcbf2b66f5d788de10,37.5
99d937de3eec6f7cb8486b48f2379fc0,37.5
55df240e47344fa8542ff684aec523c9,37.5
b71e8ee6c0e74054a65e43863cdf11cf,37.5
125ee1e307ef264c24976717cc30edd2,37.5
4376ccd7c419531b509f8d695df1bc0e,37.5
a7c4132a484a334588a688bc25a1fe3b,37.5
8e5c20798dbda6c0cd00b5c732f7ec88,37.5
1752f1f3bfa32411eee01caf092db06c,37.5
f0110bd48b4ad1321c9a097547e2ab32,37.49
eb6e86744bdbcb48c0f9129bc8cfb9c5,37.49
45f05b31f9e015303ba6ddb478cacad9,37.49
76b0b0d45ded0384e888e728833170f4,37.49
9230885a6fe62a5dbdb04b93c9648437,37.49
993369a7d509b78331e63690031b1dac,37.49
3cbaa27bd79fa6a489b1678ac5fe787b,37.49
976413d083d598716701e20d0cd9d56b,37.49
4dd4747ac9bb7986b4a80082e193969e,37.49
4d1efe078c3e9d9671b0ee9b8dc89d6a,37.49
dfd98d84e66b465250732382ff6a5d34,37.49
7801e6f89ef28e7c965f135c0f6164c6,37.49
2cd9d1e0f927ede9fb48aa760b66fd18,37.49
96cbb6eeb8aed04c5ce88339a032c17d,37.49
06f45cc4a14fbc5762228d9059c0a04b,37.49
b2da3e1f91052aca033b4d34ab8329ef,37.49
49fc491cda67a572a6fa17631b3ff033,37.49
4bf88a7722cd83fc2bc891819c641690,37.48
f1d7846fb1398fc65697ee1c7bebe0d9,37.48
a0151ed541c6bd0363ad9dc4c7de6634,37.48
107a0ca2d031c7f0825cabad3c439401,37.48
9c79fa52d8ef5e2e023052e24a06e896,37.48
cd717f4d257d83f8fc1444f73167b8d6,37.47
8b51e4bda546aa5454419448c305a7e3,37.47
ba918f303c01fdb6620798b7d144d9ba,37.47
8016d8085d0ac1f2b9f92022d07f1ee8,37.47
f825273ddca164fab2c91c5bcdc58f4d,37.47
5919de102d7a96027a3f94b585e0ec25,37.4
ab34a771f8b497c9a37efbb586372f79,37.4
88ff09efad1b2b4b8df9b54487ebbdae,37.4
b26b21a6be03433cf3052ee4b22a69c3,37.4
e1e2548b6530546bddddc6dc623c6281,37.4
5738d0a3932e3ae32a2169b9040e5c0b,37.4
31c63ee7e8a9df22da8c412f9ce1f844,37.29
f48c503766cc6385fe6947e623c20b65,37.25
ea18d3d21da9d1dbe288ce635ea5237b,37.25
ef46ecbf5f28f403e0593d107b38c0be,37.2
5e1ec1ba98bb8ce60763eb2d21560346,37.19
828a9b9f129a8b103ad146559a75d4c6,37.19
4b231c90751c27521f7ee27ed2dc3b8f,37.18
ab704393de67bbc46d712f1d44bcf326,37.13
ce84bc58b9f9dfb7fcb0b5da67c99087,37.1
e0768121fd873c695316861281d5dc40,37.0
916ba025651123ee5d0e8443e16c6baf,37.0
71c26c2af249aee0282d9611b86a2b0d,37.0
313e047c933cb0948cbf6175ef3def6f,37.0
d173bdc28ffe8491a9b9b4b21eb06975,37.0
47f6898621126fa91eda967684efadbb,37.0
8091032f392951aa6e5a1933b88ffd00,37.0
dd8d6240c3ec37c83148bb118d79cef9,37.0
384db1cdc62a3e54b0ed41c8b4e0d573,37.0
e407ccb33c52d1292bdc4cb44619eb19,37.0
401adc576bb58618a2b3d02f760cc4a1,37.0
908defaacb69b56b991c77972490d6ae,37.0
edd688bedbae9130ccbc99b6826b2381,37.0
6240919626e51b150c009ca049ba0fb8,37.0
5f3e95d3aa812f28f4d065e24aae40ce,37.0
37bac99ac2045d59bf00c217cfd316cf,37.0
583d0db4b92ff46b692dd229901ed449,37.0
7089a41f6a02e9b5784c67fbec78e82a,37.0
53106ad4ce681e65be974104974ae23d,37.0
a0c3599b1d4051c520391ca3c6d2ac2c,37.0
1d6f2e4efdab5db04ec1b691e00cd664,37.0
c4bd6a14690ef25b936bda7861e2e74d,37.0
5633cc151a5a5506a81c6273a64fee43,37.0
8bc8cb1dff878240d081ac6d1e4260df,37.0
03ec2e284072ed26c76280702832ed56,37.0
93168e8e25b26fa8eef878cc62adb380,37.0
9fd5bd7fc08517053f9dac230a7ed8e3,37.0
e09b9512729d319c7e9ec653dfcbd076,37.0
884f8c52120644a232953881424cc353,37.0
9e33910c9241f43c1025acf365a377e0,37.0
87af82b8a09271d8cb7596bb9e8fca5e,37.0
655939edc67abc8156b1cb681af427b0,37.0
f434242d1d0dc1d70997f01f7d02e065,37.0
3dc31641445d14ab4cdde3638a06c85d,37.0
9ca6973ed81e70d17e179628ec6d47e5,37.0
82394d9ee9f28882adb2888d34b4d164,37.0
0fb28a40a032e249f0b00058b4f82e68,37.0
7b223c067f465acef7f67a7ec41004a3,37.0
a486fe1608e39e80121a804c3ed8ca64,37.0
632a782e0ba41230e69216e593be4ef3,37.0
6b4698a7406abadac8afabf5f8b1a87c,37.0
ef17f9a2e7925f62d5db83763b2aa4c7,37.0
8568c1a8472b76f6399440bdf4578f1b,37.0
a847a0b2cb5ea86de89246ef45c5b63a,37.0
cc4c638b7851d1bc6a2008d5094b72f1,37.0
c7a628466b3252e46442779e2973914d,37.0
1a2669cd39caf29c44956ce921c2cd3e,37.0
afc2f2b93b17d59670427c1e92aa3162,37.0
5e28dfe12db7fb50a4b2f691faecea5e,37.0
83451bf0ec7e33f664ffb1f106b59772,37.0
245ac221698f99186462019eccbcf736,37.0
adfc188f0e340c2365b6da5eef469d27,37.0
cff340f8a8a36080e75e9c07c1057750,37.0
4257391a8554b013c719946b2ed594a0,37.0
e10c1bdd9c0adfab0a2f88a2780406a1,37.0
e68d1430692ce82bb24d86e18e29254c,37.0
a703b86ab97781e7be2f36724882b9a6,37.0
7a008fcdb10f2c786f7277fa29c6b95d,37.0
1ea7da2d672b0873e5b09cac7e25c109,37.0
ac2c4889c5a253bb3cd48204cf7c93ee,37.0
7b1c34e979e189e971f1b2a9a6925d0d,37.0
3fa57a1801314f5064ffebcc14d2063b,37.0
3087f54a53a66482c2114409ef2eab01,37.0
2b3348bd84b2220c0bda4e4c9df8bf14,37.0
cf9df4b26b449f217680aed3ca61277d,37.0
c860db183cdb06557fde4d383acfd8cc,37.0
2182d65020bc195497d58fc189aff303,37.0
dce529324a049c4f22d46670811858ac,37.0
ee6ffacff5681f9665b19d91214345ad,37.0
11ceac611dc7103469eb991bd453fee3,37.0
5af26e532fd4fff0ad0fc34e46403e9b,37.0
a1725c06c50122eded9e3c2289ce7d49,36.99
6fa4f15ed7bd6ed54b86f2124a8634e7,36.99
b2b204350c535ec8e130d1e42dba1bed,36.99
23f9582cbdd62edff6099975c8266770,36.99
a104577728b2fa084ae8d275e1845cb2,36.99
7aa78ec38a25e08bf82617d92a583d0f,36.99
98a1b4f80dd0ccb7d1ae5a75ba5c904e,36.99
f230efaa9c8103935fb5527be9c02a4f,36.99
ff8bbdad408a29736ad4e73dd740f896,36.99
2e462c1574e64c66142b135b786832f8,36.99
37a6be75367f9868cc1af702f0833136,36.99
6ffd4f294fd7e52f4fb63343912fc6fa,36.99
6cf4840b6dfe102270032fca98880fc2,36.99
084c08c188cff70f6cc25048290ffbae,36.99
9457de49ae6cdad8a4be1c7d37c118f9,36.99
84bef538fd967ee1e43942c9974df7fd,36.99
02228cce72fcd2eb6622b074bc27fe94,36.99
f9e02bc10bfffa9852c78f6c9a5d06ec,36.99
1a954bbd169e7813291d468aff07267d,36.99
bc83a273368964e5985028f29ccead39,36.99
28488ed4aa3650130c3a842b8978d423,36.99
4ddbeaafc3eff2a014e49052df6c530f,36.99
f533b752d5b1602dfc7d6b5135eb313e,36.99
7ba7d0e0202fc622e5b327fdb02434c0,36.99
8ce7af83ed7e52d2db1fdba28bfb11ed,36.99
e64de5d804d3158ba8baf701952683d5,36.99
9e561a472f021d298a702c2d09b408c2,36.99
ac0e954e97b91701a093a47c675c5700,36.98
6082706302e3f662912ff2ff90d3fe91,36.98
27f30fbacb7c9678aac1a25491cbdd20,36.98
a3e3d6701c395ca34f3aee1c8dfda927,36.98
01fb955db98cde5399bd9d21e88caa9b,36.98
f9a64a6822305f6ef6d94f347af822ae,36.98
e216c616176e9d3cbf36a5c5ed88b580,36.98
17f4aec6b201b05577ea4cf3879a6375,36.97
f1206f8f523e838e4f0f6a2122a415e2,36.94
f50f06955b219d8e41a1f07ec392fa26,36.93
14690f3ebb623c4a7ee5c99c9476879a,36.9
6879e4ce134c4bedac15cd492ad81fbc,36.9
6d8b841ea5c42e4fcdd1c45ebd7db0f2,36.9
3ab34b58a6acdf365419d7e0938425ed,36.9
b43e8b6cf1345320c36be9dd251513dc,36.9
378516f0506604e67868c3517983caec,36.9
27485717197b3f06c3c7186afd687382,36.9
74b48a0bdefc8bedbfb04470914c9dce,36.9
bfcc9aef1f24975cce422915f48b0b56,36.9
35cd76ea1bbf59e4fa073e8288b80dc0,36.9
b34983585f48f0c976e7694292618592,36.9
2957526f1a463e562eec69de762ba7d5,36.9
77ef49f7617864ea2913de00c9545ae4,36.9
704afb4598a6560b1d37980f7179c368,36.9
b855beb4e42f78851fdfe5670f7e29ba,36.9
c05f28559c8e384f6a00edf36d6846a1,36.9
ad312389a098ceff46ce92c4595c06d0,36.9
8adeaca9812f3068fb75b9f2ac795539,36.9
e80ac59e04eba2d24b276bce970bddf2,36.9
599a693c1fb07cbc0aae49b4c6f54a24,36.9
94a67251f1d5468f05e0758a00cf070d,36.9
65aef84ecbf0777390bc45c62dd8e8d5,36.9
ff7aac0fdcd478b2586a812fd44f3b67,36.9
e4f1d766f1f9a7c3e4c5b6c0ea3c7ad3,36.9
a9c06e645446b083037e61a649661178,36.9
7b8ca289129bab18d8b098ca02bbc4bc,36.9
8f48e4ceff5e23adddb082418b0b97a4,36.9
f3faad339b52d207bed5cfadeb6ae797,36.9
da338d46857a5eb4eef98d487b841137,36.9
c1d7ea554a894b239ae94a0a459b0bbc,36.9
e93f39d199373faa6311812019f179e5,36.9
68cf5258d0825b8f05134eb031c30190,36.9
fddfe763c73cfaf50c5010bd8df115c6,36.9
e0e9f2360f3bfc062e29e83f96aa50fb,36.9
e061923ece9a5afceff86249e630e341,36.9
095e3c71150ecfd3408fcacac37fd762,36.9
26146c75d3530d94eeceb9498dc1fa68,36.9
27f177e980768599b6824ed895ad0a24,36.9
e2a70beea658f77036cacb984ac0ad12,36.9
916022b684a43cb980350c4557eb0f1e,36.9
fb0e90cefa6143ef5234ba910b193194,36.9
714ec4fb218c4a92ff8b5ae8f89395fc,36.9
b6e67ca372ab6c9e984cb8613df7800c,36.9
9f4578f809480da7c0bc98fab02c1cc3,36.9
12f4edd6eb013fa0324c75df31cf42f5,36.9
1db8643e88610cf793b25eee2f1f112d,36.9
a7bfe37a3126d9f69b7388135be12f1e,36.9
569cf68214806a39acc0f39344aea67f,36.9
a715a15a8072c725b5babb9eed913a02,36.9
627b29f111e1f4c11daf1e83b8202cd5,36.9
be4b8eea88fa0fb518b2d01a9cc62cbe,36.9
20200721e6df99558d4ab4bd85979be3,36.9
6c26787bd0d839f80a4450e527d0586b,36.9
57bcc7ac5cfaa00fe722919fa7a2eb02,36.9
c191a55a19c3f512274d17d3e7dba91d,36.9
4495ad62072452e2be047d8687da5be8,36.9
84762f02a72a9136840250490c642f8c,36.9
d141f682decd1def777da4222e41666c,36.9
1711a649a717aa2a1de1664bb40cc2ba,36.9
17b0e9829728899569d2b8bee6a124d8,36.9
73030ce73a719fa299775db21dc5033d,36.9
f806090d1d5bd75e986ce533ab850086,36.9
ea06f6931052973ef67b7fec1ceae73d,36.9
4dafe3c841d2d6cc8a8b6d25b35704b9,36.9
9394e1af2fb0cde9c2e21ec3ab3684a2,36.9
dfcde7971c143052874fa2bf1623a3ab,36.9
79183c117e87633c8857a8e01127a18e,36.9
bcd2820a37f09b7f79e08aa37a72374d,36.9
e1cb8930e519bdbbc6c7354d7b1cb170,36.9
d92a2fbf56a1e0f231a58f7a1e9ca540,36.9
e00d297616884675d1a234e6fc7eb4d4,36.9
570d9467ffdbc98825c03a008f823d27,36.9
ce2ad589763ca27d2ab0ba2016120e55,36.9
d32393bafaf1d7caa8147c19838c4090,36.9
7a94fe72595378f349c9b20959e18ddd,36.9
3391c4bc11a817e7973e498b0b023158,36.9
c868a030c18275a4b69dec550b92a6d5,36.9
e28e57a3be0434b0b2eb366de657ec43,36.9
a73f82fba93cdf03b47dadcbf69fc312,36.9
fca1ec7a5d4f094bf6403fa09a6af5c1,36.9
2f52bb4abd2c5558c7f7ce94dd9ae787,36.9
871055bd7d5ce8c492d02ad3ed010793,36.9
a91a6bd11dcc87a1fa781ea828cf3bfc,36.9
a1719762c10f68d33412963f65d7efed,36.9
09d1bc53f084c9c2a597d1a7d6329ecb,36.9
437dcc2bd3f47c77e640b63a067d408a,36.9
ba55482a6140a6289a1eb3b1910a009d,36.9
480ef7d1e6b7e717e0b7d26525a4ee69,36.9
480fd1c536654f891eb72b71f4cc6bb0,36.9
fcc709844375ea0a1a14bc3c14b2c1ee,36.9
8d6aa832414bbe235edb680ed82d72dd,36.9
754c940809abbdba13ef02e5e141b729,36.9
b30dd99d568f2a4d77c533d8c41e39d8,36.9
c6e0ea5ae4bf336ea680fa22553e9a46,36.9
533f0f527edd31355c911bec8caef8e2,36.9
deac5870962fbc4af64040f2cbfd57d9,36.9
53996870173a3a001a1fb56ef00b9150,36.9
d270ca43fc5e983b710a3cf58d3fe85d,36.9
78548373639ca35c05156c904da7b3dd,36.9
82cfbe4fb82b2551ad2e05be8c255ca5,36.9
e5f0d1bc1a958e1f5236f194121f8541,36.9
a9ce726bdb822ae3acbc379afaa1423c,36.9
541897c4a14ee949251467976a71fd07,36.9
4516d9bb34161f0c224eed49b1e0aee2,36.9
4d08122317b7bd8a0a3e34e2a23c4585,36.9
b7178dd71a79f281dfba982e42e0f673,36.9
0fddc72936ca7ecca93b3e77a3bece43,36.9
159f1c87084f4debf9fd5997e4f625ce,36.9
8366faccbf86fbd3165242b52317a20e,36.9
169353d6aa4af9262b05d2e73eec18d9,36.9
5e9e1ae42e02df93e9a591e86fd531a3,36.9
caef58b80b4d10cb35a11de8747584cb,36.9
f67f5e54df9b0d1e64d7f8bdb40aba79,36.9
d4fe22646489eb78a9993e0a312ffbee,36.9
38a620c63b1106d3be8daf5235440438,36.9
acf68e15407fbc6e55f3727fe70762bc,36.9
f758a1acd42a62b2a8275356cf0c769b,36.9
56efca4fe3df70756383cee8ed1eb77f,36.9
e57ad40af961e5012b7c863a582d16db,36.9
32ea572ef909ce200bf5097211d79d22,36.9
58a24c9b6b49e31ec7dc340efa93a21f,36.9
398d2b6902f0fee49283542ace401aa0,36.9
67a74b612c2171a3b70798b20ea46223,36.9
a76ebbcc72a8eab9fe880c2e7f5aac08,36.9
9dd46d53f1d993cb9e280aadf7ba62da,36.9
910fefed3cc4a75d25273c6696b4d3c8,36.9
4776b16f87e0569a736e4d85d9bc1876,36.9
6fd8a1472896267974157c103099c475,36.9
3852c9b2aa7cc61aad3e90a9ff12e898,36.9
1c6b4de684d792bfa570d23e1f894667,36.9
37710b7e3cc24bbf318f4c61a5079131,36.9
c3d91bb352bcaec67b7d2fdb1e2cf98a,36.9
88d59b96701be9dcff55c631576534e5,36.9
3ecc9e555e7fea523b8bb0201cd520b8,36.9
d082daa62d6cd59509f13eda1d0b98f6,36.9
cd44fe8fac60b5e17f76002aa97b2be7,36.9
bbd836f8663b4d4df07b0da12a9e5d7a,36.9
f77ce3a36c073908d43d3b61227e7a7b,36.9
f75b67b8b5ef458a20b70f057b6c6aa3,36.9
980af1ce0eacd16f3acd81d8f6e97a61,36.9
a158a8ccc50c09ac24b651ce59561d27,36.89
c01280b92a482132cce4f7cc5866508d,36.89
08d377ec4e70b6c01b875085449b6147,36.87
c4e17eff78176dfe3401f03db0346f85,36.85
79b51496a256b201c6b620c4106e9166,36.85
a59a22655d75791a336909c4bd133fbe,36.85
7df479fc612c759bcdda62339fbf65dd,36.82
5c41ba9c90e008cd79328fd5fca8e502,36.82
0e56c2f71e978cffbb3e9093b9d2617c,36.82
85ebbb19844b7b14f228ad32727d272b,36.8
8c638ad656b786e7a8550ab28c3ad4b2,36.8
b66e464c6bbb6acb17a4bbb1c1c99bc3,36.8
242852cc6560a73920f58dcba47f63a6,36.8
7635534e464209718016b21fd2d2fcc6,36.8
c3764161b7278ea2efdea0137dd37abc,36.8
150143ea3d26900ada875ff4ca7950a4,36.8
79cfb6b5779aa070da07c2e5cafb7bee,36.8
c3c1a12d90f00f364a8564fb45a6985f,36.8
890397d5fb4326b5d6360d28a3e5f204,36.79
6f998e4791812987e4aab0d0a8057ff3,36.79
4012bdbbe41e3774ab764a0fa4f76b4c,36.79
a5721a359e975fa760eed74e21cc4bc1,36.79
9e44d0c223c1aeaeea98b7dfc94e8f0e,36.76
3f27a4fd3d61f939a07a45a389c6d0c7,36.76
799d6b19e5ec98c1b865f2382a1e2503,36.75
62137f4b036702e112ce4e6a82933943,36.75
85218b834968292c0e51bc4359ccff40,36.75
8d0da257cea9fbff4549499d73657f6c,36.75
ac056218ca998b0dfd12bbb30abd0f89,36.75
5697d19b6cda5ccc65d6e1f04270756a,36.75
885f2a948ea775297dcba2d6fb9ce7c8,36.75
ac68fcce5f4ce4464d340e620f7808eb,36.75
c75e4def2f3ec80fc03a535c4f9b37a2,36.75
d45cfb2ed69ddf56d6fadc0c3e8b2767,36.75
8c03c33a08c916abf8b469b5612c42a3,36.75
e25c5deefe6b7e4740265442544e59f5,36.75
346ab1fdab6b10d0142d0ba28e58b7a1,36.75
eae775e65db9c286651ab68cfb76ecec,36.7
7c687033ec5512a438d48deb618d5d86,36.7
235f076913d26e213b917ae40e48f8b8,36.65
968c31ee3af93b0eae7defaac4296e8e,36.65
d475c4d0fc60512dd6c566c7d676d6fe,36.65
360782688ff472f1adbd47a85861751e,36.65
7c0605df06c3a1e1127436b4508559f3,36.64
81c96c54a1a354a87c2d3929509c0294,36.62
4832ff6e69065ec24c80254d54e3f6e0,36.6
dce7853078903a15951e0eaa64fd7359,36.52
372864e90194a3ea999f6cda5d954956,36.5
7257af5a464fdcac46d918d3e0d547ed,36.5
859cd7d4e7d4073c78b6d59c84128992,36.5
987195b161f45601493edb92ba2c831e,36.5
8de07e375602b0f3ad7309d697357147,36.5
0d5647ec14f0c80084521dbb4a1e5002,36.5
78f4e8387f5e3b93ddc0c1a77968b8d9,36.5
d879bf41d591e8db2010ac61bf651ac1,36.5
ef8d390153b43a963def1da4a61047cd,36.5
b4409dbd2d70f0b3b1405b231855283a,36.5
d20ce9616a4f457e01b607334fbbb722,36.5
974eb9367ca53bf145e7cb9b9a58171c,36.5
7288a010258cab7db02ffe687e39847e,36.49
3ae0ee80becb5e9de195f3cdd8487ebb,36.49
ff12e5b35c08c70bb8179754126d8196,36.49
fcae9bab891c06e469b167898af43631,36.49
dbef5eb24f60585a8d9b2b118aee84de,36.49
f1ac767c61a06ae554888bf690ef0b94,36.49
9909b2105c93cda0354677dde50d062b,36.49
f94d7db76f2226b4d4375005e451ee41,36.49
d7ce0601f255aee1822177f53a3631b7,36.49
cdd3c5886b7ceae47c258c5104c69a4c,36.49
922d12e7503bdd661d9b2d2e027cc028,36.49
6274ef97e53b7648554b8b8dce8518c7,36.49
dd38c2b4e7c7546dd95a541d494d5fc3,36.49
6f989332712d3222b6571b1cf5b835ce,36.49
0addc0618187d40767e6c49c395cc565,36.48
3101e9e2d592df1da88ec72302bb87b1,36.48
a39ca7ad9e2c9764304c259ada2fd741,36.4
966d6b478afaf9165164bd8b326b9773,36.4
d18eeac6c6fc1b0175d6b7193e1f0467,36.4
bd4afb694357fe76ab8dbe8bd8fba61d,36.4
9f4a95fe0b7a6b9cc179746f59c4c3f8,36.33
29ef03ca38e7360ede99ef73e193a136,36.3
4592ee35fe658d1f90e10496599d9700,36.29
836760dcb82c039d393284e02bf6d7c3,36.23
3143b2da761120eee4352f329a0fc244,36.23
fe75f3036d6ffb5af9e267792cd87e64,36.23
121355be7d020e10aa2e966766ee182d,36.2
f70caac357fd937a7c229b019eec9110,36.2
93868f1b95f724d239389b3bb1eca24d,36.2
98a703465d366addf75344ff4d63fba1,36.2
5c197035dc0c05ebb42f00013fec810a,36.2
c2fddf1ce02b80586cea9ea04932212a,36.2
87013b240790484b45271bfb0eb96904,36.2
590209466c98479a726e530d9efab37f,36.2
234de6974f9545d863eed89b8dfe0bdf,36.2
f17f97efbc0e3f1bf2a253d12ba03c18,36.2
e5ebeccac97f5d1d0580b471b47a8843,36.19
da8cabd9ce4f78f6007974686cf6d4e1,36.15
193710e578946caa03997487f4cc7129,36.0
a4a0c32813e4d6b4f6dd95dd11dc62f1,36.0
f27d38186712a26c18ddaad3f3165e42,36.0
d96140c44255848ccd51cfa9c25eafea,36.0
9a3b9e11aea6ddc4bef827eb1effaf8f,36.0
aa1a31f8a0300300ec81904ca291c40f,36.0
766ffc8f244a176e559693e0325d8c8f,36.0
090d37a5171ef833ac48302f4170449d,36.0
13527074814c80fd3f739a54ee91672c,36.0
4a6fa365ca4f8199ec1bdb357c935d93,36.0
4f93dc7eaca0dd47d8f458a8d26159f0,36.0
883b1629cc252925fa1737723aa8e0c1,36.0
537929855d22c9c8af8bede75ec4ba90,36.0
f16fab92d9db62cf28fc28ee8dc85c5e,36.0
b8df33fe835f1614dff9140bba7ec8fe,36.0
31665c48494006d98e9613234e672c3f,36.0
9aeead5285b1635b4c0a55a8496e998d,36.0
d0ca176c890a0570ece08eb8f2a4a8e4,36.0
7d8fc5d1f066bc73c68e6c207878c1b4,36.0
bcd36b6e86d6863f5b9abd45471c81bf,36.0
640c8795259e57d4b730211f3da2271a,36.0
8deab30c73bc6ffae0e800d727c11c2d,36.0
de86465947da93f1fee2fdae6801c726,36.0
2199863b9b48d7b10f4be989b7ef030f,36.0
06fd2ea98fab51c01908f98806798c7c,36.0
3f2e4716a82393a3277d0ca84e9392ca,36.0
fc514c7253935e84e08537f14c0e64bc,36.0
e277534038be16ddda0793b9c079fc7e,36.0
cd1ebef5484bc13677e36bc77edc42bc,36.0
f65cf41dc7566470b447e365bf24e831,36.0
907847e3370637548e83352f8fca7d7b,36.0
66fab3d0d2b0b2fd1e362ef8d9084fc3,36.0
08324ca9a349f4d9f8323b1c9e1399f8,36.0
ffc25a124da207c0b90a002ebfaa7184,36.0
75058153de5d4e44095f12ffc094d34f,36.0
7fcf344378d1a24b4c66a77962d99c17,36.0
a4084e7c34e378d0b7e211622e8b8b0c,36.0
908a1fbd0e1813bdb1fb722093e72207,36.0
569ca092bc9e14268fcf7a5448de8647,36.0
cd48c9446c8bd96fde272a1ca71e1c67,36.0
f9c4ef88e2f5e4ec187a3258553b679f,36.0
9630893f817054e899ceb1c9a539817a,36.0
640cb653663933010fbc3afad1e2fca0,36.0
d12201dcce98c82854236c1bba22d6b0,36.0
f5daceec98cca88eaaec8c148a16d726,36.0
13f048312e6fe99823667c83ba371c8d,36.0
cc354f07961872d40c151b570ba09e52,36.0
d56963a7ec9e3ed06d1323bc13fbe715,36.0
8b9a9ceec0addddcbbeb044920dd0faa,36.0
16e38770e962953f296350b1bc7684ff,36.0
769ee4a53b9d19c994cf0940081a43fa,36.0
027b997d6d188683680b85d8395c6a9a,36.0
fc93a33a8d33483b8d7745c94094d37a,36.0
fdc9789bfed35fc346a1df680df88698,36.0
5495271a44749eb32d324db653d74184,36.0
06e81d76102b0d027324e7375400a11c,36.0
6f19e60a4a9f73d51b95752599f1d0cb,36.0
a61230748116a8921a086bb0f289d101,36.0
bb38dcdbc99e5fbf1ca0dc4f8c6b2f4e,36.0
0c9ea4a63a2c946b0a615a207cd3e465,36.0
8aa8286f108a5e6bdb8e64e07e33b5cf,36.0
f75bc4f44ca718dcc8eff4ea5ab8e7ee,35.99
af69ec041cd4827661ece5b8768256a5,35.99
1f6aa820a7b2ecdaaaceaa9e4f353aaf,35.99
8eda6cbc50b3167587a573a6a1242706,35.99
38eec21ce5683a077b66e9167dc49b7f,35.99
b02fe747da41e2ed5f7ff745a81d5a2a,35.99
70866865cfb7a386f82220cc07856c8a,35.99
35de295c9053e824f7df2631a2b60b00,35.99
49cb929dcf7af515d4a1d1ba19387317,35.99
12763b16faa47526b11c99cd24f469b4,35.99
a9b62919f561d58d7c33f82dd7bea88a,35.99
b580902207edc5a3b69c2c11b5a48879,35.99
76df5bc8552a4baa36cc3becbedb6dce,35.99
9fc3f91e6cf5a681040dfcf82a66e016,35.99
f5fde8e5c3fb14b8ae32953ead1d51ce,35.99
47a9d5ffbfeea9fd0290d4c461d7a169,35.99
4466cbc4f45d42034ecf15c003bb013c,35.99
1cf2f472e1fa4f84dc3f3cf379c155b8,35.99
2fead6d196da5adf133e4ddb08f51c8c,35.99
b09552e885513da6a1097eda73c1e433,35.99
fcf11d7894b5c62f72352fe6ddce74c8,35.99
7022ca80e9e04a1471c83127cbb653a1,35.99
1e733c62f6bcd8f7a6308bf03149bf2f,35.99
f4f12b8475349e0391008cf5e621a65f,35.99
72fc409d07e7a53e2bbde25b6520e178,35.99
0ea03f60c89ca5678a23e6b3badcbb43,35.99
60e093ac8d54443ac856eab58b48a492,35.99
22c0028cdec95ad1808c1fd50c6e9960,35.99
42cf7a27c6349fe903d03f309ab51e4b,35.99
76b0e019d627ffe53af292a24a2541c2,35.99
6c87ef9fb2c74c744c17fd3b3c766d80,35.99
3e945bb5346cb9683dafc08ffbcfa629,35.99
57ab9d52c625428b85eaf16829bee117,35.99
08fc5058d39f827b41d726cac116dfbc,35.99
23ef610d8b7fac1024a8e4159496b90c,35.99
1301c6bcbf5a72a743d8919124e605dc,35.99
fdf5d4db9c10832e078f97fc5133074d,35.99
0178cbf093400335e3d8fd88851e6bf1,35.99
7f32b15eb2186290931b86a68f04807f,35.99
b637bb926652e18dcc6fb070691298f7,35.99
5cc6f621bf16774180b397316108fd01,35.99
01678728396c1d107b1da8e70cd63423,35.99
1624a92e97ae6aafabdeeab06b599460,35.99
71b497960cffaf0689ae433028997745,35.99
47ef3da26d1d60abc77a2a3eb050991c,35.99
47c2b21c22de46f42a427db0ea223499,35.99
9a311a6bd1f11fe0aa7cd6b77ba8e8ad,35.99
35b21cec4edd637b7520d3312530724f,35.99
ba668ea30c47e2012890846c77978d03,35.99
8780acd7d494363c35734db1843cd576,35.99
abda07fbc7dacfa31083e66eb96bce7f,35.99
926590482fd36ae22ba8bcc7a4bd720d,35.99
89d73d4cdecff8b331930dead1958c48,35.99
4b8954ec75ed3498135a9aa782a73621,35.99
df405fe9da5c36c37d10ca087ef51ecd,35.99
258119ce387d36075e18e5914cc3b358,35.99
71cae8ce2f6db9655de76e212d34fe56,35.99
05ead51567953ea5f7ec061090d0f424,35.99
70fc5f35ba613b8e7546dc5d89f99941,35.99
8ce2db78e5141c5ffd612b96da4043b9,35.99
316bfff658eecc62bb586e06fc31630b,35.99
d1e13322db3b41f98dd85cba72c94820,35.99
308667a56967ca75ca916f6f143dcd27,35.99
4809d3c78424746461ee02f5d3982ecd,35.99
7a61f79445b6d154c26f9458c77a5cdb,35.99
061a4710733bbe8404725ba211b0d1ac,35.99
8ca10fbdcebc21d0dc222f737f7feb18,35.99
865759cd610a2badf3cdbf9f717a46d4,35.99
1e817806d244b36a9d64f1633d349f1e,35.99
87514386742f25a6bc39e30c562a1bb5,35.99
09f38e2ced1fe32a87b56f43e079f6d4,35.99
00a02bdfd1741b999de5e2ccfdb8cfc8,35.99
dabc9bb54f1babd380fe2b76f0e7e471,35.99
0e896e4e843f99d1fa8220549ce4024f,35.99
d21ba493f57709eaca3b75275925dbb3,35.99
0907b6bd2c685ff7b56d3fb62820e583,35.99
eed8fa5607d71228491abf287184146e,35.99
695b3f029f6e0a7658ea10df85afcb3b,35.99
986e4efa44089b9cafd44fc27ba74244,35.99
511ef0347dfb82cddc47df9a7dbd6c64,35.99
2c68daca346558266eee9bf9539b7f24,35.99
f47638741c86cb8ca12502060ab71ad7,35.98
9468a602ccd6dc84292052d0cb8a5548,35.98
d33bc878cc4d308ff42b105c4cc1b656,35.98
b6e79f5d6ead45980ac95e6ee816a145,35.98
1f6ba909178c5b0e523cabcadb617a4c,35.98
336353043c293fff266ae08b9ace8bd4,35.98
bbc66d515cabeaffde25d164a195b5e2,35.98
e6bc52e3e443d2ac256c764962bf842f,35.98
5ca0847591cdad1a279fd89aa4e58e04,35.98
ee40a771be7faec4ee507578a63b31c4,35.98
d9737c9da32a4148edc8dc9dd484614d,35.98
90dbcbd73383508c89e1140a3c4d65a9,35.98
fe1c4e7260a6939cdfa7bf4c5371ea4d,35.98
f6c2fddb486424d746d4a6ba2d27ccdb,35.98
c1f630f847fefcf231795c191cb27135,35.98
1b00ab4ab200e2215c0913759051f47c,35.98
5f0c1d9189499123a1a9d2b875e7c3ca,35.98
437b8a8795404b63e5ab18216af0a2d4,35.98
b0369ba1585d7b8ad5593c0f95c4316a,35.98
7f3a1ecbec9303f7c9bd18b02ae1ff56,35.97
df05cc416941cb23623ea7c27a1f87c9,35.97
2a099c0df6f9c343ce55e97e6aebf880,35.97
033f6866f9435a8fe0bca6b54666f543,35.97
ee55172c933983bf29aac9668a6b3271,35.97
19bd8e276e722962a4df7a2acb53ced5,35.97
7eb4473e48c663f0db4ab0b6666492c3,35.97
c2a2fca81f9fa31bede9b92c5606bc7b,35.97
0af1c58b035366f36dfa7bdde00b27ca,35.97
bc9c9f7f6fe29481bb9f4e64342fb7eb,35.96
882556e077ee7b4cc3a1f6cc77e65c7d,35.96
9c2e38938ef603120eb967130257f6a2,35.96
92e944661c1d4cbed22d076c56a0c811,35.95
27aaeddca599950cc228761e44d961fe,35.95
794c653990d6308974884f5fe235a9a7,35.94
4602d06036a9af47ad9689fc12e47edb,35.9
e672223579b2241f67b57c34d7aad49d,35.9
1313e73dd50aef9fc403df03401b498c,35.9
fcac4e7c11bf4757ffa2ac9ef34ee479,35.9
d1684ed69f8fd574b7c344de923f379a,35.9
7510cf46e51f644b27b79e938c1c1ae5,35.9
524d837e3425c24c61000a639ffe2f4f,35.9
a493fc955393554ab17c53b402358b6d,35.9
cec09b32ae4d0d0cbaa540645255210c,35.9
477497012d509132e418c5ec5e69d109,35.9
35c919d9901b83235d3f9790ef39e7cb,35.9
eb90d6525336fcaaea44e7f09a34bc1f,35.9
a5c303ce62b6a228d4ff0133f63932c1,35.9
690b3de0e2b6e94ac82eaca053616c23,35.9
a7ed5e3d82385c7fdd671d1f3fa5163e,35.9
507995dcca9f6ea93714661891d5306e,35.9
0b280cd2ad379473688c1be86b9056e7,35.9
4b9f4135b5b4d9420423df73f77ac949,35.9
fb003078b5824a2d03f9ec3cb6938b87,35.9
ea5af70cf269a71eb7df5def9793b76d,35.9
7dc72a75eac457ae01e085846b836cd6,35.9
3c45aa9ef46bb669d0de0a6c54fd08d1,35.9
1a5f9e24a9605dc54ffd4eec8835be86,35.9
8ffded0384e6de8805fdac6e9ffd78cb,35.9
a4ec438b6110111c8f8dce1e01866c66,35.9
b57b37f4b1619ebff12fc81a85ce6b08,35.9
4e8bb8f13005870b22580dc642063eec,35.9
89b0d2b9bc218ca1e860525dae563033,35.9
5e05dbfb2e5b6bada9b84f860d447e70,35.9
e28342a4db3c563f3240768ca71af4c4,35.9
c142a0c1cafdbc0cdd3a2f017aed7b27,35.9
f39e1f8c72771843ae949827cf3d122c,35.9
c7436a01b569085eb8cd8dfddb339b7e,35.9
fb24d6ed4f2167589637ae1cbf69e605,35.9
2a94748098414e6b930b6900a2d27bcf,35.9
c143f54321f786f3976731880aaf24dd,35.9
57f0329a42dc7c06a16fc1abebc1e84c,35.9
e28090b411dfb13f68d46862e014b9c7,35.9
c3aa3310a31edc113ec7118b4d13223d,35.9
1c3b35f72d254156a28a610d975e9c90,35.9
d9b26a5ba9f3034d33903344390460b9,35.9
e9c6e44edf5a10160912f631fa4dda9b,35.9
037b2d739103d197af970f23448d348e,35.9
2b64bce339e8c42e61b87f2b245bd876,35.9
64553969cd28069b6e92d7a16f886e17,35.9
801cf4cbead385894fce01a5edc979ff,35.9
c87a3e3cac9c471b4c16f296cecafcb5,35.9
8b4639324f4de248b5196a893aaad0eb,35.9
c5a1611b87d4e7e079ad60087a0d2fc7,35.9
333e42c06df929c78bb4d60f03fe14b7,35.9
6e4368a227d0f8e25cd7a533d1e781d5,35.9
0728f6d108255cb411a50fb646c3c7dc,35.9
6f3ff361ef37dc93f7b53536854f1590,35.9
f080619b236528f2c183ff41abde2090,35.9
2b5115550c5facb80dd857dd8619a2b2,35.9
9690ae359573ddb7eb6ccb02ba8ec568,35.9
68791a72ebc05929bc0f78dbdf2a5419,35.9
5eaffe6f398a36b8683b14699bc48ae4,35.9
794e36931413a3c109957ee1df3b6567,35.9
8617bd8f66cd7f354e97c8f72af8c0a6,35.9
acad1895356162bac7a8215bd2ac7406,35.9
f087ff9fa0419a11d972faab35e7a235,35.9
46ce474c7e3c57c93e6bdf2d6e6162f2,35.9
d973a476ccc69fe1c291483ea378625f,35.9
46b5eb8a92185bd65df82ba643905a08,35.9
aff60c8baded1f7e3a2f72e91f05547a,35.9
1048e3bbdf891bd8571eb3739c0c9d2a,35.9
f739022be038edc7b5e746c83256c80e,35.9
18569422613fd9edb1daaca53fa72a9c,35.9
c60c6d348e3afcf17c68fa5f72af2cbb,35.9
eb6d920de18987d68248fa1710a0a634,35.9
fd6bd5c85fed4fcf4f7b19c0e562bc13,35.9
42b792d272dd0df00225d952e7f0f3f9,35.9
6a96055b35d60d2c4862552eaaa7dbb9,35.9
7f47a7d349a434260b82b105c1f189a9,35.9
9c2203adbf4d1a125282d868ee0df322,35.9
90645c0b77e04de1a742ad58c5bb10cf,35.9
2b96518cb643c44f4d15da3c37d178df,35.9
6f9006bb7c969010f3b9a8252bf7a8fe,35.9
2e9b700bfc894ec6834f9dfcc551670d,35.9
5c64020e37f618d9a40f45d7fc5a7970,35.9
d876994ba7c95ee3f1041ed42fc4bbba,35.9
3a6586139c630a9648d74d1da4a11cd8,35.9
884b6c27805ad0872cf7293dc876bc41,35.9
173670e79fa6edd507aee6d9d17e1be4,35.9
b7972dea0691475465acaef017a83fce,35.9
b79aa70c571b757366c8526b0552aa30,35.9
3ed3f75a928d331d57188f13690451de,35.9
cde19d7bc4cb68d2dd096c813ca524f2,35.9
c19d64724601030499c6e9035029fff0,35.9
b46cba739f0049bbfd7731932a0aa987,35.9
003bdf7fd8312f9d14a4b979f3747334,35.9
afdde8786fe503ed8704b7b091d9265b,35.9
c1263a9c22f0a4e9d49ebcea620e5a34,35.9
394b3bfe7e36b848711599df7cd35c94,35.9
bd516d2e7c44800e3f593cce2d0fedf6,35.9
330989af7d5c5513d373c383869f69ad,35.9
288f49366045108fef675b061e49e961,35.9
892510fe0e53bb84948939d77834d932,35.9
3381fb0c5b8d17961ef1413f3e3ae155,35.9
9cad9976d375e6e00ac966df6cd5ceef,35.9
c0fd6186a94fc6fe13f085e45a2b5045,35.9
179f0e4fe07ba87fe5291970261c42bb,35.9
e8622c7e2a8a737d4df78990ff347918,35.9
be45ada983cdf8ab6a124d281e9a875c,35.9
8a52b433e49050cd4ec16ab27b93de9b,35.9
4ee6ab82424b50de8c93d73e7c871d9f,35.9
0cd47d0f215e41d6ba8bbb5454aa8525,35.9
f126ddf48e4b977fd5cf9737dde982da,35.9
2ebd763628be3025a1a9804ee59e2f3c,35.9
2ded964aec3168c8f62dea30b72f447d,35.9
62ba6f8841829d032db206fd02c03406,35.9
0861d5de0f6df826e07bcd0e0d6a42d6,35.9
db5ca846833cb1aa9d4ca15f1a0ed6dd,35.9
1b291b52b63c7dd9b7f3c66d81ce813a,35.9
97a93a4bdba637fac900b164e11b7e98,35.9
bd3667372aa3b341575db35481d040b5,35.9
e121c88ab9ef77fb3ee49328781bb5c9,35.9
2f2b54617adfcebcaba988cf6a78ef7a,35.9
53202144475d0cf804633433eb184c46,35.9
bb5c1372dbef9e6fc19079c6a5206ed9,35.9
746b45780778b0a23bd60a088b891959,35.9
46cef9dfe70a564162da095c9dd35c37,35.9
bf4f36435b3455724b722f62bfd07991,35.9
14b526a649ab79cccc7b690557e748c3,35.9
040823cb5374775c7c43e8e33fc5016a,35.9
f37530fccfe475559747e4c591f8d409,35.9
583f92cf005d530fb347398860f184c4,35.9
d2097ad5b2a41f250574fcb77d7515cd,35.9
f06a94a401e52fb019c72f2e8bbf6a2f,35.9
8c5a52cc14b87a0f057812298d656956,35.9
a736e75fc7dd3f81d02e337d2e6d35b7,35.9
11ead7c657fc4f2412db1babe52d1619,35.9
77ed68c1f51e428898c4d4ae3eb5f23d,35.9
a716b6eccbe4faea73f0d19022e377bc,35.9
63e84bc58090bb28d796b6d6c251d0d2,35.9
9962a28bb74e0754415433c3ddc14b2f,35.9
9e9c658318294b4563a62a0b6b30a0bc,35.9
fadc0b6877f82d5a8426ea45e900b21a,35.9
5c8b4250821201b2d2c27879f85e6966,35.9
4d42f9c3b0adeb0be661997ab1595dd5,35.9
24f356c2e7de022f4b835936a717c55c,35.9
5cadfa13d0742ccdc9614eedc1bc401c,35.9
a84df861dda3906c111ac27696b392f5,35.9
e313546dbba6949c750c058d3ee6a7db,35.9
6ee38bb7976710ec7be0743fbcad1449,35.9
4eeac7973c20e53807075b630a295b50,35.9
ea17e2150f0336959c9ea3b20aee4db5,35.9
e3e6b14fba3ff05feff10bc128c63d24,35.9
f65fad9175e08b8c051204ebf7d43705,35.9
e6138dce24962a66623898c89db41ef7,35.9
a42c684adc9da001d3bb2765dc2fa9ee,35.9
7794a175e2771699e4dd7b1e141451e0,35.9
2703563a8140490729499f547f6d9756,35.9
3a0a5fd64eaf4a5c0e60300434ec496e,35.9
da40474632f5b5c599e949b0800e7d64,35.9
bee149e10d51ea292fb297cbd35414a7,35.9
f0d34aa376fb5a83688a6fe7bf66b252,35.9
a559b10d4f093640a0ed4693ce16ed02,35.9
3875a06057658fadbb8715a4f25eeaba,35.9
8d2feb200cbe341f3e381de33cfe02a8,35.9
1d2c128be5032238def9ffba1fc3076a,35.9
43cf08176e52c596d62aacc25141a08d,35.9
734a65f3cae9b9996cb75bd89701f283,35.9
962be2aadd1d19b72b4c27cfe5e4ea37,35.9
c43140cab099145072c92fafa17d0d48,35.9
6051b9e42147ce0a981bf25192044f85,35.9
fd21e05c87eb8feb0e94bb41b85efcf4,35.9
1192e459b7704058b8f86356c4a332a2,35.9
43de4c514a47351d1496f50f85c44f29,35.9
4c8c91d83ede1b23f28cb383db245908,35.9
fa71143c40df6a419c2656d2a05dd6b5,35.9
d60f34d94e5b6efff0551f21abbd191e,35.9
47904533b073544ff4554e7bf27003ea,35.9
db374e4b74d15c33cc6685590db89d40,35.9
f92554a31d570d970a1f0ac48628ca91,35.9
8d9e0f2f8da28d693bda0da41529bbc8,35.9
613735eeed7838276933826aa1fd5013,35.9
7ddbef6570ce49a2e88b2f9ccf3447e3,35.9
a190f4bbd7900a0fc820f0be7cbbded1,35.9
d7a4704b258bf185b274e2d5fa8ec98f,35.9
154b90cfe3310a622775d66e469fb1f2,35.9
b8694b002470eab0f605638f4427d499,35.9
6f90c8656c371ac9988510b58a6d1e62,35.9
f2a48c51664d5ca2d7401f95994bb8a9,35.9
6d94d4ff9668ca2d38340ff936d09370,35.9
c5667137b8de63b31942003b0979ae66,35.9
fc4c40b6cf427547806e1f7b248c1e5b,35.9
7d8d274c36de5111d141260b020d51a9,35.9
9993ed85cbf57e345720e3cdcc8c47c0,35.9
97258b1b770e304d93ac981548ddfaa2,35.9
23534938f44ad51d0de4bf6a56ca1adf,35.9
d244114bc82b1db0b226afa94c736914,35.9
c83c1715a135347d7342686585a2b080,35.9
165928f38e41598f6ffd3af0c864ca27,35.9
0913cdce793684e52bbfac69d87e91fd,35.9
92e25cef75d182302b536394352dc0f9,35.9
74668b233d4a12c699c8b338824d9468,35.9
cc92d7ce78bd5ddbaf12fac761c1a6ed,35.9
b43f301cf6abc246a986f8281d589e93,35.9
41fbcc1bcfd329a4b7db089c78cc65c2,35.9
9050ff09700689cfe2d4ecab1008fd0b,35.9
72af77f387a7afc780a97bd40fbfcb3b,35.9
1bf87f7da7bffcc76319558c3f1a2105,35.9
b328279d965c11a7e9d8505474b9d845,35.9
bf8afe52e827df13a70b6f532d1c9ca4,35.9
7f2d6684ea8983e7091e92f795e17af6,35.9
64065d6a8dff88e59b688faf3c35997b,35.9
2c6d8106aedb66ddebb0220e5a260fc2,35.9
53502e3a5e34fccc01cdf19dcbf3c679,35.9
cbfb5805ecbe0d5d499d6f644be842e0,35.9
746e58d3571eec10e15051f3bfddc921,35.9
4b0f5f7c3efeb7a2436e3b8b693f66c3,35.9
24776ca74573c5225d00a09c387c7944,35.9
cc4e2f483459498c9ce82a70ff415752,35.9
cdf485efa0ae923156f8413d5ee8b208,35.9
bbd2ce85dee0163916f807f9404282e6,35.9
8da022467585bcfdf70f08d25c07fb03,35.9
9024933cb91293126310d7c0e3604edf,35.9
13bbb5ef6f8db9469c6bbc69d9542872,35.9
ead09e2f88cb2d917b5bdd199db50911,35.9
ee3019b29ea8476311889e95ea6e4224,35.9
64b45f4e2004164987b97bb493b1ba37,35.9
092e7549898890c03675da13f2561938,35.9
9bc6a3dd00160559656abcd2ed02ffa7,35.9
f80399585626ce586b63e4afaf6ade7d,35.9
8fad1c45f7d9d8210fa58f3b754c0932,35.9
c5f4ce605da5d44c9875033dec0fa326,35.9
6c47a76c5eae78ce63f61a9a77cd7e3c,35.9
f12f967fcc3f9cef9f563d311e36201a,35.9
9ca34f9d35777f9b0202e7128f694c95,35.9
37cc9761b240cba114644f5f01630f55,35.9
12b71606e2ad874a8b0d87a44dc13d03,35.9
2fe1e45308747a49753fc6a495d6cda7,35.9
3ed0c123ddb36edc23e61294855ca7a3,35.9
1730e1c6c871728cb55c1648810fa30b,35.9
b0eb10aee41edc0142f0c77a0fd9ba1f,35.9
cd76f44f6f6ca207f1a4ce700453374a,35.9
26ea059d8584663283fee72473c5ec6e,35.9
e17387227a12c3cac59fc44523d162e5,35.9
bfbee3d5bc10390a15e18fec4e433356,35.9
6a243b7980f667529db0ebc6abb6ff01,35.9
c4d9ef5fc824c8a47e0c0aeb6a5566f3,35.9
2b044b601d13ee0c7e889361d9b3a54e,35.9
07947e34de0a95c929a71019f4d48bb5,35.9
e4b08bf78efcc6cdf41eb30e4327c460,35.9
e0238838a5325f1c2c2646a66109ff89,35.9
9176004cfff177c805ac4a76bef471f4,35.9
c329b3a16b13d583e13daa8a840f7193,35.9
29945e69674077096f8273a6b18f16ae,35.9
b772c38f30ff051c5ffc4c6bc9f07322,35.9
5a98a55596a72ae6c2fad6894fe3426b,35.9
722dd6e14d2f43121531d24edae4e1e7,35.9
7c6650dbe201ce4be3cb25392966dc3b,35.9
1cbec9e3f90761ff856fe2487f253cc4,35.9
9101d3eeae4d7f78fed3fb9a05e55ecd,35.9
3ad2d436356d6e6bc9d4de67210d8715,35.9
8424a6d15ed35d8eb8b07d180def3653,35.9
f1a09785ee90d1ace51ce03bbea6f6ed,35.9
7e7ecd9570ad62705609c57647bcd47c,35.9
184a0d53e3db6779ed520064e09d1df4,35.9
5c3662c3c0d32edf5dd9e7b13abcd4ef,35.9
d78f0bb6190a233536ac5258b79d6d80,35.9
2b5c023861a099fcbeb256f84a73719f,35.9
eeb8e17b6642ced7c58b2f53641df88c,35.9
771177e66a083545a681bd14f8ec0200,35.89
570f691879071b176cf72fd133287711,35.89
bab8b35803eee5a7556ec665f47b4cd7,35.89
ea58700bf1ac6fda590a7f01242c2bfc,35.8
8ec0e7e091aa0efc08f80527888f7377,35.8
3cbf30135055d5e3921df3de14353b1c,35.8
3609ff0cc79e7a07b4cc0616fa16aad0,35.8
b062e21ddddbe16aeb797c181e1781e1,35.8
2ed546dcbee34d75e1afd88de0a41568,35.8
ed5ec5a2659505eb7eb931b0ca57a870,35.8
841583c9439180dd784a95ad9498e34a,35.8
60086ef5b2c66eb38643821e50aa4be8,35.8
15ba5913a2d5f80e06202cf53444d565,35.8
2281999bb816e2e8dddc16a555597df7,35.8
88d4c18326bbe6b94df6b56706ee61e8,35.8
2f22a55961d29c5d37270ca50dc5ccc6,35.8
8d09dc54480f245a3f60ac491bbc2cdb,35.8
58db7d715512621026cea08f56d283b3,35.8
63517b90494b139470fa05260a7e04ec,35.8
7ef2f20ace2fc981f95637413c5782f4,35.8
d15c4eb0809f83e4b72065c920c69e1c,35.79
46eef7e3903336fb61954299b91b371a,35.79
8e1ee3cdc499889ab12cb38d1a8d9e42,35.76
376d76b265bc3a8ae7696cfb112d3d8e,35.76
29faa8c473b12f62ab8f783c18fca3a9,35.73
944ef9f636fb17c976efe30712d21402,35.7
4338d8a3d20f33e32e3fb9432bb3b58e,35.7
6bef8002464a89b85c089ff2a64bc5ae,35.7
7e769bb9acb55403ebd7ea57a7a4421c,35.7
35d15ec55b747200f78c492b3d9ddd72,35.7
d3bc770fef90670af6d720d8b62fc704,35.7
b1cab246c245455519a3cd45d8d5b3da,35.7
54e27473e15984a728b6856d46d3723e,35.7
03cc560a190bd173cdb410ea38c6620b,35.64
24a7581fefcc475d6ba8b11a7345850c,35.64
638b26aac56556d62b8090bbab4f40ac,35.64
4d8c75952e09254a602a3a059d0ac367,35.61
308ef8f1c0e1ae447b7adde9ef5a4498,35.6
54a968b587ddf6ad0889906812077d87,35.6
960bf4057534a50e64517fd24a1344a4,35.6
8c4dbeee7cb11dc1f6ab09d05aec9e58,35.6
29d896af6952f87f4e4416e976985555,35.6
1313ac78892aefb0a54731597ca260a2,35.6
2a1051b096dd40c017d64c995cf8afee,35.6
5b41c0b5df09a95d8f74f5d6373571c0,35.6
d60fdd154fab99332be4a4b422d8a18e,35.5
748d0a448acf0d2296b277ab8f8d451d,35.5
7dbd2b1c0d210755360a6c81be88abb5,35.5
bb122a2b84d2a7541c303a69605b1407,35.5
20c6e80eac41498aa2df150ffd6b4acb,35.5
8ef6bba5213cf13e716b0e72657c7118,35.5
7f10859af8483458fbe59d40da3d04f5,35.5
f6fae9d4a652ea92e78dbc6956e0c0b8,35.5
e98edcb3cd6a6922acee3d6dbe002525,35.49
f90a7fee0ba9a9b8c9ccefa13c5abe4f,35.49
57386e783f5bd1e694932e6d3f5fe28f,35.49
1c28481d143e1a14d3943639f5b5340a,35.49
f8bd07c127a4ae4a6674d9af09b1934e,35.49
701c48b5cd4985397bddb8440b6d9696,35.49
1bdc548fd755c5d81e0e9ddcff5483c8,35.4
91cb042681811c00a96789bbee61ecc2,35.4
84295646168988e026d7f61d885de691,35.4
e718b9b7ba3000044cac320e06d5bffb,35.4
ebfb52120d564ecc1fd3fb67e810af7a,35.4
a63fcd0e94a363c54647f26b254c6ee1,35.4
cb13c9337236d46c075f9096672dc2da,35.39
ab404258ad36d371346b5fd3942490cb,35.39
353952e62cadb2ca49e3e4951fa06697,35.39
31f31efcb333fcbad2b1371c8cf0fa84,35.39
aac65970c34b7e2d82149deb7c06d5a9,35.35
30a92a7d3358014c9dfda6b5ec841b44,35.33
cff98faaf25e1b86a439bf5556e6cae9,35.33
a34c9e9b8b2b69de4c2df91f5f1a273c,35.3
5479ace26887c43351cb502cab95b515,35.2
c4a921c1e57e93879af0e203826ea5fe,35.2
ee2f5465569df604e9c75c8d7b744331,35.2
9f1639a16ffd645e5dfe76a2794c037e,35.2
deeceb9e9fb321beee0073798d75bd91,35.19
e0b51ab4363c175e59f94dd700050a67,35.19
752f76ff8ec253dd68c8071b8dd06073,35.18
997527d59e2e579ee89a14fc707c1f9f,35.15
85ee5acfe5205d648daea1ffc5f7fac1,35.12
8f7d18118d3b6e8a43e0dee9cd0deff0,35.12
9f723d2f804064dd1c12c95b250fea2f,35.1
ee17af9f093b00b43cb3ba1d2938a1f0,35.09
fd93589182d64ac656e98cacba848fcd,35.06
9f35486803ac72d115dedc28ef6156e1,35.06
2943c96dbf527b612175ebfd1b3266fe,35.0
7199ef9eca42e852543ae6314ab7ff9c,35.0
24a2ea05adf7b544924385aa75059535,35.0
07f530400b2eb436da476957706cd9be,35.0
cea51c6d1ace915c653856b93b4812cf,35.0
6c6ecb0678cda04c3ff926b0d091cc1a,35.0
425793dac84f3a20dede5cd61cb46d4f,35.0
054768a77848b10d24141691cddd0ed1,35.0
6ff2f20973c8de5038779940a6ec5cf3,35.0
eca5e1383292be5fc6c5b1aa3e1215b5,35.0
f9dfa0a2934ffbb22e66924952548be8,35.0
70972230081174ffa0f073a7fa56d95e,35.0
21294aadb43a37affd883654606c610c,35.0
4ed03ec6b6bb0f578528c56059228081,35.0
3496529d577177be0fa71ee60b497e0f,35.0
c8d008cabef5ece4d46688391a2f639e,35.0
326976c87b24b73a0a4d9f7e19f3abdc,35.0
692dd6534618720df0e4d0e06ef0a72f,35.0
8b955f3eb1641b0b7b3d2a454da001b9,35.0
9fc4f47ca4f9a1f988bfc3bc6037dbe7,35.0
3cbaff1f3ace2b01fcd056100953ff6f,35.0
213573df8c484028f3492fa3548074da,35.0
cb85674de3108f718d4b6b608ee2f0da,35.0
4c7ef01bf8ed05e43a5e9e44bb08358e,35.0
4f0e61854cebd81bf24298cea5d99a7d,35.0
30e9e911324b756560b265fb5281cdf9,35.0
ad771b1f54c74bbd8e8e3ee76151e004,35.0
8dce9af262760e0762db9a1d63c28d19,35.0
5e770b11141590d895e35d909ff36c0c,35.0
94b216231ec09ee34764a8d456126328,35.0
01f7f5d4ffa43c8b8d2ae6c7628b0aba,35.0
ee82dcf547849bd6650e4c6bb6721abb,35.0
fac45bc076b68600b3fb2a5b9ec76d90,35.0
b272f7bc16e183c748dccf90c09cd25b,35.0
367605b57e5253221b9d9fd586e4bf89,35.0
d55e59cb88c71f59123ab5ae3656f185,35.0
38623e7d6365bafc3b3bacd7d64ffda1,35.0
d7cba2f0fbc165d2ec78666bec4d9075,35.0
126d965f905af0ac785cb558e7761687,35.0
0086b541a59fa554e7953e2d3c285285,35.0
9361e922e3dfb157d65ed5bd5f4d2774,35.0
5547f4c45fa394bf146f873bdbefb07b,35.0
811b12780dc60c0a4554d92353878a99,35.0
e76982cbaf25f467d0a21c39655a54cc,35.0
f7b95256f6f7513e05931fd394deb33c,35.0
45cce495588388d074ab985f2f9b9bb4,35.0
be55be4c49ea283f0f51ba4b332568bb,35.0
8c174f294d5d854841d958eda33f9235,35.0
aaefbb85ab9583c7912ddb3d9b5e6238,35.0
9472d282b4d8b3cf62bbc7933b2215ba,35.0
d45d9822b7a7caa83d425d780535f084,35.0
c39c0acb50acd91213bd5ec365926c83,35.0
84d88cf22fee7766f07c6c033a35d4e1,35.0
d8a0870d1282d378d5fb996108b7e746,35.0
7431cfa17b7b3832e824179c0d41858f,35.0
faa3126cfc735934e9e43665018a21b1,35.0
3328102dd0972c652faed4a0958ff7c8,35.0
52676d15b30a358c8524321ff09ce7de,35.0
63f8ee2920f8fc95277d251b1f0783a1,35.0
1f3aa8a785ee6932db82e0dc29fa3ade,35.0
b885371ff1e5310cbc46d0f3d1fbbc60,35.0
c1a69ca2899b3cc961dabdbcaeaecdab,35.0
7816c1b7ee0b6cb89b2416bd2a7123e5,35.0
ecd3a588ea3e489c2c043e23df933106,35.0
75af5d2401d824fca5859ae2098a378f,35.0
4b1d9c46c5fa2de5c66bade77ba60720,35.0
5d96f7ec0aa0498407850bd38017cf44,35.0
7c66c8c07b65426ab12916350bf3c4f5,35.0
2fd83e62488be87241b90a6e474eec0e,35.0
ab23dc90e86086221732547085a7f9e3,35.0
e36917a47d5bf39bd3f38bcafb3d438f,35.0
381f2b1b15daad40b72c4ab36c454bbf,35.0
575ad488a2bd96a02ed94e13da1baa2c,35.0
d5547f3719a2add89398337d6bef3f43,35.0
ba74d47434e0ebf1840b5c9341451fba,35.0
0bb2f904940f8c35cde9dedb64488291,35.0
0c958e86e19ad0bba6f1507ac50e764d,35.0
429337ca49b266234552f95edfed0f37,35.0
a78bda882d72b45dc7055c06df79189e,35.0
5522756dc22c40edde151bdcb02e64be,35.0
4dfc75675487dc043a8db9ed96bf7422,35.0
bfe86e6e37b9485c767b72380d165412,35.0
d8ee7aba8a882551b2786b1fe588962f,35.0
ddcd29ba4b3448376551d1c303c24fb4,35.0
c99b0302e515be98bb31ac972f1d9379,35.0
368e258dda184b5d0df5778ae933c0a1,35.0
68b23619fcff7f2ce50230a2af1b925a,35.0
f12766b8ed1d86d0ed6825ef27d3d1ec,35.0
5164d5161dc1cb3e6ef5161f0e5c53bc,35.0
a21318b1cf4bb2e728275bb44c2829b5,35.0
69e078eb365cd95a7b55f14caa60b2d8,35.0
98b139cb66bbb2eb92119b5ce3d42fa0,35.0
9d91ef1cecec1aa30917f8b25307e4e9,35.0
ecc7dce2de2de9826d6227d33f1b5942,35.0
9f8afaa4902b9196098e0c341bbe683a,35.0
53fbb5977b5be09d58bdbf09c0f73f16,35.0
f11278c6a8edfe30db8bb9506ecbdff2,35.0
3c901db1df72e65cb8da76c934122a1b,35.0
5219a7ed5fd10e00c2c07e91167af356,35.0
922397e11abc5f3d52e248f57df8804e,35.0
f0bafcc4e19c8efd9aef04d2d4bc1527,35.0
325b358f012b5d274e0a3ef34a351f55,35.0
c15d8b6d158a492f458d26e2f79dde04,35.0
16b404ac73327b39cbcd740149792ad1,35.0
1e65961d04cfd45afd328fcca0e9b53d,35.0
9d1125c3aea5c247d9fe6bb35176bdd2,35.0
d655196f3d736403532d4b8f4da5b1a6,35.0
40512822fff2718801d8ecdd063dfa9b,35.0
b284e1052e6386e2fae8af6ab3f0215a,35.0
1ffc32ce1838eaa0b0d8df34cb96b2f4,35.0
d4c9932172da0c22fe95917c9fefe935,35.0
569cbbfadfdffd4544f71eb41e19d28d,35.0
55fbffedf0cf0c4d22b8385523cc40f7,35.0
968b6f4eb553288057c4433f19d0c7cd,35.0
0105f165f3be4b229fcca1cba2349186,35.0
c08b32d4ecbeaff9452d855b6e865c33,35.0
1e2484fadfefda5f6e9cdbc78b909fc2,35.0
ab68211f0ce4caceb4fa3a72f222deeb,35.0
8c15a5bbdaa7b0f1a182129ff4602e6f,35.0
a2f7313b28ba694103e5ae94043a2846,35.0
ee5623f1e838be7d736d0592a4e870f3,35.0
dde676391ba6490adc3c1c3b5454afa4,35.0
bfa14233442fe7379952ddfae5b270c8,35.0
c4d145f0b58cc33b0c5a5a21e2ee6c4e,35.0
13e36720b99a82c65a4701e93acdd6a4,35.0
10a0d23b8974fb07465487377785ef2b,35.0
b9359a2c2419370ec7136672ca021e0d,35.0
0f8ddd1dabae868a29579688d8f9ec6d,35.0
204c5273cd3900765b544887ce970002,35.0
2d5046b19aab3e813d3ac54f8bcf0481,35.0
5a7d61368fc23bac656d669aa49702ab,35.0
694f70b104ab37e6f005677bde79efda,35.0
536776a02f0112fade5744985be0866f,35.0
6a3bfd19e5e2a0695d4fbe8bd00e15e0,35.0
544c58d4cdf2d598c7146aecaca5f86c,35.0
b6374654189195ea4cbb2ff50cdb8f7a,35.0
6febef93ca358ae29d1679d206f259fd,35.0
ca4de62bd0d11bc55ae4330d530aefe1,35.0
f1d729e5257467c5c072ae81040197a4,35.0
de907113d684cfb11cb4aad163ad6b36,35.0
9589ed0f9953ec9c48be54a2249c44c9,35.0
16c43b2b6b665c7268566fc9def6c68b,35.0
b2b799d3bc4d74ecc801e25d46644327,35.0
656c63b20f75ccd37b33455ec589dc4f,35.0
20b7cb7693554c07cc5cb8388f68d74c,35.0
93f058f0d49ca625c78bca2afbe864cd,35.0
0394ecf7525d430f3caa7c6c625661f1,35.0
59ee24b5b511f511967f7ba312f72555,35.0
96abf0d6ed5581dcb89480606bd1b729,35.0
f92cd4dab2ff641c55fe00ae3f3ddbd5,35.0
5da52b5f8c79e04414d75ef174b7324f,35.0
0c1b8fe94f005491d94941f2e54965ed,35.0
70f455685561519d6a7770423cbb01ee,35.0
bcec3938d91ba9a3bf2c4261a44cb9f3,35.0
67ba65da5a0b42080de0e05b65a30710,35.0
1ea72f58ad176621daf1e0753b15f5bd,35.0
8fbd8aa3e737d7f37eae3f754ef023f4,35.0
54bb3252daedb55292a31a3f4c18ba96,35.0
fffa0238b217e18a8adeeda0669923a3,35.0
01726eb77399165550482a7037fb6a1d,35.0
eda568e61068a95e0c5d8f13b52e190d,35.0
8ba94df575a711d67b290b53bca38eed,35.0
90caf8b673ecd91ba4242435c5ff5506,35.0
bb28649d3f59034b560a60811de5b020,35.0
dc065837be6a4d1d0a51e58fdbd2ffce,35.0
38a49ec1f03ef9b4db7e8ef5fbb660ea,35.0
4045f4ccb984b75c66c1d0a2d1988c89,35.0
cb2906897f54322ccb67f79029cb09d1,35.0
0447df4fd1c1f9c602bf25ae24c494f0,35.0
126b1f7b1f9d161ab549ee52a2881142,35.0
9db4cbac1c8f78c5fc7c0b4e9f90f60b,35.0
13709df0dd790e4caf6f2c62468861a2,35.0
c26a312d7b5619ee24db36e2d25e473c,35.0
c9bc32bea2a4804ee41bf26dbe02ae87,35.0
4f2997ab0d3af91e76b6f878f6b0974e,35.0
576b665e3c134ca0f376fd32ad15baf0,35.0
aca9f3d4889f7141d94840387c9e3d5a,35.0
677dbf5ff3bed8560f9156c76f8d0a88,35.0
31fbacf0ea2089c524643a24907ff72f,35.0
922f7b509a03d443ecae48f35ec48731,35.0
681a0a16e33799607c5f5be2c0b7195a,35.0
669118062f07282b1b42746b0eabbced,35.0
c22c18c6abf2718fb68eadc2d0c22a94,35.0
d4aa5e0e3077341b5cb473ccba437951,35.0
9403fdd403601447af5dabb2cf3bbbbe,35.0
ba61eebc34c1a7898500cdd665aa6763,35.0
63c87c47825c57a0d05099f814831e9e,35.0
515b99866a781605ec911ae448945a7c,35.0
d6c955e64a9ac30ab8b94db5911455f2,35.0
bc46822a62f07f6f519876caf542661f,35.0
0470c47f1dd7a91d0f3b8a420589e0f7,35.0
b7a6a904496d5bb486056bda2f963bc7,35.0
19dc731014eb8a2c51459dd57a5b6e34,35.0
a830a248775c8bc5cd65a367ebdc08f4,35.0
03547afd789d986fa9de32e9b0b8f344,35.0
521a0e0ff206a7638ea7b8ed776b1acc,35.0
a484c1d24719b320e17bd74f602a32e4,35.0
ff7a52cb304f46020dcd25d21c073e3a,35.0
a27e1c59cdf59a79863529c28cab2e28,35.0
3efd312ced2ac9a548d6d8adf041f7da,35.0
dad5aa006cfbc8c00949133ae9b21c9c,35.0
bd66d303f3c88fec12d78e527e6935b6,35.0
f127cfb44a80615cabe7a815ba206286,35.0
0223b85b1e7ae199e2336d4f8da036b1,35.0
1bd7c96e803c5114e0c1b2da62198fd5,35.0
68398406288b2cee6f99d6b398fbb229,35.0
b6e1a45abb82ce0e62d8a98787f46c59,35.0
3d799540a13a83c8ef8f0a7f375c5d1b,35.0
a1bd96237eeff7e2197e6f322f0aa6a9,35.0
5cf62d2467f616db098ec254256a4e81,35.0
eb537a4c480b550d6402a24eadc38ea5,35.0
ebbb7c7259a2e1d10119c909b11105d5,35.0
e33e568062286f43312d811a7ccf21eb,35.0
44e5f9a2ba4c1849c4c70c5c8eedd011,35.0
adc067863a867fe26b2313ab479df918,35.0
e4a166d37bd00d30e67e46147b739bd4,35.0
27990dc9002081bca25007bdbab2a998,35.0
2de345a4358584e6d06a3f11db7f2c84,35.0
c3af7c0e51b2768d53a7654b57fc0492,35.0
69cf7af55d6f0093b189288e895a577a,35.0
649ad21522182e99c6923493d5d181ca,35.0
4c73c9714637b75675607a0714c0c139,35.0
67298a5ff907d51a64be0bfafc0ad744,35.0
b90967a09edc5a1bbb7eff576bb6955b,35.0
73619b350b42a898dc24b298aea7d1e6,35.0
2c9430b7dbbcfb7bf899c13216a6d3ac,35.0
b7c6a7b4843f3e00ff86559c717db968,35.0
302bd5105bfe26a95e7942e9e85d5b2b,35.0
350010e736cdc59d9b04c4835b38ee79,35.0
dab3c10f7080f01ef10fa5f0edfa15ab,35.0
b38fc5ae2f4598b70bc24505a0d818a0,35.0
f04ae41c75d423a833694f86375f16c9,35.0
2bb87da72f42e1d9ece846a158974854,35.0
3b53f0ddd72334664e800a2c0827563a,35.0
d9d643b00c98c1b7ae45d925285eccba,35.0
0efc1f5e8675901683fae0ea8fdf3feb,35.0
36913fd0a906fcb755745fc9641329bc,35.0
89b009b9871c7df3d23c56b673ddef57,35.0
3cffe66f70295fc7d99164d6558d275a,35.0
65dfd5b8d68e2066526adf81046811c7,35.0
75c729bf6969221f84e47ef024ca25c8,35.0
7aef7971cc6a797730406e9415041abd,35.0
0f29ccaad86ee7442d59a69cf4166c6b,35.0
500a535ea852cd584dea5ddce2e9a779,35.0
35cde6d465303cfec038ae1ee3974089,35.0
c9451d1226cf81d85fdddb4e608d00c5,35.0
992ff4367edf788b631d051cfd336b61,35.0
8ebbeb09e94d1e789142983f73faa9cd,35.0
2cd8afb375aa3179d4967024dbf0c460,35.0
e2157b635c16457dc9918ab3de181461,35.0
4daaa55d5d0c4a008456666b94e9506a,35.0
f97aa3d662919e6238fb759c9e657bca,35.0
37346b142cf550a61beade652896f249,35.0
d6511c6586b0e35810dcdd7508e677d5,35.0
3c6f2c53258e60f1475d52d320a3891c,35.0
c701fbfa77791abd05eef9eacf7ea7a8,35.0
bb5fdae340b410274a7aa28d2796bb3d,35.0
6f831ab314ae38169aef4169d06d2429,35.0
025a13782125f9ee98dd321dc97e23ee,35.0
84179f402ef4bd0262fdf54f51bc2dcf,35.0
67f89d8b4ac09476bb20a89c98a9f928,35.0
59802adb7b72bb9d51f8644033e968b1,35.0
46bd7b2d76f0bf028e26d0f80d57ba7f,35.0
0e35e77f6f56b24cdf97fb6ff9005ac4,35.0
f84f2bfff318701e67be6ec061d0f59d,35.0
dbe32b3853560060d8d62657f15d77ec,35.0
c2099d99f339e5c4ad3fb73758fd47c5,35.0
362e8547ed41f5bc4e7eccffb84c698d,35.0
b10b53dacf64f37db15bdc334d3adf3a,35.0
8fa9bc6a96c911b47c831c172dcdc116,35.0
b87e13936750898a0ae99e6436f4e07c,35.0
ef9b3510ba80873dd2e3fd3984ad1665,35.0
62c3d7422ddfe3eaf127b0ff104a6b2d,35.0
10e01081ecd4b1e6ba6aff5b9d81b715,35.0
f0d9c201d2ab5c9467693e46b2c3d40c,35.0
519d4e9648eb8099708003c04939862c,35.0
3998a0d02d68754d86e5b95e2ba4add9,35.0
2d40ec967a9f9fcdad984e510b781fa6,35.0
820f5eb4c2ed16c96bccf47e7b21f44d,35.0
e97949e83365e70af80bd8705cd24e42,35.0
25d01c9e3543c4b4a915f9373fae44c2,35.0
1b6437c30473929367a4bff8dd3ab77a,35.0
79a4b9f824dbec2f1a4a832b48b9ba24,35.0
b8cf26d2f27185937b72500471712c97,35.0
68d98b466661806f1900c29cdc62d2c4,35.0
954f324eaeddc5bd2e282cf20f319038,35.0
7cddd3d8df26c4596b3d23a98d32642b,35.0
b04bfe72a69c8f083149c400839c83dc,35.0
18ba4e53d6602576bd29b279e46b8fa6,35.0
6a432a8586bbd8cf62f617ff14fd64e5,35.0
ae1f3ec36fc38bf9223db1c986bd74a7,35.0
15d98045d8ed309eda8c6dd3f63d807c,35.0
1bd05d9a0031e8461d15550893d9b85a,35.0
8b22563285b84bee2e3cac94e1fd7dc3,35.0
df4d74be9d8b7c457835b674c08a1360,35.0
28ba18b7c28a70239b1c2f9cb61b7d23,35.0
7ef663a8207160332584b183b6cdd739,35.0
1f50abd4b365778f654d8ef95952c1b7,35.0
b12c5e5e31a5b8f0035560c564330dce,35.0
4819e20338590ee062fedff6ebde9167,35.0
9b11bf69b2e1769ebec95be7c30c87a3,35.0
ac333d5a0b86f078e3e9e1bc82c7a292,35.0
e91e9b76ee084a809a02f688b81da39b,35.0
53c0df596dfb41fcfbc47bd3a7a3ad92,35.0
cfd2d7916f9af079a05272057ee74925,35.0
ed3c7592e1ac84fb9ab17c6567560499,35.0
a8372809f71a1f5a3f3f77964964a8cc,35.0
e5d86418d3139d415a66e98990d88a28,35.0
21f689b5d4b8d4244d8db96e37690a6d,35.0
7dbec27f30126b986adc8caa927f7e76,35.0
c2325ee9d69aac97898e27f66ecabcd8,35.0
88c36fbd3df96094f90f0315e1d2dd90,35.0
68e2315bb68097a47af6f93db20473bc,35.0
d53b03fbfa45a0e2be9b4032538bc93c,35.0
8048f231121e6b83e7042a1d02021b13,35.0
bdf985589fdce685974723db95746127,35.0
313630b1da5229a7e61a64f16344b12f,35.0
bcc9d1e59370fbf19e8e34b58cca7b9d,35.0
9f92375d50ab60bcbfcf969aa156d455,35.0
c26682fa19520b10d982ce0a36517926,35.0
0678d657154ec23a58e4164c46cd3640,35.0
29f35769d9d89a8ee467e2fb502ecd3f,35.0
a08c3f511f37158bd7e1964e6efafa2a,35.0
973769db015fccb0984873fe8ae93ab3,35.0
5a1739996fb7a15067fa38c3a0a1097e,35.0
6391769f901ff8f65f74db78000e7f77,35.0
c8728a6ecadbec957fde55e78ca8d03d,35.0
b24522673df202c02062231154a3675f,35.0
64f9dc7d9820632fd633116252d79a89,35.0
17effd274d2fba6bd4b91ac477f63991,35.0
641408196c4d2b94fb690b7ca0dddba1,35.0
1ca5cecc5fbe7750a4b20cd25e3bdefc,35.0
ac11e7077441c662e40f21c2ff637175,35.0
59d196118ca8d55c3c6e469f532f9bf1,35.0
2ab63f51ad4630f1a51e066880dbd542,35.0
9934b247146c788fb07d0ffbfa5d9032,35.0
d2a79636084590b7465af8ab374a8cf5,35.0
16bdd3f68c02639c6ff5549d835dbbb3,35.0
1574a3dd0c2def0f975a579f1a906e3e,35.0
6ba564b5fa2a2cabf5bc71543320817a,35.0
3a5868db6eb6f9c8aab4656ba244857d,35.0
c8373a8efbfdb80df6188705ff1ba065,35.0
9333fb1c5675b69afe49a9cf6b91defe,35.0
8a7bde5e3dd9bfeb5cb42f7eb432797a,35.0
38f7dc3b17231de62864ecde86d9ad28,35.0
0cecd74a34f636f301b750123dd4dd3c,35.0
1012e503144b12e7325f122c7b42c7c4,35.0
eb3df526c00097de12986e7f17592ad8,35.0
604c21ef70f5df8a002db0fd1cb1ab6b,35.0
77b08d9c6315882953ee9a24b9f92b5f,35.0
e171def7e1de79d5479970d8629ad8c8,35.0
e548ae5960bdd8a3ef1dc2a5740d54f4,35.0
ea2f8b242e71b6092164b760e3adfa11,35.0
2f4c70dcc8ecb401ec2a1c43c3e777ee,35.0
c5db75451fbf381870054e426b6863bd,35.0
65bb4f2eb2155f9248ac7e57f1f82885,35.0
d9f11742a0a75e0c515223b5d85625e6,35.0
ac106ae9d5ca35e4a7afa11fb83f11de,35.0
b892692857511e736d116fb6b9b83c0a,35.0
aec8ff69fa54b03e8761ecc2fc009d83,35.0
a891a086c7607d2b58d8186721a34f17,35.0
d601733cfaccb4f1424e8db9bfc2fef4,35.0
8caaebb31592d2d5431d4a0b856ad536,35.0
9ade6d9e0052f02a42f0f4b68b9ae537,35.0
fcb7368648a1ce0396597912490f2b82,35.0
84174666481d1489fbafb3a7585aaaa5,35.0
dd7bbbf2e47b1e2ad68a2b18ce71b185,35.0
3cd90f449b0a4bf6c363bddd2aaf2418,35.0
e3dd153b3a9039bbbc8e5721ebc2bb88,35.0
aff11919be30c1cdc7c7e6340382d72e,35.0
1a6056639257dc90da72c10b56ae121b,34.99
a8042e7d6aea7c6f3ac39e7f313e8b88,34.99
2f856641aee6cb4e633a72f2f2fe0e64,34.99
017f022018ad01373771ddfd46eb5dc6,34.99
e384138611b6bc0b16b651897b5c7f77,34.99
89595847e7a6a2bbe729bf9bfaa0ea72,34.99
a5139b033b57135acb4e423961e8aaea,34.99
246ecd502d6e6d53f5103fdc161c2e6c,34.99
fdf40effea31c11e4955889228003faa,34.99
0e832922e5fe5c68f3122594afd86952,34.99
4a8a4a96c8038befbaf046a84b9851f1,34.99
a4dde3d271bbee38c87b2abf0b234c10,34.99
445dd8eae4fcf0cd02ced9e1a5023914,34.99
5db652fa15eeb25ec624e00feae386b2,34.99
a8e1534967a98eddf3a2a0b58c99a1e4,34.99
902a5f99886bdcb0b07c773da329071e,34.99
b59d54e1dc0ed83815e549c06a66de00,34.99
33fc37ecfda5df3cfaea8cb17c634e06,34.99
d01edd84cac251d9ded0844cf196f39b,34.99
2c196944844a66a1b80f84b3901d9bd0,34.99
ab90b7ba878fe22fdf07e1c3ce458d30,34.99
07faf5d8c1d359058b9d05b3cb4d1d3d,34.99
b6a3374282d47f94690d08d2bd8a8b29,34.99
f9fea0f544124ebc49eb7bc969e0a492,34.99
0a60a71e2886cc3c0d92fb7618073020,34.99
a79ca97478b67be3dda612530e071f90,34.99
cd8f93bdfd2852f5f1950cec8067626a,34.99
583ef57cb746d7949710ccd882a51242,34.99
94f7f1cb719dd707fd437e918d282537,34.99
50ce1380a46e62a29e1749267839d4a3,34.99
379c5af8df5332d211ab4c9059b0aae1,34.99
840521ecbbfe51b514c46b33081bdd97,34.99
ab9a07d930e7adf06ad5602f6aa8c35f,34.99
35a04aa2658d28a4d904cbd9427494a7,34.99
27c0a66315d9a1e346449f60396ec741,34.99
3c420d15857f754a4d41196173c9f412,34.99
919313c655ea2523ce7e689dc0558137,34.99
0e947f9fa7d3390ea3a8bd2499967679,34.99
80ca2b9de4805d464b87dce73116c6da,34.99
4e4b8f299747fff2f17eab79f554e097,34.99
d8c73320ebdaf88a04e9c8a560fa4f53,34.99
9a871b9eee4d8346148d85a9bab701a4,34.99
6104de8d891cf5373cfd7365b71a2b3f,34.99
797a78effd6dcbd0dd53cd0f88602f45,34.99
1579af2301d214c58898416457287574,34.99
8654911c7239079c2e5d97a467a6f589,34.99
4c36e9c525a942e63ece24d3656244de,34.99
a8eff06bdf2495e11c29273b830ffd0d,34.99
7ae30f30ba3e7297739976cdf63bf1dc,34.99
1bd6f39d750ca2f4807030b375a5513b,34.99
1b155d898d2a9c2fec690a22e52df81d,34.99
938e497ea26829c6f9a44f67137c8a3b,34.99
2f675e79088fce26aa25be1e977632e9,34.99
1ac072a16ec81fe233e85ecf6fe60dd1,34.99
8d89a83025d86a9fc48b84a82ef97da6,34.99
9aaad80a9eba88d21766074b44eeea1b,34.99
f07ea18c059c8cd1584a035a3ed36e63,34.99
beaa1d62438dc5303332577903629d07,34.99
463c8cea8adb293163eb6704e2542b00,34.99
b6368ca0f56d4632f44d58ca431487b2,34.99
073da58beece042f898c92ff46d41dfb,34.99
f3c25e734ec92ee3732fd8baa45a7ffa,34.99
f01bafe85b52196f6e0246ef7227d059,34.99
8f359b4f2dcce84f7e8e43b452e7020e,34.99
fd845a6b26fb28a1ed6c59f9a58d0cc6,34.99
731934bcb47e6a5956ab77fbed6ad0c5,34.99
b1416ec5bad2d6fed050cd451470e76a,34.99
9ee3d8535dea26048253e4ddafdeab20,34.99
d5f5d054890a6ba9682dc18bc287daf8,34.99
33eed39fcbb2cc8780a1599bb9f07fc8,34.99
1388eca3c7f75f6038c0d636f9f3b2ca,34.99
32f4a143deeccca316ab15cfc81781b8,34.99
5cf52053b84dff5c7d81a202d3a84dcf,34.99
eb99d5715f41ec3756870ff3a01c2959,34.99
30c5050c8a97268851a49140d59f68a9,34.99
4839bb35237f24bc8916bb398b0411af,34.99
af66c0cabc4d69a28bec182d338cf46c,34.99
64cdb963e2777ce15c35474e8a646cf9,34.99
da0d6b89a4173638a2b43ea9c099765b,34.99
24f35142319f5e6de65cf5cd4220dfcc,34.99
f894c7353394ea82b799dcabd639778c,34.99
116e210883e0ea55bea66b38c5d71ede,34.99
10fb4580eb08d23fa9180989f24f751d,34.99
3530865b2f80d5b074540d8a2fed21c0,34.99
45c0488bbf01d069aa286319b66e22e7,34.99
4e83b4767a9e236160d15120d8972b5f,34.99
d148f5756c15a01207d47e46cc45e21d,34.99
1ce5970476d44fcc425a9070d8fa8679,34.99
af3fcb590355fa0b0a71e1e5feec7b2c,34.99
54a906f745636ed9b7472cfd352309b4,34.99
7e4e6696dd707bdf75a3cf6bf63b0e8d,34.99
d3957fb48561ebaa908d640c7452f8dc,34.99
a9ceaefd58479188d59484f28da8f19d,34.99
3e0f41971711441885d888b03d44ea11,34.99
ebb06eadb79fd97fc9a7a77f9b29e3a3,34.99
5014401cb0faa8ae93727383cd39c424,34.99
188cdfdd194fa16a5da42a7fac3fcd55,34.99
ab90b1f7d064000a9389493c14ec0232,34.99
f9d6595c725eee2aba47fc7257680db4,34.99
407d685edcbff0e025864e271eb2e5b7,34.99
b1c620b3900301281f637f3df0690225,34.99
482f8693115d85a41ad7f88a36f265f6,34.99
c4622e15ef4017b5ead56fb99dd5e4ea,34.99
a050cd2edce49d430222e6019fa50fd2,34.99
2a7b2b2d08b5bda4cdd784673a9c5fc0,34.99
4d653ad70929faa00ad785f1dcd26b74,34.99
a8dc0fdd2cb87f86c0373cfd62c621bb,34.99
a615fb4a888b6c54964306a7e6f9d745,34.99
1dbf8bbbc0b4a327e012452d038ce1c5,34.99
4ce61c57eb2e8e258d147e54962be85f,34.99
bbc245da02e51a5ff7b595c31628af6b,34.99
733ab96989cc675bf88f824069034074,34.99
20eda7fbcb57c4fc74b34177112e0ba3,34.99
351c4091b6f035cbc49b25c86db368fc,34.99
e2dc2f3f58380b125a1e88fc86dffe4f,34.99
9cd09e55f0cc2335c314f0aab58cc1be,34.99
1fb67b763df136bf1a29f1da8eeb128d,34.99
ae0fb7b01c548c4fd30f19f55453ec4a,34.99
23e138f6446b78ec7e1ce525a6b58680,34.99
7397a25461134bddf71cea96f9f39169,34.99
6c0350311722febe32a77819ca5f6197,34.99
9bca12f2eb7f971fea59d3dc857f81a5,34.99
ad7a5f84563d43b977d503f288c8ad2f,34.99
0ff311b8f13804a95afa54e23c1cfb02,34.99
813ee016af3782ec4c37a1d24fe4bb24,34.99
73ade416b4d7ca66043b57a1daec1348,34.99
f6b4c6a33d8851dfbfbb35517fa7d6d7,34.99
8013a33161d0b154e440f3ecb285dd41,34.99
e0e4c9c1f34ee973ec5d9b32ffdb7296,34.99
685bdb800c0df843bb14d7a7a241c0df,34.99
e40420c645797c041ca4ca0da6a49472,34.99
7f99772f15578d92899f1e522625d540,34.99
4cc825a34f88e568e8bc28d470687d5a,34.99
d14930bf3da4e0ba5a02cc8d6ac80f6e,34.99
4ebfa1271a03eea172f376b3549ea9a6,34.99
9e8589c52f8d894c393473469d98624c,34.99
fcb12467c41c93cf1161a94fe9b77a84,34.99
2741ad6328c6501b09950d15a0590167,34.99
550ccac77275f9cdec4b6cd97ac118d0,34.99
71accffbcbdf8e02f67a469f65cdbf73,34.99
2c5b91b72d3c94c751474461c6ea717e,34.99
383ba7fb22ea3f6efa932cef41b61349,34.99
ecdeb9623fd735d8ca13204e079ec57d,34.99
5b26f35249b0f0f479cdd89bb9fb5edd,34.99
97c3206d614083e8f256184bb271778b,34.99
03f21d23b93b0baba743e57d5ad14604,34.99
4b1247edd255f5c6d0742646c4b3db66,34.99
59e0d4564a850e47541812e373226501,34.99
7a096b2118d6b610b1a4efb484f76750,34.99
1aa0903cfd53ba0ba3053f3892d00740,34.99
66f301b13bbabd16970b1f7a8f4e40ac,34.99
6ef2c4c294a75c907f1cb0de3382409a,34.99
67024d6825a5785b14cf420eb8882fef,34.99
63a1959e073182fbe5460b3090474c6d,34.99
a31bde58ff0a6a1e45abd0def156ff72,34.99
e315cb38486c79c233830e4e50dc65b3,34.99
a165516b8faabeb29fd9327885ba1b66,34.99
6875e267b269db773852ec0d6fab506a,34.99
82aa082265445ca12f36a984d1e854e2,34.99
00e4dd8d5ecaa00de8c6671679b58045,34.99
15af9668596b9358f3c13ece3af9aba1,34.99
878d2c3535d8b240c4cf6b6536963f18,34.99
24a2f517ef51c0cad5a6ded2a67ec232,34.99
c7a3c1e9b965f65f0b0204bd868604f9,34.99
8a199e2d2718ecf006bad3422ed45838,34.99
fcaea92c811c7d92710ccad87ffef253,34.99
e338256559cac84fbc89404394ac43bc,34.99
1d40bf2da4a31578ce877c16addb89ac,34.99
ca935bba559452868145b76080f1850c,34.99
7fdc2eaa95af7ee23782559451286547,34.99
2ab885f5c189c548b974c71966554173,34.99
6fc7836276b8f6772133106f0d3bbe55,34.99
69dd0c30532e05224630ad7cf9f10446,34.99
568c0837258282de3882cdfd815f674a,34.99
d06ffc11ea9089da8c1a146a3ec0f0d2,34.99
0c9ad64da2a12f7b5f649f61eafb3f55,34.99
563d402ce97fc7ff9df795230f552cca,34.99
8aaadff064175bf6980a886fec198546,34.99
4366ad2fadfbb1f93c2b10d55d2edf81,34.99
5d39a27662556eb01f5601ea0c7398af,34.99
36cc844b2f496f003881ddf803ec6aa7,34.99
096e87e7d0425ddc6bfe0e3473ed43e4,34.99
6edb393452072700e82092eefc805504,34.99
d83f28882452bfc1b5666e4eb277f828,34.99
d0412a3782a6a8bcc605dc421bf01f9b,34.99
9c49e901b9d95371916c3342a636e16c,34.99
760c234b8098df93664b0ca83a930c91,34.99
12a9b33607c2fec94977963045396299,34.99
739a14488c57aa6fce0cf4d30a0c364d,34.99
f4d1920121272d6f1f6397e452c9633d,34.99
f27c2fc8a0cd988fff5e1e766dd16e67,34.99
58a08ffefd8334e53a2250ce99828c61,34.99
0cda9d1432384b83ab1be4549c311e28,34.99
5aa36088d0f8d608ad9978a66622a6eb,34.99
c4abe2d92241e0ef3e26bce6bf3ecc10,34.99
0707625ba315d67587771dfa3e945288,34.99
b67dc240717909e367203798be60d015,34.99
a55e569fba97d80bf37f54ed5d227977,34.99
9890637cbb5c311fb67564a3f6b09ed4,34.99
490880737177669393b6d791183fdb72,34.99
0054556ea954a76ad6f9c4ba79d34a98,34.99
3e9799c29c70ce74f4d64cf58e7114d6,34.99
26ad0f0ff22fd1874b664e7cdbf2cecb,34.99
2d5e77fae689aee9992cc9669cb61710,34.99
b048d250c5ecfce8ec9a757765997c03,34.99
1510b5bd7ee4b45beab8d17c5bd15d3b,34.99
30f5d14ca214a42c4c6a57e92e829ff2,34.99
8d13b315c8e8e3d9011c9e9267cb8a70,34.99
d8c4b7a84600b6fb675483da453fda18,34.99
960b94f93098dc8a3d3fe9c787d40c6c,34.99
be7e019d96fa86ec001e237c583c8fdd,34.99
e65509bad7e534de9c1f202b06901672,34.99
f2c878a2ee1b3239bea5ad24d4705c57,34.99
a1f740a3239b8d8f9b28c91d604ed833,34.99
ceb603f2fcd425362163a1502adf2c88,34.99
2327e8c7d289aab1d3508440c2111cc0,34.99
260d3578e7364bc239a08277dfec894e,34.99
26797d457f3fcf876b80c511f637784c,34.99
fdcfb97fe3dda03be89b37e04d333e73,34.99
3f8564a9ce1b6dd73a4004526d7b8798,34.99
2c306fea99d985fba2b49c6ba6fb03c8,34.99
2ab7f76aa0731fa533ab18348ccea54f,34.99
bb386c09a8ec251d7ccbb232612be0e9,34.99
6357aded91db310a3e6e6737d7ea169f,34.99
6087323bb610b4ca4a40963a5ef62ad7,34.99
247c9865f4c7ebf8f3bdfe24f8acd8e9,34.99
dcc9471f85f00b6979b79ae8557274c1,34.99
aaacba86f75fde5882829ebf2519fe79,34.99
dc9840b87b465383f8bba501d6c07657,34.99
0f5d054e91fc747b50ee9569bad52911,34.99
016c54a71587052826a1ce53c8c6b1d5,34.99
116dae092a083d09e1afe3a9330c60ba,34.99
5dcc806f43bc57d5eee24e1e6c10a5fa,34.99
3e2f1eaa74e606c93ef2847f45b71a84,34.99
2081ff2df7dc6982ff26036f2b7d113a,34.99
c7949876e5acc07c2ab1afd50c7d22dd,34.99
f29933fff30fd131172ff842eaee564a,34.99
890516c4fd0502448c48e605456e7c4d,34.99
27e1ac8538b2c0b24d62cbfe0f1c69d4,34.99
5986b73cce82bff30c9619b63cbb7c84,34.99
a96bef626f62b1c5a027f808cd0e4198,34.99
00bf225ae2b2d6a141e31acf971c4a03,34.99
21cd16f0c59d0e20db6ce0ca3b38cd9e,34.99
9f9ed93e52635d33163beb4ad932fc1b,34.99
ef019b3cc077faf03d999168daaf8d07,34.99
c352445d447e16c25ee542299b98642d,34.99
0ab6ad4341f96228118680e0b3ef1848,34.99
7e526dd26eefd38eaf8e3aaffa569ddc,34.99
5d26e3331c75b8be22b3c9e169ff0ebf,34.99
936f05fe2c3834e025e9a448bdb2963a,34.99
7fdb539d21e1296b6afbc8c4e06f9bfb,34.99
5ceee9e50049277201c6f90b9d1454b1,34.99
6d8c42467d463b248805d8ac8916c056,34.99
346b5432650859114e6043a06348af7a,34.99
6f9a964fa04ebecf999971e89b370a1e,34.99
9dd030c8d696939ff4a035e932ac3b19,34.99
15202e50db249d6ac603e8cd4f0f7d32,34.99
060feb3bc91804b596b106fa63834799,34.99
c093e30af6e1fbbe83fd938054ee096a,34.99
e02861f7da5b2de55526846767d8a44d,34.99
a78a37e6cd96615e96ea6fd384f6ec88,34.99
ae086b2ec35d63f04c0c1aaa152c07cd,34.99
50a508b93dfcf522952784286ef87d6a,34.99
86ecd407da1fd5e3627db4f6c35d52f6,34.99
daa1cd9ce91af39a90ddd87d37f99f7a,34.99
ca693ab312ae43e69370a1df11f190e3,34.99
e8c1eb3944f119033a19a867e469782c,34.99
421d5ca0e6fb99bf273b5c69a7369909,34.99
7dcafa32c64ef39efef03ad0b46d5ac3,34.99
ce7d210eefbdd540fddc0cd8899eead9,34.99
1af572fe09cb375a153938ba4c428e2b,34.99
372f7f836207b31b28bf19651ed09d6e,34.99
37bcb1035c6a4b6d713e03801dc3bbe1,34.99
5d5321e98535682e43d2752b3f038f25,34.99
2f2b6326403a1044d7c1c951fa3867f0,34.99
5d0291752b08178d853009985c9dc803,34.99
ef5d089ff85d330f35b35a59f75ea78e,34.99
4304f16b63cae276cb72b52baeb978cf,34.99
e583c743a5c26e0870b08e4e6efeac7f,34.99
e69b479010cf80ecf05ed9c3396d8867,34.99
8c4c6a0179865a08f434180f15745a76,34.99
431c7b4412d3a64acfb653fb8259a50b,34.99
b168386e2703ba84ac9e51d038731270,34.99
f5b315f45952adb68dbd409ac3261f60,34.99
871215ee1ebfbec40e40094a0e69fa65,34.99
198f511b5a75bf936a96f1d4769e3974,34.99
22024b665e2a6cea26c7d8da7c2a0757,34.99
de76e6d1ae61d169d594df213610559a,34.99
b6c9564644bbdfd2316ac9ef9987b87d,34.99
a3c921454d55b0fa07f6231d862a13df,34.99
21198f061f21cabd2e87f995dcf50599,34.99
c5a7ca6a5aff998a93667bf3933db1fe,34.99
cdd087251239c75444a11351151dfd21,34.99
462440503feca45c383d83e790692061,34.99
fe9c6eb008b730c9c343725234c31027,34.99
7e4d1afd1fec265867e64498ae218c8d,34.99
35e8f2cff4eeed925cfa42f6731a4425,34.99
341f4b6e7a25adaa50015c85fd5f1f9c,34.99
3a3c64dfa633b2c7d3d356b8077c9ccf,34.99
06952d070fb51b681082a5aa0270ec67,34.99
98879612677b8300006561d29870872c,34.99
a3ba7119f6a86d7db5e045d44ce6b25f,34.99
a7a5ee87dec9fa276a7aa5df67c593ba,34.99
d3f497230c673e3eb4362335acdc799e,34.99
e04b0d3e98bf9cb1ccbe50eaa45ac459,34.99
520f77c40eca64f4de3113cdf1f8dee6,34.99
a6cf8f5e39c94c61c9fb0e869f481fc3,34.99
8f152ab386c3648b3b9efa3415f8e556,34.98
fdd48a32f403170cf965e38c9400b139,34.98
21c536c8261ff78c0ed65d9e2323fce2,34.98
9c94ae21b6425a70d0673f4421147906,34.98
19100838c0b5153ea3badd6b15191c17,34.98
c12c3f999921db1622354fa4a873cd05,34.98
ea5bbbd8f7f1b535e224b94c7a842d31,34.98
670af30ca5b8c20878fecdafa5ee01b9,34.97
dfb619c6ba6f2090f0f6e9494dbc0561,34.97
598e9e9241218986a88156fb2c51c7df,34.97
5123a836ba289609cd3d54332637ca88,34.95
e82943f014b3bbbc9a6f7bbc9c7e225a,34.95
14b7f96ecbd43c2a3cc5a38c291acaf7,34.95
d4685d0b9c45a4103796c554a9d7d387,34.95
bd7ce3ba9b01727ccd4f912460f4ec00,34.95
56fac5eb4c32d40116bfc54793d9970a,34.95
078b1cb26cc7819cfb885c7cf8f87da7,34.93
577f96503bd03b26bb18ab20abf41c1d,34.92
812570c83feb2a2bcec548ddc36b0d0b,34.9
37e0c8670f74e2b2ae814f778d182024,34.9
8bc8b6fcd770d363dedc5d3725f83c3f,34.9
725f1aaa7840c81a09b590b25cc7fa24,34.9
f612d06761ea58eb016667c4b61916d4,34.9
e532d763048b5c1fa38dbe3c03646d1d,34.9
082ad395df0ed72a64f71b70fffafd5b,34.9
a4d6b3356897a55042079b2be9f115d0,34.9
212a8577b07fe0659c5eb09277983ae3,34.9
a9651fc92d9b667864a91cbec8142b7d,34.9
ffe51ba924ffabbb6e1ec2c92e582851,34.9
a107670af1e9ad09b98f9f966e9d8291,34.9
86ee15caf2977e05352f37911a0f71bc,34.9
5ca9f1e0cb1c302adb16d254b7d38b92,34.9
a0474d5c284634e68266e32c11deb9b8,34.9
12097fd2d4e0e9dd4fe1dff039f63b70,34.9
abc76bd6b8d093fd8ba7b96aec7751bf,34.9
c3d50bc4ad064591467c0b454d018a14,34.9
8f1f3ea08a5acbff27930efabfcb0d59,34.9
5e8bf0eda6937b9050cc77c6bfe223af,34.9
6842b18ad3f173ee6b709748377bbd2f,34.9
54efba24ef631ff2c2088f8320499ea5,34.9
74610560322c0c6d0ec39bef84c2151a,34.9
dfac9d10624695e08c8f22fa589fc2ca,34.9
5a0ed2fa7a5c4f4e5105626fe1b0fe11,34.9
66ec897fe7dc187b52b3f654bfe0c80c,34.9
e0ee313422d91ee55fd1b35d60e5fdd9,34.9
81d496ec70b5cbfdd088b86d39d9f078,34.9
c262a18dfc688f7d8792e90f6408dcd0,34.9
7fdeb74955a334e7a83f3bb365c07727,34.9
1d105baee439636393150693975dc2cc,34.9
c99b24cb5ce51490cac3a1ff21d153bc,34.9
f18c5dbd896aab713430c0560ecca449,34.9
493941e03992cc140b88be7a292808c9,34.9
41fa220eede53dadcc159a91d067533b,34.9
e24bd26337fb5b09e1331622a2f0d2bc,34.9
c9f18dccb20350c80e830a0f7850ca65,34.9
b6775841f60dfac1e22467141c49b56b,34.9
73aab9b123fd95eb61ba0de816776c5f,34.9
333182ac41b476973fc3da5758115a2e,34.9
bc1d03ced3946138d23540f85060ec03,34.9
4f5b0c80c1169bcedaaccd68aa3257f6,34.9
8c20e2e6a5c8c7a3b3dd91f0a5c4ea18,34.9
6d068eaaa0e34a46d80e4a90b44eca3c,34.9
d2f56edf04860c63c1cb9e4e144fae41,34.9
8dc5b051ae0e7ed92a78da02df2c3250,34.9
20ca1409bd63bc81c3e769e32a17f004,34.9
e63dfa0de407a934f97118509d0a3924,34.9
f9b63cae30a80c6d141f817564ca31ff,34.9
30367cbd4765dc3372734e4a100cbb50,34.9
f765ec8cbb703a2467541a10355863ce,34.9
579373e314e23d51cd992969b574a0fa,34.9
549b71495b4abb6a6db77aaa5564f593,34.9
2a7dd1fbbb9bd76389b3882337e071f5,34.9
69d8640e3ec57652bd4f2a6ecc8755eb,34.9
0bb834758b9161844659f3d641da02af,34.9
0c19a47cf78648bc68d3e9e3d4fce3bf,34.9
24f0ff8f458c6b9f0f8222b516699b9c,34.9
a8f76d9cb0f8db57cbbfe8d67b257893,34.9
34faa9a948b3263e8ec9863bbd1456ab,34.9
9b67d5c0e09cc76c9549477996b49891,34.9
938c5492656668efe07932ca08db10ec,34.9
05e78773584363a69d4f710642402ad1,34.9
56cd7ff652ff3f4ee1f3753f572c45ba,34.9
0d6f688455ee919c000970e75b257731,34.9
c9714864eb54838221b5ae330c338590,34.9
c98bda79369fc7d1b253dcb8ca461c13,34.9
4ad8bd2bde2eecae6aa5a10323c1efc8,34.9
a03fb45a2d3d8ccc2e66cd19cd7ab812,34.9
1b0076621dc940bfa90910ca15d5cf31,34.9
1291eca2bf609f2a91eec6c581ef0643,34.9
48af95a46c13d4d160cecc586b460fe1,34.9
fba94032e6d3ae20580b20c04d55c399,34.9
931ce24e7e52ee657b39788051547166,34.9
b922f84d5fd5611d5e3a0301e57c18c1,34.9
194be1861098744d7b0a1b72b54ec587,34.9
a301c3aa2a9c849d317d3d64196edace,34.9
08fee29b9ac63d1bf53d160c88714bb1,34.9
02e863ab696665672ed67992fd04cf14,34.9
e9932a09e352ca9e469f31522a8466f0,34.9
2ac05c2154577da9cf490951f1a0da84,34.9
d39cf4eab90c8ae5d853c5111bdaf0d7,34.9
0e96da78f43bec2f07c7971bb4d47a52,34.9
c74f56b75fa9a5c97337098dea253ce5,34.9
5437187d982bf848574521be6e2f15ed,34.9
a11210008a18cbd61be90944ad6bef56,34.9
33b28a041517bfa554ac9cf2556210d5,34.9
3b92b8167f3fd564dff0a3d4e50454c3,34.9
a6cda32c8633809ee6f66fd93821005c,34.9
e32daa14dfa90eff675034dc7d462cf3,34.9
978e82a1b1b5df0bebfef62eea7fe7b9,34.9
96a603e45ac0094d6328d8856d9ff833,34.9
abf1b838d267dedd4f05c4d2436d0848,34.9
4515197a9cb2fa62285ccf9a2ccc148e,34.9
8dc4c1ba3c81aa79d96e459b5e8a8b66,34.9
95882cef7ed1c748bf94e637ad76f61c,34.9
b1dbcba06e3cd2a7730e15b92d39210f,34.9
bc418db9d598dfdd2b30fdd33bf541d0,34.9
45ed75befe5874c6fd8f10e210e00472,34.9
b2c9e4e33013d7ebd1fe68e94efc16d7,34.9
2b784701261a664c8a3fd4ce83c9679c,34.9
d509e5d013ea1cbaebf05dfe2fecc1c8,34.9
033d941a9b54660b52da29edf21075e4,34.9
bf1467eac502b1bff6e73858d11b8302,34.9
799f6e4d6741ab691299088bc5a7f424,34.9
1b9aa90d016ad2968af5de5ec7cf0d64,34.9
6ae72afe4d8eb041cfa5a2cffa052a44,34.9
6fe397cd9919959235edbcc5622cb369,34.9
18e3f5eda3516d4a09b13633de355435,34.9
eeffdeb610ba67edfdf863936785eb90,34.9
fb5c5195d3890f19b9b31002364311ae,34.9
13e613b22c4cf864ac2fc00ecdea5fb6,34.9
614a669b833b9fa788c043f854607611,34.9
e8af75d51a3972af7ed977ad4855aad6,34.9
69ac0bfbf88374692b7bc46fa05cb5a0,34.9
56773a777067538c970700067f44a2a4,34.9
2bf9abf5f27e13dcaa8c91c036473895,34.9
031da6839c179617f04c3d5256d264c5,34.9
7fc0cc086e904eb7c92ae9d7e04c4bf2,34.9
d4f9aeb0c1edc4888992347f8c9cbf29,34.9
0a06694f03b9707bbd095db49e7a70fb,34.9
dbd74dc83297f0301be2f721a409b758,34.9
a20abc59a2b88e8284dea1ee1cb11b10,34.9
6a22352981a6c0bf8ff901686137d1d2,34.9
9329503234e20753ec513cb430d4abe0,34.9
b0d9c083435131f63ff0e98721be105b,34.9
d9cc61b7ef701067f065bb57f81ffcba,34.9
0554c3266a8eb4ba8b72e3a559d418d9,34.9
e48fb89bd9b6253667462a5a7663a5ef,34.9
a765a1a1e99445be6ccc6cca32e491b8,34.9
e5da2ac4b7d09ea27b0bc61081ce1034,34.9
41816730caae0f3db1d0b40211c26dfe,34.9
903b26512e5e310f0fbf76d8739178a7,34.9
234b8c7443c22633e616ec258dbb68c8,34.9
a1856c9ff731ccf239a269c6b8a965fe,34.9
f85e2cc1f55bd805121094b06905af7f,34.9
f9abf42c35fd606941b375dd45637434,34.9
2ac13f95801bc09dc5624673d54d4c31,34.9
25a883ab22042cfc5f16a1e5f6564cdd,34.9
40e9b17f9465867e5a6a6d6b6326437b,34.9
90f2f00e590c8683e41a97fb88328691,34.9
82d7ba990758833f6b915a05d21f89a4,34.9
c09a03c98715b144a33f291d19c17741,34.9
6852966131028b6696be63d0a1bd87ae,34.9
b79d85bfccc2df403dc6610e85d2ab71,34.9
d3ae9463bbd0a245451be4e0eba78726,34.9
5239179f060acba3aae48fdc19d479ea,34.9
3a05feb5eaa782c7558fd51a2ad9c4f8,34.9
377b2cc53afa03ea26f0a70208ec4bf7,34.9
9ff742af578d72bce31bf2975d05ee87,34.9
fa4e4dc465fef19f4f4216c86ab073b2,34.9
9b2a64453a3edd4663f9e0569f0ef788,34.9
59b9364516c0954308e0bcac97d088c7,34.9
b8c0c50fd3d124008de3fe32b85e995c,34.9
4783b65a62dddd8b10c8377605212bdb,34.9
f877c69fd193f8751c04f0fb24bfcdaf,34.9
09019e777b997c943ed2c3b3b9fb2707,34.9
89c1908fb6778e5180eed81f21f042e5,34.9
689ce7aa2582d589633bd30732db9e9e,34.9
52841815a265f7f996b07cf7b4afd0e2,34.9
26e6fdbbb84f6320f93ede3130b43050,34.9
af07e27844cab85f56f85506a31570a2,34.9
4f92392f2442e7f7d9b6a055eb042ce5,34.9
a9724796025983a341f8ed1fa6165cf9,34.9
c266da042d905d3d3ca0276604c78e52,34.9
cb59001cc6ef082a42fd79806eed96b6,34.9
510781317f5881c0ce1d4506cb1185f9,34.9
5d160587657638c96131718f014d507d,34.9
dea629253af5c998a862ff461ff97223,34.9
d2e38fbd811d3a75fd42f6401ca9ed53,34.9
3fecd6727aed19735e06945b7c3e49c9,34.9
641ea55c1a9954a48b198146db68cad9,34.9
207df7ad3a701cc5f0a232000cca51f9,34.9
52f0d7071e465ec002cb3321545c3e7c,34.9
29d0453f032097b298a6563dfdc8ad01,34.9
435cc2e67028491d872d747c15ce41a8,34.9
0b92d94401ad36507d63ada4b10badc3,34.9
1ede25f1583f9a3a558b5a69f1931459,34.9
01156d307fdee5870c27d63afb938bd9,34.9
ca36659b8e9c66b7e767d492fa167e79,34.9
b01ef4421b00f84fed4e522f7774bc00,34.9
879fd38fe4b5b07b823a30f1139bb682,34.9
287ee759bd0a6354f84b3606802941dc,34.9
e9b3c56a4e1098945e14219f16a1d314,34.9
6bf45280537c119fa70ed4a4fb7dd688,34.9
5f82ddc00ed8b6e8cd8792788c2f5b7a,34.9
457868fc37d47fef6fdbf01dd816ecfa,34.9
1c7832567f924bab626a92bbbdaafb93,34.9
625ebee3bb8680d39f443c840f5afdaf,34.9
e750252eff11293d9914d3840d92ddb5,34.9
8757fd616684c8cda84b8b5422918574,34.9
271dadfff97f1e43071133688f875d24,34.9
384ec1a8b2a640f5e8fb8dec346f6c4d,34.9
27914729140e0b9e30458f92c83baa05,34.9
ccec27a960ace5d580c23cdd267a963b,34.9
77dab9ef60e95dafb7555bc0f556df40,34.9
b154107005bdb6916d7bc8bf3d2176fa,34.9
ac7e033c3e1a25cfb8b46c50134804e9,34.9
061ec581de52487b1e96c24df4a70527,34.9
3943406d45d8c9bf7ee11a4cec5c9102,34.9
5faa97d81dd17e0a1d02cf6bc4186dc4,34.9
1a4d6e3ad840a904c9e23f8758c02e38,34.9
0f28d0a2069593ae2c5ec29fc3800a72,34.9
511d19680a1a81a79af022e8d743ccdc,34.9
14ec0af04aab4398a904a77ac2e1c68b,34.9
4c976ada6cc4aea853a93f97d0120e31,34.9
8b98de84d54b0d4467a2c66541602658,34.9
edf7eb0836bc6a1be99a9f8fe20ffbc7,34.9
3eb2cd642de0c9e7dcc7f14afabba6a6,34.9
7eb38a9118f8a13aed9f3587e13e33cc,34.9
18538d4c5ba3cf1a66b9a8c4aceb5e84,34.9
953bf9515f1c2fa444e76ebdd43fb1a9,34.9
9724f043fd2a731796ad831fdc95471c,34.9
563c3f12975d266179524b153665fd74,34.9
143352eb1597de8926f839bf52f82ea0,34.9
9c17b4e52f51c650577d07f55b93f91a,34.9
9fd7bf64329acafab4cfbfa91dc5edca,34.9
2026006bf7461b9cf591e44a9bf9cd9a,34.9
c86e70991a76ebdbfeb52da73d917616,34.9
b2275872bbac7bbe411a4b451f26f429,34.9
b2b4d80645cd613edb31955f2e5f59d1,34.9
c9d5ad5e1bac861b42f3fe9af8c1448b,34.9
8ff7ace831161da79f068d3e92d3a9cf,34.9
e3b25a8708f4f6e2f7b6fb5caa2eefe9,34.9
a34dce08d0cb004c3672fbaf8d6a56cf,34.9
44055fae77e1dfd38877dae25d55aff7,34.9
138d90a5718a9d954db5bf73a9bdd11a,34.9
d1dac904be59e9a142e30ad313465c2d,34.9
98921ed88136ffc55bfdcf6888dc552f,34.9
ac74922706425cb6b9b743b84d03d894,34.9
9835403a86d824be9a0b0cb332f3f7f8,34.9
ddaa9eb11c47f72970f6ea1de0b480b6,34.9
86f246f821229e7c842956b947dbcf46,34.9
5c3fb9c8ea09e6fa440dabb20728a5df,34.9
bb2141d33544f365709c91a9eaa9af31,34.9
8a66ae446bb2be1a7f4d7fa00a7f3133,34.9
bc6a4c47275544bc66dd45d83a367d27,34.9
dac40d6643ea7982beb1058fb72a9628,34.9
435bbbf7a1d328975b15ebb8eece0d8f,34.9
df370448e03b2b90e437d02b2c6a19f5,34.9
4d588fa9f415b28b57f7792812542da6,34.9
eae91bb4fd71dee28c1a58ca9d90190c,34.9
1a82a5b53a04aa58c89afe36224b93a9,34.9
9ca914c4150b88e8beb5e6b27107326e,34.9
a7dbd3fd213f08708b18e3b2667e14de,34.9
c4afc968646c76f10008f7c941f81f09,34.9
52d65bbe0f3fd71c8bf08f3f38e498c5,34.9
1dbac78378bfa5af7e05cf15fcf96605,34.9
c5c51176fe479f6a23beb42e7a3e493e,34.9
a9949cfa028eff444ec7299c2f042b0e,34.9
822b607b23f20ca968363147e061d6c6,34.9
f3fa3dc9fd162f9d89d6d0957aeebdf6,34.9
c1380a13251ab5fff46527214676054d,34.9
15277d2b8246076738b151b03cd2ca0b,34.9
20cea3d895864b48be0cf73a9286c9e3,34.9
067715fac053f8972e3887e3784e38f4,34.9
83db3ab5b2d2d11fcf877ea14d60e827,34.9
c39ecfa4a990491a861ff5cbe6b80ec2,34.9
339716994af08750e974eacac4131398,34.9
9a493d06db3cccbef739e29498c2b176,34.9
50875d83ed44bbf8b61776a85aadbc65,34.9
cd49b1a9bdfab0fa34b0ab96a9696d98,34.9
53baabe64431c61f808de3d8254eb0de,34.9
4504555088e2e0428e4673f325031be1,34.9
ea8027eeeadff54d4f337b68f39cb69e,34.9
346b20d184e7206d1b55ba6edabd61d6,34.9
4cd81e890532dc8cf4ee9c2667629e43,34.9
59c8921cdf05587d27921f6b5f207beb,34.9
3c694cb7224ed4579b918fbbaeaa33db,34.9
c1f0fe3bb2fc6c29afff6b671b1b27c0,34.9
739b17c073548a59b868bcba2fe0038f,34.9
453eeb33e18916363f7daf85d2d2cb65,34.9
5f26f263200a3e5d58f8dbbaac21cde2,34.9
3f37191b3daa449879f04d90bc8ecbe5,34.9
1465cf4e6cd07d5dec41a750c8ef0009,34.9
b8f457236c3b42ffd180f607aca087f3,34.9
1ceec16d5b826fcb4d1f449d4383866a,34.9
0b1386cbf11b90777319aabff481f5ab,34.9
e7dfeef23add90c8cbc8fc077c950a1a,34.9
e73b0f49d0f8244b5fc363b88584ec43,34.9
a0da533a80af3c6f0346ae45578fc80c,34.9
0b68c93058ee253e88751545308f2797,34.9
59cf1a479d104e38587b9fe9d60febe3,34.9
275b7e2a536846171dae7ac0326847b6,34.9
b9be4e17cb15a55a8831710d16b78c7c,34.9
a821480782a5b10ee7d736b9c60e8db5,34.9
63a900df8e32262e9137d1ab5d4238f0,34.9
c46caa33903009c5d564463033bbfadb,34.9
12102aca8872f8686b300f9fc8652a76,34.9
119a09b54964ed6697e8e8b3937b6859,34.9
896989a5e9110fb3c1301a9f5ae7ee93,34.9
492d7832f942e0e4b353854ad83c295a,34.9
c192363842ee854764cd0db7e2195ebc,34.9
26f48ed86b20e6de057bac58888e633d,34.9
be8bcd0555b36108840f4f4a8dd4f2d6,34.9
851906dffd68e591db40291b58e57b7a,34.9
43a020387d119fbe1f461e6473f3dfe5,34.9
24bab961499812074229c80da4daa2bb,34.9
d0c71544b9d999fd56911fbce19fb35b,34.9
4e7b2684d13abc89def97d5dca8cbd26,34.9
75ee0650971825f22d0a2fabf3e73b50,34.9
225a3e44085e827d6c058be9a7781252,34.9
14b558f0e7224d69873f694dea6c7cd6,34.9
8b051f11fefcaef147e92e51bd135bb7,34.9
ba7104a3bd3187a49b7e2b5f8eb2b1b9,34.9
bf812d5b2d878686b30f34c3aa674aed,34.9
2bd76f7c3456afd0a6885eb89e8bc212,34.9
7bff9d661733a9ab191d3d8c77d2a76c,34.9
b008d51650a20679ccb57527773eecb8,34.9
10ee255a9c015e0148f2bc3bbb595e6b,34.9
084614c058967703e18d2e86ebf84be2,34.9
668ff606a358230c1204757616500c95,34.9
1f3450ae3a184dfad52bbf5bd6b9d468,34.9
7fc7c15105f0df0bf815b5b149eb04e6,34.9
7808689ebbb205dfe2aab1d6b8dcf0d4,34.9
30d2b11fe9e20d2851440b6224da55c8,34.9
f36aaf634475955f4c50e193961ca70d,34.9
134c1eae2d05bfbd29cfa49fe67f7404,34.9
0ffce45bf9ee56cc2fd80f6a1ebf68fb,34.9
31fbe11f03bb18977db56fc23e275565,34.9
32fb1374cdbf02da8a9bfc4e2fd3c510,34.9
58f34ae78c4146d80a6c5fe5cc66be22,34.9
6f804e6a8f98ba0d151e10eccaf1ba7b,34.9
57cffec2e5c21ad9bee83cc699bfc9b0,34.9
de5d252d0ffeb5ded6a1bf99b6f7e443,34.9
2b3ef16331eff62bfd93c245b3c8e408,34.9
e1304a4739249d446c3db9926222ae14,34.9
7f570d720bbdcb41c7d97a5562a4ea98,34.9
629e6c2887881c2b75e18a25d6637754,34.9
ed3f5834a1aa32b3e924a622a6753d88,34.9
12a371f2183b5d71d81830f3dd3b32c8,34.9
416d7934b96e1c5d46b332d32ee0e356,34.9
46f13d4403a64d1ef75101d62a10ba84,34.9
444d3e995b677340acd5c8785a4515dc,34.9
1c20ecd21a004a543986a7ba6105a032,34.9
626a9e895a68ad17f534d628dc2b9de1,34.9
be036ccfc3a6856c840a58ce5604d579,34.9
e4636bdf9d42e9f4b6c0b5bf7ec7dbf5,34.9
c9263e1cc3eea092007c49ea6bf5d40e,34.9
83c128364cdccfe3400af155692569e3,34.9
5a01d03e70311e54445e9dc460e35c7a,34.9
b02bb5ef585d5fb2108090bb8f981572,34.9
e5473b64d1c3e774872b61231bbab4cc,34.9
1b5277287e2a36035dbb796a16e35bc7,34.9
aa4bcebd775c8d70e2dec7bb5a949d53,34.9
47c04e171bb34f9c39b130197c06a2d2,34.9
4f7ed4b389ad186dc3c13180b22cc69f,34.9
055217ec4b1f2a56c62ce2cadbe29c3b,34.9
b9133ddeb2aa090e1ec0b645f1a2e9a0,34.9
022b1e47fbf658d8e3865c8753bf361f,34.9
b8efd322c0aa3286a9d7c3a0e5cebbb6,34.9
c90f74efe71360d1205b83bc6458f825,34.9
027021c1f6351f20d4e78a9dc829459d,34.9
a538ba874170048d43cc542f48007631,34.9
ae5c594f6677527dcb3e6d0c39db8904,34.9
01a0d45a369a4356ac4652584652109a,34.9
1eb4ce811b05f6d987a1435a2d4ab2c6,34.9
db7a9a8bf98c47d7d569638391b3e773,34.9
eac7448820de7d9ad1425dc2b33568e6,34.9
b69034f0d8651a0414f4f52c07358331,34.9
b1bb300c2e82114180b4e6293152b352,34.9
27a3e266eaf8507e23957d7b5ea35d6f,34.9
3c97c51a472647f2bbee4b45c1e6c761,34.9
4f5751a959b692ffce1b61ec839cd70a,34.9
14b614cf1dd2da6594c658a69fbbeb54,34.9
cf49127fb890ec00c88879a966b55071,34.9
f444bb4bffe058f24c3b5b5a0c0f46b6,34.9
b02abbd46ff1b358a1d22942c98984c7,34.9
9b3319b3639c92cd2e4a99bdfd0595c7,34.9
c61e8ab4b99e5f7ad74aa7d8bccd25e4,34.9
9be4c248c54c3cbb40d2dfd23461cab9,34.9
a3a212b842336eff11f74d947fe2e2a2,34.9
030004cafb2703766067d48c01a92c86,34.9
47fe922e79ee75abc08ee8a081c80958,34.9
77a7c76e4281241373f795779bdb49dc,34.9
db3bbf11328750d53f41595e455cb030,34.9
7daa8a3a2fa25e50b04909c1235f4e2f,34.9
f3bd85616beffb97d5a3a6e47a1a2e16,34.9
ab9e57e85e79e8bea7817de472684bf8,34.9
ac15f9cd03259141ac441517ce3a3282,34.9
744b745c7c394ba4497c665277bc866b,34.9
61b162d53ca0860436ad8f69ca371431,34.9
9ce39eb0e924347c9cdbb0ca184886a9,34.9
de8187762d3cad2226ccc0d7092a463c,34.9
3fcb416a254ed8df2d9adbdc982ca3e7,34.9
adbdc433363a070117d747d4dc3524b8,34.9
1eabd60f2859a5dce0e8f87218540fb6,34.9
26998936d88eec76dd047cf0ff634fe5,34.9
3e2fe6f0fa65fc4802dc9b29141f3a07,34.9
9cfca1786cb62ea2437055d11bda28ad,34.9
19e73590fcf381227b1cd26efb6fffca,34.9
7cf02d88fe787d3973ab2415d3d9faf4,34.9
e0064e1417dc16cadb558d1c5c0db377,34.9
8c9b60d30962e0b28780b60500c41dc5,34.9
067fc5b946c13af561c35e8c6aaa1dd0,34.9
8766b43c0e2fa872702fa9bde4dc8bf6,34.9
f7aa8e63ec5f931263acfecaaa58b7a4,34.9
c6f9b478f1fd8409f4220e7c2a0b35f0,34.9
ec7ec1275ebdd28f29b049a22925adf9,34.9
a02b883bbb91ad13cacd6c487f78aed9,34.9
31ff9fdb19198508ad8743ce26adeb43,34.9
fedad553036c744cca336c2ed0722e3c,34.9
cd532e4c3bc0cae9e9edf92e0bbf9d00,34.9
fe2edb873d4b148dbddecf2946491360,34.9
7093250e1741ebbed41f0cc552025fd6,34.9
e9b0f3b800151f5ea33a39ec85f01e2d,34.9
db5dc8cf7cfb2c69fcd619e1b291af2c,34.9
71a6ab0f5f611b05e407f11a655e8c38,34.9
34100a4dbede2b468776b48be503386e,34.9
358ca9696b80fc7ad50eb9ad164c606f,34.9
0558315c066b526b7e64705eb9ef1b87,34.9
dd37203d1d35f4c64e4cc650fa3ecf86,34.9
bfcaf458a9fbd5fdae2eb2babf3e2f23,34.9
59d8dfd1edecbe50d98c151fe700e690,34.9
a89e35944706114deed6eae2e2996e88,34.9
de8390abbc527745eca27f23b6c4f9f8,34.9
8c82a15c73abff1c442ecd4a9e44071b,34.9
7ff4ad86cf14706b8cbb5d62e345048a,34.9
322df87939dbce240b026201c91603ae,34.9
ab15621e1aa4e4c1377e5c789abaa84f,34.9
c7d01474e137ab202e9d31f379d6ad02,34.9
e28f61f60696c03754e0ab705ed04182,34.9
7324ed1cb1b9ef48a99d8c9f8d4864db,34.9
82532b2c41a2e45166b1e5a01d1df651,34.9
15d8ee1ac59990d69adc0a39e9de090f,34.9
ef44d54e8a801a4f7b67b374e14db9fc,34.9
389e7165873cd6f31d17f6d5f94fcba0,34.9
987d8779977d437c9cd0a258b4ed9c90,34.9
ba5720d67e8a8e668a4e646000837edc,34.9
9ddd0b718d81e4b7cdba9b5d47653f91,34.9
40e7f92901dab91f3c1b9acbec7d05bf,34.9
3bff47563cc1d384022a650cc62029af,34.9
c8601345ccaff528cbca46e04f74ff2b,34.9
bdaa1d90c91825b57d34a9e8ef70b2dd,34.9
88b21177ca07862c2dcf408ea35fc8a9,34.9
eb3d937e14cd9040b4841334e8a12f0b,34.9
e80a15b9bfbfc93d266599c844f56c8b,34.9
3dff2d23e8303f61319ac5c3f7727567,34.9
6cee76d1e3c3c310a01384d453f50e3f,34.9
1d02449a44daa29a1ba7b66474a10f58,34.9
656feca5c03ef21e93b356c2da4f4ea4,34.9
49269e49bdad7f64f75afaf5939326c2,34.9
362fb55878be69134ae94f39da032183,34.9
a46a5e0168922d626417fa64c64fc751,34.9
a01458adf09fd0b65bd4fdaa35e89c78,34.9
5da45c1f98656331089701cb8f850153,34.9
4dfe57404141dbca39b1eae2ec077e78,34.9
ff552e86993d783ace2864dbdd5226c5,34.9
05d6b909009e98a4cb2330bc6a4651ef,34.9
d994da78ae72999d6c55340049fe86b6,34.9
f7a08724e0b381e81a146a427d58af06,34.9
d2b141e8cefd8acb97baee4b25b01ea5,34.9
54cca8020b69fbb204ac117154b079b7,34.9
a44d428faa18d7c93ae50784a0c092ea,34.9
c8612759068c7216331e5dfb73b47ba1,34.9
abfd867fed6d5c27f2c89e7b14181c40,34.9
3a992e6a82ee84aa0877d9740bd50325,34.9
5fcb697f25738603217969e82ae5db49,34.9
f70b5ebf467ae65a93a94b9e028dff02,34.9
0017a0b4c1f1bdb9c395fa0ac517109c,34.9
4d3a8a955c127a274e2b0c612ef213b2,34.9
adc855b663abfe7d7956b27bae71a6dd,34.9
37fa50b0a70463d905d00496703b997d,34.9
d962481ccf3e97521018974422943966,34.9
09dfcfc2eb69eecaedfdb6855ca8301c,34.9
05a76b868de36a1723b93d8879251186,34.9
7bb71c78bfdc5d8a82c1b6866956daf7,34.9
940f2ce7cb288f723f854cdbf763b43a,34.9
91403c1d45b0ecad1dc85803087a4a98,34.9
5285c1f9715e25a883d2c74686f13114,34.9
087c73da7b217960e3b18443ed5408c0,34.9
3f4b51ef2a752bb1a40f1d9415f053be,34.9
98d8fb04ea8af6ab860458818ad53bd3,34.9
e8d272f5edf25b4c9b3ef7d66ca2688c,34.9
95b4cc7e3b32e271d581e3dce4403c77,34.9
7640f74e9d8d7cae31dde07a5fb6aeae,34.9
9298659a888542ee1dccd284384d8ff7,34.9
c16889a295fa3650d502c5eb2e0fa5c3,34.9
430ec51e3c42def76f0d79a8edb21784,34.9
abb9325afb2095a76844fa08d71109bb,34.9
8eb0e0af25f96786aee5d91f687443e9,34.9
7353032e77979ae7197285198b59d196,34.9
5934b56aaab3f88d76e0f002d7eb8802,34.9
77d20cce54e3b6b20b7207081077b084,34.9
9a18716ba4150ffb34ca9b4298cc0bd1,34.9
d26a4aefb8a686145db0b96b8b428c5f,34.9
7e9d165149e0c65112e2b9118b8e6378,34.9
695488135dfcfec7886b32ea7193a63e,34.9
b271ea3ef36d51fd166de2229cd996ed,34.9
e3298156bce8173bef2a1711f27f6242,34.9
42a0a2e3985fc8b9d0bf3adb6aa40731,34.9
b905cd2d6fb12189d83870be0d608c9c,34.9
294c84368e1e700bd409fdd944eb07ad,34.9
36648b18906353abea5d060f554acb0e,34.9
944c6ee35914cce1ad278c06a649b312,34.9
739615c495132b26d5897b7f91e8c19f,34.9
7906f3450eef90b1c63e50b38e0a7862,34.9
2b1e47c1a29b1db00b326753395c08bc,34.9
1b4161aae1f4de9b9756f21e46ae2106,34.9
6e527042a30ca349ecbf642626ae237f,34.9
6a59a192cd68416ca60a4a5809aecfe7,34.9
b5d969127bdba5ee81d09c86e6363176,34.9
bf44c65b0e07eaa3659c0c5c9ecbce69,34.9
9d7aed3437d31b255183e58f999509f9,34.89
8fb481b4f5b2ee031391617a491a3753,34.89
8ef1cfde70a8df9626df676a74558fcf,34.89
46e2d6b50f8e37ab99e7f2aabcab7b3a,34.89
73f6228488880970bc53222adc55517e,34.89
2c25e9b2b46bb93a1ef7a2841a5b4ed2,34.89
ea2ffcd3dfb1bf456448d1d3ae20a0a9,34.87
f402d94bdf5018a2e08dd541ed738912,34.87
1c10417bea4e9e54e3ec63c77e88b7ed,34.84
70cc0d7738ee00ffd828c5962645126d,34.84
e4dd83da8d4355e9f69ed371d64d6638,34.8
1123655082f805a8926e8a53ee60b01d,34.8
b412429b3fdd145935b685097b6bc88b,34.8
117be93d150d3776c7c1762c972ec02f,34.8
20aebc0f0e6da06736249c19e0eec816,34.8
6c5b1cebac95ee786db6cf1b79411f64,34.78
b5e8f9d5c96ed06fc4ee7132f45b45cd,34.76
1b58076659bb8e9596faec56777da25c,34.75
1c0581eab1e3711b45b750357554895a,34.75
2770390e8f75c90e7792dbb75e1cfeef,34.74
0e9c9ee87acb98a66f2f056c5d49adc1,34.72
534a35b633f86d450cc51643df986b20,34.72
332fa12f7a0048839dc93ccdb16b749b,34.72
3f52be0f079cf8ccf2471bce5fc1c7f8,34.72
a2332c527274bf42f10b829c579f6c7b,34.7
da97d12c6f90c983ae3d35f42d1bf2ce,34.7
a46a083b3986c2b0accbd6b532fdf37c,34.7
4c26f80048c63c93db62749c9f56dc9c,34.68
6fc83638ac91b73a1439370e4d95a733,34.68
824586bf0c5be85cf4295256c5693f37,34.66
6995b3a491bbb2ec972952afa7b8c684,34.66
c74f90c33e410e49b09295977ad0e632,34.66
d163cf4e7699b15dd8bdd1e3c5860a89,34.65
867c55ed114e42ec2f42e8f40b114cf4,34.65
4e4db632921de78e11340349b66f5c99,34.6
998061465ec6c530709ed291333da28c,34.6
56a3ee7d981e822f36b37b1426f256af,34.6
7643af47cba4130f3aff4ea2ebb3caf3,34.6
cb51b2fbaabd9799feab4820422b270a,34.6
39e8c8fb7bc8e9593e8dae4112fc1d3d,34.6
ffbc52ac99e6184f3961fd791be5ff62,34.6
7eb65253e071f9123cc70887599b39ee,34.54
80d373de62c0d5d296dc5530e68c7974,34.5
687c875c7ae86136cabff5df4af2e204,34.5
2b0205e1548b2eee9598383e60e6bbf6,34.5
094268c3fc6b7f4f901169b464254510,34.5
4c33cd096ac1e26aea9bcce5306684ee,34.5
9769cf8e0cf29e8df3993c86c6eeceee,34.5
3098f766b6e8e9769533d7ffa2472423,34.5
8c79d93dd3718c97f2f4133f77c631fe,34.5
116a414505bdc6407434a0ed928a47ad,34.5
835290f13da9e4cef839def4f4fdfb20,34.5
d3df02177d82cf2102f7448e9764dee6,34.5
163fce777143335f91e6fe8b2c3b960c,34.5
a5942cce62180f9c3f7ea610f1e8bd8e,34.5
7a7d6b506791478fbec785458412fd17,34.5
f81efa4c34209e2098ea6196ac653aae,34.5
2e0d77f644907523f5bc77ae90791cc2,34.5
853d083e497f3f2441c308f5dc8b990a,34.5
02b5dc176731821cbf299ba7ac64053c,34.5
e406ec5a3f6e41c1eebbbcc6f48abda2,34.5
2b9b0a1c181f767e11f646be504aa858,34.5
5e25baa32999404a42889ee63ab584aa,34.5
5f14b76429a1e7266b3f4f6e239cc31f,34.5
0a215d233e87a33399e8defc4598588b,34.5
4d5e97a1930e2147547bbbf81715ceb7,34.5
2e43f7f2d2224f51ee172eff5de196d1,34.5
92504252be756b023437fbe7e6db9463,34.5
bcc8d940cce330c07102f7857ae2da79,34.5
26088294bb55860ca38501a1182dce6b,34.5
4a3b31cad40ec7ab9426df7a64d2edb0,34.49
dce0014426964924f9564758e4fadcbf,34.49
178b1880a7ccd2116b6ae0c3843cce92,34.49
f49b2fd3d290c3b75e8788498bcd9e98,34.49
b6e218c0af67cbf5297ab3e4cacb3839,34.49
7d1d607f1a17cb187a4c3e557fd8575d,34.49
b634d4732846c7f15917a55b83c22678,34.49
2758692f01ac5b7613432ef9df04a56f,34.49
664a413bf40bf81d1de046a84f08c9f0,34.49
fb67b1f519b9850cc4f21452d9e5a586,34.49
f456c97ea0cd35c21764081d00e402bf,34.49
6ee311afc0adb5663ad53868d46ba39d,34.49
08e013ad5df86a6cda3d1e9be0a2cf0c,34.49
b3e4a427d292acc883ab507d91566169,34.49
ed798cce3b064ef2c0f65596b6216c60,34.49
fe4b77a5964aa7c2e9980def32a67e95,34.49
8bf4cd387c05a3f413601e3aeacf4765,34.49
c7602dcbb2706c047848d20ed9dd2879,34.49
95a951554afcef4dfa54eaa876103cb5,34.49
a068602cedd0771887f43fce7f02b536,34.49
dcbe0f17d2d379152bb4bee559af0f97,34.49
becc8a3706ed0f7e1c7d7becba19f3e3,34.49
32ddbb258315f2a582ed71802e1f6c75,34.49
1441e5e09ae697e64322b63d1909bd4c,34.49
d157955b6be3a7ee41fa6f4b23739472,34.47
c52cc5795202c0c882ca26124712a3de,34.4
a5899cb7400d6a3d6a0348d42c86adc6,34.4
6f47b7699f8a027611922b02d6078f91,34.39
98f0b3e23eed600aea207d8f08d2b7b5,34.38
9422f81fde161e5d65718e6b1ae0a96e,34.38
d79bbf4a1c9af9f33686cf1f64457f63,34.36
c3c2890de4f0b5e1dd05a3de8947bf30,34.32
58cd637ffe1e0112425f0b869014919f,34.3
000419c5494106c306a97b5635748086,34.3
f5025a3893cbcdd251b06c0b3f7451da,34.3
f2f1996d492eeed51d8e8f181bc3418c,34.3
293468c778c7dfa812bf7ed8b766577e,34.3
259be3b485b1e4c6f3e732d88d673e68,34.3
48e3f5541dee310caf8cb2c5d1828015,34.3
e67f669e175f3572055f89dfb87d7c8d,34.3
1b02883560cea3c3081656891def4666,34.3
ceb8245f2da49e83dbb3476ba25faf6e,34.3
0c850bbaba81c6631a969cb47b48aaa9,34.3
b9ab932d839992603b54ff70dedaf357,34.3
8c2b38e7c69c90732d340de8df115c89,34.3
662bd2ea971f732c950391bcdec84eda,34.3
f0d8aab4b5ba5429f2ffca4c381bd44d,34.3
cc872150beb54a70317bc37c1d62c9b5,34.3
3212db6eb86f79cbaf60bc83f8be0e6e,34.3
1b92ac06795410c4ef23420872a93ab2,34.3
d60e47926f23b36867e4deab0d91bb6a,34.3
87e05000de634ae8a72aaf477eb5e5a1,34.3
356a7b8a722cb4c3b2041c0807c1ed8f,34.3
ba4169c960af5964c480e2059170bb9b,34.3
3cebb5418614be0993ffaab8fd88b066,34.3
29930c7777c92ade51cb983da38b64b7,34.3
7eb773e1a901936644a0514e3f20d8e0,34.3
95487d0934f136c2742457652f607d7f,34.3
dbc778788a25fd96ca5e9e77ca52cccd,34.3
5ccb310ba483a89f461da705b6906af8,34.3
e899bf2f5f7da06cc412595d8ce11351,34.3
24c2b6055e3e6af2315b8216a7785e34,34.3
9e105fda1ace04054f1a9dcb17aea8f9,34.3
77e7a543346c063e804af0d1c7829ee0,34.3
c6f42e5dd569247aab7d16bbe7283d9c,34.3
f129bb049aea10d6b7850c6252cdced9,34.3
e1b7e606f7b8f4064b028acf1e961c19,34.3
d51275c3f827119f0c5ef28ea4709b66,34.3
343dde2a5e6b279975895db15e6e5483,34.3
238dfa907df715b7d899027fb5e01316,34.3
d48bd10c0b0a05b1cc751f8894c32bcc,34.3
9ac9a9ab3252a8734a70641f112289d3,34.3
1dc4ec0fdc0b66efcf8874ccf7955197,34.3
eb13d86da85c6c5642dee077f235212a,34.26
41a16488effb86580d7a89f8aa19a03b,34.23
060011f2db60964bc59850b81b148351,34.23
b5446e13392bc45a431a670135776019,34.23
0b88a5c40d657148e615f4eb8513ac00,34.2
236b80758733fd4d08eabe89ac988ba2,34.2
d3e368412ff575eaf086a0fd6aa37cbc,34.2
9a480b9c9decf04f8d95b4da30cc6141,34.2
ad99fe7621be4c8dbf7250115e086f44,34.2
8862497b709d7bdf7a68ce43e973b7b0,34.2
4903c1d243cfbc9f8856154de8624811,34.2
5820f27d2f97a96c7c57219ef1adc5e6,34.2
a7d24ee76f1c2a468b7997a78056b63e,34.2
d78b6863dd19dc969e202b73e3070ffa,34.2
739a32b2dfcac52c4726c626a7383e1d,34.2
384d79f1020310fdeecaf440abd4f0ca,34.2
cc5fe3b10431c4cbb202722dcd78818a,34.2
f20afd4cc727293b97398aa1c665e9cc,34.2
aef95302657b1911bdc55c37412632b8,34.2
71982df42edbf42a7d4bcd238f007214,34.2
6b53c8e698ffdea3353ba3339aacfa95,34.2
3634a95f9744f906816e3369c09ca6f0,34.2
eaa860ad37779a36680e93d7d2b8b040,34.19
4c64b9d1122a70029fa577c6b5d8c70f,34.08
2483662803a47913928f852578c469fa,34.08
d753559916f138b54ea079e70bc986d5,34.05
7e88b6b03a09804d9fff9242bf2b14c5,34.05
aeffa87be1c09c7d3748eeae76527494,34.0
edf0da35d967d6dd4846962987b7fa00,34.0
c38d55780eb6ab54ade6029dfbac6ddb,34.0
8d0c69a20b7069397a53a0c2f6ea4c0c,34.0
ee597fcbef53286684e7012332b44a10,34.0
bb0faea38cea645a7755175bbadd6535,34.0
167952abef450eb8fc56bbf828db72e7,34.0
a4c73cf63d6be08d070b33ab1c99f76f,34.0
5d1ff54c05c7c5044718b88a49c704b8,34.0
a1ae92e31e82dc93be192ee4fd8c2cb4,34.0
129dc6f70fd033ff1b8c267daf0e0298,34.0
1b2f9d96c84e575dd66d434389d66860,34.0
35c01c5f551e1d41b65b9164b1f34386,34.0
0c70d21dbd94ee2062ab588e53a9cfd9,34.0
2899a15d86ca65cd24d1fc9a0deaf800,34.0
9001eac01a911e14fe647bd57e72a56b,34.0
0fe123899f3b5e1552eb5dea4d9d2283,34.0
15aee229d1d48b6a17dd0b8e2a3705e0,34.0
dca0cf5e53101adfeb3d71f5260d3a57,34.0
a4ce9ac789255d865310ffdf6586c2d2,34.0
4a7a0d968dbe3fe412df2fc1c107dd1d,34.0
68245dfbd8366b057c7abbd2cd1cecdd,34.0
64c73c9f628fa70ce46cdb3fd3adf264,34.0
b44d67d74c2dab6a4597359b1edd75d8,34.0
7e265cfd79bbf7855fef7f22b2d0a01c,34.0
67316a1a638cba075828c985fc6a8de6,34.0
9e649fae70694846548fe4210fc9df64,34.0
53d1d47296ea5f33007601cd0e58d2a2,34.0
ca0cbc348ce930d599f8dabcb7436bff,34.0
271581e923a076626b2e98a49be8c039,34.0
0ded51e019af537d7cec98cbdfef87f5,34.0
02c87e1d9044b3b13be82ed804a34a6c,34.0
ba952a532d1fe3ea12b1bf75172b7fe6,34.0
df69e936b93edc5cecff8047373bc369,34.0
5a23e1103363f76ce7595538bbbcd11b,34.0
06c02121d99b9b0f03afa31d5d2d305f,34.0
880d7ca6cfa159dd4a6c2bd1ad73a7f6,34.0
fd2ca161eb019112dc7215d72b574e9e,34.0
36ec48f81f70117eee115da4b60a50a6,34.0
b2b363be24ab9e279950e7f031ed1d7f,34.0
98d3f1497f563a04b97f938cf60a95eb,34.0
932cb955d0fbf4bef9fc737585832620,34.0
22bd81ebb97beea764deed2b93e1eec8,34.0
668e1c0569ea85ae6f6c2b46cc30fc8c,34.0
54b176f522b30ea31266ef985a114348,34.0
fe259c53551918246c4d67649e1a9833,34.0
a72650132f02ba644f1c210ca37b9000,34.0
aa5b7785199c225fb6938bf1372d6026,34.0
735da8aed9eb8112d8b3472d632acadb,34.0
55007379dd2d99a14efabde99644dbb9,34.0
b1bb6d770f0e70d1ae909809e3236538,34.0
327da4c5a95a199cc74495dc6babf02c,34.0
aa918dcf8eda36aa6639e3123a64ff2f,34.0
8d51bbfd67bc27fa458541719c2f31f8,34.0
494470233a81ff4009dfb307706f48eb,34.0
7195875a1f2cdaa5e75a1f132530e156,34.0
3d78789a9236efa5e2c7a1c03d426b0f,34.0
93dfd5dccfc590abda99d2e9f3960ea5,34.0
8a5fdba654300f99ae1e666b69c71d08,34.0
57b8c98c3285757f4ab2cb9dfef9ba6f,34.0
0ef45835a657c44b852360596e689cba,34.0
e183c0716e28ed5302eb1a3bf6d316b0,34.0
c29335a8f8c366e3b1b384dbef4e909e,34.0
719c87a4b983b44744b888450aad4093,34.0
3078a3176978437dd9dfe9e5393369ae,34.0
fa8beffef385577583fa4f5ae3a01698,34.0
a78737fe65e513541043cdb631b4d3df,34.0
5c8484a2f90eef08c69c1295b3d33049,34.0
70c787ceba70e4f8cd193ed9f7e0f7d0,34.0
2a7157032d44a7a8d9921d7eb66c4f76,34.0
49fbad4fd44bf061db521927312ac8f5,34.0
fc6771f85d06ca10aa6ca631fac4699b,34.0
ddd53690849f9dbc6f720f503fb37d3f,34.0
bdb76be5d5a9873dfb4f392ccf7aa962,34.0
964bdedcaffe587192ba8580b1018e36,34.0
081ecee4228a97b36aa3b2cbd1bbc1ba,34.0
80d3aec52e59c9f1699cb37578939c7b,34.0
4c3d19f67387b497e305c4804fd59a04,34.0
a09bc5e0bf00f02162fc11c5ba76ae72,34.0
7e666376c9ad479976211b0f7f7b500a,34.0
32cb7327d17784d2cff0134d28892d72,34.0
e2db5eee9dbee45330fe8333e109eccd,34.0
358f1d26a875965091ac00815a656597,34.0
e144d625b739ab69821471cc91327926,34.0
285a2c89e0769a35966072e2d9ddd486,34.0
e97cac1752dfd296c8e431c35cf9a0c6,33.99
e15ac927f77cc9a475ffa2d8b59920d8,33.99
f0c00c8822173128caa59de9279ff573,33.99
cc5b37630621e353ba3b40e345f4cee5,33.99
1876a6381923fdefb70429e15e08a078,33.99
6561ef6306e6369b42177e51ddcc35ef,33.99
d0dd4d814496baab67aa8169452c7389,33.99
daef7f39adab43b9c061c3845c9abeee,33.99
d06394501873ad78212e530d7b89ca02,33.99
d70e5eac00a9d35a3cb193442c0287cd,33.99
92deb673372d5166b7bc5db819269c6b,33.99
b4593b19fb4a0179fea1ea466613b3e4,33.99
23cbdb36051e1a2dbb401e0d83f91ddc,33.99
58b75381b97c75d94e51fb72db47f4da,33.99
3ec8cc6d30a0755af39886e37e4a872c,33.99
4394e736cb205ce89c210d2dd8061745,33.99
cce1f6220c57f2f73f32ab3929e2df07,33.99
262a5aae90d33cc2a388984ddb13eae1,33.99
fab1c8d0492140b974bd11575b4c0e78,33.99
8a629de914739aa508711c4311abf537,33.99
996c2d5bb512735c35e2d04598f77810,33.98
0a3ac1140826e07dcd774a7fc6e288b6,33.9
2b56e94c2f66f2d97cfa63356f69cee8,33.9
f0eb9241899fc73d5a852f7993517e2e,33.9
7382e15ba41c27a6daf688404b5709ea,33.9
871bbb7876617cfe857ea6d2ca7c8f4f,33.9
44d8a794c8e40d5063528003d8974881,33.9
144f118d87d88f07c47bd1caf3d2f647,33.9
1c6a3710fa07390762846e86a7dbb490,33.9
5a4e6b9af6ad6e44591022085ed62a7b,33.9
77ac76472ef4ecfcfbc6b72a5057f616,33.9
695cb0412616b61cb92fda362d19440f,33.9
cc02ad21fb07abeabe093734798e43d2,33.9
025ce7b097bd128c2d494aeac94d62ea,33.9
f0287f4535d7b18e63bff00de4ebb889,33.9
5f4e520b45ba37afc9d95eb0849cdb30,33.9
e1082da721695c572e703381e22ddb91,33.9
291fd0287b7cfd75702b9be21f23f1e3,33.9
821208246445cf31f4aae41554db9df1,33.9
29c1dd7d642766efc9ef981feee0c691,33.9
05006a510ff7ae9e5b9901344cac5f24,33.9
c1404cd823662af70759b6f5078a576f,33.9
04509e3fc8b310f74b4ee514f0c1899d,33.9
8e11f6a9bcea2c1c95a7ff11b0316b22,33.9
3c880937d8fe54155db71a1010512242,33.9
c7c9489d6ff8e0fb7355f8ed6c0deab2,33.9
227026e1df8b4b1b33c013b861963c0c,33.9
e9afccf70d6fc1deb35b9eb230ba2933,33.9
73a710dbc1214a53b1c3b7222b9bfd83,33.9
f2893ce78f13038682dca8286924f451,33.9
18d9916b9d0b1ae261abccaa6d2c4741,33.9
7e1d6ae9c77f1010a374656024661408,33.9
94ee6021bdba29d170096b11229abdc6,33.9
3400a0ad8864ba57b7857d725e77fc2b,33.9
9eb9aee89944d31410282c1437ea8c63,33.9
ea47fabe452d49a57899ae39d4133bec,33.9
735fb1ee87aa26987bc7e2416b167054,33.9
b3f8d2940b0f088e5daaf83ceb11a8e7,33.9
97fc391dfdf0d9fa1128013b95049cc0,33.9
d82edc41fd969ca260ae3c45ca700ca9,33.9
0fbe0a693526f98c8d703e94def41c78,33.9
19653886ab528741bd0e988a41d643be,33.9
1fc6b3289b080e774c436bacf707eeb7,33.9
02bb19e4d66682ddf2b4ec648db0cd48,33.9
c136862b902ffb900a1c63ab433ddefb,33.9
af3d832d3c7934231709ceff958cc40b,33.9
bcbd6cac6872d044a9ad40f105793e57,33.9
8cae9570f7b1e0f30b6a31ba75fd8314,33.9
c1884edad7ac84fd6d66a350977f6c27,33.9
313c0034763a60cd45ca9202e782f28b,33.9
b34c248b00a925d02d3d4a1c5877e482,33.9
c624328295d90847765ee77db086b58e,33.9
7cb07e905e7172ce6c04eea5eed5888d,33.9
41ee1607f629eea5c7aa658053748326,33.9
1c615574e183e74d030daedc373ba3ec,33.9
bccae5c7dd2a780d7ff0324eddc18ea0,33.9
f4c1c4ebe3fe512c2ebdb3931d265c03,33.9
504bf939491dee2907b21a5a614724df,33.9
2e017d08bf6e0a7b1af5d632f3bfd053,33.9
3c9e44b8d3fb692a1d44e273f3e7fec3,33.9
a1e66238cea795f0c30a76e9c5491bb8,33.89
a466a6b7b523a9ad0b85a1872a03c264,33.89
8e801893888e852d4d0b42a5cdc1ab0e,33.89
5c4512b7818056950a47e3a97e43977c,33.89
b8a8f0d040850c1e5c76d0614d22b8df,33.89
55131aa3ad93e5d6765635d785ac5de3,33.87
e6e855f3644b9db72b52e9fcd9cc5d9d,33.87
bdfce79de4a1547f4c0f6a92ff75ee71,33.85
64b086bdcc54458af3ea3bd838db54a5,33.85
bd8169f755cde48a9af07b31e2649535,33.85
ad970b9bf9eb36c6faa345affe1cf138,33.85
42c73162e6fbc5a7d1656b3d0ff38e01,33.85
72f02da56adb4850be5d63288e906390,33.85
f1f47119f889031980d7fad6a0b0c62f,33.81
a32acf5a04c789b2136538fbac2e72bb,33.8
34ce17b3c7156f615f630f5d42c3863f,33.8
68930e4bd02e1b1e603d462c6e4e2849,33.8
aa017c3944e3b9c97646a4fe0bdcca77,33.8
b3fd4b54ff2cc5156f17db70dce41aac,33.8
56be6e8c9779e4a7bd8fdf41f2dfed7d,33.8
8d12e45dee8c09b2510d95b8688a17a3,33.8
065dedcd0da1b0b3995024ea66117c96,33.8
e05a24d2c1d2cd3ae0482ecc1b4d069f,33.8
6c6188669dc1f7300b57fe0fe378d24e,33.8
4aa2e99b278fa15781806af208a86c32,33.8
bccc6d9634a17a867191fb336a2e07ef,33.8
8e54b5b1e4935a0aed2ac2bad2b0995c,33.8
a490a2ddb8c33828bec55cefb78f3117,33.8
bcf99814b3c0c71ad0fa75a2e7b72658,33.8
1baccb2aaff20dbf456eef75d7b87b93,33.8
1aeec9b1de1f7ff20d46b615a0f05f0a,33.8
7f3994454246f19eb6e9b1c52af0572d,33.8
09459fdb13104dcebd0c08f87be0c08b,33.8
471cb3740da797097bd218ed177df734,33.8
f611f307c3d457a89fe46c32e98e011a,33.8
81805d02402ef56db08122440a0a938a,33.8
d884c81ceade1c9e5a676e754256697a,33.8
158f500dc97199224f2b80572814646f,33.8
ca9797a749eec5f81c55de42f8d6f176,33.8
0f2aee532022e9dc46401a1007e7ad9d,33.8
59fd8981d47ba6ea0e75ad7e2e026817,33.8
e08bd7c6e467d7c79f0db80d6a9c6d07,33.8
cd315df8696253c1319ad425de037e8d,33.8
c4e7d5a63e02521c1cf83e348cbc8bf3,33.8
fa819a09f3670490f40f198b7fc93a94,33.8
933d04190021321a552e32ede56bc054,33.8
aa1dc043644fb51e654c0fbb6edb66cc,33.8
770a4dcf5b37e7a43be3fe5ebbfe4275,33.8
2734c283312a49194c5468aa8567d51c,33.8
b2cf0c263573780cd1baf5cdbbbea26f,33.8
1eee711cd48373bb11282229f1b042b2,33.8
3234e6c13c6fd6f5697f19fbafe83d10,33.8
b0e374d2f2acb958d14630cbf356070a,33.8
38b857bf309ad47d4c4340402274e90e,33.8
7fc7e53a1ee6519e9e2b638289ad7b18,33.8
ba0083b9f813e6e5830fe651ce796037,33.8
1acf5b3f74154a077902cc31167839db,33.8
ef04d13b6ffcb6d0bdef9f0ac2b69966,33.8
a4b296c2ec5ff873f8c83fa0d92c24c4,33.8
4ec4d40b56fcf9e2ba1c1570a30b6f98,33.8
d94f717fa5e77c3d7b16ee7cccdfe45e,33.8
8fceafecb6f78c92c97dde2f6d1cac63,33.8
7dae275a0c48d70976e53b4417324dd5,33.8
bdd1804f10b8848c98659a9034876414,33.8
a8eb4dbf2a6d1be98cdba8efbf776a18,33.8
f777c63e2d9f75c61f37b77360d2eef2,33.78
c66385e8fa584c0c9af80ffa0408b3c0,33.78
2da308b29169c77480e572cb81f713d9,33.63
38ab12976fda60f9c224adfe69523ca8,33.6
af006ce9626179d83fbd022eb4afeee3,33.6
cbff94e105ea931745492355ce3b9558,33.6
cf50ec4dab12bc5a10e41e6e4b085545,33.6
52491a414240dbe07bdf18b97e3bb5a0,33.6
296aac913de459261bbf2bfbb9980954,33.6
0d002ec84d39123abdfe7ebffc04bb3e,33.6
cf126f0e4aa7e757ae635b753e94bf4b,33.6
878c7c46a4ed1541fc57e28a26d4d1e2,33.6
332cd7b9d5b2e74bf7553bfac694996d,33.6
c630eb58d4776ae146e9b25b93caa58f,33.6
ae34215e10534bfc372025bc69c7034f,33.6
9fab54cff7695e7f8340ff563644566b,33.6
1bd00f336a9c3b3c35a720f715e7fe58,33.5
02405cd33ab625b311b3aabe5402dcf1,33.5
bd8e2c85ac6c8810b119d2dd90c54ce5,33.5
986328873061709d5300337ab4894fe8,33.5
f73641073710044575aeed548afdebdf,33.5
59c20aaccd770eacb8b3dac4b3ef9358,33.5
bdfc581c6ca7a2509683078b94cb6877,33.5
42a161720667afb9998d609863391870,33.49
cc13f005c0fde5c8edb518f1d7f4adef,33.49
22be7bb6addc0126170bce627ac69f56,33.49
2ecce1e69373563e1566114105f5ecee,33.49
e43064fffc20069cfdbe76d4cb9ed0b1,33.49
3dfbf844abeffee1631f66fced77dbef,33.49
9187590d44686abaa6362f69be5715a7,33.49
12638fa4003c4213b65e5ebdb9560a6d,33.49
10eb2de5cca510cc1be07bee1a562565,33.49
af30cba70ea89e6a63b8db49eb9b7b1e,33.49
7b7ba1ea7b27f88bba9a40beb28b0520,33.49
3dcc24d5fb7e682f7eda78478fb306f7,33.49
b2930651f79c65466a1bab5fb5baf7e5,33.49
16a599ea07c3f24350b7ef0bf87ed1e1,33.49
426c0e74045f1622fdd5d3dbcb20be2f,33.49
e3675484b0ca35cb2ffddb7ab5258a9c,33.49
120dd4afde62b0c8dfe915a1597950bd,33.49
1e7c63005e58c8c02c20ef58f76735a0,33.41
3effa8f45f1b79dae23e1867d20fec21,33.41
1ac98de7a64e4f5127a181184c1fa924,33.4
129b2029f5b71ab40725b4d202e2632b,33.4
3afdfbe97490e2de65689bd2ea60238d,33.4
7428a7362c14e0386a6035b72d75b7a2,33.4
83a013746849c173ca9305957f463d89,33.4
28d5ddbe17cf2c62357a3e08db9d6c47,33.4
07a41bea02321e3258b602c6f8dd4ff4,33.33
9739875c8c4bfb511d3c2d2e9887eb89,33.33
3c4686a68ad60da3cfffd677cb17c1f7,33.33
87f98bd940f6683f5f4af3d649d05be7,33.33
e797152fdefa439f05ea2077ec78e2b7,33.25
0c074e014f4b775ec78e28f3f35ee0fd,33.2
078bfceb258f6ee262174cbf251aa763,33.2
b9b46d7c1bc9f38ccf4a1ec449d90317,33.2
8965a99bf5b3c17a1669d8ed1c31b9a3,33.1
0ac6284a32c5a5d0a62d9dd33d96a98e,33.0
6ec737589d78aea094fca5cb4cc17760,33.0
a5158362cc54afe8731402040b13d7e2,33.0
89c95f6bba6ab0759de782931bedd855,33.0
ee269c739b58491e77a2d01460616914,33.0
3441d1ccfaa627cd4ab94b3c799cf663,33.0
193f4a251d74904c94df4e330756fc6c,33.0
54c17028a374a93b04bb0676251f4e7d,33.0
ad7a465c17f982816cdb4e6c5a71c58c,33.0
24c4f807cb6e92665d8f59e753657ccf,33.0
18cf299c9041729d3bf4dbe1be44a06a,33.0
22dfcdfd291a3504e0bb5708058ef999,33.0
87b37364bba9f7fde63039df48e19f13,33.0
d62b098e61643a06d5f8fd6ebcabdf82,33.0
4b7cea06a4086564b33d9ec3ba877109,33.0
3591f887df153da2719e91fbfb37817c,33.0
a394adc4a10c887539f7cf0ff32e5e93,33.0
a73e900dde4c54b06261d434b3a4f957,33.0
930df39c8a9d948a43f77b0fcec43814,33.0
a6c7918342b4916efb9c858a5554dc2b,33.0
e1eb245dd677f80c7f2248aec3aa6bfe,33.0
acf35fc5626ae167e8e2089a15cc517b,33.0
254e327149dc394a4edc7ff695098547,33.0
f1a46a71a91a14089a5aaebb43f0620e,33.0
05c21a5b935941bf33883571a74defa9,33.0
b63c3897b6259fc5ea20bb997624ba7c,33.0
c042e442014d7c8c275bc42cff722a85,33.0
9a700e35fcb280a68b279f2b9822c8ce,33.0
e536895ab7864eaf78dc9ce8ad805a34,33.0
ca6c10d518198f319bd90d14d5645ef0,33.0
ada98c5815c41b1489a6b5761a36655e,33.0
ea87a3c76facc40864ce0887652426b2,33.0
f97e34e3f886be794716f2748905d78f,33.0
23bad2a966f86ce792967692edb060e9,33.0
0776b4f6e66409776cd39bf2ad45702e,33.0
7bd90e3c2661bf832337d0c1f8837579,33.0
04445deee7383ac75ad3026150466867,33.0
048de0c58d1e0162415cff6a34e2df65,33.0
26299f241430972db79734a58139252d,33.0
de5b74249fb3f1947ae0286c6098b576,33.0
54145958306ea638f01b8f3817d2d434,33.0
b59d737afa00b0c40d33dd410a53084d,33.0
07bfe0aec1af7b20ba9de14bca33b0f9,33.0
c97a91289678421e61afa5159b0f3b97,33.0
decc66bc37af2784bd0358fb65f2bb3f,33.0
03d01c3308507d5d861af0d89b65beee,33.0
90c091f5aa58aced1aac4576a90f7220,33.0
d30e1ada49b2fba761241d26e815e6c9,33.0
923b474141b095d5e2f0532c4593d6cd,33.0
99bbd0347ab66eebe6ae73753146c3d3,33.0
eb016e19debc9894e302fa6ef442479e,33.0
37ed0b3fa78fab54b771fc1e2723c5d0,33.0
707b5d5f3ee1d9cabc657310b0b56d0f,33.0
c616dbff41c008fb0d5f5e7bb8e742ba,33.0
b16914f7da3bcb393356ec5a35d59a51,33.0
5df6dda4226bd9c10dd9d75ca65221ff,33.0
2996ce648d9a96c6db31d26d4fcf4824,33.0
ab898d9d441bb047b34bf50b432bf34c,33.0
2b66ac287e47972e1c8ca427aaef1270,33.0
f6add80f942705dcec015e794caa6216,33.0
fac1698c524c18637b8557cb95b2677c,33.0
2a351c540a0cbdd0d9c266626f6d3acc,33.0
08b56a0a9c6eff4619a9a141b4dd37e2,33.0
059fec8731c1c58cdd34f859acd5f208,33.0
1e8e8e0bd7a6523848511a4f8359f8b5,33.0
34ec582035f4cb42bea43bfa1335c204,33.0
3d1491e112ea3484bc98616477849c71,33.0
96bfde50d61dc1365adc0293abfbf8f3,33.0
57ae8be4f9aabcffb5c7cc4d3b9ff87b,33.0
fa7f8570497a9887509dbdafa8a9513e,33.0
84434a091beb237c00b214e254580be4,33.0
bba6648207f3ea081e1dc431eabd276d,32.99
ac379a43707819363d962c1a1cac810b,32.99
d1ed41bc427405c1efa9aa30cde87249,32.99
240d4a898ded55c3a9f83ef0f89a07c5,32.99
9689bf5023de6534d903480f289ce4a9,32.99
559da40e28e7541e69053dcd7584946d,32.99
ab4b0bfd313365452ffda5e09d7d9419,32.99
259749df278437824ec1739846281357,32.99
13bd774798d2cc85cf4b6220a9dfbe77,32.99
b7fefe142962b04fa4d97b8bec20f8a1,32.99
1693c21263bef845b8651d7036f6bb49,32.99
766bcf96753cc0dc0655f962597f2ea6,32.99
95b738395bf0327a8ecfd0dc17118bd6,32.99
820c452c2726206bf394e08cf36705c3,32.99
b73ac6c93755e492832020b47ded906f,32.99
efca6623ba3c1feda8e61a3741188b4c,32.99
c2885ba32d9fcfb7c79c59ef42a74e88,32.99
0fa62bc56b1179a5b1bb88f2b94fcf11,32.99
fd967f807427c24072652b1f62d4fe47,32.99
55255f1cffa7946e5db488f14ae61cfb,32.99
d62ea309fcc28ec855324d8055ce2aea,32.99
a52669bf222edd65ed762c1411d70f9f,32.99
6b8b4a6e41b8917b1d46ab80502aaaa6,32.99
0389344fcfa1b39110fe6943f8abcfad,32.99
99ef70ecdfc7f7d28ea4c3538df4e84b,32.99
ebcc16a6177788b667355688a7ab5ed6,32.99
c3733c5a81a87c292683e8bfe2bfdade,32.99
9d7381a45eebf403b3b830a9742b928b,32.99
da1b659cb552542387ac5a2d3d98d236,32.99
34fd70c1a2c8eb090994690ff3cfdd0c,32.99
0ad8985d712b965bef0db41bd4331248,32.99
7f0fdc10daead822e5db41583f613e7d,32.99
ca98df741e6648abb616265ec95567b2,32.99
7c29841bc24b6a0a94f8f6a9769fb54c,32.99
21b1540ea5bd484a35a8b46662a0b756,32.99
e471f9bb185600f7662de69708e31862,32.99
a9747726d8eee30a4508fa88cd8a20a4,32.99
967da4a6fc14335c84934348089551fa,32.99
0332dcf396bf54bbc8e16e5e7c4c8d84,32.99
b47393771b85e7fe166f11a17423e4a1,32.99
5a5692225e8f8c8e991e45612fe94f4e,32.99
e789734c22b5671c5ebc823e411d3136,32.99
17c39dc5d1c939fb916eae4ef3f22b61,32.99
d20bb6bc2efe556cf5222d6b177cbbb4,32.99
c0f90357c31152626c781691029071fc,32.99
da857900091edddde762921bd62ff51d,32.99
ba398201ea0b47e63eee02504c0f81f6,32.99
7ca7693b6654f9f82bea7b9dfa8146c4,32.99
621bdee022e2acb3aadf90994fd4e39a,32.99
376bdeec297b1446d89c29cd03296b4e,32.99
9c11910f46b5a9a3d8366b09a0514c97,32.99
77069f163bef4933c6efeea244b3f606,32.99
ac817008b6fc6e57ca003314ad0c45bc,32.99
9b1cb64a819230ecd6f20e2f3979ed56,32.99
41db792fdd05f7ea992e84273303721d,32.99
0677048b122422b313b96967d64e8cb6,32.99
4cde67f0416f4b7161f9b5e28e739937,32.99
c4ee3143c92ea5a170b8737883e80275,32.99
b3698dc271a3175f13d5c4616e2dc0df,32.99
9d4aaffa7af020d04df29e4c07fedbb0,32.99
c4358c59e18e261daa78295cc9b20bb1,32.99
a14c53821824724db5ab1efc53be109b,32.99
49c8292f2dee77af4b38126194d34622,32.99
16d4ccbf270f873a8fef9a92e135adc5,32.99
683a5dc0ad540f0dd32d41d704bebfcb,32.99
10ca73ac5ed8435f7b43afcddf1c79ee,32.99
3a43094a902edb6ab100101182c5c2f0,32.99
b0d01a72741a1df7fb5dc44f13320db6,32.99
0d790691b3b4bbbf5ed30d3fde7b5073,32.99
36ba36f9ad40d562a0e6a61c9ea02974,32.99
ef7d4b5c8d765528a471e7bfbf61c046,32.99
9801ac60f0291d180e5df02015b35f82,32.99
27ed9299eff7fddbfdd20337369ccfc8,32.99
592c3481ee43eea664305aad2558f2b2,32.99
f6200ed049e67d0003e8ec5cea1eb13d,32.99
c5ad72b2f05ae78bf8e25ff9865d6e2f,32.99
d11000e29737a2d95309471c728f28cc,32.99
a701b36a1c16c14825fe0910734a9b31,32.99
1364c861e8447e6a9fe336673843244c,32.99
8edf9775ff2d85510096c409785457a3,32.99
9c739f57bef3c86f4374bf4a82392b3a,32.99
2c3d6d3172a4df1dba737f827dc503ec,32.99
5c71d0d610fe93462d9040d9657d12f1,32.99
6c3712cbeb56a32291f1938392ab7a36,32.99
30f32764afe954fa9bc8428792588f0d,32.99
b3939a2720fe35ff521a811a8fd10dda,32.99
3f244eb4a15e626a8fee14bc089303c9,32.99
ae2fa6e2989d06d2f7e68ea1d1510ea3,32.98
3509c843a061d65a8ab7ec2937d39e2f,32.98
ffc57553e2b7342c1f572edb68e0651f,32.98
a3c2feb8dfaf13b0cba5dae5b6cadb38,32.98
22f3e9a6ad6298d9e034684f29c881ea,32.98
76717af7e94ef8aab18364647e9ea892,32.98
f0d9d8e4ac3a29ef1b3382939e006298,32.98
c57b89d756843557ab53f7c679ea0572,32.98
ad35def6d6e9fb6f4c678377fbf8843c,32.98
ea613c2701983579d7a26c1ba1d6aa39,32.98
9e3c248cecf45df8908d2eba7f718498,32.97
f357d1ab7a43c1fd63ed0d5e91e15cde,32.97
3607518c886ddcf179860144a18dbff0,32.96
f30c4202fba22ee2b49b2af16767b380,32.96
23a3e1a5cf093002c08cc95f288e9601,32.9
e09e517bff3f066d606397fd04f374e0,32.9
1231ca7e128f70b30b4f6f5c17fef759,32.9
c2cdcadacc22185fbb4a39af8038569e,32.9
9dd0f4a6edbd989b7f2f8da3a662bf3b,32.9
e20a79c6c2b4425ce6abfcbd70e051ad,32.9
51900b4fbafcdd8f9fee317cfb9e657c,32.9
cab77812cc7fd13299f17d2c04b88654,32.9
c84a6e2da1eeb1774d66c63160a82805,32.9
a496197b052f8c9228c351cb52a2a402,32.9
2e677ecb88ca16a7f401ca9b5655286d,32.9
7bc51baf1a18e762ec76f266a818ecd9,32.9
9c82bb6bed60a8f2141d7a55c90d98c8,32.9
6df7b2d4e503b490aeecdf45e5610003,32.9
fc70a16ef4c1c733f42e776ff0a980fa,32.9
5a1e5c42e6d73688dfd4597bf24eb988,32.9
8de96756639d09772d2f364c7c81c32c,32.9
6cfd04631cffb91e705fc81451868822,32.9
052b13c60be8396535fb9c39b4cbd032,32.9
94eba5d03fc4a87e9a98c17ae4585bf7,32.9
aff7cbd6fe31a337ebb602534ab8c5d9,32.9
f6fff47846276bed044b63474bd38884,32.9
394c4558e06b0c9e8d6673e0d1c75d62,32.9
6be3e7d85cb9d2067dc957be69f506b0,32.9
0dbcd05590805375b6b0a913f2f7a876,32.9
7607eed601e08dec1c2df6f584bab898,32.9
1e3597b6a3709825babc1f9c2c5d1992,32.9
256ef90fce9238d079aaa58fbd1be49c,32.9
7fda493f747b5ced48e6f6851c22b21e,32.9
82c88c9c55cbb22b8cb4479e6334b454,32.9
f8f256090748f89576b65bd6825f6f6c,32.9
ba870e27d887b676ea8ef87bb63e5c3e,32.9
53d853f5d732f4bf8ce804877dc9e27c,32.9
fb3fbf7ed79b31b570ac5f62bd029642,32.9
bc11b964ed7f78a3271c903c50266986,32.9
0e415d6840157e2c279f954199bed12d,32.9
be5bbe31ad3a20d311793e67950f664e,32.9
7198d7088442e4ddfe553353d8ddc957,32.9
fbb35b170d5c724ec5949550d50c0062,32.9
6927bd0a23db4343c12b52a5687a4294,32.9
cac2ad59ce72f3c3ef20a94dd02f8a54,32.9
8168b4d71a3686f605f18abf51a2fb2f,32.9
924743e5e7df4683b9f051c4b9961e9e,32.9
b2ae8bd45207d35c2ca367d5217430d6,32.9
b052bf1f8eca18f3961ef8038ae0a2fd,32.9
12e37c24d128347adec3c0ca35588abd,32.9
babb58dd58d643c769e12f18288b3214,32.9
dc74ae880bed27c49153f3572e1aedb7,32.9
64642aa123af222fbb120c610625f2ae,32.9
a21d6012aaac55e66b7a3bfef0d0fe47,32.9
76877995749c9a8b8b821c1863a68040,32.9
2f3df719b7d2f0ce0eab4926ee355614,32.9
dcd774e3268b3f084ae31c3c1fdc2ecf,32.9
b67d9091d904c9237c3f00382f721c5b,32.9
93b888a330b974d20e5e75eecbb3c6d0,32.9
e9c11d0bb7a72ebc4fb8a7fb606eb725,32.9
7ac7119e5129f2698c539d6429ea624d,32.9
6a0bd57121101b39e6305fb2bb48d9b8,32.9
200e21989c5aaa585ac362e8a26448d5,32.9
3f25df1e9c68750d7e3d3125a386e531,32.9
49b0163bfea7ab1e1959ae3a0f5b79e6,32.9
0a6c498b077e72120f5bb62c3a1c2c0e,32.9
835f0839de5bb6a2928f7343a9293245,32.9
749f8ac2121143cb343bc5b5767ee6e0,32.9
c30b73483ee7bbfaf54085bd3aec4c9d,32.9
a42adaaa0467568a702ec76c3876984b,32.9
4dc1dcdcfff7cfebc6ace9d059d5a61e,32.9
897bc7880413bc27e5cfd8dfaf16e792,32.9
e1c759e7abad6f49c2cfec93966eeb17,32.9
ec067210c41cbde7668db4696ba7e222,32.9
25f8d95a5368f2434c5dd7c4eaa53df3,32.9
f47ef1265710e418c2622bd290feda95,32.9
9e7bf73e5f989fb8530281d93a6faa0d,32.9
07fdeb5b5682468f0f01328957c62ade,32.9
b278ba8c68b29b49e4164e3b79182978,32.9
96ff2fb4e02f1ad659f61b82516fb087,32.9
a758487a5a5b154836e474c9812e96bc,32.9
e40ad01668971984265d1af8e48e8620,32.9
2915dfa6fb1156ca22ee847e6954759b,32.9
a6f70f3c902c49b84554a30505e9f539,32.9
3b6a41078db04a74b3174a91fa35f7a1,32.9
fc40eaabc96c9f4d6c84ecacb8c95966,32.9
1842c9a87f4946f62fc9ab11c852f98a,32.9
aba076c2e9967ef85e1f469444497298,32.9
41c148813f6ddd461988059f73e8a24e,32.9
0de7d44b44cfc0a0b7d77808e2026bb3,32.9
dccfc93e5f94a64f1f325e322b64844d,32.9
f216989f29fffd9bdbb0debc76afe3f7,32.9
73ed978e7d56acd3561e84ff6159ed2c,32.9
15d8866bdff8acb852e44d4702f27373,32.9
f6e3de4885d7c1fbafb04a33e6bb74b8,32.9
f76dd3ab12e755b609d13bd9c9dbdf6e,32.9
ba8c474f00bbace8e87fb5d5bb34b9fa,32.9
7543dc2c9f203502439305c8b2ea63bc,32.9
6d5507371e40197f19156f69f015c9f8,32.9
65c931a66a152fc0769247ad03785247,32.9
a1453efd1a564d5e2984bb4626505faa,32.9
ed891c42d02a927e5dbca628abcb9ba6,32.9
710dd4bda0d8cbfb51e101c8085eea04,32.9
9cf5b32e547430279bc8711ae7faf241,32.9
118085aad226a83743ad0742382f2fea,32.9
dd924f5f9da0f81044e0abab88ecd1be,32.9
80daa5cf717bc359cab1de3b48034771,32.9
a60a5c90a3dac75f0e186feb2d8985ef,32.9
0ab87fb389aa01d052cba00225ef7b31,32.9
0230afeb8b53c8833e1cfc3a17ee2016,32.9
6163b8118780f6c45ed62592c11dceab,32.9
9a3d0e3ef05103e082deb6095fa07774,32.9
87d42d329efd998620e3892bb14ff360,32.9
74bb4cda903974a323646539525e077a,32.9
c0fe20e105ef2b292a69762bcdd42308,32.9
7ef506b26788845ee213aa6914da6ff0,32.9
ce88f748efb459730857f1a6513d1ae5,32.9
e6a8da622bb70c1d4e4a4380caaf8365,32.9
edfa63ba2730436751bd828e74d483bb,32.9
83360574567ca6b0026ea20ff0ab52c4,32.9
fd7b70ad4f8576a3c21f1c1bb304015d,32.9
bab006f240ef438b5e724e3df1aefeea,32.9
d5d2ae6113c8685d150d34863a5df141,32.9
74abf9eeaf6b3001f885f433582783a2,32.9
13b36e4dea15139813987e88cf7ed34d,32.9
a1a1bb8cd2a8b95113fabfbc60877e00,32.9
b1ddbe8d116b700e6af3e23fdb0778cb,32.9
b8b9cd163d230f13301c8ece6f71eb58,32.9
c35f2f08e21cfb94b8a97a9f431133ad,32.9
10382753619258cb2129a23a626d1a9f,32.9
e701a081ed4ddb48440871611dae80c2,32.9
1b222a0f1414bd06b17256aebafaa498,32.9
789eeb5078bd3aab288abc06b986fb11,32.9
08c39e2aafb61665f838819f53a16657,32.9
53da9e04fa6b6b63403e3fb33c8222ad,32.9
a4d93ba8bb919c884d30020492717ecb,32.9
e19a261a07951f1edb1897d7ad0186a8,32.9
1349e7a27c61f2c6ded7a0ae7c9aa5b1,32.9
8199345f57c6d1cbe9701f92481beb8d,32.9
5b3637b010dfe6d8ceb70441ca03ad13,32.9
49c3d6099eea27d72bfb0aa0a52f6a87,32.9
db123ecd452946335004af26e11ff209,32.9
67183b1b66db8358614f86d20c62294f,32.9
59f287a90462f9dd7101c26cbbcddb9f,32.9
4dc45be0ce805970222414a01e55472b,32.9
c0bad02ae7be51513d345ab98387181e,32.9
dfd1d11301e7d9f12451a1ae54439206,32.9
3093237e466fc270d23cfcb6732ed83c,32.9
40f9561c30a05bebd46159f13de2721f,32.9
c43364f47888ca89f979828587558a80,32.9
529d7b05ef37cabe2210c85097858b14,32.9
5270e49915940227aa249443efb143a1,32.9
8d68a12bc222d02be0f4e54c1f7f29fe,32.9
89b46f8b1cc765c98ffb9989a137abde,32.9
6987dfa4728eab00d12ce5d4c2d15c28,32.9
75d859264ad4be4c88057781a915628e,32.9
22ada7e7aee4c701a64b7d2a8b1d3772,32.9
236f4aa3f23eb55a11689a47d8851026,32.9
8636a960c2d0bae14b65c2ba881f0916,32.9
d257ce8fd49271a0c7a0a5c304fb3333,32.9
c9347dc84f33e68dee8155d73757b001,32.9
da3426b6f48a742f073e84a0ea6d7357,32.9
179c7e1bce3651c078ea02b0289d6cdf,32.9
825f58ca9af74f7fed6d0e24f5e12fe2,32.9
a76120dbad561450be157056582f5163,32.9
afbe83387da5d94cab55e92c63fda67b,32.9
46481c2b34e457e6c93dfb7954697189,32.9
e96eebd81a229dde6b3fb15b0936c2a0,32.9
7e8e59901070f1958fdc4787641849dc,32.9
c3690107fafa1e4395f223bdbfe389fd,32.9
85d622312fac76fa9a79eece3fe2eb9d,32.9
027a90872a3f917170f2e2b912363e88,32.9
e35e19361dc332f82925c6baecf4f2ea,32.9
1bdac4a3a34433f841a6006a6cc5a392,32.9
f4c30b52f5f21b8c73247a7bea771aa1,32.9
a0c9a96bddda514e326768ea17f07e3b,32.9
6f1b9db6eb561df558883985dbd941fc,32.9
b5ea05c72a89dbe101d94083e18df207,32.9
b5cf26837dd524ac1226c4bc309b26de,32.9
f46837583188d7b1c0c09395eb4e0611,32.9
86a715bc70e5d0bd5c0e0f7c027f124d,32.9
921dac886012ce8e2083c366e3b24a85,32.9
2a5ec1cee7600fbb0290c0dbeb0870a6,32.9
4521ed229279c95de16ce2fb56dea907,32.9
b22268461b6f04a95733c44174586458,32.9
f8f259cd0fb51cbae4dabf155f493572,32.9
1fb007447c1e0b6e1f0a7dfb5eef11a7,32.9
aa1fd99d3fa9ef872384623522665eb2,32.9
60ec77f4aec77bd0fc41ddd733af687b,32.9
e024d0495b6a3a0ad665becb6452206f,32.89
b024b90032b9b633d8b0473610701dc9,32.89
25544c0b1f11126e69f65c038b45f323,32.89
8f006da388bf8a72df55590123b02d67,32.86
8c2ecd1304e383107135db95e1f4007e,32.83
ff7d7815195c6869f62b1066a1032773,32.8
a6041a9fbc2ec5b2dee5219b469893ba,32.8
1722422d4c5041e9c2157a76461fc2a5,32.8
7b2374e69cd900477d91fb6265dec4ef,32.8
844a7e5d2737f2f6667a5242486cbcb1,32.8
8dbf7fdcafff8582fe61d95d288f87fd,32.79
bdf2f4fd692c860c623fb96f7ac2cc96,32.76
f97b261874e04437f1bf4586dbfa1f03,32.76
2bb704b826fbccaaf997c2f1f6967698,32.74
ed3aa2ddc14588b29300b12464ea6b5b,32.74
3df71cb6e2d4c4b0c0b83c0ef3e8f5b5,32.7
98c84d8694eea067223f53975b06d47c,32.7
9711a23693eaa23367227bd36040faa5,32.7
16110c3e157d455044ea08de22990cac,32.7
09946d4f0a58f040f433d53139e2a2ae,32.66
02994cfcf9430e156fff3d862bdb2721,32.64
c82a5e4fafdbeb34f08928ccfba27d14,32.64
de80cce3770a45665981249e162d0594,32.64
e50eee0362b772dcc8995721bb637d5b,32.64
d29d13575b6d8f1669dfc8fd58b43ace,32.64
a48fa1f24d7f797f5c81c688f141a401,32.64
e94493a605537b89d0973dbdc45c9a7c,32.64
2f2a18396252a2657d9410d4c36be0c6,32.64
4b881664606b8531347f673b8860c565,32.64
435799869fa235e84f46308cb8c4937d,32.64
e9cce3d4b0db254795abeaf5c178b828,32.64
9e59e895aaf6054c5b018f56c4864694,32.64
4611b9b3d9204fa20d52d332bf042669,32.64
5ed8d20445c356efaf39b27949caa8c3,32.64
afef0262c47697a580a62eb254dd23a0,32.64
15ead9097aacfef828d8b05022d3e245,32.64
6f0b329047469b27994d99813dad1432,32.64
f02fbdaccecf51ec4e034d50768dc74c,32.6
6c05608731251484a797757e4f7893e1,32.54
d50a8dc7e28e47e8119560e53b1c7deb,32.5
3b861947bb9b9c9e9ad19d15d944e254,32.5
377d5824d96efc701b5466d2ab7a989c,32.5
7fd14a93c967b606432018bfcade5e71,32.5
8fcaa1386b9c1b73fdf89b7ee07d0571,32.5
a8b20d79ce2761a5a6dcc7055ba79d87,32.5
a5d3a09d47ffe599b7cff6b5f4db2e5b,32.5
80a46d4f35bf6a44fb4194ff13d945c9,32.5
e91474c2e43239738e917b06f84dae5f,32.5
5ef9c7da22e99911711b7231e411eee6,32.5
977bffb651e0eec87efab8bee30cb582,32.5
c746781a7b58448db766072fe76b94bf,32.5
8f3fcfbb2fa3d2f7e3de0d54ff424439,32.5
c61b59e94df1163cac39154ea29f88a9,32.5
0472d52fc0d9de11035845057654052f,32.5
9756f047557b34c039fa402a19c13975,32.5
ce376facd77acd7fac4fd003910c53c9,32.5
35b6010ad8b185e27365ae8366cbb76d,32.5
1148f617d60f82ac1387eb4b2332530a,32.5
46a99fe4d28634842249f441c46a19ce,32.5
705919214a7406359e3d3641c1c5c2f6,32.5
bdfe2149db79b5a84c482c3a98ad355e,32.5
e590e4a40e69ca1157be43adf2809413,32.5
fcb575e0338a61a52183a700115f416d,32.5
b265cea94172b4cde4359b69d089b2cd,32.5
6bf10d8057981be8bed1925ea7594490,32.5
e456552bac43602caab98f9beab94577,32.5
aa48a7bcd1bdf28f822046696a7f4dfa,32.5
ad5a008e1d77152cc956b926f893b603,32.5
b98d5a796ad502ec4b775f6f737cb0ac,32.5
db81f23809617eaea8bd99cf31f165b0,32.5
4760da1dd72c23bd00d32169b486a820,32.5
a53aaa1356b97e696b9f30878fc26a3f,32.5
6b699449bde9b5ed80852b326ee283e1,32.5
1931c0d89db7b0a6a696b44bc84b15ad,32.5
a44373395013ffc2212996da25ad462c,32.5
cefb86c8a049061f380600766d73ec9c,32.49
5e74fdb092ef6450a1a39cfccd73a2d1,32.49
b964c2f3a1d4cafb7d6f0ea22fd7c62d,32.49
273829bba946ef064faef6a2247bee12,32.49
55345989bcd31ff1780e6b2365bcf078,32.49
b3a9bf200375f53cc5c6991919c356fd,32.49
4dd5504d13db4c6069da026882cb8392,32.49
b437d9c273c650bab9acd69d44243620,32.49
154bafc6afb65baa7346ffc19d8830c6,32.4
81fcd802d74cece79db578cf4bb3b9ba,32.4
80f1fc2b7d5ace5b1b94b1c9167d5884,32.37
7623974c22b1c2ee440dd0ad932316d0,32.32
3c278b64635e0f03e12d2dc862f49e72,32.3
e3a0c6f366f4c42aa1ec172813c88492,32.3
204d306402eabc695addca8f33c8fc1d,32.3
77f128633c92a6243ea55349236b8c23,32.29
549025fad34a0caabe89d632f0a20a88,32.29
133eee4cb72bfa75495f89f416d7aa36,32.28
e878e62b47d38518219dc965e4fc7281,32.2
0e4158fca07c5650137a2e610aaa6efb,32.2
03e309adaa7741b79f72be256ae1c3c8,32.2
52b2d0362545f2dca547b10b20fa157b,32.2
9337ec2e1ef3abd571d0b65cd6054c65,32.2
341712173accd9aaaa378893c3ade718,32.19
1c188a043c24a9ba1fb58fab235989c0,32.1
e3ad01bc69a7aa6673d5213844440e1d,32.0
baa484e36b520c9d8931adc896ebc1c8,32.0
1579098c5d9e5744b0f81f652b2f3f3b,32.0
4b9e74c671c9e22420ad0508905c6c4d,32.0
bb40f13fbd0503aeba9718ecd0cbf932,32.0
ba9de766537f34cd0372529527499f9a,32.0
e977199e30c9e733409b106408d80514,32.0
ca92cc3dfe0de482fc21d131dde8d1b2,32.0
a351443c0558c6661ad5bf0ced4e848d,32.0
6f97c50773c310a9c35d8897b6083e87,32.0
d346fa426e80f9eabb3da46ee027a73d,32.0
7bbf618a4eec6c92f04e2ad865aa204c,32.0
c1e439f12090715374b4bde3535937fe,32.0
e3f1cc8c8eb761eb9200a63f40d47b9a,32.0
2e3cd8a974fb4d32ae5884c9d8643d3b,32.0
5d06fd4fdb616f12e46181efe64f317a,32.0
3411e434834321dbc03ce82d340a0d78,32.0
4b63e580a723f5f78ecf8f0d4c81890a,32.0
f7479acf2d3ccae7c764b726bb24ad27,32.0
24c5a5251ee54a54a9497c6e82f321f6,32.0
1a3fc7f4770fb17f6ab21c021b081ca6,32.0
69c4c800716e7c23bbee20075aa55f6b,32.0
845dcc9e2b9f736be62c55199f7b7649,32.0
dfe763af2bf0e6285b927a89abe32019,32.0
5570686147f6ca3b604569e47552efed,32.0
f477696aeb945347ac7e991ef8de0218,32.0
be9bdf8c1114f88292e34320765d19ae,32.0
d98e266a02206952ffc32553039b5795,32.0
7d8c5a6ea04ebe2d20261e229a4064ba,32.0
0a037a0b80df2d007c75cb8743bcc035,32.0
972113ea2f5747454eab08fb128eca53,32.0
b146418b266bce98daea96c80d24b0c8,32.0
7ca7993040083feccb77fabd881ce270,32.0
1f2999ca603aa0bec2f93254cf5cdf21,32.0
b4c3a256dec5983719c2d4f3481ea9dc,32.0
24919b72996bb428094aac6b57ff53de,32.0
8fe6bbc3193663dc50317d188ab5e9ae,32.0
26d867bd2cae0c9840ab2e5d537d70bf,32.0
8b82938b643c15649685382d619f2db6,32.0
d5a4979618ec6fe5b7f120ccb95821c6,32.0
6dadbad06dc0935c3987489ae60c4dd0,32.0
088748a6b4f6a4042e04da23b9b0940c,32.0
d3bfcd6b8429123c838019a536a1a7e5,32.0
640a26640208ad6b8098bca916463a8b,32.0
331fb1ecfc14f5f59502d287e4e25c0c,32.0
b02bb20c4a867ed23194f205619ada9e,32.0
ccbf6424a15da081285f662ac97e37a6,32.0
6b1618d1c40a7f830a71f322a649b029,32.0
ddd7330154f4a39657e2a61f479ae514,32.0
e5b70244ffbbac9f5ebde9ecdfc049f9,32.0
571a9b575c4f7da10ac263410da3eb54,32.0
ac63a50f1e7e18461fc6167c1a1152e2,32.0
0a061fbf0086ab5dc3be576189a0f2c8,32.0
3db4c0fe8caa4be97b54adcefe8ad391,32.0
4248196dd47d5ac977480cd59511e0af,32.0
89cc6bc87c7d96b36dff1b1c1233e884,32.0
8c214c704bfb4f7a9044b714ea19dfca,32.0
b08249dce6ff19f275657a123bc27a47,32.0
e7fe9e86cf2a555a204a81b274dade9b,32.0
5d7e41996aae2db6784ec77ee6fd6f6b,32.0
c2e3e1fe1f1aed8b4166ef1f6fcc5115,32.0
e11c517db05b111d2682bcb3ab61e327,32.0
962700004d45a72f0fed2b8a3c447e0f,32.0
0fba7e91e927412505af523e126dc637,32.0
209255336081da592d5a018b79e24b4f,32.0
2da902e5e574df9bd8946dc3ed153a65,32.0
5605dffcde82b7ec09d3000b2fe79b3d,32.0
672f818c29f764d046b1c0d8ccf26302,32.0
8965c086fbf920c2a892239ef7bd2781,32.0
2e8a717f1328396791b375f2d401def0,32.0
2fa81123183b17a5f21e52273c5f9c1a,32.0
cde010b04a18c2bd1acfdca70135a4e7,32.0
1fa44d866b6d96d933633cf6e9680116,32.0
ae6fc90df76bb079ff2b78eb41e737ec,32.0
789f50c05b37177c61cdaa0a4b2777a9,32.0
7ba830bc3eae4eb7b0adeeb505c0ab5a,32.0
980603d76280d73dfae09c42b642ddd1,32.0
3922f167f794a4db302660d54e0f80df,32.0
d494b02fb3835e2d398d44ea7f275bce,32.0
4e01a32f9dc37358cf6abbb15917a96c,32.0
09a8b7bb892b1e1e1d6fe4ba1d727ce6,32.0
bc930ed083b508dd8130462a67b77aa3,32.0
81ac2682a2b8aef4195465492dd0f14c,32.0
3771be0d7801bd5fe36223f4c83675b7,32.0
cdc2bba36d83fe46dea8a0dce9453146,32.0
c9a824a14e99ee53a9a79571819b6faa,32.0
6eee01836a3f4190a21301d38f9424f1,32.0
bec239dc5cea775ad97c271e47cfeaf7,32.0
5f34e2c2466a63ed9257b5925326292a,32.0
18e60ac17a63a5f07b52c9dc037ab20a,32.0
2c3f08833026ca74c848795bab72046d,32.0
15e52e567d03be3d53e639ce260148ec,32.0
9937a5e470c80919fea6199a76d8bc8f,32.0
030eadebe042e915dc4d1fd5abcfe620,32.0
92422ec9b02504c4d12eecce874990bf,32.0
67293e4e7a70200b4c6cea94ca955442,32.0
ba0b8884d1b2e367c211fc51cf96bd4d,32.0
b4b0c0b0e3f72d82a595495c1c8b5ecf,32.0
900bc7fb2642d0770cf287e75b7a525d,32.0
57454ea60e4bcecb01d39cdf69d4b275,32.0
b0003b9796c2618b5b73045812b9ae1b,32.0
d51f638a65200d003b9e510ff57352d5,32.0
cba8ac673c3f5b4fe32ab4b08f01e08f,32.0
a39dbb4718635898676c68015e5c8165,32.0
44a1b8350ca123d2dc3815d3db6dbfc6,32.0
f270cf26e97ca58a0324f8c260bd244b,32.0
8953425603394e4a0095750e15614db4,32.0
f159ff568222e4b170795fd8ebdff1f0,32.0
4ee0a72b930299554e3075347735147e,32.0
8771de6e9f494e14aae9646f2a348fbe,31.99
801d3adce37e5f15cd3f68c79e0209a2,31.99
73c14fc30edfb5774671885e6f50a2c4,31.99
fcb4cecebc159e210cd769d5b767d113,31.99
5a24ec29819cceb862195e2707f02856,31.99
5ce38fa5daeaac0e2a58fcde5fbc923a,31.99
1c18d3e8db890e1c91c5210e57515421,31.99
fb6342a87475566c638d724ff575440f,31.99
84d7fc1855828ec6618e352ffc20aeaf,31.99
22ae5f4de1d774859fac89de1d9658eb,31.99
a9b67bf2d6e9a3ea88323a2440e89646,31.99
a27429e671f53ed883053fd2c9e33f1f,31.99
6fbfb8b2384f18f2f7aff6cf7d6fccda,31.99
ddde18c40e57d5ef652ddd12059076e3,31.99
bcc08de654149b47db809b0c8fb22269,31.99
e8ae3c014c3089e4d85ea36f72cacbba,31.99
d6f2698d7106b56be6e998de64fbe86b,31.99
d2241057a10028bdde6bf118ec74e49b,31.99
cb5db41e85784052418ff198be6a8a80,31.99
ebfb3f2e532c37d5a959ded000c9f603,31.99
543d48b68cb07dc5e1d93428c8733781,31.99
7df1cd17dbbeae3711371434fb3f1531,31.99
51c5f0c1e195fc85859adee1046fa34e,31.99
af673f1b71d7d919bd67052f89f9b941,31.99
1db832261819c0a9f78efbc0dd77f2a3,31.99
e19a899f07d511c22b9f865432a6316b,31.99
32fec68d7db000a9570c6a328eb783d7,31.99
85118baea7f7e7f2d94d59128d2e70a8,31.99
9c6b61f2628ac8f47746441b011b6f5b,31.99
2d7104a85d14a9ff66cc049ba9ae2f73,31.99
b730b5bb73f94addc7bb956258e7b422,31.98
8d16aed7e93d43028371270fe228b822,31.98
095acc4e27efb00510101b9dbbfb4312,31.98
eec24ad7a230beb6df8ef063d1df3a1c,31.98
7cbe2b9e9f7314b94db6cc9fc4af9709,31.98
c6793321bb9d2c481ce86d3bc984e110,31.98
bfc7e980a1b6d2e84bc6f304cfe3846f,31.98
4c7124b7fbe43de1c5cde40ffdc99842,31.98
ba5cdde41a363eb9644384100a76383c,31.96
749a862491fe2a84c7de73d5c8664b50,31.95
f0eaebd8dc338ada2c3f24cbe0c21548,31.92
b459eb1f407840a2a6538926d141687c,31.92
8c976a55940af1dcecf9aac47249aca9,31.9
dd0329246296428beec510ea36313e31,31.9
36b56d749b05761cbde563cc6c791cab,31.9
ef2a710adfd6f4cef2cbc1053b847801,31.9
8840e68ca97a89b084ca61284b559d41,31.9
1beee23bc97c837ff2053e648d9f338d,31.9
5e819d27ab1c45603c984f7c2a1b2254,31.9
22399760ef434eb8f4251f5485304a6f,31.9
aa428ada45a0e774da1ecb6830102ca9,31.9
f0c9caab08d323115a91ee5cd8c421c2,31.9
a428e5191099df106128d583a47ebf9c,31.9
7d1fee2758dd8420cb44dc7f4fdec08f,31.9
998e0a6e4c2bdd6ef176b7da7fb2e48e,31.9
904536251ddd892544f095d8107eed21,31.9
91202e3985d66cef5918e07b66764944,31.9
6702e5e1b4f9af9cffd902369dda2925,31.9
dc0601b04f43f219b2cefc8025fe4673,31.9
8a26e9d12e385095bc938849cad12a30,31.9
0d68337f488186409a070dfe9dea0b81,31.9
74fa648446ac066d771e173625e86722,31.9
0e31b4f03534cff1a85edca3eec8841b,31.9
59ffee5e19c99f7991b5e57f452bbb3b,31.9
0cd75fa65bd3e702e9c0ed57e9569c67,31.9
ac734542905d1d9388c7cac465361984,31.9
72aa0f6f81513fc20edeb83db723d8a8,31.9
a6472fafe286c66c40540fa2b3217657,31.9
6ceefbf760c72b3b5baf60449708aa52,31.9
10f0ae1044b58b20c83aaa1a6fdb9e1d,31.9
c30ec940f81a313d41c75e8f2a076fbe,31.9
66efaafadbb076805d213efd26ae7faa,31.9
fe2b285a4d3936b9a37ff7460a0d403f,31.9
f524e3df8cfc7cdbd6c87f756326756d,31.9
5c4d4a1a0456e72cc4f9f21754f9a952,31.9
7491318eb8eb374b87259c25a9b2e024,31.9
444766ef7ae8469bdb459a158a1941c0,31.9
dd171c5cd21429f0a17605d2428d2bf0,31.9
e4c5593923a15e857d120fab87609318,31.9
1157498c98b4b3b15123153b0783900f,31.9
f34b16d1165d68d1fd046eaa0cc21faf,31.9
bba2f79d86ff09fe96ef9b34525fe40d,31.9
864deba6b142c6d04a53fd379a9256a3,31.9
36414b18573fb1e92312ac589de40540,31.9
a6bfa80f8f4588f1efbfe0c4a287cf19,31.9
f99eb2da89802e586146a5761062369c,31.9
e92b9d4a6308ebcd6cd5054b7772eae1,31.9
85881a5707acccf34192b197804bd5e4,31.9
55fefed6ba1e216d5dc35ea5ea0bbf5f,31.9
142d512e4240d46e72c55e49038ad2c4,31.9
ed3c3954602b7f3793c2674e29d96cbf,31.9
9ae375d61c8aa75cd1cee7f6949f232e,31.9
4f7394fa44675491f04d30645b7bb46d,31.9
12002ccd72a0a43cf74c0a1def33df71,31.9
4074326e0b2d0dc6cdf1f059c4e5249b,31.9
40c5df1599d4ee53715a8d5d743ac98d,31.9
b8e1a7d855be19f3b096df63e2d2bfb8,31.9
8db4e81d79f7af20f442859df6bc911d,31.9
cba5db913b6e4038845aee284a7407c6,31.9
508510144b3fa2c6615639d97f86db55,31.9
37ec9c358c076750b0dac910c9d10b61,31.9
f331460c320c55eda5519b4743e8673e,31.9
f905ca19020b60ee0b5e172270e0822b,31.9
12f4e87adc177d4c584c1eadf944ac7a,31.9
f766d9a5d297c1426e53c4301ddfab23,31.9
af19987afaab941ddba949ef09e2b393,31.9
38488c59ca50203c33c42971cb795edb,31.9
9e7a24d6f6c9076bcb0fdc71fdf19299,31.9
7f1fd0d4e16c56fa7dd4adf4a0c03684,31.9
f2f91f1f95614f711a997ed12b5a4170,31.9
085dfaa4e6b6df1552f6830e79e71f3b,31.9
d8a6298a435be79c1978e87053075869,31.9
0d10f3ce86eae5da478b5475eb2f03bd,31.9
d5b4754054628d3de0a3349b093fde2e,31.9
167678714d0cb453ff7a6e88214374e8,31.9
60e0a6200d1ca99a12d7dc56c2ef0904,31.9
ff8b236f65cf25e1e02ee286a201b3c3,31.9
be7358032aa672e8452b29cb1ac7371f,31.9
b4acc63738cbab90288441d5977e2f6d,31.9
525c3f7c085645bbf6d28c15536e0da7,31.9
31068a3630c1019cf25a242d44218a5f,31.9
d35a4c322a7babfd1615d34f8df16b1b,31.9
fef48c390f25186c8dce2a4ea986c213,31.9
52eca42aa50ce59166f39feddae85384,31.9
531badd968ec63f7495c961436128119,31.9
a3adb82d7e4a0657fd32f41e92610b59,31.9
9a19351c59306d13b568fece0edff1d4,31.9
5cc48607521a18de6b6e2eeaace14501,31.9
2194fbf68f31edcb5a92443a516ac591,31.9
3f56c3e805e0659f2691c78f4997c86c,31.9
9ef41f3330353f05ce6354673a4bd045,31.9
32785fc2133c37270c1ea1cdbfe857d8,31.9
6d636ad9408d138208ac81d6107fe6a5,31.9
059e416e49b3c93b9e222bd2f39f0ed1,31.9
dd54a565c64d6feaf4430f69b4f53bd3,31.9
a4b29e455132615d47ab1751f4158252,31.9
19b31b29791bca548448d394fda4f8d8,31.9
1071f60a122fafae2746391921fb8fe1,31.9
596608168dc8c9051b2d6b92b541a8b8,31.9
35a8a7cebe2160d0beece67004901f88,31.9
8f66a46e622f40e6f5428034d16b4192,31.9
d5c1f718443d92468dc721f8fdcb23f2,31.9
912f4069d1a78ba3c01206de552e51af,31.9
d5f689e7c0eba43c667059571388f2f1,31.9
c863c060ca50d90eea7f980c2e04b868,31.9
f1ae335df0c4b9403eedeab63a4b3ba7,31.9
6f8fabdb68a6ad9c7f5d49413e65f46d,31.9
2333b5eb4c77379b280aa26a66016020,31.9
38f43bd87473e4c3c9a068a8465b27cf,31.9
9de53ca9aea90277fbdebd00a9dbbdc2,31.9
5ff50264ef1c7e41b2cc310306819e37,31.9
807273345adca6ba9c3ddf306db4a6f0,31.9
e32e9fcffdbc48d88fa2788d44caf137,31.9
54217d7c6e35d7afb033114da06fc924,31.9
991158e376be091fdccc2d9ffe663968,31.9
9bcfc7ffe10a203f8ddbc8a941f06ea4,31.9
97b17ba28195599bb4b49da786d8acfa,31.9
d98354cf5261fc66d1d848a24d6650a0,31.9
f4642e44d7495db74935952ba27178c8,31.9
aea90054cb9facaca9c6f762e3483a5a,31.9
88741bb27ffaff281424cd7349bf090c,31.9
07f51f870d88165a02b1f3a9946cd1b4,31.9
7affabc7784fc1c26db3371a0d46d69d,31.9
4b5b8bca7058650178559c68f6df9961,31.9
fd046687d5e089be621de9d1965e7ead,31.9
b909a43dbe785f180ae31c4d0e79cd28,31.9
e3aaae760c7433a9e8cde67c265f494a,31.9
2ca87087e2d5c60c70dcbe6dc2428931,31.9
16cde6d6cbee98347525853d76dac40d,31.9
2ca3e71ac73842efb5a0a9670f8770f3,31.9
f0b1375f8ebc3efd01a50b44e47647fe,31.9
85b7deed602225e7bcd4539b51df6a8b,31.9
4c059976e75f2bfbcaea907a147e77c7,31.9
c6c64ff99175ed3bfa9dadb680cc0dba,31.9
10ad09201fcc1c82d181ff7234bcdb3b,31.9
96ea9ef4efcf7c1f253d6203c56d88d2,31.9
a2bf0bbe934be7673aba2480b244933f,31.9
02b7bcd5dd0bbe4057aa6fb0c280a06b,31.9
39e6eb3d7b6113d9a44bed5583ec3860,31.9
1240c2e65c4601dd860e3a36703a362b,31.9
a783c0d254e5cc3dd42b15cb1d9867e4,31.9
ebce39fd812698534f78fae7b271b28c,31.9
7fae844847ccfad35570a3c89357e787,31.9
5236b9bb00876aa56ee5ac4e2c816b68,31.9
bdd81a77446e0d4786b388ae8ccf3a3a,31.9
e64813a1e1c56c5f628d71d62b69fe7c,31.9
f79245b624a620d893d14760d3df8b6c,31.9
d7a16ce504fdfcb4c96e8bd0a8ff1a98,31.9
92ae6bb4c23948ab0f4aec41737c166d,31.9
22cbf19ce7079d172e726a74f0c5a65d,31.9
b3ecd12dae46566a71a2ccc14908355a,31.9
20d45783cfee5d4d288de20095fe7f9e,31.9
fe5ac7efe8874eecd790e7aae157c913,31.9
ab5babb0f97874afc275d813e711803c,31.9
d006a01c574ffd3a6a79bd403fe3e50f,31.9
08b0c3ca77cbc85b646e774a1ac760cc,31.9
99b4ce490808a0c69cb61bbf585c7967,31.9
9d4af9f8d10634a350e55c44f566914c,31.9
a988a9f757ef47847e1db39244f18d50,31.9
9f5aeea297d6ddacd404fbb57347c6ef,31.9
8c033b565b53f0b593b0c0a9d3b9dcd8,31.9
417411d9559c0eacf9412bfb720e4e5c,31.9
e3728fcf58883f1e4c54287b01f12906,31.9
e2e19682c430083481f5c6e0fc985e3e,31.9
e23e8c2a4188a963412e36bebe5382f0,31.9
64a3fc4483005564628533c1d14de25e,31.9
9f565d7a62a52911c71ce69685941b56,31.9
1a4fc142d7cf2bb9a8e0852b67f2746d,31.9
5d541ff3c67fa948f4f8faa47303071a,31.9
2b00c4e8dcc89e244018fc054bdecf62,31.9
447d75dd121db27fade133f7cec0e721,31.9
17faf204cfffe187f6cd7c7b0e878cbf,31.9
adc1b0d30fe2b52bde12fe806630d54f,31.9
f3b4094251fca27bdf0249d9539450af,31.9
24cddae2e51926ae7ac40c628a8338ca,31.9
60b95728fd802d4215c246c2ff792e3c,31.9
6c03dce7254dd203f7e975c4df32a7d8,31.9
e169b3a3318da2c15bf0a83aa4e4da4d,31.9
a389075dd87304a5a17ced4d888d91ba,31.9
0da399030ddf7b46b6ce597a4a1e23c9,31.9
73201c44d687e91c32b5bd082b7411bf,31.9
cb45ee488170a8ed253e93bc5a1a44c3,31.9
67a2b0fb5b98eb8ba77bb430e1ef44b7,31.9
1afa170bc9d15b2d50c3af7fa5255717,31.9
2fc7c032e0e08df56ee8b2673d827357,31.9
5022998b373808425858c5fbb585728c,31.9
d5fdaaf155a2c018350705414c11fd06,31.9
5d8924c5dcb3cdac00f00f579f24db35,31.9
d3e3b74c766bc6214e0c830b17ee2341,31.9
1887bc33de62ae33e1ff8d742d6f9ff6,31.9
b5005ca040b9871f084da3061b278fd0,31.9
0f687ed7edef79545319e147f39a290a,31.9
87a7cb4170bba4f9dcebda6c77903f11,31.9
244ee0a895eedc35629c2f83bef22176,31.9
6d5e1d35a851d675a22340b72a01a285,31.9
06363955dfbb8c28438d249c8670e6b9,31.9
e86aabf122bf269f6a73ef1631ea593e,31.9
14a00c0f55a3fb1858bc0c162b1d972d,31.9
e965ebcabb3aff4dd37de3abfe30644c,31.9
ef82ec18f684c8b9f44339a739570043,31.9
d3c3f43010ff2e66b79e764980f34e09,31.9
6e392890031d7887d1fdc8cd87c2538e,31.9
e048275f9fddd7f0c183cc921274bc62,31.9
645a10bb1d36c353ba4e1ad5999facc8,31.9
f04737dd8402bedda40458aa14aca131,31.9
15943304541965ce9e0c9ec3a9891818,31.9
216a6db6f1a98e8e2ba140b34bf17d8a,31.9
dec8f3376f75b10b72542ec557a0dbe5,31.9
9226251eb510cad129afb79ef23e4ca0,31.9
8390bc1e3e8bb0980eeed9113b18ad33,31.9
ec14d99da64c1ae367c3180051bc66ef,31.9
22a0bf2e340a205038ce5d5681bf3883,31.9
25ce0615a5282ef6576e9fb0faffaf23,31.9
75dde84882a9744fea5b751b8e35ca90,31.9
b09afa5147b68db7b31ca6feb6d96b96,31.9
e460ba12cfe10be96050e2857acf1486,31.9
8d648eff7b575cc94425a0d12e48ebf0,31.9
1c930273d3c7cc56c31745ff0b835f24,31.9
268bd23c25246011c4cd8ab1af4153b8,31.9
0e547cffbbc6b5b7c0fcf80f67f41773,31.9
64eef463bfd45d9c0a5fd1e74fcb9df6,31.9
ad4db30de14a63fc303d577df107bade,31.9
4ab64c670b01bdc70c2d4bb3b80e4961,31.9
46ab7253267eebc50f6fb530162ccfc4,31.9
63172dc62e54662668b2fb3a57c8fabd,31.9
1c32cebc829f4e5af3b6ae7e7d25ba37,31.9
27979ba7ae1cbfc1a30aa9292b7cb1ec,31.9
aeb04df5f92479711fd4d147f5a993c3,31.9
fdc9c0362f389c2be24c0ae7723e6c74,31.9
4d6f556ce6592174ab2c70a1a9c1f00b,31.9
d9f9425a078997c63496609bbd812501,31.9
671b584a1331d1828d621e2e45ce71d7,31.9
a1c926fbd21e78c3e63661caad0cb682,31.9
7ff90fe4b83711f0889f0967d50d1d4a,31.9
8938c1147d18fad6c301a529e5b4e605,31.9
4646bf4b66367ae17eff07651ec2634f,31.9
1ce20bce5f8cdbc2f8b32dac98b7ac39,31.9
7169f7018ca0cd70177f7fceb69fca1e,31.9
1ec2b1b57e7e5a1b3819a846681dda5f,31.9
6832faea23b41f6821642d1933cdee33,31.9
0f23c6bff75a40bdcb20ec9086522179,31.9
1b67338cfe3266cc110de1e402aa6220,31.9
47bf97506ad07fa9e32c567e32fe2c07,31.9
db069a57412f03c4931e54d61553ba14,31.9
f2b29ebe8a1e00eb8f9273ae1adec012,31.9
340525290b9d4ff2e6c145fa85918d39,31.9
f8c8e24b17b7d43215851e79c2918e9b,31.9
2f6dfea8a3388d1f025e78ec17369d09,31.9
9af0bb2038a8d6c1064c0f36b1505161,31.9
a497336d756539a3080b356583a5f945,31.9
20e8d695c6c01ba3b3611d202fe1cda9,31.9
3c5d9be5e99aa56b2b5b0c9d4a2072ef,31.9
5cacedacadd2d9c6c26dd2a26169f36a,31.9
d3b537c3d3aa59cebc6c56536f4a12f6,31.9
0b712ffa093a053e8b8de49f7dc88ba1,31.9
d6981383d1cce3a560522605ba441139,31.9
6dbe3c4683c66130a8e242bf4bb218d9,31.9
2612c925b692b83b1667ac82f9c961fc,31.9
2798733b7befaf90112c6730fcf737ce,31.9
43ebfa877f3f00cdd316bd0affed5025,31.9
cfe2274c73c9048dae0c6708138ddb47,31.9
f61b744f032d3de6c01387227322b865,31.9
fc1d376043cc1aa07a8234e6f6f07796,31.9
b84ea048b9f3abfe7253fbe3f96c1933,31.9
2cd6065a0296dc8f007dbf413a225da4,31.9
a0d71ab81a7bc3212eb98275c65c04ac,31.9
6e1eb843e528f1137837efbcd26f3c16,31.9
089fa4eabdf1694e62e22fc4c5f8fc6c,31.9
2330ffa20d212f25e10df7dbe39a0648,31.9
08e47e3be967b5e1881a587720b8a005,31.9
1ed099dece19ec827760e48cb470fc88,31.9
bbf97a03667b4f6f728bd541f565e342,31.9
70201c46df8a5a5acf1388595fe1fcb6,31.9
8f6b24a248a2780662e39a53745ce210,31.9
f5af2c8493bd063c294630568319b6fe,31.9
0c97e8cae92b456d9477d51b046cb813,31.9
535ad20edf8f32252bb8c7786f18df1e,31.9
2fef56c8fd7e2a7f6456659e8ff6f010,31.9
527c4998643198f37ef598f8cda74fd9,31.9
1d528c027a4a347f6514ece9affa4cc3,31.9
5da48e4724bbe609f697fc1f8bd09bba,31.9
83d0d1b5d2c740607c17530494a5cf88,31.9
8b07314ca3f3eccb9fc9cb7a08aa4b55,31.89
258a456e9fc702644a8f3c49f1a07031,31.89
dd33e159dda0ff53ee235f422a5db59c,31.89
b366d104c0e6727cfaea754e62d36899,31.89
b4092d7745bc3d897d5c064dc6a22ed7,31.89
d83a72326816260884edd05238aaa508,31.89
23ff88906d6e5bfbb904867f888b3658,31.86
97e784991367f2d8352cd5e456266578,31.86
fc3d1daec319d62d49bfb5e1f83123e9,31.8
b735d894ecf5b4a739e1e8054d028953,31.8
f2ad8c1d461bb9d11944d8ab973f3836,31.8
737e42af8d26b9ffa981449a2bc96f68,31.8
7c6f41aab0d1dac58346151d5d7fe17a,31.8
0373186c0d9c262cb4e09c6271e128b5,31.8
22d272b91aefe41f2a449372151f629e,31.8
b810f602eb5c930e434940744adcb2ae,31.8
005596395ca3acd0433fe7d6f95a028e,31.8
8650af36255e4aee7b5adc5251e6ee11,31.8
d1aa5ebfc5c16caf331b1f4a1788b998,31.8
ed5aa2c5317f2a1453b931219761433e,31.8
30bd2b14e08f78a92bce73780e871241,31.8
132b797cc20bcc44f3714dae996d8ddb,31.8
13d7948a710dbfc52fe1547877ec8874,31.8
31437afbb74822b63c1db78249698448,31.8
fdf4c0a219286d7a9b9c69c6924cef5e,31.8
cd7fce401268bce93c1a08db08dec8de,31.8
f0efcec882dd726dd5dca4d34d978001,31.8
255bd9cf3c5ada66932666a0dc4dc255,31.8
5e50e403092cc3519f7f59eb409084d2,31.8
c22185cc433907f06f04cd2663179e18,31.8
685eb37a9cadabd8f2ad2259cca7ed97,31.8
784608ae9769c456e844ad45c1ef9e63,31.8
9a0480bdb0c0c8e63a17be53e1faf91f,31.8
138ebdbd7b3bbf93c029dce0dda3353f,31.78
87655477e8726517d4bb95d4540576a7,31.78
d64c6f63152b72dc53a18fe83c1041f8,31.78
cebab3ad5dd4fcd9704c1a489a0da2b1,31.75
917d24d566e95f4e66a62a9c9a9eb89a,31.71
2b397d1f1e5a1bbdd4471805066a0cc5,31.62
31edfd4653cfea85babbf961ec4ca923,31.6
c86f7c54e57bc83cdfcb2406c144f038,31.6
3d1d66accf98c118e170e779aab66b67,31.5
59a0b162e6ab2224f7ab84f8692b3917,31.5
50ce26d15d12dd7a2fb9dc8a0d3e29fe,31.5
aafe511008ceeac11be1fdab57f9bd8e,31.5
1e7569b40852c8c0c06f6ec8da857e0c,31.5
0294d91f6bcc29bc9c30fae5872430d0,31.5
063f284f8c19993b5e51c6a6109c620e,31.5
1dcbfa08476cebf4fee1bc3d400389a9,31.5
3c0fa547c538d255f09573b4a5739792,31.5
50985c704285b81f536fae7cd6d3d4aa,31.5
8c6dd8d4c67aba9eeff1cc996a8bc737,31.5
a836f6725983cd79994904405fc070aa,31.5
5e2eb678bf7712ade6ed644acfd44f5e,31.5
4733753e3bd9b0dfec451269ed46544c,31.5
192b1a2d0d7d5d391edab32669ef31ae,31.5
8dda2c8532448b7a942c8ffc3800b0ed,31.5
b58a35cb4e1a1f9ea74dcf0b2639a9ac,31.5
72ca022d5f986cbeba818c19e6cd2f75,31.5
285eb664efba4f42f1c6f141d7d5c941,31.5
d9bc09228a6d0e4f885c56ddb7e5a95d,31.5
47a7e021c968ec3abacc05c3dc44cfdd,31.5
bce18f4149867f1f7d3e602c6240aa62,31.5
568b842cd1debf5c70b350e7fa0b1a1b,31.49
4391e823bb120841a0b33b978cb40774,31.49
e7bfac7a208afc8252c45dd90ffee77c,31.49
e507d5833c9b723bad4d10a13e1d6d1c,31.49
1c95b09c726b049072f3fd5563f26ed7,31.49
194da5ad90e641c98323ed064cdefa24,31.49
74df87b2ebcb43ec7e67d677a3a88a8b,31.49
4376e5c6b1b068c3f95f0756d5cd67e1,31.49
c1b567e2844710225f86fa21763e2ff6,31.49
cb23f4f0078cfabcc4b4fad59e95c2a6,31.49
87880cd71e9805670dae6794534f4282,31.49
0c16001ff6d159f5e4dc4da48e67905c,31.49
25487abdc670ca746db1aedd61d7df96,31.4
3d197de98c810d01083ae0df2a8c0b04,31.4
1508b69411adce05d88efcb7cc673977,31.38
ec9ce7b1073d223d7c299973c4dbe98c,31.32
412aabf43b3d45f1f6052e834c04df34,31.25
b9b2aad89859ca1b04125624f2a22395,31.25
7634df701617e30e218536ba7730c480,31.2
652ffeced47320f5f599688f903621cc,31.2
85ffd918d7d043bc4aaec22621818908,31.2
a96c1bb3cc69d70f87108896c9f331a5,31.18
d156a8f86ce1451c235a39502b289767,31.08
0b2784a179b2e1327c5afd6df6a1b19a,31.05
976742f809adb07d9fd01c857b74c176,31.01
d0f4862195a37c1b6ba30abb64aa2039,31.0
e4e88f4d8ac24e6c0ded3af81c0fad18,31.0
fa32335a910037a330a6903984218b1a,31.0
c34fde6913948f36435f5aa8b473e951,31.0
d0af5ed3d49037624ba7b6f741823122,31.0
454b4ee87a1b006a8c8b46203d670790,31.0
95812584e3c64de9b6eb7ab962162255,31.0
4a328036b2db4acb50c6ba57f16efe31,31.0
2b564a5a4f56272bcfdb62000446f35f,31.0
0ec44d686aef3c798a6e8d336cb3a2c8,31.0
d5d929d5e3d3f1388463578a8516104f,31.0
e71691d525acc2491f67ddcdf86ea428,31.0
74dd658e3cc47fad8588e6f48f6a6075,31.0
70de6d423133ff1c0026cd0ffe0b1428,31.0
6a19ac84bf2726d10dd11c0c7c8bed3f,31.0
bca356cac6ba081296797634c4037941,31.0
a4dcff1b3de2226e4017a90345b90c12,31.0
f393da6b32b8d8ab1d9b5914ffe322b9,31.0
8deb2c11cc255a4da7c7349d18717ef3,31.0
9a51e2ee1ba066e4d20ffd20a5eb7bd8,31.0
6976f707d0ebf68339b4c9c5cdf2a91b,31.0
98274d79719392f9234d98cd5ba12ea4,31.0
1b821d88761e953317becd1561e7d434,31.0
21eba4e14182cef9794979f9a85eb20e,31.0
06749557ec7c0ecb61210bbc6c14ae1d,31.0
669b06cabc9d39c1bcc52e6889e1318d,31.0
7f7bb20a33bcab60367a32c733c57863,31.0
3978b77bddb2776390f38dfa186891d3,31.0
b8426f2cfe27d43ae8077d218a3622ad,31.0
b5b7e770b62f0e7aa4cc2d9be9212b8d,31.0
22defe0553a346cf1b024e8ae0243afc,31.0
bbd0f1190b3b255c5f24d8a952e27f08,31.0
bd835f90053d2e51c506a5a0d2ed9c68,31.0
a9f4c806882b64a1a745053ae9f90d7b,31.0
95aa115747c7a62b4e1ea5e9a408660d,31.0
a5fe7ca5fb58c324b70067c651d35c87,31.0
40bf3102840808fa829fe713524a8a13,31.0
d08e3e3cbb6022d92125e7fee21d8d26,31.0
d9e90748b0092bb0f5417edccf34783b,30.99
1588d0ba7118a3b06dfde1e949bd7f80,30.99
dcaf07e3a9f02fc90047423e71eaf73f,30.99
494b947692488027345ce3669e0b8432,30.99
f4c1daadf5d94cf9f1fa530df0992dea,30.99
48096908574b82eb70950c339d4373ee,30.99
a941cd543f016830b41ca8f58f529dda,30.99
c3eef4ca760d5f65dfa9f6aa4dbd4794,30.99
bbd6934051fed7ac0842045fd9b24e27,30.99
4bdb4fcbc7298ab2366b361cc088d5cf,30.99
f93c9e539a9705a57902c625b611e90c,30.99
5826d0f4bd70a31c10a770bbfdda9cfa,30.99
1b7c152aba1c7478309329cfec0bb5d1,30.99
64a17e471b673fa33280d32aee9f4b5c,30.99
dd889a22818d798c1defb15d670085a8,30.99
1a8eb043bc13de00b3d39495190dade0,30.99
3714eb406c7704a920e504085717ea5b,30.99
3911e9adb85bd0a22a4fa417087ce84f,30.98
9cbdae47393a16c7bb010ecb7e5b282f,30.98
6950d4f602451c2d9ec3690f1ab3f9d1,30.98
b3089a062b28ec2e5acb0e545c078ed5,30.97
43986b46f9e4f256ce314abde818220a,30.97
3a47005be3c2748d25859444f49b0048,30.97
bae2e17717f1e6f357bbac0107dabfd6,30.97
dbfc2fb6a9424037815a3a887c10be61,30.97
b0db02848249cbe57e7e5732976ced8e,30.97
617e79a8f584d33d7cd446ac3d1519a2,30.97
0040b00970e2139e8c43b647c0da5305,30.97
bbc82b85b6867ca7bf1380c64f8447b9,30.97
c7e79ac0034b4accdb78aa403ba6f68c,30.97
b806e26283f2008d98a22e44d0c3aa5a,30.97
55408c56825b0611d385aa22b233e383,30.94
0922b25ec5945d89980e65bde3d38f51,30.9
ed1d3344630551529af3894e65b1ca57,30.9
9601347c41eb3f6dddb9b60f35e3007f,30.9
b9dbf93d6dea7dcc429fb68927bb8c5d,30.9
be36c3eb3390bd59d4848e5b7054d5da,30.9
554d280c6ca30e9c4b2dba7bf368ef53,30.9
82472d8c652d50e858f86803c99db65a,30.9
4737d20c64ded974df739986ba44244c,30.9
243593e143f7f5edb8e453664ad6efae,30.9
ffcff7222f737ae6b440d4d0da1496d3,30.9
1b6aceac84d043da5b7a09d1baa8a40d,30.9
129a8d86ce85eb3406dcfa7d7dcfe22a,30.9
653136f490bd263f8aa1b687e32cd6f4,30.9
6255375724659cd90a2cefe829af62c8,30.9
50b580aebd8bfa047c6201c176dba6cf,30.9
9b69d111ae725c1c335dc08bd928e377,30.9
1b7612e09ba91e4d182c07b2830daf54,30.9
d1f6368fe05ab3acfcde55677367ec28,30.9
ac5464f145e02f0f756666b3e8792cf7,30.9
bc1cfdbdfa0e1499a18607f73b802427,30.9
b3704e8df70918133ae666dd83d8ed87,30.9
bebae093f4094a228504a731abe54904,30.9
814d433efda6ac4b0859b5a71aac64c8,30.9
e52567f47774c3afa91fbf757074d453,30.9
90cdd36d0a0166b18f5089c75a39b97f,30.9
f0aaffb5023be7a38e84280893892514,30.9
5ee7173a4523b98db170d80f314e6022,30.9
8761873ad35020140800f12b4a4140be,30.9
7a24e4852c5145e3def732c1bf6da68f,30.9
14148e8de854cb67d2c730d568af1ed2,30.9
151de0760cbd861ecf7f1916416da894,30.9
451db2ee1154a7a3b8982590fda51db5,30.9
e9cf29627a3977b27c382a2c6f9d554b,30.9
890ab4eca836a870a3d2e222bd5e4233,30.9
06d2794bd8c6d90db6889d6c5f2d83ea,30.9
87f250ea5725f77f52e356c715e11f71,30.9
ce9ae711134d1939a5aa747f4a40a549,30.9
0600d98425652cf44bc48650f63b5bee,30.9
6d0859bfb37c7bf98b55c29d017cd11f,30.9
c4d2d4dea880dd1076126ce7ab82c9dd,30.9
afd06216cd9836bd133a2cdfac65a6a8,30.9
5a0d42c9bf8e601108379c15bb808c37,30.9
5f32480dc2343d4b17ca455a8784522a,30.9
a347c596e222350d5262e7e3c9ca8deb,30.9
66547f7170b98ccdb163928a0f56ed2c,30.9
8e60af7d7b0146279b12718678a0d3b0,30.9
eb68e8ebd5a36d827e0c55b8d535fea3,30.9
1f7945736d0f303827055ca99168ad20,30.9
1d495a4c050f815224277093585e5eb2,30.9
c9e7574711d3c581d3f8acb0f5f116a1,30.9
63e1b7184234e8c946270e8702251ce9,30.9
53bfc92933d559ca8c1e430e300d0719,30.9
efb23e860f996c2cd9f22c69513c3ceb,30.8
aa313a5d6e57357147dac80f1617c0b5,30.79
725e7b5a0197563bb2bcde21bb2366ee,30.75
b7e6aeaa41986f2a6652b734b62dc1e4,30.75
1ffa4eac7791a589b5d77c34ec891855,30.7
f5d9940e5da79a1324329fa16246e012,30.7
56a5ff92ab3fa86a9dea8ec5f53292d8,30.65
194bfa6e3a7191e554f24e92d2651ce4,30.6
d0d189669fc6b10d726e12172c8996f0,30.56
77cd9974fb0d6d686e5f69e13b621419,30.52
c6e095c02c127a9a70519bafb092be5c,30.5
469634941c27cd844170935a3cf60b95,30.5
40d5f204b84520a278cdc2ab9c557cee,30.5
a62629887d7ef9dfe2a8a23124af269f,30.5
2f36348caf89270bc28a08f442968359,30.5
1c97574913782ddfc8eaa8337329e81f,30.5
7fa203a025a78fcfa280dde33ca994cc,30.5
7c4b99c0b7dc418cdd03b6b5977f8a1c,30.5
732bd2b22741579df7ac77d1be10e389,30.5
6f2e4ee9557a5ad3d44831d5bf37cc3f,30.5
c14f029f1f1925a1094b30437a8425b4,30.5
e5972b54acc71c33416ba4c2211f6cc2,30.5
cfa97880b19b2b1d06f6c76fda7e1284,30.5
5c6db700ac5cd8db09b7a4f2784b3b03,30.5
2eb2cf5942cc25d420e757c1c8d6ccbe,30.5
fbb505a3f8346cc167d1ffaadeadc22f,30.5
d42a85a7f08524cec83afa0a1127054d,30.5
a42447b983a2d2bcb002ec960a183f75,30.5
30fbea743f55c0f1d3090e9774a3d6ca,30.5
36b7395b5e6826109ad8846f08cab633,30.5
4ff832ce3c50778693180bab3db7b716,30.5
d5f23b6e251fdf6e84267303b9b84561,30.5
fd53366df6136213ab393be0c5e2802f,30.5
3eb7136aaa3e0bab17a7b7e7280286a5,30.5
da6a0a54caaddc984f071918d9d30fb8,30.5
6b8e89396ad836f5b045cf752f776742,30.5
8761f84f3214980abeaa08e4ae6595ce,30.49
33654a02eb3d11a694e43b27986781df,30.49
447d0f76d49b609fe01725c580eb5aca,30.49
aec65bc941b0a6e412d0ba1738ab0bf4,30.49
50d5bc15e0f7e9ccf5b8d151c555c062,30.48
057b7af3b6a1b7ff16306e3f9980daa8,30.45
033c981e2b34fee357d40d07c83a1cec,30.4
296a45f462a9595ea86c29dcc3e23e1c,30.4
b48b99768a6b07498f48702432f2b602,30.4
2774b6023c768c91e636297a121be209,30.3
b4051bb7f29ee4b588846c865187bd9f,30.3
f4769d117ddc1a77fac0bca65513614f,30.3
da9dcf78d5f4805d03ed2df3a3632580,30.24
af07167f572cbc51105852f8cd94b89a,30.24
4293c2b68d5b7247d658d304c8670eaa,30.21
05eaca22fc4bcd48f6c916e294a89421,30.21
0b3f43c70b21e9af2c781e5e0380b2e8,30.21
34667b3da73667b109439101ac3959d3,30.21
48785398e9e99d0d61c7e1e48ebca342,30.21
fda1f3693c66c39dcdc4160749ba062f,30.21
a262c4837d797bd91c98d5249f31baac,30.21
e4ff950a08d8adfd9cdbf0564d3f8371,30.21
7ed939466606928dc16d603ec54edf09,30.21
6d14606e3ddd608c8f13e97950fc146f,30.21
25a82dc55f53b854594a544734dd9910,30.21
524987dbd2ce54fb339152d74a265232,30.21
150a0b8d0063d9b1cfd4908ade28accf,30.21
4d9e35dbf257c500b85259d79c87c343,30.21
8cca78a0f2d9dee5fd38f79b3afce8cf,30.21
35edc87c2142977597491383fc6ad092,30.21
fe00a52c6e20dd4cd53891d93b363977,30.21
b55748892add3571efd411869204bbcc,30.21
7535f9ce5c5ca7c248ed0ff6ed129d04,30.21
d05b8abea6ae93bc1ce04ee244739f00,30.21
7e9e42e3948a9ffa4113f77f86318b5f,30.21
a15cfa97b62e30ca2e0f9ad649cc7774,30.21
20c7acb4293846ac1674cad47f98ca2a,30.21
fe90652327c5b552bf56d431f882ad20,30.21
1d939505d1db995b5d0cdfdff5606a22,30.21
046ba797126ef91632351367c0845f9a,30.21
30109fdf21ee8eee47eadbe1cc84bec5,30.21
e0b5c02e4e99820c10b5fc8a50576537,30.21
bdad4e91371fad706d6ef1e25c823708,30.21
cec875d9d4406529df6ccf5e1930b990,30.21
1b79c6b65f89bf54aa50921be431b176,30.21
440449ac8128b5cdf337acb522b7bcd8,30.21
a8dd0e2a05799a5e36cb68c9192207a9,30.1
b1e1e2175e028a2059be17b7e911ddcb,30.1
aee060003327eefcbb5721a40a3e4144,30.1
b3c8c2a46ed7e641686525235e1cd247,30.1
ccfc8745472a2addccbf7af46409aef6,30.1
6f1df6f57a5f3aee951069881adf2cb7,30.1
897b270361970fde3563dab281b3686a,30.1
2128bfdcc221a8085d953289385d3015,30.1
761df82feda9778854c6dafdaeb567e4,30.1
0928de2429e186c48346ffaa5738cbe6,30.09
7bd7c3630d55f5fd4bb300059125370a,30.09
2fd5d11b117d681d077eee00b1830be1,30.05
bd7e4adf6e77f5253a23a8b3290b19eb,30.0
e4d4219c900e77c92de2e2abf68d7501,30.0
36229c07f9122516f4f75bf0f53f445c,30.0
2078701371ebba3f7078c65e8baf9136,30.0
e89c4590c90f9e8797fadbd40425ec1b,30.0
3c7b14b0210d382e4b30d5d7d84bf028,30.0
08652ae7b7ac5fa6f707620671306ddc,30.0
8f8b86d98300c3e0c6e84c4fcc8a4581,30.0
e8e590158e7dfae95695e062bc018845,30.0
7fa774bf2be90197a2586c899c7e774d,30.0
6aee4197c58218b95b85a3da9d6b7c90,30.0
7ad617e6ff464708e7731f6f31e68fb6,30.0
87f02a067e858106e8bc1ee503540c83,30.0
f62f53a0df8676374de8c463dd8a9564,30.0
d6cdfeca7b382005c0afaff5ee4c24cd,30.0
2d6f6494e8fe1ec6306d2fb7fc34178a,30.0
f2b66497b26267ba64ea9d83caee8072,30.0
9db08b65ed1fe7d2b75183335b666857,30.0
304717ed44006118886f66f77cb11793,30.0
1fd458cd872efb2ccd857f325f6c3f5f,30.0
e342cc220c9ce03ad61939a23e6571fd,30.0
b5c31aca67859c379f337d6c95cb37a2,30.0
8e5fb420cf8c57efbdf1632de43b3f16,30.0
582762f6f5415d10a1513f9fd9c074a8,30.0
af39d6939664bd5a5a8edb2ac00c4df5,30.0
0913baeffcef69d809064e4e09338fe0,30.0
68f0712983fb37ab0fcd7723ae3738fe,30.0
79647ff1cbf238aedace758bd4271aab,30.0
89ed9f545e7adb16e072d52358423f8c,30.0
beb649b39fa226baecfc1b5333671de8,30.0
1fc28d45b159958144877c04810a106d,30.0
2fa11230a389b7ef6637dd9d757ee48c,30.0
73d003b6671d9702bf0a757cc4571529,30.0
e5e221713049b4ca7d373340f611c2bd,30.0
21e3335e3f6a66b540ade23f25b6bb41,30.0
6822d5f9abb30da580ef30196fb78436,30.0
7fd6f0fdf33b9d37fe4ccd06c3eeebd8,30.0
56f9cc5ad6362c75ae28d2a73c27744c,30.0
25c94fb991b323d4a3b9dbf96be0da22,30.0
a96409ee32065b754ef0d49cc8a80d5f,30.0
37ace61b03edce757da03dddbb3edac2,30.0
f05818797057c484bbb553b2f08702a0,30.0
30d6a066b7e76c8fd66610d4b36e891d,30.0
5e5b442d4eb29101eaee6a9efe25c840,30.0
f3a720a06d4ff226fbd1edab7b802483,30.0
cccc31230cccb4de694f9cbf1cb6e133,30.0
de7e52da448543076d3d234adf140a10,30.0
7d2af39c5453e92ad7baad03e370f1d7,30.0
226b860a6fe1971bfbf3b36a7c54e4ce,30.0
865395e6b73024ab6ff3d333f1012f6a,30.0
45fedf146203ef871bbcd56f99308d25,30.0
1f0297c67e5e3106b058c933b37053dd,30.0
644047f9e8322e495b084f1884276936,30.0
4654d165d5c3a8e7c52566a5ec9f8994,30.0
7da29294f20d94ec7eaadf109a81d54d,30.0
6d198b228f250337a9abb9444a40714f,30.0
5726257f03bff97716fe9f0da0cba41c,30.0
db7432cb997db7083db6aaea715d3433,30.0
790c441f6454a3984bdbe65de6b56463,30.0
faf44751a1b04dd9363e5dd2d8325854,30.0
16d372b5ac4b2e258e740fe8054fd852,30.0
595ac4d9648f78c1f8e00308962ad569,30.0
0788b39f5f626acca3e865c280736e95,30.0
ab526fbb76ec6ab73bd3d6ce7d46a4e1,30.0
3218724bc18c442e58bd39608b0f100a,30.0
fa52af619a9b52a9b499ae425aeac7c4,30.0
4cd274ce8ba240b1cff6480fa9911df1,30.0
bfd3bcc53296e057e04bbe0f9d97323f,30.0
8a14edb98e31117b2e0f10525840e410,30.0
0a619d59300a6006492675a53733e51b,30.0
cb97d1bf364dd9bbb2a3897fef633e52,30.0
bbda0e5e83ba89d0dedc459cb1181670,30.0
8615d5dafcf44cc043c6f3178fa0db95,30.0
dc7b3fbf491155c69e07b131497d4493,30.0
df0ec86a6c614ee79015aca7cb821316,30.0
17bf9cb64d60724e449971a027dba7c8,30.0
6e03753c9af0fee7dd32d8ccb6a202db,30.0
72f98f3871a3a422ba1f8dd5670a6232,30.0
1a2c73ee774d8e6701caa7e397236023,30.0
872917a4ccc25ab1556c80a05a66e862,30.0
140bf51a12fef6c8bb0ae5c195f502fd,30.0
6c631d132f3fa8f166444ffd6cda689d,30.0
b5046b474af449caec29ccf426c8fb73,30.0
b1eb36a33bf56755bc9636a1a24d14bf,30.0
4ed45e482abfa0e715a648c5c5070b65,30.0
7a4a08b797dd851e6f8faccd4f66c76c,30.0
d59b99db7f4287d8ecdb0843b59e80a2,30.0
fe491bb998464f01edb29d2c967ea693,30.0
79dec4448255819a3747c702c4769218,30.0
230cf8e3ecf2c40452fa4d9d18857e0b,30.0
773955295ef286f5d3b8fca9caa6bd9e,30.0
1187acd131fe97cfc7cde033a4f036dd,30.0
29251d6a551cedc7040b152221744460,30.0
7a72f907fc15f755a5ce5713bee4677b,30.0
23c9a4af50b6e7ca6d5843acb4632f71,30.0
04e5f0d91c302fcabf232b92782a2932,30.0
5747e92c2d001d68a632852f8a4f3768,30.0
1128a133c281106fc866773b4a79888c,30.0
7d8c69b15f2b331d4aceffd9672c8029,30.0
3b26ab748dbfc26a635e36137b209874,30.0
4bffd2c1f4e638b8d1082b03d87cb2ba,30.0
99951d171be681b7a878c49cf72a32be,30.0
59a972de56e32837ef21cada8664ddc2,30.0
1909b44d6c01d36a4d946e60f46036b3,30.0
0edb1a9da9bdabaccde9a0551d8a56b7,30.0
e993bc156b872265ab409edb2600ca67,30.0
4740646ef04bb4fe7d76985526e58afe,30.0
2c127bf706b5089fd5dbdbcb02c7fcbc,30.0
40233126a7bf476bc25269affa42e6a6,30.0
f7599e46ea809dd9624aea2718fe692b,30.0
6f93628134917fa9395a84f69c6a15da,30.0
fff89c8ed4fcf69a823c1d149e429a0b,30.0
c7a73d8fe5c01904adc31ea511af512a,30.0
addead0426117cb8aa32389bc2d0328e,30.0
ed40fefcaeaecbeac079d45a7ff70996,30.0
76382f6496effe36685eb200ef95b3ac,30.0
a340a31c375e325235ebea62465f3f24,30.0
d0e8e7106624eeb3d3ac7c7ca89ef136,30.0
7fe9ea575758e6ab4e34b67eb1015c48,30.0
2346308634084083a80df78332c411dc,30.0
ddfd821febf66adbfdf21542a5358209,30.0
5f4228ef54e408563a162a0a80e932d4,30.0
09a0d5917164e6feca0c77b00f6c7a1c,30.0
c082bf0b958a8cb21350485333323e64,30.0
b2fa715c098e050b476d9f1744c777b9,30.0
115c455ac3a2dc3e5c81ea3da5659c33,30.0
df68b16176a400cda1dda3bfa1022760,30.0
fe7cca8488ed19952d43c39f4a35ff89,30.0
fac7d7254af3bd899053c9b68c6c34f7,30.0
8275d796d34ee8410db22bcdb29ab461,30.0
808f31b30bbe88397edebff7fd6f7f08,30.0
7969cf61f33d9ffc12386debfb42c2c1,30.0
7c9cd3cca2b9e21c63bf307f7b284685,30.0
bb02dc516c4e37f003e8e802369a3a66,30.0
532b4a0dfe9bb0a12b26792a2a224d5f,30.0
cbb2359424abfe3190e892223a27b650,30.0
cad8cb02b68f53c2db4a122ca3aee6dc,30.0
df50aa4e5e65c1e00257ac32ad9167ed,30.0
e77fea51329c9fcdefd5b74f3fdcef87,30.0
fd7bd7bf90e739374de93e267e197779,30.0
a7b8d98d59a1a44a4f78408b257b3ff1,30.0
000bf8121c3412d3057d32371c5d3395,30.0
a4e12dbc7b8973b94226dc1d6696416c,30.0
451ffb87d37499b3c61f7aab6af6f436,30.0
da5cf273e802884eda8cc65e1f27f316,30.0
ecf78fa31aebbb714a0a82fd133147da,30.0
b7eb6bc470f4bc84a4e55348219b0fc0,30.0
667cece2c46332f911cf581ff412cdf5,30.0
f6876851a8a4fc53646d4f30d35159fc,30.0
ea79db9c02e4bf4172f8cbbbc24fb0be,30.0
72f7e1911ed992b03dcaab4c0edf7e1b,30.0
ae1f942f94dc23319dbe330f38ff5c04,30.0
ba1dc68a7f3a7a8aec8dae0a7242472e,30.0
40efffc7786c7185ed26f5e9b2c3e646,30.0
df6697e2f4abe368dcd220afddef5746,30.0
3c3d147bd78ea075fc4c0bea0609c8b5,30.0
5da9c14b4b5e0fd22635896f36df8b79,30.0
5d73375814a2bfb3d7ae1860d3178e66,30.0
39edf0ac747c7864c5883f9172060c31,29.99
4a8ac693cb85efcc040094268f49d42e,29.99
2eb58edf4b8493e1430234d8aaf76e30,29.99
84224aa8a8d7d7a16e6ed976990b9cdf,29.99
90813c0766f48e5b2306a4f0158f713b,29.99
4666c0403e588762d3537b26c5504e53,29.99
19e9dac43eee8df98092482fdce676da,29.99
ff55e4b1163819f09cb71434a8e72bff,29.99
1ccc1918bad41ecd72e830f2e50d2982,29.99
16639dd2584f28b9b473017c8c713b7d,29.99
6e359a57a91f84095cc64e1b351aef8c,29.99
864a2a7ce82f1570f7c43d4f63b19e13,29.99
6d867512b712b31761b98d42894d9eb2,29.99
56280bfbcefb145b91a360ba0ebe9bd9,29.99
ac430a00fccee6f43a93836facc4eb8a,29.99
648ea50a014b283c36abaf4c254b9e9f,29.99
cbe980af58b127997844f9bd37f48598,29.99
4bd1c4610c711c1d56bdeafd6e127eda,29.99
8a36595aba7172250fc75470b725403b,29.99
3ca581e4a4ee0b48467bb142750e2bfb,29.99
0f9fc4ae62bfcdbcf167260cbf33695e,29.99
dbcb1324edbae3c217680ce32b431219,29.99
12e5815197a9e9eee704d54acaccdc27,29.99
bec2a570fb950359c8f4b1a0385c989b,29.99
cee53b7d3dd56da687a4fa61c6ce8d32,29.99
e8a332c3433fbd37920ec89fc295d075,29.99
839b3007f7e5aee8f8eb130c8fa51c29,29.99
1bab05433ef18b837f0fad9e3c0fc2a4,29.99
7c6c12489e36aafa4ab5dfcfef887475,29.99
b46689fa5074c5dc64dccd8ecdfb5e3c,29.99
0e96143af9d9961fa2324db67d98bb29,29.99
90d2e6f72916e728253129378a36fdcc,29.99
4343c751ea2e82fe45fd824b11bc5518,29.99
fe9757c08271007ee20b169fb0ab2843,29.99
7c5f2bf1eb681316188352257eab6baf,29.99
4de9ad1196d093560d7f48d6b0a43b38,29.99
c8312397127d7b1cf18e77a37efcbe01,29.99
946a373432fa262b9918c26b85b51769,29.99
18cdebd5cfe07beb5258254ff1f8fe85,29.99
28d65a634bc74f4f8b823cf8dd5e8b34,29.99
2f95fc8f86679d432d77e9d0316fac48,29.99
49f0feaba6e05f5663d785458a63fe46,29.99
4b4773853bbbc435ddddd51bd6c6a002,29.99
85163f5cd854d552b1627f12e52721fc,29.99
5cc200d2334981b997f3ce341c6c91be,29.99
8ad7eb18994a144bdc93494bf6bcbe36,29.99
66637c0e4a801a4cd3ba72818e7b5b11,29.99
838c6f397156bab88fa071ca0d6919e6,29.99
10baa4f455812091db9188eb661c7a68,29.99
bed5a20076049bad6c703bb683e0d1fc,29.99
b006e4773f5559b450f18627616f92fc,29.99
be908210af8ee3355cf14d91d1656986,29.99
d064cf9aebab40b919fe8fc92f5dde21,29.99
c5e1d73ae43d2c667eaeba149008223d,29.99
d4a41ac59d9d6532649a6eec0e27b7e6,29.99
eb6c184537730dfd01497567b6dd15da,29.99
464e820e4436c6fd75c0cd77d08c0b54,29.99
b0618d9432fb33cf0122b6af623ab522,29.99
3b8cf328ece322eb798b8d553fa4a475,29.99
27a063840a00d5f2e10164bdf37f7a40,29.99
f7cac87413a36fb4a06336f0ed964632,29.99
07bac215ce13a0aa6640cc2ea7411c20,29.99
a39c5aff6a35952d2c3e41540490513f,29.99
7984b94a493e842d0d9eb66868b5c12d,29.99
e41c3765c3f376d55ff3f32aa4409d20,29.99
ed29bcc5a5d83815eee31ebe14b54d37,29.99
732942cf061a8a17434dea4405c123c9,29.99
da6aae9fbd2ff1eed73d3980331b4032,29.99
8636aa7094b64c56c828f025018a6a44,29.99
70f0328572afff623d74793061ab48c9,29.99
d2310302109fa9701bf2aec2168f77ab,29.99
c979635abb798dbf96b2077e0cd17d87,29.99
6821fda389d5e73f30e53114869e783a,29.99
d6bbe1b73b3a86b33c5cdb0b4a8bf0df,29.99
39a881b751230fd0f534927e684a950f,29.99
dc6e272766b14662d54f4b7123e128bd,29.99
24c63a7108d652ad0ed85589c4575297,29.99
22a86440ff9e8f2847a8bfc95c9f90be,29.99
0f6c860f19e5aa6c03102b0b7d835e2f,29.99
50e32dd6b681377c81efe062a389353c,29.99
5a86f91f644f261e5d90e015e2d45636,29.99
5f1ad3fba0387ccd0efff08a8fee6212,29.99
9ab871545ef08235dfa51639b9f5ce18,29.99
96c7658be43cdfecdcd5278014990f62,29.99
28023eb9116ee98fd7c95e5cacb26023,29.99
c98cf172e6421f9786c711fa72fc90b4,29.99
2fffffc689dec2be34acc43ac9584586,29.99
79259b4281075f474da7d53f057c08af,29.99
e01fb276effc1ae50c020ac93fd19a1e,29.99
9dbda8f2ce19f108d4c32d085ec6ffa3,29.99
3a897024068ed42a183de61d5727d866,29.99
7dea181d02fcb0026f5c2ece003a735e,29.99
b7215096d9ed6d194e700543aa624947,29.99
64a097bd5b5ee7b766f29547a2bfdc40,29.99
8191feccc07e2666f6f267d83d920351,29.99
35649f8c1d7c545186e5679cf6294362,29.99
b49bc6198b41271f01eb19d926735803,29.99
406c0e75c679a46577815134afa52837,29.99
36d3a1fdfe49d86395c631a7ea4dea63,29.99
583261b06de4aceabf4be22bc6885c70,29.99
d681756695442e70776c9352a8eda350,29.99
717a4dc3c405d10278904800b0ecfe60,29.99
2480cae0db14e17cff537d55abfb967e,29.99
c7b9d36724242fbe5ac804ae521215a0,29.99
a39c552f30cd1264f0a5d5b351726d57,29.99
7520f9fd4f9a0764e6abc26bb74a8f80,29.99
5b42a0ba95bbb264cf0010598b6b7b97,29.99
754306ad221b08afd2d3ee0e1e7c2c38,29.99
4c587dec0eed27895d36458365fd8246,29.99
c86cb0075f281ede452f289f207770de,29.99
25f039e34f6ccd860e4d6ca74ca53e7d,29.99
920f5c66da1ba1f669fd292fcc011af6,29.99
be30da9b0ffa485606a40c62df6ee7a2,29.99
d5fefeef35118da492c3515f72878226,29.99
fd26478ce236861caceac8d463ce0325,29.99
61a5bdcc5d682ccad9e7e301c368ac84,29.99
51b929efbf63464d36f05ad3d174e443,29.99
c476db9f95d3731e6433908b2d7c3158,29.99
eb32e0270f64f6fcbb667df6fc8dda84,29.99
6e71645fbb2788091a01947b884749ec,29.99
6ce5536f3e76b410c27535f9278914f0,29.99
ce7d16764477add502f5571e29f6dce3,29.99
89be66634d68fa73a95499b6352e085d,29.99
1c255703c54df2a7a2d7a756ec70b210,29.99
b0a44e6002f9ff27862759d0d1992f4e,29.99
40e16d92bed51ffa013c3a7d1bb1e328,29.99
9d79415a4d0821d23b778a10755aa9c7,29.99
16c76d3580c1549d2415b039b962ffee,29.99
8960ce4eea38d38519114455d943d56b,29.99
796e122145d49e4242c7f69df20f0aaa,29.99
ff928f3db711776273a3d955016932f8,29.99
25507ffddd7bb9ae0722ccdbbbc2c209,29.99
c0839934f43d715b1433b58b86744930,29.99
9fbc3f8bc8a40d11a0ef3ab422abc7be,29.99
7675279aa67fc4800dd667d60cc92713,29.99
fbf020c341e434544b597f36567c44da,29.99
0af80bbcdcbbfc41fc50994913479faa,29.99
42de37a682dcb7e06d2c183d7880e648,29.99
a738e734d60f6c8e29a2e892b52d6ba3,29.99
2d96f476b569d9c4054ce0a232321f03,29.99
a76182d1036e275b4c6244a9f90d5bcb,29.99
fe4791069a13e14198e740eac4af84ce,29.99
3e1180884767238f00a30b9bc529783d,29.99
21866995bb1dd2c15eea9269bfa0a8dd,29.99
4f336a63def235358526a892db1e6271,29.99
6e0c9bef85839fa8f4107f3b0db5e4ac,29.99
e306a71f877d647cbddd890e019723a3,29.99
870a2ecbfbb1a8ab339c721efb886732,29.99
08ab2ec232b0a35e92e3fa0f137529ff,29.99
ea29ee5d9096bdd7f6021a9697e289d3,29.99
13e0be29519dd29995c22431c806d139,29.99
128705e3c217c73be91eb0572874cb4c,29.99
274441782dc4d0fd178ee41e34c4fcdb,29.99
3e3abacd0cc5ddab9352b2b9cc3bfab6,29.99
d602a337672652d844343a4d67687be4,29.99
e6ca84b3f0d725581756b696a0c71e00,29.99
0a165647633fca8a08bab0951c4c7135,29.99
548a7bd3843a197ef34e074a2d53ed06,29.99
34937f7e6edeae4de7a92932002788b9,29.99
0c7f99b2ed02dba92c6ea518906ab90c,29.99
d43d753751aa25b79c0d8abc9ce4fa2f,29.99
195133a4df02bdaf18ce8446f3a48c46,29.99
8c78a97fcd0fbb96167dee28dacd58bf,29.99
de3e71eb1431eff5303930c2ddfefed8,29.99
2f02678d5b429b623e9e40dd7b93e2a4,29.99
0f2c11933482f3e555ffcf336600917c,29.99
a7f60f86d76ce82c5976dc7a4405b861,29.99
c13456c30487488edbbf3e483a24a577,29.99
7754cb08fba4a24784d7c29d94593b03,29.99
32a7bc3e8823bf94324ec828e7888d6d,29.99
6c6f5c3edaf3b9c7aa79c83bc6a110ab,29.99
c254a2db825f5fddd1c3a0698302b1c0,29.99
bd7bfa5c367329c0ab4478160a7b992e,29.99
182189e60d1b38036a9f89ba5572ed16,29.99
4c1aff58af7cf50f5b4e85c445c14b58,29.99
e67409d790aaa70b825c55579f844de1,29.99
0010068a73b7c56da5758c3f9e5c7375,29.99
31c2345fa645f9d5850497c8eb4491aa,29.99
52f5ce2e402012c93bd9510788a57c38,29.99
b81c3308f759ff484e5e5173442a882b,29.99
44e246036793c31473a506a95d2d782b,29.99
5fe8b0027f57218203b52466e6794402,29.99
f4a542eb93975b9f18f2c2cc4cc13a0b,29.99
81a788bcab6b11f15c3dce69b69d83fb,29.99
34c3b0bf0429912964bfb5cb7216a7d3,29.99
8099fadb07a30a0edd0ddd7f6045724f,29.99
77c3947e076f8bee99adda6c9c26ed2d,29.99
e55074dae89208e6ba1e21cbee03824e,29.99
2d4b189601571f1783dad95d7f204330,29.99
e18a73e99813ab848fe50a216642fbb5,29.99
a71d1a5ce7bfed2330ddd00b9efab8de,29.99
8cbdd6bf53357613715883305516dd11,29.99
1ed1934ecae75619009545519aebab61,29.99
a6578491147295b1ff31962e01ed8a13,29.99
a4712004cd61cd9a1645946cadccfbb1,29.99
32a6de394291b7bd2e1300ae6d801433,29.99
36280de836e519ab5004690b9219df9b,29.99
cce4c1ccdf5bcd5226a1265b9e1e9ea4,29.99
cd846b862c51bbaf9ef41facd522906a,29.99
ff9f37a06f82b3db748599da8b08eb66,29.99
774d067888d5255050937a1952e46cee,29.99
7a95d4d532661c21c68fd13ebf6a95f4,29.99
6ddaa9388561c7781a4419483c52c2d7,29.99
a376f52713685c4bf13fcd69b2a5eac5,29.99
172a8d88b70c30286a8d76ac735b779c,29.99
63229a46e1f331678d4a3cc91c7a637e,29.99
a20e8105f23924cd00833fd87daa0831,29.99
b513e5c88725d337d84e279d97a7aa0d,29.99
a5051052c4be00ce48877050cb00b70c,29.99
0fb0919d1c2791fb41c75bec69db8df1,29.99
2ed9876a708635fda8c5deb0d9e2dc69,29.99
8fd0a5a6ca889a468942b0afb824d268,29.99
755e256c7a05f319e195cde33d095d4f,29.99
4131554d91b6d92d92c8af4097136526,29.99
301fcf518e1c483121a5242df2cf3ac0,29.99
040998babd9231bd6c86f6e85707fa5e,29.99
13a570ece49733c3201ddb6d816bdea1,29.99
c74e5dcd997cf60c03687a48e7af8492,29.99
a8a153895e1044c150faab7bf0b25779,29.99
715afa7e9686768e6db93aeca9998020,29.99
6ead49cdaaf1f5b7c003a60d336fce13,29.99
7400ad237f6da2c5f3f7f770cf85aa2a,29.99
367f881e0ee513cc57aff2ee105b0e88,29.99
97f6772ce3a8fd0482229a1c57d48da2,29.99
f016a9301ce9a894a43e607fc0355014,29.99
e3f62212035039c920a8409127b09a41,29.99
5fed823f3e24ed74ff3a9db3ff4f869d,29.99
931f171166895ae304d6e982ee54d197,29.99
7ef73b34b0a8614d82a0756d9ca33f12,29.99
d141bef69235870b48ba805820c3bd6d,29.99
7315871a8b3be15baceafef3b6183c0e,29.99
59c8f8409e6a27b4134fd666ca564e8e,29.99
b9f2ab1c760b97accfedeb1070e7cd67,29.99
493a49563666be92550d578b66153b30,29.99
236e930f408e334cc2d154a37d4f6fc1,29.99
a315fcfe43f26b429a9dc25518afa11c,29.99
0d6e79224f6c950f2fbf5642cec14cd7,29.99
54081452326c25cde023a4c5a7850275,29.99
1f52344e101d65f925fc24b8ef736f9f,29.99
d7cbd008cd16332e62efb358c1348056,29.99
5e8b3153c76eeb78b305593ae8618ec2,29.99
7693881743e1ab076e31659a9b5eebe6,29.99
0e35daab59a593537c336bd0ea683915,29.99
22e62a7227eb91f93cb55ef14a20cbd4,29.99
e5ec2ab6c7c12af8bafb41dfa65f1156,29.99
91e016899c1d91431bd46cc138f80d44,29.99
74d926a57beb2bbd42d8b69f723128a8,29.99
3b690e29d184eefe257e78e2b0d70f11,29.99
61bfb3b95d736b9e9eb50bec324368c5,29.99
f4b6b12c622bee8aecbfb2114025cb13,29.99
628c270864d9dfcec3756dcd5632bf3a,29.99
7d1b755bfda95a6fd7ad1f97a83234fc,29.99
4ef22321e988e87dbb047cd96b9293fd,29.99
8061a9d09924d8063ce0a12e2ce469bd,29.99
35e298c87eda487ae60b5d6e1b34e4ee,29.99
69948e830790a07c073b95fc3a7197a2,29.99
bb662be80c9c5bf770c86cbb03a7fc55,29.99
bbf91df4f0a88830237a0e1ee1b9f161,29.99
fa70ada4a3d29c318df97b21529602cc,29.99
8ee32f5a8a3a795ac11b2100b4558dba,29.99
528aa234565e7a9bf8bf57a60da5d6a8,29.99
6249709637eaa28557e42c0197951cb1,29.99
b6021af6074c8657c467992429b9a368,29.99
038580298aa9911636f2c2ef00b72a8e,29.99
07dc183e2382a6855b6dba9f7b5a66b1,29.99
fc6d5621cd3c9e4c35408c896771a7f1,29.99
796a700eb8db15364689946c1618f931,29.99
d6351c9f1d835238f1e2e76ea7472b87,29.99
6b57e6a310995d960e19f631db8459c3,29.99
0e4ecac582d45f4fe67305137a662cbc,29.99
85ef70e333c50fc4d005b3696dd34bf9,29.99
4414a05a42bf54509daafcc5e6ecafed,29.99
3e283a32b77be4f90e90af1c3c770d6f,29.99
7da8f545ceabcd24a5237ab53f763657,29.99
d4808f8089e802626c8eff03e6e057ad,29.99
833d1eea64eebdeec7aaa771afddc2aa,29.99
8688c18df2ad90ba2e2bfae32068eebc,29.99
251a0c3704affcfc069c2ed0ec3937b7,29.99
f03321492f05427a13a8db3dee24f714,29.99
e8ae7f3b5ccc3a0d2d04c605f4ca481e,29.99
cb39dede73ee667f5b58944fab009ff3,29.99
faddf55a7c0936f35b52555c9d23c9c4,29.99
17e1aefbee8554b27f76fd3accc19e0d,29.99
76279334b4f440007e4ecb65eb713ea6,29.99
7dc1821631462acf95325b46d1be5345,29.99
16b4fe84e11d113214ba5bfc967bf782,29.99
57c0790260575dcab6952e29ee2ba0e8,29.99
1df9961ffcedd6486e64a068c401d303,29.99
75ff064e942910b72e1ab6ddfabdda46,29.99
08cfbfce32d6e30b94c84bbd630aafae,29.99
a30879d9154b6fbdfdab1a98ca98f83d,29.99
f9d02ecfae118c9abd105ad3f91c307a,29.99
4d11f37e9a81c1e42a04b749b85d68d8,29.99
b774417f5519d50111815b41af44d0be,29.99
b8dacf36fb30ff861d84026b5e07c5b2,29.99
827d71abb735f7c6fb410a57362826b8,29.99
e8479a6bb05afc8b19f0c49788d9003f,29.99
ac428239d66ecbb6daff6de83569f7bb,29.99
7faafe593337514d4a641f262f8df52f,29.99
4797fb67b3991c9513486658f6d694fd,29.99
22ec2f799a051918197fc8e40b1c32d9,29.99
c8b08d1441e0f47d9190771f10ed8c58,29.99
aaf1ff6550c1f45fa52842cc105286ed,29.99
bddbf44872024b7836e043ea43cf7721,29.99
06fe2378b02bcfcf4d6fcc4b31fde6c5,29.99
ce3eadd4150c6ebc41296a9003b36f41,29.99
28d22e4bdf20fac1030f7a4cdcfd3cda,29.99
f315a90272ed1b6613938fbf58f0c329,29.99
968d5df915ac5a7c63d038e4d3f79cd3,29.99
7b6ccc176d574f4bd3979fba8c6950dd,29.99
2c4aa9610fa8ec5bbffd8706d3d722b7,29.99
73e4c635d08b25002d658862b34ee054,29.99
ec65a85f4c557054399874fb69983469,29.99
25b97380259fb4fa328c4ab94b33c81f,29.99
95682accaa4aa7184a16bc3ee1392129,29.99
d86a084c7fa7102fe9e6ce64c04bc5d4,29.99
1e25d71519f5fca49a912fe5846ef99b,29.99
5917aef262ddca86ca8dc8910070fb1a,29.99
e12464f67471d31285bd75f4f38a0db9,29.99
670e85cec98e061725d4480f94fe9271,29.99
3c014a4731d721cd7116661c22dc0f2a,29.99
30f83ded5a1d46d831783b7f5ab3927b,29.99
840f60a1f70ae3558d61b38cc86e0d48,29.99
6a818072fec0af908e7928379eed919a,29.99
4d5d91c2c6c5cb1db85e1754508721ab,29.99
ba23af9fce8e769f3585a865191154d2,29.99
03e4aa263433c6741b5d22e28272c520,29.99
75c0bf886809c6971760439a7a71a89c,29.99
2976b8562dbc7e44887d817a96376692,29.99
db09d0bb5f4653a481b7b26f723d23ec,29.99
fe06b5a58266aa47e02e7f596d7c7ece,29.99
257f6abe0b5b6d2f48abba83a229243f,29.99
34b940a65cdafb66d26675441dad9284,29.99
d7640bf7f238089e9ed07bbe17a90202,29.99
232ca1f033dd8ad12db889fb45d8b8f3,29.99
ca9f1b2bca17f3381bfd4921e909e28a,29.99
52438ca332ca1c6752629e6dead3b43e,29.99
9416fd574eecfbb1d043759c93c70b7c,29.99
c6b50a19c24f1ea036b454ccd2a1bde1,29.99
19a06d501ee9f39a4e1e0b162fdbd6c1,29.99
1a615d890c80364a251ca3671d9589ab,29.99
c5815bc51a3e03cef5eaea8d5cbc04da,29.99
772f51102a1110989a91e1d3a62a8ef2,29.99
782c91abdca6c7677048ff0a930e7a48,29.99
981d4e25f7275e5dc35df59e20f22acc,29.99
e9ea2cfc8b1f20bdae40c9d48f4c964e,29.99
d45ab7ec2574181437e382cf9cb149af,29.99
c3b9f8382596a16424bf4be335e84fd2,29.99
e18f5bbc77c09e732b68e3908e393ff1,29.99
e8c8e4dc32f621e43ceddc47c7b89436,29.99
9ef432eb6251297304e76186b10a928d,29.99
96853060623f0ce3cbf3624b2411256b,29.99
3efba37b349cdd2c2d8871234011eaa6,29.99
5a83b651944141609c66c414f8258ce3,29.99
7890b33c012af712223e75ee7df8ba55,29.99
26c7ac168e1433912a51b924fbd34d34,29.99
7c1c48b350bc4c1b1e668ecb7000e05b,29.99
dac64a594428f6f259e18c968924a1c0,29.99
e983a1272205857c12416007c4e6c9a2,29.99
a9262f07bdf485ee87c6780a830ff83a,29.99
edba4f48ae2f681997110ce88ede849e,29.99
c9d83efae10ff5d47b75d591e2bbbffe,29.99
93bcaca0ba9906b15984025eb1ff7d06,29.99
1f8a895c0b8586884d309779642266d4,29.99
92bb4e3db74b1a4e1afd9c9dbaf7c25f,29.99
15a5151fa4345e946b0528df9d8707e4,29.99
54c663f10feb1c08f00b25ea8bf63b86,29.99
ae02fa353f4acf44f4d31787553b46d0,29.99
021e84751ba0ead75b6d314a6ead88d9,29.99
2ed91b89dc143b6e37e3adbec2c52fb8,29.99
59cb919cf0144e77dc645ec6d6d1c803,29.99
9ba493187a89070e398b4fe8bc663f8a,29.99
368acaa62ae2f7339d7a5a1a9ca82232,29.99
9c8238260ea546e75c56fc27c0fedfc8,29.99
221ed878c20bb0791cddf7f7faeb025c,29.99
e6f86e0abc6b6509df7aadeafb2db5bb,29.99
ee89fe624b4e22ac4beffac85aa26461,29.99
612ac88c129addd7fb064a64486765bb,29.99
7e604950b2bb67d61acac73d2505e7c4,29.99
c315587ceb4ac7979c889fd24c860ef4,29.99
416ecc22c3222509a575cf0cc61e4939,29.99
39f008f05281376690e251346106e6e8,29.99
ba0ce47dc8125341d58a1253d65308e2,29.99
e2777962242ff48994c639668573a8ab,29.99
e4c14fd70ffb6e4e39eb6c5ed08d08c2,29.99
d827f9b2a25d6b42cbb4e758256e6b5b,29.99
b8f9780d616aaacbbeebe26992a38ab6,29.99
57379838598319fed45f5b0cab0c502a,29.99
1599a28dfa97a32b693d2d3ce29bc2b2,29.99
f1f4fae012d2a40ec2bb1a76610cb42e,29.99
7f0005d66dbecb865851ad1e92861df0,29.99
2e5b485a6182cb307549473e251dd4cb,29.99
038718a29c41e770aaeff44f49232eab,29.99
4bc3f8a7ff21c10b55dda45c89ffc21e,29.99
9c5147ae1632464089388bb16252ffd7,29.99
051eca5824715d378df187a46e1005e5,29.99
15e0d3225b56b33134b31c4d55edf796,29.99
5ad589ec5a8cc1bdbac761dfda386ff9,29.99
4ae146b62393e6b565cbc8d6cc149233,29.99
18bf97f433229e973e41658016d9459b,29.99
91f5f46d2de155036be2e3f6c42b80e9,29.99
92757035e85249f3d30f26b354c8ef45,29.99
212faae3e5c3646879daad76a9f106b3,29.99
7f9572734bf4b2cebfe27eb8654806e4,29.99
c95c996dcdeac3096cae7da33a539313,29.99
ae6858271a7210775085e4309eff5bd7,29.99
ce510a4d2db930a570c19134f75a80cf,29.99
743ba6970529f6e6ac1f5b501be6d573,29.99
8843bb636edd3fc66fe18b063773cf4e,29.99
a3c9df311c6c863a480fadd5c078c56b,29.99
39c78b59a22ac0b7f549a510f6df72fa,29.99
0f7233f40c633aae998597e065b1d371,29.99
7812fcebfc5e8065d31e1bb5f0017dae,29.99
a35878bee339b45240b5a327d933509b,29.99
53c9811a9eed9e84d267b8a929840882,29.99
e3a14f2e3a483c69d51b7bfa3b3eaf2e,29.99
364543b76991d783f53202967dd031ce,29.99
771599593e37a3e2f6b20cbfd31bf90e,29.99
135a5956797e7322fb86fa4925b1463d,29.99
1881349fe48083643661d9ab47a2515e,29.99
e641f40e2e360a2c73d6cd8a50de252a,29.99
eb9d631f30d0dccddc0bd1e9fafdeb95,29.99
c51f405288b3495a09849d62a83e5cf9,29.99
1fee8a461ed430f2a0a4ee0b68c9f1dd,29.99
b8245bf3278e6f2d8144c2b23a0b424c,29.99
16d54b87b9a9b62fdbe0efd2521e8eae,29.99
fa5b2ac95603afa5cb70babb2747b6dc,29.99
5f3723cda88a7d6657c5a210014def9a,29.99
b470feced32581d9db37145350be0401,29.99
edc5e39f9b4c07f4392c83c6f762e5a5,29.99
49bf065bf2bf468bb3f9e47c29a522e7,29.99
e309e1d5483ae7c3229dce0ac8251fdd,29.99
2211b52267470b72aa8016238fe16972,29.99
dcf7e8c2e4b16543475bb55a8c6bee05,29.99
8df44d31aeb575a774f99c98b19e80f6,29.99
d2bfbf5cc7b58b39f4855d895e6f22c8,29.99
4685b8cfb7cdc5093ae2d972b5d0ba05,29.99
771deb3ebacbeeb186fb88395b6a26f0,29.99
8d2707128b67193f8346e9568d4f16c6,29.99
8dff4585ddb2ea92dbfb5e233ab23dce,29.99
44f8648aea34370e3e10bbb6e333d6ef,29.99
be5b244d74a2b683446b7610084c2baa,29.99
b609533f40e96134748755961fefd32a,29.99
123b6048837fa953150255ef6a2efbb3,29.99
31b49dff62ab85e66e4f89fed97a155a,29.99
52a99d530d76470a697c888510af5f88,29.99
a3fffde028a099d424723d6be9963459,29.99
4c5a1e184ff4fd41b2d4ac212b95d0fc,29.99
a22d6d0dae91320dc0949ce982c22897,29.99
f21be077bde5af59e7bc499c7dfe788c,29.99
5caa434124c224aa365a0e9c1105b9e4,29.99
a0304cff9fe8ea7c3fbff031132b6f8c,29.99
119725bec6861ddc5104cf752a096e14,29.99
fc4082499edb3980c3d510943cebbd8b,29.99
497999c9db4e7fc8bd760a33a73415ae,29.99
16f1fb10c836b62abe1c810fcf365a1e,29.99
de63777364ce7bd557a7bbf2972b5c8f,29.99
d6ba39c70cc208a64e6daa81c205cc03,29.99
878488bb3a3ab7b708f5cf05726b7f61,29.99
3eab24a1a33e742785f4f5b3360dc89b,29.99
51e514ce533c1d47d4ad2e31b6440913,29.99
9f8c461ecca6766fec8d1824048d91dc,29.99
5d87ee4b33c25a37afe84d4a5b33fb14,29.99
2ca74d2c5cfa0271fc22ec1e18262f83,29.99
3560402b2a4ff51a8fc728b55234539c,29.99
14e49b952739346002a5ffb5347e9b7c,29.99
9a4a7dff95dab2ac949bc027f788c9f4,29.99
a11eea9340de49911ce9d1c0fccaadbb,29.99
6a029307b24c4e85eb7f8b54d28f531b,29.99
962448d9b81d2848fd389dd7ca4b55ee,29.99
16b1c67999265df183e86f6a29d83626,29.99
fa6fbbb2080646acae977bf2e44af98b,29.99
02cc8a1662feefebbb66dfc0775c3e1a,29.99
87a0ef17008514801a0651bd00d64e10,29.99
1caf15e0efd34c070c497ef8c87e8fa2,29.99
bcd16dc293aaa0a6ecdb0bed8701b8cc,29.99
0c1f8afa8316730b20388c1b0f7598fa,29.99
725482e68df8d999924c84f62c9ee40e,29.99
7c813e67ef05683624d9a5cb6d274acf,29.99
66b14b570f80d68efd68d0d0af74447c,29.99
e66a30c180b39bc69be9b943afcd94e6,29.99
f1622b5b691cbc9c39f10ff359043335,29.99
4f9f51d45dea439f08ee780d99b39eb2,29.99
001df1ee5c36767aa607001ab1a13a06,29.99
3bab86bebe210d7ed17264e0ef1c6ad6,29.99
5e6f9f9e30a4774f7b61dd275244465a,29.99
2d9e44d15887f511fd4e650144a25dc7,29.99
4126a6bdaf000170ce607897ce87895a,29.99
78e1490a885fe6e9680acc9efc7af380,29.99
386e96046ce0e77e5c9a9a4e818da93c,29.99
0ee2a7b14cf16326830092602fd73cc8,29.99
11f1b2f86c6a83e7fc3ffb49465f5d25,29.99
68d03ff74911622915ef4ec24e2919a9,29.99
3e200903aca79b3d19e14c2e20edd369,29.99
e77a8c38dc4133af5160b7909d74883e,29.99
4712646f4d45c108e2e6fe325b2069dd,29.99
bfc1001239658534dfc7189440067a2f,29.99
786d4975605aad471c77f8c6efa340be,29.99
c344b4e0eb8fbd8c3731533d81d315ea,29.99
75d1ae5c2bcbc14de4a8ec95bfc28dfa,29.99
765c00b61706e22bee156446e592a050,29.99
e94ab025529a46247f058102c92b3627,29.99
ee37012fa6baf3f9535047b1d3f41d03,29.99
b629115d8a9ab4d7c46a9a8622ebf2c4,29.99
0893dbf96f705f3a68f0212b3d2cdec4,29.99
fd129ee6af6e2c7043f8029e814a7ad9,29.99
bef40bbef664b2f618bf022db5be5a11,29.99
f6a59386e50dcff8b77c3f1e99c218a7,29.99
1a97758f605b6e7eb4d4f67754e746bf,29.99
8a76cd2af176031f530d4d9447adba59,29.99
28acc3d60d72c58915836c96d496d0cb,29.99
450a308ac9087c11e52bce959ef00335,29.99
a271f133c963082ed1c5e69bc0deb70e,29.99
5b7f46966e6e8992e9f9b0bb973ecc3d,29.99
ac404dab8e3ccae7f16263ac1e693c6c,29.99
07e3484d1d11aff52931c1a69aac9d4e,29.99
5df8304243068e4ec4a00352ad8aa688,29.99
904eeeef5ba22055a58bcff52f0a82e9,29.99
9e9244c4b7e622b39a13b1824097d976,29.99
52d0c9da7a7e0a0b9596311b1f6b5c75,29.99
8fa8f597440bcce3a894e7df3a3f49ce,29.99
b9f66f0da7f1dcb542b44a18581c8aaa,29.99
7bbb1759121abb6bce97505e003256ca,29.99
cfd6776cbed77653931db5aa308d3697,29.99
9ffc74be666b9f5ec60c026a54e06525,29.99
e43f9f5c04061fe6337ace761510098d,29.99
6090711df10612ec9df45dc0c7090f7d,29.99
ca5f917f62d02f04d32f056723123cec,29.99
ba54cfc321d2626f125c2b07f1aeaa89,29.99
f376d698bdb7db52c83a8aaccf765d87,29.99
87ee8a4955118ec3f3077ac7bb6faaea,29.99
56fc8604a22961b99dc13a188ced33d6,29.99
91c3497cd1d1d46c1431e56ee795b05e,29.99
61a1d82e44d450a06016bb941595446d,29.99
10b07f3b8104c61d0fedf978f73b97be,29.99
2a95ea6560ef2b9abee6e807cc371a5a,29.99
58e1ef40232ef2763c4a770d2cff4b49,29.99
ed27c1a48c82bc9d7d5ca822fc2b62cc,29.99
d3b5d6c78cc93e87c52febf26f3d4359,29.99
880f0ba5c07d5b9d97c38814323106d7,29.99
0e90259e50e8d5619e3267c5f12a8a41,29.99
87fe261486a89deb4720353f02f82a23,29.99
03d68326e3785e49748a00805e89e61c,29.99
3214cabfea2994a76e102fb4a23d7b57,29.99
4037ca7516bc3ef58110885dc2cc0612,29.99
6311210076969b89d82ee9663c88f66b,29.99
03fa8e275f7ffe9b81f18e30c42fa7a6,29.99
9a6365913d478f7a1449b195d5d5757b,29.99
b520dffb45818ab048218df9cacee680,29.99
bfc4066db14a5249168915cc6285ceee,29.99
b16c72edd4f9a1d943d7aa4fda13eb02,29.99
96a516cf5e43184f7684798019140793,29.99
07ca5adceac194a2c5b63b87ff283671,29.99
395bcba8cc4642f15f4508da8c8ea0dd,29.99
f20577a98700e15cb66175781ca8433d,29.99
7f4c282242a6c95555130ae68bd83a57,29.99
68fefc3d63ca480cc15d904be2e9b2b0,29.99
29d09d8e6cb24d45ca8fa79a3f0420f5,29.99
01afc06d7738a5a4b90959f387073912,29.99
0a6bd5b2b853de0e3f86708f42712ccd,29.99
c00b01bd991034ca1d55abfd672a6eb4,29.99
f849baffc31a2b2519ca2f66092fb39a,29.99
a41b9adf1616f3ccc4ca2638aa6011ca,29.99
857c689eb18e76f316740bb9ee3ae189,29.99
24cfe14401b47e09e68d7d61040878b9,29.99
b6b4c738e48fb058587a65d8217053dd,29.99
80b980f78e474fd033f298daeb5663f2,29.99
337900928f7a941ef7365f079cd36830,29.99
96330b0f406163eb357a8c6085b841f6,29.99
bd8de5c5afe41611308675f1296c7b60,29.99
b8fd1545c8442745cb56df1c665e5860,29.99
feb9f770bdcc1711e9dd4996adea10fa,29.99
020edf80d85585b9ccf1c48396ec32aa,29.99
6a259e6c956a3a7964a212a1a57bd8ff,29.99
266521c7363e77c06795d3eb61f0bef5,29.99
4db09730e85cacf07aa9c7ce98ee2a16,29.99
79d9271e1bd3984404a8b296a6de3c42,29.99
5a58afc695ee03b9baca01d4afa52cec,29.99
01531516bcefc94ae2fdde494db9fa3b,29.99
cfa82fe41a4fe2ba6d68e73d37350258,29.99
ea1e5f694966f31b8c471264d333db3a,29.99
afbbb519a35f84ad208f8f04de698e41,29.99
1b160c386763e9d5ef99a5afd66d61d9,29.99
6141a788cd69f6a184d68dd2c6588b84,29.99
5dbbb361d24effa8305fbe81b0783a7c,29.99
0c3f432e2cf7ebb3a2cd874a8da89541,29.99
8252224e46486b8d941500cc50fb998c,29.99
e9d30d5067a204ddfa459c50d6311fc7,29.99
b7c13b2df92dc0d616315d518bbb97c7,29.99
c0000e87c4c36f4d17c42ba614aa35b4,29.99
6238211c5b1c7812db24bd1aeb5fbc4e,29.99
cb8250659b3d34c3f3d183df5fea2339,29.99
9b9cac11df60b6a2ca95f4045dcde787,29.99
53e3035bb56a2266b08ab2cd01efd603,29.99
610fb118022f008000cb93c62a6933e5,29.99
6a3e7d824a55ef5821a0e327c66cc979,29.99
7582766723ecbdbf5c1205ccaeb80239,29.99
a349e0abe64d842144b9ef7cd244d3cb,29.99
4d316747d674488ae8495281ddd75281,29.99
efa537b5cfd40d0e7205417f2269ad60,29.99
6a5cc73969417c729aca1d3de85f4335,29.99
28d5f8d98761e92629dbb6e2f770e7ee,29.99
715eaf0bb188893370ffd5fae46a37c0,29.99
dafd8d87717e26770c556fd18879054b,29.99
79222563a454f8315bae77c7df710ea4,29.99
92dc1467d2ba256b84a991c5a3218221,29.99
248c158dd2e7224c7a574b407366135d,29.99
f1dc75a4e0484d21ede6e536651e1282,29.99
e4d7a84047ebee5d6e06108df76d78dd,29.99
4653546b86241aa601ccdc82ce9a2d91,29.99
cb12f7cafbef496e37dc4d089281b2e4,29.99
4be419b7536d527ea67eaf7aa4a30187,29.99
2932d241d1f31e6df6c701d52370ae02,29.99
b1898a5053e3bdeaf145b86826ef626d,29.99
cca4c1826d524db7b10082a6b6bf87c2,29.99
cfa5bd743a20cdbca4d73daa497fcbb7,29.99
2f6cdb93c2573a1a5f1a2d927c574ec4,29.99
a436fc79974949f91d114d0770eb839a,29.99
985b5459eea14ff861542abf5f843f19,29.99
164073eaa0690f5b1004c5bbe77f6046,29.99
cf217935713d555a320eddf49ba10b46,29.99
9dff903e11569e3f1c326a0adcd2d746,29.99
a85209e61b86457b6c628e4da9f2e488,29.99
dcb15692eb3de5de08f5c4f51e1ca6bb,29.99
bd46ef0523578ea078328cf1e798a4b9,29.99
cd0a090974c3b64acf613c18f9fcfe83,29.99
6e438314a83b16bf069789bea2ce4596,29.99
db33548a973e1a93d3e7a6e599951336,29.99
04e0aae337a6d96f0b1311fe9ef13752,29.99
2c07e5f16a6a9c98a3837783b7e6fc4a,29.99
22b89dce93d025aaff2c256dc12a391f,29.99
8de8d680d194552df9e97d1aa1f168cf,29.99
878fdb568a2cc05dce77c30f729f439a,29.99
01ef9a979bab9ba62386d5abfb646cfc,29.99
0ca3dcec8d4eb3a6c7a7759fe9a74b82,29.99
5ca5c73c7d024f6e12c1b901124f604c,29.99
b63f9ce4daa4f644ab9caa56c9b5c2c1,29.99
141cf07c404451e83e162668b126d0b6,29.99
c2ca5f569938a5f8a79e1f80f3800e3f,29.99
12c3f6d88b89c5152b931cc20c797896,29.99
53904ddbea91e1e92b2b3f1d09a7af86,29.99
a01e5a14ca4da35a609812d73b7519f2,29.99
ca318c3489c9a3db747beb864cc90909,29.99
e45214e727c4d66ac900b16953722fac,29.99
5d1774e3a413b0d6756dbf03cc536eb0,29.99
0b9b76c2e963026cc36a78e2df24c913,29.99
71d824a92863847504035325c4865f7e,29.99
4f662c3ff944e3b1db1deb6a260f6952,29.99
2e489bfb9376d587854d12d77da09884,29.99
31b52d74e05f45d15820344d0a11268f,29.99
48e5d2b2d852ddbca633fe87804939cb,29.99
4514de42f20ab295bfb4509ce083b763,29.99
d750ae01f955a2ee39b07ad92760cbc0,29.99
256e039b35d85e185b152ef63cab9877,29.99
7c00799804af74e21088032aa0d6eefe,29.99
9f3a6a3bc8190b848832ad6916ccedf1,29.99
49853823d80a001e8fc64418275ad45a,29.99
fcb3f31727d05a2077a1e0a2c5ef72c7,29.99
9180e4a9e38cfc69e97f086440095d79,29.99
da2bf729800ce85f31e79a75506d94ac,29.99
49fbaec7f8c365d12595c7b6cb6db285,29.99
6cca49b1c6983d8a2b755db0d41cd9e1,29.99
c093e1c8a74e5ed4ce0adce7cf77da4d,29.99
2225548e2a47eaf7f7e8aa07459d06fa,29.99
f2f3f4bc779a4d7689b8da35a1014bbe,29.99
40114847c6de0b9b9cd74eb44fc56cc9,29.99
bd138ea8b82f8ed2d553b071d18533c0,29.99
a5a5a602f049547e4fe6c39a0a2629b6,29.99
c627aea5ae1e198d3134214a9805781c,29.99
55be5653a69f4551dae9951e54acf572,29.99
b7d2aeab34464ec6d06fb35c0752c93c,29.99
1920602a4a42900cee65ac56cf2071bd,29.99
f0ae81a403ac013c63bbea4035de8083,29.99
e6b14404e764a575edf95ff97c1ffa90,29.99
d4c41f8b47c14649a4ff7b1059ab6eac,29.99
edb1c5c35746b4a1d65ad8a98fa84570,29.99
2428a522e85ec8ffd6e3756fe7ddc782,29.99
f0cce30b54f541b14dea8ad47f63282a,29.99
d4d2ea890454df93e3ce1c29627135b2,29.99
b2a03dcda700815bdf537c94a0303309,29.99
dd813177a2683712e25a773882ca1843,29.99
14df7c5740124d76b693cda86ce46b86,29.99
8c587eca721e5478cc6bd17ac3e8cb4c,29.99
45335c34e07f52e1a564973cc7c66165,29.99
e38882ed2b1e443a3dd5f4f20166f700,29.99
af9bc9bc13afa559bf63b0cd6539884e,29.99
f74b5ba22ff77360b5a00d379e1c85db,29.99
b2ffa78a19812f6ecac1f80976998539,29.99
60084b7d470df61a877bc270cae7f70f,29.99
d8236508771fa66dcb0d59cced5276ca,29.99
bf9f964e516cb310162aa203b7e304ff,29.99
64d1999fccf860c8164fc0374209625c,29.99
a0000ce2fe61df5f6fbf6d47eecef0b4,29.99
440790853e2f2be2ed0df532e8e23726,29.99
0125fdf9e257f064725f85d1d63085b4,29.99
6c5ea86f543868fdd90dd6d5e0468b19,29.99
a82121a4a1690bf195b6e61b691b13eb,29.99
e7d6719126634a58d3dd17ffd14311fa,29.99
5b58f75e65bdec4f6767eb82f2c84e66,29.99
ac5cf84d41fb5ab92ebd92d49697c26e,29.99
e45f291e6c2b5aeff4858a3bd9a59fe7,29.99
0fbb5e72320e5c8af8a04fb4fc633281,29.99
fe0eb85bd063e95293ac7731b8e8f974,29.99
e3a4128a53cbd4ff83c47fdfcad702f6,29.99
a3c533904faf44cf25459facb55526f7,29.99
35ce0878563c58ae6204141b827a6b86,29.99
511d7f5921a8a64e099b90c651decc2e,29.99
b257997a1becf344c617bb61240ad14f,29.99
ef4e1b85f2e0f761bffceb7b510b532b,29.99
2e28b1a46d27d698ecb5253364df051b,29.99
d6a95b8b8fe7de0ae2610d32d1a43283,29.99
3ff2b7b4797e590bf4d38310c565a009,29.99
bc345481af806e7f82d41182101d563f,29.99
bf2cd0dfd7ad8b44be636ba1079d6358,29.99
f848d331d15eafe396639c7ee61217fc,29.99
b128321979749f9034763ea47023bdd4,29.99
51f34a61223200b58e35b7e7f3b462c3,29.99
de477a1a9fbee437652412f90833a90c,29.99
cd5dd3338f6485acca4c019c5bc902f4,29.99
e8632f3af3c7b0bd08f3b57413087db0,29.99
52063052b48c05347c9bee487a0a7d35,29.99
a033ed469111e80059fb0dd8a8e30808,29.99
94ee7783d2f05e72a85fe65e13e96c9c,29.99
e948444f124792c053b8e3d009a3bd8a,29.99
c90315fa2bf1e08a650b5dd68f744e39,29.99
41fd684bd263940345910be53941e8f0,29.99
259e30be470dc3beda52b7504700face,29.99
e7de5bb1a046dab796306f7c85bd014f,29.99
6e01c34b6f829b1ecfbb70987a25bfae,29.99
eac0fcff455b7b66439f7b389940bc34,29.99
b2f8b8f308351377e216ebffbe468d4b,29.99
23a238394ed31f0893206aac055f6dcb,29.99
5f063b22160f5b66dd74ab507d230169,29.99
e57a1ac4317d4acd397f88cdb8b086aa,29.99
6b0fafb93f2ffe553ee4226de796542a,29.99
16471405a724a048a940dbbc66cdeeed,29.99
6b9c443a3f61f5c12ba58b9c84e1e22b,29.99
526183218f54a9fb62f0c1318acf32e3,29.99
06a36e2121cd25bcaeaa79ff09974ce7,29.99
ed7ea148da163f92ae8d98e8d07d122b,29.99
46d53525c7c06a217335907695daae66,29.99
8ead9cc614e48a395252b1825a9bbe71,29.99
6143e5df1b61e9568a5f02adbdcc9ef7,29.99
0340a58f4c5575ef03a6083a95c01166,29.99
186946421a317f7f97a34b24f2962f51,29.99
1fb54adee7ce31858b5cb708d6d448e9,29.99
7f6ce575b8ba362dcab3cef30910dd1e,29.99
1dbe0bf136ea8849ed9648546ebc2e63,29.99
e9195926b82fbae50a32827fdcfd42f1,29.99
cf6abcbcfab5116f3123f0310101b7da,29.99
00788705370da606e9f8390258b9e977,29.99
8ad7db0c3b18dfe6180e0c59fae53d1b,29.99
856d87f37ded3711e685ea724e5ca248,29.99
af40f3e80d2c55ff8d3547dfbe0b7e7e,29.99
aebce423ca24fa5fe5b5becdb9eea4d6,29.99
9bab43dad117cc83486b8026cb07317c,29.99
8d4958b500ee23ac8441f07a1a672e30,29.99
19797c1b94a09f78336624ef4093e252,29.99
b371150a5f99910091a68eda2d4c6d9d,29.99
8d4093a730c51098399f993544697e73,29.99
978d898c9286d9d5dc9dbfcc0e0128a7,29.99
53e6fd18cdaab66e127c12ba469517cc,29.99
dfcfd4bcff0fc8ed438d9bbb40c9bc05,29.99
f622cff2f3895f0d5dbbb6772c1476c5,29.99
369bcb82cdff39c928c145a9bcad9e29,29.99
2e0c8e22fced1b114c5f5ed439912ce1,29.99
f182404e8acc68ac85290af8f010186f,29.99
53d06430f86702fff55edf6b93b75d76,29.99
d9cc456ec33e4fd2894879a6c285c37e,29.99
1bccb206de9f0f25adc6871a1bcf77b2,29.99
2c524b1989927b7eccfc590b30e2f174,29.99
1ec8756699bd9918239bce55e91a4421,29.99
bd807d4c61069902ee1fe9c66e34b04e,29.99
1e9c542107046dc0a616dab2c63b1b93,29.99
3ce5345931105e4e5e8710d5ad3739e4,29.99
2bdf166505bb1203f42b862151e7523c,29.99
967cb8f7540c4e9fa2bffaa0f8f1c63b,29.99
8ffe52ac7d480a27180338e697eec534,29.99
4830a9c02b42036ffca989c6d2f8ff67,29.99
7253bf2ed52c3878022a7332a5602cf3,29.99
2edde661dd127e32120fa7270da3930e,29.99
2229b1fd66ed094404ca3e3e803eee11,29.99
5fb5fbe39b9e4109881ace8ec13c3e6a,29.99
9f1842d0065029e551b25e200cdae591,29.99
4a090649d6d3bb324fe7a86ff5e9687f,29.99
018447394d87c7921d8ee1fb40d91d90,29.99
4ae50867d4c7ddd651a4a8750abf50a4,29.99
2bd57ce861f8c873381a69446cd62498,29.99
8cbb2335bbb18aa1d1c6e8af541925de,29.99
689e1d17d1c2e9698a2859058b24d535,29.99
436f94ca58a0db5261ee73a1f22da7ee,29.99
64b0b9a57a9bc4b626674c1ce94bc711,29.99
1c305cddd035850b3626d869b313050e,29.99
0ac3d2e75de7f6c5c7db97c7ff7bda95,29.99
0c45155afd8ff99622c40824057f9b34,29.99
30e72f956b5a6cb7870d3de8f8ea98f7,29.99
1067b68fcbcce6d777e098d24117941e,29.99
6f2606c75e06082426969fda7ae78f6c,29.99
7574e4f5f09e0daa235e6ea3d3b3d5fc,29.99
e9e24284c4b5d4fb273d59e2436fbc2b,29.99
4024d0e498be8916e2aa071556abd2d1,29.99
0d30ce0128ab8a11c943446395ae13c8,29.99
44116229bacbe481f496fbf77059a987,29.99
b117662727b8e15334ba1b8bbba61035,29.99
49510cb6fa5de3b5375d6ab76f11c9a7,29.99
49065351ab79ef2611f7737bd768a962,29.99
d1b37210132031759f5a22c7ca8f29b9,29.99
9a6fb2784ae4acd6acca8b15eae329e3,29.99
1222383916b5fb69b50cdfc3cdae8d7e,29.99
e5ee1d8f8a5ae6f047a9d18a34dafeb0,29.99
ae629dfbdd8b33fa29028ff92179a62c,29.99
2b141f94788b2cced0125f3159a92aed,29.99
ab3ea8185215696d5f1f67315316b167,29.99
bb899c1c0f8263080ff9d6254c64cc94,29.99
315441be1b5e8fdff31b7923041f6a19,29.99
add3d3a4d039ba16f2afc1376c490ccb,29.99
63561178b68e85f17c3f280ac891ea56,29.99
4dae68351312a95e86f870ee947514ba,29.99
603d6645e0369e261c29a5c40b11ef1b,29.99
754d1a7c4d6d2fb5c184601c13080b0b,29.99
667851f75c78e125a443fece275f310b,29.99
ba5596aeedc9f98c563b28d099f01d3c,29.99
8123b58f6a6cc879ccf2c561f553c29b,29.99
120c86ea1d348cfc04fb2dccf0e116b9,29.99
4b6f4d63edc3df825d7cd8a0bcbf5dd3,29.99
8ed7c74527fb99661525847f8f6fd96e,29.99
681fbe863f4040a693d5fd2891a360a9,29.99
1dd56893d8735089534b232e039b831c,29.99
ff2c849b9bde0704934a4f19db9b1542,29.99
a5365057820af88a289d8dba9dd64e5f,29.99
018e70256a4328c4450b52947144f50b,29.99
a4c949266758d95f0a1aae3ffd688954,29.99
886b49d12074e82e2587e7e09fd1f7d0,29.99
3eb8781b935090e46b0c793be17843a0,29.99
cca02c25dabdd47a2c93cd1b2391f3c9,29.99
ea90850946c0158ed02d4e895ed38ece,29.99
bf04d8d8923728c5bc0e982837507773,29.99
eeb35afbdf6ec4f7409b604d5ef4dfd4,29.99
46b22434607ae60187275007c9c806e6,29.99
846f377bf3511423958c65903414cb8f,29.99
742f832686235b6036aac78ee74a0d20,29.99
ad57a315d68f39973624ba78fd0557cf,29.99
5a5dca50415c38eae3e61118d6b55491,29.99
ebc5502300c33d56be693396de5b1100,29.99
8bc42ca5ce2efc8fb60d32fc3055cac1,29.99
a469bf7183aaa8062ea38d7eb578d265,29.99
8b60b8dec005d399721df6402e8e726b,29.99
9494463ffa802436152f617df38d791f,29.99
59671c3de58dc1bcbbb7ad274537ac20,29.99
a4cf14fbb8f3f98e90b586ff7fc19c01,29.99
f422f3383e4607747264dd6be4408c25,29.99
09ab4ae2ecab51b1bf620bba0027abd9,29.99
02ee17ed5705b0015ca334b76b8373e5,29.99
e9291fbc96a7353b36705f512ffd6b14,29.99
89a482b543077d77ed7aab69e3f1d985,29.99
69d276992a5f4f57011c8f24b59d0b9f,29.99
538616437127fe419a6aaac23c97e7e9,29.99
1e1049eabf1b27be66c8f4c92b2e27ae,29.99
e6f635217be521e389d16f31394cae5f,29.99
b26210baf58f3919747468874d88c53f,29.99
8bbecefdad74647734aac4e73e3047f2,29.99
0df8e68bdf469717f79bf1e89a7450e4,29.99
61bc132b3af53618a5fdfa29cd72103c,29.99
896807dd9f58b14b33035ffaf3591801,29.99
17e3d3451874e15d619935aeed0182f6,29.99
efbbcc8484d169b9258bf1fae14a1d7c,29.99
8db78eda876f02c5113ae17697ec1dd4,29.99
0298eec43baa253837fca6e98da66903,29.99
e1025970513db820041ca58bfa27a596,29.99
69a0653c8d8642a01a4b09a155c1d3d0,29.99
615aa0714efe59141007e095a2647e26,29.99
b62f3146b3166158dcb3e9c1f54f5dc2,29.99
5ff12b5d7429e2bfde8594ee4ebf0ab0,29.98
1e28576b21289ceedbf52b087d19283d,29.98
1fca8845165230ef8a52bc9908932971,29.98
b4a9a78b5a1cd18b866c9dd6b4055765,29.98
5dd8a8ea9853a2ad0a98954f51047d52,29.98
19a12c0cac7193deaef2d7040b4f4bd4,29.98
e442f7268404c17dd426cb125f41d748,29.98
516e38aca1a40d1e169eeeaf0379ca4f,29.98
2cbf6cb02acabd657570f14141006bd0,29.98
7dcdb53542ddb1cb3e2107e01c545c8a,29.98
270cde94c33764c95930e0fc06c52c6b,29.98
145cba40226b02961dd54c77dbcbf17f,29.98
0aae2862f8eac77f10a34f44860720ac,29.98
63fe8f45dc9825a764d7be70ec84dbc9,29.98
06a18a653c5b6090fbf8c71d248f8ab2,29.98
b1afa4fa737f86782c8fe65ed824c69a,29.98
92af5cd28117b607ce3510a916c1fca7,29.98
9a107dc2b4eac6faaea8b796ced7e079,29.98
2904833f52aae39495a11a135a552ab3,29.98
d5a5625b39625a4576819d8b5b2c828a,29.98
6360554117752d0c465cece6bd0b985e,29.98
155044657ac8ff9f7187c39575a865a4,29.98
5649da471208b18769ef8347746fcac4,29.98
33b83055b03f489566ebb99c68d45cee,29.98
240f2bd361ee42f7570caf78cd615dc3,29.98
c2947e56dc5c90920aacae61cca36845,29.98
b9e9bab1de28c72a9a14806830cc81c8,29.98
c4b2c169ecb610bcbc293e907c08081c,29.98
7d503fdcb60c50cbd8159964b13654c3,29.98
2942713660d5341795cc4db8bb5c3339,29.98
39bdbfd5e90abd1b76dc52b52ffc3025,29.98
0d35d5bf5b18995db8965a31a4be2eb5,29.98
0fb6e4efad5a7bb20128df51837fcfc5,29.98
bf6313d9148432b6ac91c824e263e86a,29.98
28e804a0bb410951414f16c56d93d80e,29.98
41288d4a1cb5b4716c3661bb33a11a01,29.98
c77b423508bc56bde329f75c4e98f0db,29.98
a61ec25897f924b9f7b038b8bd2bf8d8,29.98
8982db0647e13b564849511aae99364e,29.98
5710e4612083e0d2f7301ab945ab0bf1,29.98
486f3821dff6f15c3b4c114b12ad1480,29.98
1be6b7bf6e6dbf197e6018642ee2948b,29.98
7810e8fd73ba33153dc9ebfd4b03a248,29.98
78a8504550f2f036a4f13bd11483557b,29.98
ef332457518cc36a767dbed801b4b2ba,29.98
a0e47f67969c2f4a301e64a2e191456f,29.98
96d67c350694b00e45e811eb9eb3ab45,29.98
e41ca8cd2c3ae3aec718fa68a2ff49d4,29.98
ac9333a0622593a2af3c26cbec36576c,29.98
4762b359a95acf9bbada6671815c5ce6,29.98
9e7e083a1b48be7b56d33fd5ea02029b,29.98
2a3eba58fac8720505d972c3aa198522,29.98
2373e9210af2667dcacec9599eb2bf86,29.98
a7227311e42a1a9952ac23a0b879f32a,29.98
9a7965465aaa863ad7cdffc0b132741c,29.98
44bba1946549ecb0db3c04da76335842,29.98
a2fcfc4d53419500023fa293509b129e,29.98
cd61ea4c014ba01e198cbb7863b8e212,29.98
b5fea8074c76ea7879ee702452dcacff,29.98
605db12d623fa4278e6e0107bdd10e31,29.98
016976e1a8808cdefd68c7080e3899fe,29.98
2a79bd6b8619530d1d3cc667733b9254,29.98
f8abf7cc4f761c104613673e652975fb,29.98
5a55ee72b541ebbbb98e812653c31379,29.98
80d7691ff5ead76eb2323976bdb0f88a,29.98
5bfeb6f3516f91a7faaee13bc60497d6,29.98
bcd217c236659603e2ce30b1f4093e98,29.98
4d69d33edb867a842ef0541c0b054a3c,29.98
233b893bc3552e17057e09914caf018c,29.98
a3bc153e31417450d48c6b079df00bd6,29.98
7c3944f1b25c635da4e81b7e2c712a7f,29.98
8d5305107c2a57b59469e502826f1571,29.98
cd1cea5e63d0c517d4b68e569e72e28d,29.98
1a4b762133b7e44eca5756c5a267615f,29.98
cddf814aae8eccb457e8fa3733890a0e,29.98
e9285513ca554becdce6eb1b34963643,29.98
3402b7a6bf20e4e3502b6ce90faa9bfa,29.98
f9a1cfb9770e74032505de388fee7dbb,29.98
13a546131c3ba5360cefc5abbb428a01,29.98
7d5599e9950b5055d91871998db3ff7c,29.98
3bc3f6b21973b0d9ada8987209ea389d,29.98
f1df48ddc91e0a1605bfa9d1a96b9d27,29.98
ed06079dced62dbfd744b48a2dd8e789,29.97
68d77f42be20e1ec478bd6ba5cbd9002,29.97
acd2c9cdf9e713033bf01c4ca5917b4b,29.97
0ace9ca5314b7bd412e2429479701719,29.97
fde36cbf0bd0b0b6fe9f66d4648fcf5b,29.97
1df222087ffead2c284860cfbd77353c,29.97
144f8ac4df50b7448ed453447b7d18d6,29.97
95f490510e66b8f0550570de2a366593,29.97
8dccd2feedff135e90d86b8abf865b1f,29.97
04884745364ffe39a89379b80a2c2919,29.97
06d198a416dd7728c452636fd04633a6,29.97
653aab8386291bc37ce2475f7e449195,29.95
5a0fdde6c5fa48ee0a384197fcecc4ed,29.95
47462754727fc39251cda5e119b2b462,29.95
a0ba455ec2854970e286ce33e4823416,29.95
8db9c462ce300fb145b845e406e967c8,29.95
255bf08de2fcbaac909f720dea5f427a,29.94
0118758814dbb115d346a1e8efa705e9,29.93
092ba73b64ddad55b77d1ad4e4f6e591,29.93
6a84d4ea5f6214063dea34e32a6bd3a2,29.9
9aeb7b13ba80d97f91dcdf20048fa5a0,29.9
e7e1263e931c8df1462ecaaf16ead4a3,29.9
12a359118f460c2d9573a346f0ee15db,29.9
d0dca9fa8ba474fb83bff280931f0bd1,29.9
0763c0d40237127124928fd4bfbcb690,29.9
3efd5061c7c8d80b80b3f2b3a5e12f48,29.9
776d3fd90e5b9a236ea3079e9ab805ff,29.9
f729b7c28ff81599a20cea19508fe61f,29.9
a95a0af104d58114e3d3e9c52427ca7e,29.9
14209a67898310a0e7cd799667d1275c,29.9
651fd31e68a2000d42d8d941c62fdaf8,29.9
8fcc84cf7888e90fd1598d2e87e2bae4,29.9
4794e0e0c79bce9810e1f1203c2ca5bd,29.9
d376e6706fefb872f640b60550d25323,29.9
396cf1a900c41fe4d63c5129d71ee407,29.9
e19f65c224e33e06be44655f7d8a954f,29.9
bc653fc2b72cb987f615a7694cd84c6a,29.9
2bb15bcc78ca350ae704bd3ba6bb5b2f,29.9
462cc5bc6b7fb4fd7a46a6def0dbc6b9,29.9
c0f2ac8bda6a84f4d3666f08760d0ef4,29.9
2b7205e135a29c8709e4fc061f25c750,29.9
3334eeaf33510e0d823c4f038a6880ad,29.9
39367b00f36991646d44d945443a980f,29.9
0dd3aa5af0cafc096682df9d2984f247,29.9
140e06ed00056011aa7326bcc0cd10e1,29.9
aceef5a96b18fcdc8edbfd0e1462fc67,29.9
57feb621213d35470d052e8c25b27e2c,29.9
e821617ecdb325648a8f039e537048e2,29.9
31d3659dde39e27a3ad1ffe5335ac5ba,29.9
9899ea2c323e2472f039802c86f07009,29.9
98ddf1278ecb6a88f6ee9885cb5b2b90,29.9
aea320a768b6bf82d76979c16260e2a9,29.9
5c4dc29c67a87f143cea0b5df952d169,29.9
582ec2f9229bb3014866b31f73def34f,29.9
c434f0f090750e2947398421305ad055,29.9
f23fd4f7a90cb6f5280d8633a08e0be6,29.9
4df72ed5240f354774615dbdecdf3d30,29.9
c85fdfeab2e519ab4bd80f175e3d7cda,29.9
728381d4672f3d3ad8854fd3674efd52,29.9
be77e8a5b1453794a5dcc942bcc499fb,29.9
fbe06f7f0b1b8b3fab72e38d22cb74da,29.9
9d1e06b0ab7ef29fa0e9cea88bdc7eeb,29.9
b48a7fbccbe678a096c4639b103a9af9,29.9
84bda8b3f7a2af905dd13f47e3e77ad9,29.9
fe35fc9623da5e8bffda3ea33249dd5f,29.9
a02700fc8188dbb2df5391ef5961d156,29.9
48a43e5bd9323c89b8aa768871746ebe,29.9
2d1110b31e61ee52cd688d89dc70549f,29.9
9308db403109319985f5bf1d950a9557,29.9
6cb82041991c34e22c481ba240faeffc,29.9
0975b736f07ef1af2adb4e91cba4a035,29.9
c6e541df5fc7e101c333f2294d63b052,29.9
d621d7e38d772ec39f30e6cf2329d708,29.9
01415cfeb907d8ce0e17075b4c097fe9,29.9
91afedb8e47673f4190946478dcb74c2,29.9
5da19ee2d56313a2e88a16b31568dc07,29.9
75a545a5f0690cd8a87bc8c0ca332916,29.9
0b686b6cc50a4a516f7c2621e8d35287,29.9
d4fd5197cc0635f7cb41aeeb4ad7b234,29.9
411e55a7552f5194f492ee0c4d62c0f7,29.9
2f5775a3bbdd35ec56e14f8217c990d9,29.9
c4270f9c273e2970e913382fac6e20ed,29.9
ba17aeb7e3c84810f9775b2ab1a3bf95,29.9
001028b78fd413e19704b3867c369d3a,29.9
7ec8405b4aee6ab5a9747aead0e096b7,29.9
23cd3e02f8fa03324cef55cde5d05d0d,29.9
51bb6ad388ce6731e45f77e1392457d8,29.9
6e798f3fa256eca7e38845268f8470c7,29.9
a56ca9095e2e7e3dc2d068c86fa81d68,29.9
11a3345a9a754cc9e83964ea134a4cc8,29.9
b98929520ddf9ebbc2ee6d7a54bb5ba4,29.9
02494bca3ed33bad80e43ba0fde023d8,29.9
00573ea7a2ac9dff51ac3d177cd6eaea,29.9
edb3ca904a6cd3caeecda1f844ebae65,29.9
82051ce87c5771da69cc903239d13ffc,29.9
55a2452b10de435ecf77f81e4951ce0e,29.9
d6623ead5d1e80efb36ce52ce9f2d83f,29.9
7622a506a5339777705ab92be92d7b89,29.9
987b15cf895b62d1fe337652f44f802f,29.9
56955ea9a49a13db592fdf6412e6d107,29.9
bca028720042e892653446350d295df2,29.9
df1c6f384ca58e9b6db35eb5e4ffc70b,29.9
9c04d2b53c321f9cdcc997ac84a7f7d9,29.9
b82342c1221c839ac1f7ba340ab90063,29.9
7c49e9f39b3edb70c81f1b9a3c443b06,29.9
3c73e7fae1eb6c9dfb52767bf61393de,29.9
43685f44d23b58da6ceceed8b9ccb415,29.9
5f6b2c56906b912108d55593b8b906e7,29.9
07a527e6169759ea7d70eb694633e951,29.9
39b7ba7f041b8f4db4cac87e9b31a838,29.9
9c52e1effa73f4d4b2b3c73bf599972e,29.9
8062c2173394d6f56c5dd8aa353bf914,29.9
cd74cb774a55549b0ec77a9cdd7d37bf,29.9
0bd38d9b7cd6d1fde9c2dbf6a45b2efb,29.9
2d68a39301d901ecbf30627542090d09,29.9
f821d6853e015783af0ce10338a3692e,29.9
3a0f38c8ea7937e02d01faccb3785878,29.9
0e7130b31eb9304b496e9f4bb8223ee3,29.9
abed83306c8caa860249461858c86ac9,29.9
9a60d8600530488c1d7baada5a3658d8,29.9
f9f25cbe88d2f9070279e247b1964823,29.9
03975ce1698b187029146eeefa04f5f2,29.9
47ed1ad73b7883c3fd905000b1d1f57b,29.9
150737a479a6aa90c2ff14a585542a70,29.9
cf5f72dc3581d0f4f8f697f2ab6f0f6a,29.9
8a7cb9ea3bb01a16c4b51f5735f7188d,29.9
38e7616c61cbacf4cdece5605db687c1,29.9
ea269dfe69d1f52cbdcb490f3960d902,29.9
e3f04f96d9439475b2ef363500be3078,29.9
bc64e5a7d927cba23c4b58e8c417c2f9,29.9
4ce1c3adcd33424fc2775a0c0bec355a,29.9
23c7424729eb57ba864ff773fd1d0111,29.9
b5c1d9c5629fa0ae203aa961786aacbb,29.9
57f0e44aca47fb9bc86427aeb98f8496,29.9
eb21f0685387e6603c49430aaedf380b,29.9
f8b5a4d4af546a104faa5f7bc10619b3,29.9
8c5d01807e2be214929eef7f44ff5a26,29.9
cea56c52e2340a4d411f02c326f23764,29.9
8c16df4246ae4e0a77a5060e8a48d019,29.9
d32471338272fc62c8dd19a2a004aedb,29.9
3ca7ad671477a48e73b2a600a6ce6ef4,29.9
29ee61d7bce36b9cf564afc6bede150f,29.9
b3d9d64d67b27599d01bb7de17a92ab8,29.9
1ab52508d3c58d96241850142347b75f,29.9
1391850e2933d3bb8f2c50b8def2d0e9,29.9
79d0540451c56f00f1d0d34f131d4a22,29.9
70a7136931d143222e79c6393ccc524d,29.9
79ce39c174104d81e55e38e2912d437c,29.9
9886b94f586c099a78095b85cbe86038,29.9
44cee6676b4cf6680ff8b82493a57cf4,29.9
b68ab347fd38b6934f64787c17ac04cd,29.9
095ff0d98c32ab487eda814891094a49,29.9
832e0159bea501e0a4b1ff43edae6b4d,29.9
40f98a49883cb6daf6811870a3525dec,29.9
21665fa6b18402068a25b8b82da33c70,29.9
988980a4b52e5e81702adb584933912c,29.9
1476b48b91d142d3bdcc96b45ff65e43,29.9
b73808a9b8c9bab42e9f738c8f2b16ad,29.9
2d88629a83d26875a27469aae1ca4e59,29.9
a8f1b32299cc451c2480231139c9ad39,29.9
4765067ce1c6bbfe4e97362bc9c7af53,29.9
54b7806a4147c33f974d33c910f6a5a0,29.9
ca370b831b24aadb045f0fddf63effee,29.9
3583e7045ba9171afe0674eb209fb6ee,29.9
b24cc4673572493865cd0610167b9c12,29.9
7d70fd59b16bee6236b91d30b91459dd,29.9
a72d0d46cf8362224f451f56a107872f,29.9
14d869de34a3ce7e3930301dafdf02e5,29.9
ad6acb9e0ffc35906b64d488bbdb6d5a,29.9
99182106be47066737d15f60d6fd95ee,29.9
4fd171832e04a926973b2148c536ffb1,29.9
93c3f15b475d3800c0c2e1606edb0d97,29.9
84bf6a4346118c8306d16b593c15176e,29.9
3c041d8a707afe3117f3e7e995660a4d,29.9
69ef16c37c5321b59e8872d780ffb5b3,29.9
1a360b6e91827cc5b5c49cd6568214f5,29.9
6809c387b18253d7e92f69dbecac26ca,29.9
c83cfa71a2ded601be5ef7d16115dbd7,29.9
09147d2789c6b1e2b4f0b8bd46d48013,29.9
0d8933441b7876edc0ba60aead4b1bb1,29.9
581bfa7dba0e2af6de4773278a40f128,29.9
3375af073244691dddbae118c1b518d3,29.9
0add9bcc3d6e15ca9171f5bdc6b9ef7d,29.9
5c5b874cbcfdabe3f6cd0e3494a0ec34,29.9
be5c813710ea1e34cc1fb13a9a50b49c,29.9
fa89c63e13c0be467dd82ddedc566260,29.9
32d25ac5f3d559286b86e09cabb57895,29.9
3f60c0431efb6a417a1d84b7e5d89cb7,29.9
931c6a6d642ffe492b4992e2f7f03e12,29.9
ebfdcae3d5d2907f9f860407e64869ed,29.9
2eccd7d82da88a214a57a414ffa69a93,29.9
0a466d490a3c2fcc1e7177f4809ec7dd,29.9
e9bdf0e4c8e93778c92370928f055cf7,29.9
957239777a7f01c21a58b82a032644b9,29.9
559aed281eceafa5b472042c7b82b0c5,29.9
ba68e6a0e5205a086db45be9f475c9d2,29.9
5673c1a8ea753d43497e49fb1be74b2d,29.9
ddfd8d13c24e4c70c557721e3911ae83,29.9
8865587ec1e1d38bf28416be175f300c,29.9
d4cbc988e13862df5de35c6a4af931a2,29.9
4f7a71f3048222b151b6ae9d4bc15e6b,29.9
803043027d560ae6984c03c69add5670,29.9
369522f800df0cc10ec9306a5dfb7e75,29.9
661fec13005e862027ee8bc7a76da0c2,29.9
d8e1b13f6c0d485a4ee8214b8be92c6d,29.9
1c545e18dbd33788d106af49dbb438cc,29.9
580944a4284f207e54d13f65e578fc3f,29.9
67d578918d024742ac444aac83cc6978,29.9
f3495edf5a110bcf9a3009dc6d61a3ba,29.9
27f23d8561167f6d79c935f4bd5c80a4,29.9
b8452808c822b4a6f488cecb53cf87dc,29.9
e4b4a130f32d27d013c89e14eb831777,29.9
727b6f36c84dbd98528755de77c36ae4,29.9
afb805d873cb119ec114720c630dc6d0,29.9
52b3da34f204c7de2c9ee201e1491664,29.9
6b750fd410ccd959db815b48cd0b5804,29.9
8f7ecb4570dccd8aeb216db7823da1de,29.9
85a7f0da8230a816465a0761365e660b,29.9
1e6cd369cf26ded4ed75185d5605241a,29.9
0deb774b69e542a71ef7dca0d4f3d050,29.9
76900889a2b92af7c4d0896071f9c620,29.9
05e1dc39bf70b42e5110b787c846f88d,29.9
ac56d74968d72c07802b027afd28716c,29.9
c0cb698788546cbf3a16fec3522ef2ce,29.9
cb9e924bdc43e5388cd12af920059d4c,29.9
36296254382f4dba3677937dcb5285f5,29.9
f9b311e286445b71d5b5d0ec5b3076ab,29.9
c7f397d8574d2a4a48fcaa7d6cd7a0a7,29.9
118c61e27177ceaa327c2c100bf629a7,29.9
0786714cb4a6c2612752d9f00bf1a0fc,29.9
eff6dd5f7eb45e342ab116b60eb019b9,29.9
d2ea35fdddd6e31de96015f837c481bb,29.9
fdcb84c0fa114d61fd1bebf7f5803f57,29.9
1e8e5af286e17f412f2aeaa569e358fd,29.9
7581b1dd149fd3dd6fe22d79865923a9,29.9
ed37d5eecbd5eab949ceb8d49c3d10f3,29.9
ac56ffb080fb67333f922591764855c5,29.9
e24c0945fa2087c097670b25251de11d,29.9
6c33cbd4386b1446b7402af88158ea72,29.9
a6cbe0fbcebbed679ae926f1a8ddf66a,29.9
78fb9eea9d926e3bda5305d45cf2c740,29.9
440e4758b251e98b20be22c8ad51ef8d,29.9
2e391feef9387209d035b636ec03280c,29.9
658209d1209b7ba76db76dacc08da700,29.9
0433bf499177881400c0a69aaa22ecb2,29.9
83901f425d913fa2261031ae7d879018,29.9
34f11687d0a6e87ecd8f7a3fbf7e29b4,29.9
fbf1d555f02296c5d568ba0a59b1d0ec,29.9
4518279d5cb3eb7df7a53fb7584f6380,29.9
91e07c844b9c9cd8a820a32f93af9629,29.9
fba95f073ccc6b98c94f3c000b9c1472,29.9
d00d7fad1ccb88e31b4fb5e20bcfcf89,29.9
81f8204c7b60cd52de8b41af67772d4b,29.9
f60ef9aa98fcf78765a4ec910a555977,29.9
953017cf1d2407656c709e62f0de7d8a,29.9
2aade108824a2318fec68a76c899cea2,29.9
8b3d7bf9cdbc9c94481c2a0782e849bd,29.9
084a0e74918bd829d509441c2504135e,29.9
46f1b8b713f75af4f82c28b077402226,29.9
1b191050c9ddcb4fcddae8677ae55983,29.9
a9f64b8184ebe98ebb362683105befe4,29.9
a9e1f7800d6912c041c1824f7947176a,29.9
eaa06b73dabe13f052e2804131176be1,29.9
61e0a1c860e5435b337e567bd32e21ea,29.9
06872c61a13a4d027504dd0c15d43b72,29.9
dbe4400709145b814e268af602fde11c,29.9
04cb06222199f8e9a1691ef028e88a28,29.9
198f8a1c41eaeb274fc8b25993320f18,29.9
cca9827c1bf2a5adfc9f187794c67b4e,29.9
4e2f276c57e614a45ddbd530f67ebfd8,29.9
0ab760a37d890cd1ebc3bf0d7d5f5ad4,29.9
0bcf0d29267c6b219e27f727bcb0ad88,29.9
5c3cb5ad39b8fee43aa5c64898cb49b3,29.9
daf457df7093e56187eda2050592817b,29.9
f9ba7683252743527fe127f7627b82de,29.9
79fe689fc7ef8ebf72cfef260273c6ed,29.9
3500a1438f295a3fc24450868008c78d,29.9
85c6c4e698dd725c955890b4c5b54663,29.9
0be74c3190e29ed9550c7c2ca1417a14,29.9
dbaf97669de0a14f532e1f5cd3ae9f0b,29.9
5d1299e7ec3d027f7e9bec34600a1b37,29.9
e799f524df8877c5895a81fb6dea992f,29.9
2830de8be97ce6732dfd4c307bc2f353,29.9
9658636e8727e0c825a97d09c9beaee5,29.9
76dfc9b4b9bce12fcd7523f8202f97f5,29.9
20e168b274f64bde557322339d857619,29.9
95e5be12ea26c77d86333271aca395ec,29.9
d28fb373c79780937f853daf2fbafa5e,29.9
0f48fd567c7d908f03f5cbddb5d08034,29.9
15b13916422ccd2d823abb287bdfca49,29.9
1dbb8fce4549ead4076d9146e9da0fe8,29.9
0c17965e427088da168bf202d9847f7a,29.9
575ceeb297976876affc5f1ae9cf865f,29.9
f9838c605267c6c32feb7159929c2200,29.9
e1c909604e69c6f130e6689d367fc567,29.9
839b34274b35a7d587a82f2d22d4adb9,29.9
c0082191755f56bc40cc7dbca5a676ca,29.9
e30b71f331d7484590d41e75507583fd,29.9
ccc28b057579c48422b6181c30dfe12c,29.9
55c46824828ced3be243bdac63ab61b3,29.9
7c60c84731b8e58a42689eaab73eda48,29.9
d1331e1eacc0e2a1f9bba705c6dfead4,29.9
2a1789d31dc13c07b1687e2731f7887b,29.9
45ff99298b13ff934ceac68fe8ce405f,29.9
7b5f58a7fde6b8752c6b5bb7d632081f,29.9
41717d975c5bf79364cf4a4c73461ed2,29.9
4138cbe661da10a8a2428754495ab8fb,29.9
0f3179de38741efcde57ff90a832e7b8,29.9
03a418d38babc71339571a01488aac1f,29.9
c0a44bf37d5601228051fc07852f951f,29.9
8787ba68a8789a9f9e2491e011573d10,29.9
f6181cf38d7a4b108b7d4ccfc72543ca,29.9
ea31a5b1fb564b6b82cd8f5a3a51c12e,29.9
bc5aa9c14f397cb3060df1a4b9198f2a,29.9
1c0ab454b61dcf299e22a64a14ae09af,29.9
a7b965e306e0424d1a5750ba287aa2cf,29.9
51580cb1b91d771618b9afb76194a45d,29.9
99f9444e4b8a3b3066762a7868f78a7a,29.9
46490458d353247266448e9bdc7bd115,29.9
d44c886d9d7a76bdcd3df6adccde822d,29.9
d8be51d4139b593eadb40bcb184f6c8f,29.9
58c9b393766ef57c16d45f7736333b3d,29.9
0676eba3c176bae5820a450aee33be6a,29.9
a0d430c59b700550f20303fa1d6b2ba4,29.9
2e30eb02d277ad000fad7282fe758c35,29.9
32900c3c8bb35455d2ae421e3556b479,29.9
3638a3325d0a96fa162961de63103f7b,29.9
96d1698c15c103bd2aa8b2d3cf511341,29.9
3257a8d4cbb3343dcf40eac13ba329cb,29.9
d138e93cfcb87bd2277361ff476b7076,29.9
a4b6059eac75d2743018ea813e47a8e2,29.9
0e5ebac2ab9ea7902884df925ce4db6d,29.9
6e1e37075383c4e314d942240078141e,29.9
3f3c551ca0c2bef2ab53b699359901bf,29.9
7e7b63cc1cef789031d829eb55d8934f,29.9
381453d9d27041020ea9f7dbb9ecbcca,29.9
e066b0d4111159d21f74325789a1e841,29.9
bd80c756ce1d4487087d59f88ebb9ea7,29.9
65670d2a7a79a95d26d61265a6123af1,29.9
8a177e6f31f93315bbd72a15fbffc5e5,29.9
69238435cb9d4014c89bb7f8d8f0a467,29.9
69deddc9a3d17bcc5d20eee6ab2d43b1,29.9
5eede6b418bd9bdbf8ef33bef6821e24,29.9
e84e0676514d73a73b62bc41750d40a1,29.9
3686d7b969e7ed67da23f8db45a49954,29.9
88322ac54c0a72042d0dac336eea9fbf,29.9
32f933ccfb84e611969e9b44d4ea5739,29.9
02a6ba585a45671c8f2d4c6732d8a6d5,29.9
a365ff91be1ba9a1e7c3251c24848f74,29.9
220e4b027f0294fd79d2869ef67e7db6,29.9
5f33ba7aaab09fdf7bf51782068e7895,29.9
40f3ad678e7faf0682800ca130302eb9,29.9
1b816766bb5a39f8e46924109d1f1983,29.9
245246883fc6a78e46848b45f53adc8d,29.9
4b5dadfae21195ed5199f650ebc1fb36,29.9
2e992f4dcc875c204796f7f83c1605f4,29.9
f968b0bf97f533e582ecd3c84a266ba5,29.9
26191a202fc7627d6498f61acefe4203,29.9
e8ac9b27d2b90428825cedfe54b8c455,29.9
d0063b73907fed10b23f0dcca4a9bcf3,29.9
b45b08ff42d1ad3db1f98a9ac8f2fef9,29.9
9cf7e4c300a885fa7f2274dd65a914b8,29.9
826bf29c634f183c732d4c5794e10533,29.9
9722b087b76b39052f39d7c7a1b51f62,29.9
6e27397af1baf39e5ab0c68da1860fe3,29.9
5d223584b58b69a22b86aacdf4d12b01,29.9
60c2f9b2b8dd9bf27b121138f323aa0b,29.9
b6d1acc2745a778bfd14145b38d46fd6,29.9
a31ddccc8903093ba9f48791e0733d7b,29.9
477d25a94a52bc31e37ca4c2bd589cb0,29.9
18f711d8d5d66c0a2d470f4b851e8038,29.9
23cb14399f270bdd209b9fc82c454048,29.9
7956134f6e5786ead5f57eaa7766d9b2,29.9
0e5406f881c6967e0fa8d49d2a5ad553,29.9
4308615296cf4ca17defd8b0d59287d8,29.9
a22f32819804b087cea3366de1fe1ca4,29.9
787d9805335b637a51aab2934f89a4c0,29.9
344182e4ddfad3df86e699ebec644ad6,29.9
9c2f403519bcb363683a7179f0f94bd4,29.9
6bfc30f4b927495045338f1708bbed14,29.9
5fda71138039e84e7f363d080362cb1e,29.9
d1c4a08b5a5908fa98527450a259dcd9,29.9
30284e641f2237dab5510161208157bc,29.9
87753d19371f5dbbaa878954d87fa0f5,29.9
c796c9785a45472c03b45277e6e4c2c3,29.9
a63ae89ca8c15d45f230266ffec82137,29.9
e8dacc755f6a162fccb441234c60d96a,29.9
0ac31c8ee3be833d9d1606a2887b8a67,29.9
6a3c8489b5fc2d567d6cd3c7fa976cd6,29.9
070ce039abd117187ecf70994220c6d2,29.9
4c61642c211920a371e75c7673c6b6f1,29.9
19972794e68d84b6cc2244aab0e913ba,29.9
5b2753ef501369b29a72df5ea1b68139,29.9
84ae4d89a590f6343053cf1f33a0119c,29.9
45ad4b978561d9458629572c1f4feb7a,29.9
3d77e17344794d675894ff95646e5861,29.9
cbdafd2d712b8558733da4a0522cefe0,29.9
582f3b5944cd433da07eaf7d52118ee5,29.9
c867194534d1372cfe5c9234d62058f5,29.9
c17665884beafd5dfe3cd9023b72528f,29.9
ddf6cc2c282686bd3b7043d01c06f006,29.9
504063576a460d7b4bd02f849e785757,29.9
301ef7ee93ed74b67c6d1741652b8615,29.9
9024b6b926dff086c50dfd85762b9a45,29.9
488dbc161f80c337a895a4096d7f288a,29.9
a0a01be5465eb34d2a159440ffca23e4,29.9
993e7665a6812825d712d7903b645acd,29.9
58ea963c191e6d553f030709aabcda9c,29.9
5d5207416114f10802e88a0c121c2bab,29.9
b365c8052f1cb95b4abac396e5022ad0,29.9
5552a11fd9f02c067bbdecaf9d85a5b7,29.9
7c31b35bce44552d9bab64daaadc1098,29.9
e8bc2481bc34c782733e3fd5fb60a06c,29.9
11af43ab5aead1caaef7a490b1420a82,29.9
c2895b6e8e550f6b2f424e5941ec1e68,29.9
3cc48db026d3e3415d16d08ee5eadb0a,29.9
07b76545955bb12bf63e6e5cfcaf60b5,29.9
c01049464a5cc7c9e476ec5bfb6dbd4c,29.9
450948fc068d09160516b26adc757d7c,29.9
f3fddc133676aa10028545f367b319e3,29.9
f315e987b6e111d0b9f8e1dc6c5b3948,29.9
fd1bf3f1f7173a9b74964be95a205282,29.9
1f7578e304e919d28148374730ba89e9,29.9
c11b85dfef946e03d1acac20a11ae5b6,29.9
9551c9f70be99f31e88354c565e543f0,29.9
3a39e063be6ca5cd7bcd9e04cc761d63,29.9
b5fbe4b143d1ca0c98e44f346c36b63b,29.9
82300dcbb75ec16bd16ef80e319ce42d,29.9
8da109a04aa2a0f77805aa9bb55762c4,29.9
59e502a9d03667636205b47e8cd58bfc,29.9
f1821c00b393147f35773641d2b53cd3,29.9
260fe44efbc70e6a2d4dfd6b90d9f261,29.9
1b41d790199fe9459f3241735c0ccf30,29.9
d7b2339f118be9c6d98389f6d0c370d4,29.9
ea13ed4c5895346a9bc1edb29a2f26ec,29.9
7dbed95882f0d8bdb7279f822f09bd96,29.9
a4bb40b4e438a106bb16b7724273e120,29.9
58d89fd1f863819ff9b040734f7bd7c6,29.9
e455f2d619b05659221d21dcb2f1de15,29.9
cfa6531597602cee814e699da14247dd,29.9
021833e9737a1145b5a6e3053f0f4329,29.9
9cac5970d5355ceb74d4878059ac6399,29.9
377adbb777636f7476c1389734ad896c,29.9
48abb16a8c2a06fa66d61ffab3379611,29.9
8b3f585d9b903aef051c408e328385d8,29.9
db55e22111b4944405ed812da9fa96d2,29.9
d5ef4d5c3a1c273a23a77f366fae4ec5,29.9
c5ee29a7bd87f451fb68f5d6ee2d8cc6,29.9
aecd9735631c0b749aed3d609b196d55,29.9
d40c0a437930e5c214c1a779b5815b81,29.9
4713961d9c9f91cfed7b84b9f8b1902a,29.9
7cc29bd694a82357723df9961ab7d3a6,29.9
3f6cd3d8326965c0d9cc53a851559a0e,29.9
bc6da87c7d173cae10ef1402e584c9a5,29.9
b5c52a2f4f83b78e8070cfc2b09f0fd3,29.9
787ce24878a10ba3edc37411f8a2dfff,29.9
70603180c918c70f8f1455d0ae52a79a,29.9
292d8563fc70947dd2010aa36b726cdc,29.9
c7ce66c269ffe3278f2ac313bea10912,29.9
544ebc76a83285fd3a20c05b9d0b5b5a,29.9
36b5414e4821e8d2f98acdeb8e180059,29.9
5dcf097f6df316f7d167dc7f7e3dd6ef,29.9
e5282471771ac804b0556f65efa44e74,29.9
17bf784c37e83fdb4ad6f9e64afc84db,29.9
9350fd9c2e40200b1651587dfe717a95,29.9
c4a21c97d76ce308f41aaeff48648fe2,29.9
5b6d5d8a6516b6037fcbcecda40e9c92,29.9
6e9fc33f111f0719202f45c24204acd0,29.9
3a729c5b77a295eaf97fcc59b35812b8,29.9
4e8cad1ddf8145e68b56b4fc79b61637,29.9
8e15fe472af5cb96afc1bc948b022b65,29.9
89c9f3d72721c993b7ef288dc6217f4b,29.9
45cd1c128f672736618571f7b873ab73,29.9
005092c23e81812fbbe11fc6cf7e5316,29.9
cfd34f15eb3c20730fcfa9da03936fc8,29.9
f32da284a97b168b4668161a97e26068,29.9
7861afc49adafbe05db500f9d1ab534a,29.9
568b83eeb64ba07933eea074009ee7b1,29.9
af37cc29fd6e4080c427108093205a1e,29.9
74aa1f5f7e42e7d3790fe88086ae4468,29.9
bc2723356fa3f373b455c0a3112dc495,29.9
86647fcacfe017b63403169c2369b7b9,29.9
eaf6adf12bafd0a65d373221cad2dacf,29.9
c1906a6ec5d769197497ee2c619f97b4,29.9
d52f718ffe570d3b13b03311bde3a13a,29.9
d0bd3140d8bceb9bc0e830ff2d5fb4b7,29.9
826225a44504cafa121687e2b7974320,29.9
6a0d1f6772f321da7403507787495423,29.9
b0a0403a990415da49aedce7a1c09acd,29.9
0fc069caee5336cc0871eb88bdb10461,29.9
f0fd5014127731d2b97372f7a4012535,29.9
666bc6ad016f3a24ccc0d0bcd878f8ee,29.9
32f40bc615cdc7d02b1df9f6541e769b,29.9
b56e91c06de67f577c3764c24dac0756,29.9
98a788a392a4d1018115c93781479b8c,29.9
c3fdff407ffd0912869ee10b353ce874,29.9
b629604bb4374da78155fb48fcc1ec4f,29.9
2c14a849a684e7f8e9b652ac1365015d,29.9
c468f7532d2c5542841d9d75a254d8cb,29.9
cfb79c33a1566fcdd237c45cf383d5b8,29.9
9af79b39675d49c918269e2888361ed9,29.9
3184fb416b3d00500c5c4c034d3102ea,29.9
cda5e51995e046f75c6474a808cadcfb,29.9
af1a503c70a6dfc6994876b5128e78f8,29.9
8aecb1b4f0e2ff0b55838d42b9d98a66,29.9
5f903b2d6b866fe2698c86e8dd4628c1,29.9
8bc46d4799de59c9d7fd16f5c78b1b4f,29.9
eaa1199813fb98ec26ed72f774b27b55,29.9
bc53760f528e8446590bb750d1b19498,29.9
71516655cab6b35276d5f09442ea4ed0,29.9
b0806ee09ba22b4f77b7cf8bc4b26a6f,29.9
d89b2df31c5983bfacd69a5a4f401ecc,29.9
bc3696db902a5887db532d65970453ae,29.9
d5a05105ca56c78f891ac602bc7d7f07,29.9
50e3f999ec6d14e489a351c228c6b134,29.9
58c26d9f4361488a9a1de023ad4e744d,29.9
276d62910831dae81507e02314fd5a20,29.9
642ca6837fc987be7fb4c37628647b46,29.9
e72b7c5bae2b9031c4372ac8654327dd,29.9
c1bdc290c9ae68e5f0825b2dfed4d422,29.9
637b8737cdd1775414a9749edd44ee7b,29.9
5543b7f4e465ff9ec17e580054c06f03,29.9
d601beb029e532aeff82426830730d49,29.9
f304a583c2f2f258c37079a8bdf1f60d,29.9
d358024dec4f6978797c2b67f1acd4b3,29.9
9d93a559f49450a3918a61465196ed8e,29.9
b591ec51348a19a15a433d07865cefe7,29.9
557f6a0353ea846e7619dcc3d9140137,29.9
660460944c229efa3fd6a474f7e827aa,29.9
25ceccaffe4f1e0f7bbc552b862f9e24,29.9
715f6330b32864005e645e571dbb2fe8,29.9
541884ec125bd7f617b86a0f92b8e3b7,29.9
a925935a693b721290b3a73f2885566b,29.9
d9916b700aca9e5f6b62ae0b61d90f46,29.9
fb37886bcb6e4fb244044d8af4100030,29.9
0abda7ee9b75764b3bf4197b63ee7c0a,29.9
9ee3468ed569fbaa40a3a3102f1e8a51,29.9
9f700cd78cf84ddaab40881aa1352029,29.9
67526e56370e8de6a3e0f128d8e331b6,29.9
a259e2eccc91a131646b5dfa00988496,29.9
dc95f1b41d0c71eed40f17fe37ad336a,29.9
44b26067709f0e4966a16aa621ad73eb,29.9
1145efd0cc4b891ba7df8d75f1530ec0,29.9
b31b5ecd79d2528b3340abb86f5c2a4d,29.9
383073f9c52568d5a7dae0bc6c053b75,29.9
24e36b36ec363994dea55cf1d117b8f2,29.9
8517f6b8c5c0ce7afbc630208b05f9bb,29.9
4dd4748bbf9162e4690fbce101637368,29.9
f822ca093818862741351da642ef501d,29.9
48cbc3228c6228bfb40f643681df20c6,29.9
fddf6ff3164683f459bcb89084c02e0c,29.9
8117d08aa8872ba4d8660d2b6c33c72a,29.9
81f6608e7150cede9a3d8c1dbf592113,29.9
e129635880e7b8bd47eaab1535f8dbfb,29.9
ac6495ad2de6a74267e37884b2939608,29.9
1379dcee952b1e41e65f13755f51e001,29.9
769d7a51a66e6f2d5922615f71b3a558,29.9
392c57b495fda16c57f193f52a612cae,29.9
d862638008035d9cad1a74155bcd1b6f,29.9
e18f0839b686423535bb862e71762cf9,29.9
5bf7405054f31da473e0a6cbaaf127d5,29.9
caa4f57153e47838c4335d18d96bdc38,29.9
7959c2921753d98c175c34e873e46b86,29.9
b61a1d7fb4a9899ca9300a42300e9403,29.9
98dac8fbc1a84c7faeb30b308701b29c,29.9
223291591dac2cc98cea3868de7bf593,29.9
7552d6beabc937e96acf4875b7482344,29.9
924c8739761cf922ca7d80c2d75cb051,29.9
14a1c38058eabe88912d5566de499c6f,29.9
a1639709d81006ce206d27501840889d,29.9
713b24c7dcfc8fa370d7cde487f374d4,29.9
20f749b84ff4156f103323cb89fa4320,29.9
7472d021279cecc1849f2814b31534a6,29.9
217fba140c8c1667d20ac3b6ebc7bc00,29.9
416e59b08933168cebeda1fc262a76eb,29.9
a2525dd8bdfff742ec033935e24d66ec,29.9
b57df61302e6f76163a0b5950d49793d,29.9
dddf4f7d4ee2cd254527d7e9078c4483,29.9
5fc7418ce4819fe3478f17feed6e5c71,29.9
7d77fe37de9a0a12e451fc568a3462bf,29.9
80627b047561dcbb978b53cafbf9ce99,29.9
b1f7c759ce97beb11041fe59515fa72b,29.9
b0046bc2fbf6c21b9d50c60db587ca77,29.9
88bfdd144525b83fcf4d8ff311286c4b,29.9
d05966e8b9f08a75a63091a2215025e5,29.9
59bb282506ee6f833d9133ce9fc67ae8,29.9
c43dd0af01b4a3bccaf6048484cd6798,29.9
88de56abba8507c60018f5c1f6da00e8,29.9
ba27b7454fd88b454efdc2c21880225b,29.9
8175104820147d905fdea1fe123f69f7,29.9
b01a86cc8bea6de88bf7d427477c303c,29.9
406ea6c9a3bb39ab3265cd6b80864914,29.9
aae8fcc018dceb4958fd6d509b6b6434,29.9
32c69739e4e9928b4b7b4f96746cbfc5,29.9
c85ee5414c8ecc5cf4e2b17d5ab4ed32,29.9
11a225639ccafce290d9c3dad59e3e62,29.9
83825125c4d37368ce1a8043308b2b5b,29.9
901a46cb14e58bee8dfa6e36c7df0184,29.9
82280d9f66eeb3ef6af2243ee764160e,29.9
196eb7a5f5948157db8803bf9a4ea2bb,29.9
1ae6cb85d1f8d6c71e80ec5ddd725e8d,29.9
7459d4e75498c70f7f6e6994b9cd0f40,29.9
d9da5132fe53f05156b9eac8546140e2,29.9
b7dc9308cd65279de60ccc7f47ec1e16,29.9
85c4d9c7becf2cec8e59df8acb4dcfed,29.9
533d844e0a43ffa5f3b7d6dbe40ebbc5,29.9
a6c3a6dafe098cf87ad45790a4f0523e,29.9
c5741f989a6049395c73425008fdba81,29.9
30fa622c8d7ae7a8ae0be8c425350fc5,29.9
b53ead64a4a888ed84bc181403314bef,29.9
64b986cfc15f9196228d3b51e5d3baea,29.9
5d55f6e348a6670ba7e6973f6dd5a345,29.9
5dae50072dfca2e711be4b4604d9e8e0,29.9
40a1ece1a7f2ce41d20c9dc0e3125725,29.9
aef4cc2639ecfc04d881dd687ed3ec1a,29.9
5a1523d32a6d1b323a05895f5164655d,29.9
663dd25d076d55ac939bff94220366d9,29.9
2034c4457dc67217f6b9db8b09efd0a8,29.9
cf63353e83a977b59f69e36894e21074,29.9
02554a34cc5ba2d5e8908cb7468aec7c,29.9
ed3f4ba1e8981bd3773207b41a9de82b,29.9
395c44bf285c05b0139dc04884c393e9,29.9
3b104572acedbced7ec24f882f1df2cd,29.9
6d95fae30dcaee20608501a142ecf1a1,29.9
522499972c38320fb80a96a38d3b5395,29.9
6b880c481ee7db0c31143fe7cbf8a3fc,29.9
5134c65c1978c45add46996351adb242,29.9
bec65acb896b0b86bff85c5d024e2714,29.9
2aa42c33faa0688068c11abd00378113,29.9
a16696afb36b4eb70a718a4932c0db09,29.9
ca8d56a19c40cfcdba873cbe942e5013,29.9
ac65e0f290631ab09aea489afbc2aa25,29.9
a5609802cdb5494944eb1acb62680133,29.9
5bc33d498a4eb8a94cd2e1ccdf44f45c,29.9
befb47ca7f3e74109bb67b4dda9b742f,29.9
6614e8c364563516c0774e66fcaa170c,29.9
88b6e100c4f155de3398ec137fe01053,29.9
a4132628628628983c809d9a99c71feb,29.9
56fcdaa6bce85adf9126aa398f9c2a5a,29.9
18e2faab25e5ef1ffc283ef3775b9a87,29.9
d29fcbfaa31416c295e90f4734baf5e9,29.9
b8936eebb611c6af9b609ed39594c33a,29.9
fdbc7516376d14a129da25bdfc80b3a5,29.9
38ae941c1e6d3bcc43b271af858d362e,29.9
4d5ad499182eec2023662b93e804e9a4,29.9
29ca898d3b92f3578a9b0d7d11bbf6d8,29.9
009c99241ad4ac86427982c474c18771,29.9
6ff0fee93d2dc903b5a87946585e5d94,29.9
ed3410f81a985621cf17806ecbba8a9f,29.9
9615ac1bcf22b163a98512d4392e2706,29.9
ce25753d8c6cfe77fc390d21e0f25404,29.9
ab34c1c516fbc80f3fb61f8c09295de9,29.9
1c117dc3ec342ed88164b572f61fdd33,29.9
4fb9ae3df2dc63d1b5a329b0d96d26f6,29.9
38fe17916fc80f1ef8722075cafc9070,29.9
dcef87318712d5f3564c827fe35a689e,29.9
570d9fcd6871c5c4ab7116938dd8a719,29.9
9fd42d4233239984476ef9a779b2e2da,29.9
7605f444e5bcf26b5f70de8d62094a8b,29.9
53c80343e108dfd723bdfe2628b9f575,29.9
d703f3c2b4d6fb2cae200163afd450b8,29.9
eecbb95c28e5a38188c0814cb3300ed6,29.9
c8d0c32b31f664b823fbb3dc43a865b6,29.9
30b766b012c5c55e2fba3726dc9d55bd,29.9
8c6a7b82afcd5b6d193721e01b18f5c1,29.9
416b717e3c11cf6c596c624c76630afa,29.9
24417cdc12fe255a7cdd87ff914a9af8,29.9
a9e3f0df0bc6bc24bb620ceea2fb6b7d,29.9
b91bd4717478c562a867b19421f13631,29.9
d00cfef8ff754413ba08a56924d883e8,29.9
77d0b52c3d24b250a6d179fdaad67b68,29.9
ae9b787cdaa48607cbbe32d3899f5368,29.9
bc3d7042571374cb834fcc9fd4589b14,29.9
b9bd73f728d683f7c204786409f411ca,29.9
efb6de351a6330ac5f2b85b9b4004e8f,29.9
bb5b0eba859f1f33921bd0336173c933,29.9
b01464130e1c9d4bc0d5d018ccf34b0a,29.9
3c99507a4adc8abe0200938654a09c68,29.9
ba383b1abeba5501a6b41a6a6b321579,29.9
e8846ec30b3b4c839ae3edd0693d8473,29.9
a9d80d8258270aa25541958f8c3904f8,29.9
e9b8bb8714a36c154bc9763594dcb9e9,29.9
a5235b8f36e43a339ba4da18930ff55d,29.9
239455f28434a06ae5f5c0a97eb0f718,29.9
df75707f355311a21d7797b936fe342f,29.9
3e9ab7a4e6f263bffb3bc530425526bb,29.9
ac4d8a51c24011ff9d9647013254d513,29.9
9dad7fca5ae0a6a7e9834fd633049424,29.9
3e0453deda81aa54f6a5ebf960b9c337,29.9
d67002c38681e137dbcb277d145d3b04,29.9
cc3ad3a7d08c4d7263a50d076f10e43b,29.9
355077684019f7f60a031656bd7262b8,29.9
7ed1f44bb8badb060d8c66394242ef45,29.9
7c38e0023219a6589c20a892d51c5598,29.9
1da5037a9fefcada51017009430761bc,29.9
835419d3919bd71cdcef3f3eb05033b8,29.9
4a33ff609e6c3acbd466f282620422dd,29.9
614ab300812ac75424d354d4e99ecc35,29.9
1ca7d825177bbb426afe9159c1292038,29.9
b5056e827ed921c589618aa20ee0cab7,29.9
87cb7c251cf447f098601c8469b7c843,29.9
17f649534bad9e486650d91706ac41dc,29.9
b8718c4bc8bcd8bf3cbc7500d9092c10,29.9
ed91ad6be23d7d26f08f18a3b34db59a,29.9
be1823d46eaf0218ea7391bfd0cf95e6,29.9
4c5c67635f3cc2b433d6212e6f5c0ec8,29.9
fe699c8535ad2dde2050b768c4b2fb4d,29.9
5c1317356b2236bcfec017edfdcd16ae,29.9
39df07b7dfdde505726e222f8c91d867,29.9
23fa7a1513fdc2b37c2b1ebd9e1db2da,29.9
2acd2f4e868c1f1c06d7c3b68e687489,29.9
bbeef4c749841c05d99c16fbc63a89ea,29.9
e48daab64bc1fe72f52a30f594d4c338,29.9
a23e1debf478535980a96af74a6ed699,29.9
5da76606d8296067b9dc0659af7175fc,29.9
bfb9b1d3eed11407245df8870eadecc6,29.9
2fc3d22dc42a3baf9d85dc2a32e88e90,29.9
3e74a90adfa66f3bdf1586fe7f3f88aa,29.9
278003098109cfa2d2625f4772cb2a57,29.9
e503bd071c6ab197513b320c4bdf5247,29.9
3e96c6da239f67215a3d66587dcff124,29.9
6a6db33845bd12ddaa6a5a400bde9af1,29.9
a7f63fc7e159c61aef716577c3052bbb,29.9
ca178666fc3dd7acfbb9837d9ab3388d,29.9
4229505b5f66e1c3cc7cacd14af16a8f,29.9
0cc776ad105d3e0339e5e3b846edd129,29.9
19da592ad920d9fb1803c6c44742b2bb,29.9
349831a25e77f136daa5f6363e8ed5df,29.9
5072cf2f4cbec30b8ba917d5d7b6b125,29.9
24b80c81e6779841e8f648396b28c6de,29.9
30b5c881869a4f616fc0824e06f641de,29.9
414473afb9a8e920051c8ecd9e3a59a3,29.9
1b2930f7c6cbbabfab9c4842b78b84ee,29.9
d7921b1a7133e7c8e3bcecc880516cc5,29.9
2dff629a85ab251e9912539a47f8124d,29.9
31125ec2baa1d5281a8d38c35c0f3e7b,29.9
f783bb6d6728b05cb674fc6709a56302,29.9
b67889fc950ae5502ab17242af1e4117,29.9
473137630a48e52486867f4cc9c994ce,29.9
3c3a00f69855a5f23fd23dd32cff5a04,29.9
c5352fdf29b9b8a89f11338d0d1ce90d,29.9
4a8cdaa0c498d3fe054f97c22d38e6e0,29.9
af4cda2d3ad3e63a2e7eb0d75379f1d8,29.9
eb9f43bc3cb1915ba52ea755eddad3d4,29.9
5f8fcc77fad0649603a717dcb31c18d7,29.9
12c7495c7caabfb836cfdacfb07f8ae8,29.9
0a9b989d01b6dcfb690b128b24ab3221,29.9
bd2865d536f66e07f6b334425e30d027,29.9
a1b2e97bc4df82fe88776276afc2c721,29.9
337cd2f8a2f933b6707f90c561990099,29.9
586982bc4d41d9fa769c7ee3e7907b7b,29.9
6b72578e91bbfe3fbe8dc198c4d8312d,29.9
d32b227858607cb7294b71f92a52da93,29.9
b5422841969e355653f1d85b8bf8e104,29.9
49b81dbcc4f425cf74e99577b3e847a9,29.9
dc2195dabc9eae520ef884be35677475,29.9
b847a09bbbeb93c30e6702537242b8e0,29.9
cb38837f9b2d114a6f916ce7a46a7120,29.9
e5a5b930e88703c43ba479860f50ee1d,29.9
6b8393e7df09b0728b63652a19d59a3e,29.9
63bc9b54dd7ca51921325ea78e7485dc,29.9
8ffaa0a60560ee8a123e8b7c244d82e3,29.9
47dc07304d7117e7a8986ce4381f4f54,29.9
e2e397b14afbf10eabd70b574c00c3df,29.9
0e4ffb7264a091878eb8af65e6ef758e,29.9
af48ad11489d099769bdacaa419d6bc9,29.9
b1025fe116e2906edeb529c659bac499,29.9
5e0871625e4eb77e78357ca04985e135,29.9
b9dc2bda049646ead1258808f053288d,29.9
afd3fbeaa7a5318d4bfe1e0147f4feae,29.9
cabe4712cc6cf1fae16b386be90d6a76,29.9
201186d03a3403e775c0acdd6d718f70,29.9
2f2e1f67c6b000fb99d28c5cfb79958f,29.9
9a033d3ece10a355d14111f8dabc115a,29.9
46090a65387cf50140673902ef9c79fa,29.9
ff28bc415971e058ac40d7dd4e4181e3,29.9
81b645548b83aa9c8f177f5509d54cfd,29.9
ad8f44eace50d9e7a722ed20dda903aa,29.9
5c5539a9bb527a0c669e8addeff05e07,29.9
f5df50c41f9b4e628b2c691a30f9d180,29.9
aa49a857b9196c3ecc7cd8cc02f954f9,29.9
c2546f8bff100a73fc7a10b701dd1fc7,29.9
99c28efdcbaf15c20b31be33fe964653,29.9
ec6a5b8c7710f3a29f879151cb3338b1,29.9
6f24b6f148afa846ce5669952171e819,29.9
de4530c0594a6deb2226a823d7f504de,29.9
abdf6cc37ffadac78377e096c2d298f0,29.9
245d1d468d7769a84760d0fdcf770137,29.9
b8a225be894b6a23995331cd91d0fc60,29.9
3dfe1e8914daca38e62f48e2bd9fee62,29.9
938698ae953596e231326da5ff220f68,29.9
1a5ef9971865332ed16ea68a589715cf,29.9
c0703d9275d93c6138c769adff0a4da2,29.9
f6f48cf7301c450064d764e6d981de73,29.9
201f52a9d850d5989432654fae9e1f85,29.9
7a399cda317ad8719018d06ee6d2cbb1,29.9
6ec1975945c674d4db5eedfb71cb426c,29.9
e2a0805753be3111ef9bf82401bf85d1,29.9
315bbf72e7b102f2e34ebee5bb2911b4,29.9
bef5c0e0b094f0abf4f9bc96e9e546dd,29.9
4d3afd054c81809d99eacd8a22e08075,29.9
131543adb30a089bacc9f8025d1d1a4c,29.9
dfd18dbef42d2d617d822af592b2fa62,29.9
30b6c3b445d8760d7caf8fa0dba0647b,29.9
001226b2341ef620415ce7bbafcfac28,29.9
a5d68d034b9beac73720fea281944794,29.9
fb9590a1e30e0ba8304ea73a31325797,29.9
559bc538342fd6704d9ebd496d9d6852,29.9
e76048f3dbbfee5a87fc4abca8c12e1c,29.9
32e9e40545eb494f5bbf1b50cd11a017,29.9
c09c310fa27c644ae4c7b02b09877028,29.9
7d607364c22c9118984a8ad7aca71f1f,29.9
043dcc3db797a03b132fb63e753c309c,29.9
3198dc1ea5691b70e1e47975503664bf,29.9
cb5012c6bff7312d0e432b30c005a2ac,29.9
e573ce303c3f851ea01bb5ee58610e01,29.9
57934d36535621517dc2b60295108836,29.9
374f2849c1f5b32e29c9f7e2712c55fa,29.9
83ec2d588690ad4dffcd98fc9565478a,29.9
801e6d59e9665f5ed9fac67b7a5ba67d,29.9
92c1aa15291e40fbefd49fde5bc6650b,29.9
fbfdd7fe2c8685586b7e44a2970d0727,29.9
1c197b9b9b82cb10c2c64adde64df523,29.9
ffafa5b458d00aaac99e63ce4e72c668,29.9
5e4c7fa1c287657de20c8e19c2f959a0,29.9
e8155b5bad40bfbdba318809d91b2e4b,29.9
05410463d02d98f83438d9ab15a0cab1,29.9
78c7b2accd9ccf59f8a11033771502e6,29.9
f5f6c170b9d5baddcecb941d12b9148e,29.9
c477a25b31dbb1ba3286fa3a3db6aa79,29.9
2cba5fc83f8a83c775a94950777c5c92,29.9
33cedf79a1dab3f5dcb6a35891f86643,29.9
8be838a392ab1879b89cb279123ee2b2,29.9
8b2d170dbcd7c021894363e06a537ded,29.9
aa936cbb9d0a6909b7cd7a1a6e64c70d,29.9
f30966ab3f2e6572e194eac4b06d1506,29.9
e9490b645b17d03cfde928d84d38a916,29.9
0d18e5ab5d69e1bac8dd02e02c9b2230,29.9
d867a7f45fa7d5dbf33f736581b9b003,29.9
1222ae970047ba8ad59b8af5a7cbe8e5,29.9
3900b7a92c1e4b0c5e251478cd747e16,29.9
406077e82ba68e2146f90962425d7cd6,29.9
2588b4a39140feeab5d4ad3131067d25,29.9
5d453be4ccf49d74d81b4e1f381dac15,29.9
359e378dbc46732027e95ff1a5d88bd7,29.9
6d671d5e1225018b3514c0e934db700a,29.9
31e490609b471fd1055c067585594722,29.9
94684b27f6106343547dcc03e663ea5a,29.9
f041c33fa5c382bf3eb1433270778594,29.9
af0368e6aa64fdcf6b4f7565a083d8d2,29.9
e676e40ce5590961bdcc32bb0e61a97e,29.9
6f067a278edf15600f370d2a87ce6e4f,29.9
1a84d26e0b91518f76c51b59bb3e9408,29.9
25510bd947591a46fc2b5aa2a8caf0ea,29.9
68e9a0b72b0002f1aa334d988dfdbc28,29.9
77359c721d0e91869ab2a4d2d963e89a,29.9
8df8a5ad7ef800896d066dfb0838ba37,29.9
e9446b50eed1a1ef77178a47055332f1,29.9
58ebc13cbd9b3a6dba5a0b3fb3455db3,29.9
af0f2e3b32ac271dcd35a658be51c3c4,29.9
a68b231699b45f44a3e48910c457417e,29.9
51334f2b084155eea99d2433a035ae66,29.9
a9faf5f60f4a04506c1b7a6d72f318b1,29.9
eb70046d0c5ccb4fbbbca4b8066b8626,29.9
6481279fcd5935cc4012de23ac379ab6,29.9
edcefb33e1e2137e0bd7c05764a99f84,29.9
2dfdcbb5e15acdd672fbb17cee980938,29.9
2d982d6b51fd258cab18f1c86938fa3c,29.9
abd89f3a9b428d61119d1c7710cb01e0,29.9
55d5c5b97b647fff11ad419df03dc35e,29.9
3b6cfa5c62f4bfb3c09652d9ac539a8d,29.9
2a4d574e68f62d469284d2b313fa5cdb,29.9
8d34b7b2024e215eebc8d21e7ea9b771,29.9
6d765526989aaae489cdb8d1afafbb15,29.9
0614d7d74e030d9359a2857dc995e710,29.9
a265b2c9123eeff3a1c988005167de07,29.9
98a7010106c2e416c6311ce939553453,29.9
f7784f794e709a46f5d980cb4933caba,29.9
b56cd2aa756fd6fe4fb009a57623e7d0,29.9
4fbd4b0638090bdcac4bd0a0add76ed5,29.9
c3e03d1569832dcb3cdfa2ea53369220,29.9
018184ac5f52a821bb00f3ef21d75799,29.9
e68de27b72357e93a5edbf9068812f9c,29.9
37c4bbb8a4a1e07eb66ac61ed57d5f8b,29.9
8ff463c5677e1f1ccedabe1c90d3d53e,29.9
abb98ee37acc21973e1d4464133ddb49,29.9
3095dd80e5ee3e7f16667ca2af5d7f7e,29.9
4e6fa8b8cc0033fd4dcf040a26f8c72a,29.9
cac49c568ffa3efb4ad9a9aea6f76fc6,29.9
d7342522c8c12afa8013c3fe8346a140,29.9
8108be015f1623687cb6582904cf4fb7,29.9
1b7e15610c7da5d4fba6794557aaf06e,29.9
a7c9fdaa3d2047ccdbbfc5b5452a6f3e,29.9
3ea7697cb679588274ce6d851dec2178,29.9
ef68683a6c65b91289abbe1a058aa160,29.9
943dfe8d4ad25b86e1d05cf6ed029772,29.9
2faab7139b1701f7cd97532be51b6480,29.9
7723aefb1cc03ddd767e37438d62039e,29.9
8aa383aa8c844969db4e195dcc2b263f,29.9
13ac63cd7d4fb4f7f3a9d07efc803b54,29.9
4d1edb31fa8f56d259895f5d46064753,29.9
b2e1defadfd7964f26a2f4a449eb6e26,29.9
1ad479458bb6630f9187cb80530d065c,29.9
6dc1bcef448493d31be69e13dc73a07c,29.9
10ba1547c5701a2efe4ef818993edc47,29.9
dbb099efb706ebbe3d67bf067d2442db,29.9
093f449ae2e959ed548c3a71c767f609,29.9
b8c0c423f9e237f36d6def6bbf7c3e33,29.9
c5279c1aed890b6931837dda06d188c9,29.9
fac97242b677d1afdc9a454cdc2b5fe3,29.9
fcd5f6483d41d80112a58322955bf9f1,29.9
9a2b8810ad214ac140e3fa546f8414e7,29.9
ad5945bdec9120fbc7eab1a9746695a7,29.9
b5d86378a4bb9da33e1b66f4100ec9dd,29.9
aafadfca432418d78060308df3c5fda6,29.9
84a79651271b4c31de234b12cec4f897,29.9
683a11591ffc56e8e5f68d26a04f4e81,29.9
0bb9be671290be8ce833fee7c0955eda,29.9
641df69718446b755017d324ef508374,29.9
e61aa74044e35b21d8f2219a4d6a7dad,29.9
7aba3e63f633b8707b803e9128536e80,29.9
36d38da46c36b3d6e53020634e2be979,29.9
2a6d23f4d4b26af5a1a5b6bc1f2cceab,29.9
5bef68c4d2d04c09aee2195ff540f131,29.9
97b2ffecc0133a682b181e1f48fa0654,29.9
801b675e5c31e24ad2a630d0fe661c84,29.9
d6d1c551a52cf82ad7e155cf0020e4e5,29.9
463f484603d195a56332cd14bb2af0ca,29.9
35c908161260a179c555565db5170a80,29.9
660ca825143d9c95d6c9e88b80bfa6c6,29.9
214d26dce59d63570d86bc2110d1e59b,29.9
9ce714a1c31e4d7db09e7a678d34ab1d,29.9
90a04533004ef354603e2f9c3a7e13d4,29.9
0b20fc582fea416e9e4d5b39dc2add1b,29.9
b7b15ab12fa50616eee696a22f098e07,29.9
279f89e72b3c2b07a59131882dbd738b,29.9
b1cc58fc6c6fd260654aaeb0e4545846,29.9
ebcd6949522bae5af04691fe44be17d0,29.9
10a61fa7ba3ccbaf8b3fc8e49f763ddf,29.9
f84f26f63740d611dc698e3000288cf1,29.9
9f1145d538555129779edbb5c57cafd4,29.9
f784d05709f75b9b78af51b32dc4e26f,29.9
b5ea26f9ab823a7c6ce7f684dce02b48,29.9
243b40772b00e4ba69a769305b7deb72,29.9
8f37b3503cd144af77f3c3728b465c5e,29.9
7be913d53481da4195609f9dc1ea373d,29.9
762430d281be0814b2eab736518f5354,29.9
3ca973130cd813782697a76c95a6c480,29.9
6c4578ce47ec34cc93da19ac6e3f8534,29.9
1fcce9fceb2f6c8a555ef9fd999086d6,29.9
33380c31f765f9aa184c40351e9f3b6a,29.9
272aac5797624f4ea0d5a2c2003bc5c3,29.9
118422d80d1e1fab2fb5cd1df5a8281b,29.9
dfcbcec124c2a4729a84f7c0fd9ebf1d,29.9
bc39aff9201f44472ea957177264167f,29.9
366b8c2f62d61163eb6174f77458478b,29.9
ac9003f42265dbb7e2062aae6911d535,29.9
4598009be484e3c31b4fc19a208d1873,29.9
c4f67a171b27e7cb73bf6052ea780f32,29.9
6f9c75078cc484eb517fbd6b4b257567,29.9
af74cd9ba561832624ba990223437f73,29.9
894337b29433786ec770ef5bf5475cba,29.9
6ace8efa987c742a36dc0cbb83cf85e8,29.9
17d0599bc28d43c850c9d2ac86db9b67,29.9
84dd4d31a38b294e491fc3a62bf85dfe,29.9
ec7529362d2858e7a58c5f4f7f63b999,29.9
0e4e3ed44acc06bd424d47ab79993516,29.9
1d20b4948a13960234e356158fb43032,29.9
c564db557272ef1abfc07e5c2bd69c8a,29.9
a8450fbdf52fb6fb3f3f53b03ca99ecb,29.9
5d4a2a1ca5758306c8addf538200a125,29.9
6ab1ee67b168deb40c5010cbfcc60b4a,29.9
9b984a4c5a7c0a4e112339194b6f8b1b,29.9
b9811e8109305241e41ca136ce24556a,29.9
2ad663165e9d0bf46c7a41509af06f2f,29.9
1baa632cca8a732043b64413083d7638,29.9
8be34d6d8c32a226244789af8acd166c,29.9
45e844a084390520feb827c2b1728440,29.9
83c0be46aac25ee599b2d3ef08b986fc,29.9
d84edf9eeed1e74ba4e2629eccf8efa8,29.9
61afddb6bba5fc63e1a133ae84dc169e,29.9
dfd264259bc12c0eacb0fd8c51d6a09c,29.9
d835c1f9681f01512a39674a16a3f0a0,29.9
172d2893ff8f6ca8ca4a55100b8be48f,29.89
0881e1574aa6b621c551a421297af5b8,29.89
4a603a65372ff73774febce5c4aba289,29.89
e483e4439145055bf71f7b74b3b87558,29.89
57914af04147062f22b01de2efee289c,29.89
33e0028c345f1fe28d2d12fffcf8539b,29.89
f2f63bdf3220e5fb4f7237a1eb13bac2,29.89
d308e62191603a4c18790024ca6da6f1,29.89
e083500378cecc0d7c91c8ec7e1ba661,29.89
bec0bf00ac5bee64ce8ef5283051a70c,29.89
4c5ad4ec6d54e309948cb74026970547,29.89
73266b890f2a488defa51ddfe4ec9be3,29.89
a1f9dbba4cebcf4576f450ada698c8fd,29.89
33c20edf6ed3d5c9784af0eeb91c665a,29.89
b1da6f6f3e921af6587405ee904b8a44,29.89
a1d3d78e83da30d70783ff40f8c9067e,29.89
fee9143c97f344e2663c67de0ab6eefe,29.89
f458a61218c7206fe37d24d130304f29,29.89
a5c445f445a790a98546688c0eb633fd,29.88
82483eb0f6d24111bdc5a57ccde9219c,29.88
e1c76478a5565c5330dcba4917e1f0f8,29.87
6dacdd7ab3fe86501360607cfac57743,29.87
3cbc349db01f3c00d0bc243dceea5ab2,29.86
43f6b439df8e443370c109de1a302cd0,29.84
be552266bf47bfc6fa6c793fd74006bf,29.8
a2ce605ad71565602e3af6adb8bd6ebf,29.8
5a0bcd880e75a7d11ab25fa7822706de,29.8
66c004ff369bf0244761de86fd2c687c,29.8
784218b26424ee2726401c5e73df14d3,29.8
eacdd50c53863a0addb2f31544628198,29.8
47bf336b7e7bc23158324a69da765cdc,29.8
951424b1692aa7bd56ce420e20a2d1d8,29.8
9ce10032cfbf7d2dd3cfe41c48625e59,29.8
f5f98b8b49e81546b497efacf2b9a261,29.8
36b3d8619300c9c57d92f7a175452db9,29.8
cda77e1d58299ba7c036175a201d4d8b,29.8
938a4f7cae49e83663e253ce618d8e92,29.8
3caf263e1c5e13a0b5cc638cfc9dbb16,29.8
db691e513b00588d4422c37c5e9e2dbf,29.8
63da9210d7c5c8a472ad552135e0df2c,29.8
c59a26fd6c8ed95ed5fae98fc9560f96,29.8
da181e0b77b202c246e47de9c723ddf9,29.8
1479ff715a4d0d50f559fb434ffaac23,29.8
537e5a56d07faec92aafd41965e7733c,29.8
0f3a81be69f12da7e2979fd1833e923d,29.8
4875ee0c667adc19c074d48b862bae0d,29.8
7ccab0587fe204dc0cc0771def311959,29.8
76a2c465801a86857ade2a8da9852345,29.8
ec1a4fc006c3758824c06841fd07c6dd,29.8
a47fdc49c2e08793c4b714e19745fe00,29.8
79d7e956c2d03b3e3113f470935ed88d,29.8
b1ed8cfd988e2b0991c7170ce9f183e4,29.8
941d742e4a457892ce8c3190221bd37b,29.8
540414af4996cfdbb392622b3c082294,29.79
5338f485d3db2eb364c98cb56405cd71,29.78
18f6ca10777417c932cf49e7fc9387ff,29.78
6d67f15685d8eeb245a003bd9c8310ee,29.77
a0d0f143ec544decb5a92d18f6bf79f9,29.75
3355a05f13842dd7a905ccd6240bfc4c,29.74
9c7dfbe1e9bd22a4b59181aad23ee8c4,29.74
311f42c5d087ceb28e115741e1087d03,29.7
48467c18118feadad27c77882da17008,29.7
23432b2b5fffb0c4da71e55901e3acf6,29.7
b97fbf4bac9d15cbe025fc985e559c55,29.7
73dec2f09bd7eb27d94454620a6933d2,29.7
ba5b9e7ebd1bdefcfbc552ee0558226e,29.7
790ad3b525f86ceafdcda488ba45fbb7,29.7
a82801734b0e157342b02c32891bd79a,29.7
5107f877a1a7e7c4c40a33b6b68fbd93,29.7
201cd19b6a0ea97a649c6e1bc3d29de4,29.7
48dc172fdec2d72357655991793aa15e,29.7
91de57e4716ed3deaf13a08b47fefaf5,29.7
11bbf0a5f0066b66d6f15ff95f2c13da,29.7
778504bce13eb4db7d25932bb0eabba9,29.7
eb163310f04fd3ff8bc51057d9664994,29.7
e17fbd2f4fd5efb2fec96e91cf9b20de,29.7
4d32030a76802b9be08e025783f041d9,29.68
e5f1edf021dcc6c1eb3c135fb48f17d5,29.67
8100eea287c70641a7af75e848cae7a6,29.64
31d8da0f80697e347d7fcf21eac83d3d,29.6
d32163773f451460d21be3956bd15ef5,29.6
e6e2df36e311e956395ce969154bcce5,29.6
6e1cc706f1e28392811d300080f12b31,29.6
0b6160d3adbecfd48f0d5ba84e77e913,29.6
884a2d382634ed1f5d1c120ff820f9df,29.6
780b9df22e9f714b2231474a96e95730,29.6
9dedefb2102df32419fadb1acee34af3,29.6
5f2e4b4b4ab6b3c9a85391c814d62172,29.6
3065950358713c7541fe0f220ee25140,29.6
029a95a46e81be7eb7b4f875e160528d,29.6
c0758414fb5d0f67d0b96a4b512f522b,29.6
ba3f81b4928e851009ff39ebeddd520e,29.6
f1507c57c4d52d7a4e7cac26d6f7bc5a,29.6
c5944790d706b37542a28213a9761022,29.59
b43982f5a660861f2c4896a53f2358be,29.59
53170878264b262f67dd44eae6f6998d,29.5
f24774b99842246d43379d09c7ecec3b,29.5
7fddcb57b072d265db33f4c805bbfbc2,29.5
52f2e38afd9ee156881683cfe8a89ffc,29.5
31a8f6d679715fe19892aef333993c5b,29.5
ffeaa6d37b3691d54a01171f6562f44f,29.5
742897000a2fd0b865e0961386a0147f,29.5
652c1f8e1a06d78d745521cf576288cc,29.5
34aff65d100d6bc40a108e53b2d261a6,29.5
fae937d8ac931bb4c6616e05677b2d41,29.5
db78f6bbd64027a4147d3f8e050c1dc7,29.5
b494a22912f25bd9fd639019c32607ca,29.5
01077b7579fd4c86971c6598bd550ee5,29.5
3f6ce43251da42235d19df7ad5d7a197,29.5
f51c617d5ac6309979b1c223ecacf9b4,29.5
12f6a940b0c7ff9591070497a3301ca6,29.5
9132e57f9a51cf382ef609835a24aa2d,29.5
7de868d6c387e60f129e85ddaf6de179,29.5
4ceff68d9954da5a2b1b42a4ce0e0064,29.5
3a825d2c5267ea3fe4af517fe5e2876b,29.5
3d52590d7de2640de56a6c562e932006,29.5
d5f26a2b6936a0e02839c31d0cdc526a,29.5
3b5f688e86766453439aed1d36b6b411,29.5
545505856b08fcdd8c1571f73c3c66d0,29.5
481a25b5582aa352b9e8bbd282c7957f,29.5
6545af4512c49eccda583262133200d5,29.5
afc92b5c6073340256875a4e1dc3d7a8,29.5
2947b1f5493e916b287414dc93e1e6b0,29.5
d38521b8c94b38e74554395115ca5c2f,29.5
847269205bef9d0bb2af058e64d6d75b,29.5
58007bed392da6ec633dcbb0b29abdb9,29.5
73e5c7f0880be36bc46d874edce2114c,29.5
c9ec4f9b7f4d08b7ec172ae3599c2a1a,29.5
b61b31a4b4b06a01b674b4a23d4d65b1,29.5
cfa0018ea537f7a14133c72d679afd74,29.5
a4e4eb0b5a6fc9aa1839273af0f6406f,29.5
a88b2f5e512cfab3a9eb443a1436553e,29.5
6b279b8b23832fcf32b7e264479e84f2,29.5
97803aed8804b136e5352bc762528e99,29.5
c3242bc205d376da386c194f6c42592a,29.5
02f29ee4753e69018942c30e71c04cfd,29.5
f0b5f99da4f3a71c5149259ce5ffda8e,29.5
40fb1854bd3c770f504f315619aa2805,29.5
793c582584210cd597c6a7d23af54522,29.5
ed4bd9cbd2c8c350baeb7c093147553b,29.5
396573e1df49285167b26331d72e7f96,29.5
4b32f83196998cff6c624822c33dac7a,29.5
a5618956744bd4cf49ae60c2d07a1ff5,29.5
f70758e1085f84f6c842270af455ab06,29.5
141c8e20ac10fa468d06131dbe1e37eb,29.5
d06bac79a0cb6c8f12358a82a468f1b1,29.5
7cbd24070f207fef09b1a1f0487a1e92,29.5
72b42984ec0c784fef6dd9f56948a4fb,29.5
b9fb39389c2d1533de03b074f9c215c4,29.5
3cd182168854efe2024efbd623437ed1,29.5
98cb426b9331dc7b208e30be8f6166ed,29.5
1aed51887d522ee70b82f77304854226,29.5
9db4f2dd60aad0f12db7f68b36a653b5,29.5
07f8620c4c162602d5a4ff41e173d812,29.5
c18371c9138f16ab28aec5d47d1b8d32,29.5
322f2569c4dca8ee5119d0714fc09c1e,29.5
1f7d089d663f7a5be55536aa0a49bbbc,29.5
c92227c22263d46ce0163442bb544995,29.5
90e1d0d9d447d13a6b9cb4c35524a2d6,29.5
92760471121bab2377e8a4313024821d,29.5
93d155119a2102bb21d426b8ccb8bdd9,29.5
c0f69e5b64bd59d051167278a16b1362,29.5
710051874af08b3bffde8e19cd95733c,29.5
d9dfb0c45526f228a5e68b9b4ca40738,29.5
7917456dd713912a20d20cdd18b3d610,29.5
47fd93db3f6e715f6d06f90ba501b94d,29.5
4a63a260154fea565815aa2eace75155,29.5
fd2bec2bd1aef2211791e285c3a72ad9,29.5
935ceb581095e6dd41a24c74f2f0ca6c,29.5
ade30c33d12f41fb6a80e79d43656cf6,29.5
a579ad47e249a676a10c12e533a108f9,29.5
81c3c727d0aff97c26d22458874e3b75,29.5
b801e80468226e897d1f205bb1770401,29.5
1a79125e3c27596d608c700c90818a2a,29.5
0df5896a6f325a7c16bbe6c4d80eb82f,29.5
f8a4799330b4414d1ef3ee5d5e7e9dc5,29.5
638f52c07d956bf960e34befb98a0657,29.5
6cf33794e360f70f5111034310a62eec,29.5
b31c7a9d8b9dbfe088c8d88d8c05f825,29.5
420a47b906d307d5973d55dce307955a,29.5
e6284a431f7260e6418bb080d3176809,29.5
a67749ad2ad8984f58af753299d89756,29.5
c93cde10296df75c3bd18bdce1cbfffc,29.5
2580279043874e8b93f83bf7c091e6c0,29.5
c4b925691c05320f5d34af6e8a851275,29.5
a787e32a70fd825e834c43849f53f1f1,29.5
40dd50dbf3ac855ac5e321643a5fbe79,29.5
91c66f98e2690e4f7957e24809a03266,29.5
c7b836aefea27efb7e0bf4c70c129aff,29.5
343cdea7027e5f6e2c424a476e84a153,29.5
a2c6cf15697f03b627807d18d51f0c37,29.5
e4d42b5f401deb9467f9dc41bc4c2b3b,29.5
8e48478c4e940ece3f60237f748b9091,29.5
15b99fc6f2ade1d81a027cdd2bedda80,29.5
7cb4fbda0378687f6fa05e0aae50f1f7,29.5
709f16434c52bb050358b970cdc88abc,29.5
a8358cb0d9cfc5497bc084dd0adefda3,29.5
64e458e1a4f5de5f1d8f3e912ab9253f,29.5
3c1635fcaa6b3776246c04523975443f,29.5
70754af9f9ac781098034cfbb00f6d87,29.5
895f2539c30e6bac09c33029e98cfbbd,29.5
fe9ce9115fbb7f2e492e8c6704f0a7f5,29.5
1bc63c59e2446648b9483b1fd695c922,29.5
971928f2e125b0d9b0d51e24b0c682eb,29.5
1ad85378f72ecb62694df328c7ebca32,29.5
a335d0ee835610ce1355d57d727b54a1,29.5
99e449385ee6826cf1c1fa828896ac55,29.5
a459f902141f98c12fa1a34d1d632cdd,29.5
8667901bd6be984bb8c737a31bef4bbe,29.5
73ae5f4fc1b484a3d561f84cb5afe282,29.5
28aa752efb79504ee5814c07f649b617,29.5
99a041726abd378156681a6f5f519684,29.5
2be98376cf2736a3f14813ae95fc6969,29.5
d3625a7c916105c686352ba67f8a0ce7,29.5
cee0d2b95b094eda415a6795f5f57810,29.5
b45c39cf7b53391bde6d542823f73ba8,29.5
50de731496c823a245e5e56010a3efcb,29.5
237f172658ffb3162e16c6a8cda2c330,29.5
f4a4d39c7832ae7e22deddde1122de01,29.5
1b1ef9257b656045dfd12d3daf77826c,29.5
708ea8d0d3527b8581c3a4b0a8fbefb7,29.5
d9123c5a4a115248a2be33bbd018a015,29.5
9402dbb303afb512fea5c46c22523b95,29.5
3d6ef247a5922e5ea04d1d8a03fbea07,29.5
fa012d6c76bdb34712c35e38d4bfd8cc,29.5
27a5b0b6a1281ce3579c4f2f8f41761a,29.5
2186616b5111dd45da9535288a51c348,29.5
002d358e2462f87678443706cbf2eb21,29.5
f0119af278758af431593d99f8588de6,29.49
2093d27c791c109d890d8ee08bfeb997,29.49
9bba2d79c4c8c3f493fc4ae9e25d9bcd,29.49
30855ac5f2f9f4dae0c312cce212cd43,29.49
f3e95129cd5b09e937f8509b87c0536e,29.49
f5697523255562952cd0c53fa159858b,29.49
21b4bbd289da6a8e0c1412bb95e89e61,29.49
ebc6a200f1dfff475bf1fc1ce8acb2d9,29.49
027c4c1a7778f45a3c7837db8144b65c,29.49
77f22f7becdc5a932cf8a050b28ce70d,29.49
d106e0cf032240aa997b079d58974bfd,29.49
82b894756246835dcfe03708d3ab53f9,29.49
6099b4a3bbcc0a01fb20ff6cab0289e3,29.49
6786ced0d23e5edb131e553b4c0d4fc7,29.49
7a6db14451dc639c79aed1792daf330d,29.49
472ad69ebb2c32d6b26fc7eccc809e5a,29.49
45b965b024a060a20f35be157bd46415,29.49
dd44ef056d747fd1dcec4794c2579837,29.49
4c387e88401ccad5d2caef58bd1e2640,29.45
ba23a00c1935d41d7da609e49cda2f49,29.45
c61c2706e323bbe476650f01b4544be2,29.45
9a0ce520e9eb3cf22a33d2a20ef2576c,29.45
9ee9778d9731b64524a787829a61a2aa,29.45
55a18ae004af33e2dcfe7a956b30eafa,29.45
3c4e8510fe74acda6c7b8fe81e34b46a,29.45
a73385b519aa26aecb154a13fec20b62,29.42
e97a76910029690bc1f5b67376c38af5,29.4
3ab8672a10d19fb9f15acf498badd19f,29.4
70113ccc54e91c025069714903170789,29.4
e67d928d8998f6f0244b1ad049f6704c,29.4
a779fb63d731a6f7af0e4ef34aebc9bf,29.4
1305743bc4d423ec9954f42deff4ef8d,29.4
308532b0d57d2a3cf82dd24a7bbc8ee8,29.4
2b91bc260dcffbdacd12c4b09e5c7463,29.4
5fa845339b9bf6edcdf1e4bf4140cb8e,29.4
7e9b1573da9507517fc6935505ea79c6,29.4
efad2f4f28b98cd11ce8d08cdb0ba510,29.4
48da70fef4fd152e49be10586753ca91,29.39
5471f9f34bf3592903ece0d8ca56c0b6,29.35
11e967f2d4216f48bdd64fc5bb934074,29.35
8ddc08f219bd236e6f8674fcf183d721,29.35
fe7c7875de096a5aa735e7ae90ec580c,29.35
92f733b4d20fb47a3c3e58aaae5e76f9,29.35
b2225b1aacd965ca328695647276ade4,29.35
95808c3dec7a5527e2449eb78acc7dcd,29.33
8c7949f729c25551cf79205092ca396f,29.32
f513c0312e420bf280324fc64f3e652f,29.32
e9fade7e1c719ddde440027916f6e5e0,29.3
3651330d739846f56c063a957dc3a312,29.3
0d11768f8cd705b25a798904dbf01693,29.3
989908db06fd4a53e3177795a0a402d9,29.3
d366fbc54434d58bb744ed9216f11d5a,29.3
0a54533958d2154acac19127918beec0,29.3
a4541646c20781dcb25b834a5810eb66,29.3
b40bc204d9bccb87d0afa5cefba3514b,29.3
6d2a480a3bab280215151ca1060ae429,29.3
b8e1ec335320a93eb146923a356813a0,29.3
2f9b39d0a777ef84929837be047f2fd1,29.29
679d2e759ee30c8c1c76366b2cd5d8ff,29.29
8d507f583837f28f95948bf6acdf0c9a,29.29
513fb11b4affcd68a42726ab18ffa6bf,29.29
045103dd48f804644731c10cfeaab4ae,29.26
ade47ed1beab3126cad16dce9dd5b363,29.22
6d05f45a66bd81b14e17504d8c64f14c,29.15
5b3b036e81719243b67c993b4fc7ef37,29.15
e5f708c9ec9a8f5a1ce6f17bcb1a6d7c,29.1
980e54fe9de38e6ca4cf3c607e2215b9,29.1
bc7bbbadd46cdca626eb6521fdf59b3a,29.1
1772b9285f84b981cf0b40a94406c640,29.1
ff2f5165c3155db5bb78c26df35a565a,29.1
3b75ee56fb7838262adbb238abcb829a,29.1
7ab1e0974193f60d5db1140b566919bb,29.1
25b19669d19a5e41a97a9b171a7bc396,29.1
5d970c9d83f58152d477d717c7affd80,29.1
5fbc3ff103d135045b4bd2e77ddac6a0,29.1
faf0dae677e3f41793027d0a8ee9e899,29.01
d291eec623ce7388cb517384573395cd,29.0
7185fdbf483003e78b65e2571d89976f,29.0
0a788c899a1caa2d6a12019e8828fa88,29.0
27e25db300f4ce83301e6e4d6225532c,29.0
dca71b66271766b6e86a1ad74d291374,29.0
bbc107d4027ea5f2da6b11ae65c335cb,29.0
4a09496c03782d8f7e5d9fe65d3da015,29.0
bf721cd064b03dcac90a8e903e15a6b2,29.0
478405e8df3b9abb7f2bd5c8fd77df89,29.0
ef750d311ffd2f8ff044451e653a0181,29.0
b087e49d446463775fdd80d76a97832a,29.0
fae68eb7180ab4c7aa42beb76f39aa80,29.0
4684221e1368a6ff329a4d7a6262a974,29.0
4936b1538bed9bf82676f3cc2816d73c,29.0
f222c3229196dc3b016502cbd1ad6cfc,29.0
ee7e21c28d1a65571f31b635723bbd4a,29.0
8a80133b8ace6b21415367a131a75a26,29.0
c8de9687416bd884c7269415458ef1c8,29.0
b18a495aae75db67b4f99a58d5e2f272,29.0
16d505cd985a5e737955de5b91b733bf,29.0
c8e156923e9f6ddffd08c5df3c01880b,29.0
03021263578e74c1f2bd92697a37d93b,29.0
454b4ba4ae47ea08a0a94cece37090d9,29.0
4a649e63666609f1e8535c98b8e1a5b7,29.0
26f069f5c2cd9ed767dce69251024330,29.0
51fa33cd27ea50e70804ba9599ea32fa,29.0
0ced2413547b35b60c68c5fae76e5b8f,29.0
71999455ee91778f2540d6840640d8a5,29.0
dcd98ca7612d608435bc8233248e8b4c,29.0
94ac0b7d1d98d01b218caf186fb00d1a,29.0
09eabd495689fce0ed536d807c1cdc0f,29.0
6be3f8f4586a72b9b577b7a366fb1f70,29.0
1338eb27e1ca6073259a6dbe2ec2dbcd,29.0
527eaf78e1c63a381662225c831bb919,29.0
9a935364cca30059364ef4469083e8f8,29.0
6b7d1dd42181e388028e9ac8d8045168,29.0
9da9f8e848345e991dc948bbf273ad4f,29.0
8a01c6e4552c9d9f24fbd8db3e40536e,29.0
1755f2846673a250cf4013174dfaad38,29.0
caf41181500ad3417b42e255355ffd7d,29.0
8cb5215c25ad0689fc8460e4191233c5,29.0
d419776edf19bf4f7f2498b72d0c40fc,29.0
4d73f3be7a90bb514642db6fea2aa7cd,29.0
3d7697c0971cb2606444adae322d8bb3,29.0
d015395a2105867a00b87856d48af631,29.0
3d4eee9068aa08122a8e652c21727998,29.0
9b079dd2ab921fbefaa935054ed0e183,29.0
a428b29ed08b54ee2ba2c4f06f1a0172,29.0
0877688c3edbcf20f0c8f112343bb4a4,29.0
58d45cf285d3d5bdd45609c696e00b9e,29.0
d4911eb6b6642de30488f78e70a9fe5d,29.0
536128be97bc69f3c3a34a4aed46f864,29.0
aed5986d52a71d75a13516849ed56c2e,29.0
c2bbb78c68867c083d5e470c93f87a08,29.0
48c3e8e784086fd4b26b9929625373d6,29.0
930b16e4f16b2e13a346bd2c232ef0c6,29.0
b89fd25a1db85d8bef4ef37b2bcf696f,29.0
887a7f0cf91952bc799bc7a555262389,29.0
7983c699f34e9ba67e1556feca9cf98d,29.0
899d314e0ceb5d259c42293077eb5102,29.0
854ff3250421ce4acce98f67cf4aabc9,29.0
18318296c91a6f9911c3aedaee70d707,29.0
896ef8aa8a85480f35a6053ff3cda8c0,29.0
b88899ad705e9d9e1874c2f507e17477,29.0
92710a995cc113c830f287b62883189c,29.0
929552054064c59d6e5bcc06dd67a56b,29.0
84cc013dd1790fdafb0fa598695cf3c3,29.0
4365561a2a4c1d768592aa0536e503c6,29.0
1ccc792b6dd0c921196d290780e11754,29.0
c9fdcb6355112f78a8369a743fa58880,29.0
796daa2e6458ce635771ba9ac6e40edd,29.0
2a53997627d79044b4200db95b3ed540,29.0
a76bc2d372186cd87b857191c77f2270,29.0
0db648e0927c41bf012db90ef68b645f,29.0
bb8953623b704a45917b3800da0860ed,29.0
e82b65e2b591d7d01e803b11299bf0f4,29.0
0a18445510505b0fbc67fefff8231df0,29.0
b4f5ccdd01480fe597e7aea8ef056198,29.0
5d2d4e5c02f22c6a3927a09532d9f163,29.0
b51839b045d441da8da60ea3eee3a3e1,29.0
b0f994938a75bb0c6a523fee2e7c5746,29.0
4144990d3b38884364646c004ef9b076,29.0
ca5fc4d4ff349e924e3871ec86a4d34e,29.0
d829dcbbc1ddabd3a91c20b64e2ce5d8,29.0
ef081a4e9303189b05889884658025ad,29.0
a25a1621da773f67495618a8a2a475db,29.0
1b4aa4d4bbcb6406462f503df14847a0,29.0
9ed6e75482bada0a5921948f38a7f1ee,29.0
b673b484323799ff5180c63588f44eba,29.0
af2769f59e5cc245e96ecb03eba856e7,29.0
08758f46a8ee56f3b1b4c5b73c90c6e3,29.0
a3d086202fecde35a84df11623affdfc,29.0
111e0d71d0351fbdac5b47d607747bec,29.0
a97ffd7dc1f722793d4ab4db1eb815f5,29.0
154df1bc4015dcbf9423f52bb190abff,29.0
f559081f10290cf844cd5875a8524e18,29.0
a9934e1ebc947bc31e0fef7714b93c66,29.0
bc7ff0e7c6d31fd59dbd5f70835b4696,29.0
a05cf79a29e1e55205a7d695975a7a0a,29.0
e6bedd7f7d309f51d01757db6368996f,29.0
f6c75448c88917ea2a0d3ad1c5b478ae,29.0
a7f1430b91bc7526030c0cbd89af179e,29.0
9984bc05a4cd3660c382bcefcc3d6add,29.0
9aa815a3c997d7178df3b6ede20a1363,29.0
54455e3cc22a40be4253b6f3619927cb,29.0
63eb9f915c5b93b3b133e075be8cc12d,29.0
628c8b89f58bacd887ddf6ae36d0670d,29.0
bc234186a35ceb9253c70df723a54219,29.0
a13b9847485ba81c2b12ed318d748b00,29.0
201a4e49186cd822d3584d9553b76f91,29.0
30bf64b71d75305d57cc0d8bdeaaa92d,29.0
26f548cf7e36c8ff56020cc845f5df8c,29.0
0a1ab2962856f2d5008692f7d6e22ce2,29.0
e4c533eef245b6abc3733edb3135f74e,29.0
60f9c5ec01881784ca846e12c16aefce,29.0
b246eeed30b362c09d867b9e598bee51,29.0
107a43f9c1860b4116fbf0519f888c3c,29.0
33fa216102707aae73b480aeceb71716,29.0
3d813d6489de54fbf5575d524fd40bd9,29.0
305f1f28ec140d565af170687e3ded1f,29.0
60f018d77f575b756da78619e783ef22,29.0
16aba5570b45f6b4c9204407132e2cae,29.0
60951029b7686cc004b24fcc814e00af,29.0
6465bd930c1243ba5479f364f2783e10,29.0
728be77f30519a56da991fbe192f2572,29.0
81c739d81dc4914f5513bd4b313ec889,29.0
8e3cb75915296ca5a6ba89fae7c2566b,29.0
d02fc56bb3873a385e182abf4c170443,29.0
3931381dcf232cb7ac292790102be496,29.0
3ed8a6ccdee18adec7d692baa5e65230,29.0
0abbad9859d57687867b8fbb2650a5ce,29.0
fe9837d3b6aa2502781cb57e41e23d5f,29.0
5e2d2f845dd010caeb40fca85772e04b,29.0
21e69ff635b0200760b86b80ed80e7f1,29.0
ec497d640a98b2a969869c44163d08e3,29.0
8da4534bcce0e3cf6cb5cd6f31948164,29.0
1f286139afe2eb2040a68fee6e253eda,29.0
0b67df0f3cd35096e2b545e0c11d7422,29.0
ca29b2bf57243228e98eab2dab805ae9,29.0
72835445167408da77e382199e203451,29.0
1f90cd0db9aed93dd044876e178c2425,29.0
e1e500758ecfd8eae3ac31f50644d393,29.0
b435b489e4d9921ea0ac305e4e9ae452,29.0
080be8dccd7f4d3194611540f99b5299,29.0
a89680860acf9d9d538cdf3bf6636dcf,29.0
5beb36d1757aa17a044222a7d79b9820,29.0
279a09411f28ae559c302075deafbae5,29.0
2a974ce06a6887b9765a5f15f142e33b,29.0
b64d179608bdee7945afe4f46f62c2e1,29.0
3304a1e2854d3ad5e262862bee223291,29.0
06090287a89123f034e1d47b115ed0be,29.0
0f27adc68b946466a1670bb2e30a2c7c,29.0
30e20b600c72408514e38306ffc7138b,29.0
142fe8eada241df2f071e978e6dbc04c,29.0
c1be99ad4f0115a447fc254886786926,29.0
d2897e735b30a2fcc32eb8f9cf2f9583,29.0
74395fb4810519fdb972dab7d83b97d2,29.0
87cc80e439ab356ef3b045e8be9bcea3,29.0
1a3e564ca745183defa5a9bc2467f4f8,29.0
9796b90a755bc5f210d18a7daa8ea8d7,29.0
6b01fa696d4bcceec2f58d90c840a0ef,29.0
a9bb000979210a35541c29601f2dc03e,29.0
d75e6448f501f078f4e475870facaa79,29.0
2b776f31be8233e9e24f5b4871605193,29.0
5b36339f1b92c3a5429331de873c56c6,29.0
ebf84e00361c31f0610635647dbd0db1,29.0
ba73e78b0ba65ced564cd836853e7fce,29.0
c542f5de0865b9e0e437c70dea50727c,29.0
f5003c157ffa6c1e541146ddcdade179,29.0
54093ee9fc74a8ca3ef7840cd591c22d,29.0
db18213211c2b66e2a8371651ca0fc0b,29.0
339978d66c8f8cdd14699e0e0fd67451,29.0
900b190def9c4ed21975358a4d6ee91f,29.0
c2bbc83c60864126b38449e6094bb966,29.0
0f87c14e91f558b71fcf73e6918f311f,29.0
94ed00e154e845ce2950839d35b0e196,29.0
7d24a4f248c9d34b88eae8d6e120e49c,29.0
adba4f965e4f017e8b864969ef87cdce,29.0
436b199887f7e81fb5c2e059904ed20a,29.0
9a7a6d76d51978e29bbc282074409065,29.0
e52f11ec7d64e959c974a0ef5403abd7,29.0
20ead49a5d0069bebe18affe91606bd6,29.0
e8094cb2a242669ede8f9084dbcba0e8,29.0
8ee754be82092030235d71ae5c945ace,29.0
641225fde4de7cca971a1d59354adfe5,29.0
94315550b5efd479fdb0ab8fd36e8f73,29.0
92b93355d2f02a8f871ea3b01fea701b,29.0
c4ac551ad523e6a4b6b0a5a6babd312c,29.0
88c7ed43b844a8645bad673db2d98774,29.0
a5d6b2f5be2eca026d50b24773ef1113,29.0
7469e9b3dec857980ab4592b5bedeb78,29.0
b80e22125311f4027c9e8d27f0ff9c26,29.0
da3a3394fe2d2e66e03a362996c4207d,29.0
4107c63786c93fe20a10b7072de5c14e,29.0
9f7d520a76f847b1df92a69ce795f3a5,29.0
2b90890b2113b49b09d4db68083c123e,29.0
ac394e6868ddee8083cb8f8eafa69f19,29.0
e92e2b7d6b397c76ae6dbbc5b351e9cf,29.0
b712314e68a48b96b83d96ada0c91173,29.0
a1b1a9ff13df8a206377a149ceb54924,29.0
a4844df7aea664c484381063cc7c5a05,29.0
72edfc5b298d1829b93d7be9b251128f,29.0
1226271a46eb0334b4392f591183ba3a,29.0
4294e414ae0b067f21f15901eb54ece6,29.0
bcae9ddbea097677bef7b6857d0afb1a,29.0
c2f9727e28c5a4b924388415883459fa,29.0
0f861f51e8b8cad6206f2942881bbb56,29.0
3f0c48f253e225011b3618be8e43ec50,29.0
749cd3ddb1d89cb71726ab0bee1013fb,29.0
0c5324c087cd266c3d99b0f1849bb8ef,29.0
d34fc5073a7c0a01cefde2d790236131,29.0
b7b94ef92d6a86934e2a60a6b8fb8f3d,29.0
7b27454c9ffda675b16639328cd0fd89,29.0
683765c80b88aa6bb93ebaac62948441,29.0
4730251e8934a542a009d77dfd027375,29.0
a80b53f8e764ce78e5e408606289d632,29.0
986f579e98bbb0ae992a7263a1196d46,29.0
b9e638a669b54b921ff08dc261cc173c,29.0
b8b9976c697fc55f094b7ccf924c602b,29.0
0dd0ff681614cf678c6b69ceb6821c27,29.0
f7d7d5f594784d2844469aefcc6d53ff,29.0
66674f3dea78d929780de200271d1536,29.0
bf9b405380881bef94f5909857a47eb0,29.0
4b83b1454b3f9c1882dd891f1ac1faaa,29.0
daa3f06ac09105d630aa53e639b385ca,29.0
ae8269d850cd3a3d06a56877c450b3f8,29.0
e3d8082f86e27f65df3458aad1284e2a,29.0
b80b77aff9dc4c13a0b759c556742878,29.0
ebcf50ec311622a9b17a720a655a489b,29.0
a01d75e34d60b742278e85774f0fd80e,29.0
52b70e1407555bb7531ae05aa2c4ccbe,29.0
7c35eea9239c528dc292c23b2169ef47,29.0
b216f3b6b774bc74b8d6977e73978582,29.0
940c14f5ac010931aa658e14bb9c6cbb,29.0
64a11246814d265d2b9fbe7011f72a77,29.0
de7e03a771b55aac3a9a2467e2e93be3,29.0
1358c61e82221ecc4d165d21123eb23d,29.0
bbab0e16e150f2c43a5250b0e586f839,29.0
f1c5f4863531050ba9cb6fbad56f9929,29.0
e92d980e4cbfdb9a27de31742fc2e3c0,29.0
ae90fb51bbb3bc7230dae1122a4e1e24,29.0
12b09dad62b3e16feb7e8612dc27a709,29.0
6af446fb42dc07b3b2acd42c6a135c9e,29.0
9035b9048ae02fc3b54e4f46e0cb9628,29.0
58993c1b0cf20b93cd56ce5ca278381e,29.0
9ed9fc5345920a68a9d9f08fb58e61bc,29.0
8e8d2a893f9513f17593b10a4236ef90,29.0
e14ce3c6c6d5337363712edf760f3a4a,29.0
38e5ed132f3e8ecb5fe019cf7d89b720,29.0
fabf206541756ff848d31278960701ac,29.0
04d53bddbbc6c607957ee304fbbf2a20,29.0
b53c5c797073ad259f5b41027d9ba925,29.0
ded400422478045ec5a02071abaae1c1,29.0
6dd4553c52cf9090e0a4aac9df75c66f,29.0
61beb5a6098a8ccbc7c824d315318ec3,29.0
21b0f669f2a38c34edc678dd70605a4a,29.0
b0a711da35a8e9d8687670f2b015100c,29.0
822f09a9859163e0f042c9fb35a02b19,29.0
01d444480a8e7ed180b6c5cb5993a273,29.0
fb2789665d5069bf4927ac9794065e3d,29.0
3f093776a4d97894c51992db9ffb1257,29.0
fd19babfab0462f47c7f06d599258b11,29.0
d2c7eb8aba1fb89604f9cbf208b3db30,29.0
7317f41f2cf650174af819cdb68284f0,29.0
d8387dc05dc3ef66f65a2a2577d5f87d,29.0
e8e5e7bed9f414da8aa06cb2a95fe59d,29.0
fdbc3573fba732fb20957598f0aef304,29.0
2a49861a1d5d394bcfab48c9a2edf700,29.0
d387f932b91dbe6ac83a90dec1147081,29.0
cc4e0751b586a663c96b8d72bfa34a22,29.0
57753ca70682fa16e7780c6f0189d105,29.0
13598fd026d245d7290768341b10cd0e,29.0
f3223fd3b2517fa73ebb06dd5f1b0e99,29.0
d23e3624d75a5bde49758e281e470174,29.0
6dcf67b90ecd61b5155d20ae6d2ecac0,29.0
a477a78d1d66bf544b48734476a03516,29.0
dcca84c6ee50ed26d11e22d233149d20,29.0
0f0c9ca4e6328bcf59b283d3c02d6568,29.0
7ecc321c63fd550c376cf32e222e0dd1,29.0
e23b657df455a7833ebe73d997216d93,29.0
0e9db6eca93852aad191f1c5ffd52683,29.0
bab6906c7c63a27077966732873c1664,29.0
fefc4ea930468dbc9d29fcf06df52bef,29.0
083e90e0576402957154264852d4b8ca,29.0
9ad2ff61802821ec369d655bc8482e00,29.0
35f09e03979308b23060cf03c2006373,29.0
4ee4f7acadaf22f8026a077bd1220bfe,29.0
5fef5cebc61defff53af91f665b3913d,29.0
6d7f7138d2c8c74549dd30dc4e2d56e6,29.0
705d1f079872bb68d52f0a9968caae65,29.0
2b58e015093f2ab36341fb456df8ca19,29.0
1588e8e4bfd54dfc5ee6acf782e19076,29.0
03867c61ac5eae960b168b74ee252100,29.0
eab5e0e258310f3454b56e95368ad183,29.0
dea7729c9566d17d0f701f1a4c5aa145,29.0
adc120dd742716cec2263b7ab309484d,29.0
d26e457780ad52f84e0125b43814c02e,29.0
766d92701a07c57f2b57f01fe97c4405,29.0
785cf1911a25ae32110c5f7d98c4a7b9,29.0
07ea600bb145c172bb93190abb2081b9,29.0
70a8cfb1730fd53e5c15f2a62e1e5448,29.0
6a8e065530245694f01cc0f62044b134,29.0
952314d81832bec79f508e87223d4fc8,29.0
4715f5eabb431d9e101203cd67633490,29.0
b33813781b50fd5c62372e61ed8ee618,29.0
7d6ebf7407b23a718bfd5b4e3833d428,29.0
d4de81de6b255769e95b62a6f80eca2b,29.0
0bee63015f7900ba02c9b290aa59686b,29.0
c91289ce43149a8ea5560d446f1d1dd2,29.0
f0c4303cda50a26c785fb217713ebd0b,29.0
6faf168195ded35ec08a4de7b72d0953,29.0
7e0e3e3989a7525cb4b69a1fb26b3215,29.0
ca46a32ce810307efa830b6ae9bf947f,29.0
fd8c144dea02b4cad9e6e94e1455bdc6,29.0
a25efea1e7000292dffe878497337430,29.0
d176cd60e1e709ca8eb7399c9d82ae67,29.0
9c000f06cc81959dd51932649049b358,29.0
bb0fa453b48c8f4c9a4b461f14123095,29.0
2aeb7894f14cac66e515569a9f6eb356,29.0
c1db54e715e7995eff3fc96422c8e71e,29.0
532721e38f0c0a589beaf74dca169cd1,29.0
908a17859ff430ff83afea6380f4b635,29.0
08d0e76c56b69ca0609304af98889707,29.0
c15928f7d673b005bb6e2363995f822b,29.0
3de66df13ed430902d7e393832a5b25e,29.0
4954f22f577505c7efaa1117e9c014f4,29.0
18f7594049cb0b4de38635d069607966,29.0
b3599df63349cf8003d59661bc0f6a75,29.0
98b50f67673f8ca597407241c37b8d1f,29.0
0fb114a0daa717bfb16a4155b898461b,29.0
15cd6d28330a079fcdcd23372d2930c6,29.0
49595e928b7aaa0e986f36f8f4bdf609,29.0
0d18892f140925a15969429d0849f3ed,29.0
f72b2f8d9295ef93fd40a4c49f67a42b,29.0
780f26029159cde86df8874981417738,29.0
5f9642eb58e82c00f37d9a8dc5d8a364,29.0
b6af5bbd4465cddb6f8d3825a4d323e5,29.0
7999253f86e8bc72609944e1559375e2,29.0
4358412d9f188946dff16379af43b066,29.0
b92268b0950d4673dcc0b8e1fd1ae17d,29.0
c7b204f3ef56183108dce3b69f5a964b,29.0
dfb27a0b09b7c683f49366048c42f62e,29.0
c9ae21709ebe8586e4b45a780eb6f25b,29.0
016e3f83ffd18b9394a289a5897ba461,29.0
3c259bab3180c1adb45784a07b42c1ee,29.0
bbc078fbe2bb34f9a55897b99fd5c55a,29.0
4e34fbf90d1ee5a1c45a85287186b7bc,29.0
3ca8385f8695fd2221526ac8e5296900,29.0
28a8d09f82de529e674494be659d4c86,29.0
6f8512c9dfb483de55e1aa1312f007f4,29.0
b70f7403a4a948591a710e973feaad27,29.0
6640da9a0b84cb913692c909108f2dfe,29.0
08de2bfdaeaa2ab216ba4a874bf9a4c0,29.0
5867de51a21c57d3b31f121bb9e1cd6f,29.0
746ff2815fdfb80b91a40ff562c7ad96,29.0
9dd3d654d1cc127f5b0689812509ebbd,29.0
6fd2c51b3eaa23c3ced2674b452e228c,29.0
4f8b41c1ab41295462898e09edea3b4d,28.99
be62128c093d561e260b8f00da89fa14,28.99
5107d2b396b0320acafcfb6135459021,28.99
eae5b6c83b7858a75b5b7c83d673a4cc,28.99
dcc28aa0d26b98f8c3d4d1e338fb05ac,28.99
bf6ab97b9a06cf8c55ee88fbc7ce1782,28.99
27b49a9142cc222f60f0fcea490663ce,28.99
a0d38bf433ba23da2f77930d36f9c4b4,28.99
77c56cf8646cc6b1911f5a3108e8d468,28.99
e2431d4ec21d4a66b411af4e65c4cb1b,28.99
965e13165860fea377c1b5758f12e7e0,28.99
6745f0b95b60ead308db72ce7fff278c,28.99
0c94eecde2258c132a639159d8671cc2,28.99
9dacbeb9f84e684a8dce0f08765b6956,28.99
5891a669860ff528415efe6678c95f53,28.99
0bf35cac6cc7327065da879e2d90fae8,28.99
2df681bb140fe96d57130d89ab9b0c52,28.99
7035a6e06aed7827072e65d6400605e5,28.99
9a8b64d850b1680dc488d691a04e1448,28.99
9d2b23ea4db320cc61d79113c8062f0f,28.99
b110f265a26913195d6915ca99f96262,28.99
e2ed480f78062552abbe7d7ce1fd9dcf,28.99
198d060a5ca015d1ebe9cc54c305b22f,28.99
8e3564ee2cad977c82e283237ac1ada5,28.99
236bb83b33c437ad931a944fe9f8c659,28.99
682449c788b11d4c5ef647150e828bac,28.99
87ee77b8ae3545576881cd6327ba641a,28.99
7d986867cfcd083f25ad4f692bd2df06,28.99
c0648371bbdd68b4b0b337d8f88885b4,28.99
9eecb0e524388f6bab5f8dab088a930e,28.99
00a16acd591b4bb112f2e94c7d2f9936,28.99
f35cbd980d07fb0425ade64df5ac1cff,28.99
7b4ed170927898dcffff911ace8c5d76,28.99
255f6fe0da9d281431dd4fcce29b46ec,28.99
3e8ebf448d13904855775c75023cccc8,28.99
ca898bf803d2d06b704b13501524801a,28.99
67f15431bdbe78ead5de2c265f2c0a5c,28.99
c361ab47aacd071d569f44721509c42d,28.99
9da6601cf51fd84303b5696b59825d4f,28.99
e0e2f8203a600f8cfe34a5e04dc36e9f,28.99
522c3a8c4d02c681868f03397696a046,28.99
e3249491f80e1cdd4afbaf3bcc428862,28.99
fd5e7c97c97973f64260f2ff182a1f46,28.99
a6fc0381aeb367470f89e0fce611d4f7,28.99
c641e645c883a6ad6f0c0b8f5a5d91b6,28.99
b22b06c2482bbf14c1c20f69e28a8a62,28.99
1ff9a62ca666573312fece78919c5668,28.99
ff71a919b8cf5e0dbd3a669249448790,28.99
e1f0628e6af27a0bc119d2e597c619bb,28.99
3206ec7df91c5f6fd8ac8b483384b708,28.99
0d2566797e71fc574d9d997f29242936,28.99
36cee34dc9a7b76544d0f8c2ce2b54f1,28.99
8e623a3831e728f2d0422d32ef104950,28.99
04e21ae2a1e759be1d67a5b71ec38e84,28.99
cc79391162e718a3d1783b37820aea9e,28.99
e8475ac6fc6c019a6bd0f861a852d153,28.99
77d32b8bff18dd1b1db49c6a11fe658c,28.99
8430f7e352ca68176149c17ddcbdad1b,28.99
039e247f51f48db99559485f01600562,28.99
1877701b0eda5b68e5b32ccc8aa04cef,28.99
3a5c33915bd8a049355d05d61e6c4650,28.99
fa4616bdd46797a26d41f1189ffde2d1,28.99
607157d84f812059eef282a0468bef85,28.99
2bc5b5116b73fb1302b1d6f0d7d58172,28.99
f7cdd5d18b0ff601406d1da826e6f395,28.99
453bee8ff535a6fef4a5fdc347d851f5,28.99
f59a170a57d7888bb0757b74e7dc53d3,28.99
1eb164a16341e7ad1079d1679d22c3d5,28.99
7f808ce649c66a61c4a2ef4a19c2e86d,28.99
0571f7b90c34aa2014e05f5742761b6e,28.99
ed76cdbb0c0ff741552f5ec16de70723,28.99
fc856ce2a07c49a22a5259d3b46e6a1d,28.99
b5aba2a45ddad46456430db8fa088cae,28.99
7590c5e72f02a94f0092598c1211e1e0,28.99
eb7b6d66f9d08514886711ed0c152ff7,28.99
11f86849fabf1a209367df3dc957d670,28.99
9f8fe5fc454a0b34d309a057800ee44a,28.99
2f3e2d8073267f019f4b470612a159ac,28.99
e046261f5d5fc79effc2c2ab67f4e015,28.99
563b025cf608c075c839476181971894,28.99
c8fe2eb13122d7b9ca5246379c7e9e34,28.99
2cb2704db6efbaeb4469715793fa0f97,28.99
88b0bac2d79ffc97560b013de0f97f4e,28.99
bce6ef9a2c74960345850bfae20ba406,28.99
955719867f907f671d614150a5436c10,28.99
f74697fa556a9bd9a5791b85607f8bb0,28.99
a51b2e9f1088010982a0bcf451a4de6d,28.99
90162d136020a80dcb381eb7a112f574,28.99
a464b0eca19ee9d50c583227d90941dc,28.99
16d9cb890555d7e601cde2f42fb31ede,28.99
2383b6a9c8a50ad014066d7fe735eecd,28.99
49d0ea0986edde72da777f15456a0ee0,28.99
6b37f9d1ea0b71a0397528953c39dd4b,28.99
4b2a794a0d8a638b2d23ae0335f4eac6,28.99
e9e12d4592b02a8a325b7f4d429a38d9,28.99
bbac29c51bb48d544ffaa7485344f42b,28.99
b28d2c12d71823fd72befb7139c1efc4,28.99
a0b4c2bc4ad1865c4943b8bdbee449af,28.99
da14d636fdbf0cf7f7c9da5967eb7f0f,28.99
955e5e01b663821b073ce24543a5c50d,28.99
21541c3afc8571eea3457e009fe50782,28.99
ef4a0203cea8e5543322ef59fe946532,28.99
99678034fbeacc560b33978f398e559a,28.99
d98bc47c9f6bd1744959109c8e37fd88,28.99
b1ad840cc03178a1e66c111896c9db65,28.99
f526bb86f9f476414d20f3def075c794,28.99
6b1e761a745eb03341d8158e9e9cd3d7,28.99
c2c88a6115ea7dc0c0593ce74e909056,28.99
365fade8f6d6113cafba55e06ab251ab,28.99
735007c3338c8aa5520bb513b4166921,28.99
3f6ae99881c82dfb4cfbb0f95e17d157,28.99
4b82c85215dcc754dfada1802ae27a73,28.99
7d9e3a7dceb52c6d24be927cedba83de,28.99
a148e2b4c1e1cb2caa7a4ac90df90d23,28.98
dd715553c3f98a39626ca2e3686fe32c,28.98
02f5837ff2d19277d066df76e27a8cca,28.98
ec504939e5affa24c1a5e9be32c5e22e,28.98
fbca44d292b404722eb3eaa33e364a65,28.98
7fb62e47282b83f023cf1fef8d8309c9,28.96
fd14516347b4ee22f391dace093d2edb,28.95
dedd827adf6ec2687e653e0ba1348f6c,28.95
4912bf74d43553dd6c527ebeb054b79e,28.9
35f335e770081fe4f2df0a8e7e7a2888,28.9
35f68adc8ec170ab999117525306afc9,28.9
2e3b075b8bee34a7ac439e96b9201c3f,28.9
08883c45fc07e8e4a16ebe31915fb463,28.9
38da30c823492d655d0779e26e6d477e,28.9
02dfd8931ac72171c45b5c8522cf4082,28.9
11203af87403c05e0ec037c5500f35cc,28.9
eea52f4fb81d1791fc85421c0cd3131c,28.9
5a27c4b3d09df0195d99628b576c621f,28.9
d6ac765eb88dac1e9afcc6fae60c5e1d,28.9
1a709e5cee4949834d57464dd9c13d22,28.9
f41285f949fc7f25a0845316f92bb7f2,28.9
eaff05733a47fe7dbd0a808b4cde8238,28.9
27b748850fafeabfd7f089e4969744b2,28.9
ce7664b8e10ebe083da81001e5f76975,28.9
df8f16eb33e87d3426aefccf7e3c4ecf,28.9
1c64ce89a662d3e87adc8a061aa06eae,28.9
3c6aa574da9394f71e671be146e0ad79,28.9
4966fc93776ba402263f53b2f41c7c4d,28.9
f1014868705620b875d3956e154ac5b1,28.9
56db056a50c2c0e00ecb1a9f15d92ce0,28.9
5323a8b4980e72ece631b3f3e77642a5,28.9
2f008bc4e4cb2b5e4aaafbe427468c07,28.9
b73637e17d005f20625a65ed691f90b3,28.9
dbb2d80e2dc498f05127173933a375fc,28.9
d2cb39d47ea1d44d4fdcd3f16801a9c8,28.9
48beca9a75c059cd8e3cbd6a65a486c2,28.9
d4831a1ca791c88935d707b41f5282c7,28.9
517d569f1a365b5620355d01b29eee71,28.9
d5a0cca1a4e08547dd85109584b1a8be,28.9
2f089e76215bcec0d0b4df58dd10230a,28.9
3904ae5c54ba03760cdce20cf5f6b9f5,28.9
f4319f9a1f97954c82f227d43d7e7642,28.9
b1f9668ff685337055df4dc21582320d,28.9
fdf542a9656a9ce9cb0bb1a30a56f1e3,28.9
54b25e37167d27e20dfd4dddfbf49faf,28.9
27464fbd955e5b0bad2c0eaa46cd2f4b,28.9
be2e3eed1024642d2ed3d69cdd80959e,28.9
94ae739e955e77518c3ca587d09accf0,28.9
a66784ff4cb97a61c0919258fb16dba4,28.9
0dd5a932b1e29daa12845dbf696cbb54,28.9
4d618e49068e52a970c326bf2969bf78,28.9
04990c725a166f618ef30e8ae48cdd51,28.9
a36cf1455b895227d63f128aeb3d45af,28.9
ff979d3f952328374b41b7b6b52a56f1,28.9
af94e18dec6b6045d116bdfb9244a578,28.9
4d39f6e899ec7f2728b7493b8fabc2bf,28.9
2219093050ca810c4027771b505f15fd,28.9
64f98c1c7790dd7c9a7dd4b90a30b76b,28.9
c0f02ecfffdc1aecb08f977c057e35f2,28.9
94c28cf6bbeb2f3ff67300b1d2dc0139,28.9
cfda6c7c7457c9dac3dc1f132ff5587c,28.9
5ac0a0fa20bc154ac58f78f00cc30c57,28.9
001f35d9f262c558fd065346fbf5801d,28.9
4573cafdc710733ba3ac33f2293667ad,28.9
9a2fc37cbb653ab398e40a4def78149e,28.9
b0213548b35c4f02bc3770b0fb4469e3,28.9
66ea6e407cd72fa258a48793823a976a,28.9
50fd5707c28d0a64dc20d67f937dd9ba,28.9
bf766ad0f00b31ea37a0cd27a0e2b64e,28.9
98f5451f9c5690c1fc201064fcb92c46,28.9
45da3381d789cc981c6a48e0212c2913,28.9
cd3dced2dc9404b32b5286672f63f5e8,28.9
e4d96528111f82e5722146c2cc482105,28.9
67f66b930ac10b87ed830918f36a4804,28.9
173ea7007d1ac1d879e97fca6ef9312b,28.9
e2ee6c95afa33fb8a44f3539e9eb5ebe,28.9
df9a2607789c5c8bb1bd023abb87107f,28.9
0d3f40d529b79a9caaa29f2c9dc08ede,28.9
87f89eaa5b5eb1fb894ebf0c3ba5fa44,28.9
bfddea478823f3128b7a3bd9253988e7,28.9
b5ffa13f42674c88aebb3a0d9bc77c02,28.9
46416291de65eb2dd91cda1ca214cc5e,28.9
b8cd636f6513382dd886029c3e51c412,28.9
8a0d726f209fe6181dfe3d5a64d75450,28.9
4aaeb02c63e7a4993045fa2c4202d31b,28.9
5686584ec1eb1801ea003fd86cdb5003,28.9
430bbd24755cc4be5a426827ce2f7e4b,28.9
00155f0530cc7b2bf73cc3f81cb01c52,28.9
42bdd174ffe332aeaf52cf9b556f8591,28.9
0306f447354ba6e1012ce4350cb1d8da,28.9
c985da49b4fd8417a7862fe111a70de3,28.9
40da7436fa784c91abb13730ee83d8cc,28.9
6dda88ac325b7971cac6e83a5940d0ad,28.9
c8e83cefa49633dd155e77b07f46896a,28.9
c499f24d5aca03c90fa6ee05d32d0988,28.9
4068269eb194e5957c5b2abce6939ee4,28.9
2602c389a85fd89b069f888e910bce3a,28.9
15963a62cb3a9bcf6fc25d700bc8a8d4,28.9
d6dd34d1abed87b66c1d574e88f17828,28.9
756144852652bb51b6e54dc4c441e2bd,28.9
08e9e9af9d6d0393d4f6b8c331adc6e7,28.9
8a6fc2f3ec46301a9bafbbf99b013157,28.9
c03a0f96387198c66916e4ff2922e57a,28.9
a1674724305cdde2e900f8f50583f764,28.9
9d0de91dce95d8fa5c802759b2a6b871,28.9
83c18022e9410bf06c04af875c73d934,28.9
9d10d27958e5a9938473467e9ab1c4c5,28.9
6b9c6a63939e89c62a3f22a12cc4d59f,28.9
0e222df71329466b86b2351431a67fe0,28.9
450440af27c0b24d19ddbebfc165c442,28.9
8c9b66f5ac9e06f0893c865fdae396be,28.9
40f3a8d02b47a0705c03269ffc9a76dd,28.9
ba0521336f7c439f03c46e2d99001345,28.9
89d340cae0f026247da19f8973eeb46d,28.9
ee640e45dcb504c4ca19aa33aaa27495,28.9
5fdd49edb09becac48278186f305ccc0,28.9
c21afced8495ad11eae409dca73ce140,28.9
a77d3ffac9ab3752eea01fdc7a165a1d,28.9
2128ddf650e5c73783c60d3478810402,28.9
c2d63d487b4bab1ca8ab9134e0058a8d,28.9
5a4ac121c307de49a8e97ff580be6fba,28.9
2394d012a2494af9af1071537d9b3278,28.9
26480f610ed26b28b18d2dbc0e0f3efb,28.9
f8578672384385a1888677c3bac69dfc,28.9
167524bd5f4974df32a4917d03574398,28.9
1b2455a757e2ea03d68d30b3f3fcc12d,28.9
93ee2b575a917c96aaa790b6ba7ca879,28.9
157c08487d75e7d5d5dc3646d4ce05e5,28.9
351ba257ff8f46b84420f830e5bcedd0,28.9
332153cb7b2d1057579a81e9cf77c5f5,28.9
1bff589b962ff48e1344ca69205bdbf6,28.9
00eb46a6c173fdad0c058d8650deefd9,28.9
e7e7b771a96874f3f7fcc9398e263bba,28.9
036de6bf856003f529c1fcd01ad2a357,28.9
27d900ed012d6b80d521f68831de71c4,28.9
da874d805c9bee954668d8a5da986933,28.9
2fd13cd85c048b36160155dd6ef1aba9,28.9
e21140b243e65c32bc3d57f01ee1b30c,28.9
bb361bac285a47a4b5eb3b3310fd0835,28.9
4d999316ef6d2f71cc637a8ca00bfef8,28.9
867373f3bc57c4e4b2325fd2cd0eff02,28.9
fd771c26c5bca0eda082ae1290993194,28.9
8694084141a646f2e8c98808cb3ef847,28.9
bfdc41ae95fd0559aaa3ceb47770735c,28.9
f931c8fa3b77e237d987ed836394804d,28.9
8c5b2197015c09449bd9af3db8405e9c,28.9
7c21bd5b2cbccfd0cb432b73153afb1f,28.9
a9eac7ee0a9931e4d6bb879aa80a60c8,28.9
5c99d451690cfa7e46e01cd86efcc265,28.9
01866d949d55c81c28d255114948b72b,28.9
e0f3079d7a5f0cf9284ff3476dd2672d,28.9
1de30f750d52014cba4852ebfff5902b,28.9
2748c83dba9c7f53304269436ea3fc8e,28.9
4a7efd81b4b3dce1ec5523c7b0f5730d,28.9
d6f16c7fb51cddc895ca6ad365664bee,28.9
5d9bc2aa134dd8adae770399d88f42c4,28.9
14b2a904e8bcb72a2bbdbcf5b8e54978,28.9
d44c356f894fa28cffe33c455abb72ba,28.9
7035fb71c29a1d4d4ea49ad94e5969eb,28.9
a7cfe529b92621417a30967e7e4d5c3a,28.9
3a880b7d17a31a9db4c65931f8a7674c,28.9
dfeeff17eede15ddd241f1b3071a541c,28.9
fba1b16ea69f821d782b597f71ce2fc3,28.9
bdae894741bd43f6aafbf5274e4369ea,28.9
0ad37f50dbe78d9c1292f4ab3217dea5,28.9
a605ae8d6b71bf7fe80607d548e99956,28.9
153f9ed55da08a668c70699abfb30404,28.9
e10091d3ac4f6561790d8cd39487d28e,28.9
7543ff80325e1ca05504561b28bb8ac0,28.9
9fca88a9940dd40e6cd7bcb5f2e48996,28.9
42e6246ef081bd717d7bcb5ef7591a67,28.9
8dcf961ffcf501826028639b9ef25358,28.9
3096efc811862c3afd73dc18e693a1ef,28.9
3ad9579dc1a48a1f7cbf8c4ff7205202,28.9
1157f1b869ab1f5edbbdfaec8169a3f3,28.9
021e3ddcc0581de5bf087b1d87e4b136,28.9
dca4146c656edd385afbab8f8e1462b1,28.9
a1a5674fd174758b3354917989a031e6,28.9
1bcc6431fd96901eaa998ac18b687ef2,28.9
f53047edac47a0bc04d84fb773292701,28.9
adb07b9e00ba6e36eaa6972dcce7f0d0,28.9
8357f83328ee3f5e579988844539522d,28.9
3ee7951cbdbf56ac257be470c8baa4fa,28.9
9dcae53ab538f590632153ae2554b1bc,28.9
8880c936aea2e82a4b0ecda6f684b610,28.9
6fb5ebfa196681dda53a2c27199a995e,28.9
1daae5de6467ac2cb6cb6707025b2b40,28.9
af17b6675899e3cbae027434a80dd3a0,28.9
76840b8dc90860dadc2888c03309569e,28.9
1689035e6f367ae9398fa8ba436b9885,28.9
4ce1ca1eff53aaba56568f8dd4465f56,28.9
d78b8b875530da5becdcfbdcbf78293b,28.9
4948d9d11ebcd4d241a0b291c15d5779,28.9
c64f3bffb890c1e1d87c3ea5756a3df2,28.9
9d19adf5da1a281e0762fbbaba463eca,28.9
c05c34b1afc0457b51c2eec69cc08eff,28.89
621bd139a00b6dc7d6d68635e3b558f4,28.89
a7086654d09a3fadfc0ed962acba11d6,28.89
63aa5b96f7dafc4bb3b80ee18c32b7f9,28.82
3f0ea2f859e89614d988f285da85e2c3,28.82
45b660ceff4b3fb644ed71cec139a81b,28.8
7be16f4343bb4890564d03bdb43fbbe8,28.8
2b548da1c2d11b747a9f8f0f819d291b,28.8
5af035a6f32c72b48b15d727238e9175,28.8
d4c14a8ec8e7357070cc2bf098be44ba,28.8
d88417bc3b9707f2220383d7020ec888,28.8
4622254cdb12f6f815e6a8461ae9ddea,28.8
18391e6f0c771e4f2cc815e155e61d53,28.8
a09467d10848ae399caa6f3fb072c6cd,28.8
36ae33f8b0c9cd10fbb63163756e7714,28.8
e924482b6903522795771e672721f5d2,28.8
73b4e854ef8cd9b58571a4cc547c72b3,28.8
a68598296c25b9f8fa76e2c23ad978cf,28.8
033854c6af774f85df06de2c9399589d,28.8
b24c6a66c9cd51bcfa3054b8283b4377,28.8
17bf46f1da4feb965bb6ece7dd8bd95c,28.8
cd2f035e9ccd56e316021d9add4fffb7,28.8
dc2aba65bed3f2645724f08112d296e1,28.8
3d6c9156fb11bd1b6951e23dfb0485ef,28.79
e5f9d792aee28c3e58bef63830800b1a,28.78
d10615d1c73d6b427e93a513eb24228b,28.75
307085eda6b09cd096ee22c13a9f7ca4,28.72
906e9dacc899d7bedf34e9e357eb029d,28.7
21f1477f3d02e7fd1ba28dc6c596dc17,28.7
0bf412996fac82fa938b0bead2cf9489,28.7
40d1dfe01516c265dab24f5fe7124e5c,28.7
3f8aed31c455b3ca8e1fcf3b541eaaf6,28.7
f70e2487eb11214e14b72c1c6d340eee,28.7
a05e5d67bec8b16eb0a745e78554c71f,28.7
a935ffdd253b64c93207ca2419e6f95f,28.7
92946d555e8b2d865a52a4a1943aa865,28.7
aa7952d8d899ac673b521d68423423fc,28.7
8846f3bf9edb9b9abd019336b3b8d3a7,28.7
acec71328aabad9f4cc3476d052e7e05,28.7
130a5fc65a67e5314a71252a4a8b1e35,28.7
bfa7a7375c91a861014ebaea0702bb18,28.69
ab7f0b578ff16926fdab208ad2afaadb,28.69
e6f88851e7844250dbd8acfcd3346360,28.69
ee8a924a530d3ed514d505a0d7324a4c,28.69
890d848bc09129ea434222a7e2691708,28.68
4f11e0c0c7d456f4e5bf43b4189927e7,28.62
e02fa39e3e692cfc33116a230ee55e11,28.62
74f84652fb83fc62d4428d8800ac4d4c,28.58
a9d55da2151a33741cee50d084e410e0,28.56
3b6dc76e9598654bd9fc7a898ed4813c,28.56
84ff6882397b2bfccaca1644c4c9f37d,28.55
b629e16459b744364da70da3e72f761b,28.5
e5fe2d9ea5954c5744411fdf67ae5891,28.5
dc2af5b6f7842c9be125f7ea05fd2a72,28.5
f0c32313efb0b7ffa0cffb57e0d947f9,28.5
3873a650e0e0e77d40b293ad9ad03929,28.5
aa6bbe83912aa4d9762752cf237ac30e,28.5
963ffbb3cdca13d6287de7a537cbe775,28.5
f1872d2ed7ebef7c73c48d768f6f67f6,28.5
e304599e7f4fa5cf0656a59352d11e59,28.5
fcb99b368b1a2403b7219f4c8d48d60b,28.5
0855edaada8d5aeef50b56f26e604932,28.5
1f479b1d550f8519d3f950fffa557af9,28.5
8308d885fcafa1e2ca6798101a8d4af5,28.5
680e474bcf01429746b374d2166f3b7b,28.5
1170a75d754e142998178bf65a646fdf,28.5
76964a619f0023a78ae3d35c5a5f5a6a,28.5
a2efb37fbb4d500fa86997d70eb49938,28.49
b7d75a382d48af7918464a319d6b5587,28.49
63c5c73adbdf452c65a824bba452d037,28.49
f864bce0fe28292472d76696b4c4639d,28.49
dceda171b3a9fcb7eef3e274f6f2ac94,28.49
cf7d20e60394e903ad75612446634110,28.49
8b83f6679552f1a62adbe84e0c68bfbb,28.49
fbbcbf69d389968006ffc93f6e2f9e93,28.49
bf3b87e64c9e80c8c5782d1dcd709ba7,28.49
d05a2fc75287e80ba6aa6c9958d2abb2,28.49
bf0137022b7c9762faa60605c5553a65,28.49
617be02bd0adff180b9ed11ed7668a72,28.49
2eb0e0eaa388db62d3a6121ceaef31ba,28.49
13b417898111b3c211f0646cf5d59d6f,28.49
74c39eda7e8265336e999388c86236ab,28.49
a57eb930af5fed1e5d05a2f9e836c246,28.49
5f750fcde3b475b60c61b731cd78dba6,28.49
9241bfb421181890a101d73b8c6b95f4,28.49
74ce9641693a46dd268a245ba61c9864,28.49
d64985521d50ff3ec759bada00b15ccd,28.49
fbb95d9cb6b53d485fbc9872bb051068,28.49
63cd1122ae489072bf42ea93422985b4,28.45
ee70ec5cb7972645152f727f099be202,28.45
8c97b7aa1fa85853a873119a113b7f46,28.4
d35a891df4b2a8cca3a334a3435ecaa5,28.39
acaaece174d16f34c228f574951d3d36,28.38
19a2ee3d69f67e18f7b27cb6ef3547c0,28.38
2308ee1f4681e93de3a682e4411ee5d2,28.38
569b4778ddf7f548a05ff42993bea50b,28.38
069a425b9e8a1f9e8d508eff8d7c3925,28.38
aa07afb08389cfb0feeaeb2f521b9f7d,28.33
cc8ba8550092fa3b4806cdb82e4892ba,28.3
eee54012f3ee01c587f3c2ba276b8094,28.3
c52e38620240ce2fe6550e41f64fcdf4,28.3
748e48c353e795b7303618bf785991bb,28.28
37b8bf00dc7973d1bdc58fdbfeaee55e,28.28
4a2a55eb047e3c1aa195fb12627d11cc,28.28
9f4d56b7ac45461cb350b204ab9347e1,28.18
ad5e33166ef8e090f857ea53dc70bb18,28.18
8af9ffddbad0cbb359c2c71f48994371,28.17
a5d44c20e5806d996ebf9032f9c9d123,28.14
98fac5b1b0a7bf94429c38d93a8c88c0,28.14
76b2d3449b756c2e84a83128f038c116,28.14
764ea6d350e3a53ed8414968a6597cc3,28.13
2dae2913aa62719cae8a623eb8cf2f25,28.12
8ac977b83cae48a1d1216f13b06aaa2c,28.05
9cb64d5848fb5911adb3b50bacb0b051,28.0
fa9bad1e16c46aacf561f2240fd0109c,28.0
557ca53d56e4cd7f3ac2ba132c7540f1,28.0
0107c38d1ad737e7508cc65067b25d10,28.0
df015cc56f529c0969b94f5985b0a970,28.0
4bdb5509c4bad8d311e2fcc23381f516,28.0
b6b1352555fba05956cb1dda2c0ff3ef,28.0
759f6ec7aceb6e99b2b8392b6969acf4,28.0
d4788cd29b824400650133d63034df02,28.0
244376f13256b36cf1366004c694a329,28.0
c2a0417ba5a44c1b83e9c761e3550a2c,28.0
3052550ac063656f49a00f2f6a177a4e,28.0
5dd5fa8e1c712807e4783c7ee49ef115,28.0
7807e273d1323e27710c8887ecdd3540,28.0
a411c6e73040ee030a1a108fb226ae96,28.0
adedcf3136a3eef7b9c2a65d778c72c2,28.0
ad16e4d1da8efe9f51626cc703441dab,28.0
5bcda612f570bbb270b49d701f062be2,28.0
1143cb42a9d88baaa837658e0892f364,28.0
4bb49ea252f313410f78be74bc1e33eb,28.0
67a860399b30091c0fc2c0287d5a0dec,28.0
3a47ca8bb175dce4dae1b9b94350ce84,28.0
e7214f2cd8744c2d6d53e74e226ad9de,28.0
920ec9381aa6721f9e3928edcd0f9ff1,28.0
35cf1d9948d4dedcf1be0461d72a35e7,28.0
3b5595f4f91fa8f27d5d3a7ff2dd0831,28.0
1844f5a128ee9d7f886d7e9ff832f96c,28.0
c402d113a3e2da03996cf89a164cf007,28.0
681d6df6cd2fb282101e845100ff20f0,28.0
754af71a315386565b9d6c667afb2cf6,28.0
5b4c2181dd880f50dd49e8bf14fdb26b,28.0
fb8ac10d5e8b76988d085ca9f7c01759,28.0
61c268b557ee4ca190efd452ff73df34,28.0
2e828d5622e1f2d3a22a9b021992af50,28.0
c9473f6b9f59ba81b0b3945a490528eb,28.0
9be56b2c15bdf5ad08472fe9a4d77938,28.0
60d2ef638fdb1625f3f599fe416c3dd8,28.0
a1af09f3b94b902d137ebf59e75fc3df,28.0
8fa3ae12b8d424297ba297043ef7a891,28.0
fa5e9e57a97929014972b48723035b76,28.0
e03c96871bfe3aa277b27c8fa94a2c7c,28.0
d33c3fc4db8fd0f1f4978ad96fc80013,28.0
fd673a07896aec385c5287234605f166,28.0
a99bad98823fb5fd025c8cec24159b52,28.0
63b98f1dfa5acdadfdefedc183756476,28.0
b6973e4b6d029ac162e8f7090937eeee,28.0
5c4c50236df8d38af2d80b47660b6c3b,28.0
a611f7383e36129c6c7126899126d0a5,28.0
6de6afd678709a0576958f186be099a6,28.0
2e96fa6d55b9732013caed9866e2552d,28.0
ac5b39607960365bc17913eb15af207e,28.0
2f0b84be27dafbb3ddcfd1ab226c51c8,28.0
3ca7e43debc8bd63b6b3dfae174f2147,28.0
f15b6be11357fe234e98422649972fab,28.0
55c7a8330e2177f5de6edc17b623732f,28.0
f8cefb56f4cda0d4bb72f22a1c3e0961,28.0
53825b54ec2844b2a1888dc8bd9fe3e2,28.0
5fad97b0b396ee2e8ff1af56d659d0cb,28.0
cc5182b642198e3b0390fd6244faac1b,28.0
db8778c6bb41f50c45603b5ebfa92cad,28.0
c89fc94a8e99d8fb2237d7edd4b3384c,28.0
0467879b99ff56b66e87cbbb39dcfc36,28.0
b2c14a4ba338f57692c8a8afcd85f141,28.0
2c951b08affead243b4c87bf6a273d79,28.0
630700811b97664ca0de6e92cd3f8567,28.0
4fa9e718f71d91588d41b11ffb09e8f8,28.0
baef940a00ba067871c199dbe8212204,28.0
d43f72374abc7601531c7c806e7af444,28.0
d6273cca22709c2745827b3a0d712bf2,28.0
a8abfe715d37e28718e35fc36acdb5d6,28.0
5f3cd73d195a1fb2b2557465d7e5488b,28.0
8563b07a84656ff32968702daa37c468,28.0
21f4cb42191c2d7631a1fbf33c3e537c,28.0
a95a3515eff43dcc042cd6af4c28bc7d,28.0
5405e2ecf4b9c107ef102d38180b238f,28.0
fdf25da38a22a7f03d508437155e8bb3,28.0
0495c862254261efd27f91c74ce7361b,28.0
7150d0f1bfb62dd56458083def100175,28.0
904032bced6ac35598f7dd1927cbc6b8,28.0
eaa27ddbb78c8c390b40a0e075c568c4,28.0
cd2b0b6fa9ebbfb21e1f95f5ec70db2d,28.0
a5025dca34865983e2a8276422abde37,28.0
62ccb3e4d92ff9d183f032bbcc727821,28.0
8ba064a834f4db74dd398b57f56fa40c,28.0
b70532b7ddd0b1a2f29df81e14ab57a4,28.0
e8cb86726cc33aaafe6630c68ef7c3a3,28.0
b924b981ecd4493825f0c54db5b4be8c,28.0
0fc58fd3e7d793da0de9dadc042c3259,28.0
d824df6cac5ce0f5ca789b0973ffef94,28.0
2495f2c0b621406897c5df5437666a06,28.0
9ce4730c10d4cc17b1e32b5aa02ed56a,28.0
793864114259d54262b38703f165acd2,28.0
a0f111cd11fbb15a83cf5221eda97cee,28.0
4e3a88c13c2cbbeef7ed8a4876ca3289,28.0
7e3f9722a06c1305e99b853b4ac2d418,28.0
bec34e289955dde2437d70e6d8be480d,28.0
3e8a1ea90b0eb3ccfeb987b81205bc45,28.0
77961ccd1178bd74513c38a56252dd38,28.0
c80df613ec4c52c7fd1e780f4dc4fde5,27.99
f801bc634bfb35a854f4133662b218e7,27.99
8ec0299fcdaf1254be462e1d305c5771,27.99
5d2ec729a53068e4a9a9d1ab4a428d17,27.99
58d0b942bfdee28b71517a4139f96043,27.99
25fa6948d92c513abe0352d98d668747,27.99
1bd1e6d22759c7888a77e7b769be18e3,27.99
ff891bcae7042cd5420f17811ab607d5,27.99
3187789bec990987628d7a9beb4dd6ac,27.99
8579fef79f526c8ab26376006604d040,27.99
714b4d2f0cde4bae597759c5fb41d161,27.99
e9b52538b701f2947aa6fc2f788ab9bc,27.99
69a367da4f911c98e382d5dd0c6f82ad,27.99
417caa83b98e9b42752f0e84711fa107,27.99
f4fb69d52b1b631b812eba9e26749994,27.99
1ffabb4bc9e0be4398c80264d0034d42,27.99
bb3342921d11b66656454f40f1c34650,27.99
d27a0560b2900260662c7cf680c21ee2,27.99
87697468fc283a0368b9ccd45855c897,27.99
62d95451cf4bd1e5cba9bd985a0036bf,27.99
59f6187de64fd84e5f7110fb0f8ad502,27.99
2893da487e09827a58fa7c559b9122cd,27.99
5069b5cfb3f053ce9962cf6ea0c9896f,27.99
144756e897a43ed57c52f651e830977f,27.99
e6a3e58c3a82747a24626629fb9aabf8,27.99
d56c72083ae950d9e0be19333795e7cd,27.99
b495342c6062ac187cb872e2071a32c0,27.99
e735c49ded59e8315bb578c4663e6b56,27.99
cb5a265c07cf2780acbf53c22488e4f1,27.99
6aba99b17a2fe71fa586921fb1271349,27.99
ed5de0bdaed5e7afbe3fd0ef2a2e6569,27.99
19f14bc6e61673618b16b2e68b523ab3,27.99
66dc7ddbac62bcf0886576a7d05f9606,27.99
49c2c04765b56656cf3fdac56f31b798,27.99
7580693c52b3d4910b3520349fe92940,27.99
c5dff493e5eafe9b431f2a5565786f06,27.99
666b57e26c2733d481e58ea62f8ff671,27.99
2ad313a8287a197d9b303c380a6981db,27.99
d5c98e2099bddd4681eef690abc896c2,27.99
4a9a0fbfec7f28adc3a7ab9ef3bdef08,27.99
36b978fee6782172875b2f50f047f475,27.99
0d2797654ac8c8480c338fcc98b48e6c,27.99
b19843268a4daac1043e513eaecf99f0,27.99
66df73c74be57471c69e6e20c9490a90,27.99
2cd34b583d992938389048b0af8bea8a,27.99
63a479f36824ee8972e112caa2e4e64a,27.99
a1a2959e5c770a17d96e3d2e29fe2e80,27.99
60bb8e0e1f7e340af936ec2882d8ae8d,27.99
f407009fa29e2acc16b36bca7cb2097b,27.99
0c7c2c788608c5da62c9d1d0cfd7580e,27.99
c69c9c755315a1cc8e9982dbbf8ccb59,27.99
dbd72a02438012f5b026b90630aa8bbb,27.99
e3215a794a319f3b7a9809a57f19bf21,27.99
24fee86a288d8c480e32c9ebe2520e6c,27.99
5b7b7de303afbe0e48035449a3e86a5e,27.99
f56d77e36e3973c755ea8e55d1bfac81,27.99
94dc77420394cc2e94c816422c0c720e,27.99
fcc3fb30171d96c085ddc50e5809af46,27.99
be2be648d9b138656b913d423ed0ae19,27.99
2b36b6d5af0e2849f49bfb53c588c690,27.99
5837b288ad076175ff451a905d6153f9,27.99
204cb39c49cd7750704f5a22034b6133,27.99
bdacae7fad7179f4a2c9b5790b76460e,27.99
3622212810b9193c5ebf77083e75a164,27.99
b3add2a91f41661317ee98d39d720fcf,27.99
78a2bb308b28ab12eb41b8b582a67ff8,27.99
5cb11b0c43c936bddb82b6b2931c1fc2,27.99
62291404156da337649d7e99334fbb6e,27.99
e617f9af2c4e5229546cf4102bce4d42,27.99
4d66c13cf85177ea674fb2d878c61d96,27.99
5affcc0cbdac28f6974a3b119801ef32,27.99
0662368ff680fcfd827c7dfa0b272bb7,27.99
e0ecd315ca2d6e416ab23f0d6d1e97be,27.99
95f2af33ba6766ab985d1a762f7e2ed1,27.99
6d6c20c848bce3e65b6223a2cf8d14d2,27.99
0baab1610b0c82a7ae994257ffd792dd,27.99
49e3545f69f394b6e1ce143157a73642,27.99
40096d373e1a8379124445bdd50f43ad,27.99
3d1afec2754d05ad1c72cced9fe9ace9,27.99
c6f55b8c3f988e35978224e981b26836,27.99
d6891b6c70ecf2b7dd161e396acd57c7,27.99
8b9961ee7fbfe184efcc6e2b0c81e2f5,27.99
ad2764da73e1cc91a4d133f7c5eee1f2,27.99
89e4a2b4ea9a68c1fae1411107ed0bfa,27.99
82dd196b2b5b57785945aa2f471a35f9,27.99
b12fc3e268a2f8d419cebb6e35851425,27.99
3fd1372ce0a673e17cca90c7bb33bd3e,27.99
7efebe067e3b3bd042b195aff931ed0d,27.99
12600e42ec40b51517d279c414d3bda8,27.99
660e0dca520294ab5ff435d0298627f9,27.99
a8d52f19d49fa80048b9ac0065565fce,27.99
70e55dca905d5cb86c955d777ab64ab5,27.99
5ab62b3d36877984de860550576f4696,27.99
06343064a4554dfdfff580095169869b,27.99
508f08d4f9f212633087df16edd11efa,27.99
2343f1f5596cafcdc49dc512781db65e,27.99
006fffc5b0accd275de3e3a4b6d0832d,27.99
20d2549d5d79d62df5e11af270ce231a,27.99
0d573cb6681904906ea6b9ea47662c99,27.99
6d67f906ad6110359e143ccbc441073c,27.99
b9fb064625dae624732588741267c9ca,27.99
df6afdec3d39282bbf6d560f15911d80,27.99
f129877aa8c01c82350976affcf8d18c,27.99
a7956c0a818527ac9d4e819a7535016b,27.99
d8b15e859d1c6cbc4c1178953d544cae,27.99
7b13faf41f9f9fbf81d94f7dc0390ad6,27.99
e705b1262126bfe43128e9a455963387,27.99
e4bc5ee736af8027fe3d62de92254f53,27.99
78f12bb3fe31d58161ee7bc04220a989,27.99
c516b73d266a5c5a35c1419d5535036a,27.99
01c9d951957a4e8c098d7ba50e8a3f9c,27.99
fe5d83d1ecba4c0346da617cc58d44fc,27.99
acaebae4502720164ce62776c44a93cf,27.99
1c7007c94573e6c01c8e30cc70bcf475,27.99
0d9cef52b91faea5403aa1e107b96d9d,27.99
be188afbecaf3cabfe042bf53dfa2e19,27.99
f5fed6e05c524ba7fc9d4ac862d3ae88,27.99
1c2308f26801ef199d9834d41830bde1,27.99
3ec4d59cd0d003ac1da03b3c5fe970f2,27.99
34cbb3a993660a0bba756a17b94207c0,27.99
19cf585d33c1ed6e21c645e806923144,27.99
c97f40e1ef3030fe5d60dfdbc045a233,27.99
eabebad39a88bb6f5b52376faec28612,27.99
071e26d86c3c8f9da5a87c20a0938fe2,27.99
8947279bb0e0ba714b6900e24de09899,27.99
a9a15a16da6c636112ab963546bec22c,27.99
7455d5b60a7e99853b11405c4860c525,27.99
3cabcdcf200795a34aea30893f5210c8,27.99
26cf4348bbe8b37b5e810bb7a054a344,27.99
e04d54b5ba132b01e15cf50ccde581a6,27.99
35658cd4402d33f3e7622486e64714a6,27.99
3f887e8d3e7ee0732a3e1a1307620712,27.99
041f3b81b454fafa2803d20e5c79372f,27.99
a7f2a62afeb5a0947416264e78e3d5f4,27.99
1ed36ee881662e81622d2baf3944ccc0,27.99
35af52466ac48fec697b0038146c8469,27.99
ccc8cce5e9a3019affcd01b0371b3818,27.99
ffe0c2303d9a83448060ef69560c8bc8,27.99
af2737c9aae345ba99928fb67331c3c5,27.99
e619078d823bc3fa1330ec30ac0a1140,27.99
33e6a7b54311533e70c06970909abeb0,27.99
7737d8841ed827cfc36e025cd99b13d1,27.99
31ad7bf4a4090e22e0c5d22acaf04f9e,27.99
e45233d12353c37d9a47b0e9d1416ab1,27.99
a60c64964d929cb16c43c55b62d42e82,27.99
0ae6c0e01ee23ba41231d29740c2a8d1,27.99
8daa0cbca8c06a53c19cdabc1361e0a5,27.99
c4c8b821713ac3c53e5bad82d73309a5,27.99
6467ee8747385358f942ed9322f8071d,27.99
7b9cd72412faa5633a5bef6d7f6921fc,27.99
1c6e0cf070d06c8e0d67cd1aeab03ef6,27.99
657922da4048c06f1d7ca66f1240546f,27.99
c14ee009789095771e86aece808515aa,27.99
5b0cea612ade0b822a1cde77418a9791,27.99
f47f3a8480b7a19fad8c129983945370,27.99
cb96e80748675729d4d3857321cacb26,27.99
15778bb5115aa08c143de76f1fb32f24,27.99
3b8e73bb2d8b0b5e192ec5d998dadb45,27.99
a8c0a3b17db7d15e74b22a926aa8a2ef,27.99
b0962d2b8c090ec26077939595a5b00a,27.99
67b6caed864d2f1be217d8d61a186c83,27.99
8516f98c1d30a73c254faa80e4e49029,27.99
61264c36dc1a730c901f64018be8074e,27.99
d2509c13692836fc0449e88cf9eb4858,27.99
964f83e96d69b6e3c2a26da9e0fb42d2,27.99
d18391172750a605a8c7903ff77284ae,27.99
caa84cedc311453e6121d380f0b5ad26,27.99
5a5ba707171db1cfa955d1cafe4a347c,27.99
1a9cd2d193b2d2d3d977d677c7bee0bd,27.99
29591e42655ce3a50d2631996ad7ba43,27.99
90542f26f824ec7b11606409fe9940ad,27.99
dde388ccd1b81511edd5cbebe81aef1e,27.99
cb2ec74515dee6a6c0062417a71b3851,27.99
387e35b89e342c71daa48da93e6055bc,27.99
a0de49e00efb2ecb7d47d0266b771319,27.99
0ebc6c73d89878fb3a1d039df4f3c8a1,27.99
fda187c74a59672dfd4c786231565791,27.99
bc57b11c1e9f28ee2909eb7402f40206,27.99
7a79ee1f4b2b1e45b054ef61a44f706e,27.99
40007efc8eba921655b88ab47d309e4b,27.99
f4b6ce96ee5563dab77fc5639fdd349e,27.99
6ce8b315fb9fdbbcedb0288584405079,27.99
356788ba3ba9a9080367ee0d4e63848e,27.99
20482623ebecb062754216d6dceb430d,27.99
e731292398b99dcea2bf190c3327dfec,27.99
1fc77bb785f297743a18fac02b30de62,27.99
0bbae5720eecc2f859556a5bbc43466b,27.99
2e086d3b6cceaa2d572fd61882927b96,27.99
58f9233ffdbba4b15470ef0aedfee9cf,27.99
80a07fead8e5f6328a2af33c2c358fdd,27.99
fe70feea4718a03b99e3af5c9015d88b,27.99
f204e25cf0fd136856dcedc3eb36de87,27.99
562cc394f31d218035fccb7d2aa8d0dd,27.99
f8cd59b49dad40a126346bd2da7649c5,27.99
a42160958f684d2466feaf05286e2817,27.99
8b9ae8a8961bb6ca3fa720d5a726da83,27.99
0750772d41a8b042cde18f59e30522b5,27.99
ef9b3312288710637e93dd9da7b62410,27.99
91cc176c80a752e26946e32b24b00194,27.99
2f3d40d45e3136aebef9e2ed3c3fb950,27.99
54a061e849f9c537b53eedcdac2d407e,27.99
495b631ac1b6d477a3e43700caf16c23,27.99
ae341c5b6723efe9e02c3b351028b644,27.99
5ff1cda2413cbc1cef4ea35f9bec1af0,27.99
8d801637510e14056ec85cbba38cb83d,27.99
90df085f8a512665dce9ae9e923b0b83,27.99
55527293ed99c8e2993e522addfb7615,27.99
a81e8424b6bfd433cfef8d7bcb36b26d,27.99
7e6190337e2b2692cce976c62140a13e,27.99
932f6944e8d50003e3bebd6030cd1c60,27.99
54021a19ab55f5700fad6fb14ca8ec17,27.99
8e456d61973f2ca2ecce69f15d0af070,27.99
7898e022985aa27661bbe054a10b41c9,27.99
82808ea6794ed5643bd23f65508aed70,27.99
00993c1bdbff4f24ca6b8124b4cf5a1f,27.99
5d91398ab075e8aa780bf0d893944436,27.99
387eafcfbf773b220ffc46360520e32b,27.99
78ff015a8c2dee2e054b33ac52bac13f,27.99
d6289f136d013245718f865a4f5d9a61,27.99
915859a34b24020b5b9fd32c8ac40f0d,27.99
a55e8e19f8787d1c56a55001da76ccd0,27.99
1a1d1a51a2cf246d524b3ea40a53d080,27.99
b1b2221afa08f6c771c5974659000cda,27.99
8218a4be21e32df9c2fc3231c48f5279,27.99
e38f354c82da2d54f3e038bf4f40d5af,27.99
dc07131f2ce18145a1ea6017d9101a33,27.99
31db78dd06030df56b20ca2bca5155d8,27.99
bf72f7754763965018f2af8e657c4fb8,27.99
1adbc5f1d585ff6b016adb7627272d0f,27.99
fd06144f27bb7cd0a11db676d656a9c6,27.99
44f7cdbdaa2f209f0bbedbc33f49d1d3,27.99
84e32c18718319d7e8f2d11f897d1afa,27.99
736861eb4dee0ff968395dd43174e57b,27.99
0f2bcbb299b77a637956ff29b6c03b6e,27.99
5618ab3c9d94075477e41a0e684e595b,27.99
a25d9c029c9a3458a9c8fc681e08a651,27.99
e64e724438b1417c3d6d94ead72d695c,27.99
4239e5e2e73c44d3112fc1f8216197d0,27.99
c93f48778b314ed87df5cc23762eea20,27.99
eac5ce6f02a3490935333a3b472dd778,27.99
e432b25f546d2cc6643c25d070e75c62,27.99
a51c207dcb5aedd5e42697d95e5e34f5,27.99
4e0124b873e33a0564660f4a619d9b52,27.99
11c9730340dc403bf23bf523be47ed1d,27.99
6298ba3029dfa6658693e1b36ce1842a,27.99
51532cf302c427e804062aba65c5efcc,27.99
cf5d9bd9d4846979c97f3a1271ed1c7c,27.99
0f23da109cc9cb6b91576ecb8f318eda,27.99
c59a4c0d6a4569a272f28487ede54c16,27.99
d81cbd61dc93c873068a3f9c456716d9,27.99
e7767d9adc0241c1c75845144e3abd25,27.99
9ea91a3b05b418366cf2d6c143e5868e,27.99
1f3d03a5979d8a4cb8858252df331d14,27.99
d01e3ba3f38a8c91324705cda56cb1ec,27.99
dceaadb66fb79bc1b3287635870b8202,27.99
05d1fa79c47dc2ca3aeb95c25db11af8,27.99
9f62b8e39ba26cc2cbba47f9ef2df418,27.99
6002bd4db0fa07e2fcaf6fcc0bc070e9,27.99
9378e75380f137233cad33bcc7f0fe0a,27.99
99058b9f04cb6cb1eec9114bbf4767b6,27.99
f8a029feae20eecbfce4a6375916270f,27.99
9ccc26825eac35c8df111e432ac6f2a5,27.99
c8f48d57ea33b178d8b6f07c15fd414e,27.99
d0bcaa005c8abd044fa9eb2dd68f792d,27.99
e49c5d6699b920c3fb2584ca3492e88f,27.99
71e82ef87e7d0d606679680e357d0360,27.99
e65c8b6df69319b376bbf9669fbb1588,27.99
00694a1bf2da47e37b2bd3193eeae839,27.99
56f812b810b971d6956ce107ed51c0fb,27.99
a7f5e09c6a7c26cd763a38e5fad45e81,27.99
62cedeefcf7566f584f0c424138b5247,27.99
f5a615f0b025dc0ce07ed1f331e87b75,27.99
68ce6b05de7e3b0d5103fb9952c9c959,27.99
c9a0399124a3f27ccd79c5d8ea1b7e7a,27.99
34a00627e6ef9fa9a9938f788a765926,27.99
10c45fa72c7596bd09e3ddc88edac6ef,27.99
eeedbeccc3682aedf564836354dcba74,27.99
892522b67acfcb855f3feba4cff78050,27.99
ee70119030fc247a1b7bc26e35dee177,27.99
059cf315c631a69e5ae287be4fdab962,27.99
57ea77d77b05b87eb8328d8bbcc4b7ef,27.99
9d8d2230d9692d3d0ac5a99fa5a0f9c1,27.99
d1efadc2e9e7bbf38705f74bd0018110,27.99
a798f977cebe547066d7d5beea1b4268,27.99
3e78c59d78945cd8dfa1470b382b1d53,27.99
d3ed7d1072cce1cd26ef30afe80dcea2,27.99
df7204dbebae4a2adc0f87b80bb0f963,27.99
22639d78f0649eceeb30ebfc80c24cc6,27.99
10380cd082f966292ee4e02f71bcc91f,27.99
44deb956d2803f3ec0503328426bcfa9,27.99
f1d808f68f98869730fc61e3d00af4fd,27.99
9a55783651fb1156efffd12fed3f9b28,27.99
e326c9d1b7d81a887e93483918119f9d,27.99
daac60ed0587e8455cbfa9799d658f27,27.98
f6f71a017148c4026116257e000e95a7,27.98
2ed09823e71fb5ae028dc8c32c3ed539,27.98
e5edd00a011c09b7fcdf595c0da5178e,27.98
0d507db4606f81ff5d5211c8d3047bdb,27.98
b073fa2486ffea654bcd31968d03d8a1,27.98
da77bdc7a9873008349cc29b5e877ae6,27.98
bf4539869e1b193726a27a66da9ba8f4,27.98
7766364299644f1ce43ff4640a193a49,27.98
07d1bea83eca0a2a6c133046390947fd,27.98
5476174c1792f07b6a7b766d0374d568,27.98
dc6a402859b4fb7904e71890a530c63e,27.98
f52b8336ea7f494160b13b53899ff01c,27.98
eee89f96e3c018d7fcb143f8916e60eb,27.98
6fca3886cb74147d27ba31c5016fd0fd,27.98
a08ac24c7188aae96f09570ffde66b40,27.98
eb0531889b546c683fa11282442f6233,27.98
8873f5a110faa2254cef34b78aad69b7,27.97
cf3901625675486ec08d60d5fa7bb1cb,27.95
3eb41d54dae98a7ee7ea180424310821,27.95
1066a008ffb5653bfba6da4bb5843358,27.95
a5c79d7dad2bb491238b09d68dd1f464,27.95
5fbae7517123dc2408fbff29a48af80e,27.93
69c2c14480efd86260ca133de7a15868,27.93
d8997170c547894068db41c30a3c574c,27.93
0627dd353f7abd2a8272643d8a412b57,27.93
446f3eee1a4323e74dce651ee2bbed6b,27.93
f51d026d5d87ee1bc3bd4bf666055674,27.93
00a2277d94755da60c916bab098b9b49,27.93
29ea25c295de93b5ee8cf55c286fa0e4,27.93
1e1ee4caf4aaf60c6f5e95263a294267,27.93
aa545e89e0b56f447e7e088eaaee61d4,27.93
9d79b3c159727a1fccf44acd17ccd2a5,27.93
168f76a5acc40fb40753efcfade1688a,27.93
0a855770d35117e1c808629c1f4702b7,27.92
052c33d5b6909c0fe63290cb7bd7c08a,27.92
78ff784a06d3925ede271f892dd08547,27.9
aa20ad2bfaa8f55b0ce4d1de0f27dcff,27.9
1f822c22c8cf0ad7766811f866810e46,27.9
e4c2d8acf04fa1beea83f4a97d71b76d,27.9
efdd60dbd93b4bc825ba892a9903b72d,27.9
8ad17d877d2373c52b855c0eed7295bd,27.9
dbc61821f39ebed23c39c9a34df951fb,27.9
950863681cb2112651ef0782da4e689d,27.9
36478c0e016a642d15a5dffc20b56c4c,27.9
5c64fe29430b2b017083fe22fc224ba3,27.9
c52453821582b2e9295670149b2a77f7,27.9
6103f320035ca818cefb958b2459b33e,27.9
b4d7caadb58d94e35c273547b8dcb76e,27.9
8075feaa22dee29aea1e3da2ad29e5fc,27.9
b555fbd540c87c32c19f5d97cfe35822,27.9
6b7aa31cb6d5390e54b3b29b9e581db6,27.9
eb4050f3fed9cbc10a3190ac4bd66ff9,27.9
7a6fc2b547170211c51721e40fa157ca,27.9
373e9a798e46e7800f58a27b5462b073,27.9
d61274989a1013559fec1e4a020eeb0c,27.9
f4130da97144e87675795944bb522ae3,27.9
1a2d9dfdc193429a1757b69699dc1a5f,27.9
381fcc93de567ff58debbc20540bc668,27.9
f372e630a281a25b3e011a71d1158bf9,27.9
5cb13b406da4e875e123570d6ccb39d2,27.9
f9ccfaeb8525f18b31359f04c1490d63,27.9
1755fad7863475346bc6c3773fe055d3,27.9
0a99af6e6eaf8487f52d2d02212ff2aa,27.9
b3eae712d1fa65509032b1e8d2e0d075,27.9
2f10dc6ea31f47d7ce69dcc713ca6e07,27.9
f30767c0958813de813e2ade20a6b3b7,27.9
b4f336ced5b1329e0220ff0dbe7d30d9,27.9
ba9d58ffb5b81db4ac9478225e7f7e56,27.9
7cde62de1829a94f842f7176d56250cd,27.9
404beeaac7834e583f80a31179f6d3f1,27.9
13a6fed7991b5ea1ea707705457e60e3,27.9
b25802942d9e7b44d46886163ad42d9f,27.9
5bf2e493a04e3009683b0a6e960bfd92,27.9
3be3915445cff816df03e7e980dce851,27.9
44bc1775b9a28ebe3292e12b53337443,27.9
c3482ff6a57386fb93da1cfed67d1aad,27.9
518392ac26dfa5e6deef71cbd0024e96,27.9
a3b126a3b563ea3548afd53d78b7807b,27.9
c52ddd3d99c477c9546a206b00d98244,27.9
b5dc660534126a84822d57681d78f071,27.9
d91ad413bd665321f272ca85a9abc337,27.9
2995f8ff3dd359e487a35225923d8ca1,27.9
99d9e376b9df229d383187e990a7c87a,27.9
5ffaa9e0952296664dfda701a20c5519,27.9
3ace63287bc8b41172016c06a5093808,27.9
c8b2f7daf091d6fde3a11dd6a866f4f2,27.9
e326bff07189a0c360703089bcf506ed,27.9
4b2b781bcb66650405f99cdece998cf3,27.9
5dce98bda89783dccab4fa1ed6ffc28f,27.9
8607daf248ac59472ae39e50998c2b88,27.9
b210593a5576b40aee78f5dee31f5bf4,27.9
1caacc78626d0863daa8aff89de93bb0,27.9
2de0a43d39289a6221b5d462bac9a400,27.9
def0f35e7eeaf2031d59dcca9bd56bc6,27.9
ce1a92a7ec7519103fb4518e6a57d401,27.9
cbe7c2595a96cb0f70167fe45897e695,27.9
c80dacf7bf207169171e7c16acacf880,27.9
0a1c279ddef547488042fce76935f5db,27.9
c9f69364407bc8db796b2c6f1c353f61,27.9
58e67afe5b8a9fa07e268e00776afbdc,27.9
d5c138f172735c1c1577c1ebdc267782,27.9
f792180f5b4046cf80353f0677589a1c,27.9
027173ae64ea4eb32139b3205e7e02c0,27.9
79e4ac5ef12e80fa1a850417b9c2156a,27.9
1d636a8416fe1f6f377e6a5aef5ea6da,27.9
7b70735604ad64fa82a7dd141ccfc50c,27.9
9eaccb0d6f9e15e40ee4e61937c03f60,27.9
3fdde9457a17527537b064818b4c0169,27.9
6bc812b8422d9ccf271b89c88914ffa1,27.9
2234c43d78384c202447f319adeba1c4,27.9
c07090e9a9e0504dd15cdec628d99f49,27.9
a5bbb6cd2199394f772663b56cef6672,27.9
615ae03628ffbaa1528e224c110de32d,27.9
e17ea06f5208a4adf2c64c1753ee9af5,27.9
fe8854b59888e2f4e16fa95a9fde3e27,27.9
fd3129fbbc0767919a5d42cf03525ec2,27.9
04c58599a7ad237021e07dcbb41da8c8,27.9
02611d7a9e40004ce72c2006dca2d7a9,27.9
14db24a68650994f614013d2d28cd606,27.9
1eb6183ae88d681a0c359e65e06b73d8,27.9
457aeeec2a336c2fb6d7d4c8b28e621c,27.9
593b91288d1e295c048f02347c2920b7,27.9
32a079c19bb9adf352e0e93c4fb9bd40,27.9
e65cbda166eab6494bd038552411332e,27.9
deb534c4ce5c2d8ef23f386321389079,27.9
51b4398983c102525d07667d42e07d3b,27.9
6ec2b4682814cfdac8d92bad42b3ddab,27.9
f3ab792588cfcc343d4c21098e34706c,27.9
e8f72a39e55da80935caccd9abb4d831,27.9
6a4956f994ad41edae4c73b35b459a0f,27.9
a0c1d01b17ff8704583831492a492a0e,27.9
7118d48dbf62a0d8fed566607cd5914e,27.9
dce33dfaf44a90e82481892c82729efe,27.9
ddb27d17205431758c18e24ce71f837f,27.9
3119195c7ca0da07f02a118f1fd13499,27.9
dfbad75de7638cec2c9482cac4a10828,27.9
f7cff8f8b5ad72782c2d8ade091d3878,27.9
bf69ac4b00984821a9dc9fa0376adf13,27.9
24c4a139416d9ba7fc593a3dc162df8b,27.9
325b5d790e8073f024106b02c6506918,27.9
d6aa925e45cc75abfa568f3eb35962f9,27.9
c77ee2d8ba1614a4d489a44166894938,27.9
e2c5caab7703c92bc3fe6fa8098843fc,27.9
687b1aeed8d2bbe119d0414b3b9c0136,27.9
2e3ae3d38cd0aaf455b2d381b4d8ac34,27.9
496d45d232b2572ba50dc3a5e1162518,27.9
f0ef2f6da4701a305e1ae7f0a1b6ef24,27.9
affc3fb17d0d6e55db542c0b1713bc6a,27.9
346cf831cf5480e8955e249de733c9e9,27.9
b9b524af9d8c8ff2cf4a4a5ed792f267,27.9
309febb1a67feda3393b24ff5434355d,27.9
3dc644cdb8f72576dc216cf4f83c8991,27.9
aab6159a949e85ac6cc9ed3d75bf36ee,27.9
5d0c9457c263e1d0fa562f42e6d92f79,27.9
3f0caf7179c9f0b17ba16415f888b4f6,27.9
ffc1df0bc187796047379f3b99a4f08c,27.9
cc52ddc85b8470c66658b4dd8463f197,27.9
2f04d3db6495e1a45b6d8473469522a7,27.9
ca41515a2969625ffefbdf96099bbb85,27.9
109752cc7796656c8d504f634e66aead,27.9
83152251d2f12e2efa0df205c38f78be,27.9
4b7bc29362af1f3421799c9e576c1b9d,27.9
04c974cb72247502a35e024f689cee79,27.9
24e7a8ad6072af8f5d13bc9c48fe3f92,27.9
81ee77ee8d1e9675aa596585f370c795,27.9
2e2efd740af343446e6b2aa4e1480d60,27.9
c3c0ea16776e0d2c79a9239c552700f3,27.9
34a312ed7062ff88eaf16f9542aa2748,27.9
b232b39a0548879364ceff434d6c3a35,27.9
20beaf3319dcb7deec6ab4db1e559e8d,27.9
5a956bc385c532ba9d78bd4948e7f8e0,27.9
007b18ac9b8a627f259ea78aed981315,27.9
3a161bae49880d0ddb3a1e151496d90b,27.9
a6aa8b8c736d70055ab404479f39f528,27.9
7ff0eff5307cd31bc9274c7ef83660f6,27.9
c7f80405f2b5affb06a3d1024becc070,27.9
1a99828642291db08f4a55b60b769c90,27.9
fd2e6e9ae894e78bc1eecbf68286c28c,27.9
ac7787b04da7c05fe6037343bd8bf577,27.9
67b3defb24f008787b9dcc8713c2abf1,27.9
710d7c0e6cc58554fde584271ee492ec,27.9
2a24c9f16ef70dc2ccfe21c729df295d,27.9
9275f5b33d5af663f27c080ad4113931,27.9
b56ae5e64e7fe3540d496019baaa61b5,27.9
24de916f5673576a34a53802514a1350,27.9
4865ae2e1e65f3f21f22e0d481915868,27.9
5a113025f6654d8f73018aedf5ea5f38,27.9
b347e73849539f4192d96005795848f3,27.9
bcd02ea345feee75d1449db054552f3f,27.9
035702d60604fde0df3e3d975fcc3aa2,27.9
4f6f0eca50e39790e9e7be70902d233f,27.9
601000180d6e570af83559b7baa70931,27.9
ab8722afbdd58083bafd355ba64a4dc4,27.9
fd80fe1d9709f6dd159fc642a4f45bb9,27.9
f8f6c5761c03da3f964b3aa9dc5e37f3,27.9
8683c94ecfeed1552bd8b944bf81d66d,27.9
c1055008565df6ac915396f459156c07,27.9
437fd71bb6a1f6fae1a78eab396ecc2e,27.9
f40df781e8d1e5f46a4b19b347441b39,27.9
9164aed89273c9b5a816b1a34fa37e34,27.9
b3ae360749eac8fe9388ca0ce8f27d4f,27.9
a9d37ddc8ba4d9f6dbac7d8ec378cc95,27.9
b0d3e675ce152152cecdfff5d160ff01,27.9
28a926cf560ad11dbcc0eb9332cf6990,27.9
9ebb135e8db1fb56993ab9b2486c7aea,27.9
31f076e386fbf57cd189eb555b40ea01,27.9
d0dac49a8ce4e5ba67f9ad0a2aac7eb6,27.9
b53366ff048ac96275d312d7f18e5a3b,27.9
2b1a173a9fe0713e741e489b8a2f2ce1,27.9
e7082e0b1945d3cc085fe1b57f7e389a,27.9
8d932e9a418ca6e6b48bcacf45aa0993,27.9
9e6a4c410d7d354782949d88b712e12e,27.9
9ea4c5abbde4a7a943a9fb80a85176c3,27.9
640e589dd01329c66abd6e6342abb903,27.9
6ba83000cf8c24413916a7a72fcb5173,27.9
bc0b50b0432842e3512981fce40a5e1f,27.9
4372365b433a5c25b9af94ff681b756c,27.9
fe0780350ac065fbe8559b48a8d5ebf7,27.9
bd4748b76931c03cf64232054040655b,27.9
e63b4c0a8ee073d6adb70f8a1b7b789f,27.9
9bdd5cd13aabfe185161f71fc3b505d2,27.9
23645cfb38e6817c9b97695620fda92f,27.9
3bb38d7e15146509176acff3db811f13,27.9
e8a5e2706d9416db43d9816bef925724,27.9
72add8d7d9393b84c45f92196ff85f29,27.9
7da01fba9e505fb5caf8b5bf296eb37c,27.9
7c693a76aa27676d2ad09dbb1a64f698,27.9
4d587cf9893af6219038ca647c84fe88,27.9
26545a1a15e77138e98380c49a76053a,27.9
f37333ebf81ab0b826f17eacd92f6c3b,27.9
957fd9898cf5b656130fd940dc022580,27.9
7fa1bd17bee66bdda615d4edf6cf068b,27.9
5b3fcd569a769e5b39b539e0ffdbf84d,27.9
b9cdc82dae9ec4c24874e069b0e38eab,27.9
ea1d4ec39f9bf905313d548b80cba47b,27.9
8173274b8440c95342eaf3e7cbae101b,27.9
c441b8f5c7e5ee8d5817f4b62ac09aa2,27.9
9db6f6b4c1314281d7ae168de7b502d4,27.9
02c1e8e3240934520c94905a9b6c004c,27.9
8b7f6e341a6f4faa1666c52575795c3d,27.9
02e460a9db12a0de7f952f8facb66312,27.9
0e7fec9f549c214a9303b5d4b2067ede,27.9
0381ec58ea2fa26fb596e5d1af0e270d,27.9
89f1b36ca1b8840720e7ef1b713b6f40,27.9
33e9f4b9cf16be89234b0eac5a37173c,27.9
fa84d009769a2e52b38a122fb532de71,27.9
97ea3f8303b2f735ed945e04d62c7540,27.9
4dd76168a4eab12aa6f1178cebf5ea29,27.9
2826a6f29895419047cad89d00f60ee3,27.9
15397786b3c38d34b68114c1d4c012b4,27.9
898d30a29933c1c06832758b046109fe,27.9
5b74e2ca6833cf82961fcedd1b0d8eae,27.9
02f2ea36613d01ae6561f97fd88d632a,27.9
785f8391b5df3c6711b981cbfc1a0526,27.9
9c9a1211f0f69414e26c027daa0c0b7e,27.9
5e873cf6dbe0863d55e9f73b5f93946e,27.9
118c9f44d9c4e55593e9fb37c12268f2,27.9
c1462fe827b0b74c6ba2c32bdf224a67,27.9
40e141d432fb1a06f862197c9c0de0ce,27.9
496a959e5d8dd7bea89fad0ef7dabe36,27.9
60718e1cbcc25b8c949213d955d1ab8c,27.9
9ebd9edc6854d388eb4a9d1283acdf96,27.9
124b57305a3e815c25f7e2f5f53d8c79,27.9
721108d662313689bca8c34adf5c5f62,27.9
db3c36ca6cfec9f21c744dba2d3e1e24,27.9
054ab203cd9764221a28a41cce1e8cd0,27.9
adfe737c33fa2f72bef49dc2d2e7b48a,27.9
2a236b0c1e6e99414dabdadd2835e5ec,27.9
839ccf3fef9a1808c0d3a5fbb5eac3ac,27.9
6a329b2bf1ada2100af15d7ad273c8d2,27.9
87d04df629e1ac4cfb5cbdb9ca9b5d3f,27.9
47d656c08a282ec5ab4c1f18303a3a30,27.9
55629bd5a2549b657d28239623b50507,27.9
27c44b89b007427937dc837cf41ca672,27.9
7f3751bed6fa577d36ce3a74179e992a,27.9
e1344b199f8d28228c7d544e111493dd,27.9
c0912d91c480e2988d7f4f097fd5152e,27.9
793864a3cd1eb721512d8f27a0cbb109,27.9
16ee708807a1311a42642843b427b00f,27.9
3f9f956720566758b250a7701b100564,27.9
a5bbb5992919a26a0652b78fd8d369a0,27.9
fc1785868494a5351ce1056f9aaa1c33,27.9
31f2247461c783f2fc3c7f88a675c818,27.9
7dd5c1566fc89f51e10d018c551e43e8,27.9
2a91703cad4c9fec97e104c5977a050c,27.9
ae36db2e1b020ab88110f83e77888650,27.9
366aad4c0b88295f86ab74493e9dbfd6,27.9
ec397197e24355e30e9399f30f675f23,27.9
f2d350dc2df072cdf238717b26dcd89c,27.9
69e996fbf1149668b92cf2a05457dcce,27.9
e5ce5ae0c7389bf518ca10a19088e27e,27.9
d32c1be9389b63d5e611ae874bf4403d,27.9
e7b19354d2180c9a75a2ec0911db3a48,27.9
3803547f820b1e10b7ad9c7985f06753,27.9
54fa4a1d6e9462d0c5b747c02794d734,27.9
d72228f37dd9e30c4b0b4aec3b83944c,27.9
a09fe082576117028fdad56f51dab563,27.9
caa7d4b440be90389f83b4f7f42a883c,27.9
7aafcf87d5a51f369f4a527a30cfa338,27.9
783d82c1a8f9a43b9309e0ef3d2be665,27.9
f01265d4a727959f6735b9029567b708,27.9
a16986ccb65a66e2845b427a0ecfbca0,27.9
0ef5b253d785cfc72f6a7c4d28787983,27.9
d33c3532d272d4378f30c87b5dd83a03,27.9
5e4422ad2e2fe371c8d5d7ffb1ace380,27.9
92c1b9d98949d77bf4d5b5f8f039bc94,27.9
ad499f8f467e874f33ffc3c7a50cf579,27.9
2583d589c372f055e7b01bbe0b752985,27.9
16b3f5b8bfeb45aee620672091a81995,27.9
079d166717f416a1460152c6436631ff,27.9
04793d54bfc5338e1852fed0a18ea3a8,27.9
0ca219acb9356eced4c5c3140f88f96b,27.9
abd11737bb2ce323c9f72b71cdf68907,27.9
ded50eb532c0c1903c0835e0d7749b97,27.9
ababd73999adf4b07e06857dbe19c564,27.9
a1f193332fe485fa5f9698574293a57c,27.9
427ebd67be61503c00a75d8915080a71,27.9
e88cf8d704bde0df5f5d9b0261149ceb,27.9
60a680ef34cdf01c83fa9e338954b8e9,27.9
7228b05e6f9b3f21056e8416c4fe0fa2,27.9
8192999f1c06e98c177d5cdaf31d7412,27.9
a4e8a2dd3c6c4a7724cdfb31be321f63,27.9
981e02a77d10b92a4a0eb3557906d182,27.9
09cdb569d94234872c468f2711ca0f91,27.9
a49eca945e3519379c12d1a20ad83f82,27.9
aa22daee92f1c49865df08f7b28b4d57,27.9
750ff04084edf735dbe15e7765795ce9,27.9
dbc9d5f0f7b887d9ff2a335aa790e5c0,27.9
cd4c177b9ffe9a94685b0f87f0e760ad,27.9
d4fd1b1267b39e94b38a282c2d80e7ae,27.9
3770b28ef0626cf945d6f4129077c7ae,27.9
b632584c672b004257be4b2e5ae4907e,27.9
20609d696686ef03d3fe91fdbbe99b71,27.9
83e3f7358d95de5a715f87a7a59477b9,27.9
0d007bf3edacf8f9b4cf26e3065cb95c,27.9
a7e8a3cb55d9c9a536992c6465a46a3f,27.9
c147154e561f7cfa09d46a9a09951b16,27.9
8c13b0382b29fe9c46551ddc325a857a,27.9
bedc3f25908f9cec1ed65b9b16a2d5c6,27.9
7da4db0d5e282fc84914042ea242e3ea,27.9
32b8620bbb7f33dfc8e41ee075842fdf,27.9
666c901345a407213ee5493214b87fc0,27.9
529466a3f8698370a8c824b088a9ba07,27.9
a1733c884e73b2a0cfc2c7a9e4db4ea0,27.9
539b203e7ea0174d6f2d1a09988d026b,27.9
0c624662dad9870159b81a817fd1f147,27.9
8054353ddf4b0467f31987ace6bfef6d,27.9
5be4d5fe459cb5f42d54481c6df8e313,27.9
d3f4923a3015d308e770c73dcdbd749c,27.9
626ed1dc1749a70eaa178b25c6d2b1f4,27.9
16ab6bb9b5d2ae2316213574eabb4f5e,27.9
e655cbf965fc40cf99e4096e74a433ab,27.9
ee4a9de0355bb9df99b44cdc7d95e47e,27.9
1d2a51539bc74ad21b60720ccad39c76,27.9
a17911e007d948f30c700f81279a60ee,27.9
2fc9485915fd5cf440eb9f686d60ac46,27.9
c8aa0375ea97096fa716aeb0fae33604,27.9
5a071d05721e981ccc98f78ca852502b,27.9
5295c0f1f2053aa636bc034c2a85ab44,27.9
c7f38a25ab50a30f2fe0e9859b92d474,27.9
fe61004a24f1701cdf06662c4f4a0f00,27.9
bf21cc881d27bf8909c3922d422cb20e,27.9
2e401a3a209079930afd5f9e57ec6bb3,27.9
61b73212382d130d7e2abe6a92e72339,27.9
be956253bc37e2bd8664907d89f70dd6,27.9
3cccf91e55e4c81c8e4db9a9ebb4eef0,27.9
cfd131bad1e8bc1cfb00b1f28f548147,27.9
62b72e95468d22e1fae1192997adf341,27.9
456fef68d0a3c0307559d8c5611b32f5,27.9
4deff69c14a8ec4b5489328936af4214,27.9
06327b190c9002f404bfe42a6a48e969,27.9
ff4b5d3b660b635bcbdb988ca60eafbe,27.9
295ae9b35379e077273387ff64354b6f,27.9
7a6e52e941bc121e59a9857c03600812,27.9
d399e431e970637a174aadff3eb35990,27.9
56613e79bf08946fd9e57594aaa83951,27.9
14b60367330c9b23b108780addd19416,27.9
68e329cc0fcc7bfecb38e17414ea4f4b,27.9
9fe0edb5af0028fda2658837ac21f863,27.9
884a0382689fb4085be0b4811e3a4d59,27.9
1a3d17d034d62ce590495e6b1d3efc6b,27.9
0b9d5b8ca1d0aee387d35522fcf8785c,27.9
e011aa35a639e747cc8a9f9c731998b5,27.9
b3a9b3d9251e6fff38505a9d20ea5832,27.9
2322c0f516a8bad266c770d1150e55a4,27.9
da148107500f105263d72e4731387542,27.9
76bc16d171473f2d3048da482580b8f1,27.9
a5c7dd74025d811f6f70726acaa4a2a8,27.9
800757ab822eb1712cc8c613225eae2b,27.9
8b6cf98f689d56dcb2512ecc0b313729,27.9
02fcd25668a084094acb25e5e6211544,27.9
45a918e53c2777929c7e00a148e6f4ab,27.9
60f516a0beabe65a204371fb91b51cb5,27.9
14938608ccfde5530723a2a70b07d25a,27.9
1fc4cb255f4388f910777214ac9021c6,27.9
faadcdc4566112a40490c1d6a254d22d,27.9
9be907cf929fd53da43778102239bbaa,27.9
bf22881f1f23a79916784ac5b4319c56,27.9
4e8fcd57c9293bf3be7254e1ae469b57,27.9
f12fb80e59c2ca56a62d8883c7fdba26,27.9
8eef778d4503babd0c72729b107387f0,27.9
24de9f471315c70592466212c55ee7d1,27.9
4287c1f1d8f1e9d829096f515a9c15fd,27.9
5e594904686a0e927c468ef4ee47bf61,27.9
1276bfeebf316d2fd56f31e384b9ffc5,27.9
333bd9e7da0cdb867ce8c636a5ab1e0e,27.9
281593606d1823b2ebfd98467873cb1d,27.9
2da2f68d5ccedf627efc3a736744833b,27.9
6b9f8eca47be692d9b7fb3e1e18b09e6,27.9
37dc44dfae678962e8b35133ab925246,27.9
67ee4af0f64d7fce3053668eb20993d2,27.9
302cfa22e775ebe3ed559b2cad06f4a2,27.9
2c4b96015049567efbadd72085600c59,27.9
72cf43f216228ba60b9a7c3625962a48,27.9
fc60d04fc5b40da6a511f0aa3157eea1,27.9
f98cdffacc5847672a105d211b01d431,27.9
905c292434c3a4f6e78a5bf3468a1488,27.9
9e118d261fe9e701b601f89e216b7d18,27.9
288e2844929a0296a4f9d2b671c09a0a,27.9
f8a8fc369ae59e8efc677731d2feda95,27.9
49896c657941c4194e824df727d59d6b,27.9
6ca380abc4115fc796b443dcea044d0a,27.9
44621e922dd01021f7d538df78e2f481,27.89
7c88a2d2b472f20ec432895b87f33ddd,27.88
fdd65f620a38aca89f8806d05b42c9e6,27.84
51ff54ae13cdec5937953af1e40bd315,27.81
9909994172bb92df37805f2d2442faa1,27.8
24236d77a4ff02fc9acd751fd9f2ea3d,27.8
f6fd9b592eb988dc6701679bd0e7f3c1,27.8
dbdbb27ba991f2961a775386820753c5,27.8
d4f32ed4a4528ef7aa29aec2fc65eae1,27.8
c14fe40da04e2cad7f80c1725235f190,27.8
29aec8d00435f9c9bd43485663f7b97a,27.8
1c89ee60a557970e0961c9fb2f6d82ec,27.8
15ce8ebbf78bb839bce4f80906c8727f,27.8
5300dd99fe819029b4fcac126ccc0ad9,27.8
f4e785160c7e5b17c2bc94c23d09c777,27.75
f97554a1b5b8d167f20a6cdfbeb2bfa2,27.75
0d3377ae70b37bda8cd55a64e69718e4,27.75
8b1f18c2f22e45482d3a3ad8e68090ed,27.75
2f97782bbc64b71cba9e79d12757479b,27.72
6c73985135595ccb5823541e7b0195b3,27.7
49a09c48e19fb5d1c5b7e81040d1f3be,27.7
d3d9e53bc164dbd4447f9ac2b01c354d,27.7
fc29af95ef22de1bc3dbfc54556ffb0a,27.7
62e88494783b2abaf1a60cb8a4a87e67,27.68
672510553bcfbf72de694db2cd88f046,27.65
31123765b50eb700025d04ff6a1b679a,27.64
25ba518be2faaf1678b183d103fd8bf3,27.61
dd32ce6c2b55f4746c288375a89ce176,27.6
b86c70a0b240c0af80126a3ae79db4f8,27.6
be88b3443951f7d32ba596669e347980,27.6
7cb0f023081168c64df95ea05a7faf13,27.6
e84f94fa6b12f28c6b6c5d241b0c6fff,27.55
b3f6778d3533ee1049885f688f5bc8de,27.55
6ae04146425872237ab6bc04410d90a2,27.55
a33aa4395098f8b30755738b398ece95,27.55
aba2534e617ac48b51c85cd156d5594c,27.5
5e92e44ebd0a350490a3b0514da0000d,27.5
da8254447ce1ed8a5c494ee4a8929380,27.5
6b25af18781c3fed3b96bc7539cd715b,27.5
0c25c869d50456099b3026f0427afa64,27.5
5848806a9ffe2f4c470920d3a11f5b1b,27.5
9d7b386d6dbdd05a9f181028f8bc9a30,27.5
c9a9089bfadc6b762a71590f1f7f2e85,27.5
48f6ec1b60fe0b28221627cd97555714,27.5
15d1752086d06a721b7842591ce41eb8,27.5
1900b6dbb6cfd5f4fc2fb827728444df,27.5
ca7852d5cebcef492e32d92050eea7d1,27.5
b6b28672da31ee1b94707981158919c0,27.5
6beb76e88e25d922fa3724dc7af3a92c,27.5
1d8474c2d38785d7b11cb262d17eeee1,27.5
02a0454551d656a33ab2526c52216dc5,27.5
7cdb0e1dd6b7da9186fa0ddef12d9817,27.5
7c084893057c9192829aafcf10078cff,27.5
2239013efdc86b0fafe3dd57c11a77a2,27.5
b3d2b8f5c7c8a411254329fb7c2e5e0b,27.5
8a2d6fe16ddcea0cb16b58ae5686586c,27.5
a23a0e710e605ff1704284b0152e0bfc,27.5
8848cb4793d42f70d84a297c489e29d0,27.5
7d7e1a20038b10bce939fe27b99e400f,27.5
83544d0319d25a8e7c587c7116a19907,27.5
dc6d89a0c5b72d1f300cfe7bd9cf14a7,27.5
cc8d0dbf061c92f65ecad9e3966d9ce2,27.5
6847fd0a396b6ba770e4bdf076e8712f,27.5
a5efc13305474c8a533b4222cb176d4f,27.5
ffaa3252833866f2cd17833586a30422,27.5
6a516dff9498725338b013bbfbfdfbcd,27.49
ad2f21cae206064271be5d1b8d4847b4,27.49
c702d44160f436c39dc122a2c9e22d2e,27.49
848a74f166dd8555ddff084687ccf394,27.49
b7d4c9cf150b66854922a7a1d064f56d,27.49
3540507264d3464eff1ed1be3e92c502,27.49
552ea388817ddbb515cd8421649a972b,27.49
863f773a96fc2d7e114f0bdad46252c9,27.49
aaa423fb52f4106f477683490cbd5845,27.49
c852de8b3ffc76d74b6a201e22a92f30,27.49
8fd68cfc0541d32dc20c7a90c0a1a6fd,27.49
994dda0546cb91c1d66152c1ab2b6a0f,27.49
15240b74823a3c800622437091896fef,27.49
41ae5fc029b18e1f72993c61d4e35bed,27.45
00bae1a0d3566c3af0c3c67fd2204935,27.4
53e8ebe090be91e51e6dbb3f0d191ba5,27.4
57cf34cd1fbe463134f112c074dfcfdb,27.4
67951da1554fb17670e4c76c400c79bc,27.4
7c8481c931460400dca197f516777f71,27.4
f0214ebcddaa587605347762769839fb,27.4
96526ca2d4b3defae648259436c371c0,27.4
4832d444151b8c5bc742398ef2976be1,27.4
e28848a09b5a8507b3f864b74c9a7d22,27.4
2981aa48735242d9254a92f0f855c470,27.4
e7b96e5c330f63125f06f075bd8ede22,27.3
8f44c4a58c3cd29ee9049c3d80829324,27.3
0f4e6706036eec942d3b94d1d00ba58f,27.3
8cb3cf719a82ef35da063198b29ae4a3,27.3
d24a2b43fcdbd814c4626a57617d5e71,27.3
1c3df9a5fdcd90e6aa96b5cd99bde9a6,27.3
bfe0e1c002e75e57b057eef574261073,27.3
8e150843c1138147cf8ea7253de0319d,27.3
3c8cd8da35337cb33de3ce0a2b5f1f85,27.3
c477eaa7e2b44d5214b193c94670290a,27.3
301990ac837c8ccf27ab9cf3dd3fb478,27.3
0d545b37abf4f5e898ab30a72c1e6c79,27.3
e052518e07930f3ea59752fe0cdc66a7,27.3
760951a16e7fdb2e706cd262251d15a2,27.3
b0713d4f88135846159cadd9c821aa7c,27.3
16a8333e3412a1d85a7b281cb3b36894,27.3
8bf8245e125ef3137806f9aeff784809,27.3
aded241eaa68c31246d82eb3198d4ae3,27.3
35e4137487e7d29bf21e0a4167fd0699,27.3
b2d8576243e226f1ca060a707091e72b,27.3
fec3ffb806136156a064284eca7d38b4,27.3
4f7a3c5de18c3f96fcab9efbc46bfe9e,27.3
6686fe53ca93846b096f9c1885fce063,27.3
3881d142f5438ea09b6ffb21f0fd1ed6,27.3
8aed318de518db4660a062339b604905,27.3
ad3b17c2187baf22bdf8e073a7b296e2,27.3
108baa424c2526d8f34a01a2a16004fa,27.3
9fe0f9477c980eb8fad60ac72af89fce,27.3
a3a93a68bc9e3f8707370b7a8e1ae2d1,27.3
803ac05904124294f8767894d6da532b,27.3
266ebe42426f177e906e396c69a3d170,27.3
50d6ad553ced2c384c4640e77c389f07,27.3
2fba5029746e51d217aa5deced85a386,27.3
700dcf47b977b4bd8158e7e8b9bd5e1f,27.3
c079a535248d520556b7b445ade42db2,27.3
c11f4ea85257db85de835c955c6509a3,27.3
2bb93fcd989e0b0e65a0be9461d00470,27.3
194210b93d80c9ed81d077596cbd8ffb,27.2
ecc519b96e049292f86c9fbeee96097b,27.2
ab4606afb44526c3a33ce2b9c4571b64,27.2
40b021c327c38680d5256cd686164a87,27.2
629ce319646ea85f733c21603bf3609d,27.19
89130e32fe11dc4bceeae5136bcb3a2e,27.19
bc7739e799fb6568ea343b5616d23e62,27.19
905d0f8557f4baccd218a45692ec9d68,27.19
1eb55185b50db256089627a30a7eea89,27.19
6caa2fa96f87d55a2a2d987df5410a78,27.19
5837febb7dfeda8c90ea7ff652f980b2,27.19
0ae620f576d26975295e08ee55a6368d,27.19
fc99c647ea0438ef017c02573a18ac07,27.19
0b6176d7c46eb2e5d839fbd9f6d1bce7,27.19
9d5ef81918e895bc44ae8971e808fea2,27.19
7e7a6bad55dc4c19a83581008f2e9d1e,27.18
4018b24eae5aab1b61cdd21b8dd86aec,27.18
5eb5291405a282b505795bf56d385a16,27.18
288c694f069518164973bb75f57c3e1c,27.16
bb4c160ddf26300d42ed1c0a27ba83ed,27.12
5b54155ba8103b1bb1e157edc0d85fe7,27.1
f79565f79366895b7dff321dd6244440,27.1
d71bdcc4e1a87e56ca3b9be916aecdad,27.0
9a3aaf9447f2fbd34372e69398b2ede3,27.0
7fdc7f83bc78ab2261e57b8f0550a710,27.0
30f9adf897b5a65c80f9a9fb5bd03234,27.0
ad6812c111cc59135cf3e4f7b2762601,27.0
892448a24872aecc5756ec5626a3afc4,27.0
ccdc2ddfa95f2b9436f3c21dfcd6ae2d,27.0
d95f60d70d9ea9a7fe37c53c931940bb,27.0
47bc31402bfc32ea5b1ad9390d88c676,27.0
63d8ce2f854381279f3b762e962dc969,27.0
1252d53b3e7f8698e074e1f1ca723f07,27.0
ce6ba65fd4448b24ff255c33cd734843,27.0
1242105334b8574b384d64bf8b3cedc2,27.0
185cd4528ed02f7755e844caff8d7e5f,27.0
35305c48e57a6259af306e3f2c9fb553,27.0
feef906bb5422438c41bb9783b1948fe,27.0
78f7e9ff310f5d4e5ff28972f01d99f7,27.0
c26f75082b6f48de002fb3d255cc4683,27.0
9b187cb857bde65d3cd2864986ca8fd3,27.0
577e0a5e06d64d18eca569a1c1a0362f,27.0
db2da0a7e8fe9eff4dca9a362ce81f2d,27.0
09fee363c49da6146b7d88e34002eed3,27.0
6c4dbf4c2c9cfb6a9d7d8afd6b72072f,27.0
f2507ea56d748a23037bb1214964e87d,27.0
62abfd28d25b7e736a287da71f34052e,27.0
42827ccfc64d84025ca7d1438f031d51,27.0
a0cbe684b1e0e7ec34c7a1ee02eaee40,27.0
47fca00277fc13b423fb43759df4d46f,27.0
7581ff8827f7dd1da797eab73553b2bf,27.0
300f546c25d3587ad236a4d732c8031c,27.0
2e733322a259241fb19545190024661d,27.0
25f08a1d68e45786faabcd178d5e074b,27.0
bf1a6f9f94f61589f9349a76dd16e657,27.0
45fc0134bf9167eebcab224b104a6301,27.0
d40de5aeac0e2f41891b0d062fc4b918,27.0
58cd1c5b5fc40c1bc3448b6bae54f34b,27.0
f0426deff141dffab4da4832186f4a36,27.0
66348d70bd9013b152a4ad700f40cf95,27.0
22dd08204d80c547de3a85262b22ab33,27.0
5bdb1b40eeacdbb24248cda34549e471,27.0
6a7c981e814eb0d050b3293ab8f41af8,27.0
4f816c7b7e7242b5e542e523130af049,27.0
4d3e75dab77ee14de42b66f557ea4d3a,27.0
7ab5e3ad32b7e7648484b3bdf77d4f55,27.0
6063d231ad10ccc79c81b5799fc90a99,27.0
47f91be2b090f7e46def1c6d9f9f4ca2,27.0
dfcac2db95fccbb746eb05650547ed2b,26.99
f0b68e35ddd2c5191d55d6191faa4397,26.99
cd68b3fa4e48736451e77e7f9c6bd069,26.99
d472d9abe6d6bb1ee558dc98a1ea89ea,26.99
8d3800a0067972ea136a0ba0a17986ed,26.99
ec9eec3f6ecad08f1a41bb32a5dbb1ea,26.99
c850dfc9a3bc506054fd70113a026166,26.99
b789deb8459b49aecafbeefb36fd51c0,26.99
80bcfb6131f4a90aaa0e1a230d747b33,26.99
2e611ee9dde59daf5acfb7471bdd0180,26.99
5353fde9ed9edb8674d149c924d8e78d,26.99
01deaf187077254cacc4e7b4d9d7bf87,26.99
8bcf893cb7d4dc37ff1dbab13b19aaab,26.99
07e6f1ea396eea8aa95d0c1cf5a8d364,26.99
b9015afeee771af91d383074b2bbc3b2,26.99
897b7f72042714efaa64ac306ba0cafc,26.99
3e191139c6ff2feb5d20cf581282e059,26.99
509b47b411bde663f6275c5fa083121f,26.99
d184b0e1de2da0c29cca0de3bb29781e,26.99
ac82545ea76f80c8047af33f84a32aff,26.99
3c8f71003ac0c80c105ed834fed4f738,26.99
6aee223ad482dc78a0d4fe2f893c203c,26.99
97421afb531a2c357e152626fdecd126,26.99
6e6d7fac9ad57830d6627be51ad3b1c9,26.99
777ddf6fa6e05c93555d61e80b7bdfac,26.99
022d21be26ea1508038afaa271aacd08,26.99
08e79e92fd93a5f49ce66fd838a164e7,26.99
3609e81d0c4d558c178307ccd23540a5,26.99
fd926c6c56bc716a43189cec4fb37854,26.99
3f20a07b28aa252d0502fe7f7eb030a9,26.99
89451b936585f8a3de582cf6e5a6e915,26.99
dedd8b4958cfa85ad524e089bc460664,26.99
fd5878d884704e7165c352d83b9cadb7,26.99
c63304e16787c8a326c2a53765e5adb4,26.99
d99c9cfb89e5b64a16d62121012c02de,26.99
6dc864b913bbfbe227bd1da4d8080a2a,26.99
5e0b1614f35426a60e29e7897c5935ee,26.99
24009ff993f655cc3bd6644de9970739,26.98
e0f6b25565b4c3222dd8be157fdd62a6,26.97
f719b26947ef006ca8cfca7ec9bcd1d5,26.91
efbc3a1137c497705f0615f57e253f32,26.9
9758cbc0b7849a7af70b0ceb5b74dd24,26.9
44ea012b92b665f5f4c775f3f0a63d7b,26.9
d06f2fa7aa37463850e08c3310292112,26.9
762a3b56442aa6b35020a78b145a63fb,26.9
e65b23752b414a312194a5086c8ba7f5,26.9
35ceb0ca31f6af7fee0c6e6d39f98e56,26.9
0b3d49ee61dd14be80fe19091b5b4b6b,26.9
681957f67bfb9a208d049821b367f77d,26.9
200dd0eca06c80249f4f9960b940eeb3,26.9
ed066ea6b633ab8df2b9db89919b047b,26.9
de98a056226b9f488a804858c37732f8,26.9
e0cd956b5c6d7ca73cf45c57fdb4e985,26.9
87fd801845c8b9564e51859fd8496b15,26.9
10c8d3fa3829e5079d8b67dc6d007098,26.9
b3e43e654b4d35baf3840feca1135f85,26.9
50a00746e839a9c4a3b0504b12d11b32,26.9
b6cf52fb9b2493744df19612952a2580,26.9
45417eb3efcb174780f860b7be291b34,26.9
dc75a87fffc1d1b008e2e1606edb0a19,26.9
054b07849b510cb56b73b0c256fdc82b,26.9
eee8a9afaee7b8fda3037391f9bf3f19,26.9
d6d3a9d936ef9f148ccb6631997b13c5,26.9
0b61b5af3f45e32d2fba77c80abc3eba,26.9
2c060dcb93539ed5f001eda914e7d0e3,26.9
dc8b16ce0696ed593281c1fad09ca07b,26.9
fde06130cde1fec674a5470155f9dcaa,26.9
5beaf82912931889e4afdaa9ef9fb356,26.9
569411b5613e1d725f474e671d1d19b7,26.9
e29db470e294c6f8adcf5371d3c5ad07,26.9
13a53c5effef02fd11d858e179c9075f,26.9
9a46036c450ed2b0352f21075c3c1e45,26.9
1fe381f4b615df3b145782822bc200af,26.9
1d2a30627555e9f9e4948031b23ae4c7,26.9
b79aa7aa4566ad1e71c4bb179a980b2f,26.9
60840dcf2701955cedc2aff564f80c3e,26.9
695ad68c4f5db80c7281c0040e623369,26.9
e7443209409e77cc0f3301d94901994a,26.9
989aea921d9f98b5c84312b62e061b66,26.9
74f63a0356c3dd2e761445f2fa4bb5cb,26.9
00efd0bb67f3af4d73269668a6cc8b49,26.9
506052018fa9bf009ce9c65357ae07c8,26.9
7bdfd539472c3f643e7818768c461be8,26.9
7739c89f22e6943f141bdc83fa9940c1,26.9
089525d394be31397b994bcf92c6b31a,26.9
418684b5c41abf3db6a08a1a5fe5c7cc,26.9
852de476b6c9c3cb40da002ab67d5c5d,26.9
4dbbf3ef69bdc2734c6a49a539cb65f4,26.9
63ed4087ff8ec3cca407fa5ebd255d40,26.9
09256eecda76e5ebd891970539e9746b,26.9
bf401e7ba41f6772172dcf100f491d65,26.9
6530e623753f65cf28a4f0a5e289a600,26.9
cfeb304b0bb336936928474f8969a5a1,26.9
524ceccdf42a368fa7f770ebb76b902b,26.9
8dc378ece8c57180e796e818c803e577,26.9
de03ab6aea61b6836c69336629f2a101,26.9
e3f08093f6e3b8dfb0fd0c7c165fbc6b,26.9
903ac795fab792a96d6838180994d171,26.9
d2a29aeee0376ac64c4169f79ff15d84,26.9
f2936096a24de46b3f775df929c3b91b,26.9
06843dc600fc25b0c66bd3f1dcbfda12,26.9
8dab87eadfc2c78d8bb4a17c25af51d5,26.9
05b7d2db0e6f42afea1969d78034d011,26.9
00d59ed5b36bbeac2deb4e7256a39fb4,26.9
e1465c91617c778532675850fe39482c,26.9
4e3d95e9be78dabd4ac64c8a0c944fd8,26.9
7fe3a43f893d6ed31805e5688ec1f46a,26.9
913ba50f9cfc946e0c92a9515cc1bceb,26.9
a39da20241de11dabac0661fc5c258b9,26.9
50b8b4cab929af86f74e888b73a460c7,26.9
5ecd1e8699c5bb1ae31dabaf719a0ef1,26.9
ea6e237ce2de204046adcc63b08096c2,26.9
a9b9a53638de923fe716af6a58c14a68,26.9
7f212557389817f6351b85700f903507,26.9
7e582b8e7ecb568c332560a6545ad313,26.9
2b3692f768a14674dce6f6db8153ce80,26.9
648d570db2e7973cbfc5daab14a308a9,26.9
c7f1addc1a4563e72059c69e14cf78cd,26.9
365b0f8d41438069e3d02ca7cb0e1f35,26.9
a45c587035f04bb1a2534cc22a987655,26.9
a4b9cf3f37a5d01524a8d5108b9226da,26.9
ba5a182e8cec577a4a0ef37eb3b60d96,26.9
44c4ac277a12247d482f44db1d09c764,26.9
1472468d6d56167600d5b11dfc70f7b1,26.9
d0bc29359cccc4ebfb54a4116591d1b8,26.9
4904f6af7f30637825bb794439fc1198,26.9
6877b5e3cdd8a9efac00e34fcaa4e02e,26.9
0275161cf1fc69fd8f5412ba423a3004,26.9
68277578505d178aeb261893497ce452,26.9
db073abf8c93f928f9cefd125bac461f,26.9
75cb24ca5c6c2fe6f65886b1164984c2,26.9
e0ffea788064ae59ed7b2e072a791e45,26.9
288333d294560ba3dadb8466fcdb0a02,26.9
6236a1fd73ab92114378e88fe16698ea,26.9
4103d409a0607d9b3dd484e75b22c640,26.9
5b2ab0a41dc14a97c98e9e0b16a01cc0,26.9
d605f9f01f069c8665dba62d0d8de501,26.9
b03efbab821a8ef7b3e6b2a75ec7d74d,26.9
a3404c079e22a0ff2079ae7aaca9fbd1,26.9
e1ab4ef68ece8b47262868ad281707ea,26.9
c7f920a7b4aed73af416b5fa6f5c5584,26.9
f612c18e7425b557b4137950a546bd13,26.9
842fa7ff89518c879323a772d0dbd3ce,26.9
a1c2ec049659c398d72fb49ccb85e0dc,26.9
e4875b1e01c4981c486839558bf6bced,26.9
0d10db5d9ade6471a4a621bf1da107fd,26.9
b55866a8482ea8bcc889756ed34cc80c,26.9
e9551525103a8ece4e698e666dba69c8,26.9
8f372945116f5b1a57e1b67f114d9e33,26.9
149ebf64a793b360ae72c444f70f09a2,26.9
e34ff2de6f8658fbf57a0f98899e2eac,26.9
ac5446c8015d744e1e3b3be6e6ddaeef,26.9
53314596a7362597c8e6781b8f08d6f1,26.9
da04bba71fbf26d94a9b35ed6f009720,26.9
fb83c8cb9ecf4b1cbf1c4f56795d91f2,26.9
eab4d34332351e5db1bd1fd635065fe4,26.9
ffeac04ef924e20238b3ad2f9cecfbfa,26.9
bafb9a285fb5972062ebd25c6403c111,26.9
27d17a6fd27ee999a02cd9b9d04c0ee8,26.9
cb8186cfd73cbc13a805fb47169868b6,26.9
9121f857c9a2b19287d8d16a97b9faa0,26.9
c3a6f3ec348ee1b3107cdc316a3edf57,26.9
8fa8552881171e7ce9b050e320e6fcd9,26.9
1a700c8b0ea5c7700237221567261552,26.9
34fd04888ab79b3b54d234056f63152b,26.9
7dd168069dddee1868d6293874dbe38b,26.9
b650ca1298e7cc383a35fced87af148a,26.9
f5ec354e3eaa4533604f5c8dc14d5226,26.9
d3354d1f295e9ecf63bbfce94dec214f,26.9
00bf77539bad79ed21c55cdea4375985,26.9
7fa066d3b64a08894c8751a33d509928,26.9
6e44eda9d6ef9a3b9252f5848a9da93f,26.9
071d9f8e80f0f0415885e9aac5814700,26.9
ee6c24cb9e80aaba1ff6b0846a1bd914,26.9
595515694ce1f925bffc652e5c6c348d,26.9
def2837c388d3254b44cc238dfaaa628,26.9
018bda31a2c6bf06aaa67fc91f63942d,26.9
70da82df80a3f1ca6fb62b41b08c7c53,26.9
13d270a62ccf028c0adf913af6be714f,26.9
0bfdd26f029a368b463a48a56b65f560,26.9
e9b62718241d8b9a249909e4036f29c8,26.9
e6a63945f0d37ea54dbb72ccae2b2d0d,26.89
511b5a1256aa314a4c9480950b00f1d2,26.89
141c3b99aa115d4e6f5daf17fab78656,26.89
d350ca4e34aea98186009fdbd7bba4ea,26.89
42e223573f50234c46fd8175e2e953dd,26.88
5bf28a338133045e3bef23bde5a55b4c,26.88
753d6cf7d8ba649983fc6e04ddb58024,26.88
65bee79829145e9bb5772e7a41f35a7d,26.86
b3e54faf12368511ce322a3ef8675bab,26.86
d5c1cc3d673b9f1e655ffba6b3aab893,26.85
e2f3bdd671302392256e51000b2bd84d,26.84
b5ca1f301090ea6c5be4a30666abbf46,26.8
3fd0f231e635f3713917e645fd8e06ce,26.8
7c4b8e956f27bed90b8269e5a04ac6db,26.8
34d9abbd51f86b7faec4fb8bd8a630d5,26.8
ce022d7f2e8d5b3ea5884c8bdea62226,26.74
a12a4605526298c7cff435218675868b,26.7
7a33f21fe79a9a7c069e723b0c339a6c,26.7
58e9cc6f523e29753c2a494f136953ab,26.7
30b64fdb8dad83e88b8ecb0f9b6c0335,26.7
d9f2a8fcf629fb093b8e265d27fc8892,26.7
c5ddea870873143bfa9a00611cfcc972,26.7
24c2f55c41c141c8dd7397b3094d402b,26.69
06be0237e61e2d23a93ceff729704f1c,26.69
88b566aedeab6f04bb3e215db9ac9789,26.69
ea2ba2a668051e4b78923fc0ef607f86,26.69
d2f3e714cdac1771b576fa1a70ed7c8e,26.69
374c2cd14b14f5f05c0f2cd304c12e75,26.69
4b2450362c5261357d6718af2f99d63b,26.69
a42f35ccbfe49b036589334ed0d904fb,26.69
91ab603eecd2116962f5f9c2d61e9c4c,26.69
eb219d189e0e388de962cdb4e94d1d81,26.68
310229760d02b87361c640db501c5925,26.68
127220f5fd65f325977f3c96d2538ea7,26.68
9f5d14a3c0a1ca30fb65b984c3123b69,26.6
e968c215cc5a146095be714aa34028a5,26.6
a5d8f9d685de88983f7409c66971b8c4,26.55
bea2a6e6464aa7481ee645138019c6b2,26.54
24292f67c356eea18ec91a1e9c33cc4b,26.54
3f53d1d06edab0a2131193a1726e0d48,26.5
79c5eed952e748a096abe752f04b6478,26.5
3e0b7768b5fca0be48e2981fb71823b7,26.5
6e9bb38cd7ee75a5b41591bae25ed17d,26.5
df2554dfedbe850dff2ae6c179fb21b2,26.5
4fd30188e2c4fb40cd31ea4eddd03653,26.5
4492aedc05bb37e4e724c2aeaf21e079,26.5
12ed986a409853404a1366574224501c,26.5
ae7adb4ab2d004278fd745bb881ad837,26.5
9c0372af923228f1ddab62afe03e518a,26.5
7aa26efe875af01d3a224f7f0c029bb2,26.5
b9cdbcd49a34f84d7115ec7bb592bc32,26.5
93e2e45487cce23a08f3cd756a8f0bd8,26.5
d540d60fe6d15e39c0e5e4a0467de4fc,26.5
f3abd9d838b32ae720c958d71b5261b0,26.5
e4bcd01f073e48ced2ad06ecc560fff3,26.5
0a1431f7019951b42e8a79ca9c9776f7,26.5
e25c30386baad502153f382e3f8fd9de,26.49
97ee0dd9c9e573259b0f212e6f61fb03,26.49
673784b5e44309bbf87ab662cf219565,26.4
81d8e3b6ba54d1dcc3f78a4099d2a192,26.4
adb4e5bac17156ebb312828a527d9d61,26.4
12ef94446bb39eb7506941f858526d29,26.4
4ae7383665c0c6ee6b30906220a3ce79,26.4
3270c7818d607c004939b3dce822df92,26.4
4541591de4b160e1f08cb0e8bbebadab,26.4
08e4e47999175e049a948f577df3b84a,26.4
c3839d9589cbbc58a439cab5ddf7630d,26.4
922f0518fb56e709d3ee898aa6435d76,26.4
dd6b260a2c609fd68917fb3551187b71,26.4
2e58777a6b707d57928e71c41917d673,26.4
f48f0e3bbe7fa6985141518b1d7264ce,26.4
db68bc0ec210aa334d85a4360e045cdf,26.4
3c8bc1bc6d0d4cc2170208531e2df287,26.4
f5f3242bba5ab36a8ade51d9d8f283d4,26.4
67378a94f67bbe79e638671cc798612e,26.4
3bf32c05eb3a093e4eef1d4f3630d8b5,26.4
59d98826362abe32f153471285f3fe3b,26.4
afec17ef788d58615fd5896d03ec5437,26.4
033fab69968b0d69099d64423831a236,26.4
e40265c6ceebf38ea830b695d9340bda,26.33
5df4376513ffb2740d5d4122d6d98992,26.3
bc6490c74448fdfce186eecf8cdbf50f,26.3
4bc1e3737b598519c907f5b203f08044,26.26
895feab4e09ab35f94d2945a3a645806,26.26
1450ddb1608a577774a00883141be98e,26.25
d33885da5770ce864e8c39b0e8e5dcd6,26.25
41c7af148a3efb419a9b6da38a9790f4,26.2
fa64f507ec714d45b905f7330add8aca,26.2
f2e14ec79f564dfb581a105d31f7fd6c,26.2
302ddfd48143e8c407b25c746096e09f,26.19
e9b4ca702b84a59c19e3c4f27a176182,26.19
4bcc54d7aaf19f0ab804101e8aab291d,26.19
178d193e007371f993f6b1d3442a6519,26.18
4e416e608a9a7817616f9813237e5e23,26.18
e13ac4b330bafd08d479a5451eea6532,26.18
413d2872cfbed54cae78de93afc7912e,26.18
4554f6ad966ed603236a802f8edf11fa,26.18
606adeb1561d4d6a7c6632eb4f0fb7b7,26.18
3885c59916b2b261205c303fe0a10abf,26.18
d091a6afbe915b09703ec9ae10125434,26.15
1a3c88aea42779ddfadce14271d6dce4,26.15
a392a5a50d925d036ebc7d6760fa73f0,26.15
8d09e89261d5af4e728f330a0c6ca0e1,26.15
1dc971b9d690940ed22432e60fc6e98e,26.15
0120ff9de7b5aba7cd8676c093f189de,26.11
c8a6be2c61ccd0a754f9050ba710bf67,26.1
f52515e506c16ff02e8f9a8dcab675ef,26.1
afa271efea758213279030182f5d7952,26.1
389443bd63b73ccc36bdc8a8cc810b9f,26.1
9972cdbf7100c03964eee775f3327c9f,26.1
3af6b940fdfdee9a59c09e7a78aac4eb,26.07
026378e6d9977bf974a1ebe64f92cfee,26.0
5fecda646005785f0338ead4ed426198,26.0
8ac127359066e3c863e6dedc2aef6364,26.0
a1f11ba206ba4e8dce35d37da7aaa32d,26.0
1ad559496181fd1182beb52b9a8252f9,26.0
4f861bc4afec13eba9ce1304a269e231,26.0
0cc57b6063fc8fc10e6fbc1abd93991b,26.0
b25516225aaee75742ba090f74f31617,26.0
c3d8fc500d86b1c961ee144395c13a57,26.0
90bfa78fad7bdaccfaa0e53c36618d76,26.0
d56b30f9f6b0167e61eb297deabfad78,26.0
8fcf5bb811c9f0ce5cd194b56b5f0ae4,26.0
54f83d1beac65b66bc24f2f0d72d52d4,26.0
ded54c534eae8f885d98e8a9dfa65b90,26.0
19b7910ad6c3917705d65d00bb00cc96,26.0
69c095e20533ed0e7245ab4ad0282fac,26.0
aa5f8aa4c21fe89a04e8d221d4cd8ac1,26.0
4930f6567dce2dc4c31030e3683c9827,26.0
29e0e64fe43d5a03a37dc252ba6a1682,26.0
e23c9cf06f2d414074d2d3d00ec7ecf3,26.0
120e2f1bb009d3d5ca03393b862f5751,26.0
da437ccfd018a010d1fb766b073c759c,26.0
5370c3ce53eff7fb75bdcf32a9c5d6ab,26.0
9342c29170ee859b4ddb776b49fc0058,26.0
ba9add251abd9e0bfba7fcf971d6d9ed,26.0
d12f2a65a5ccfa86a9ee99bc823dd026,26.0
065e274ca8c7214e70710b6765578a05,26.0
7a301b94529db5b1d84ad2f4b9d27a6f,26.0
25b02c8a74e16eff6d298cd7c24a0504,26.0
3c6bdd30725c924638f0e5525974ae55,26.0
247d35c2e52fe507f47dceb38d7f975c,26.0
e15a22961c6f226bcbc487534bd288f4,26.0
2aec0cd4d65938cb0c1693ef25843340,26.0
af9f1f9ade37d77f67931dc3ee2210ba,26.0
e64bea90dd19bd199f20eabd788066aa,26.0
e013e14a148fb8b6f18a1838c893b51e,26.0
a04200ccccb7c170043602fdb4005f06,26.0
0fd45421dff2a32e42a61c73ffe2ad90,26.0
d9e6a03d7111f7c4e22f426a3b8adc10,26.0
40332f0f0eae03d84f6070310bdc06b5,26.0
963aad8750ffca2b194092e8d0dc5aaf,26.0
85aac716db9b14a50dcd9c12ba036eaf,26.0
109f8e37f86217d30fedda3c9f3f0f9f,26.0
a4b335b12eb32aaa328358a6e279deb1,26.0
ede24a3cfbf8a9ae0f78446e9fd877fa,26.0
0ead8cb530e0ab5664bd793cbe2c3f91,26.0
c7e9e21722a66c9428ef03ebd3139181,26.0
b8302eadfd19b0b4f468211664bf18f1,26.0
278fba3a5db56083ffb58d5b1ed37afb,26.0
f8918ddf3473b27b6806714fd28f1df9,26.0
4ba0407ef4897d6caad1f5f0afd828bd,26.0
2a35ad9f439dfc62d35a0202e71d6c66,26.0
8626e57862a050c15c876163ee417754,26.0
1307e6db6ed2a5ec850aba32a6a90bdc,26.0
d581aea89fa99de22ba348bae55acc6b,26.0
b7c8b0dc77f216cc38f1c2f722bde338,26.0
780b5783edce35607f15b603426633c7,26.0
7936eb4ddff395a867c29f51b6c25ee1,26.0
03b55ad524882ea886665ce748ad0c0f,26.0
999f59eaca9c30c13c324422172ee5a8,26.0
0f2abf2a75fcd856ee2a145b318de913,26.0
f3d8e9935d165e1fab735c49d236a4e7,26.0
a03d1c4fb3ab197796f185ba5d5122b4,26.0
2d42e06374e3d7bc579ad9df2c1053ed,26.0
091ff9c4a63d65946d250b782fd7c5d9,26.0
e54c3f5e0c3b3f5c0b716eeeffb049ac,26.0
2b5f3324b7e634c393c51b7647284bfc,26.0
a1cfb1c15ebf33417e65760e17dfce1f,26.0
e170bf1dc82f7de10bead60842a74894,26.0
a03d07bf4aa2b1c94d11585aacbdaac2,26.0
eb230c5952e4dbd6482a61f3da20475d,26.0
1732d59b7a9ad62357309d3abd4b46ee,26.0
ae8103a85db8c3dfc90a0473e90db207,26.0
6574ca38b40efa458f1e7c08c701318b,26.0
3b874fd30ba09bb54aa334b904fcc9a7,26.0
a8e9a8abb0f2e70472f4484550eedb73,26.0
1ac82e990f54a692a5bf3b92aa32311c,26.0
f4d8c7a4dcfbc7e13b7a93f95c23c9b3,26.0
790df320333ffa133fea78a257a556bc,26.0
3a40eddce1165895c36fd061a525e443,26.0
4c01cd397da9c3d496e8ac9db71bf078,26.0
555992ee968f81e65d56e2884f103807,26.0
63fb08cf132b7f4853ea46d9da527bf8,26.0
9aeb9ff1edd568a9d4f18a7e31c872c8,26.0
9250ce7449ec490db1bd943f89228c94,26.0
0219c0ad1f15c9d6d7fac84ccd3ec235,25.99
5914948062fa3526833e5f12ad03539d,25.99
8aacc9bdd286bbd215a6b32460b797ef,25.99
b4bf6e3b3de82854698f91d7f8213267,25.99
5aa2f21d43e5a3b019dd7e815fe3f754,25.99
07ef46981c45c7e31a55d3e2a85d90dd,25.99
a83e00616c38f17837a502c2fff857c3,25.99
ab6548be346a683e92de267f21494083,25.99
f2c913d4b9814476181c06c593ad0874,25.99
78dbb0a0c4b3d6ca743616323a56c47b,25.99
35cbf6c19a9998b7e13495e4faa9382d,25.99
a2c1c3470d4d505268abe4de69b6a9a6,25.99
7fffd172c514d32ce968348442561821,25.99
ac4bd8f7f81ae77d316099085b23ca5a,25.99
ad4ea3fb7cd27c1709a9454319446575,25.99
643b1660b79ac0af253ac10104f20427,25.99
a85e53d95fcc45c8f0c1c8cc3e3995fd,25.99
8d3051d40086f3777d72074bdc4a2036,25.99
a642a541c31931ec96b37ddef53a25c4,25.99
f2b9d997f494eda0b86ec0f283df0a29,25.99
19cd87311be087cf0a583fa886e4cb48,25.99
2ad717e171d505669fc33ab5989d919e,25.99
405caa28d9c6401723a5a6a42af30545,25.99
483efcf2fb031d5a75cca49aab77de4a,25.99
3de3e8522e10142f9c6d2027154ad596,25.99
bdb7900162ab12a8d513a360dbca93d1,25.99
0378c78abac293e3a4ed8c985e518181,25.99
348ef1537e9e0c1e2c783d7132570c8e,25.99
b3f30427aed5455987b08a3c0ca81bc8,25.99
fcd9a514a1dc122d997d6a3f84339463,25.99
91a32fc82f26567d0174ff10cdab0407,25.99
7b80289db6e09a0b45fd8b4e79f84733,25.99
3a3c8993b86f00e79c02502468c87dc1,25.99
a7dae4d5cb0b74e8ecc394fc48b6da06,25.99
17be06cc0afabcda984a489259f61d42,25.99
e3b618cc7416f6c66245395873691ffe,25.99
fabf03d488d52772b7aceadfcbcc853e,25.99
cb7614b09119d33b59af1b776bd653c1,25.99
f3521c6dd56bd56fad9342c57bdb6b7d,25.99
254b177b6a8e7c54a3216c70c77453d4,25.99
da802462ba25989f0978a38edad45603,25.99
dd21c73372c68be83309b2d11c994807,25.99
e6f59aabb8295dd97e037b2d9b457e58,25.99
b95d13b18342b38a42c82dce122ab381,25.99
ec9dfbd6b5010c0bb5164e740e002d6d,25.99
b323dd4451f8a811f505bd4c597bd181,25.99
21dd9b232d9d67acfca97fb54e200765,25.99
b532f55f394823c201ee11287828d37f,25.99
2884053414d91862544a6cbc02b26b63,25.99
78e7b8286d279ea73d828444e8696e68,25.99
6763f99558a5f6fa9777ff839a910c16,25.99
8dae20a3591f5f9a7776506eeb4052f1,25.99
39302f15abb7e40328b03be978884590,25.99
76f2f2c46b45b955bf74735a1bb30e92,25.99
d03e13d3a1562bf25d0b7ad61426367e,25.99
84c9c372c3900f5f48b60916d5851fbf,25.99
e61d98019b18172feeca8225d11ab03a,25.99
bee435248d11a6284cbf0ec8f96fd581,25.99
a915c5f2ffdc3c2a11a35c426bc8de6e,25.99
4f41b1a6da9287e5f4d3668400a2ea37,25.99
b50a511097ebc1d6b90d075516f93978,25.99
a6b8f6a47e0ed8ca9a8186aa15744eae,25.99
1930ebf86fd1bdd9ee6f1dcc6b81773a,25.99
f5099455960fd677edc4badb55917954,25.99
8ba0374666bfb38c409875762a5af81e,25.99
46a1813034015030b247e4e39432f55b,25.99
5cd9fc7963b3174bb6a03ca0d970b2fa,25.99
631bd6103e3501aa2afe52416cbc1c38,25.99
1a73ff2c67c54afa2e31d620071f1156,25.99
f65a77a160b54821f47499e62dad9ecd,25.99
0fae07bb4b1670e3da7d768c54f59464,25.99
a67c8e21742969a51553124864de7632,25.99
4ad47cf6d7f04b49d4816debe22e9275,25.99
b9bd0125bcb3811b5c293767d5df01bd,25.99
017395cf7b4c0be4fa72650f0a8184ed,25.99
b5a2a4ccc65e614530763703a573764b,25.99
40a0d357c320ac8ed09f3ea83e5aad0d,25.99
0bc43b91c520f4f56eda898ab9d0a4d3,25.99
70ab5e994ea383619a19687837eedbbc,25.99
c3ba1d23b2d90561dcef8d117731abdd,25.99
fb7cf75fcef45516f74e0aa013e3ee57,25.99
96c229cbb643f30d2ae506bf19d627f3,25.99
501369ec46283ac3440665496c7c1ddd,25.99
74179773f1f31f3af11c3b3b065115f1,25.99
fdf37dfc1d2362ad24e584efa945c235,25.99
be7a919c0064c022b31b09cf9a854939,25.99
18063c04b3b271bd41f87d5f2c0300a3,25.99
d3ba3ac30d3a26d6fe2007dfc0928b18,25.99
ad99fc380a7ba9017f035a67c4c36e1c,25.99
49be2968b33dc662350d42d8963c29c4,25.99
d610aec427a7162440339804b45559d2,25.99
a86adbdb7f880f2e49c2c8fb1d06d79d,25.99
9231d5ded2fb3c2edcf6fa260e417206,25.99
7ac9f5db5ba082ff9908bb4c5a3bb081,25.99
914991f0c02ef0843c0e7010c819d642,25.99
a2258343416fd06f65ea824cf277279d,25.99
263177b24413a80ea6aa44edbb774020,25.99
45ea79a029209282acc846917f494b27,25.99
9f0cb6ef09f0c4373e8713cd9bbb7673,25.99
fa5219bde84730e0838778c84e2989c7,25.99
e9aa605f6ee9230f75d829a0923b8458,25.99
583483c4d60ab300ed89f4c905bba728,25.99
4bd306eb40db1bbd39f4ee8531a983fc,25.99
ca8c954d9a1f49a7c8677a4c033fc913,25.99
2d86160611127e9ccc6c5e70ea08f065,25.99
28be7384bc15f338544d3629de94d22e,25.99
5c922f4fd6d3cbc3719a275f29db4e21,25.99
1869021f36753921537debb6357c18be,25.99
dede24a5c9620b955fe473970014f937,25.99
8b46fef28148846b62971ed30ffee02b,25.99
d4faa220408c20e53595d2950f361f3b,25.99
4c6ee863183b6981c871a3e8b75bce29,25.99
c5a9e09d5f12a5f872182b7c66df9676,25.99
aa78737f742c0e7ba30e4e98121c2326,25.99
ff8ad2b0f0b304a4f7ecbfa76eecbbdf,25.99
901ab2808034698c2243e3f9c2dd600c,25.99
5fcd63b7b0106d70a35ec9da16b5449d,25.99
2ccb9ee4137ad183fc9df5261f3cb7de,25.99
d137c07565f044ac3f6090ab8f77eabf,25.99
de70193bb084d0d3b180fe80e3aab2c1,25.99
8452aca15fe14314fbacbda44b8b0cd6,25.99
632e2539c6f66f8a0f559f450d24fb5a,25.99
a9c84e1f26030a62a8f1ed9ae3ded6de,25.99
9cb217017421d848098b2087a6b97f35,25.99
0ba74be179805cd74aeb7dc70fd0d054,25.98
44da373b19e935a40f257bae42c3f04b,25.98
114bd31fdb8c1a8ddad0f1edbf307e43,25.98
7827db8a8e439d919d8649b132df7061,25.98
a50a163029fb5f7935f311cfd2f5c6f2,25.98
5daf6455918cb226e592f6ad0cde4a6c,25.98
5df03f4f656f9660622fec4e725a599a,25.98
dcf46089490159ec0c275d8797bac8f4,25.98
aec725772b56e7153b8a488c13d78468,25.98
ec2fa0b878457b9ed3d19c5118f1c2d8,25.98
4d72fc220b552064edf66ae2e77443df,25.98
5d1c37b8609924b2cf505b304ed075c6,25.98
9d8197b0ebed82e5333d2d01a7f808cd,25.98
b86d636190726d03f8ffa1a6d3afe448,25.98
ae9eb176fc71a9dd239b71a82b3d6c88,25.98
782de7052ff8ec3f9770843c3fbfd8bb,25.98
737044a1637b4c3e17f927d096620325,25.98
8875aea6f056699f247e669173862026,25.98
dc29649b0a10811a1a7e96a23c537999,25.98
516a37d1245dd9d6c5bad03d4138dac8,25.98
7c71fa0871e272a25eeccac52af90595,25.97
738c8fd3671d50e81a227be5aa0327bc,25.95
bd9704a4da1d3d36e5eeec69f4b5af09,25.9
50118498d82ac595b2471b2f1479043d,25.9
c3c89e607f1280b715319f19745beb27,25.9
8fbbac627bea0879f8e10689ccc2993a,25.9
a9c72d599d0b287d14619bd65721ed70,25.9
56b1b47903483551ba7310e09e1c8726,25.9
9d802974e9903d8f288f6a7c10b4cc59,25.9
0c3f7c99a73c83fdf43aa51186a7b012,25.9
de49c10452c86eb6d0f7f8a9be71d7f3,25.9
41642fab6f0a09b5c433637015ddaee2,25.9
c322089fc60b4832eb918b6fc35ced7e,25.9
13cf58797ee635bce7358bffda96073b,25.9
bb6c535d6cbd82550b97d79c39c5f062,25.9
2506353d8e7d5df20d0da907b6c5aac0,25.9
3f92b2c5139eb8f71bff7216ed8dc149,25.9
461396731b4ab9af0bcaf5e5778cca38,25.9
720dc202e6806b105beff38814dc5d7f,25.9
29efc43396d02631ede837170d233980,25.9
817a3322ad71f73a2bd444f27583b4e6,25.9
b32d300463c0f032ef94ddf0d77e2f3f,25.9
6c33ccb5da77dfb0538222fafb1d84f2,25.9
64278a2a437f6648a76a81c25eecda28,25.9
f753500e103533c0f47c35ca41d9923a,25.9
3ba2431d39a1755e6f02841aec4c098f,25.9
2d76ccbc1cecea0ffef654de59923d87,25.9
d4d520ede8c5bebd0a37dfdcc06164ba,25.9
3496ae519f723f833df3bf7790d0ba20,25.9
a4b74254711f52eb7a9ee2c34b1ae99e,25.9
2facb156c86725054be0061baeca3131,25.9
4de98243699a77c4e13518505c0cf598,25.9
e3aa8ddc27af8b8c9fedf0bb3acc2def,25.9
d498b6125c1dfef15bd1ef7758b3d442,25.9
cecac42920e43d56366114931e2c45ef,25.9
8a45db04a785a6086103d0bc795f74a6,25.9
f56b1e83a495532db3a3f953b856c280,25.9
8257e68ea0c6c6bd319175e224c307b7,25.9
5863bb76ca9ee3075fc26943071fe556,25.9
bfc79e4f4af23463178a0bbf68ed91df,25.9
ba7a67f56e917e25dcadba64cd6ab72c,25.9
d8d10d6a6b386cd6bb3b70190511f3fe,25.9
f1d40f1dfc6285e66a5d5c0c956bb178,25.9
759b49e64e1f3390cdc213ffd74876d5,25.9
e84608e3babe2d06427e6ce76335268c,25.9
85edc80a16b4badbc1e58061b6ba26e3,25.9
32cc7238a20f3b4c366326d46fffdf63,25.9
d051e78ab899b602d57f5edaca78bfbe,25.9
78474f6f0891d18a3a9e0fa4f1fcf34c,25.9
9f67a4e8c3d027cf348f080767e7d1f9,25.9
b0a12508c0040e8fd506583846de2f17,25.9
2065f40097e32c0d6379d392f5fba96f,25.9
dc0f64fb88e567f9d8ff195dcc36f332,25.9
1c8e8832ee4a6301e124bbc554a2810a,25.9
c2579cd66fcac7efdbaef0470cc52602,25.9
92b9f93c9c41ef4138da909f336fea48,25.9
d30fcd6765345deae1e9bfb00cfc1068,25.9
e829a679d7e15bafba4c7405740eee23,25.9
2506b56afdb0faef63b98c0e0328b4ab,25.9
964253ff0e4e08180064764a450e521f,25.9
fe4b93d8b5d38fc72f20a95f93511cae,25.9
11ab6d2231a0af5746b44a810b62b0a1,25.9
84e07e0b715ea354e8c90d3ae8050d7d,25.9
c08a028e3cf76efe09f3ca8526ea2dcb,25.9
7505e32ceab3642b215f1dad52232e45,25.9
298564bc3ac497761719cecc3005a35f,25.9
b85b9eca8d1a4aea28791a21bc3e8103,25.9
a229cd12b1e7e3f996d5dd21e0420f4b,25.9
dd1334e544ce77604d3da0793d6a6c80,25.9
cac8a50eab2329acd08644589cc1d5e5,25.9
d1213f3e5dd3d2e2b1be8f0186c7d6f0,25.9
eafcc7bf051b9d56a2b9e428a43b6ce6,25.9
f30273ed8f6f5349cbdb43e66253ee6c,25.9
e94bc388ebb638442a3002cb89b303f8,25.9
e5cd3e75fe2ef1e3464a4a038f81fd48,25.9
54e9ecf855eeada42eebb2d344ae3d2e,25.9
3c680ab7d6d1de8a82f5bfa92ef2156a,25.9
0f487d3ee79935c828e5317b47c4c9a4,25.9
74f7b46796447b5cb19383e169b4a9eb,25.9
52cdcd7db8c6b1026affa1a6f9004429,25.9
4a2b17a3baacbb0006395fff389d4738,25.9
662906073a9bafaa8a9c671c1112857a,25.9
d34922703108424a82c0905c11cb8cca,25.9
c049ee99288d2f8cac1fc801847bcdff,25.9
57518eb6cfc318e75d0d993692b87d71,25.9
ff06c41711731780b94fb5b060a45893,25.9
a62c69530073e68d2c7e8c407ee8090a,25.9
9ea999ddb251e229b1c8b4925884743e,25.9
9476b5829487ea1909d3b3ce7f604685,25.9
4e2b881285ffa8978c58a6fa37df124b,25.9
a8f264ba33c417425b9f36b3087fbb6d,25.9
32bd7b2f653a462aa3a6f37a93ae4595,25.9
dadfaecf6c09eda0dcbe4e61de02f4fe,25.9
f031886e4798f6cde1431e8963394725,25.9
db2d820c9ef5fb3bda68d9bd203c807e,25.9
bfd67443b57d0bf7c809e99ce4ebf132,25.9
20c821b095f48bc4d9c684592ec44357,25.9
0d33a9b58b18573efd07ed7ee3c18405,25.9
84e52783193cefa19bc60f352ffbc6fd,25.9
2ac2adcfaf901e151a527d97985e3fc7,25.9
5cc2000a02011f09463e935d6f33ea6d,25.9
9837774fffe49790bcd608501e06c541,25.9
a77ce9197298c6a5a9a4002cb69d2c2e,25.9
a5558706ea2a4c375f22bf7efc9e8916,25.9
2d424206d3c58983c7f528e9d3021354,25.9
756fdeca18f4b3e84fa1123a3b967a26,25.9
737e7f52d173df59ee17f5f0c6e86db2,25.9
58c169c6200ab071e176185fc7c8e8dc,25.9
a3d57d4306ed734110dfd814aec1e5e6,25.9
e3a36ca914b7c378178482853898137d,25.9
0731cea9ca726ca41fca8d61953bc146,25.9
2418f7d693ae1b95b926c922cf246b11,25.9
9133fb73714e995e2a4426ea1753c3fd,25.9
d65d3879ccac114a8fab42f26dd67a51,25.9
8c1c6531da36aa724b50271c55a29ecf,25.9
61b73325170f8d7d184f17e4b08b05f9,25.9
cbb626598bec148e34d513bae9280e8e,25.9
259181f232a13ce8f9a1189bbc180ca3,25.9
a304e4e04c9d21275b98859228fcf445,25.9
627c4fd876ce75f3670fc31fa9a6ce11,25.9
2b817b0fe8b4506b6341c1a7949852d1,25.9
62cdc09fa361dffa1c33237c1d8c16ca,25.9
0df6e83f2e878145577f55d2c0bba916,25.9
1f7f094865cd0e20a6acb5cdba5c5f19,25.9
fe1dcedfb68e0c82a41bfec87a55688f,25.9
c2c698586ce38f1936de867bd495ac82,25.9
eb8604264c616ccf2c09262519d37cc4,25.9
80447be02d8f3f3f309c7df938a08501,25.9
49d1638db99abf0e8d8c03b9c15e869b,25.9
50c6ee98bd317f60e4680b99ec3e0068,25.9
d08010b90306a39765dc8ea6b95c7d0f,25.9
b556512c00e55381701d6ecef49852c1,25.9
fa47b342250fe2d6bf2b4d83d7c81e94,25.9
45b4e602cae9db1a6d047d8dfcf8fe46,25.9
29880b59222c463f415962d277f449df,25.9
359a6a601e39e02fa99b31f11f104594,25.9
e3073ba30dd23de0248225e53d120b08,25.9
31a4ecf0bd3ea9436b7132bac1a1bdb3,25.9
117ed172acbb7461d5159dd92f2284ae,25.9
ad587a1071e2eb39139bdf6c7e49d90b,25.9
bff92b3f66be70a9141168e84259fa3d,25.9
1acf4569604468397f3b048f50a7b4ec,25.9
958e8ad93117fc0cc509a39861a1e7ff,25.9
3e4442cd2958fbd08dc760884b222ae2,25.9
fbc7433af65643811cd5a46d932d0102,25.9
701cc762de2f2ea4df85c390113a8bc9,25.9
1fa408fe80981a6e6e69b61c3bc21698,25.9
0858216f90504a249042913e591f8cc3,25.9
1ac29b36972ba96366742ac84a549569,25.9
25e70c9cdd059bec28d09cd19fe0a8ed,25.9
e955fdb6b5d2ffcf9a67f0efa8e76550,25.9
7e4a1d92a9fb7ea232cb87b57cc51ea6,25.9
685986b14ecb5c1cab5adeb6d7ad89b8,25.9
afddd76d1457bf3429973d37105f7aef,25.89
034114dc2bf3002b8d1bad87a64e0ade,25.89
53d5a29fdaeddd7a8c0be5cc638922ac,25.89
429d92a26a52a4f3b98d0f1eea07b5c6,25.89
d499816665f38ec594f2b11a3d732079,25.89
aa0a85e355a784775696142c2f29aa48,25.89
bc3fb21b8a9ea7bce5774be093664ecf,25.89
ebed6a8227f5fc8183b559af016c2497,25.89
1ba23b73f82990c2de74ebf5a28838b8,25.89
7f67f25d7af1b0e5955c58f844aa41c1,25.89
09d35a85e870a6f5425234574a0ae1c9,25.89
8d71631f63c27943bd89ceafa1049b81,25.89
f8b520e355ce4e8d4ddff7f6f9ec7830,25.89
3226925dceac15f5cc2ca251b64e1ef3,25.89
2c1d9cb5468d2428f8e95a5c084396a8,25.89
33951da0246c9ded2439c9d239b78c79,25.86
09fb0a39eda61227d0a8c0627a01b9e9,25.8
d94ceba93d16afa686f9b1c085061a08,25.8
c5ad44e41c6bb1195a7cbe476af25449,25.8
1b824fb4e3aae4495d3ad6acf99e21b0,25.8
3e256600a04440a0b46eef09e5f994ed,25.8
7e1e78509e303571ba3df752830cd299,25.8
f5e607e954dc6a5a62b2bd6751828e1b,25.8
d8fd3e0c904be88775c9541883cc5dbe,25.8
fc0e6180c5d60b629b219148100e49b5,25.8
899cc6edd6f59386ee145f8589db1211,25.8
66fcb6f0f49b90ee0fa8a4dd575ccf50,25.8
94958d1089510b99c667c815f210ac3f,25.8
ab46cf84b94f59e5b56086ed5a8564d8,25.8
6238908ec39a972e1bb80c6fadec03fe,25.8
6b560c6138cc591b47be39938ca99286,25.8
68ead1bc2fc79c4ddb8f626a598487c8,25.8
f47fe155433cf9f2f0f544adf7f60ca2,25.8
a6a8efca07371b6613ae36b5abe39e88,25.78
dbf31702420415660be9a8a9f33f3c3a,25.78
e28fd47166be6c878520ec6039305379,25.77
21b4986e79d2c4215a20b1d560b9c51a,25.77
ed8351f17a80cbb1e4c7c457c95dad24,25.77
39ea5fecfa8dd33f8dc7abb45fb29d82,25.77
dfa8547fa65cf8971c91c4102eba6180,25.77
ee013420a910759ff3537fa962cd6592,25.77
91f008b7a2e8634c6788628d9a36638d,25.76
b4cabef1eab077e32afbd42629185a7d,25.76
204f2214df152493387db796c85ae8cd,25.73
7d7f08e05db9522cd32a297786532d45,25.73
d8871d08dca6ac10858514ecfdce4602,25.73
efebca775f599b79db1a0bdbd4a1b052,25.7
af6813c90e05abf42c75733b21104218,25.7
fa0ecef3840b4b9755dc5d656088d680,25.68
cd48e4fc34049c9cf95ebb28683da6f2,25.64
1d3de70085b48ac61b4c235af55b9522,25.64
f2e32479d9ca95098b58d56ab1e41901,25.6
fe1194538300719835b59d540f2e1904,25.6
9538a496551125bb56e2f3be77b9a45a,25.6
ac7f735837638e8f4653c0e32ffdc08b,25.6
5ccf2b9502949fa14bff3391cd607be4,25.6
ba24dd2a357ed4fed5ab575862f41b61,25.6
b9df8ecebced20885081084cd12553c8,25.6
15f52fbd4abbae7592dc36067c8f3465,25.6
71583fbf202bebf68f617b1189b83993,25.6
39747a75c12f4c803a205a1625fdf7ef,25.6
b96b8570180e3baf84c3cc359d980e2e,25.59
4acb0997ad21d8f66d203e0d3c566993,25.56
36d02abe1f902dc19db2f63819390ea2,25.56
4ce8826c2e5ca83f641984f18dd6080b,25.54
b10be001b45d8f0e899e6a3703fca997,25.54
6cf5c6ed017f9173bbd016ee51e04f68,25.53
b5326d3b5a5bf32edf7bc68d9010e0d9,25.52
31a2cdec1d3af132deca35cc90103855,25.52
770d7945efb2aa13cbcf28eb7a353def,25.5
f010f1ad40cdde76194f3c124c532db2,25.5
b6d434677691cbb44f5f578d39f7e125,25.5
3c2e9edfc1bd76d707bc1b189b870b1d,25.5
7108879872a17e0bdf96b1fee4ac5146,25.5
9846fec8bc074e976b741b9d766afded,25.5
4593a3eea21017c68c24e20ccb25f38a,25.5
18d365afa5ec0607a357339d11388671,25.5
f4fde5b5396f5bdda6b22ed44f6ac580,25.5
a1c00d1f5bbd477dc5673c9407bf76cb,25.5
3adc77adab095b6ea28a7d367757712f,25.5
b4fb257403bc2a6e40abaece5b89b33a,25.5
8208410c1bd85a4802e3b0f1926de27f,25.5
7e4c2e786b87284c8c98d5bdcdf063da,25.5
e8ac446365f9559075919673925a89a0,25.5
345d5ad65fd36b5f9f94f730b2681b58,25.5
8cd37167a058d200beb23cb47ee2e59f,25.5
0e0af490d67b53659df4023f40355891,25.5
446e65f5cfcd5e9c1f61d1fd818f490e,25.5
c15fc378c7f70bbd1c40570e6b4a69d2,25.49
a0d04a491f25030236e94355ba1e7e47,25.49
0a84514b054a38a558ad0874beebf6af,25.49
57cd8bc54e0c5c4a46a7d26f572f237b,25.49
0fc139ebf3e835a4c3aa3e6ca7bdf289,25.49
f0ab4acc7e4a8236d84d6f74bad11b0e,25.49
0ee56fa64a206a89ed83c7fa61a81132,25.49
d9e3c5e88b851c9730f9bdc340da634f,25.49
983a13f79678f3fbcca8e7756afd73cc,25.49
3b222455f9e5779b3ee7a014bef200a3,25.49
3fd923429a0a3f921b44ae5e4dc2c96f,25.49
cffdfdd13102c36c35e0442d4894053e,25.49
15a3bb04fb0976bfd8932bb1aaf2a7e3,25.45
9d4585da8988474c7bac7a36cd9e62ae,25.4
23eaf8280776db61e4483bd467cb8367,25.4
7a465ba4f33678a7fb092c30546ff6c7,25.4
96793de70a686acc4a18d3d3f684e4ee,25.4
ce06ca41a78f036031a1fd73d3088c2f,25.4
994be0a2320e85a0c2416351bd93026a,25.34
0a69a5c6297718d8964fba58fbb675e7,25.34
eeed45d421233a092443e8a5714a4755,25.33
e988b94fc82408ecac8299c744959c58,25.32
0356877f77d9b7556e70917d90bd59f1,25.3
778593c83b75c7519025543b07a41073,25.3
9fb35e4ed6f0a14a4977cd9aea4042bb,25.3
29d20cf2880f1d5a967c4425fc3ccfe1,25.3
c7613960b30279da6c6287bb336cce9b,25.3
7e0e83d690e02b4ca1eeb1bb4386a304,25.27
67e0295b4f1071609e7641c83ccc3967,25.27
7f6a3aaafc26964ec75650f5b487de99,25.26
e6022a26468e5fde67d534ec06417962,25.26
7b13e690db04d218fd7bfe14c3137c92,25.2
2d99f3ad55165f9d436bdde7168e9f91,25.2
4b58b5f3a6a915d6a5aa8766edf6700d,25.2
0e08577fae71d5176b620f7702a49ef7,25.2
13be671c358636700d14125a912ffb99,25.18
166dc8b778e0013ca7609fe105b2cb5a,25.18
be628d3037018532a334bf2f6889ec49,25.11
819cbd55a98fda9364f7241bc8336a14,25.06
2f99a41ccda00228ce7e60a63b541ab9,25.05
d75b1a468435f5ad447bb2cc1e97a81e,25.04
9b7fdcb0d29891189acfa72ba1518d77,25.0
05b005e82f3f2dcc41b5504f00484e50,25.0
0bfb62994cc769aeb5f2c9da92c922c5,25.0
fe8c2af8a8a466fb4131716fa9b3858a,25.0
7b32e0b104173535db7a5644c60a2e33,25.0
367163bdcc25d2ab5b6748c0068e0e32,25.0
e706aa7bdd060ec98070629c83fe6817,25.0
b089354f0f89724bf95156691d4c28dc,25.0
0ec522c4497afe657106a823242c5f16,25.0
676155cb45bb9bbf30b28fe11ca375bb,25.0
183638a979f63f2d45ede936483bbab7,25.0
a83dd443a28f836c84a3431c52a120e6,25.0
a9727a78484e301ee998def84cb53d7b,25.0
3a0d9464f949d26dc04a2d4a13e1aac2,25.0
8f52e4ee79e276d1f2cd9f39186b6636,25.0
d793810b776858ccfd8614ed824ce1c4,25.0
1e1eeb9b7a16eb780c2728c498d5ea2b,25.0
07bfca76246734f6cd62ba441a750d60,25.0
22f5f7178f134505fd65aa9e38d5ae72,25.0
1c40b22bfeb52e077c9e77111dda2083,25.0
49b712be39af04ef4a73cdcb83cf3ac8,25.0
986632b40c38f4240caf8608cb01d40d,25.0
a85e16c60e3462ec7eaec32f98745da6,25.0
e840da610c4332c5751cc1341e988a6e,25.0
4a88b54393c2c3945ebe53fec0e3d927,25.0
c6905d999d1f43ece368224f28ffed47,25.0
7f7b5099d28accf45603fbc7a9fda452,25.0
4a5ad00d2abdca6e32331bfa18f35b4d,25.0
ccb458d4532723d02a5229c1b93cf98d,25.0
b51864a91835810c755a8c3438c63668,25.0
7995a0161ac789e3a05607de1620d517,25.0
2c8ebc3ee57341a532642dbbe98294db,25.0
02d34c287580a6f46ad7ffc395bbc208,25.0
5ffcf72b399d2661c3c65d842934f2a7,25.0
4303f036861990814a1cb67ff02d50a2,25.0
e42b1319fefce9bf37acf91a0ac8c1a9,25.0
27283ca25c73e34079ac7f01091d5a43,25.0
35853760952869ed5b3b7f185eb15ddc,25.0
aff84476fe7c86a9ff8e96d3c6bc66c7,25.0
582e131cdcea2b7111187b649507c4a7,25.0
11999e013d7ed940ec19dfe9e06a3575,25.0
f74ffda5337bc42b55d05adf9dd4a617,25.0
4f5228be61dda0c073c8e0aa01521fd7,25.0
1ab9a596215dd981d4af34b1f89eadca,25.0
90432db975af17615634093966472017,25.0
35360c7bf285a50013e36d0d6fd0180c,25.0
327903ed892960427ddf44230b0730c0,25.0
ecb4e2ae6d1a378c29104322a960c14b,25.0
f04018667ff9194bbaaf6aa27934ac56,25.0
7d2bdba4939fa38bce31b864844e480d,25.0
0489234793dcb6cb0dee7336d7d263d5,25.0
047294a4de92e622ab7aa66d6efc9efe,25.0
4cfac0916604de1a7014976efb0548a8,25.0
9a5287ae4b7c874293dac95b843f82b5,25.0
495440fd2023c2b6415452a9463c6b4b,25.0
9f147f7fe7e0fff905dfb5012ec986ec,25.0
baab884348d4ad90d893b3551521aaba,25.0
1c4c32e3591a802adaf5bab2f8645097,25.0
1a85365fe188f3009be6321042f1217d,25.0
dd290c5dbab7b967fe68512586e8a77c,25.0
2177339c6c7841dd2233b686a3566bcc,25.0
c1e6592cb8927ab713c7d0ddf1980c75,25.0
00ba72dac5dae2776b5bfcf799a956b2,25.0
a4c045252d9ee400da61eb5b562aa8e1,25.0
c21f952b2c5a136d5b3e16d43af119d4,25.0
f372f9c58ffa0981429f594a4c1cbf32,25.0
c9b7d7120a9428f1420035a317c6cba4,25.0
4db36b898bb3a416e703634b1a2ecf18,25.0
ef0097d76f780cd9e2e00fcc456fb344,25.0
8bff651483a16d50c80378a565e0061d,25.0
6df5ddf7676013f56d630c2c02d6d51e,25.0
6a79317484653d64d4045c837500c120,25.0
cc3590e4afbb4b3e056b50a80a6a7d0c,25.0
e8b585de845954e2d1e4cad1aaf32167,25.0
bfc0d199a07501807c534397a935709f,25.0
3ba631e115721e1495950f1516feb5ce,25.0
6a32c358e5138b23bed44fe9d409c496,25.0
6c03466a854c3fe8fee77457507dd5b4,25.0
3f83e3f0ea569bd71cf9e9ae64704fff,25.0
b2b247504d20b61cd474e775de587cff,25.0
c8d36b891159ed970f8236df9eca6618,25.0
6ee45baed0289293ba172055f0dd9011,25.0
051b93f9447590b31046a9a2971d67ed,25.0
6ed977477908860b2d486259c0d5eb0b,25.0
7a4f3a868af0521a7f527d78f5fa2390,25.0
8215609ee059d8fee1f6faafa0308041,25.0
a92bd6e7f927b779c75918e540747576,25.0
736031571941969bbbc111c7d39e8364,25.0
42247da546edf5752cf0a3259d18df38,25.0
92015b6a20c9ca16333a0907090e452a,25.0
97a7b228391be5784f18b6f7e37f2470,25.0
7029afc830c23ccf0c2edcbdd3d1e422,25.0
b26791f21e725f36e32d150c31e68c9b,25.0
18c577b56738bbba9d9f464eca7dd287,25.0
d1e5c4b7583ef6d7a45ba3081b08be99,25.0
49cbff3b820f73efd9e54048433d7f3b,25.0
d3343ef400ee50f5a78951026cdec7aa,25.0
74eedbe716163c409e8fed50c1aa6d68,25.0
d9f3d0cf8f434367e59ed7db2eec21e4,25.0
0fb35728da2eda9314adeb21dcb2aaa8,25.0
0b9f46b80e07d06f5a0d1135de59b31f,25.0
3926b3687da46e8225d5120e6b086ad8,25.0
f784cd575bace953e1672518616df436,25.0
24f72944b81a1af99ec38141a8b93880,25.0
bed3d34b65b77c792816aedb7af9ca79,25.0
786cc4eab38165553b0fb0c53a35817a,25.0
71979836244638c46cc9bb531c00e151,25.0
b187c25688ba0cec4743c82e159cc091,25.0
9fcbfd245cf9237bbf8a3499b0a62c24,25.0
36ab05a0017f0f71c0a7277862e9871a,25.0
8000fc09440cd5334baf5bf5d5ebdcb3,25.0
b4fa6e242596678b57081bd04ec3b3e3,25.0
c04eb50c0972e84c3c4f3bbe3e8e4205,25.0
1f2a41153916d3f9a12652de33b60b6e,25.0
2b01d668726fb0b751c55918c0437b7b,25.0
c6fee9456b9b3eb0238e6a00751064b0,25.0
74e60ab3ea7f793b69d43edca2ddb3db,25.0
dffad848e20daa8fddd888a94af8f71f,25.0
9e39eb9bd22c75888a0672ec4b62d56b,25.0
e9a36d6f6bd1882063e07d44c5eafcc5,25.0
615f225101ea99ece61b5912b103f5b0,25.0
aa4054e518fbf361607e4ebea08684a4,25.0
aa147152bc4793a11d68ff46f5048f3c,25.0
400083d12b8d97a4a5eac5e61b2dcdc1,25.0
6d41885118d1c89e00b8a67eb3e74653,25.0
509a58205dfca20f011c29c2470af987,25.0
95ae7c675a8591a773af47661e236ea3,25.0
d414fde275d1b2888f5acc164baef4a5,25.0
d3635b8eeab30334c8add14ca042370e,25.0
027976d448887bd81535c3328efc075c,25.0
71e08a79efb43d1bc0c00e915e38863c,25.0
e11b9d7e63f6045c6007fcb39d771f2d,25.0
3469ecbf8d28db8a8023596f1176ad3c,25.0
b7a1437787fc4b7ca69b14ca6e9a2ae1,25.0
8a383b32730613dc413d8b0ee467d5d6,25.0
819723cfaf6c94d3b950c01ed2c3913e,25.0
6d6b50b66d79f80827b6d96751528d30,25.0
a885447168d5878bb08f442a38284741,25.0
1eea92a9a3b1c77089df534a0f53915c,25.0
2098ea68fab80113fd93ed9e8ba83759,25.0
5716b7f71e2f297c54b1ebf747b4b532,25.0
c3ec8298dfec9ba5dce54e6e1e1d99ed,25.0
58428a47d1b965403ce77c10baeef5a9,25.0
26328ed3f717aded9acf47ee065fddff,25.0
5c81f8b0458e12a4cd7db4a88474a4ea,25.0
0e7f46dcb6a1a1a69248d18aff27ac23,25.0
a90a31848399d3e06e0633012a773433,25.0
5caa22731be0c213512d14d62bbd1275,25.0
a6bc6a07c33fbae6ac2500e253ad4a66,25.0
cd0cb76ad6731613970ba8f0fdfb1beb,25.0
95fb58d534186ce930bafef130186371,25.0
0312f2cc870e861cac88a34c9ca5f21f,25.0
96e2d32c707893b312fabc1c8bf98086,25.0
bc03dcda353f7288cb3b96f09e3d1c04,25.0
9cecc6c6b3540b6d12bf4882fa423cc6,25.0
c99b3cf4d3a8c1829fc7b4c71bd3e43c,25.0
b1b12d4f09aac15cf601f1dcab1897eb,25.0
a82e9ff0e0827b81ee686925681c9722,25.0
ec315ee859b4a10e3c820cd713484239,25.0
0a8c994d63dcee9298d895688ba3c358,25.0
cd7cd63216b250f2ad1f56ddbf0ad588,25.0
7982e84c59ee033ee1ba6110456f3f6f,25.0
f576d271960a9c1659594f2d28651ae7,25.0
af1fd846bda509c70e4fefbc3b1961bf,25.0
be4880733bd41d1f0845bb4d349a0c35,25.0
6bf53c0067f2767fae85806f61e89187,25.0
5df3deacf869d5d2099cf1e621df7073,25.0
4ef9da47696b0911b817923eece66552,25.0
7c011d1a8f790c0a6c54b7b83a69fbdb,25.0
3177b0de4bbcd569c2f5a0382564beee,25.0
dcfcc8796b47089b9fb9d73e06011085,25.0
8063cbc4d11f16fcdea4114bf325acd5,25.0
cca5d26d25eee25b59a3f801a6fe855e,25.0
9b9f64bf1d23bf49f07be39cfba70a71,25.0
0482519d5e3d179e7a3b00d6722bed50,25.0
14c0eda93d3dc8b6f42b925e9edcbec1,25.0
afa7211b120162071eca4c10ebf7d415,25.0
d3d14e3778714a38a67735307ac56a73,25.0
443f70a83cedbee25cb20bffaa9b275a,25.0
76bdb58cf8cc2210c81ad6d464e99178,25.0
541a57570b1b589aca128c8f8a849597,25.0
e6adec1e4d0f3967305473a5c0a25e9a,25.0
7db89c45b494054165b374d2b7510731,25.0
48baae4b0e2d00b9523c8753ce7d1eba,25.0
5284c4d2691988b1689d22d04a002d34,25.0
2132a8bd65234b13e7550a593315e747,25.0
005c611fb96be942e75d22129c370268,25.0
4d6a4d801f7f07fd8e3f52f34d5b41fc,25.0
1a72bada5214567decd50b77bfaa22b6,25.0
5adf08e34b2e993982a47070956c5c65,25.0
201142652b8594b971071e2242e7e0be,25.0
678316fc81f8e125073131039e379c77,25.0
8bfd5527bfae3da870486c826393948e,25.0
ea66c70e2b9d026070e602f959aecd6c,25.0
1d9d8fdfda9ee5c0fbbc6b93e2ceca65,25.0
c2cb0597cbe5d39a13674ded580b6759,25.0
d6123842c48302be7a8d2d21e0512d7e,25.0
02ddfa173e4b48752e94d36f0a12872c,25.0
fed77c9c964215dcfeab228ecb2626f9,25.0
1879e758287c0d278ef4b40588ac9ddb,25.0
b32b3f4b527cf062f07794f0aa0c5998,25.0
9c7698f6d1448481356f97b24097ae65,25.0
65b807fbbad4c599dfc22b66484d093a,25.0
2a9fdcc4458df62d3e9fb21f7d3d9fb8,25.0
8229657fd11afc46e7e8c6be1636c80c,25.0
7c21b22cb0e33c875265ecc2c0b772fb,25.0
18612b0caa6abd8c64a1240be7f0c06c,25.0
bc81405ae7e0e0bb10ae88990ff202fa,25.0
259e07ebcf2a6be5fcd98f01099eb7f4,25.0
90a0c453124d8012f583f1bdbd77576f,25.0
f7ff526094d4b81bbca47f972f6e6502,25.0
3939af43f9b4a4f2342dee7dadf4c1a6,25.0
7793ba04890e84aee53d94009056bfff,25.0
e9788089e15b55ddf13b113625bee049,25.0
57b75c59d4f813507155eef469253b5e,25.0
8c83eead8d1d109caebbbe3347f82326,25.0
973e21d9b220229aedc9ac566294568f,25.0
02ec1c4b32120c4399b8f52a36dd651c,25.0
415058f56060d61d50185cccbf45bc4a,25.0
114160a5c0479d82ba49213e40a690c7,25.0
0cbc00da55924e1b714a2884440e8026,25.0
ed34da9abb1d9f7a8d64d9204d8a9ee7,25.0
efcd7d8360b578ca5bc76b33ab4b3aa9,25.0
07ebdcd609056322ab696bca753690ee,25.0
9a4108082d43d4f287f1f71297a88f8e,25.0
3f6b07e03d873bff6f46c0891e4c3274,25.0
cbf7ae8bd29c80d2aa52706ab5858a74,25.0
1fbc6ac732dc145df4be72bd4d75ca04,25.0
579e33db567e6855412d1fc58cf90c30,25.0
c79c3e6b34a5e7179d3a6ea63ca48ef3,25.0
3a2d68eee79fec2603b564e1e0253c75,25.0
918fdddfd2af4b0037a357ec2af96e8e,25.0
fd296940ea15b437d576eb81a265d3ad,25.0
b4178949fd16cbd3f1f0c8b00e7773be,25.0
da0ba1ed753b77d67d96cedbcd093500,25.0
7fafc8356551ef67600a3f6359ac6d6b,25.0
d1b1954bd4057745504921f2a9ab462a,25.0
ce86321953a0e590bef64f5823dac5fd,25.0
e42998ccffc48dc87bf70b37e2d61f33,25.0
32b346000cfac774c373c34801efc258,25.0
75bd55864b7610a47980ea0d2f8e925b,25.0
ceac56c242d0cffbee3c4f5c3335388f,25.0
79d3c514f1571f2a88197b1e2d9ef859,25.0
f5d5492dc94a7ec64f842ba6f34220b2,25.0
5f14698630f1ed4e0ba7070de560d8ab,25.0
30af5ce2f2a3f0686c494d7a819b653a,25.0
35c4ec67fc777b98caee64bd92e37276,25.0
a44b5afa2f79b679e5553363b1b0d8e9,25.0
95556f234fd4ad5aa8872f93455430ac,25.0
c142fd8186cfdd8c1ef9957f24a419fe,25.0
c0757f19964e56c02b05e41d1ea20879,24.99
35acf0e42c5446de6cfaa0d8637b2177,24.99
d5feb26fb82922d91ca38c1ebd732861,24.99
0be79ac69f798b1d2b2556b82118940c,24.99
2445e3d4111363be3afb60bcec7b13b5,24.99
02a9194295f0ec290cebf3a0e66c98a4,24.99
ee7efb55168b12043c19a6a2a2defbfc,24.99
c0e3e7ad59830b0599932046e2758f1a,24.99
e139e0f648f7eec0a23a81ee995b5c15,24.99
e9753790630a0bf9f483e4b9b5defa14,24.99
6755d9a5c01a3b3fd35c84dc0601ea3f,24.99
c7c90262b16c46073cdc9feef45807ec,24.99
8450bc4f0cf0fba040163c4024ae86d1,24.99
5581f26ba2dcb90e8c250e0850c66172,24.99
0f3cff4437692098bc1a61b7539d5ab5,24.99
927b54eb6de52a0d74226dbb8ee421a2,24.99
9c03b9d76e917b5bb1aeea1a958cdbe9,24.99
2c44ad3fbb48ae0365b9479459d7fd86,24.99
4838991c7e42996e65f9386f91b1f014,24.99
e6d617c1fba954faad8b4a49340aa91b,24.99
4fa7e6404524c09c8580c0c8321e5d73,24.99
5d146b89f4c6cca290b3470a4bb12bcf,24.99
70eb2dbf20da55dcfb3bbe2cb2cf1fe2,24.99
2dc8d638c52999a8015152034bae940c,24.99
e4d6ba69993bd33692d7375d53760368,24.99
8dc4d73fedffca48c65737dc38ee03fe,24.99
24adea0f827b75f7778fd571a8279a04,24.99
0b607303227b58cbf5132b0107f083ab,24.99
f410948f43b18cb655584e4bae33910d,24.99
f35348d2516c693a6639be6ac3d9733c,24.99
22ce9cf0c503b262c657de58e910feff,24.99
85051f9b3e9909676bf77f69a2c05b20,24.99
fa2b6bd3224edd5a751aa1436a43b6df,24.99
c0d3af311caad01cc8343a88fe70fdf6,24.99
2cf1f882e75cada6060e4e5405439910,24.99
b182111e7c1d0df1d8d41d1bd8780459,24.99
6d3e9ccd146cea260421e9a7bae2e63a,24.99
661cff3ba09ea874f45327a6446c589f,24.99
b66808c23aa8f646bbd3ee4326408c22,24.99
cdbde24991a0b156e7608bd872df8747,24.99
b154a09d611816a2bd59fa2582e5beb8,24.99
0d8bb1033198b1b6307a25d62cdf7a84,24.99
925a4a6429fb63b03059dee4cf0f3893,24.99
a2d6238c1021169e67182c2c79c073f8,24.99
8d2502669799c13d5a67d873981ac627,24.99
c682c376b07e35cfef480f78d130f14e,24.99
6244beabb7ede1ed41989186f653af57,24.99
e9bbf60574bee15453abd038f051fd87,24.99
9c18c06ccf9b2fafcc5f956c5b145212,24.99
baf83ca8fb2533044b834d2cbea4cc26,24.99
0df09c2ad80e94b02f0c8443d7af54a8,24.99
ab94e21f2a91608d501cfa706b22311f,24.99
7d5d6cb399a372b0d4cba689204ffa73,24.99
a483d29b933f7cdd870da777f32e91b1,24.99
5f7180ee849e6af7aa49bf7abf1eac79,24.99
46b1d20a17f31063b2b4e545b041f920,24.99
93afa747dda61094851bd7130fb7f10d,24.99
e760d2986fa5c424e303e1823952e3a0,24.99
2f7928483e82e3e5c79c091d974985d5,24.99
cbaf40a8d68ae96197afbbde97f96cdf,24.99
87edd217bd6fc063e3bcaded331967a7,24.99
e7a950744db9737695ce38bdbb86a2d1,24.99
02973b8aeee94890bbf4607d739eb695,24.99
6ab2063710261f746ac7ad58c7a8b29c,24.99
0f9de5340f8ca84a67a3fc4e971965cb,24.99
0da38d38529e170d768aa55382969f6e,24.99
a800c02178bf99fd9d598cd9f3ba913d,24.99
d6d2004b0dd3b0fce72d46fb5ddacef9,24.99
d1ca2f71f763751aed6278bc5916151d,24.99
8a9d6b437b4293c0b16f072a5b3bddb0,24.99
5941f2ead2367ad1fc5e41aa59827cca,24.99
8ba554a112ffc1d5fa1b0127f12fbaf1,24.99
21a2204a699b3d942101979dfcde14fd,24.99
c5a83a36542fb543dffbfe28c546d771,24.99
66bb855c7ef28a416ec9369dff7f44a8,24.99
163813ee16d084d8f3278a47fe0adcfb,24.99
55df82d9ca2503a4c310c29711f5bf99,24.99
d634d6e1af671a92e9a459b53eb37afa,24.99
b967238a0fe0ef52fdd75b99f50ffde9,24.99
e38e171f81900e949c42cf7901227c37,24.99
b25c961cb9da931b083a952527eb8956,24.99
0c9ac93ad6076cff6698e19b74bda63d,24.99
118801ab348bf60aa1f636ef333ab3b3,24.99
1748b9f945e5b64b45417d766da4e07f,24.99
488628bdb90ea8c05e4c99a67502bcc6,24.99
6f2a9c58f3b6c3f558f59cefc2db5eb1,24.99
1b0555269127c13e727a1f3cb545faf2,24.99
22688fbe08d1209daeabcd6c40590d1e,24.99
cc621583a15446fe45b11377aaab3b58,24.99
641572a061cb58aa1e035fed93eb8ac7,24.99
7c10f2de074270cfec0085fd54e2779e,24.99
3ce5c358d749717eafc34f955b20b652,24.99
d07f08ab374f2e4641e41229fa0bf264,24.99
f65b7e28dbf88958e959a5908d042721,24.99
ced69079132953e26e2991d8962707c5,24.99
fe756f52f769ec6db51cb6900bc4ffff,24.99
88e9130b2f120b245d2bf74f8be17b49,24.99
0355d9908ea1ed8e05ac5402d84e250d,24.99
769689473aa6afe55f558d59cf032564,24.99
e11b56593ff355a003b782dd8e4ca5b5,24.99
763ba5390484c76a0da323feefabbeba,24.99
b4dcee8e4c365fd4be547bde123c7b52,24.99
90ca01da75922b7ab42c97d1726c0d46,24.99
fc71d4f0cb765541e4498d257702421c,24.99
14bfea91b8c15d200b1eaf45add92e3f,24.99
f5798cfca279c6631c01420e1dffe011,24.99
ee3d0e96bd93b2c776b711a37ed97ed5,24.99
33e121698cc308d56daa525cf4d590fe,24.99
1ad154fd069294912ff3cddb15bef71a,24.99
dcca8e337decb11f366852c75ccf156e,24.99
adab95e6495905a75cb6945011a6417f,24.99
f90ea0e649c53031d7eba1debc731684,24.99
5c6fc6203282033c16b64ea68ed111e4,24.99
a93eac6d356ee6a02cce6b74a9e9582e,24.99
58f2a6ed0fb6042ee5b5e057ab9a9264,24.99
14061438f3c3186725a55ce3bccf1e6a,24.99
52539b4ffbcf1b0a08b8cd35b0c09f58,24.99
a9d6d93225edcd259f4cd5e10d5ef656,24.99
90b0204545329550aa9f0fdbb1993f8b,24.99
620f37f5fe5c09742d29632f11f2b5c3,24.99
8acf16482c568e6913258237828de442,24.99
29dbe12ea4f256a60ddbae03a3095483,24.99
002b24cb2cd0c3e575040dbd278885e3,24.99
418e8d9a30cdd26678265116e8f06ca6,24.99
a8358238f44b4fc7e18c7fd54404eaae,24.99
226f45581c1b5fe6ab7ac0d9e060a2c4,24.99
e3d025dfd872e46859d611e7a73f6c2d,24.99
8dcd97f29f39cd61f731b3272b169ba9,24.99
4d77375c6dcb70bcc7e85e9745a7f61a,24.99
04ca9bac2d66158857714c87d46e71d3,24.99
33fc7d02f8927c6df7fc760b3393ac62,24.99
9cec617fc8c3c3bce39b8133c29efad9,24.99
131764f6a14ca2016bce014a174c7e52,24.99
f8a47173358e2982a9f69b8d2193ae67,24.99
422b2ec0d521061638cb428548edb1ed,24.99
9b9ea842cb5ba1b1053470deb4bd218d,24.99
3842b8b3c6817109793631ab63ce7adc,24.99
69fed80679956179027ec3b2df9620a1,24.99
268618e50b74d8bcdd12b134768be28a,24.99
ba9b41828fd89282e79e2351f1780de6,24.99
5498bd0b82115fdefdf65bb638d581c7,24.99
de62761e79f4ae4169cab45ed5f36026,24.99
d67b34be0c688b831f3312fff2c1be17,24.99
480e3e3698cb26e939392b45b126ea33,24.99
4ad0815e1e40e32ab8a2d160ebfde705,24.99
6277bcb4dd0c639774402e4e926ca789,24.99
c310be8c551f841b3cfd2f74f91941f3,24.99
1adcfb4ea0149f959526939db0931e6a,24.99
d03195784405b22ba42a0d473ce01c26,24.99
3d563f75e0e9a0ce00da6f3971e87176,24.99
d2f3a09f97d3d7711d2b8b15993dd275,24.99
bfebb91e718433a55143ee450423c983,24.99
2d7be18e8894ac27d2ca4eb3a41c285f,24.99
dd27a8972166033eeb2e57761329d5db,24.99
67817eb4255687172606062046a0c192,24.99
f9796700c0a1d4455471776293bbbc09,24.99
3c041ed6508172bd338538fc864b8c5d,24.99
eeca7a31bee228b240306b42ae2cdbce,24.99
4b88365b45f660f21ad6d56557871ed5,24.99
c2941f3b96e73ee4e9011e091d332f61,24.99
732076d88a07da72edc17de98921cfd7,24.99
75a5eec268100626448740524990a0e1,24.99
b8de067c596b5958e00ede990b3af252,24.99
4f38de639d3026c6230908f7fc9a2bd2,24.99
39119bb2242505507abf7a9d42f89401,24.99
e79f494063c25f5c673222d8a2cc6f47,24.99
b44a602aaef761328bd8560c2c06aede,24.99
7e3721f04862909bc9e85394898019f4,24.99
5c73080fe93e1ba7867bcd53ff3b1839,24.99
a553fc3da086e1b8754b66334d280126,24.99
4ef4f99132bc7ad0d21bb0a7487d1fce,24.99
b8f158565d343db2594050418aaf54a1,24.99
8dbd6359052e0bf74f6f9ea0c2f4ef02,24.99
7c87a3891b2629848f3369eafacf7e0a,24.99
8e788b2450c8edf1410976f0e00ab0ff,24.99
c672861bbdf2364414603b0b8358f2d1,24.99
89636364bde857c5d73d2a64036cf3df,24.99
63a9b8aedf402adc02e56503c174a3d4,24.99
15227c626cb65b59e12a8bd141e85247,24.99
5c969134db33ccdbb2cc977afd380333,24.99
6db6743bb811ce44727fe1176ae8f64d,24.99
a283df0eddc285d223a925e3ec1a0067,24.99
95df670e57f84a2814b2bc4f6b8cb5f5,24.99
298a8c70a96b6e4bb07c44841e5ddd6b,24.99
a2340342c81e4ecfbdb7c610f07276fb,24.99
ca1f7e87f054a7fb9e7eee3635387710,24.99
d2e47cfe6b8852e27d59b097a10f6919,24.99
b9ba9af563885055c7204c3b25357f0e,24.99
9175d54249e3be30456ba3e4ef216af8,24.99
2b2952b3bf40dd1863ab5fc6e6100951,24.99
ebf28472ced6d1aaf751af1592f56df6,24.99
3f887ff09d642f0cfc712a5f6751c5c7,24.99
8a6feb569313c15590ec16714502cebf,24.99
365f59acfd69dc1ca68ba1da9098670b,24.99
c3d9f985af9d83e5ce6304b61ddb0c57,24.99
3c88487f2410489139ebe9a219e728fe,24.99
914863a1fcd2e6a74c2ce3b8ff7f95bb,24.99
fe5c95fad477b1281c5c4ad51be44f06,24.99
9bc4a258f344f7de44ca841d25a497fd,24.99
deaca55a21b9248b34e823583f5ddf34,24.99
0ac891fe3a0a4752f17f6003855f8779,24.99
7d8bd19a34c042267967b9cf76c279cb,24.99
8001a46c331af9144942c30dc5b12141,24.99
914fbfc75fde173611bb46bb7e594358,24.99
0b00caf6f0d239c5bf7d9f992cae22d4,24.99
31f1c0fd8437c853ba570d7ba55f64b8,24.99
95b4155db0f673fad4d9e793396e4bf0,24.99
1de444c2c8dfd4df7003d1d4b446ef94,24.99
406dd0da809653b16826de554ed06d3a,24.99
f15447473f2a1247ec9c2c4441465871,24.99
635ce7cacd8a8962bb1281ad48353fd3,24.99
784c407781aa34749a388c9283782b56,24.99
931cf856e7ecbb379fae8e9b75eb4be1,24.99
ea87b0f18aa383b735614e4fcade26e9,24.99
fe259b2c6d1b0081cf8d8c83e83437c8,24.99
ea85147faff1d8207aa36ac8a66d972d,24.99
6b7de6f848b1ddd9771fad2cb4146307,24.99
5ecf2674a682ab735d6ab9208c683d48,24.99
8dfc83f29d83da2cd183ede5f40aa30c,24.99
c6792caf2401f9e579fd1191e263f819,24.99
94de4a73d21c497efec22433a67a6804,24.99
ff8f73eac7282a36535b5deef7360ae2,24.99
38c377bed07261e25c63e572d14d26b8,24.99
520ac67588ffaaf2c60691f72b4a7dcc,24.99
9ba2e6e771a5ff811ebbba993f2b9f6c,24.99
6b18bc17b44b24d637f36f969ee5f64a,24.99
848b666026bb6ef8a5b05e5ab556109c,24.99
a264ac5f06534a0068374ff8194214bb,24.99
12ca54ef905df73b98dcf7ccb0b92d92,24.99
50fe74772bbe79551d435c4a6437775d,24.99
9e9870b09d19b1a033d376d3f383f362,24.99
826c92d1c51b9887955ed7e056b293f8,24.99
d5b6785ad0858259574a16b9a577d5be,24.99
c9c97a0dffedebf3619790954219437f,24.99
75d3dd3b7505875bb7eada66fe90e044,24.99
ccc8c0890069937d85d36bc228d71e09,24.99
5990f7c1a76e6442f8759da9aa555d21,24.99
3707357d878ff449b2ccf59b03acd9d2,24.99
285c78651011aff5604aa51d533f034e,24.99
5015b446c93382510a9e662ef293c54e,24.99
5cab98a898f6810fe56ec4681fbe9607,24.99
f8159d7bc74badfc1eb4b44b54b99685,24.99
e27fb9b0ee41169cccf9f0c4b9b7cd6e,24.99
26f5d944dda9c2754dfbd4e5018169d4,24.99
0107d0717619fc7e17ba5fdd7c9aad36,24.99
0623ac95ea8764ca730185db76ea56a0,24.99
f6fc9313a57437bd8f40d476a6196b2e,24.99
ec6596fc77814f52f27d1cbc1eaf2a1b,24.99
d4a40e2c4fd8890d35972f1062139b45,24.99
75a4c3f7bf2e1ba622f84c5ac2fb73b3,24.99
de406673d1ebab073424c7375cb0841f,24.99
410283cc80041c4e264bebd76d51cdad,24.99
c7d2d46aa7646d51626088fb291f0aba,24.99
1be71d8de2deaa2f0956d9a4feea789f,24.99
5a8396f758dfd82cf1a3db8c5be0ed5d,24.99
15512d8df95be063e49bf8b29c659f7b,24.99
6a352f86204a7bf57c6d049267508794,24.99
123b19b05143cdc8bed675b0470a76e5,24.99
abdb0cc9c57a8bd3f6d33066f04c11d9,24.99
66acec0b594d1e6da7e248d3172fcc43,24.99
f081a6d9b9934d107db41cd0e35fc36d,24.99
8309c7cc18fb32c9b5678db4f66b6bec,24.99
2fc1d7949996e14506848b1086aecf75,24.99
68fab7c6b16182d860c5e6fa35866350,24.99
f43a7529c551768c6df1c74842568ad3,24.99
b3fdcbf8fa90f08580d581cc28f3d38c,24.99
cbc5c5990f9987b6ffb980cd2651a4d7,24.99
866e86e72ee6ed3e942ee847c8439b31,24.99
010ebb5ce5da9367a59959153f083968,24.99
65bdac23aebd44af1c85c71c4acb5c6b,24.99
95cca40cba8d9b592aa024f66b6ded35,24.99
38631c3e9dcee572c99e01ab39a41738,24.99
f10993096c40b8d553d468e2ea4ed1d7,24.99
1b05680a264c3a8ef32e8062cd965438,24.99
7a2e59b53759c754c5ca4611bb91f7a2,24.99
59b142799358cbb79e045d6db8cc1ae1,24.99
8d2869f414fd231d62dabc5d84858f66,24.99
0b8f6ef5f2557dbf574cd499f975164e,24.99
d452a5b89cea2506ed5d8e032964787f,24.99
3045056b6b9b04bff9db68fd9077be23,24.99
6575ac03728dba8daf9423c92e8cbd29,24.99
2432c837b254b9f016e2e901f69afddd,24.99
51173af296cf2851725cc45c81159dbb,24.99
a345cd3ae230f1028a9c995b9d03ad8e,24.99
2d5961372f483e6ca5478477d3289a14,24.99
d23a0559b17d49af3cfb63c141bfd08d,24.99
f958257e75b1b3b9a4bff40960c980e6,24.99
1c34888248845ed3c9607a2652adad9c,24.99
4838d27fe53346a026298cb930544e69,24.99
5081063a33c7f6495635c86acf14c90d,24.99
b08c2a9e3021776272b765210816f89a,24.99
410697da59f581a4f92b665a15051cba,24.99
636e15840ab051faa13d3f781b6e4233,24.99
5c8ef9c2247f72b079fc88ce53e7ce41,24.99
6ae3c599633f7062d9461ae2b1ea8b63,24.99
e8e5b48e333a470d023ca944e6541d6b,24.99
fe1b37f3aa6b2fe245e6b8eb651d7d07,24.99
b25b37af35d195a00cd6fb159c9ab976,24.99
09a1d8d34896cc9569f3019eb0adec48,24.99
3334059300fd837f7bd7d68481829fb2,24.99
863b6f610daba16f259325f21c9d8797,24.99
1621186550be18f3174537f01be9a088,24.99
d9e67dbdc0e7ff5a0ccbb30c9414fbd2,24.99
268df4ebbaeefe4a9d54c3ebd1dcfc97,24.99
0eb39f4f40a683dd63f028cea7c9ff92,24.99
1a655f9c2a5fd2c3e77940ffdc848989,24.99
6d70c33e10fa878c843dbb91ab0bccbe,24.99
feb44f156b74bd87b3cd5c0fb24db4b0,24.99
4d859c1cba06922887a78b10550b3c61,24.99
a0b18d05551e69bceada8f7728f4ab27,24.99
e97a610088134f06228ff807008f5b55,24.99
7100068d2eb190d83a9d751087f9bc31,24.99
5d90c459057d56d74e1299113a657887,24.99
7646338721482cc1c3429c76ae261c94,24.99
7029100d659d87b7f41d16c113f691e8,24.99
e1ecd9067948f47eb91b3adcf198c878,24.99
64be2340e952f10ca10afdc59a83d754,24.99
c1be75b4986ff43a17ea5886cadd21a8,24.99
4de495b9945a8375377fe484c4e14269,24.99
9ccf6b48af95bd14f7997dee8102b698,24.99
4ef52e0e0e85972d96726c34f066ca06,24.99
e5c3f816473f39db791ac547d04123bf,24.99
24a7e57f0bc1f83651b27e128845e8c5,24.99
154e666b681104319714a99a3ab71e44,24.99
67fe05c7d790985c34d16dd76d2a60f5,24.99
3b099363e91e8a8de4ffba2428a1461a,24.99
bca17e0f976a6c87de2d2d7d1070bf4d,24.99
6d6221343635319264386c8f977b01de,24.99
9c197102aa91a3b2cc7070559ee4ec06,24.99
d87500fbc50819f8f7282cf5add00b05,24.99
ffe6224c02307bc5fd2e5c7566bd674a,24.99
09740ab7c2513db9cf9e691b9266d292,24.99
26e5c2e1e7668eefaeb8167189969593,24.99
4e94905925e1f8fb4eb6d57e6e1bcaa0,24.99
c3e980e42f61eb41b268977e0688d858,24.99
82af4b6b59693e1239a928ecfdec020a,24.99
fd33257e245d8ffd4281adc1ffd97f88,24.99
7faf9c260f51ec1b1e441defba82da35,24.99
cabbd0a88757abe83b169e538a0075a0,24.99
e37bd7eb6e87c6a9359af8d765efdd6b,24.99
7a19da91886bbecaa488400764cfef6b,24.99
a01db3d31374817c4f5694fa39498580,24.99
74516b8193a7f9118063c50052dfacb4,24.99
817c0a5bba6ada57e5de2262bee76be6,24.99
cffc1605fbd8f27a7b74170511a65263,24.99
47328fd43124ef373859bd187f731bd4,24.99
25c6702d4b98e41d6bc8ebfa53bafab5,24.99
cd259f364efa4e2633c2d2d2dd6f25c6,24.99
1abdc49c7bd22f2db9b6a05c45628561,24.99
d7307b15a7f81b2d0a6b89c6cd258feb,24.99
97ed0aeab356413bf2d96d48e779b0d1,24.99
9e0c3d9fa27dcc05361fb6b771f112bd,24.99
92b4a5ec884cb9c319b6daed5d1436c3,24.99
8beaa2764a9880bd5dd4872d4c49c9dc,24.99
dee7ddcec90991cf0c9425681a6cd397,24.99
914db96caec65d45202426db4679490e,24.99
f2c08c6a66c51cae87e9c931f97a022d,24.99
45008d0eee380262dda13cd438627733,24.99
3327920ff65dadcbfc7f2a44a772c2f2,24.99
c35d3d5d1356c183c2742edd2f8ccbef,24.99
2283082a4205df69547d4916bc5d2f39,24.99
1c2042fcc1e820e5b082360eb63e50a5,24.99
d6cabea39275e01eaeaea9945d2380e3,24.99
71f9bdb4f628bd0fac32dc9b10599daa,24.99
c6ece8a5137f3c9c3a3a12302a19a2ac,24.99
b995f956b15b59222e2a3ad9db72d562,24.99
b29693f7db88126b2b3dc47b54ab7d7f,24.99
1eee145a6e298c2b4b0529960fa86368,24.99
e49eaacc54850c6362b04617ad4c01ea,24.99
1632dff93175c88a137a7aa512194dce,24.99
c3251a68f1a4b3225f7f861a5693fa49,24.99
11ccdef696a84d0671c602467bb81e2a,24.99
85ae2de087457515b13ff3c7c21940f5,24.99
418398a534ddffb19a62d282e8285db4,24.99
a86e0ea205c29c956c48693f8072414d,24.99
31e6809dc113df6b2a79119065ffa489,24.99
bf3ff45ef1629812b02d5dc4586fe3b9,24.99
e41b352847236a6ae426ddbd2c3a4e1b,24.99
a96e90e1d85a06537da3b40cec3df48e,24.99
614d9a35ed61c7af987910b2ff13c6a3,24.99
395a74da4bd6d41e8867f99a608557e3,24.99
64b455178716b45aadc159d5470bb0d7,24.99
04361b218639fa1eea85ab84aebcab7f,24.99
dc74aac682ad015d9b0e0fa85182e16f,24.99
14fd3eba514b49c33317f567ae94a1d7,24.99
790de1ff689b80e2cbd3b7dd5e8730f4,24.99
60d33aaf1226dd0914d98119609f8193,24.99
bb5a8eb623c125a2de9f652361313c11,24.99
66d451e8b96fc3b1c1c6aba4e5cdf6e7,24.99
7dbbf2eaef71edacbeab83c079cf2097,24.99
c4ae439f6da7c54c9f4f033a0c6644d0,24.99
76450ab5f073123d0790b5e02e217694,24.99
1b8fed4c8a4c8f879319e5ce374ecdeb,24.99
60bc46281adf6d71c2ff094ce21ee185,24.99
c65bb93c8eae9dc1b2031abd3855ca7a,24.99
0a5711926203d47f8b6f18f5443bf868,24.99
067f6ee158ce40dff3f69c4d8c8ac676,24.99
b9fac19ff1ab49a185c3d0f51c6c1d26,24.99
5c9039026e45902bdd7d7491e04071c6,24.99
224689d429a1c827143ed03ceb6f02a5,24.99
c0e76b5297ff8e89cfa37649c34d08ba,24.99
11f4172096c062f11e0da57ad9817572,24.99
2a1b4aa479d83b7185ae4d295429aa78,24.99
12658d23a028a4fd61c6ed1baddf98ad,24.99
d5963ef8d85391ac76157ec238ecfe6b,24.99
60d8ab975103138567fe656cf30575f4,24.99
df57c18507600c6ed4e010f3ebdc516e,24.99
274ae39bf372e0bf2908736a9bc598ed,24.99
37495158e596d9ed20f3a53e8beab81b,24.99
4db36b53a65b2205be83987ad42f2e54,24.99
53fb54e7d01b29d01ba8fc1e6bc911ab,24.99
818152a30285089f1b46dc548a601c71,24.99
30d7198ae94852e95a5afef8039145e4,24.99
199b9ae9fb9231bc21cd1c2ade5ba3be,24.99
a02c2320d8817ed7627ed4135a5cb33c,24.99
9bd57151d05cbdea4a2befd59fcdb619,24.99
c0081bc30aa145f28ed9b2e364453f8a,24.99
05ad208d1e3ae7d49fc33c89026327d2,24.99
11898977321d3640884b161d1c2a1baa,24.99
8528519b94643c712497f8a043c85419,24.99
17d2f0816ddba47179811dd881c365b8,24.99
698e47900576a48d6407ce5b61a17542,24.99
75ea68485f36b8c728d852ba4fdeef28,24.99
c4d8e89a0bcb492c465bd502fb31f951,24.99
9e384de3e192c7bdc6ac25727a86e1d7,24.99
c01f50d3efd1bf4bc960ac76cd51c7ac,24.99
5c7a7303e8349978d086f3e5f349fe34,24.99
0c41d3676a3676b647ac6a973f61badc,24.99
264e92bf199cee82e87af0c8552aaca8,24.99
381203b231c4d8177a36dde3cf607251,24.99
68cb7fbc85416655ad0499fcc7fdb9f7,24.99
de8e33a82d162c02dc4dd95ffe7fe42c,24.99
6d4c670ec12bca4a383d5841d79f5952,24.99
2b47bdaae674f41c9615e2b9acc34af9,24.99
eb46deb9e3c7469abf39577b396e5346,24.99
aa1e76b30cd8d6ebba19900d1352c462,24.99
a7a63610c00d78a97ddc2fd9a6781149,24.99
7c8614fa7b6d8e01edd96e32f3454bd1,24.99
fdeef3ab1f545e40afb89b67d3979118,24.99
54099127e93a69b6697c6d12fba8fa2c,24.99
f869a316cf822314413688ae6acad6ae,24.99
7be38949be81f033f2b4bdbebcffa33e,24.99
bf8408dbf7fb19840ec21ac0c8fa345a,24.99
3ae4dfdea4e9a09272a08f76428ac8c3,24.99
95073522f03c913b18f3007419e2b644,24.99
c59c75806862d36137d6aaf84f2a5679,24.99
579e8a264bd6a1f8c3a9c30739e3ff75,24.99
3fdbd8699d78eb58d46568b3f112ae8f,24.99
f80a53e3f59ba7c4aa9675cbb7ffb67d,24.99
79a8d929b59a590629d79bd9650425fe,24.99
ff09fd7b29e7488a8d8a20badcd8befe,24.99
12b87b1952a8cba761d2c59013865995,24.99
522317a7c2e47ecd17ef8ce59f875217,24.99
4401cb686f98e0903686c15230e9e14f,24.99
507d2314a1a7b2f0b0f8938b474a7ee4,24.99
56d81219d0478974c287e04cdb0c8c6a,24.99
020b0645ceac44c1ae2de1ed2bc02b54,24.99
f59c3b73fe7833bf53a1be19a6f17c81,24.99
a271cc85337445daaac5f4c73fa27f5c,24.99
1eb4e9e99a7e90ee262bbb995dc5b983,24.99
a175acdd7db7e143800f80a43e468b1d,24.99
f7bb3f874b4c1d0b726682b4c8543a9d,24.99
6dc9f11ae0d73ae1d360fa325168efc4,24.99
cb8855bae6bea36802fe3e297ea4bcf2,24.99
8dc29d61d9c74e70c9b5477ffe29f0e2,24.99
99dc64f03cfca5952f1ea7dd668bf7b3,24.99
d85c5d6bf587adf9dd4852ca1d189834,24.99
02e5b5ecce34b118017c55151accfbe5,24.99
caa3fad70b77994e203633b13ea16118,24.99
6f25b09936ecacb28520224addc912df,24.99
4dee9f4481876294efc334d9b05045ce,24.99
7b3a3ec1498bfbfa893ff037034cd0a9,24.99
17d3a01bdf43e1e6b3b756b452285ff8,24.98
7308c3369ae037a966d083e24201f698,24.98
c29b9637c3f255eb4b91e01a1f905f60,24.98
e0a1d2de2e8046564b9c4de4a47ceb50,24.98
236d99d977ae007fdcfb4bc845fd4403,24.98
b0f7d66b4d70db11231afb73b21560f6,24.98
54e217beb4b07ffdebc14c428e3f240d,24.98
efac88cd236a885f89eb0e3c60e1c0cf,24.98
9b2b6b3aaab4aad31418c0c345114a18,24.98
96d410aaee618eeb06de133dba6b447b,24.98
6000951601e16e89bf2430485e01f796,24.98
bd13ebe5d7f8f2923430da33ffcf40ec,24.98
9f366b050522ce0b0a0642894cf42465,24.98
5d2e8807a328cda04fac87c577496439,24.98
e405219e7366a91eb22f74d3926415d6,24.98
ab55387d1feda27c9ce4b84f8f83738f,24.98
9bd2838fe1595ef6511b3db5b3617b02,24.98
e137e57001df5ee4d2cb03d56139f2b4,24.97
a717d4cccf6200ea92a5047cb00364db,24.97
b317ff7aa0f8aec84ee237363b6ca0fd,24.97
10a0f629db265627fe8db34cea5b118f,24.97
a5fc400813ef7b63bbc32b0b78dac4a9,24.97
10cbfffea4f804ac1cc68a8a558424f9,24.97
8c7e7585d2e4bd2317400c56295124b1,24.95
5480317bcd36fbf6258cf6cace8142cc,24.95
fd679638cf2e396b35e20a5ed75316e1,24.95
0d6041c3775793974d2fe45052568155,24.95
e8ca2bcd61f57125dea9b0c5675971dd,24.95
ed555f377bdf73a1daf2fae0edb9807d,24.95
e627e72eaa302b81ca6fbf62d1fc0e56,24.95
468e665c6f787d6cd555482460df1b3f,24.95
1cf9cae1ae8dc035e2285446b731703e,24.95
73ef39f6e02433d37c9831e22b783924,24.95
556ab1ee7c3634931dbf4d769b6f6e6d,24.95
84f36629aa4682f9f544a5c842ebca24,24.95
0d9406fc091e557580d0d2171f268d88,24.95
ef2013fbc3141965a337692054d4fbd2,24.95
84872d1894135d15c4e51ba68ba3e8fb,24.9
4e911c5f3035b48107c98b60f7b7c849,24.9
ba99522723165b9b7236ff61141e5f4e,24.9
cc21cae5ab4a55eac15d6a1ba9075281,24.9
4e129e00fc6bf71e230b5671c22261e3,24.9
3acc50526e382c8a6a3d181c89a8c956,24.9
2f49811c845d9978f54ea3f61741516d,24.9
0b0e95b0351bae7addd465ea17e4e4d9,24.9
9c52e4d9187afd7b33cbc250d5ac605e,24.9
a21458e978c59c41679d6a8559bf4a85,24.9
7b198042e64fa9e4dcd07ee294f0db65,24.9
ba86228f05ae8027b0291ba22d935fba,24.9
2e1976065c67e38c850da087d8f930e3,24.9
af03e2ac913ef5553ca0b772fd0757bc,24.9
ada0f066567ebdf46d1aad320bd0d73e,24.9
1047d587287fb7710763586802c0c256,24.9
0d2fb8bb819964298a51a292b6b04d9a,24.9
afd30cfb38a43959c5e6eb496446bc6d,24.9
7ba45738393d29e95932601bd28031bc,24.9
be5470cdea5552dec6469e8e959c849e,24.9
2a6fc1968c4a29c9c258bb1994afbc7f,24.9
f2cc7f918e73d124e0712cb7dbff41cb,24.9
74d2d8f3688a2c54c9ee44080973f60d,24.9
61465bf7dcc3dc596693c6ae259c171c,24.9
10242429481cedab70f61a45e1a9fb88,24.9
bdc1f21172a3a9fa9d754d0412b5be55,24.9
4a25adf3d4de6c23cefc6b79ac63fe6c,24.9
da6cb7e84bfcd07e870786f37895b6d2,24.9
fc4616da74e3ff6d4833f87726bc4249,24.9
5b4e519743dd2db7fcf4a24581a4ccba,24.9
712ca407bde1bb1d03b671d4fb6d23d5,24.9
9c1ee411cf751668c8b0456bd61bb208,24.9
9958f501effb678f77ec159aaf4feabf,24.9
8509865d572d9f571742875e5a6b41a9,24.9
f2a8619b531ec9f3c3d56b86190aea94,24.9
31c888821f6dd43346896c5732024762,24.9
2053c4249878bd1b9a6f4a22d25dba09,24.9
0a69b1982841326bf633a5073f8f4c00,24.9
c6fa5df1004d676a63f9e34a2cb7f4af,24.9
108bf4710b177d9ac1f45d814aab627d,24.9
6b0193831bbff00334b02903472f6c84,24.9
0e9d153de61896911c7d236b8a6c1886,24.9
fb2723ec0f0d66b08daab79d416b1765,24.9
e927a7eefdacf3a803ed90330d43f8ee,24.9
eb8f0c025a3b5b13a273229de9fe33c5,24.9
7094b5b7b45b130f1d56bfd571872adb,24.9
1806e78975e603273e7b1c9e0ce26262,24.9
715e8847bc1e6c8c0389dadbeed2aca0,24.9
19f23438124b802768aabbef91d4ecea,24.9
35fd70b44c6c7abfd28a469e9a85f0cd,24.9
24cf997feed504c418db4c0ea1bb9585,24.9
77ad74a9853420d7436599cc3ae2c567,24.9
22360d91bbd2e1673d0f44a9633b2f7d,24.9
9b28334d56b62c44cb4c3caff94aff0c,24.9
66af55c93227ee7e7947e0f13354d1e0,24.9
152145022a0e395ebe376ff5fc7ca128,24.9
4b7d83b919310b17588c79823058ddc1,24.9
96906c9816990303121e14fd47e41a57,24.9
9d07ed48127e776f64b02de9aa00c136,24.9
838eac29ae41a93183c71d6acf722bc1,24.9
dd5c09cd7b2c059211d6663ce3c3f4fa,24.9
e40d7b831ded997e7dbcc9f2a06741e8,24.9
5bc6303a8f33f8124761f676d3f66560,24.9
4ffd321d13d0deb41947ce6d939c8e10,24.9
0cc04b55c0986143feb2ebb257239915,24.9
88927ff4f54b497957d9947e926ec6fe,24.9
a567aa193920afd2dfc4ca7d94e9c832,24.9
57abf224cb31e916d2e8f86fca92e631,24.9
5bf0634b796a9bb7714dd6c7baedf611,24.9
1f1be5326b8d55ed94640290e0edfbfd,24.9
235653dc9683328943db2e5c10db3d12,24.9
e47f2fbcdbf2e18632c9f81639283e75,24.9
9c8410ae611b0c9fdb5e1c9665f27aad,24.9
37baee082b2deb84f52d3444b9922453,24.9
c40a08638e25d9ff9932fbf1fec9f155,24.9
cfeec5b515f027e2d4374a9ed829307d,24.9
71d02ef9d7570ef25d59700fa0191807,24.9
2cfd3fdf8463322efd77d6905f37f435,24.9
f30ec3a9feef479c3cc57e3ab881073b,24.9
558db91121d704e92ef88de10aa722fd,24.9
f33df2d18c4e537dbde59cd62fadc3f1,24.9
5259347be036bd334ad145d509633d8c,24.9
387bff133d60a7a536bae7f670deaea0,24.9
bc66139be29685b36977c7bad96d1286,24.9
0cbb7ef495187671b7344854d856afa0,24.9
27d48e22b8c8fe2d1c170758aa7315dc,24.9
d1fa1ed473950f63eea094761bcbf039,24.9
17224e2103f611bab48b1c5df0949d81,24.9
97a5d80bce8e48e40c7786e356a9baba,24.9
375b5ab5edbb2f6dd15ebf6a19a32f55,24.9
bf43e6b74f7c46f38f7b4d40e02b4b4a,24.9
691ed9d19188cfaa545496993fc8e907,24.9
e9342c1b3013083c0c5cff90aaf5a6b5,24.9
74da765347974a0b0226c2935d98de57,24.9
bfc6cd805c216b8daf35a8036a275c5a,24.9
13f30abef33f943d65cd7107be8d17a2,24.9
7a8ae8a8e70473d717c2b2824819cd81,24.9
475cd64aa7fcd579a93e4db98984450c,24.9
e7aff9e12a7ac16af1b0c2dd61de3578,24.9
d4582b5fbe15b045dda9e2e12154913b,24.9
54f6cbc1087187d1603082eb0594d47c,24.9
1cd552c7aae3f67c65e1100683180f28,24.9
2eb58763b788cea769f25c07419885a0,24.9
cc4db88e38bc31a614fcba9423ed8c1d,24.9
1ae563fdfa500d150be6578066d83998,24.9
6a4bf830ea406c25860d8ad8f6bfa0a5,24.9
91bd4ed51ee3835599963b967d9b9bbc,24.9
57313dc6058de7ab7fead823b827093b,24.9
dd1637352ae823760e3d2b32c86b9c18,24.9
0fab394e37bc2ebe2a39114e86cac205,24.9
83e767990961e638119daa7d44416d14,24.9
ae447e76e331a2d1fb37473deb2ccae0,24.9
06245210ec8924e97c2eb9971cb94a9f,24.9
aa36774d9e3055c3dfece350882e05e8,24.9
a5f3932b5fdc76e36453f02c9a516072,24.9
8ed895f86b74bac6049066ea7a44c7c2,24.9
7c852d7bbf1b4c00b69926f3b380e288,24.9
353608eaf3b311dbca6723b003449fba,24.9
05504b0007f99eaae8d5fbf8cd780798,24.9
3d8fef1c581a354a31b4b73eacb08b76,24.9
f11a8d3613ace1bbf5de8d7e4da13a65,24.9
9d591ace593afccb89b98390261ee19d,24.9
dff7f763ccf79b76b4311f016ccb9e8a,24.9
61fad79bfe55baa042c5fe91d8aa337f,24.9
95c1efbc93e1cd3912a9a23cb8b70375,24.9
c4db5141dbf2a35aff35074305f5e06e,24.9
6cad8bda4d24c4f8c23b060739f09d50,24.9
e2e14c8ef1d36f7d465f5299e3a4217a,24.9
6f33f5f3c71fe4426a272320145028e3,24.9
50a5d464f230e492ff0a2f91340e3312,24.9
c651c585480832aaefbec136aebe2afd,24.9
65198f9bf91d5406161513a753121467,24.9
7295803302839659db10d83da057f75f,24.9
8332fdbcef7a49b3863dfa794fa9a93d,24.9
9627318bf0b057db5f3f7a30c11b8149,24.9
6a6c433159ff775ba7f5ff8ec38b5b6f,24.9
0db2a08a5e01142f41c443c3cead862c,24.9
8df603ac3530342b1e7e0a21b93f2334,24.9
e2bd826c95ba483662ede716ae8187e3,24.9
89293535456fbe748a2d9b0e392c51db,24.9
6f203f614778c173ade2490e6684c399,24.9
ec9a7d378b0d04898043ca0bbd08da11,24.9
cc1e52b3e5a11fb575ca9d9d6f97a77e,24.9
c1ddb7521d14db9071dccad0a94305c2,24.9
9a24b20452f8c59ab2dcdc32cf9e458b,24.9
f1b479fcb81a8fe3401269ad9b1819cd,24.9
42510cf6f88a1b5a38b09f09867c1f8d,24.9
89621045885d619aa92729c28591e631,24.9
a8eb0998c3d6af8fef2e6c696d07a821,24.9
ce29e45f90ae78be6a9403ab93956653,24.9
166174e5bc6d2d45306402843f609904,24.9
f488d5cab7cc4def4a186af6a74722b1,24.9
754862f813b4662e840ff16a52db05f0,24.9
b7914f4692aa83f8c4cce8ed7a957634,24.9
21e800d6f32b170bdcc487cbaf5073e0,24.9
bdac7cb780e6f6c2be2b42c24c03f04f,24.9
d85ddd3b595a5b568657ab3dd2d0e34f,24.9
7c3ebdf38a38927b0e184ef86d92ce8e,24.9
2fb1ac74d64b8d5498f89a0ff9047a06,24.9
5b171f8468e94098ac4efb1625aae760,24.9
8846d3215f703ab414d01bc7c1da407c,24.9
510bdc58eeceb86b015aeefbfafcb5f7,24.9
0368541bf462ab4f227778b73f427c2d,24.9
25f8960ef2061a5701797030a882bfc0,24.9
4b2ee5585c081b18bcaa8a2682564d19,24.9
1e7b6cc033a72b59bd69c4a3f3a382c3,24.9
6c485656112feb44f049b50042ddbce6,24.9
c30ef5697173679058dc8495d53c2e19,24.9
156ecab0fc23f6cd5954e5a8bb354ff3,24.9
0d052cd94da173d03fd97ef2de6b6223,24.9
5810a0308b9152a83b96ec38ad7a7012,24.9
db3da8e7717f79f47d3c27890ca51dc2,24.9
386cb027574f8b9f9aa17cd86ecce6b7,24.9
2eb6f8fc591d7185929b38b4161d6dc5,24.9
e435c2706ddda24417570a00a4321e48,24.9
09c682ef897935e677a0996cfe2008f3,24.9
c323d05c1f04c08600ecb147a07526e7,24.9
a30378a29ac174b9a1a158ce067e1fd2,24.9
41c6610c26481b3c6a075f4b09d0bae5,24.9
c781fa3d6c98179000534f31d861c594,24.9
3d5688f7c319b63b11b8d1c8dc5e6abe,24.9
fe33c34eacec600bf102a2cec69327bd,24.9
7d27a33a8ff0ddca1e52596e7977c9b7,24.9
c065db66ef891186296d224da746f89a,24.9
f2398fd9c4b0ea26e4465a8f873ef3cf,24.9
5373b64971a41341083baa1754460712,24.9
07c6c779d8f31383069ab5ce41392b19,24.9
89bac28ef445727eab74b24051c8e20d,24.9
f9dddb829b92d4226e458efff3c49047,24.9
1f91ccab7c2b1d4049f5383d813e6fa7,24.9
f60105561ba924f5c86f56fb9aedf5f8,24.9
8c52d6913768a05524e8eacbe70a2808,24.9
2fe73fd71a309402c99f449f8612fbc0,24.9
68dc0182e4cf141c4b86924a0ba85937,24.9
601f0d17fa986363bc18f776bca2d709,24.9
ebb3c484a7824bcc474dc7502648ce12,24.9
ec4ec2c0dab7654bfd6beaa39e319f50,24.9
a24bcd38ab313cf3a81abffc89b98206,24.9
dbf6088110e53e05323716815cb09a38,24.9
a79913af3ef7a79373c51ba90ca1e8df,24.9
91ff451a9340e83ea1e31d2e66fed0be,24.9
002450e9ea44cb90b8a07ba0b197e149,24.9
be803b9fe5a431219ecfd15e355099a5,24.9
3f78d960d41b0baa83c3c8cef74c8493,24.9
523ef0301b07b218080390eefc7f50f9,24.9
953b4d3b6f785d9148b934d68125a74f,24.9
6e890915cba130f9217de9aab006d313,24.9
1378dd597bce95c55a86695b2cc549ae,24.9
cf54331ed702f203f23da3cf5a0de4d2,24.9
91720ab1b9f4b346ee95d5f3260df86d,24.9
b2e5428802f42f9f27ef4b4bdf20524e,24.9
d81c43db155254f98cce1de0d6026bed,24.9
4b3b525e0cf9bfbd2bde0ee447c301d6,24.9
7da55d5c00bf714df311412c19fbab6d,24.9
cf77d6dc60f91af4ae0c4a5e76f57713,24.9
5e085412648734bfe73b0c0196075f49,24.9
ef4a7e00da775a66a09b485e5a6d9910,24.9
d18e2fca0eb574d4073d1ff9221b8024,24.9
19a2135f47a4e8c0ec9493cec3fcce3d,24.9
28730d4a6f55626291fef3337baa4398,24.9
a441b388ef3fc7724f045a30d4bee99a,24.9
c42188ecda96aa87f2f7ae67974093ab,24.9
b6f7351952c806b7362da8aea13998b1,24.9
98e766a9ea72fd17df6d0a773c5bdb52,24.9
43a8f0d16dc07bbf5e34f897c36060af,24.9
264f37241e1584a08cde6f7d9ec7e51a,24.9
ff03224d29a8394ce66dcd434f7bf8d3,24.9
79754884aaf13f155f4f64fc180b96a7,24.9
9cfad66c82697c8385f5efedeea1b878,24.9
15a47b1b9332471229508c38ff141dd4,24.9
fe4d271b21fbbb8811097b6e1985193e,24.9
e4712737da813be14ec35d595d6e4de9,24.9
45f9053fc8b24a6d5afa05b6d1b330ab,24.9
5020b732c1ce7e6064dcc5987b1035e8,24.9
71d0f2a0940849cdd628b59f92747e48,24.9
2c32cd114924f08948dc2c1311663076,24.9
99bc5d1633f1125d6913e8922a61b95e,24.9
7cba926b44e53ecc10ea79df991da256,24.9
530345c92807cfe2e30133d407a9d324,24.9
b3693344be6dbc656b4783db6285d419,24.9
5512f32e517ea091e4410f66504dad30,24.9
104e86b8ab1dbebbcf0da2958de6aa65,24.9
cf732e7eec1fe4ff863436729530ba0d,24.9
9003cc059c037e958017724f7aeb09c8,24.9
df54a789854ed6321831ebf6a866526c,24.9
6567a05e0ec8ff0c83c84ec759590f3b,24.9
10fa760637fc5b5aa3817557d727883d,24.9
e55ddd4fde4608bc77a6494772b5bd3b,24.9
b56d930e30b9db3b5c4c7915222cbda0,24.9
b2db54577f76360c6fee00282c4fc10e,24.9
d94ee517afdc11b99ccec10ed695c55f,24.9
ca335501b2fed430da289da22628244a,24.9
04de67fa7a027d728d72f1666bdced68,24.9
49c66275a0b693c4414d9b1cc41477c2,24.9
e787b564cdebcbcb6e90e87f7d5dc745,24.9
dca1cedba0ec12fa1079b8f50f0cd16a,24.9
326d02c121e7690a00c5254b2b2c4cac,24.9
131179cafae9c36a207ead0936a05f86,24.9
d69f593c444ff27378b961dc4950edf2,24.9
10545554aa6652e877c8519d3144a24d,24.9
2cc8c877ddc07e711634edb883c9a5f7,24.9
c05f7dfb379e0886e4c33bfa7904d93d,24.9
3598960a3a0a4f66538e48e4335c3e1c,24.9
7a1ab9788d3a3325c375971012b979eb,24.9
8b9e671a305b19a4f7a11ce24badf10e,24.9
1d2b981cedb5a187a9eb0c2ecbf0df2a,24.9
a613363dc0778bfec55c8cf8ddd311c6,24.9
4c13421bd28e889484201164059e6df7,24.9
0aff8fa1aa20ee1c70cbce19d7012a70,24.9
a771359904314a20cbab60684a525438,24.9
1f525c90c7df6b890e6f7ca5707815f7,24.9
044e0f4d0ae3c40e9e66fcb49a4b5cd0,24.9
28df59294c71a63c40ff8ab5f97d2d84,24.9
bdc1016dc15e2f13ee18d8f987b7f3c8,24.9
321558a6b7d5ae077298ae86f95f6d5d,24.9
de265a335eb5862b07ad34e7511e6a7e,24.9
bb8607629a740b228f1c4f5006391311,24.9
8dc42110e8149a83283cb1ade4b2eca5,24.9
b4541b36b7f3c92eb43d7d5513620944,24.9
225d7f77c40f2ba1a5a9689b7fdf2537,24.9
5a5bee06f22d5f03e2d648c82571b4ba,24.9
aab6715af29cd442f1bcf8978d1dc4db,24.9
f882aaf28af48842b1ca318f520f443c,24.9
9f58c2264554208dac8a1f913c9e723a,24.9
65f68fa060c349cf51d34331a2d0582e,24.9
8b7edbb7af0a9b47aa2b2eb95bde94ad,24.9
9005de3b7e1a3343884c42045229d360,24.9
6104d6344ed5ffa39c84b3800921f443,24.9
2cae6ef2375a29f6c971569d9627bf16,24.9
0a32173125f7b32ef02aec262e27a948,24.9
2ef0facb8ad8abc10408c5ae20782bf8,24.9
99bef1df3bc670cf9f4def0f9c371fe2,24.9
54bd7edf8250e9e67794e9df507e3720,24.9
0be267b9bd2ddb2eb1e6112612f5b513,24.9
289e7b7314970d0f2e3b0e709142c671,24.9
26107dfac63f8909bfbfaea86f095c05,24.9
f0da5631360e182742acffde390a1c15,24.9
66ba6a98a3d5bbde6d5c665d1f4a8749,24.9
8f0a6afc5ed234296eae115f48854ac3,24.9
92a602b71384f8781ec3cd8ce620dcd4,24.9
a9175259b2cd074aa280d260eab0fb2a,24.9
3c0d9785e6b7738c2e733baefb232ed5,24.9
f7f96b7ce24711b03788947f4ee1e42e,24.9
661652a4ba9255d6a913c339ee78d5bc,24.9
b4e6e7f253b6e4c93782d7899d2cc3c0,24.9
496630b6740bcca28fce9ba50d8a26ef,24.9
7834b1149a19800e5d3a249c43c020ac,24.9
fb4e1b45f0d34bdd20602e9bb7cc5dc7,24.9
7cafa9eae6000dc9e56e0813e97b1707,24.9
136e5f727307a6bed0a74338d7ee9a3f,24.9
0ad829f98fc1e26d27a0d8f8df329ab2,24.9
659b21e93a6fdd45d2cb906223618cbe,24.9
c6120aa7dc24c885d3aa523a74de5fa3,24.9
ceaeed79bef0496075037b3cc8eab28b,24.9
4478700ff008d3fffa02e95d89b9795f,24.9
12dca0bf14588cc10f18a9f9abaef604,24.9
77a5426b358fde73567d7061bf886850,24.9
2d598740458ddd8adf4d639fe801f902,24.9
65e12813d36c9d1e94fff60fc037a117,24.9
db1f2c9256482f22307b39827a99f732,24.9
8ee6c863082a2a2bc1d57415047b0283,24.9
76060eb33e403961469c1b4b81181f3c,24.9
58723c16d88f82622b9cd3888d90dd55,24.9
3661cbc69cc73b275677f372072b3ae0,24.9
49adca84db251f78fa14d0aafa04be1c,24.9
0809899bfc84b0bc917a8c279c5dbb5b,24.9
f9440bbd8a0bd64a574fbac679c54838,24.9
a566585a6ead4fb92057528b37750c94,24.9
8322a01dd78f4c2d3e882939070ebe29,24.9
f1a2a2f1b88f9571052233cc0764ab9f,24.9
3f83e6393c2e518068d45d536424ccba,24.9
2d76e106e982340677c64b2adb60e471,24.9
af2ebf45ca15974743afa1cc244c3c56,24.9
6cf015566aff008af26f65b0c770318c,24.9
5db508fad18c0f8a905f33bdeeeed097,24.9
24813b5d127493c4c67c871c4ed7f2bc,24.9
57b1ec1572b6fd9579082b0bda9fd30c,24.9
140bc967eba0b06a0d1ce15242b1fe62,24.9
32d8612ba54469b3b09b5c9c37accaf4,24.9
84022f0b4a55c6fa83660c019d91ec08,24.9
306047e705d4a27a88e2419bb9f6480d,24.9
b21ff624eaefac438d7923cd142bd9c5,24.9
8c11c3b52e4a57398bfe1c249a4549e3,24.9
10567872c1e2e0ba7172faf0a144c21d,24.9
102d1e447c19b8c08aae5ba8fde0b4bc,24.9
3a51cf54ce9a78a361281fba4379da45,24.9
bc6671fcbe7c7468ed66a34dd3af1b31,24.9
e0b13e789ef1ccb8c2622aae521803f4,24.9
5f269079392f6bbec64c4d148de17565,24.9
016112a43e0319656ab0b25e1d904171,24.9
1b940006ce5bffb84d9e2396905ff541,24.9
750107a0e6064f10d67a844bc34c56a0,24.9
dcba370f080ddec2e83ae526d062dec2,24.9
8e069736cdd121d166b7224578f3c332,24.9
ba6cf34ac15f009cb735e05fb4f48c11,24.9
1da9a73d0f1aeaac95cb8d7fa0e272f0,24.9
c2b0ab58b7187c26170b62adcb523f87,24.9
ad8653edd19b5fce6af3a75366bcb7b2,24.9
a6fb9a183a4cf39ac1e24653da0ec6bf,24.9
8bac3e94affaa3db3b8a26999b5b0f58,24.9
029bbe8fe01cef398cb57f8994dc7fc7,24.9
ec23a649fd13947b6e0b7fb04aa6bf0a,24.9
e7c40947bf69befa79b8f13205c9e22a,24.9
e465c6ea4029a5ac79cff9d1d8a73755,24.9
04e60c760aaefc50f1dc561039d0b273,24.9
10ae2bc2884550abfadd0588fba27136,24.9
4e8933709a80fc862169a64907870ce6,24.9
70fcd63fd02ad8c1445c178f8461d774,24.9
8714d5f59b012655e9adc2f68b69957a,24.9
57bb0f2ff265139687180b2fb387e198,24.9
3d4f7591976731bcb263b498f1c61a1b,24.9
b42d2029896109ef336097650cf0e7af,24.9
fc6bab6bb079768258dd4385b9e5d7bb,24.9
c99660d36898e353ee71bd909f7c37c3,24.9
a83954b9f4f3c29dd4b886e2d32f0cd9,24.9
1e7129f570fe1d1ce3a8beb6aeda1bf3,24.9
d9753ea64ed62e8042ae6d5ee5a43d7f,24.9
07660608cde07538da3a7ff7a838af11,24.9
47ef435dfe068181264047c1a392584a,24.9
60ac1fbce4541493ab02d9a8b10871c9,24.9
a91ee281fe051e32cc4fe913d0688574,24.9
40774a54de330e5e8dbc37c03f64b625,24.9
5f7a1157be9a94622777a7bb2a1ac7cb,24.9
babbb0bf37facbed1dc42de9e02d4ee2,24.9
90dd38dda93bdc6dcbda8bfe0bb597ee,24.9
75b6f2177527893e0fa037a3f3b51750,24.9
28184f0fae57155bb83933e2c3bb205e,24.9
173feff09747a0b5cd55c9595810b5ed,24.9
6400c677eed091d6188649f7a9b0a4f4,24.9
d1cd0d62067d359adace8839818a614e,24.9
b0da8feada4c6c91411715ee38b551d9,24.9
21a23da4cdf2d4dcbe72ac48117ef0c2,24.9
180c7a296ff543e42cdb420d915588c7,24.9
562d15e88d3f4a6184e8551622a07302,24.9
1fdc27be5c31f3a14982e372b4780dd2,24.9
9d53af6298240d4573ca6e52bcfa6c63,24.9
5429c758eacf141b7a8a16e40979c9f3,24.9
f8e9242670e2a006945583dd4d13ae43,24.9
4648c0c1d328c3666d3bda3d6ea08e93,24.9
a85426566231cdc8739aa30a0aa5e031,24.9
b7f8ebb0fe3e37a0d1b43b7b565af0fa,24.9
148abfd45cba060c80a5bde8a076f143,24.9
73681df190083ea166315c4a23598f83,24.9
1e9d08279906bfa93811f5d8b8c92523,24.9
f259bb43b57b88a848f21b728530e5dc,24.9
04211982f170cac46abffab95d63bc7f,24.9
264b3478b46ef33ccb784acbaa3c9142,24.9
c3fbf67004ec7cb05dbd7300afdbd4d8,24.9
fcf9e2332ddc4452bffdf1915601477b,24.9
6986900ddb0096d967609841e537ba49,24.9
e89fcc6763bbb428a40982c827ccc44e,24.9
a286f46d6e54cc0179bbb0ee07b0df5e,24.9
fc056cb6f79dbf7ab1e6ea6ef66f7837,24.9
9fe0cd1d9873dff9f76b9dd37009dc5a,24.9
13df83363288f0864b3be4b0a8bd0527,24.9
eb6e09be276c91d873889d2868595748,24.9
0e4a0db41e5ea0f9d32ad03f0fa1759f,24.9
dfbfddf21e93f87163d8695b85506112,24.9
42de47849d20da22e217b9a5e1de1584,24.9
360d84083dc972ab6f34d90ee8c44dbf,24.9
be687363317507b670445b40f548a747,24.9
4808f72c0758768e1055cd9becfbe4e9,24.9
23e22609b3a5ccd8fcf8cd0cf8a28f7f,24.9
1f877cdc5d276445d0bfcedb8731b25a,24.9
1601d0bf4dc5e44ceef3224280577bb9,24.9
5eae6bd471777fe01da2ab35bb27ef2a,24.9
9ca79e35d1014c21159bad5aa971820f,24.9
dde0d60a3411c249cd87d8ed046efd3a,24.9
dcb3960c459074de5ea387252fa5b8d1,24.9
832053b4fe6b18b0681026ecd9234d2a,24.9
95641fccbbcbf2d1dcf51931ea95382a,24.9
6dd9ebe0e071f399326ed3c8ff74316a,24.9
fc052d882ed7c620e5b0764a334c45a0,24.9
5c296f7939550b876425980a5d7da5ce,24.9
df5e4aab3ffa6952f744401391b14066,24.9
cc8733d8b80b4bc61bcddedbd7353e0f,24.9
af47509bb6e2376b38a50cf90510196a,24.9
b413f8147ffaf8ad8f92fe4a60d59ed0,24.9
c05b6c7a545cce943ad58c96add11b1a,24.9
415b99f305c529eff05251b2b4fb0baf,24.9
bfdc5ea24dc2232fa4f68dd6658f4f2e,24.9
5fbdd1b9e8e20339710a695b1806021c,24.9
0b01e830348776e4260c95c0d450aa3a,24.9
2791a0bb5dbd08e4c03e71f53ea04efc,24.9
aeb95a289cdd3f55cbab46d47dc8ad91,24.9
db50237cf3062997bb7f609e7ce57533,24.9
022de985df50a701851d137f5baea251,24.9
e15f963b1e611bdab0a0b7a8beb0a6f3,24.9
6d2fc313c058293791f4f94623f1cf80,24.9
d2e59c436a5d597214c54ea5acffdbe7,24.9
af2769eaf466dabca4bd67df142ff48f,24.9
957fe1ab4d9b13795cee6642424fe368,24.9
def11883e7dc8555ac3343c76a35f70e,24.9
8697c05aef3093605f0667354b8c7769,24.9
624c7fcfdc6139e9d9780e5ed34f3d4f,24.9
404947e4bfbf5a96d84e4451a22e4012,24.9
c5451f407a42c7fbca8b2f1adf9944e2,24.9
a744a9c1ee779bf2bd7e1dc4cf925b63,24.9
a75d53fb0b1b6c0527f1b6c869f3e207,24.9
010ac941a52f7717d87471a7da831cd0,24.9
cdbc634c11939aa969432f57aa566414,24.9
0599829740d99532351d29f03033533e,24.9
06a35a1790491a7342f5c257605bad56,24.89
9f0c1f084027175956642f25a0c96cba,24.89
4fd85249a73ef3fe0633c37c5b597bb0,24.89
d604e7b903305920b8592302dc9a2fd2,24.89
1d68bd2a2634f0efc973f13b9ade0384,24.89
08a4aa30c0eea37598e0a8095910b491,24.89
bf2854da4d893079388d84e0382f8d9c,24.89
e0dc8ea464de23db3b4aa5fa6ae07cc3,24.89
13ad006b54888db0dec9231f3af88082,24.89
fe2218eead180310317b543edf415e2b,24.89
61394198d41ef8190da8913ab2f9c168,24.89
6b721e99c84ff5d73347383eee0dbafe,24.89
9ecf2bc6369607481b42c895a84f8b0d,24.89
6d808e68593fabbeb1d9892f5168d22d,24.89
49e406aff4c253ebf653e56898e21705,24.89
87f2c343f1205c2e07e58c9b3a755444,24.89
08a97b5d819d8150e70e1a637d34b1ea,24.89
f0d95b3d8428cd02d2074a86f06b9519,24.89
74805bc388861fa350ed2fade8444e0b,24.89
693b01063f115cc2caa2b0f4c8e1550c,24.89
12774bb90c671b3fcd38673b4f518963,24.89
3693addb34dbece0338f511bf16bb99f,24.89
50b5f1c8ac9da947ac1b3489f7395192,24.89
f7f8a220524d56e78d3621f2c47bb90a,24.89
5af51f2f49905fad16098552c2e9ad33,24.89
58ba0af16d3e34ea61d57c38baf9ffb5,24.89
8db3348acefb954be9ee830d85a6848d,24.89
e2bea5774e2c8aa227075fc4d2c3ba39,24.88
baffd01d37d60eed6f4980ed9989b397,24.88
fa8a758d09188bf229f242be136f9432,24.88
35af9db017c64c3410a255c75375b15f,24.88
c267e32fea07ffc4d9d388d44c4106c7,24.88
87fff63f8d7ea42400fbb739071ae525,24.87
103ded6a1eb816823c5629139ab65a7c,24.87
97f48d561699cbd0a71b916d358a8fb5,24.87
ee0db2a3ee802980f1813ace8677cd85,24.87
976946c1110d0d9c0a7c5bfd41de8560,24.82
f5d8c95a4051df71aa809ee9b977c2ad,24.8
5374193558b2bf756bd14a31b5659964,24.8
401b7dd4ac2b0aa3b7d5e563af4f3723,24.8
020f4af7eeabf986e31eb7ac4c6597cb,24.8
5882971fcbfa7d9140525ded90c57806,24.8
6d316dd3c989edaf44c59362ff290a73,24.8
8300180aad835b088aefe6bcbac58263,24.8
d4ebbee7431569112582d78aaaf767e2,24.8
a7ef3a4c88848b53b0a34eb34ad1fc2a,24.79
005b65c9a6485aa1b7ac382dd87b018f,24.79
a3de16d0ac4475afea82771732bfc6e8,24.79
9c774535370f71a4b58e60ae4e82590a,24.79
149cbc8bbc563ca6969fa8741f750fe4,24.77
95c1444daa9e7372d604f64f3ee1a567,24.75
58cddcea1672315e0615172f0de43760,24.75
04c6e463d6568c157c2b96e5a4e34a23,24.75
be66ef8e04a0f8fd5e10434aa0b53fb6,24.75
014945a1b791b4b3585bc9d2e8a85d82,24.75
57480b49909e35924da64989ac4f42bf,24.75
7b9302469472267ccfa0a5c6966d2469,24.75
fa30e48dd16ed998b9de1fad90d22a73,24.75
266eb5a8fc8e3c3916870babf546da1d,24.75
075e2cdf8ec3c752a288b2b8eaacafa2,24.75
6488f2a76eab9b9daeba726d73c2e762,24.75
cd8979d14712c57fc193aecac517da3a,24.75
26f4306360d0b8511d908e4647478b46,24.75
6c4b70fd370ce3e7ecf666586a605d8e,24.75
1726600c085f65e9200ef2b46f28c58a,24.7
c17a0046142969fea0916761156c6806,24.7
ee1ab380ee6e7ce7c3b2ce566a9f13db,24.62
fd79d84ccc418c200ac0633a12166a71,24.62
a666c1fdb806db17b95c7fcc5d8d933d,24.62
574128bafa81107ef762bae0b192168f,24.6
cb1d99010eebd5ee5b64dc9e37caa9d4,24.6
1ec1771954d299bf9a497cec57932c3d,24.6
925533ec4e032b991c9c2d817c378711,24.6
9773fbe7cf7d4d5ede531b9b71f3332e,24.6
368a12a44679f602d2dfaec782f49a03,24.6
24a47545a96603c3f6894d11e0d46ac6,24.57
17050a0d14bd35a6897daf9eefbd7d00,24.55
872982846d243af2b72d9a3da8dfe5f6,24.53
ecb809e65ff4dda823037481d5a64741,24.53
7e29d996caf508b65825f57600ebef69,24.53
6c80407cbc3d1710a3abffea674cc1f4,24.5
b477418308092b09b13af032ca19cc52,24.5
73235907daba098efbc010b07291488e,24.5
e5e1d1173b32986df5c489e8f192b6c2,24.5
a3868c90d764166a10415c1caf38e78e,24.5
d66c4072021de5b7715e5d0b756a1527,24.5
3bf822526ed19260365ce453f2271fef,24.5
c2abbbcf884e62c3e59e30777cc11320,24.5
e21a3f7b27edab73706ea08a28618e03,24.5
351b7691a1c095b564f88fd4bf66e81b,24.5
7bd91fc37caa0e8981ede1e43b09bb3b,24.5
eba8cd1e506b37f221a66abbcec58f80,24.5
f419bdf38e151f30757599269559fd78,24.5
82750cc54b85f69aa3d33e87bcbfd55c,24.5
555a95c85c9d26f277b82d07879cc620,24.5
73c65731f86095845be2da68f658284d,24.5
497a7fc6471b690ffcbd2836cc61b636,24.5
6e686969d9b330c98d2739cc5d877e75,24.5
4ac22b1186fc5ac2711abbb5ab167f0f,24.5
c6dafa651522bb3afcb52a2b558f3236,24.5
28b81bdab1b97c8081cdd453dbef9778,24.5
c0c6670992f4b739fed5149cdd7de373,24.5
fab1a643ad6f3da348860df58bf39a24,24.5
2df78ad2d147f2706a92137a24ae452d,24.5
1a22a929e1167b7a71cc69544814526e,24.5
e3a261fa6198c919151fb9478e58736e,24.5
a0d75e873b418631576ab33a1341924e,24.5
ae216013042d108bf91199cf75800c16,24.5
a6a064b2b06b92a3b264c075a804d4e7,24.5
3c6de6b65568723360510737edb81465,24.5
0491083e2ce781339e49382f4ccee438,24.5
ff792fe1772fd36b73b4ef17a42f7e6c,24.5
8ee3752ed676be5e448ebda2266e87e5,24.5
791f4a4feac5a60fb1dfff80a1dd6598,24.5
cab782713f3d7b3847d6221940768673,24.5
30fcc8d14dbfeb74241a95b353c42cb1,24.5
72a51180b0ade80c0b40250c91e4adc6,24.5
3221cb8d3c1ab8a7099802ce36470912,24.5
ebd0a03792856e6dc6dfef1fe8b522cd,24.5
60afb58891e76ebf543ce66cf692e8f7,24.5
a8a1a5d2e8715b7a7a7d558a727509c7,24.5
565eda93808d23d3f35e5adef155148b,24.5
e09ccd04cb9679cb5033871d086afd62,24.5
e2ee7c7bdeaba94d4dcca33293dc2ab5,24.5
ad7597affbd78584634d4d196f99843c,24.5
ac48242372dc17d1613f0b3c232d8a43,24.5
3295b1d78b7c28090e18c60e726359ce,24.5
d3b0f728a8bc1cba4b7e149484653ff2,24.5
4be9ed1bb341f4f406134d6a15088db6,24.5
a3eaa1be1145a38d7f7b011e86fd121b,24.5
66091413e273b6f33eff38a695392f3f,24.5
cb0a6db21e3691fc30b737162fee045c,24.5
2911e5c9438cd8fe00adcd7966bb1ee3,24.5
f6c018413a69afd6bbcfa38e7b392dfd,24.5
97804bd1a992502ac73b63b576911f42,24.5
73e7457b5cf5402e5049b33846da545b,24.5
d1fc9970a51c0e723f333dbc34f546ad,24.5
dc1ed3d6dd03f5dddaf941da3a51e88b,24.5
845e343208c4d592a210f41d93ea218d,24.5
88d5615998d2bf16e6321d7484e45aa9,24.5
ea4ce184325c971385abaa7ee281396f,24.5
efed398f3de8a78b7947750a5f1435ba,24.5
5abbebd3409e7e53552e7611993dd9c0,24.5
49125beca13f777065d0c12bed2053b8,24.5
753bcbb77173dfa6ebba16f4dedc2eb2,24.5
539d8feb518ae3873de2b32e491ae05f,24.5
c9560b50b540322db18986b46b3e9dc7,24.5
cddd30af33517a3fcc9bddb552c684b6,24.5
60f7f8502847f8d1d87c90a5d8ef336c,24.5
806f3e02b4efdcdc15863987086d5519,24.5
030f3b54dff06714de54aae2962cd461,24.5
73dfad95286bec1a5540af2d4bec6816,24.5
de29a2c594d88f6e10fc329bf72d5774,24.5
73bcbe6adbf53dee67bec4399c32b98b,24.5
c52fb6d36696440796d611fe20c7799a,24.5
d7646582015c6b6a78181b7ea0688f12,24.5
89652594ba5d76f49163723d82a62097,24.5
35a35120489021f8434e231cdb81828a,24.5
2a727a14825f79fd0eb41317d5d2e175,24.5
ec3c691f4812ae37bebd0f383a869562,24.5
a634db1db5794b592867090738c401ac,24.5
aed1b6fba1336d401cd7566c2b070357,24.5
e29730c885561e3856928e2a8ed485a6,24.5
5003740ba052e3196b63cedda4ee3049,24.5
25973de04071238b61686344de9ca9de,24.5
49a93b986c3e59664da488f75b3dd038,24.5
7ac498b03559cc1715172e77d7041bd7,24.5
1af1723f0cead011af0e8aafd98d8189,24.5
d5b00ed5152f1e7956063b97cbed5dde,24.5
55e2d4fb7eefded2b6d3f39666620acf,24.5
94a95c1e41676d22be2da1d03f7d1d3c,24.5
e8126668295dd95c0bb189bb31e9b00a,24.5
56f620364638aeb0bbbd9d43fe4b8e22,24.5
23589df603543a0256d62c1458a6f2c2,24.5
eb8b6bfe2f62fad3e1279f4c8e7905a2,24.5
cfa1bf7979ca765e0012d58ddfeb6333,24.5
0a71f8c6192e87a6cd6615bb9313d888,24.5
b36f616ae55697e9d2308a4433a03f91,24.5
9e6e4a7c6a872b507a377de47f42f583,24.5
dab83626805f6066d8a70a34b8ab6bad,24.5
8805f5004091e5a6d6732b4b57c94e3e,24.5
5c2d2f13c3e67d89c5faa17f344d65de,24.5
522a472d19b6882fec72de369d9e9927,24.5
c463f61ca591b98ebf5e53c45652fa91,24.5
15ddd9dc07f311ce66b456ca3337c8bc,24.5
e978df5aa1ae62d8844d55cfff14c2d6,24.5
2d00fe84cd1a1a9f9477fb93510f323a,24.5
97c8388c8979c4a2c4916a0f840a512f,24.5
15570f9541efe0202b897116ca6a4cf7,24.5
6539aa9c6e57c945c4c2c0773b68e939,24.5
1dbc96adb6854a53cd13840541867be9,24.5
601d0b60b2b201e4863fc5c248c47655,24.49
f0ff4f448d3927fade56847eb603a634,24.49
b4561d6a09f273840b614c72a2920b2b,24.49
577dfb2d557d5251a6cf3290575dd51a,24.49
5a45085505330cb821725d778fd23f7b,24.49
8b6b06fa880f0c8101a8ba87022a2db2,24.41
ba94d08242444ec7bb6504275a6d7c4d,24.41
6460e159a18c30b34b2b542866ff829c,24.4
731bc8cd3f20efa7d59c2db944bb8b4d,24.4
291d6844b59e2c397d3c5003a8bd709b,24.4
dc32d351014bcc008d6cb2072044bfec,24.4
28ffab1dbe2d6f45a38bd70f2c3fd78f,24.35
a955de2289dd1f2a6d80df6b565860f1,24.35
88e8891e0592cb4850bdc4649ef72a9c,24.33
190a654dff9117bfb0b69bbe3f5d581b,24.33
8780ee502849f88263a701e9f17fe447,24.33
9384cf5d0f851996fe73d99440add186,24.33
0980d1bf97df05137f76ff388b1b2ec9,24.32
998e3585ac05662e53050cfbba2f5ff2,24.3
7f245302e780e8ebdf21176e6417e77e,24.2
9bdd006e7722078bef3dc58b0a39712f,24.2
fc91446fd9ad359e05e8b0c170d4af9c,24.2
4e5235534f808b754485c20dd4380e37,24.2
24f95b95cf7249032062b94e5381d760,24.2
f35de5e4afc2f0462050170cb553321f,24.2
928decbd71d845b2a6bf900ec9a84ffb,24.2
5c3c2e670449ea5ba63f3d677e53b3af,24.2
6bc21afb3c97cb2a3464918abd404576,24.18
0ee0bf22ca4ebbb591a314b4689c8a36,24.16
2d0c80dd7a25610af4d8171318c4c1ce,24.12
56a399b7bf72b40c77f30f3d9f474611,24.12
edbf34fcaa884cdf4d538f44c818400e,24.12
4b353a0617c3d6d44a3b134843fb6414,24.1
06268eaf159395454efd7efe6b18095c,24.07
2af6628d5d0a4b80b3ffbb3c5e250fc5,24.07
05eed8fdd7dd068fc2b7c073fe3762c7,24.07
751afe39178177f80c8df554fed9f53a,24.0
86a1b4e2bb98478774726fae917521e2,24.0
835d2eb4a81db209086d1b7f73ae3c22,24.0
8533aa252bf31a01e141f49c31cf319a,24.0
de8ab444bbafe90954b80fd7187a2821,24.0
2ca557d0643e6728725b61db2c891ec7,24.0
570933aa4c17cddbfa0ab5b071298689,24.0
558de2f6863bf7588338479d614522a3,24.0
e53a60bed275b3919cbb418cff61a55e,24.0
4af025b039a68460ed2ece310aec6da1,24.0
ba9de40a10a883feeb7bb4ca71ec9904,24.0
ff2b4bfbdc1cea881963e91a30bff3d5,24.0
6712c5110db84b7ded6762f74a8bd43b,24.0
291ae85099302fb8d13e152abecc5691,24.0
bffcad9683349765ee3c7984225e4402,24.0
fdc77c52de77c88664c7767a81abfb56,24.0
4bc9e1c13c2695b5f6c90be398a40021,24.0
080b34eea368ba7775448a556def373b,24.0
4fac0d504fb42e5fa2fa0c666d1d6d81,24.0
bd28eeea121c6d18863a60d05107fcbd,24.0
476c004348f7706c7b3fe723356e0713,24.0
a022a81ac1f3910954f1741372f6f09c,24.0
d7533c2f12b14d1136cacbd6c0e6685a,24.0
dc0dff8cd3ed15ad2039e0bbe4982e42,24.0
42bba93a239353f2f8a7b64aa68efd24,24.0
5a77d6f283301d494d6461552c728aa3,24.0
ccdabc382839332b9e7a7fe7669e2b1f,24.0
84bbde28c3ea5a89111357183bd40edc,24.0
b010fa7790690f927ff0a2883587e53a,24.0
8be45a1114ff0e79615f7b8189aec7df,24.0
3cbb1f9baf4a4cc2e574a514091d9c6e,24.0
2f447c4b0174c3cc652f7658b2a63b82,24.0
ff6f39a2a4be2c5fe2e1f334a984361c,24.0
bf869ccfff4c893dbcb79dc0ca96043e,24.0
44b3f562054b91c7cb2ce3e856461b67,24.0
35397e5e5c05c75d3793c10a0d29361d,24.0
27e0fd82639175a364671665673bd18b,24.0
c7a91e6580509dae3db905dbaf815876,24.0
48fe9f0c3d091cf28162440c5e3f1ae5,24.0
b791ca57e403e3abe07c2955dcd7df8b,24.0
6471dd6297d68d024d60f9362f537420,24.0
d2841a2495705792a3a658ae4e3e1b79,24.0
04c615836bb9a3c93c57b2feb8b6e891,24.0
174bebd111b0736cfd4b53e1060b5388,24.0
e50df94b9dad7dd2c97692f3b4b00d96,24.0
1414a515ad96f8644b1b207cb04929d1,24.0
693f0c6c1fe7edc469dd9bf07e358fa9,24.0
55ccf84914fb92df2f02eb8df1215bfd,24.0
46b729c6d178a258bfe256fd7416dfa5,24.0
28039e5ebd1d086365ff6797ea5ba4a3,24.0
c6caa319858057b3f7895c4f6926c824,24.0
c24638e1ff5efad8e21f689d7a1f0c6d,24.0
cf380eba825ac3b337a23bdf2c70d3f1,24.0
f7bdc949cf6af9b52db6480abef6a001,24.0
b6bc0a0984212a4c64f88c94d0007c07,24.0
8d6ec338278e48b954ed3892ff838f4f,24.0
6954f23dff0b61c06de5bf898ff80498,24.0
4603b60ea92a73e8a68c72269d5a88a5,24.0
64ed151de6054d3f07c9bfcce705b0e0,24.0
fbf2f678a62eba81b5774018b2342345,24.0
70d8185f1bb6f495f3ed2cd8c8cf11bc,24.0
947c810e89096e900d04c53df5de2922,23.99
3148707878001f06021a41d300d4515d,23.99
273dac17e086fa4c3f4cc6494776925c,23.99
8df826101613bb32c800c08bd0b16cb2,23.99
959292edcade77d6b60dc8f49f01cd71,23.99
5a7046dbe281aa4912b52fd9893c0903,23.99
668719742fade470e60fa657269c7784,23.99
f426f7ed3c61efa620bccd04c6265bc5,23.99
5672d3e8d9ce687141f1b0aedfec2251,23.99
b418e5d6508aecd5a06130edf72d608a,23.99
53feddead8a794c0519be56bf7f873de,23.99
9abee80b8c706a980bf5714cea5ae673,23.99
a83989ecf881b6cd5114a2a383cd1284,23.99
d8d953c123168b787dceec29e08d08d3,23.99
758cba92731c9677b85afbe87fc7e52c,23.99
ed8dfaef8250037ed52b478b91870815,23.99
961a23e97556fd80b1cad9d03d6fb0b1,23.99
7b18513ebd2fce36ff6408b7805252d6,23.99
0b702c79a0f15e9925c12db5779729b3,23.99
e8719e0c76755bafff0f1c61e131fd2c,23.99
cdae1bcf423879f14dbf9eea667c5a45,23.99
297adadb07031a1f609eb3459eab01f0,23.99
e8b75845a700bb574b2346b8f489736a,23.99
c4ce6be40d0061a63e09a91bdd9963f2,23.99
e745e8122599d453a0b96fbf6047a476,23.99
e37441c531a1f8693c41af79875a123f,23.99
b9e6292e3e994ab7b830c74bcb35955d,23.99
cec25e74aaf4118c600a09a96365b487,23.99
6e8a9c87724e18b7e567193cdd3e4b45,23.99
713ccf2c8b341b2b1c0796960ae93fb8,23.99
826bde95c0373381be2a3e6ebe9eb14c,23.99
dfa6887fbd2d987e02484f94f47707a0,23.99
c4d135422be0d4333f506acde8af9419,23.99
98f405f18fec61e1a61037c344213e26,23.99
98fc6aa4673a967ec6e4390c5f8b24de,23.99
abc7d608891528fffdce378aaadb2de2,23.99
b7b53a71a9f9b0cd9d4646976261afe2,23.99
7ffae0a2b02796d8e66fdbf0fa6e08b5,23.99
0e34b195e55c95b048d7ac56ce605fb3,23.99
8e84900e687c4174501c7731e63f09c5,23.99
c3efc16af56a84e93d5f2356aec092ec,23.99
2eb9038b531be9b9ac85640a6f60e4d2,23.99
db24cde3f582d45c6be2809ff57d6598,23.99
538f5ebabc8b42ab3d71536066a64ed2,23.99
b7696f3033663a871d0663c2398861db,23.99
cb8b25b7698ba72968a5defcae2a9834,23.99
6afda3daa8873ace2e6ca5fc0bff2ead,23.99
a15b58ce82f163a86621d29cad826745,23.99
4485bea5c677bffda2227e876e8f4947,23.99
76c0ea5962945b3b545b34f99844cbcb,23.99
b63d3a810558af5af7ab6261494da135,23.99
73fe187f16431a351b8e5462bbf89c0f,23.99
39a0a78fa906f6ce2b95e348f186016b,23.99
cc04d2febd5b4eda43af1972a4130cfd,23.99
f93d90fd1cf12ee957502989080365ee,23.99
5354b83a65dc73d7bdc243d0d7680383,23.99
4dc18367d91f3e5a8676608d536153cc,23.99
f7af1a7247b628687269ab2661ae1f79,23.99
c93ebba7ff597e5be398633ecd66561f,23.99
ddd0de1356a66c120ee1fa0c8ed7522b,23.99
3d5b84857f33fca6a8358ca21d1817e6,23.99
427be35f79110d97b5624f9791d8714d,23.99
bec0ecd38c187bbacdf9a805540fbb68,23.99
b0b272dcb47a51eace14ac2dcf4b5ec5,23.99
0ef151d5841bc8528f872b4fd70ca7f9,23.99
ebe9549e207a4ae52883511e4cb51f6f,23.99
f2fea43c403aee713726efddf60391b1,23.99
fe37fbb53f07dcf3e2afdb887abf22df,23.99
440a012333fbf98bc85a2120cebdbd87,23.99
1e74a3bc25973c001bf161187ad5d618,23.99
86fac7308908bb52ab9f35a251addf4f,23.99
0b9bceeae7e86e91ccf6f30fd63ac857,23.99
9268b8eddeb5b243d368fb57cfe7cab0,23.99
fb28f41718646324c1ff91eb6b8c724e,23.99
5dd0ee33fbd7733740ddb4ea0d55855c,23.99
afa7ea93b6c193ba748e3c5a8c4a47aa,23.99
153988f5713ef7c84a3bd6f79b24d23b,23.99
cc57bf7b13c49c59095d09da7a63abfc,23.99
7efb46efa7e2eb3b59708f337033e05e,23.99
01bea2d6055eaa52f2df647590eb85e1,23.99
82a8363331889ef3b94f20ffc543284f,23.99
6e736039588cb75bc6f72b4ecdea2001,23.99
05937ce187de4289937708b4f3dfcd24,23.99
5767d4465dcba8fad68828553be9f5f4,23.99
d4abe18305755e18089badeca5d274c3,23.99
c0b85a1f2e552f8f4777d3256c3cd3d8,23.99
eae8aa6cae466fbee934b61dbcba4d47,23.99
4e2af509f129461427e30d1283e8e81b,23.99
965c035f7062014612646b3bc2196223,23.99
b3c098f5250d9a6b7745b6888783a949,23.99
d070b9f0b542ea7ae9e438e3c8a3fe99,23.99
0a6851c4607181b4a4a770cbe556b822,23.99
196f17bb795d8e0ce677230cc1781059,23.99
2f1630a0b27c5a05a9c4f22db8d2b2c5,23.99
ab3b5999d3734808f5045e52702b8117,23.99
667c857bad32b1b14826b5d48a1d5f41,23.99
3fa2f965d8c9e53dfdc0e65fe81846bc,23.99
b8db3ed2d28a258de61b1db21e042868,23.99
81b760614714356a48bae829536c0b0a,23.99
57d673d104da338f0c80a321e20ef683,23.99
2e6506c7189034243c684d5c2d7e83cc,23.99
60294df5bf9dbd29d781ee731e7d5e0c,23.99
b5ba1551df04f16933845362a39a3b00,23.99
351ac62584c46e642f67aacd3db5836c,23.99
e7104d922b9a5e57bda9f1bb619d9013,23.99
73a382623dc26b140d807f421a06b55c,23.99
4e8893e0890ad4ccddd1a313a58496c9,23.99
1cbe9451567408725b5ab9c1b6f848eb,23.99
4979f27f283cb0583f3e188420013a20,23.99
df3dd6b7e12b41b1a53e5a11a8abd8b9,23.99
5f4eb019454dc6328afd8f20593c3037,23.99
9204dae4645baa76dc0b22ec604207fe,23.99
73ffc6da26f56063a93ebd8b9606dbd9,23.99
af5a08cfd606f40b7ecc0a4bf9f102db,23.99
6b3a5fc1207b995bbc6d83347ee1321c,23.99
8f9a7227b5626fdf0b401e8832446f84,23.99
803f49f161629fc6ff7d59aa6aa543a8,23.99
7bc2e455b6baa1f35526ec0f24968e34,23.99
f9db12713a1ee58b8ecbfef4943a95d6,23.99
7e7b03c269204cfe21f404efcdcc22bd,23.99
3bc0cda3b8497bdc355d3d42a2cd97c6,23.99
1a2c6469954e0f56da59bf0ac75007ed,23.99
616134b157c9872424b90e0792bb6f68,23.99
22497c3161ff79226e38aa602f7e18df,23.99
f99fcdc1abcce8d94b2e628cadf50594,23.99
c3fca3a8fb26d630358f6efa310f5cd0,23.99
5bcffa803015a00394cd82974a7b0ebd,23.99
c8145ea9f734a0652c0b7dcbc75a5fa3,23.99
c7a2010b40eb2a407925648fe8a01b3b,23.99
de9c02d5160d868e7f5949bb84e7593a,23.99
351635175fa82fa267190c70c28d7996,23.99
3d616ed54a57fb940105f20155809c98,23.99
fdee1c008d209f16a3e03c17ad4e2bf8,23.99
4adfaba43ed62faa6b513a4b7623ebec,23.99
c513203fe6e98698871cdf652700f459,23.99
c0ee228fff37a57a46b0997c2c2bc190,23.99
22a62541ed4704ac4f51d175379222d7,23.99
eb08bcb94cc54205f3bb7cfe27f3e9a6,23.99
1f34e395c0794098ee3ffd75447c58de,23.99
9b870504e5aab43ab753e7d0e8991449,23.99
5c05ebb5e96832fc06d7a50bb396a446,23.99
d738a387081b0f1888371eb48c490e2d,23.99
7275b995159d731d9b9e042c453299ea,23.99
34a989f546130d326970d7f3f160e9ea,23.99
7b66c4dcf653a107c3e734b9868a7ea5,23.99
2677c0511411111041b6e98a5d74c5c0,23.99
396155add48b67c364d17f5c16625e13,23.99
252320b02b6877b2711685552925e55c,23.99
1864828fc0be485be9870cb748d4d6a7,23.99
62c819c053d16bbdc6cf5794411443a9,23.99
a53465af275137d100190c3f5254b283,23.99
3684d4cae3dfe07bd673aeb1db653210,23.99
423a14e6fa2adec3fefe8c46c9026edf,23.99
3cbddb468c2c94411d34e16e19446cf8,23.99
2aa3c45e42925370972f456902aa66bd,23.99
ebfec89ff4443951e41c19c07203210e,23.99
bea09f07c235c12f4d5fd154651c0f5f,23.99
30a63600df8186b88aadc5f2e420eb2e,23.99
65b9b5ce785c22668628edb304992629,23.99
9c24c996759c0865e07e4fe69506e151,23.99
9a26bc2f56790acd34d1ac7bd666fb56,23.99
9fef7c7ffc4421952c01aafb68394c53,23.99
0fedbfc0e3ef4293dd80925871a788a7,23.99
333d82983995ece4bf3ebadf4de10201,23.99
6b4f91a9fab27a20ddb02901e2e92ffb,23.99
531de017d4c5943227276ae3ba96be10,23.99
65f971f1505bbd0707a81931edff2685,23.99
96984d20a74a9ad8ccaa00a5891605a5,23.99
47bf1bff38af6287f6749bec13383f37,23.99
47a66daa8a760e22ef564084cbfbfd1b,23.99
0f665761c771caf3c48c6fb4f5d35f95,23.99
06369c2ee3b11ec9c30ef9e8ea3ca97a,23.99
f15233c6e0d9a3837da1fd631a84edcd,23.99
606c835a5ed0e7f5c1917e3fd48d5615,23.99
6e4dd13384773c090e487c674a47977f,23.99
fbc839b74c648a39b750799b58a13e0f,23.99
7bdb98610c7d1bcb98046b29d8ee2f67,23.99
d5e9a2e59b5f17096a12822f556ac07a,23.99
1107f83ca5093ef5dba7039d74fef65a,23.99
e27c0fc7980d78b52c7a97cb7c8e10f0,23.99
5467b2f372aabb3861904be583bff4b9,23.99
a5cddf2c05cdef8335fc89d9dccceab7,23.99
f00d4c0af4257f81430cf1f7aa94c74e,23.99
28fdb0f4d733ad48a41295bb90f339cf,23.99
14bf3008a25d689c6ad3ca1b5b9975ec,23.99
531c68ec664816e655ac49a23aa51124,23.99
053fbd86c4da63d8983a3246fc3ae18c,23.99
fbb26f2f32dc98bef32f0bcbbe89800c,23.99
9e1e8d9f72fe02fdf424655e63bdf38c,23.99
6d29bad4541204600412a1eddfaa1288,23.99
ff4545a3148f5a22667f301e00cb5ad7,23.99
147bdb1d0e42e08333e0c2a3d960a3a5,23.99
d428a3e61ed2bee543429c4e0d1c8ca7,23.99
4f14078a26034faf21f8085cec94d91e,23.99
090d8c30005e20451f3514a654cdd9ef,23.99
6cb4c7f27681594075676ae0db2b2986,23.99
bd05d079f44e25d2c95a8935c2f83363,23.99
6d7ef6a9a812304e55d098a95c33ab66,23.99
c4538c27f47c9389108880bfe6155eff,23.99
2436e91f69e10172ac57467c2b2290a9,23.99
762e8ea539165da0ae00470a4f8e477e,23.99
2be6ff74ee498635876fe137109f5f96,23.99
4e28411a806cbd9560f25d3ffd15f773,23.99
e8abad00266b9c97a931297879960258,23.99
2427d6249db42ff5f64d8df1ea82c437,23.99
159ed1745532faf7a168edba44046e5b,23.99
f7d31256e469e23436ff58bd91018dc5,23.99
87d73ddc7b2bafe58c0c02739d295e5a,23.99
4668515d0421ba4dc31c3b9fcc5b39cb,23.99
f900e5d6db823cc54c95b9347c6a6f4e,23.99
4f98668ad1d46cba77e45d3cc23121a9,23.99
ab2ad851c8afe2151aabdc9829cc23c8,23.99
5b87ff0df63b832ccd0957dd27cfaba1,23.99
6c6e0770deb19fabc54d902741d13d76,23.99
bcccbf3c3d4f4b9c15bace9a340ebdd7,23.99
2a417f0f0717eecc940b00012978be4e,23.99
d759cacdfda91f5b445c1ce8e120fc35,23.99
1b676ae36901ebaeb90253602c519f18,23.98
079398086249945a3ef432ae14ecac00,23.98
de7921534c6d469a9015ea7ae903bf49,23.98
7f72f62adb974dc47f0139f5c09b1243,23.98
1d1300e5823331f1065112a2a6aa5b19,23.98
19cecb194f54e614b70d971306a9931b,23.98
8a326e7047361f829ca979a7d532d1b4,23.98
34a7113ee408811be7f4bfc68651bde5,23.98
fa3e77981c620b52d92ee2d390543f63,23.98
7e09a5c3c28c8e14e5a17696712430f3,23.98
646c33ea702a830b5017485c833d2971,23.98
fb6ed625507693e5b130b1918923e2ca,23.98
cbd7f2280c571b565374cff6887d1ab7,23.98
ccab72b69816bc0aced2d261a8ebe248,23.97
7bf292ff5a207037c946ce46a12e8d7b,23.96
303cd77319ef7c8b023153ca3d32ebd7,23.95
877bb7b491518f3bd6f821bf1791b2fc,23.95
4576c33f528da318e87dc01cf7504004,23.95
874ad9d97ff06efb1d8641daf88237f5,23.95
2e8baa32dcbd76cc57f3ebc82c29aeb7,23.95
5c2ceac1bbf7f59ea08a70dd69186752,23.92
57589bb9afa9eb858304d0ada0f1b45d,23.9
40e1fd06f8240034b332958a45840b60,23.9
2ac065cbd96608d279af3d61ad96b3db,23.9
7322e04a8cee7f728d698f4666645567,23.9
16d7008e96c81210b00221d33a00a6db,23.9
81cebdbc72fc17d808b85df49b9d52cb,23.9
e4f89f57953265051032e08c8ac9395d,23.9
7cc773cce3ceea8640c54a88b0f007a9,23.9
dafb5d1c281d4cf50c5383b6d9ed0ab6,23.9
a602a55269bd7ad0a6d3d7ef86ea249d,23.9
7e02b16d28f8d9a188d9052436078e8f,23.9
c7b61613579c9bdffb328c60b8b6c148,23.9
6bdf3daf6a4b5560e0aeb6951ec83381,23.9
cb6e4f240437a7f5982925cfac3b9684,23.9
540a2be873e8d6d01db05d4e9e472aeb,23.9
b73fd6139bcffaff677d9f38abcfb9f7,23.9
7e3d457378ea5b6fb4556e26c783d7ee,23.9
9f6344a8a6d567f84f9ed02120214e3d,23.9
83b54583d45924de2866eff235f84a2f,23.9
a8967ea2835ee0658cdb389470fb2973,23.9
06e07d9f20157eac3086f8e27b8799bd,23.9
ba11fbc3a42907d4018c0dee4ea35969,23.9
695449e690b9ed39a1afa2dc5f3e900f,23.9
e23af768cf7b2b9a24aa290250301b10,23.9
95ec62e8d34f56e5eb89e9f8794cb2a0,23.9
44b2e81b25f63e1aae942096795f2862,23.9
2359e70b63920006f86eb8d0870f6406,23.9
eb534900c64fcbbe53a4158d78c3bbd4,23.9
747af79916b2377c22485f4e83c6e521,23.9
60ce2ffc10359a9d9bbbf106440230de,23.9
907578100e52cfb751d235d0930227f7,23.9
42775a1870efc59d6e39e81adbd37740,23.9
c9062728d2f9e245f3945d071434755d,23.9
74b3e52242a168f2146e40d41f3f0399,23.9
7ba1f155f8054a982c040479a50f34e5,23.9
dd48464b22b941c1717e9b3e53ccddab,23.9
3e0806f0201dbf64cf2c8f6a6422ef38,23.9
c7c8e04c15ed45ef8fcfdb5beae1ad2d,23.9
45239e2efb1a649a70e3a709cab96bc3,23.9
da00d27b82df73ac88a4db1de1d412e6,23.9
c78a0848edc376b5bf05f22ad093aa0f,23.9
49b51777c902c07945d0bbf6f1ccd2cc,23.9
ebcc4b3fd464428316c411d71c203ca0,23.9
a1a1a00b4c0d224f299efd03f01af3f7,23.9
0e58b68bb3dcb245d8c846fe32ec8d05,23.9
6e354d5ef6d358414f23df3bb5255ce0,23.9
32734d8ce19dd70c65a8aa63c4e080e9,23.9
132a9facc3e81d474c4c24d5ce82e284,23.9
5e08b0deb0e41e0e43823ddd9d33ef10,23.9
3afd83b96ff63cd65d69405b42b48738,23.9
31ab978c12092ffec92a2fc830f741ab,23.9
6cd52f4d9b9cbbb03ec1e32184fa50d3,23.9
fc9c228fc78372b6b53ad3515823eee6,23.9
3f1ad472702103c94ec12bf58592d772,23.9
b6317eb78e7d6d293e62bb1c60f3c979,23.9
dec0327d097743b1b1f013842e6b7f8c,23.9
eccc13ce9951db3da439027211bdb3dc,23.9
71e5e75dfaa74b62bfb191e28152d528,23.9
954044bfd6fb537969f65fb21750ae1d,23.9
da49aa85426b211073305504a48cdb26,23.9
5910297023a3745d6c6f4e455e4ceed3,23.9
f4d084acffe45fa5b2f8b6897c0e596c,23.9
fe89d4293f6810dcfeffd77a09f0969b,23.9
9a391277128ca32d4ef8473910faf70a,23.9
01998a22ca4b0c83aa13f2e8bec67c81,23.9
dbc9cbb74d25c5c2c1457fbd64f0ba57,23.9
8e7a72c32756a94370654bc332fc1dc5,23.9
096b8c4d4856603e88a3cdb921a92aa3,23.9
c99704d45e509477b708b7ed594fb324,23.9
068a6193792ce340374afefa699e8880,23.9
40d7f7d53e5b1e2ecbfdcaac7961530e,23.9
562d3c3ceba1345be4057a414b9b1de8,23.9
022422df869df5d9e924456635d9b091,23.9
7853d90ea3e84a965b9c72a0ac7abf5f,23.9
e79d2e40f41f804d567988796efc3c59,23.9
0338c6d579ef5642c7b1c9e565a6c812,23.9
178706e9cab0f7d13bb90fbf946269c5,23.9
9544ada5916048c770957175f11aeab1,23.9
b2087c518b90ec42acbaa68e517a5452,23.9
7e25c3cc2fb867d3fef223c50fddc713,23.9
b2a0b41180a2f7c13f135136917779a1,23.9
b3588b0dfd394759bb0048856f365c95,23.9
bb994f5e181a796ea6ec46a53c7f6928,23.9
7a0c9d6fc5dc65fa1da11959b167c952,23.9
746c850fc3309628645b7b22b4603e55,23.9
bd6d5bb0762574fcf0102668be4f781c,23.9
f8d12036818f22bd2f2fcbec27b9e6a6,23.9
ca3d413ad083d24db4775381aa24ae54,23.9
177e58c62e5a5073715e8d29228e38ea,23.9
8f4b19080877a61bc541345f5dd24f4d,23.9
3ef9db9d27ff41f65a8d8cc8aea159c6,23.9
f141fbe08704cd463fd586a9d746b71a,23.9
1182014e15085488488a16a15078d230,23.9
001f6f1a5e902ad14e1f709a7215de11,23.9
4c9bf235c8597c7db70610186af57d7a,23.9
27c1ce1f47c189fc4e1b35d8f64dba8d,23.9
c5588c8e646c1dacebdeed67ce6c2020,23.9
5673a31a353a82920434665127feddb2,23.9
f2ac1a7631ac7ddebc1adcd171f7e2ac,23.9
24cf4347382b8e190a512b2de912f89c,23.9
693b3b377e3e7a9475f585d765329230,23.9
389e541058bcca8035f5fd63f5a9fb3c,23.9
413b5fb06cdebb89cdce52b030d3861b,23.9
15f8bddd3b14e7c3bb4f2020a35e1f3d,23.9
6792b0ebecf141d45746d320bed0d951,23.9
8f5d149c0a37de04f261fda4d009fd03,23.9
23c6c63704f7efd494d4d77561cdf602,23.9
2eeafd9d0467198f7d94fabf020d86e1,23.9
2d521f8dffdd11217484edb2ed246098,23.9
47fc0b3e8d22c830d7c4f425fa819eb2,23.9
a192615354b55122778ab9c19cc3a76a,23.9
f6a795133cf03ddb8785bae6a82825ed,23.9
04c70b7e1a619d16dbd79757e543cc59,23.9
67f5c51956b20d8572f8f24d897941ac,23.9
28802391b537abb352ee02f689cc7abc,23.9
afeb82c48991be6b9c35a005a6e0e250,23.9
4626deb1d6528b9fe2ff75fd889f27c2,23.9
55eaa25f13d0d25081e707fc622c64b1,23.9
8b47c9a9eccb8a88658de10e8accf89b,23.9
d3d6c763908df46d621bb82bd6f3b550,23.9
8e770e585cecab47e4ac9701997e111b,23.9
355474d121f6ea4623bbf34bbe80739b,23.9
1be6ae39f964ccce9e37a8c7f01dad8c,23.9
eba04ee856b162cbb63d97476cde1726,23.9
c8a48f24e0d3338f916385b4097526e9,23.9
28c34c93c160b8af311c852cd43f920c,23.9
d58d9b632ba93e5f55f80feef49b0d94,23.9
f1a3c6f8513df212602449fa07d582fa,23.9
8a07c252ba8359867ff9e45d2c68d265,23.9
fe66267e4df233e7c2e72938df4dd8fd,23.9
d02958d0f6d506f6f18d837c8aa16268,23.9
e695d4f6b2594abb3ad2c4a7d412de4e,23.9
8283002ac9ca2ece392746190b152185,23.9
db2cf4866a8f96d08f711c99f9d5cbc3,23.9
480aee92a572792a7a5043f486656da8,23.9
5b4c834c5586fe8c2601a60498575d77,23.9
24b7b8dee2d1ad1547b6feeedf2d3946,23.9
a154f40a53dbfc81340f0834f035e89e,23.9
2c38a07bca4ddb34f992f6924dba095b,23.9
c23fb1930af84487049b7d29429d618e,23.9
f086f149136df0f183212ccea216a2ac,23.9
0c908dcc7f29807856cfd37265b8c938,23.9
3c8735c5a045fb31f956e4ab8f23c566,23.9
fd4bf9d671a41d03097dbe9284433c4f,23.9
57dfb131ecfc38c01347694e99e876c7,23.89
3f3dc918ca51ae7bc670633e137bd0bd,23.89
eb8c0b8655c42ddb4a606963e3939fb9,23.89
577ebb5b9d8b9c4f42a89430683dc032,23.89
750552a134fd72b2627d5dacba2d23aa,23.89
aab80f9b1d664586c530e24c6d49b3bd,23.89
3f1823485bd1307644714c0406031ebb,23.89
cb536556469db7a61852d0de4cd9a279,23.89
7e7d6178f4ea751fdc954512a46c9531,23.89
f8fc70c22831cb93f1bf7f8eefa19765,23.89
6b5941ccdbb65f7bf9babeb7de8f3aad,23.89
cc3f0f9c25480b83c834bf8af1435a29,23.88
c2abeadf74096ecd634fc60aad1db095,23.8
0aa76d5f7e9e7b8305d6a6759fe8120b,23.8
b2cba5f59f652fdc17f0d0a6c8f63ddc,23.8
4b3fce1b287ff49a122c189a646b9a81,23.8
7f3be1ea4ab67c410ab8e37634716342,23.8
476bca4f2695455d0132d376b6fa9c5a,23.8
7c71ea23484a949d7d940a65ad27781f,23.8
68850f3e1d2031818cf0afe5c87b1de9,23.8
4cb9c064b0da6dad9fd6d95af264b2a4,23.8
700660b5eabe7b1914f0bde53b1f7d2d,23.8
a1d7580bed7d7f0ebe64eb1d37b01624,23.8
ab9e9b26c172c928efe04a741772958f,23.8
0a088a15031cf50f98f92d3e525ec7a3,23.8
0634a391a7b3989dda9196f26e6b2242,23.8
412ef0bba96a560e2811cda36c9cc55e,23.8
11e9bbf2b2029587516b04cafb81a3fc,23.8
b9c44a9648797a0f874382d85596da91,23.8
bf0554081e2306f697837b1fc43cfd27,23.8
c53f7d6186656381fa2ff8b9bb034302,23.8
a780609535c7b7ab858f53daaf25c628,23.8
c4f6e2a634a982d2b461c66925923b86,23.8
d258e855035fb7cfc8a3251229cf0e0a,23.8
9b9603f41c76da930aeee5bd6edbc5d3,23.8
95aa8f7723da461743071de842af7fd2,23.8
9df81b7cd5e2cbe09ab02e1a82b8d6c2,23.8
6ed0ad2cda6f86bc5a3782c4853baddd,23.8
21f6903534863701705759b243730c58,23.8
48d8c257cbd8447a8503e559a8b8cca9,23.8
d312c73308e9c429a61aab82e16b7f6a,23.8
356f911f4a74dd8d365a720285b1c5db,23.8
8ab7b5a0e010fcebc3f6dd6eaa190319,23.8
e1028380a416953a189b17d94ff1896e,23.8
ad0b3798cc6fa294cec40c1e69715982,23.8
df5c089484b560d3fc9111f1f43c45c6,23.8
9b429ad10ecab0e05dfad095c15812cd,23.8
5077f913059a0cc49bfdfb4dcd797f7d,23.8
02112377ff79f99b7c925ff46dbc2040,23.8
906ab422b16bd7e63d0fab9edc693a80,23.8
76757f2d4942e8382a6970222578f5b2,23.8
59ea29b6bd9ea6c5f51823537e21b2d6,23.8
ea5a701c34fae54a0179667dcad5dae3,23.8
1b4fbf469a7ab0237b99420da733202e,23.8
22dd817ef8b0603835a39da9ef340f5f,23.8
00bb27539e10159490e73842a90b173e,23.8
e57b2e8e7952fb47e3866cf07b5882da,23.8
50096615bb761a7405c8554e3df4c345,23.8
d0a038bb17c57b327e1e499b1806122a,23.8
c5edf8edb0b0818c314c063cb8445e79,23.8
413bfa6deac262b57bddf57b4d323d53,23.8
121367934eaca87a7368689b0b45d96c,23.8
569dbd046ceadfed515b57f9130ea3c4,23.79
598f6ea65e0d55d010f88b0093381db5,23.79
abdc586e0d5ff6eacd551805eb29149c,23.75
3c601c73d44079bc52d371186f7a05d0,23.75
9a775cf29c23851d803a901003b591f7,23.73
c23fb30a729329aaf217f168be86abd8,23.7
644059e43894b09e9d86ee6bd2e9222a,23.7
ee251ea5871653264ba1f639bb6f84bc,23.7
6c0aa6b885517e59eb6755b70476f174,23.7
e0b9262d01399885847c98481b33da06,23.7
95e0a0f1f6d04910bb926a0b8550ff92,23.7
d399f99a4070fd5fdcd24f4d7f43a217,23.7
77f7fce090bc5794f0cabfac948b34c8,23.7
2b694db51dee9b81a5e3d0fdef04f3c6,23.7
082afb51514d796870e769e2c46919ba,23.7
d6679f9035899b94503bb782c8352752,23.7
d9e2f992cd2607e140ce5bd507a2b8ac,23.7
c57739ead92456e9c71f76ad1e292255,23.7
8929d4982f67133e36841637ee6f354f,23.7
ca591ae110d50908d1cf866c10949a47,23.7
732e51d935d8229e1df62a2584cbe899,23.7
feee031667b7b1c2ccf3bcd4755b694f,23.7
0f6d889ccba941185d1d814aac0bff24,23.7
b0f4a833c13466c077bf44efca4d5b56,23.7
d134d35910e60d5cbef24fdb02ae1234,23.7
f4fa9e94d9ccec4f3fb15dfd8b29eccd,23.7
0657a45b970f96a857e7fb73053306ba,23.7
700856752061c5f93ee45f4a6b715e83,23.7
7d42d764ec16aebab2afd3d9802e40d7,23.7
1731604d6fcd6fd6dbc0e2e12d552ddb,23.7
ede0405d4a691c6d3efc44523518a787,23.7
13752115a6ce16bd31a5f5f519400aff,23.7
c349ba43b52928ebdd45c31c6f741d6e,23.7
5321215bb86a418adc48f91de7b51b6a,23.7
dd4c0e8d44344042d262d6afa8efcc91,23.7
018dd62c0671714cdcb377ee17e2110b,23.7
41ac8b87ee6dec2f7c9980f71760a0bd,23.7
d14027a730cc5d88a590a3f064637591,23.7
d6d14552ae24882f995122185c4c9b1b,23.7
678e29da385819d20ed00a3928143d54,23.7
bafe8af59e2e0f88bbfb2f53d5e87429,23.7
0f3e1ba8c59cc73f5957cc74d9e25698,23.7
bce147fed31cc4142a6e6f9bfea690c1,23.7
fd9890dba101b87205b412bb2a8fa2eb,23.7
21abfb2740ebc48d9a95f43645f0e477,23.7
2aaa65ce049f1d48a12686e2142982a8,23.7
f04a4d84ba2597da24b254fa733ebd80,23.7
14ac5ecd56561bdbfc2eab37e58da580,23.7
a401ee79bb706bb1bcc92cd4ab2f673d,23.7
2f0110b33a975d9e2d4e2ce26ef0bf60,23.7
9af7f9599ce4b639c91c54948cd60354,23.7
c7967be1df16bf9ab97001a0576a978a,23.7
5ea44b3b5592c68a1433101d7ef26639,23.7
d987c893b8289f93fe16dc44e8410eaa,23.7
22147b7268a3d11683446796593a24c7,23.65
1a36991949c23681997e1f6fd0cb8726,23.65
b9e1a1903d4d56d54b6dda7762dba719,23.63
3da98e49dea768b5addf8ff2a379bd10,23.6
83375fbd35401ea072dae5c4840878c7,23.6
16d5e579f5c682f592d57463ea890794,23.6
0b5f60cff1a206e0bc33c120b8db0335,23.52
a12d090841b2402c1bcc41c4d04019e2,23.5
fc77c4ac37e4b4fb64df2d68e0ff93dc,23.5
7421a693fa1b37e8aaea869860e32eb6,23.5
70104960c292faf07d86774cc3047cd7,23.5
4fb0059557dcb01f28a1551fa175ba92,23.5
f7890ecdf565bc15a50ffb3743cdb0c8,23.5
0171c99239a82a0794fe3e4016a0e629,23.49
cbd521be7c6c73a475630d1807b30327,23.49
c8b69e2ce6b4d203b357e85223698abd,23.49
277b0953a979a9ec5ed390b2dada87d0,23.49
b9c09012685c3318c9a1d921f9b08c3b,23.49
d79dc87e5f7e08edbda3d5a7ee57ff18,23.49
1aaa745c60b376fd11b24227bd16c93c,23.49
e5517476444480870b49c0ee5a595064,23.49
0a1ba4d9759b93977706a92fa5606873,23.49
8821ed2641ed1a27d5d7e5ae0c6b7ce5,23.49
30077c39313e8f71c1f94365474c741d,23.49
e84e1c70c5abcab689d6bcee4023a083,23.4
8b8cfe7e4865337a1e11913c2a778d3e,23.4
a682769c4bc10fc6ef2101337a6c83c9,23.4
c508d059bc9188e6d2992268c059241f,23.4
5176b354a363c7c6884ea58c62884608,23.4
ee72fb782e7724b04820a72307e299f2,23.4
bdb17993d471e48340c10c554b57ad7d,23.4
957d43b4b6b9f9573c58da39aeb241d6,23.4
edc71b62253484eedad052d49feca6a2,23.4
c7b636cdd628ac8e9a1815e0ea5ac5ce,23.4
9229bcd4ef83e2a0f654bd463851015d,23.34
c45211185ff26d002509859f90460211,23.3
ddd964490b868d062509e5e0dac09564,23.3
ec5ed55d0ce3f856a71dc2eb71e82cb5,23.26
018346fb20f70801a88a7b8c6dbc2e31,23.21
eb58af3f31ba5d587163397ba551e188,23.2
e58233586c7ac3988d6484934d492028,23.2
89f8ae16624249b47abccb7729c5d287,23.2
26b9df47600a751ee3d6e57c1dd9b560,23.2
0572b0398e8e296548ecc2ab61f79934,23.2
0ee68d196fe4a4d6d240ebf34824e7eb,23.2
40cdfa812f4db63989cac07cf9ecc2bb,23.2
be2b84f5d9486064e0163c4c966b30d8,23.12
9a0f9aa98b8176aa96732ecc86f540ea,23.1
395069eda70baf27cf1253f86abfc22b,23.1
78273c93ab6b793ee62a60feb6b7140d,23.1
a908befa9ea7b16082eb0b5fe34c6143,23.1
51ea9fd370abcedebbe9a0493cdfaf07,23.1
592ab18355a30e625333f04ded55ada1,23.09
87cd951a01b0aae445cff97f27028d0e,23.03
789df5e1338821d6e3630f9c0046b982,23.0
c434874e5533109f13c858cfa6831d65,23.0
93f44a625d614fc2af27b2bd4ce2874f,23.0
2f3798854c73781e826856a4f3336bba,23.0
a38957c087426f51440188328532902e,23.0
421ee588d79b60a872d79979108843e4,23.0
69c07da19686536789aae2148ce07f50,23.0
799ab180cdad13095179c83089b9c94d,23.0
71470c77752ae4d613157eadefe91165,23.0
2a55f5f7dd2da40cfae2c503aa7626a9,23.0
ac2d501a519f765a4b944b5142a19a33,23.0
27ad3ccd3f49b1ca2149940f0b840dfd,23.0
97daaee8d701a5059c4256c17ef8bc5d,23.0
e0a4b1bdda646082dbae9a0e633bf326,23.0
5b31d1ba9e2b08086f398b79477962d7,23.0
9cba271d5598b61adfe3c1774eb6938e,23.0
d1926a6e8068d2bb5d6439d80a52c8df,23.0
8878212fd9b435fd598ee77ec3c98303,23.0
43310f2ccac055857c45f0158299a2e8,23.0
25243a573082033eef3dce30008bc979,23.0
fd8622c9fc0a00dc505ba474a4fe36cd,23.0
72bda37cce8718fda2c702b1a23d4ac5,23.0
af6cbd13d8dfebe8dcfed4b4cc616525,23.0
a08e096b01b1231d0e7b11cb0cbe0fcc,23.0
2e7204294e95c84c31df5254dad1b0ce,23.0
5b29cab1b79b6ffde4d50351e4f85ccb,22.99
c35d560e5a0e8462f092ff34f764e32b,22.99
2f1cc923322c79500723159c9b44b58e,22.99
04bf1a1d175bd70ee2c3e58b923f29ed,22.99
8cdc9cdfa1931900e7d638a16ffda04a,22.99
338fad4bbe7bbf239e0077d785f8ca18,22.99
15186bfce5ee72aa7a1cef6aff5aebea,22.99
31819535fe8ef8d723716672b3abb4de,22.99
1a5e81b2a849e76ca754d36ba90a5264,22.99
743f8a089b90659ceca3d124851fec56,22.99
51ef2b9467ee634936c2f1ec126434c4,22.99
a536fed4f2a97c5dea43c049d0850f1b,22.99
41e9548a0f8a774ff63837fa26f9839d,22.99
f5188d99e9281e214a4a7d1b139a8229,22.99
bdb8bc0a87a7105abf20423b8a616104,22.99
14aa902a1bec2236ae111bdcb39c94bf,22.99
1068a136fe0b6afe3b4458d8c599a74d,22.99
e03edae3320eaa6a6234ab9406ed76be,22.99
f2c01668df95ccb0d1c939ce0b89dfd8,22.99
4b3457f5d2a5236dcb35f99e0131068e,22.99
a7eb1926f5e589cc728b70f3449cb94c,22.99
a298207ad077c92315b887dac7e2c049,22.99
d28519623a224aee84ce327f0f320876,22.99
fdbf999a073957ff252e8f4897732299,22.99
208abc4af5021a95af50cb8a7e611323,22.99
f4c3935dfb85c4e7bcfd3b13ca483e87,22.99
10fa88a7b6a80c8361f3d4d83b6d384c,22.99
f35531a76421b9e699f31c19af669260,22.99
150bb6f1db03d143eaffd9a5e0f47008,22.99
dcac61adf6e0f0b560f223598683cdd7,22.99
258c3964a2e0d3864dff03d262ca5d35,22.99
b58982871fb641c88989b1f5f46d766c,22.99
3f4446ccd6aee1d0a6ec1b50a93a2b45,22.99
610c0a7ee3f1db8e079a647e473156b4,22.99
e5f30c56c6505051f9f470383245a799,22.99
348dab3f7710f2be30559eb101ff7696,22.99
ee806731e5bd1922c73da9af10468819,22.99
3af8c997697c3c3665a4457f2d4aedd6,22.99
c8dccace60dc560b29bbe1385a7d1c91,22.99
5e5f7e688924a066a166c00d05f12ce6,22.99
940958db94c59ca04dcc41aa5cb5417e,22.99
4fd3fdf05fbad10ac8e68669c297e889,22.99
0d381842c7073a0180b7dd55a1bd49c1,22.99
da7cc31742c8cf535f3e5491b845d4c1,22.99
f629ebd5825fd5dc963348ecb1243c59,22.99
d3556692bf4ee805f818f57eac54b0bc,22.99
fc5f9fa109597cb6c9ff852af942c1e0,22.99
ec815a810b4150fe560a510d40c1258d,22.99
229f50ba299b472ddb52496f761a032b,22.99
ce94567df6da5d7d85640b02953f44bc,22.99
5a121801b68d4c196fe4d066e63e9f22,22.99
2e3160c0e701d9d9142a02e1b363f48f,22.99
76f508e84443c4de1722b65fbbeedd6c,22.99
79e4f604f0dd8a921403af5d17c708e0,22.99
95d7d67cad21376a7879f26715f51855,22.99
4acc0bd454598ed8783dff058d355a1b,22.99
735f58d6534a91e80b977b2ae1ece584,22.99
7210b6a8ebad1b8ecb637c72f1f482c2,22.99
e343e906f6a3aeb1e7123c65b79ee4e4,22.99
0ecc603c2e9204df2c9bd387634e27b4,22.99
e0903e2fa37760c105ccf0847c60aaa3,22.99
d3ad5de502066d0628115a3efa4e91c2,22.99
129ccde4bb98af5b8f8b0b7e15972852,22.99
8d7abda34726723cd9bcd4c06448814b,22.99
2203e5ecb8282366f610bf97152820a5,22.99
f97d225a3b4ab3cfebf9457ec69cf76a,22.99
f49404bab9efcd0823303fce9072098b,22.99
5ae30953c0bf57b6db6b49fa3ca37f09,22.99
b6f70fd2cf64a0aaa63332651fc24d3b,22.99
4ebc2a023f9c5a95de15d342694a46a9,22.99
a862553fffca102946274396683cbd39,22.99
67dcf09944b3b8cfcb565059b9076770,22.99
32fdc4fcee9bccaf828edad48942dd0c,22.99
9f848af937f7549ea642cea283039486,22.99
8b58108c65a7d5be76731c6643d00a83,22.99
707168aaa94f9870763d366f89c1cb1e,22.99
e5ec7f1a08b68625aaa4a180987813e3,22.99
57ee7fdc80ac873efd608d0a254fba09,22.99
71e31bd9c37b8a1cacc557b87b3e50cb,22.99
c0b4da14acd1222aab98b2b9c0859fed,22.99
d9b2ad06c6bc33624b15fd1aad224cc0,22.99
ef1c3ec5a70e66609b693763c132fdf5,22.99
8647c80fc524435e980220571a07fda1,22.99
d94678286470f5b60b19bda27ca382e2,22.99
28e414622d3770ff33c04a3151bb77fa,22.99
13208e52f365a5397f177b4b4120c895,22.99
5b9d5dfe6b754261741fb68772efed93,22.99
bca6eaf28cd32203c825bfdf794b188d,22.99
db362d7742e55c0f476bfcece3a19917,22.99
5b31ca47a253eec5597a8341522d62ac,22.99
dc8f88e0f611e8fc82f51679658eb9e3,22.99
d81753bcd5b30d81d6c07b603142ca6f,22.99
29a8df8e2035d20aa4bea83d1c766e8c,22.99
a4859628b4cc633732ea27fb1a00420b,22.99
d3e64fd2e5a062acc0c4eed5847143a0,22.98
c23d38d662b0fd1638d5ff51e9189677,22.97
48145944557a9c6c41f6db3a5e4bc4f2,22.97
f7b60e9670d04d37bf3c9762987895ec,22.97
8011fefcdf20c376556c1f88c426c986,22.95
8709d8c03e1942524aaf6566a57e4e49,22.95
5b6e97fea8528cf0060d86dbd82f9c4a,22.9
5a84017062b9a09b8e834003c96566e0,22.9
4951c120d471e3e81f9c23fdf62e0f10,22.9
0a294f6feee3dca1eea543e55cd74919,22.9
ac9dfe8c6540f2068c789c7140fa6ff5,22.9
756f14b1558af7da091394b7abf48514,22.9
bcc64a6caa016f05ccc877acbedddcc4,22.9
8d530bb376a32c1a88884c941bfa3789,22.9
e1bd5bd86021b5bd95f9be2b1741aff2,22.9
c3ab592349e6996a4568be61ce122ed7,22.9
9414468f4e33a5759920691717151c14,22.9
5f427723d7897601d55d042eef16c3b3,22.9
9aba1be6a33b379bcc4da86e75b731d3,22.9
6d1ca7481939de4a11805bd0692606da,22.9
a45577149e2fb67976fd8a7385d54570,22.9
cfd12c4e955089834710685baa29f08c,22.9
ed324391931f8cdefde889b97c58a9ef,22.9
50074838d31ff6a3560df49cae0d534d,22.9
02f5bb96a7c684c31294d541b6723828,22.9
5453916a62bcdc43ce63888524fbdc6a,22.9
6a842e6565c1a29ed2d1f486297224ac,22.9
5cc6e86b63af4573b013fead9c1e087b,22.9
d9cccfd1f0263ed3801c621a7a63b8ce,22.9
4586d540d4c88024a5e6e84c3349bcc5,22.9
bf0a12f5106399cf7fab2db73daab9a0,22.9
db359b7948ea66f46655176af4214978,22.9
5d4102f3084e6bf0e67d903ad04e073e,22.9
16100ce67e803006c3caab4e1837582f,22.9
8cf0e572d0e13c3cd64a678d54e0ad09,22.9
117c74aa6cd3541068f9c0915dd95fc0,22.9
de63930c24dd5bdc880126cf472b2e47,22.9
f5cc726b2d4234429d75f8296a78dbff,22.9
febcf121404f8430f271a004c6d7b29c,22.9
1fba089c83acfa7fea32a1e506c67e83,22.9
1c098ad91b1234eaf6148dd9f163b21a,22.9
db55b2c93fa9997f28cdef04794eb027,22.9
3e4fcf75544e17b1320aedf7f8dab937,22.9
cc1899cdfc1e118fad562dcc7fa8324a,22.9
e0df7f269b8ed0e7400dfa99dae746ac,22.9
c2b5591d50732618e8245b7c01bda8cd,22.9
9ac1e117d9a236babb452f12b3a8de19,22.9
48e3a9de59a791697c8face0fb3d439c,22.9
f3eff5581af1342ceb05677a6508bbbe,22.9
cefa00948b23355e8ec172176abe28fd,22.9
cae79cc581bb77505c1524de21a58759,22.9
a4e70ceeebcc284016970ba720060792,22.9
a4e27dbd112a5a68a254876b90b4d5d9,22.9
a70076d8d4bfce15f8081951c43bf187,22.9
af5e52338019c5319e864fbf211c6554,22.9
121025bfb3f2ba59f3df6aab33216cd8,22.9
677602cd0786998b80490124d923eb07,22.9
cae200229793aeda0a81dd5f40759b88,22.9
5f74b0f2e7a914d47ab126a05d746638,22.9
4bdfe94fb04b8754cc3a5f283e26db9d,22.9
e8dbb8c4ac4d9dc11271aa0e3b63b531,22.9
7fc2cb6aad928fdb6297a0c77ed77b3a,22.9
d7d395c0faef4d563b081f146512a0b2,22.9
153075720e8aca000c4524ca6ae5184d,22.9
a3291b519a23943f436aa7f0b31d5614,22.9
9cbbd0d34efa93be40b726a803e21422,22.9
a743d5c3ba8ad2c90f90436852d418d1,22.9
c43d7424f1a0af3b147e88947f5bb957,22.9
bb1be7eeb5e6950adea984cecfcc963e,22.9
6cec2e523363d463153fd692edba1f61,22.9
a22203b8cd7210764aa43f442904a076,22.9
562099b9d9d31ce8e39de3c6cae6a75e,22.9
603dd05a409bcfe63ca922996c72bdfb,22.9
9986aa6bfa30747f0b86533756c7b355,22.9
a6f3e3a65eda657279a6139bd579c26c,22.9
748454d655fa072522bdeb9c6218c3ae,22.9
6ae2c74898e63a9bcb85e3107799b4f4,22.9
55439d42edb27419fd91de6c518aa06c,22.9
20fba61eb3577801b7b778402b1e9db6,22.9
7abae3fa545cee17000026ebfca8eabc,22.9
9ea3c1c432aa8be6b9c04d7fea7f66ed,22.9
36ed9379299c45eda07acf2c5012e28e,22.9
6f81dd1ed6edcdbab286f2604af545b3,22.9
45260e1821fb0007e1fda24a96e0bc02,22.9
9fdebfae1dab5716f638f0a569588542,22.9
b0e3cb6a4f179d4ac6adc91841a16b9e,22.9
ab2525bc0acb98f406e1c657ef0b26e9,22.9
59b1313a489b839a38f57096ca66ae82,22.9
63082ef9bd7d4906b7a68e77c78b3dd4,22.9
b9f9d54696bfbb8181c2e0754ddd8b7e,22.9
c18cd6e987080976aa30a48bcdc10074,22.9
bc6c83de95492ac49d824578ca50b941,22.9
ba12c461af37457048f420e37de2abab,22.9
5e43c982ccb91984104e2aaaa062e652,22.9
b816880c005e53a668a18deccad9d09c,22.9
dee2060c887c5301dc3495cd9135169d,22.9
d9a3ae847a0ccf1d9b32bc34005d0cfc,22.9
368cbdd696020410f70f2dcf1ec31f72,22.9
a75907958158e25506f50ad5fcd605c0,22.9
cc2e71564f598d61c6eb0596715a83ff,22.9
1e433a0ebefc0d9ba791b8f2e0e627f8,22.9
0c829e5443c9d6f5e02e90b8450a5dbf,22.9
758703a0274ea4a5adb2cd28a5af33f8,22.9
dc17fd90aa1a2ba097e0b0f428934fb4,22.9
037a833a583b557bd93ce21c263c265c,22.89
4d4a12e19ab6c01f7d53ad154665df7b,22.89
539d5557507d7f7b22243ed088f4c391,22.89
ff435cc65cd916dc80ccdb0d1dba39f1,22.89
cc40bbf28a3ef4239801ae5e8a22227a,22.83
bafdaeac2e5f141111bd3ba512c8c0d2,22.81
f89fc036be2dc77bebe3939e2c5e30b0,22.81
e0c1d85e27b4f7327c1e7ea449afe602,22.81
273a2c45979f0ebb2a9e1a250fbee706,22.8
28dab86921b55fb87d1f0e9db5c14b2c,22.8
b0cd3f867f1b5e1b8d41c7712c19a889,22.8
9ef700d1d8d4a2dda8544f93b56f3b89,22.8
4ffda1e227a8798aef993197d967e5b9,22.8
6805eb20b2eaf1e97f56e0fcb1a74def,22.8
4b93e0259d432e05c2fb75527705df1b,22.8
767e8c949b1dabe87db4cacd1d9e7fe8,22.8
19e5f42aafd83ee6d8a1b6d5478cc59b,22.8
ffbbb95cb0540341b9900df515ba893e,22.8
05f830d6d4afd135824b04ce45d20f00,22.8
6e254603298e9504b4b0b82b86222c58,22.8
85dc702fd88ac534aa11356c9705d1e5,22.8
f38f9a47f86946a481bee72088dc2b92,22.8
f8b42eabc832b6afada3094e7eb0d711,22.8
e7b9bc73f30f476a29a9a805d3817504,22.79
489311cd5988bbe9fcc2c0bf4276964c,22.7
e618ce61b7a6c510ada191f657306c68,22.7
4a59da975dc45b6c9dd86cec34515ae9,22.68
0fd700c3808e829c7bfd88d2a38e6c6b,22.68
3e7b5d210ff52504781d20a8d6cf38f0,22.62
772b44cd8aa7c266a3efaf363ff48410,22.6
096b92bb7b1f2df07782d584753022c3,22.6
3da0781ead2a29f53fe0550305de4331,22.59
ac91f1635b88b5f8c1dfe3d747cffb03,22.5
4d30781dc8b60e425f710376cfe61794,22.5
4183a12bf979a9f05ebaf0c45eef6120,22.5
6c769db0ae5e4b009eea220b38948f7e,22.5
cb36a7553568aa6c78dd0e6d4d4b201d,22.5
de0c4d984792eb5cc97509c7e1d6cb5d,22.5
bd6ba2b9c68f85b6386b3b3b087c4050,22.5
b435433040b710baaafb84a8fe432fa5,22.5
83ebae14081d4c34019e8c1811df86f7,22.5
a0785cc747d7c90762ca245c1cad20f2,22.5
a7e5291d821f4afc5754d432c358fe84,22.5
e5a5989a40570799ba8e0f8329e5666b,22.5
0dfc0621220f4aa19960d5c5397f0835,22.5
95d79a8ccca128b750566cb18e316ad1,22.5
783585fd209133c94cdc7f7ce4247db8,22.5
a086b1ee2f6f30b49960b5b1d2872647,22.5
ddf0bb11382100ff332835fbb45e8117,22.5
4274d167515becbd8785581fe3f4c7a0,22.5
1fe981dfb593441cf63dc16d1138f026,22.5
44344e9f944a5692177be10177f62fba,22.5
2c91b53e99543c0a14b36a12298f7e75,22.5
fb203e8695c629379d79a400387c8a42,22.5
bf573519a4128a9b186c883fdfa86006,22.5
deb24660a108884bfd9475922bf7c204,22.5
a47edaa032738bb960410036a140f2e4,22.5
6952fcb78cb94f18e8bed5f290578f9a,22.5
bac0aeeb2cfe272c826cd0cf7e5993f8,22.5
bc12c0a740d705dbe4bc7e1464fbd970,22.5
e0169b7595b7b5413914f12d084ce4a4,22.5
a577e87a5b6d85a43d06f1238ddf0c34,22.5
6037a47bede28d1b7157a6cefb512efc,22.5
7ebb11f7532296b859de28f65bb7970e,22.5
c5bc0b02e0859e93ca70abdf22e9dd59,22.5
bd31e43f04e1c26b6e2357fd6657aa59,22.5
926c2d5207d5bd5ad5e003c776ed54fd,22.5
3f8859a917d15a0ea9b7677e585d9271,22.5
95142d0ca8d29234aab5a06ed0cb4288,22.5
ba6845ad2c65cc4403e9df8f292d5d36,22.5
b4f9dd42f0acb4d7ca92cc9eddf4d56c,22.5
484c23c17814d32b3a6f86d0950336df,22.5
b93e95e6174fff9b5edcc6b8ffea5402,22.5
1faf89c8f142db3fca6cf314c51a37b6,22.5
c631648416d171bac17536b0e588cc93,22.5
24b4c1c5cfb259406c62ae4aca559a3a,22.5
72f2b4663a2f9ab47f956f7f75eeb398,22.5
a0735bf57a1b911eab046a6dad3b4541,22.5
9194b81f653a21ddac05211e071c9d7f,22.5
d90f5cda04cdb782cd4f07c76b1c1f0b,22.5
b1bd4c27aa8ee103718bc25d8a1ec241,22.49
9c75150ccee7d27156bd4b0b05c828da,22.49
b2bbf530455f67fe10265197326aab8e,22.49
02502a29041f75b4982896ed8ca6e736,22.49
3c64e8e39ccf2466e0296863a8a39764,22.49
c57a20841f0336a275242ccdd9325c79,22.49
08769b79055f98ab6f2878b6fbc39c62,22.49
62390fcc09fa729d6cabebb462059cd6,22.49
95a2102a6a6ce59383f85e2d59d0dddb,22.49
83363e2b97e2a94fef272c583596704b,22.49
5754c53ce78338afd3ea539fee8052ef,22.49
9ef0e2824a0d3b6637b6f13b5485abd5,22.49
b723c6719289f4eec0e10d6955c475b5,22.48
fa1064684b5d941b46f92cc7429e13f7,22.48
9a3a72f79c865e8d4778890226b127ef,22.48
ae973a3f4cdc947b33939a04d230f4c6,22.48
c4445fac077e8eb2dca9de6f5be8a6ca,22.44
6824e3de6e4de0ced93c58d0c2921ad9,22.4
724fa3780ed5a2f3e252c9b8978afc07,22.4
7479da6d87f84188125a087363982f57,22.4
dcfcb361d3bb5ad1f5819299c57832fa,22.4
7a50dfdc0a0dec6327ed4d772793e812,22.4
6ad1ab20e1583a1e1d20961b363df092,22.4
8e96901b7a996ba853422616c9c02701,22.37
2ff5a6455514da421bd25d6e4ceb1d12,22.37
564b304124ac90784fdcb34339c6aaf2,22.37
74ae1af0e124761bfd3049f666889ca3,22.37
2e558ce29b3e5b9d52c2e2791802cb7e,22.35
46777be868cf25df4587888868aaba43,22.35
039c5d6f330c73420f1658e63f67f0ff,22.35
47b829330c5a0c6c89cad9cb0ac6aa3c,22.33
4785f22240da3deb7f7f1fa70664fd83,22.32
93c18d140f4e52abc28925e224e2c781,22.32
0fa5382628eea6bbb19fde8b076dfdfb,22.32
37088593a28ec66ddf32eff0b19512f2,22.32
1ee66290ddf474726de77ca35bad9c3d,22.32
915a55b0a3ded24f1d8ba3c38018cbc7,22.32
f2a7cb551d698023215eb95ed489ccb6,22.32
e0d1023b561a622376880bc03708af44,22.32
317dc9bbcfc6353ff09d5468ee56c91d,22.32
7461a8e28f59334e5abe52baabeeecae,22.32
29803e82c3a7e886e1cfed354426ad74,22.32
1006e6c8479e95cef7612414cf33059f,22.32
0843fd3baa42b70bf995bb83753bfe90,22.32
7bddfca0e860e120fd4ef769c449ddd4,22.32
586c5d40d590f4fbb0ad129e21c09ff0,22.32
9c858642bbd041a9ff9ae3864d9724f9,22.32
307329610b09cf8c45bec0d871eb1ec8,22.32
2c113bbfd5da07dcc20666defb152dd0,22.32
d2727dd889fb74cc0b8d40cfaba7a696,22.32
fbe09f282571d313ea0bc08a3b9a8a39,22.32
fcb443ac4ff760d0bfd548ba32abd938,22.32
2d0386ffa6a583f65981153d4f3ad5a4,22.32
5bbfc1074790affe8949fd7b7efe9a9b,22.32
e22aed657258e707c7bfdaf734971ba0,22.32
45c093afaa7891c477ac46210a9f4fc7,22.32
9e82759c2e8b50abb7c2acbfebca3c44,22.32
6414adc9e0375fb95d8264bcbc8f880b,22.32
cdb5bda2e2203d57f2880dac0d661f43,22.32
08e2e8f0d6a0264fb3a6da7b40dbf12d,22.32
cfb42b1989c010c2dc4dfd94cfadd08b,22.32
7a52f913ac1ee1a5e6dc2d38423bb756,22.32
b96e965aed0114174a389c1fa1b0bad1,22.32
39b0a374b8bbb7f162a55a042a3c2f50,22.32
996cee3c4760dba3c8c1a726ec8cff86,22.32
9a460b0b588e9ecea4e4fd2b169809fb,22.32
a053fa192b4a6197e220e6052002e8e1,22.32
db93eae3053808be50d383411b5998cf,22.32
347e101206864757b72e2b1b64a3cf5a,22.32
0a5e930da019167d37d29f85872c5f60,22.32
f1121ff6d658b43800b6f8c7c3c8d9e1,22.32
1ea3ca77718813f33e7fab2e98c1e5c6,22.32
f427fb5c3dde65b7d92a9bf57c2d9dd1,22.32
4fd1b41e58332912030e868ae13d19d6,22.32
69c30a1fd6c353b5e4abb76568c6eb33,22.32
31efef58795097e1299b55a30bb57f45,22.32
b6eb6daeacac75cd1cc29c5f95a9f538,22.32
62d68fcfc1bfc0ece5098759a098a203,22.32
d46d7edbddcff60db4428ed88fd33dfc,22.3
e5e014f339b18e14d6dd03b2265c3a8a,22.3
d6df67c855b6f445879822f6346dc45d,22.3
d9bfba2f23389250401438a7d9875a93,22.25
54133b6c993073e3dbabb7b4c91aba7d,22.22
c5e12d2d7ee8c109332c67b445d5b32e,22.22
ff282e3d3ba95c1618a6d83f376a3ed3,22.22
e5e2913c105c1f443f9f999e975900bd,22.2
36cba08df023967e12f8bfdea7ea2a65,22.2
334cf9305f5115f1c21a78347ddb8008,22.2
9d69b5197e3e9f67c753cb6389f1c3c8,22.15
ab330800338fa26477bf10f6773f538b,22.15
e3d26d1fe9b0926a8a306b11179bbd00,22.14
35bc87103d16a383cf9a98b672d3bb3e,22.13
0397d9be013c9cb50ce9669dbb322cd4,22.08
cb773f58c707ce38c878d31cc28a213b,22.0
a49fe63924cb611356f19d90e43788ef,22.0
2872fca71254241e3d2879ab4f37ba01,22.0
041e7a50f42343bca153f0df4729723e,22.0
fd8a555de51282eecd0be08daf81f3f7,22.0
3c5f67b7722c4637a5936ce33966594a,22.0
a06845418e31e02c09252e0d38a8cdd6,22.0
91b9a65137927358dc068041f1f992f9,22.0
5da5779c14e22cdcfed01160d6165476,22.0
657bd8d56d4c6c86c5f78ac46995a5fb,22.0
24b9b2ff23507a5805f354781ff2a847,22.0
8b8e0672555cc15dd1461a80ae708a67,22.0
186e919682f5a6678f5f553a6e04a457,22.0
7fa91b7ff8f3120ed5cbba8f35d0de1d,22.0
c05d551ecfde09e27798866394a1f888,22.0
50cb9d021d1b098d40d98fc0ae2d3bc9,22.0
4b9a9a8f782e51945f239d38303a0d5a,22.0
68723f1793c2874060110d3674f93633,22.0
ea660917a9a9f3b22f7f1994d66772ea,22.0
ec1215f4802e0a54be684377d91734ae,22.0
1dcf22ba080f8d33b817de2f69e25759,22.0
ffdeb329ff51afd3a45ae5dcd7239ac6,22.0
3d86355baeb91ee332daa6a7299b4280,22.0
e8c877f8b1b721e6fa10da9c3344c203,22.0
18517a7be2a127446eb1764eb18ce27c,22.0
9dc59c8521403213441fc4a6b5044d20,22.0
a370cadf748c232df40b80db05b42df7,22.0
c4d805caf1414578f8c018e436f2ae77,22.0
c59d81f436556796e313d19267e6e6fa,22.0
1907fa7c904f93b6c442584bc4dcb367,22.0
c2a29d0111d9af12100ef59be89f5a2c,22.0
207ac9416941d5b76d64875a33fe3659,22.0
d25b76e1c12a151d2cc509f1dd2ece55,22.0
acca97f4d0abe8dafafd927ef3672311,22.0
5f5e5f703b20ca0e4de06fe72e231178,22.0
99ad9936323a640f13e06db633f3012a,22.0
bf1e01d4184367afaef2231b37fe4d92,22.0
7fad2707b753289648fe530a16a6f8d2,22.0
a0451d2ead74202d41e2f21043a57229,22.0
b8227ce6a6e6afd11de4eaaa7898811b,22.0
fd636f2e6a579b3241357a76b71b88e6,22.0
1fb677ba61c86efb05836475022c5d98,22.0
f8d7a963345ee86ad3e3ac1b6010284e,22.0
a08d12b411aff157dad8503f7cc03ace,22.0
ec5a416ed54fbcac7e20e7b2868785dc,22.0
a051bfa54366e22e1e0df328c1999bfc,22.0
47ed96cea4db9f8abefe2a0c30ad997a,22.0
6c9a9bf1e6a3e91d456273a932bbf209,22.0
2b970cf192278e9812ed80e3db89ac40,22.0
6fb1531b5f636cf52daf44e0ab1ee6fa,22.0
b7e8d47a4ce48a612420eca18fa1dfdc,22.0
b70daefdff79ef359e203f7cc2eff2fa,22.0
b6bd4e365324b11b1b4f02fd5d045e9a,22.0
d0a2850b99e417938439abb2074bbb67,22.0
d1be7769b8bccef648de83ddbfde60d5,22.0
791d0d1144e6fb6603bb485bef1d73f6,22.0
f6a35b826a976df2af454116f8c1a5b4,22.0
be3f869e5f23c9a78825aca606db919d,22.0
1c8a543f8c94cff67a67ad2d5ea7951c,22.0
961f898c34ac62fa12fd8249612de4e6,22.0
7f9f88f14a8f0dc733a5e371af98abac,22.0
b32785cb1a97807fc184b314bb7d4a7f,22.0
e950ef013e9b3faa6329f91e341a5453,22.0
ae1302fc2de112a6604e11ce53709471,22.0
18f9d57ab19248ecf1fe195bde575380,22.0
0b63937f34f1967a105bc39a54c0e56b,22.0
81df28f929296b9240d2dfb837ccfd5e,22.0
a4b8f42e7147acc8be0da5dd43c4c88d,22.0
ac21249a3f3b99955d34c4cec649d6d6,22.0
6a6f8815c1cf278751f8a0f09c9dcaee,22.0
65a6a03c07caddea4ed54b719663fce1,22.0
201c1e817c9678dd055235db6aa3674d,22.0
2f2169644b9e1e3b8cc23a59d8f6345e,22.0
254b82ac8dd89a1059e20cd786965b5b,22.0
1f83f153f903e4cebf7f5cd78422e674,22.0
e36bfd34e63416370982b812ce3a8525,22.0
806c6547c32d65555fb424fcfd309a92,22.0
a75bcc763c11877e9047c0646b938866,22.0
95956d00b808010f2c84f7236260d722,22.0
455035066e8cf2ed71bf3f6b758593c3,22.0
4fb843d304c57182d4aa27bb39ca592b,22.0
11cc55966ffc7f3db445018a66231359,22.0
2a4724a4320ba30b69c549ff4c32e2d0,22.0
07fbc7cbc612a13023ce69a6573ddf2d,22.0
70227fdbc256208d5b86fe16aced397d,22.0
97145de82c0f89ea30b3ca169795459f,22.0
52949927b7bca40124954b070e2ccd44,22.0
934dca5a58c68b147349a0ed86576aa9,22.0
98fa14e2659110866662ae62046a3026,22.0
70bd203d5b9fb533a0409fe77ab05bf4,22.0
673c61d5732c61eb711c2826cc621e6c,22.0
ed651737e2a85a653a4dc3a2dc2689e3,22.0
1d08a4fd897ccd9642b0d90f3cf9c68f,21.99
82f7ade78fed2e75bbdbbb5c9bfb5be2,21.99
1972709fbba1d099eeba0f51c9cf3ad1,21.99
357e87b35149a16a798b9fc374d3a22b,21.99
c0bcf0b5d5d451612582770a95e1cfec,21.99
acff3378fce5e9f4446d7c07c87fd282,21.99
f80786a7c867125e6341f6eb47daa5f3,21.99
980ce384cf75d4d521939629585ff283,21.99
39baadc8a03599bc0b1463d5e5e5f4e1,21.99
a63d4ed214b0406558f633a39c61bac4,21.99
e4aff8479afc40ac699648652054208e,21.99
ad7e368f155a2a9da1d1599cb84827d0,21.99
b29295a8c5c71f77e6d6d70403519d0e,21.99
b662c2ef4dc69b6cfe1a5ac993448256,21.99
ad3997ef798ba2f1726554913d36bd87,21.99
9d85c417bd1b84d64b2613c81807adab,21.99
ceaa43caa7094473fba71c821b5f4630,21.99
a6197099b792b7e384d9b1a760b575a6,21.99
f2a1cf3342383deb7c8def00263da816,21.99
39d06b1f324058984a562362a55f9b1f,21.99
ad2c5927f227bef24e79ea264995b577,21.99
dd20a8c24c0277b340ca8e8e57c52e11,21.99
1cd53452b9fbe5e67eb6d89448ed09f9,21.99
ead9596c98d884370562f862c8f9e349,21.99
2e6917b2bc0ad0cbff4525e986bf2ed9,21.99
4ccfe8b4a000b269973930e647994535,21.99
f8ad6a093cf67d3c90f97bf70d2af76a,21.99
3461380430ed4eb137d3478cfab7597d,21.99
e559a42967f29b2c6d61571a448eee50,21.99
f59463f6531124e7598a3ae111a753db,21.99
c37c51bf32c22db465dc7d2749c9e0ce,21.99
3a5e6f873f45644fdfea652076839de0,21.99
8f26b9c0e93aa731371b6f7fc981bb51,21.99
126f85dfb321cccdf77d72f610c0b5a3,21.99
91508c285297e223204b0b2952d92344,21.99
318e3f3fa99cf30a7885757084c4b47e,21.99
1e711e252c12c1ca4268a8b54d374e2e,21.99
c2651e70309e04dc650bd6553b4bca68,21.99
c49358dde47a3bedbfd5aa834e6248e8,21.99
081ea0387c6abab704e37f4c9bc965bc,21.99
e6e34332de50d27b69260b393f05eb43,21.99
3b9f56115f9155c14da816b78663d546,21.99
b511c2412ad8f6dce9174c4892484c5c,21.99
126aa0762ee7cdedfaa704040e7d478f,21.99
71cd7e5e11ae80ed42c6c57ff51a347d,21.99
bd84544636b9d552c30fcb64159f316a,21.99
f9bdbea246da607ab4641959ba6aa32f,21.99
afb079080479ab5badeb44fc0cb140c7,21.99
f34d9ce608a00ce18da66b40c54afdfe,21.99
86cbaec898050c91b8b8abb9c028e8b7,21.99
4ab0b8cd1e875e4d28abc70289f1e90e,21.99
dc1e66d59f0c7e2e1ba00900623876e9,21.99
fe874488da2abfa11a91a0ff32c5322d,21.99
5a9c6e20ad0f70fe45ae3bfe4cd8463b,21.99
70d29bf70411fdb29533d204f5b6f821,21.99
bb8cd99e5a0a3bd2153261396b1e3723,21.99
b037df006f291d0cdbc837d78c48ff5f,21.99
498960b46ba65649aa3442eb9543763f,21.99
eb6a82aa67158cda7cba8c6ae9a5912a,21.99
85191fae8e27da08a50395638532e838,21.99
5c965d68ec3a145629e5ae44d82ee15d,21.99
b025998376e02b75dae7d887315d5da8,21.99
d8c600db799de9c8c959530c4c5976ed,21.99
9bd1ef1ade50165ae93cf9c6ff3c8b0c,21.99
786a8055ff0d4ba3059cbd34e1fe64fc,21.99
77f7ad2a98bdfa9261168063c364f421,21.99
6c3e9edd435212d79004e2328c4fe0ba,21.99
96ce05a47b37faa11bd59938ee555a7d,21.99
16b5db7bc88fbfe036a260b81a2224b2,21.99
90abf5b0ac7c7b7bb763da066ca7e60b,21.99
dd841ed125481bf757b5f97a9cfd7e03,21.99
c238091b1481de3a96e6a5c3b331e403,21.99
97c47aae6ea0c8b187e739b95be4a758,21.99
be2daa8c843f3bb2892dc7b6c1f4f956,21.99
ea83d54573333ca5106c8638d422c090,21.99
9632f1ff07591588a9596b99f8515c03,21.99
63cb0cad3a447d2ea7a621f58de6606a,21.99
f93ab5dbe7f190d402cef2add574dc81,21.99
ae276554ae951afd264f67a513ae3b0c,21.99
a791cb1fd082904ada37a7199b04cbf1,21.99
22fe26b6e82417d63e943f3275fcb57a,21.99
455330a5f18d23b3e2d1e24861f18fe1,21.99
6718956c40e3a0334742b91dfc8e7ee0,21.99
c01e761974ab95b489519a88d0a3ca10,21.99
88916d770ca6dcded91cec7ba0bb7406,21.99
9f07c4abba1bdf08f06ce4710331d778,21.99
ef00c6755da4e22693da7d843ac8fd9e,21.99
6a3b2fc9f270df258605e22bef19fd88,21.99
27563bf5129789dbb7d729bf7721ff0a,21.99
f2e41456f21d09a4a1177f2f24ef26c5,21.99
0264f4e581481a3f01d4f341d38a46ed,21.99
de65c662e611e729187fce355b76959f,21.99
e32d47c3c13f1fcb93a32ce60f59e0d8,21.99
53bde5cc5d00676cf5c1f8ea1b3e313f,21.99
e840e871f0ff8a442dfcf7852905a6ca,21.99
bd9b13d0a856a39769bce6c6530e9188,21.99
8b35556f6dbc3bc6ec78ca09748154cf,21.99
a9509fd6fbf74f21f49451b41f7a99d0,21.99
a5ee477d5af9fcafb0b8fee8431d2fbe,21.99
9bba6755656e080e145067f9f9cbcb61,21.99
770bbafb8ab5ce77d87e89ee460f1b1d,21.99
83424bcfa17339a2e25db708e54b1b26,21.99
1701071c88baf591b7eb62903d3903a5,21.99
bf1e5fb309f9198b917402139755d377,21.99
f3f75a99e48d4da981cae17479d41504,21.99
61802bf0b50dafc5f11e90421bf8899e,21.99
279dc3eb0a90399aa36df00d9915f30b,21.99
f8cb25e9d5e7200ee03dc9f1f51f197c,21.99
35009b941a378f88e841eeb4535757d5,21.99
6dce1c254422c0bd1bd20036ccbad17d,21.99
cbb8cc5d78799d889be9031df33c30dd,21.99
52a2dd055a67a6be98f33b7b02a125e3,21.99
f3e39e72d0f4d6e158f2ead42a5d4f43,21.99
0fd30fd57ed5a3df87af7a769f901f46,21.99
30f851d3aa42ea5880019d1b5b8ce304,21.99
96d78b075afed3e0e831578219415c02,21.99
288f4f9c90d537bdcc404781e5b772f8,21.99
8a61c0742e77e7853688dca5dc4be720,21.99
aa664b5b74721f18d25d5c15b68b5093,21.99
d6f526d5e848625b6044aeada9bef7f9,21.99
d8abb787789981db1a4fadceb55a7e35,21.99
652c90c96d514383465d6ae2b89dc861,21.99
3854f9f901f622d84cc9e87f3d602bc4,21.99
4b5fe0f21a41c8f6cfea49a803855f87,21.99
4e798bde1c7399fbb0763d0f35d9af07,21.99
8603ee4e79703356c59ceb07a2deb05a,21.99
59f4dbb9f66a941a534980a5311ce9b3,21.99
1081bac0d0f72391e7c60d0812c8ec5b,21.99
5fd5ff7ffe7e0800c360a4ae702ca230,21.99
4d076b22079be9bc624fa921a1b6b7f2,21.99
b3ff37db557452c87c756f90457fe7b1,21.99
ca9e9193c9f55069cab89ec9536f24db,21.99
a93ecb25af3098a03757b08506516a7d,21.99
32e5be390665e8662d1c7523c2a4db25,21.99
bd930a85ef27d61b7f4b99458ada6956,21.99
cc2012f88759d6b5f92e348658b73465,21.99
76c360cc7f0388671ee89736e7a581b8,21.99
2ea8bb2930217f9907af50f779f18386,21.99
392a865dcdc7870d3796cb245d0d4718,21.99
0a2883594e4e7a4a978b205dd7bcf909,21.99
dc85ba03d8f3d7b2f51666a6f849641a,21.99
700d485889431792d24c8e2d506a1ebb,21.99
84055878b8547a9f9944a8108146cf4f,21.99
77e10fc2d1caedc97de8b3e10db7e69e,21.99
4e8dc88c0552fde4c56a997c7fb8c782,21.99
b3ab4dc624a32ef498c517285c6e1fb6,21.99
3ed7cba4a47a679b4da80166f85dee5f,21.99
0ef9b2f2eb46a3d1193b12676de597a3,21.99
0bfb2278d83ff358645a588158d39b8f,21.99
597f61640a156649126c8f7d85c227fd,21.99
80dfe2f69a889e178b3b4d964db72f3d,21.99
301636c99160f8491897102bc9314600,21.99
94efc665d43965f7033e755c1250fd01,21.99
a5b8f485e9c4e712ef9bb211cb8dd126,21.99
a6a6ab9ca44dfb6bcb8faa2f764cfb6c,21.99
db031dce5dd9d18c375261e258e250f8,21.99
9359da8be4a6070e86b408edc5b5ee6d,21.99
d240f92f8e5009140a7f27b72d918eeb,21.99
2afda983fb05aca314929a1352960eaf,21.99
2fc636a28e985f64337f1766b033a3e6,21.99
7582fcfebd9e610e9a7d765a1599679e,21.99
7412aba45d13e07e87697629c74e71c3,21.99
6095d10fab2c63413029ac0a1aa7c7d0,21.99
8e683daecc0f7d6f13e1f5426f890b87,21.99
f0e9a3cc2d708d7433ee821ce8c8c24d,21.99
db1383e3c3c58475adf2651e6cfa58f7,21.99
8ff2152f67ae2d4ae1198316824c0b7c,21.99
df9228015fa8ec090cfd579bbdb1b0e9,21.99
7507f211ea95c47967796e60738a3ca2,21.99
52cba52537119edf3f855dab63b3e7bc,21.99
1f25c018077f5a366bee0321500296b0,21.99
6a2e3e4639c96b312ab2bf09548fb2a7,21.99
2bfb2176354d5c7c4409a521d4d9b05b,21.99
4b3c15727f711ee940cbfe71b6210737,21.99
b94419ee3dc0e32a94c0678d5da785d0,21.99
859f932eedd05cd8c8adb71320a3528e,21.99
ff509fd8f1551fc37d3e394e2bd95b4f,21.99
3761fb97ef1682ad84904bc2fb970b7d,21.99
618b2055e08e0d895e30f4483d48288b,21.99
9fcfe82c37e25dfce47ce11e071c1d2e,21.99
8d32ea7086cee1b02c9de6d5ffcb00d4,21.99
25b759d36d97770f08c8894eaf807735,21.99
25308e9c16af1a99ce8c88b431f0bca5,21.99
da58212788fdcf3cef308aa916402b34,21.99
c0286f3854eb1f1aabe4cf44e9724348,21.99
8ec0369343ea30889cdd7ae88561b61f,21.99
15fbfc3e6c62dc7cb6cf3a1587121051,21.99
9ce91004696bebf1883c57d74ecce489,21.99
4877407d4e9ba29ba5d577213f20e1bc,21.98
0e74405d8d09a75bba4ddf3407975a80,21.98
d0ecf87664a643c8a15a7ef0089df407,21.98
d2574045aa80d0981a27256fdc56c772,21.98
24d27d857775354d2ef3c83e95be2935,21.98
ea9109262709843259a06d967b25ba10,21.98
1c62f4cf3548c3400a0ad526c945481e,21.98
b19fa13f00227b289b6d04e426f9673d,21.98
d1e65403f8fe29061b2180137a35323a,21.98
818ea6be22d3705222cd97ea34e3f7bd,21.96
527f4e8e7c8c239ceb7727ab49065217,21.96
71cb93d1f8f5fbdc23927934cbe990bd,21.96
a521ad0645d4cbab3e4e06fdaf965ead,21.96
afd2cfeecb6e905d2014a7483d9adc79,21.94
b4486d6bad6090e04d0f13164eb03557,21.9
df7430050b2e4f6ea2a199eb90bc4d7b,21.9
7230de3e56839c3629d3f5112470b85a,21.9
a98edc8907c8aec05461c4401ae51f28,21.9
4c00268b1661c35c047ccb5795c6cbc4,21.9
0712358f39f7ee528dd7930c5e43b4db,21.9
78d4ede5c759a45ff8a456070ae1c11d,21.9
7dd3f149fa61749b2ab09030bbf59806,21.9
26b68bc7d54ca728caeeeaf3cbc97827,21.9
e0a064d0e84cf242e93460ee647aaed7,21.9
eea7a8672bb7ca8e500dc9d59b155d49,21.9
9235b5fc6713b7c6c4f69975c54a8028,21.9
39865f54242cf5fe00117ec8a775f98d,21.9
be86d70c1c1ad3ef4c55a9635ecccd52,21.9
866d7bc09758ce96d446bd607aef45cd,21.9
5d731fa195fc3a5789ef804d0654faae,21.9
10bb4c6dde360660c6c9c841cb172580,21.9
0e09f4a4b3b82f77dd0fb14effe37fc3,21.9
ea21c25f85f7532101bb681731fa8ce3,21.9
1102043bfc04df97f9b21c54d2f8dace,21.9
516d0ba8390260eed3fa4ba2325b1b82,21.9
816cbea969fe5b689b39cfc97a506742,21.9
daa8bff63ddfecd57acbcf8af50468e0,21.9
06ab0f3fbb09a950709ba3e1562aaa39,21.9
9095f6441702d4ec8d34061fbc1139cf,21.9
789db55b506ef791fbfc69f17755a560,21.9
a459383f702f0417d0d65fff9945aac1,21.9
59ce9c14308c8108e4442abec2541369,21.9
34b3b3f183f9d4bc8f747fd07e34245b,21.9
b460f02848cd2af7ce345937c3f53f6c,21.9
09becaeb993ca4d7a5c0ea6eb2afce30,21.9
5e57a8408969b94d9572d59fc3501051,21.9
6c1521328c187bc1606678a7dcfa955f,21.9
85e1f0efd5bd913c062b8f25b12ceec7,21.9
09a6d481d28965b838840b78bbabc13f,21.9
e1c4f1d74b30e5741ceee137c4bc9c96,21.9
ed8097f13c2401a34f2d78cf43260846,21.9
d531312b719e0b1ee2c72d05e3167eb7,21.9
bc000f3077e678720eac36cdba124c5a,21.9
108abb05c0d5975098a2997c70b2ef24,21.9
f6894d747d521f8fb8ca78f54d8327fa,21.9
b09217cd25a81dffeccd1aeeb66fc004,21.9
57bfbfc924e39a173f599ad0b9337a0f,21.9
dc436451f77098b76018402da2c37e14,21.9
7fab87c1778bff3566834e0a48fff0b9,21.9
44194210b2170dff5dbfc5d8bf3e9dc1,21.9
a0ca31686bfe40b0a75c24a9a052f3d2,21.9
641e3183819490fc29ced77d639e9379,21.9
6c2e461dd95bcb99e9d9d0736f4794bd,21.9
a25cc1f847939083e2562d39a02cf4be,21.9
24c6bc43c71e16ac0fb22091f9b90637,21.9
2c752d463a3b8a2a33bf0344fc1d08d1,21.9
3d8a7d2f7d603be047ead30ebdb9665b,21.9
375cbd7523ce85e60375cb07a0dabc63,21.9
0cc2d7c215c68e51c738257527a75324,21.9
243e7255bbeb3f21e375bf43aacea2bd,21.9
c3765d3e438378787581dea1c3dc3d8a,21.9
acbe6c48917608988aed72b6f48d83c7,21.9
84dbf812901784d77f950cc0fcb9014f,21.9
493f02406fba095160b473a15cf9f9b9,21.9
fc26c5fd980909cee638793d9936fdb8,21.9
087c08f1c244014ad1decff147c3c038,21.9
0edce9e70d68276470e6f70aeaf53157,21.9
0f3c16514be9fe9bdb840983701d2ce6,21.9
115f6268f9705c6ed3b4119c8fe5f85e,21.9
9257eaf90b2795d12c22565ab4b54011,21.9
b1f00998fc6576b8c1d5b47e9b3122bb,21.9
d5c03540236fa0aaea6e730022ad76dc,21.9
981e0c95984009d4b5f08e1cc422e0c8,21.9
6c9c8a2de23ec5eaed4eae5905a1f9a5,21.9
862cb262660b6cf888db9260fc9ecfe0,21.9
85137f7d55bfc6519ee5235ded63f386,21.9
20eca38e2ac0e9eb29a3f670b053389f,21.9
96e67bd62456c6f366ecc6c9f82cf5b8,21.9
f171e6f892727d44d9df7d93ab570b7f,21.9
bc7f652274b9ac7633e16f1f0b4f4576,21.9
95fc424de35d6701a1da1334c87d17eb,21.9
0ec1d2c13f8309ab79e431af6dc72245,21.9
43a19c990dbc81b4b1c64ace0bbf8539,21.9
fd1cbf66b9bd7955cc46ea70fcef8eb3,21.9
f43a0de8b76e7c7f656014f8b48dd11c,21.9
4809e9100000b2a6ce45e2bbbf3c7778,21.9
b41037cbbe6921b1888cecdda2002a25,21.9
72961bdd9898578b2a35f48bcb3c4b75,21.9
9d218e008f818a8c6743c1d06808d2f1,21.9
cd2aeb7652a5a67b8da8c50950351f0c,21.9
f19e46a9c8122da7106415dcf7cac505,21.9
3625bccaee4e0266d9acb795cd0666d8,21.9
afd8b1ca06dc456c25b4548c287ad210,21.9
35cba8240cff7a8485121c06c306f534,21.9
9a475fe526423c7bcb501e5646988e03,21.9
d4fa8569032b6fa841089b2e0cf39914,21.9
0c7e81c095866ddce9df46721a8a158a,21.9
00e20d0af2000bc5415d945981b3bd31,21.9
7d76ebf018179f7d4c113d553ea71cc1,21.9
2020c90730cbf8fae6f4f0a9a9a1d924,21.9
39d6f551f9775483b5c99874ae5dfce0,21.9
b6d43bdf1d5537d9a1d9011e8044eac6,21.9
b5147cd2703a79677adadc6d219038cd,21.9
556a9efc8a9312e1f261c97d5d7a6b1c,21.9
3260cb112577bab3c5bd001354753395,21.9
cbbe4babc36298f2fee55640abc4762a,21.9
f155d0a1b13c95200305066663fd7cad,21.9
a59bf64f7d48f64246eecc6d4bcc51ce,21.9
68456c68418d85d923e94603959e8bc2,21.9
72ec4ecd189ffec7ab27bba9e100a068,21.9
78ebe16d2d68f0635d718e7956935eb2,21.9
341a66f90b16b33339ff0c9dda9f7fc0,21.9
40c400e1b92a5e4b7186354235e6397f,21.9
587f185c63635af73e29e532a6713e2c,21.9
88206da384579aec06cbca25d61dfbf9,21.9
c0c87406b399231a6da7f06fa1a14c8d,21.9
ed6694d2caf9c2bd6106fe908917f66b,21.9
98a06a6332545015fba5269ad5dc4f5c,21.9
c8bc9439b5f45f3387c3671e2f13ca6d,21.9
564aa03ec3ce47210e4de58cd8c5d93d,21.9
d21616a7f6c6949c83026ea92b5f8503,21.9
6cb4ea12211604cb17327684d1ac4b98,21.9
a0f20dc8a88e8cf077ec762de647c197,21.9
89cddf8225b03803734da0551fd9ebf3,21.9
055015dc0487744694f4c9baed2afcb0,21.9
9200809926659b3ce4e213bee21c889c,21.9
c0f6254f6d07eaf56d7e4e2f6e29044f,21.9
bcf8e0126c082f9a8a07d18687265bcb,21.9
435f592ccbe131348a3d9d496b7ab5a0,21.9
7d7585d785dc94de0fe6fd25813e02d5,21.9
928bd76c3398beff2b55605283e41cbb,21.9
373c306e1b5aedeb0c81d09d33524e61,21.9
72785ad5f42dc6ce2500bb83f98a0c40,21.9
9ace60d444fcf82c7a1fc0609e8de2ba,21.9
5d35803ff17fa008553875bc5e3cac0a,21.9
3fe7a525d5a0a4f3ab4f5d548267d7fc,21.9
4956084127edf70906aa6ffa9ce1e635,21.9
85bb60244e00bcd69c5a52da5d1512a2,21.9
87bb73ebd36b9395f428d97769d7af2f,21.9
40635ca19a9ac706c671229712c6f76c,21.9
acbe4b6adbc9282d11a7dd9e1cb784d6,21.9
70d98c841b3004427e66e41bd2ace052,21.9
ee80a9de8e46cfa4b1d57728a29bc6ad,21.9
09e0df89238876c0ae98f6eb0fbe08c4,21.9
ef0053d9e6b90dad6c5cbbf3de5e817a,21.9
08aec3c5e2f594f7818c930e95a0b494,21.9
8271ceeaf964f129bcc35e89a3d4520c,21.9
23a892e7d6549061e95045636c1c338e,21.9
c03275148e4cec797255ac9db995dd28,21.9
62af26009dfc1fafdd4d241afc191164,21.9
b24db387af945bdac7f0e3802cdf45a7,21.9
3fd171b35b40e2251a46796b89d4466e,21.9
d57b924a9bdae2680272542ff1f93186,21.9
b682318d8a8bcef0b05be97579624d66,21.9
da43a556bf5c36a1104c473cff77de6c,21.9
4ae327c54f9fbb1bd9dfab1e5ea6a238,21.9
e94e099c269517826645689c2455f3ef,21.9
afd4e6fa6bd97f8772e3b8e0211cb0e9,21.9
e2cae284d5ec8553a7c4448791bc12c0,21.9
2a5450bb1196a27cbe8b9a94adcd82e1,21.9
5e6f9be50727314362343a9db183bae0,21.9
0a6ccd3492e9fd0bc8ad7f4ca7efad1a,21.9
b489662b3e775ff533a1bbd6454e6308,21.9
5f4b01693b0d9f9e14c5f0a69496b9d6,21.9
08112656aac7e7f6f51324b2f1d85f02,21.9
1eda884faab2f84fa3f4ca19e7c28ba8,21.9
f071f91e68f21e4314e4a21ed04a25c3,21.9
fccc73b03ac8329be1c7b98011fd9638,21.9
f891f67e5702321817c3ad44f4f14077,21.9
bb549de0741a314e90aef28db45719d2,21.9
692cdb57d84a869787575eabbe323218,21.9
4718c9b5ecaee126f5b4db1bd06e3cdd,21.9
11617a4c5fc72fccb4c2a53ea21c5a3c,21.9
7ec40b22510fdbea1b08921dd39e63d8,21.9
7da7de34bdf57bec6ab555adf3c8a356,21.9
1e7fbc5baaeed443154f891810096b64,21.9
7a421bb11d92f1a08e384f216250afa8,21.9
b6889f1f383ff9a9149084f1010a23ec,21.9
627af1392ef0888465cefc9f73a682c7,21.9
ce0e4aa2edb8897873ad62d4e345aed8,21.9
8b325e34eab50c4b1e54500a3ff31e6e,21.9
33ebaf9f5391d51bfc9fda523a759620,21.9
a41867ff8c0050770bc4f457c1e817ad,21.89
3d01293fbe4be8b93d92f5519d27300e,21.89
01b7e319fb16f60c28e387d29cd80c38,21.89
ecf406af63d8896d04b79672f2561375,21.89
c66a1b1c184987dfac1d8aab50e1bbc6,21.89
0c409eadf7461d9e02860a7015a3f52b,21.89
c15081c674d9a5b2c2ad5dbe47a5ad04,21.89
056e2088f4f2b7a3b6d08cceb4ab73ab,21.88
769b843dc53cb1516dac72eb76678482,21.86
827903260f8591b58cd908ddc82ba639,21.8
f97368d4f021622934475f8d2fc35bbf,21.8
d57230d9d905c3efa3f8d07284c69167,21.8
32b58a7d02e96a3bd310bb3dfa5baec9,21.8
e6a6fd39cceb8406bee8db3c4d4708da,21.8
03e0ca8ff692a46af071866422dded4c,21.8
4a33612c0b32f7a2e91deaea2a05bda9,21.8
ffffa3172527f765de70084a7e53aae8,21.8
3d305a1394250078ad10531a49806a59,21.8
ee2cf50cca8c6f163c99082f8ed86c1a,21.8
dc6bbafb06f7a0beb4595125d0ea75ff,21.8
7643dd471424e7369880d02df61bf336,21.8
9809326653e1008fc1612f14d9b35970,21.8
6b9c954ac26835161d0f34df89ca1175,21.8
a55002f0d9ba4aa981a3cc93c669617a,21.74
3ad5eec80add5901fec68c9605016872,21.73
ced45425a9cd329341ecc0574b61cc60,21.73
a8fb55ecb0e1dd90ecb6aa4811bcfa95,21.7
1ddcc619647ca008fdc24f8302c8573f,21.7
383a18583130a2c5aff97babf33afc61,21.7
cffb7882374d2bbada77a2a689034981,21.7
39efaf3a07f73a8ffe04a44f61c27fd8,21.69
4d29ad32fd31342f84b2973da2ee9cc6,21.65
380d316d4bde46cebc363189d032d1da,21.6
944ad7299db6b270609f52b1114ec87b,21.6
21440e882fe13916d2db386c20736826,21.6
67757507f4e23de2a1180be9c36a2702,21.6
8b5b9c0722d9af5673718d233a9c9421,21.6
98a14465604d4ede0ea6d0cfd38f3d5c,21.6
2a9cdbeb3ce959d02043256b6bbdb08e,21.6
3ffa17760a6f58060722fc5bec444d3a,21.53
46ae9e1a0e2b936715ed2634a524f8ab,21.52
64a36fc63db4a732e592bb4ebad5f088,21.52
de4347cfed448a35884a19949bc53087,21.52
db72b1bc11dfa3a7d4dc04332a77b651,21.52
7591ab894fb4a47debe5beef968b6804,21.5
d848c524b1e0639c9bfde8852bd810e4,21.5
f95bb63df8e45c05f3235752a62eb607,21.5
1a74e2a0ca031a067b39ec02f4beb618,21.5
74203cd183d2faf3deb5629c6846362b,21.5
fde0ee97ca2052ac432724b847a0bb51,21.5
13a4684a5a46fcbafb42d8e30af15219,21.5
4c44865a36098a8b24dba15c90f01511,21.5
c476ddfbabfa4624603e0b7f8e245057,21.5
75ecb22a47dc997aad56a99f05c74c49,21.5
5d40fb4aaacc3e6990a3a180b6c7402f,21.5
33ecb8be5f6e1620440c60711fc34c02,21.5
70fc57eeae292675927697fe03ad3ff5,21.5
d3245ddd01f51c50c6893b37b7146778,21.5
d09df6efe1d655b47865fc3efe81494b,21.5
5848e41cbc9edbb4ef29945fcab593c1,21.5
caa50bd83824193b0486b8f4da8dfb32,21.5
fa171236769262c2d8b9c6a9bb1eceb3,21.5
481fddd031b883ec2b410fc6b4da759f,21.5
7b97118bf4df712989568f4b46c0fe88,21.49
0e67345e8ee5736220fb34c1109f125e,21.49
d4ef7f273c01134ab9dbdde58bca08c0,21.49
730bc94d728719b06600f19d84e92584,21.49
abcabc7d0046930c04f966c3d8d5d9d4,21.49
a51921054a93c2d99f085ebee1817c81,21.49
447e1d91885790660c82309c87fd2422,21.49
6d5a5dfa222fc57375d506ceda90a1a9,21.45
53e96590c4711bbae7412fa6e2118a07,21.45
4f7761afa7933376f5c3372c7b301750,21.42
43ea8f218eab9dfb67ad0142ddb4ae7b,21.33
b02e04da20e1a7ecbd01c7edcf909b59,21.33
c7937f535ffa08103568e1d47fd61dd2,21.33
4a3ec2c7a1bdd3db6de82fb9bb52ed25,21.33
8ba72df9f8da30c34c3f31f5cc762e8e,21.32
4c9812efd668413532ef5be76e2c81b6,21.27
a04cf226c7a48fb4e95019bded0ea863,21.2
94dad91b40a7449b2f3a4df8f1d4554e,21.2
4e36586a43de907487a57c6c4d851d80,21.2
46dd1905ee29459b23f1fa504a77c6ec,21.2
b5ab7dd63788ea7b1f83fc3f428205a6,21.2
75b55ff7cceeecbc718b1094555f5568,21.2
4f928b8251b656808a61dc113d912888,21.15
9846306683c9714f38968d69a1911e91,21.15
6230e4c4b38009c58b83aa90c2603ed9,21.15
5880d8ea9ca4bc5e803b7287ca1b3eff,21.15
09ca2b8e58d607103af7401f7a3a0299,21.1
8fd98a723350fb2ed3cac2f466923333,21.1
a0e1d216fe9881ea3d832b8ed6d0d346,21.1
815a680608ecf58bb28d25fbb5c82ec5,21.1
4dc3f238a63a17c82d8fd6f60273f445,21.1
d8b4a91c31ba22e95b3c98a326d3dbe0,21.1
74e2a58bc952380a0f28b1d9686cc8ae,21.05
478bde4147e07d0ea250b66bcd36b200,21.05
4315737fd2aa35c3b79d16f24a01fec8,21.0
418912d5f4377f69235629574f9d59c3,21.0
d99b0f07ffce001e0de7815b86e63b4c,21.0
32a69ea152f154c162be65ae0389fbef,21.0
e8a583567b6f219150acc1406bbe769e,21.0
2526e267558d4f12d1292882ef11f0c1,21.0
6fb40909e0386762d1c2b1af9e6505dd,21.0
c0f4986577a7d0f58fa631addd43222c,21.0
6327876b7962247ee1bc5ed656164735,21.0
5ea4f81504b4c78489a928f978001445,21.0
898ba86bb2b49d8eedd7f8b8241c9c54,21.0
b1c6db035dfac86244c0f0b8d18556ea,21.0
9f7e510614e62267e24c6d880a0b1b20,21.0
ae534112af536deb8446fb273796316d,21.0
0c4846a1d98b1cba181d10d8f391b827,21.0
4b6eb13b4edd7bcba2c88a07c522f53a,21.0
69871e54957d0e082dde328fdd340617,21.0
527b0b448bc0f85666e0704fe5021acb,21.0
3909643728e469c11fe39b47013e93e9,21.0
7ea1617d2d2b80eab136466f21021175,21.0
e2275acc246e2c5b85463018fac5cca9,21.0
561a193d7395d1f016e459d7fbc5aec9,21.0
70baa2ddd33e946b0aeeb1574e92bb61,21.0
886406e39c7527f64f34223f444bd4c4,21.0
90bdbd31cdcae315cacf03845a466245,21.0
8808f125d9add736b425333b8078d0df,21.0
75a392a3473036889864df63812e830f,21.0
86cbcfc766477e95fd2bc945361da388,21.0
df530c707fba94774a50985f6c29ba49,21.0
0935c74ff02b70ca566f7252cc8fcca5,21.0
47a5f974c3f5bdf4eb179dfc1752041a,21.0
59f9d8f64c877b9af00db2ddb0cd4e65,21.0
03484d8666a3cecf775ab6eeca4576ec,21.0
77a8648e1307e78ab3252b2e6e5edfb6,21.0
8d889513985d1715b45c0b94c453ecae,21.0
c1b08ec078e0bd97c1a015357de32a7e,21.0
53ca038dcf2d8dfd5f49b2f8a5a0891f,21.0
ae5a5926ae3f6d1bcfe62cbf595d7e09,20.99
7475f775af7286fdb7c6802eade228bf,20.99
514c535f8d8f3c3b5bd2a8b07753d352,20.99
68e21e530398f4f4f2a32d9d512e83d0,20.99
81da32b129ca6a2de6af52b124932546,20.99
aafba72cf438edbd63fd0a97bbcdfb1c,20.99
62083b197f7d21df53008776543873ba,20.99
3bfd6087dc6d9b4982748af54b599117,20.99
c09970e56f5d00bc2f622b118574113c,20.99
5d682c38b328e23a009a3e95cdd874c0,20.99
daf49c01292933b5775c2432f4798801,20.99
7436dc9d8cb5f994136cadaa95a42f14,20.99
5c263ddb1e0e538b037e9bd59f0b054f,20.99
8194ad28cf37555c0e649b4ebf89ddb3,20.99
c4946e083dba78bcd53957ccfb128b7d,20.99
01eb5d87b91efdf894ea8fd03ca2a188,20.99
69cf4a24c1d0f920d30e57a9375ec0f7,20.99
df6e8e7769e4a072c31ca99bf69fab12,20.99
42f90acd2d9fbaa7b29d381883258dac,20.99
6c371828d85598b22a93c19c2f6f71d6,20.99
2604219b3b560eafbb3f0fea60cd8fbe,20.99
0309690623536dfb91d1ba2154c69507,20.99
0628c0b91afef1a89539ce9f77a735e0,20.99
fd8c1c13c5a8e810e542362ffe896cb0,20.99
afdd96a697543b2f5503ec2ac4498377,20.99
c0eaa65c3eaac85c9d3859887c13d1d7,20.98
2dae38555287b3c42938a0688936c53a,20.98
769c88c1b9d81bcd01d6061f2392c6d8,20.94
fd4e9ef0a0c57a091635bfd5e7a89f88,20.9
7eb927f63e4b090b789fac3324d400d3,20.9
563decc20c79fc58f6adaacdfb49ba66,20.9
3eb6b717fd80b094c121c4ce049cd3c3,20.9
dba975f79975d56cf9183c88d5efe0ae,20.9
4ddf9f1b042f4c9f993d7714b0369e23,20.9
42d4f90ed6572c940c19400a3ff467eb,20.9
752962c47169192a0f438cf9addb0dc5,20.9
84b105f64811531772a6ea55c14129a9,20.9
be43afaadaae2b40eae2c7db4b5e388b,20.9
087862d99a9290061f333c550aaea1c5,20.9
c0883596c39dea12f6d9de1259fc0517,20.9
ef47133f0b956dbc78dfe1a7e1d0b9ea,20.9
10031ad7752b10374ba516be41953b6c,20.9
30201265565f84bf08c3ebf808449612,20.9
7b94fc04e54eecc78e563d7ec5a28521,20.9
76127da03b20e432691fcc923788d9b3,20.9
a4c4409161fb97bc07935f38eb966479,20.9
5d894b632b1f08bd01b826d7ab061a94,20.9
9f83cd10077cb0b96225321ab81fdbee,20.9
b692a0624ae349f80206637d89cc20c7,20.9
f1a65c10185708a874f5f02d1153e003,20.9
0fc0f4437984bc9a1fd64bcf1ed5d8da,20.9
b788c2713f6006ca6b7dcf181ee831fe,20.9
d0918bc69be2f249f9105e579fa5bab9,20.9
3aacb368d6b1db2b137d99daf9b3a05a,20.9
1ac9334d7764d4cd6c0bf3d0deb21929,20.9
a69fbad70edba5ff322f07ffe0529850,20.9
c4d22f031c3697072e4d9186b454d5fd,20.9
df8127289fba9af36ada908b0a42b538,20.9
bf5b40a6507179f537bbe16dae02d080,20.9
6fbe0377694f4ac9fd265961072bf0c7,20.9
52bbcd77f9b3c2757972b8c3eaac929e,20.9
423b4f94d0273da200ab86fa28715b1b,20.9
1b2cb35b19b40b61f953d32ea157b337,20.9
14f9483490b8850a399998a0d4bbcff9,20.9
34f4621d799ac14523b39ac5ae2eaadf,20.9
3699a9b3bf6e5816cc548647349f490c,20.9
60714f8c3737c4bd4b745de1fb196514,20.9
85999e21f35afba0a59df01c97727433,20.9
68c54dbda8f6d832d974c45a869031c2,20.9
9465670791e0f1a1ba60680fa2677f3b,20.9
acefe4b95b6fb69d2ab2ff6f84c31a49,20.9
e995e24d328107705d60f29a97c8bc5e,20.9
0ebd6e76d10794d15132085db227253e,20.9
bf9a4770691ff9b2ddb07f4beb77d4ad,20.9
345b11fa83d051b4443a8bd44f3241d8,20.9
17f4da960385fc28aabff33e739e314b,20.9
f57d49522c654b465c26e0cdf392fea6,20.9
e78af7d99da7fd983bbfc4a324d38743,20.9
c710c7d0242be91d1336d7e6569d7d4b,20.9
5f4d146ec198ef05d2582c0744068489,20.9
c822622edb0cb46e29a0a515b9c814fa,20.9
1f4e5f322aadd24fa0ae2f6b1f8fbb2b,20.9
56c4226c4e5c136eefa7fa8e992c1875,20.9
51b59ab650da32b47d3f058bea2d67c8,20.9
9b393f101c2a58389bc8c804e560b284,20.9
b19ab8d36d0de6602c4f57aa41e8dabb,20.9
bce6c0027c2efdbfcb8ffe58e2c5abc7,20.9
907dbf4707a4cdd67d3f2c87a976c2c7,20.9
c68d5432c44301ef4ee85b0ae58f9ad3,20.9
15a0eb41033a5b7267e6dc6bf86b0148,20.9
6b9e7f78cdd93066ccea04e7b1b4d2de,20.9
4f2418df11c74d5af1a84f18964b915d,20.9
9b478e1c20f0f95555da7a3e7431427e,20.9
58cf70a7d04f22fa33a55d4938f3c63a,20.9
73c69c8a9d541d145648ae9cffc3aa2e,20.9
f0dae1e937bb3c41846089b13dde866e,20.9
ddd605e2739b3dfa7ad248ba164ff869,20.9
8f939afa25f8867ec54f75175da0af11,20.9
ded450170efe5531454485ca13120aca,20.9
7d5dd0076e9b3b10de042c179d8c3d30,20.9
c80af1412ad477cbbd8527725403e3a9,20.9
c105db9a70cec07612fdea08fc14513d,20.9
75f63f0c91f311a86444d9f5c49e3579,20.9
90776ffa40604fb8ef0911e52c4c1d02,20.9
c7fc773153ce95d99d98dc0b57f52504,20.9
e6334a908bc96a6498c9270676a2ca41,20.9
ef6ea276070642bfc9f21c5cd9cbdb43,20.9
b7f396c9fd13888c4ebe7f73435525b1,20.9
bab7a84c462498deb31eef36223fd56a,20.9
16a01ae0a5b5a610f535c03cd71c91a6,20.9
06cbead91bbb55a3847db922a39da219,20.9
139d5ffd92108182976063d0d8aca45c,20.9
ed6ddbf1b0e96956333f5dc10311d328,20.9
51fe7d2da662fa7eceff7b97a6c66591,20.89
9dd475c34f4cc88c45bec1dc40f33fa4,20.89
28c0c209da1b812e1f01a311024a61c5,20.89
f58300dfb9b940e4fe6950df8188c5bb,20.89
afbee56e08489a6dbe2148eb343c18a8,20.89
1bec19baa3b9b15b6dfea90d4f534d7d,20.89
6ab2d8e87029b03f4a8c47022b491d0c,20.89
e2b9a13dadfd42267c8f99757dd95e63,20.89
e64941affe5c05c4ac39ad03d69f8342,20.89
9a437edf77ff93c3d2302ce7999edc59,20.89
eaa2eb92cb3d0bbf3b5492946f3caf79,20.84
152bc5fc51c6d387319a9c653c2ffbe3,20.79
5af78bf1a82a2660d1e3fd78c645f58f,20.75
800ae98df618c84cf1dae67ea96644c5,20.7
bf40545815ca71487bf80ee2843bce7f,20.7
621924fa61a8414c52e2bac7d2c036b9,20.7
d9cd408455221dba113986ba36665863,20.7
5f95660fe02859083a84e50cc6a23f48,20.7
d2cd6ed96a57803ba2f2422ab8707225,20.7
394e76e6142e712aba5f104757d90984,20.7
0735127fb140700b0cb93cff41ab55c4,20.65
03ec3a55ecf6a4aa939d5c9cb0e8d3d1,20.59
52760f716e82771ec061c4282b6ace64,20.59
77a852fc4ae186d53411121f3035a64b,20.59
bc8910a25e3275b36bef3f8ee1578b14,20.49
574c554fe8c61e52dea6dcaf526d49e2,20.49
0492fbcccc19cfdea66d667173ebce63,20.49
1a4d271831fdb0879543252909992ac9,20.49
4a8f8b4023b581f949353edb7a9aa2f6,20.49
077e58337411253659e060d903cec280,20.49
e04b04b7ef43a86bc7d88d35ccbfe41a,20.4
a239350b8a8912cefcf04b590811cee2,20.4
cbca907c04a7789504403dbb3fb2e07c,20.4
b1841b4b52716344007a9f71b193a51a,20.4
399f770d21c854e81fde65dd3406b987,20.4
2144d50aff3ee4a90c2a037d1de4cb93,20.39
dfa27a9b70d0140ca36bdaf074359abd,20.39
0ce067e01bd19c82859f719f1e091883,20.3
050fc780501aa65cce934dc3cb60e9a0,20.3
7cb7be566d38ff4a74f7754dc4b8bbc9,20.3
b2f7f9472b10903cea928ec4ca8cf2ba,20.3
fa7c102932e774ad9dfd5417886dc1f2,20.3
cd77227a76d55b1ebf747cec45ff8b34,20.3
04756f0f3b38d2cb48c1cd1644a478f8,20.3
20135d2f49c4381eb1f49f54d8b04485,20.3
fc5d211c2af467dde5101c7f2b6d3341,20.3
9a6d0ce1676b1f90807d3fa4ffe34081,20.3
1752af45d5caebc15239fd7071e68990,20.3
a19929855f24036f9688d55c778eaa48,20.3
30dd0ba0ff44c4ed6f79a37b2d333d1b,20.3
faa192d11e50270ee798ec110da044f4,20.3
dad0f2e41b6b4b85070b49287a994d37,20.3
082588d73998636420dc0c9b5589668c,20.3
5949664f01f7a008770bc82d8fcdf363,20.3
5df01440460ae5cac2f74aba93f8e946,20.3
c9956f197db2b0c3d3cae23c3ecd76bf,20.3
c664dc5de5b5f4184bc4ca0285b9f8fe,20.3
6b90d343a7ee3bf7bac6f825ba4323b0,20.3
fdb91cc7facafdba34d320bf52cdf8c4,20.3
5166ee187c5b2e4a0c97532601a02d93,20.3
54b8ae0fe680461a352482374a55671c,20.3
8134db246a16a831c897deedc0f6e3eb,20.3
54dd42fc9598bd2f29c6860c16fce38b,20.3
312d3027d9c519119c09bbfe52d6a912,20.3
d98d984f06ada593e263ff7cb810d798,20.3
e643215d64e8d8f969804bfdc98e50f1,20.3
237e63b5882e6ad2811b597bab07debc,20.3
ecf10955a3d2fd47abb208b18705d7fc,20.3
e7b3dbe663e14bafd654231d7ae5c072,20.3
24c4002e71e045fd2ab92a4335f82703,20.3
f10bbdc89537115c957937dd50a20ca7,20.3
b3869e23f4d2aad91f558a1e535577d3,20.3
394683dab19e214dafc244669dcc96c3,20.3
fca4bdb14966b7230098dffb7e01e67a,20.3
eec30b788184a6d93954fd5e82c48add,20.3
60ba4ae55efbc6dc0e428fc0f1fe0acb,20.3
452fdf1d451d13e17fc35c6f8cba769b,20.3
a6c49eaa9ed575df1a3476b20668ab3b,20.3
6974faf3955385817f89a280c51c2f46,20.3
5a3260cfde2a918b597dada7ddd247bb,20.3
3cf85202261badd2a310a9add67b7cce,20.3
71483f0a767d32ad1f94a6cdb2afa6a1,20.3
d7a47aea87566367c4ba92514666bad0,20.25
fe05e29270a6cae8ffd5497ad214706f,20.25
c0fc852fa9977d4c42831774ed0a7eba,20.2
e172f3db7edcbb3a8de8fd4077a1be8b,20.15
3237a9ea092013b7b44c0c8d5174006d,20.09
91da5278c565f5d5d22b3724ec4839fd,20.0
ef2b68fe20b497383fb1b10a308245ed,20.0
010e2bfece4b4e44fb7a6aa9c2b2b9d0,20.0
5bfd5c9b641d1cc6da293adb821253ce,20.0
abbfa19a38ba17ff02883ba523a9d42f,20.0
d21e4f4e60cb5116eb6ab277164b099e,20.0
3de7da4ef84ac238c26ed09b06c7e792,20.0
d2ccc2030a2df9be14100fba82182fe1,20.0
b7a97ac8ea9c2fb9e438a076c163d41c,20.0
4ca1d0f03c42b8043a581ec340e6f054,20.0
9835d4d85e61f69f5c873810c3ab8e4d,20.0
1abb0c19ec88e40555c8ee5ba6f2a102,20.0
cb8191e2b558661f08d62db12abe6cd7,20.0
5ef121a48e1ea142acfa7f4d33e3d99e,20.0
8f203ddc3edd825c2615de33ff9c11a3,20.0
e63ec20c198016eed02495c34bb68c08,20.0
2490b51fb3f142dabbee3e059eba36ee,20.0
43a60a424d49dc4f077f6a9cf69e3c82,20.0
64f09a3c0b8dee2a46cf61e662062d1d,20.0
4b8ea3af1cee01b918c9fd7d55d25d68,20.0
839610575e20348470abe5217901d91e,20.0
f6270ae120d1f3132f73b60d3e91de1d,20.0
f69d2ba9ed34d8a1266853b4ad2eb479,20.0
1322870a5781743cc149549385e9ce4a,20.0
7ff34226960dc48e31bf5bf5188201ac,20.0
5663c8b88222559e17152e56e91cff71,20.0
6c9f182259d8e2895974bbcf9c0e44dd,20.0
2ab287664f47af4b8998ec02158469be,20.0
ee253c2024b81d3eff1f959498abe13a,20.0
11c088d06e0031f259bde2844d96096a,20.0
e0928cc529468dafa064634aa8de9756,20.0
dd8a3ba5c5154fd83ff6f1c87684fc06,20.0
7dcde5c8da2d7cd96e956c560e76a013,20.0
1235910f8fb0ed7574e044384fc001dc,20.0
2cd181b65a283b029e80b5e0e2c2d411,20.0
85e97f3b4413ab6e7241ec707a9e8410,20.0
054bd8842309379cd9f34431efde1239,20.0
e3ee993f5b68f60fdda5d3fb16299fd2,20.0
3bc77dd1abfb7c4ae5c9b9b42b297c60,20.0
05e86ce92eb1b627c2296627078d237c,20.0
1d8301ecbc5e43043f66ed6b8bfc8009,20.0
e0232cdbaf4e7f5abe9cbc566a0e9022,20.0
258d6e98cdbae7ca4da08233d45cd8b6,20.0
ae6173b4c01a70a641f4929a88d0ab51,20.0
2510dab99846cf86151167128b2032e1,20.0
442fd67617440e5d001f5e5206f9d40a,20.0
77992c23eb50255f67fbebe40710ce50,20.0
222febcc18c882e953a5539e24f097fc,20.0
30bc1c0507caea656fbffdcea453c250,20.0
e1655c7d605b0ed5ec8fc10043ef3076,20.0
a280a8b7c50d6f1a0dc077018b66e835,20.0
267856cea77d0833f02cb04e26e72100,20.0
6e75444d6824648342ef94be68a6ee94,20.0
2f12ab0497cdc2cfcbd8d4bd02f40b49,20.0
b274e2df6d5357cbcfa595b3addbf3d6,20.0
33eff75e6f663a1d7c7802140f59f785,20.0
5907de63c26a780293c48ea763ec76cc,20.0
b58dcfda4c9957fc651450f200bde69a,20.0
0a3c22ec49808e2f5c430a2cbfe7249f,20.0
e7898529cfcb20848578459266c3c633,20.0
8168b5079d6ea023893d64ff63f7c4c7,20.0
afa4462065044a5a055ee4c9297a957b,20.0
28179fd1063260776ef2e3a6aa0ac39b,20.0
d52487b960f7df5994f82f0a5de2fd06,20.0
530a11c08d0986797f1b9f925604b344,20.0
fa58c3e5d27ab0cce470476d4113a7cc,20.0
a06fb9edb900bd169bfc40b348821ae4,20.0
24de7451629c8733b8f5bcc47f0ed4ea,20.0
51b88799254da2772e7464551a676f1d,20.0
8fc76f2c69a743473a5aa6af762dab37,20.0
033f5ddbb536a477e81abd786f23f452,20.0
63f302027b9de5de5e4dbd5da3f70f0a,20.0
a9cff8ece3be5070b649a9c1e791ebf5,20.0
7f17b542f4d09af6377365917101cf5e,20.0
fae61b3ca7edec361575b1d0e7da7239,20.0
f193948dfb090a947f61af8fd1686cca,20.0
3089385be2a012ced96c93c321ba78fb,20.0
cb2af73ae8790acc67766c8121b349bf,20.0
2711241c35a51e041b97251cf643dd2a,20.0
1475ba146afcb53f12a49bb3e38fb444,20.0
03bcdec411d2d7119b11fd9e21299419,20.0
35fe44c88688bcbca1ec3b92d7930e59,20.0
c53cf831125f554f5c949c913a511bb2,20.0
5026e71982586c2780328aff17994405,20.0
0591f2f79bbfedf3ebcf8ef2b16fae63,20.0
552cbaf65982cd192f15260374cc0ea4,20.0
d71aa2b6fa422c7be155f0a82629bcdc,20.0
b07c3929ae65f2ea90a36681f8a16c5e,20.0
9a5151e9b2e0447ac741b37a97bffb55,20.0
9886facc8bd2f4fd2d3cb6295c493b96,20.0
afc0bb207419f33368777e5258921f1b,20.0
0a7e708542b39e5dd6dfccc8a8e3b7c1,20.0
cd0bf19470cc0324df218d86b271b0b7,20.0
18c97899df0947157d3e829e27aeaba4,20.0
4c20ae0a763f932624e62301f665789c,20.0
b960619287d45d12e27d0098a2969be8,20.0
a35063c389d1745e80d21e961477ba86,20.0
6956947a848550caa689ee8222a11c4c,20.0
366aca7911ab9972f9491b316f67183a,20.0
fdcace958128bcaafb2fa7b9077b7f10,20.0
e711cf2fde27bbee7aca748226b774e5,20.0
93bb6b87c2f3b43b991f2b37da6f2095,20.0
6e6795552714215c0204565bb50fc7d2,20.0
f27efac838b19c4a200edc175ecf4f38,20.0
25c64139f2f78f45984425a76135b2e0,20.0
bca3ddf75837804729dcbdb02374b329,20.0
2f35662765ac3645bd3bfcc100a7eedc,20.0
08fabe21a36ebb71c55616524790909b,20.0
2d4e9c0e42af45f4b002376d45f7d46c,20.0
89f992354e89c6aa921de54c38acd607,20.0
a20526ca1aa3ca00b2292925398750b4,19.99
02be3c1e80d42583e71d6c2eb9cade45,19.99
454ba69ab91152f04ba67bf96f46ae11,19.99
085ee5f8069c949eb5e31d56514d38b4,19.99
a0debf00af8b41b5d1ae13b4400f6a9a,19.99
4ab9f81601aed5ce7c8003eb315f6b9b,19.99
f5a2891493b5b415942b5e2e98ebaf11,19.99
b7e5d35a0f8b9c0e53532e8a4088225a,19.99
4e5fd9f9e9b1d0f13e385284cfd57882,19.99
872a25f014b99c4c17341cd9ad0d468f,19.99
300b17e1df295bcfd3e32604289056c0,19.99
9f2bf587d80e976bb4e0f6a81511a0ff,19.99
79e1681d91ea9bec47fbb60e2ce8f9f8,19.99
6107b1307038a1ce0780b1ac1653fceb,19.99
fdffa2aa717e2d2f61a584ccc57c2404,19.99
aa0fdb919d596650d0ed20342912d61b,19.99
58dbe9ebb990e72ca35a2f223ea1a60c,19.99
9a539f635a05b1a1ebc1a5c5c3f85bdb,19.99
b6565c968890d3efd0d2f20aff2be983,19.99
c3e51c0587103df1c0141794d3e07493,19.99
af84244bfd86c416200d5912d258151d,19.99
1d66aa095196064fed180c1b83dae50b,19.99
b74843e8f80a6bcb5946b73358cd43ed,19.99
fdfbcfe8a1292a3eda3a38d8859cfdbd,19.99
7715f80f77f2ebf4583f97a0a6a7548b,19.99
a9adc0a6fdf1a3ef897aaae459de857a,19.99
68d295367a8abcda02105da98b108bc5,19.99
f4647aea7ef7c8dfb11e2970c509f8f9,19.99
83a98455acd09caba34da505e0e9176c,19.99
957a0abd3abe843b6fe4886a504e69ca,19.99
4e5d57852c4fa022427541ab6f3f861c,19.99
bfffc44d697db2944987bc39fd45d22c,19.99
01627a580ab45fa2f81561f3a7bb1d93,19.99
56f782fa47a9dd4a8afbd385ac3a8061,19.99
c80bf3b981ce1e2f80110fe042e3e372,19.99
034dc20625271d7092e8228d1a80cac4,19.99
bde8a1d2a7c3d0a34605532f55689054,19.99
96de320266ffb0234946c0dc9eeabf8f,19.99
5833a1a8d62b965ca0f8205a8bcb32fa,19.99
9c978712900e0546c48062a001f4e4ab,19.99
3842192183959ad0f881f22fc10bb5f8,19.99
4c47d9f33156a83d4daefc9efb32b2c4,19.99
8effdb78a610cf0b7452f1fb02e7ab9a,19.99
5ea87006224fb0061d762557b8246c42,19.99
6046521b096d1fc70805c2e7d7326dcd,19.99
ff93b4413884cd9b2d851e9133d8c1ab,19.99
3242e4ca5a7e5c19c48f28d93a4ecffd,19.99
c47c8a107d487c968105f45d3f313257,19.99
58f0e392253b94e8201882293816aab3,19.99
654f7f79950acb5222c49c6bc56dff1a,19.99
09109390db732a0b45175f2da752f6ce,19.99
44ae1844515695a6e2c642c586a27e10,19.99
536f056456905b1e94b1fdb6f1fcc0f8,19.99
9a0b662a360c79f2dc50396f6041c1e5,19.99
cc8f3ef9071478290745b2460abfe9b7,19.99
d58f01135270a218552f603d0ea56103,19.99
8cd8dcd00b3204df8a1d464ae879c8c5,19.99
3db1310d635a3c73f361d3d5e492b9e2,19.99
cebf6694b094a58295c0092c72aaa2b7,19.99
0533b52812f900967b365e6621ce9413,19.99
031d6ed886ccf5805f9da926fbe0fba1,19.99
2add78abf11b73bb35d230bb94bc3fce,19.99
4811dcb195171d9e345056099833351c,19.99
2b9c116002450946e5c8989cca3b6353,19.99
d3bdb756eacb9782f62c4161f79ba2f4,19.99
2bdb2502a9b89d8f94ccf1ef7a9f0292,19.99
ee8c2ad8aa9e18e8b13406489b276eb4,19.99
80756c382faeafd4a091d7bd3565acb6,19.99
299f38e2449cce61d9f3a2530c1d91c8,19.99
0da50145f2aa453ea896ec9ca062f387,19.99
ce10eba206282d64135a408029e09872,19.99
d42b469613c4b4f8faa9162c8a79f7d6,19.99
cb14befe7de8c963c81f4a6fc8fae5e0,19.99
89673ee4a46a696faf2f928de0377ddf,19.99
c25041ba8c87b6ea6fa4181d168dcbe3,19.99
d26c3ddd8d86568b8519393578c78c0f,19.99
7a4012f9a7ae8ce611dcc1d6c21f3973,19.99
ba0ee5f2b5e3be1a41659bf07742c415,19.99
fd168731e205785ef438595d70a43618,19.99
79735f2e8136ba8c16524a5bf978baf3,19.99
9d011d41fea9f9b97db23cb5ca169f44,19.99
4d250c75cc0d2a9babd43a689f66f86d,19.99
fe00d4958dfeaf621e1840302cb7e47f,19.99
b2a6a6ad7cd201aee13e057cc1145abf,19.99
e4e4549de3fcdc34ca36d2c96f85321e,19.99
4a6da5722f5935d330ee36f2892e1e75,19.99
8480975127910c225f79e1037b9e1e50,19.99
93de82c81a0248eb17ff8f0f5f1cb9da,19.99
01755c16c986d88fa552ba8d7da81876,19.99
980c50b9937474c6340021542088ab28,19.99
57387a39a0f6661c71274d64eaa7646f,19.99
7ba25938d3d2de27a81b3af43e2c5a51,19.99
210ffab666bcaddb7fcd01a83ab41287,19.99
36996dd434790007af16ee5f9f64f4ea,19.99
70f8f32f2378bffb632c545370806068,19.99
baa388ae8e98a56b80640f05b084938c,19.99
cfa405d1ea008136eda709f547576dab,19.99
167e8b35a0b05668af1287112213ef47,19.99
21a99191298d34fb6dd0b088e821591c,19.99
00765aebd8e20a9a8aa8c28d0099a938,19.99
da37711b17efd5f2539e8196ab215f04,19.99
a907c1cc7d54627276af64647fbd61ad,19.99
b9d92f276dbef37247d86b5b7ac85bf0,19.99
a73ef7d9d48a60476c2abb05adf31c41,19.99
2cca0c96715c5e9a5932e7f2b92ecd76,19.99
dcc13a2d32ff7ec6e1920580280f704c,19.99
09321f51c8b1b174dac932353c44a386,19.99
1d34fda970335bd600ffac1fde943397,19.99
d78f9c14ce4c91bf23f1845524893337,19.99
ef30c33fe5c531893c63a1e4532a60fc,19.99
086996a8ac3477231df1f33d2698933e,19.99
8639fc85191eb49fbbdabc2c17f71992,19.99
c16fce5b85e28d53b5ad26ea44b62e1a,19.99
4d5537f96319cccd406227f42b444bb7,19.99
73b8f4f44c9029041b2b0d1e8f2a1360,19.99
aef01900b9de8f7091e94cf4c8a15f99,19.99
d721c06ffc4de876976100c345ce24ad,19.99
73d4bf798b5fb0949f37e05e44ce606b,19.99
59b3d9389766991ccdfea04b38986fd2,19.99
983db67f67cc7707f18e292d74f2b0eb,19.99
827d7240a35889668129a7b10aa0081b,19.99
c20a0b0a67de807a8c8a8999162865d6,19.99
df10e45a7a9add64e5e65bbc0b37aac8,19.99
25e7d85f9b7b93a7f0b5c1021faaa3e4,19.99
fef1650febdaa4fbc1a1420ee9f0f6be,19.99
823f621f5037d971a15b0cb861f8c554,19.99
3d52b58102741860726768607ec7e311,19.99
c703db5819a7a5918534fedd0a6755fa,19.99
36edc1ad7d7ef3c71fa4add41f525c0d,19.99
3d3e7494fc24a4f50a6bff232428f8fe,19.99
8a8440c5a7fd24d8bd07df72f6abf753,19.99
e65dc14fa4982b68b349c8e855abb66d,19.99
3bda81e663d894e6913572dfe41f9ce1,19.99
e7751b5411d4890df68144a0488a07b0,19.99
2d9f7b51e82ba4ef4683f8db8d883ad6,19.99
ae13ef7e41b712ff329871b5760be19e,19.99
8ec8872f874afb9cc81560b9c70d07bc,19.99
173e691b5776b05e991d8830c97375af,19.99
ad81cc2a6e48530ced9ec9411f109ba1,19.99
7d4024a33d15af87c7e47ee51976b556,19.99
504e1afecfdc611577b546d5fe69436e,19.99
446e5eab95955965329401aa7fef9d9b,19.99
d186aec9693a9d91e1330e198bfedb07,19.99
792a76b5589ff342f8f1d3bdf51565d8,19.99
2ac967d965f4e21c8fc26739a7834040,19.99
9a3d1f2c161063cdfa6944e31352c45c,19.99
9db9cd5134492e22796ee8d68ec26db4,19.99
6a156870c25beee81fa1374d048c5055,19.99
8c914738dc496dffcdc9bfa277b0254c,19.99
20602f40eb31f207bdcc555839e65193,19.99
b1690cdbec8f90ecdcc703c87e5e4b74,19.99
e32a0c2d53e5a5e6102eb41cbaa3d645,19.99
c9d717c837919bc6ee17ffab4ccbb3e8,19.99
dfd41da5573e846644da5472f0ec44b9,19.99
7497a06928794c94a04ed924922922e5,19.99
f12d5dcb7be7fb084d6054a8e30cac01,19.99
7e8615575192baa505d038bd461a5ce9,19.99
4ca9f150dfdd7257bd211c0c7c5bb752,19.99
773aef8cbaeca83e52ccdef46bd502f4,19.99
b9cadcd6906737e12a04a48dfd818a90,19.99
3d3c4183023757df6fcb733dc6599298,19.99
8972d832ae26a312a894f6c2093913a5,19.99
1d4e1d2283ec54d6b61c685d0f983374,19.99
c3d289c17f8f7ff380061f524006e8ba,19.99
691128d2f6176410e605aa8342fb95aa,19.99
f02a9393c5ca1f304f70d91f76a3a585,19.99
8651fcbb0eaad7b6ffe7a7b2dad93ca7,19.99
a782abb7735faf6aae9beef3c0fb03eb,19.99
24e4f85e976456bab298f37f9722762e,19.99
5f46e687a5c82cb1eda593739430f16a,19.99
b9da4745c50e57e1ac682564aeed6615,19.99
b30192224acb66749e127b1e0c733d0f,19.99
e079000c5f880a1b8bbef83f057ca9b7,19.99
e19b49a1c05d6f9016f3cabab37fb45a,19.99
a3e5a7458a61e94c06131898e1b75449,19.99
2dce9a88e9782c5eb7a92dce1c1684ee,19.99
9c3d64bd3fa02950338d3e23e3327bb0,19.99
22d4712579e7fcc391b2301c9c4ca06b,19.99
f1497d68a89361282297041502917ad9,19.99
62c9bb5ecd888b1b131f6043dce494c9,19.99
aa6c06fc582aea2912edc17eea2be533,19.99
520f054a1dae283f1d09b11e621c27b8,19.99
d7ad416ed73a8c500cb9da5685e78140,19.99
f314ce5a7cf4b04c52c47d013cc2fbee,19.99
71335cf87387f20fd2819230310c6add,19.99
6cad022a750365e31c429d9f6eae160f,19.99
45dac24e563a99d886aaaa89d4940434,19.99
7680688f55ee8206975809c9ff59b046,19.99
f4772b596b2cd360203f3d8e39b829fd,19.99
371d3497b3c664756ce51784d09adfe4,19.99
cb19b8f038fca823ee236d2b4cb2c4c1,19.99
15af4083ea818f480d16176ff0d903b2,19.99
5140a58e94f23985287e8f5f565b7c27,19.99
3e8048a809ef1932d05ff8a2a0eb8045,19.99
b81bc98e6a37230863c0cb4f71c0c9b4,19.99
7166de904d50726d46d0daa3a9b5028d,19.99
e2292acdd1a58281f6ad236ca88cb914,19.99
a59e93192ada42b56c5be8eb74891193,19.99
cc83932dc14918a2a88d452012a094b2,19.99
52dd02a7f957b228e887536623fc94b6,19.99
6e0c97ca8a1946aecc4adefc3517997c,19.99
7379ccc79f4f9651e5b35523dac6675c,19.99
d99b0d481ca8a777bd72be9c578f10a3,19.99
e2aaac764021d16f6585598a89c5e583,19.99
1acfc461171cf780ba4bec023da997aa,19.99
cf44ca21d8f8a3e409debd1977048d05,19.99
201e5d199882bc09584e409388babd6d,19.99
731708c8269d67ef551a1ae4ab8e31a0,19.99
76005500a2dfa3f5d910c22cbe99f8f1,19.99
4ca9d029df38b5b513980f0508bed78e,19.99
8ddaf104fc2cc74dea6222727b0c67e8,19.99
c0ef426cfa20b4a2d3124eefe9f27986,19.99
a5c9b12d231eb4f71cca7a5a8feff095,19.99
9e6da2ee3df481b6390e3d404a72b5c0,19.99
86e0f1f27a4905bbb04e1567c40af946,19.99
2d02f670df520fb5c5c5a818a9486c47,19.99
1abe6320a51b5dd13451f67d2ff446af,19.99
c058c2acda5bc9cf23799a92b0a3dad8,19.99
346c9464516a104c5beac7ff17ff4a1c,19.99
707831c8480919ed888f1b026854eaf1,19.99
c034386c62e4c60320463e89cf90bd08,19.99
e7cfb33c9c236417151d55134b4e14d4,19.99
0d96a1fb32c4c68e63245cbdbe523457,19.99
ec972c7a4579ae890c96bd8d9f299354,19.99
fbac6b4022506e370844af799dd93111,19.99
a14e8243c3bb40f2a84fb58295c8c05e,19.99
9f32bc5bf706650e3d9b5b10a200945f,19.99
81ec57effaab52bbf13007f33da4cc2b,19.99
c892d1124348cf471a8853e3bbf51d73,19.99
5e5271d75ccc65f5c4042703dbcd1c91,19.99
a20addfde19c0adbe45c295c7a2c996d,19.99
1bece94d7b280902f62747628ac0891b,19.99
c8f98b8dca8d4877d3f7922fbe8de30e,19.99
a48c2e41f8bbd21452646a72838533bc,19.99
0f3283b611e62dd24cc7877208ed3ca5,19.99
57a6216eb0afc73e36832f630331ffc0,19.99
02470f4de93d257745873d383dbca7b0,19.99
6bffbe15492bf7be799ed4fda9529f56,19.99
fd9c3aec3b78b92e89a8887c2643e1ea,19.99
be216fa0ff62882b04972080bc6af335,19.99
e073aaac4f9c5aa74cbd0286e60b7cb6,19.99
beb5a969035bb9ca6105f525935b04cf,19.99
c1ae4b702d6d7d3e6c00c05712b70774,19.99
6190a577623194a40b303c4259543aa8,19.99
a8c83ac2daecf7bd93935aba418f8cd2,19.99
bb2aaa9a23e3952790253fd4e5dedf5e,19.99
f7e4d8ee06a30cf3fa801462513aa3e6,19.99
83e393dd2060dde37fa6b202cfef671a,19.99
57913320fa3fb135fdec763e48e855af,19.99
3fc136b32b1b6068b0bd9fc719d69959,19.99
3278a540e215b737e4b44a61770dbc6f,19.99
ddd680886f3e0df8eceaf99bd327495e,19.99
5687096b10ffbfce09ee6a5fc3ebefd1,19.99
b3a442492d804e0df43ef6c7e410d8df,19.99
16ea3b34aa8c716158f26e5a07536ecc,19.99
319a71d1061c0bff9af2fd98eb3e8e14,19.99
9031f9dcde5860b34e6c65ac5c796d30,19.99
5f9210f6f1fa4bc4627a5c650b4e4371,19.99
49ecdcbf6991febdfabd4d0e59964d09,19.99
4b68278d4590a304f97e2943948c8d83,19.99
10068578ee713a44662a603d6f9e3e65,19.99
19d3b4fd08a486d08ad689b78d9e489a,19.99
5ec51ac5cf1afbeda642df917990bf74,19.99
b33048573f45345486965ab1963311c5,19.99
13f489935396f6b5311f29f6f5556d6e,19.99
1ea8e45ffebf367b2f046c8b3c8ff230,19.99
b78953f13f5b35bc21c8b43e4528f123,19.99
ba6a79846e82d93b8e30f35a1f89ae36,19.99
7c7b64592be01079162017ef22e15f29,19.99
408d74d06be5d5140bb933f248de1342,19.99
e4a4c0617aadb80e8ef6b6c3ec271f18,19.99
3c5aa91b09e66fd7095a2bfd7a3181f5,19.99
36c82ac8588030097d3f7aca9640518e,19.99
ce00c3e5cf8e6b1a53809d48f0d700b4,19.99
bb450f184d3e7246bd9094c8eaa16ff6,19.99
567e60489e4b10e8b8a04321210a04c5,19.99
c344041f83a1dffd0664955eb1165f63,19.99
cb4057b44a4efe80ba3db6417f1a3ce8,19.99
405aac74d987374ee18d472ab9758dae,19.99
615524b12e97c076f052c4fe166ecce2,19.99
a801360fcad89119ab97d96f5818e379,19.99
fb8d4247e5e0eb4d3b7d110c5d2a9b69,19.99
070dc02f224a841faaaa06dd571e33f0,19.99
5e223ba2e969f6c316d104a99db67a71,19.99
492275f120fd0402e55df89dafa24276,19.99
be050d112c9ee1ef0568e37d42c304e2,19.99
398feac9dc3771f978377f0bfeedd600,19.99
ee81a7cdb3e7d9cc610a17b7715bcc1f,19.99
b4f3c061fef15631681969b9aaacfffd,19.99
c0a31fd7423fce388df3c2ce2f981540,19.99
1ca50e7d622f289e9001345532e2dea3,19.99
4a0937eb670ba58a486842387438e5ae,19.99
c61ae9f1f2351bbd660334ae4775cf10,19.99
3e0deaa9670f05d91d2f9cd373e1aeae,19.99
9ec646fcbea9871a37321f99cbb761fc,19.99
cebd3d10717a74833fec09cd0d0b53e3,19.99
4d698df81acf0709e8e4390d821431f9,19.99
273a046207e0ef2179645ef8ef4892b8,19.99
836ac53e072a95b5b18cbaa4a4f67f7e,19.99
defc96df9b7447d38ecab4d7b302219f,19.99
06293b07f2a65667ea6eca6eb2e0f25f,19.99
b88b7689eba14a29896c654986bec727,19.99
56aaadf044875a37e12aa5344823d7fb,19.99
7a186a2e9b7fb35a7d158a5a43447b3d,19.99
8421619ae92243de86c872d87adb6996,19.99
ad7d1dec89146bb2a687f98dd2f9d227,19.99
12a9f04e1b2cad4b8f510168f31d5663,19.99
767b211fa7fa4e806f88b15c54c692bb,19.99
556228709c357078e1b42f98e97fdd70,19.99
33e6dc4dd3e936799b77a6a204dc5d9f,19.99
b4321daa9667a56a1c4fabb2cbb34ae5,19.99
9adf5e5b2f1d72ce3a8685eba7822d6d,19.99
a446567b84836138d1f780d653a66474,19.99
5d5749f139a1bc34f1c869cf82b0784c,19.99
971c5eadf986c2039482a93fb959c252,19.99
a92dc6eff829713a8baf8aaac87cc7e1,19.99
50af213ac6c4d368abec6e28d12c605c,19.99
90a4bdf0959e73f0c09e657d9bb90d0f,19.99
a30fa291a66b4f39e49ba45680963d70,19.99
6c45ba2a0257b104b407475efac538a6,19.99
1481cf5f02418d2ba16f2ded358c1c2c,19.99
b50cf34d15cd5de88e1e6824aec32426,19.99
26c8098256a9f305d2d7238204f5642f,19.99
c4ef60168a3671f95526b46f1d712774,19.99
b227d66d4c411666070d0bdafd1061f8,19.99
9ba71feb60c0565f5d4a82a79704b898,19.99
ef1b5dc620735876514e8778ade03323,19.99
6e260ba39c870e014ded7ce4dd96f2e2,19.99
4862627bc39ae472300a5da8a548af82,19.99
f26a435864aebedff7f7c84f82ee229f,19.99
1dcaf101733dc31789ce23f25d3d2f51,19.99
ac974498571869277f1940898026acdd,19.99
cc25be330141b5bf8171b447274988dd,19.99
3aa4ba9d60460d2f4ac8391346e8aab6,19.99
410ed911a275f00b913bb31188096797,19.99
85b199399591dce9df66182957ef15c0,19.99
3d3c806e48c5fedc9db509c647842c5c,19.99
dbab122afe1a7ac161c29bc789f595d1,19.99
3f794e657c0afd3ffae672bc8ecb5ed5,19.99
7614bd222d72753a5598941edc462392,19.99
d5d4d92f2dc0ac11ab4fdf1e7577d8ba,19.99
52f2fc0a134744dda95b31ef8aabc167,19.99
b08a79f8bc1d4a791ee0762378825cf0,19.99
55cf037bf8aab8f9546a9ef52eade642,19.99
ad9e1cb60c3304db33f3b82ac03726ef,19.99
97483c726a6efd0437639b0c0c4444ad,19.99
50de9967a255000588bb18f8122e306e,19.99
0fc1d7d1282656a9494f9c47a6c5276c,19.99
b035aa8a03a453b62a62d1521ab965d9,19.99
cf5186e095b1b6a663be940b4b4e6ed2,19.99
370beb82ba0d76cd2e15e6fd9d252abe,19.99
814ce562d2427d9ab15fc001a783d2f7,19.99
348322e3990d211b56ab785310ffb087,19.99
514f273dcfd868433162e713fd57cab1,19.99
0066d0530824a5e8044c71af62dea8d5,19.99
8a3f38933c6e9caee7791fe2441b3c3e,19.99
beadf961d5a71614a2ae77391aa04a9a,19.99
3b265c5c8b23bd68f30829c0c5a1af06,19.99
7203adde3a9d76f21c2b01223d07c2b0,19.99
0c30178309c1c4a738622c81ae3d2f3b,19.99
ab69a150db2cbcf9c01a34e7e4f75545,19.99
80f838e8b231f2fcb23b5208159d720d,19.99
c3f4ce0ebafb77f4a630b1876fe364d9,19.99
2c65d7682d1e3cb4e816cd0dd57cc42c,19.99
82d3b9013ae1ca97bd0104381fcee9de,19.99
3491062b95387d22e7378f83a9866e69,19.99
7148d5b825f7c5ca839047d5d982826e,19.99
1328b35044ea458d162dc73bc6d4c02f,19.99
2829fe86387c0b79dca569d745617847,19.99
2f2401f2db261390f4e64bec0b6bcad9,19.99
81eaa0c0dfb54f5f9d7d11734f162e65,19.99
9e1662e854cefe332c59a11639d9d6ef,19.99
1c173589e91087f17f77da92ece6b05a,19.99
3cff79bc3cc73ae212fbc01eb269acfe,19.99
42954d34b6eb63fab01f7d08f90713bc,19.99
8ec1b67247c93d68d97c6e7452a34517,19.99
363483bbe13425697fde066927707959,19.99
a7ab20fb4e0a401187aa80e97cd7e4d8,19.99
4d407711d03a415fa3b435f84ea4ec94,19.99
4879641d062865cc7157ea201af2972a,19.99
e65816228a615e97e84e7f5d0c3540ca,19.99
56d120375c35c6fffc447e47de0a8446,19.98
01551ab70b4a96a82ff74e3fdf027837,19.98
84f30d2805ae1bddbe5deefc84c80cd0,19.98
73a8b67e06535b1c08e018f83cf750da,19.98
14a010af07a4dac3a39263b876f7dd72,19.98
ef45d2a97a789c1f65204616bb6fa1f1,19.98
a193aa8d905b8e2460a1f49e26caa4a9,19.98
fa12c84b688d5da6d8fc22fdb9e09899,19.97
9f02e8c8148d53f1dde14ecc17123cb5,19.97
314e23702a993481be492acdce0cebd5,19.97
c1c327a1f031715cf00adc9f69fbff73,19.97
5ca12aded26b353f1a7363f0b1ff7b49,19.97
d6f6a039d3fcbeb5392bd0739b5e1833,19.97
672ed40727c0f5acb2a1439d107a5a82,19.95
6a20d585a8a12ef614665f1e3f7cae7d,19.95
48cb861dced926b9bd10c73b088ea09b,19.95
0927e313c410f8b7d64a99fb73360105,19.95
991813731aa6099746606df62872f889,19.95
22f9ada7e24f7c3120649acbf2dfa44a,19.95
2e54fa48b03df58eece64527893b5baa,19.95
1cd3d15b7c69baa3eba6c7807213f1ef,19.95
ec4a79232a3306f4ff97e38819a10447,19.95
8ed3a953186a64ad090056ee27657038,19.95
1d8278e9564a98f879c9bd72ae4d45e2,19.95
08d7b1fe49c75e0ebc5758f55d41a580,19.95
c9eb9435ff687d924d0ea1741bd1a5a6,19.95
bb96337119e1d2b4ae497d8a71311d26,19.95
7fc4245909ec68ef92a4292736e40a4d,19.95
6250c68c46496b6291b9c07e7e18358b,19.95
71c1cf733b397e66c54c91e1154d03b7,19.95
90e1d32a97d5acd67dcbe7ad2faa555a,19.95
54afe74ec92102d6a2b9e4ff135c1f21,19.95
a6ed13afb1aff49a04b5de487a7c6c59,19.95
ea9725a3d5bc2c6b09e6bed12ee02a6a,19.95
82bf9449be249defb5aefcf47ab81435,19.95
9de618e5eba499fc630e19cc2eb4cf75,19.95
de7910a50205fa700775fae3da0adfd1,19.95
a16eed7eaddb6cf559c6b32df27dd40f,19.95
d8f38b2c9abdbbc1fa17fe4a8fdfd433,19.95
bb7c3eb1ec66e803fe95c724da22a0b2,19.95
e2fbf107ce84bbcaca6f0dff445f697c,19.95
d990663a73af8129834fca277b4743ca,19.95
baa526bc6d733ee2f41e97e07a3a4d19,19.95
1da2620e2c9b0badca933d988c22e79a,19.95
9542e64a3c9493a9cdc043af86a7f52e,19.95
f61791d1fd5896c81fc8a663aaf71e17,19.95
cb22c91fe68a3acce2b5422770d38a9c,19.95
bff88438740222ebb8b541d836faa509,19.95
ff59794772232a6d231437214aaca65c,19.95
be09044593379378c199f7b255a940a1,19.95
300a497e422e43c63a4843dc07d23a69,19.95
25b32213901a2f413cb3c9896e4d164a,19.95
56d190af176fad8ba8d4783efa59345b,19.94
d1739c719a801a392578b4a8e7902837,19.94
7563f36d8dcfb6a9f7a547ed430f0f23,19.94
5eda0d42a89e9e37d951a14bd845dac9,19.93
a867a4943d0b4674046cdff5009c462a,19.93
37c23404aab3d041ba25a080039f5b1b,19.9
8976ae1c6e4275a2630fcec10027d081,19.9
d296357a8e81113de40c03daf5e95e7b,19.9
fda33b894c0c0f58e6989d149549ca02,19.9
d19766c98ec819e36dc3d8db0491f72f,19.9
8d13546034f81871cef875dbc84580c2,19.9
57200c2e69f0df7ebf5275849c9272a5,19.9
2f2c3d4159fa08183d294c682ac8dd63,19.9
a28d84b0258584bfe43bfe94bd30b657,19.9
0afbb6f8aba5a498f7798efad83ae3e8,19.9
d230b642f177ff80b2708cf54e65bc5d,19.9
a50ac73cc4bf43b142096a436514c282,19.9
a014a75050a792fab507b0131d442b32,19.9
7aad11b007aed653fa844b91d72c9a56,19.9
e68c529ea854b09379b7753755ec8e88,19.9
a668337cdc7f3d920473a4b15c04f57a,19.9
7d425acb99461ffaf9e807b06ebc3834,19.9
fb0153959477d7ea9b59c4a8c4486c17,19.9
accf3dbff23b624e0762877b205f6fd3,19.9
d63e3e806d1c9000c9d7854f73cd0a8f,19.9
e83c8b223d5ef6013da32adfe2a2c4b0,19.9
b66c181dc925982fab4b74e0e0fd5122,19.9
84b0a00de8b7b1189af919bc12786baa,19.9
a710d6093cd4fcc25118db94fca740f2,19.9
c40005c07b1bdf1c39193476fa330f32,19.9
7f5a426d2b8d8865b311af0d52674b77,19.9
3e7b6a143331d0a923dbe940e123797d,19.9
4e508aee7341ba61e85f371d160ae396,19.9
d1cfc648f3122f8f8810ab7e99a533f4,19.9
ad0d0fe3a014a0097abbde9323bce523,19.9
b660db37d14a783ec1dd53491cdcfca3,19.9
051eeefd4cdba801dae1ab465d41636a,19.9
ad2645579addc9b0fbfbbbcd8eb422be,19.9
e0f3dd75a709236dd86a35204e6bd69e,19.9
3c5208735611db0353acf269389b07b2,19.9
d771b705911918467f532b7d54d7722c,19.9
79be080dff9011b58f6aec949be3224b,19.9
8fcaa9368903f3a9a28aeaff28c14638,19.9
4b44972085bda435123999dab7212346,19.9
df2fdb98ed5e099286c6fd60daacb0bd,19.9
5808329098f8f532ff43033ec188a072,19.9
4688c6355c8b84b24a780915fa1cf4eb,19.9
3f177c07b625f8800aa7b8fd5fc2a3aa,19.9
98b5b8ac8f4775c874fae11ad151713d,19.9
8abd8440d6a20d04de36f9030a6f7d44,19.9
f57c075c9b45c34396df2be3914bcaa9,19.9
3abab18d333632bb552ef5bb5ab8cc25,19.9
cc8c765e7060420ae9af09c8432f2a45,19.9
b0e809b21312efd191d8cd6055457f41,19.9
5ca58c6df796876b23653e4b265b4a08,19.9
a272379c2986937171771cd55ebd00ff,19.9
8ab7e3768778f94dfbd1d4511e986dfa,19.9
b5d5a9c1b46698fde8e82171124dcf4a,19.9
11ff39f6282e2a89f5c079a47af66743,19.9
33be2c117b7d66949a335c3153d3bd9a,19.9
423e21d6cc95fea4f2e540a2e0c8b6e4,19.9
2b807a72efe83313165d8483f02d95dd,19.9
55c9db9425ab8c9ee904753ebb3e9718,19.9
a0f1252b8378182f65bc311788d25d0c,19.9
4add16f5c8c1c24e0ef26730ca5b5d1c,19.9
4b202c77564f830955d8b8c07a5f2967,19.9
8e3ca91f267437eb1244bdfad334a7ca,19.9
f51d104f314dfc7fe1fd9af2c6981a77,19.9
520dfb976e8d7e64c6c9275de698053f,19.9
0500b8feb30eb920f67c3cf8b837aeaa,19.9
188961c3a59cf2dc947be5a75e4d62ce,19.9
7725b79e7d1dff9dcad0f1eb02ecedcf,19.9
04f9ab3f03d2bce18997b1e224e6ad70,19.9
4d47256b68384c4d94ab6f64b0b25e0a,19.9
d71c1740fb0546da670a5c92e4aa0feb,19.9
f8387978c63e1ebeb45d5f85d16249ae,19.9
e7bc43bd991299745f29c9f38d0eb322,19.9
b074f6e7fdf21a8d46aa4bf20dd9f8bb,19.9
677d29a213c461d16e75734b36d68d8a,19.9
53ccb31f1af2d83726c2943b32357f17,19.9
ea3b4bd2d59d47d802aac1697a29ba35,19.9
fa087a55fc5440e1c1d55438c2cf7890,19.9
587813508c0cb2f73223f55ce3564a27,19.9
0dac51956c3a8a3282f5bc4e387dcc12,19.9
2160421cae73963d7d4842ca9f340aff,19.9
69726d016eac68d3d68da23184e50c81,19.9
cbcbd1f927339caf11a9dd23b5a461b6,19.9
35dde8b71e296fda7105a45884c5dd38,19.9
a0ffcb12d9a0552652f35c3e54639a8b,19.9
32e2e6ab09e778d99bf2e0ecd4898718,19.9
e578f66c816fc09c907a23bd74c73967,19.9
b08866a7b299195e0c530f94cff315da,19.9
e5b126f41141f1f935266d68e6df0fad,19.9
5e1ae27895d0dce5388c6e9529f10840,19.9
2e42725b340b879a9e4e93caac411a3e,19.9
ee6f7ffda3797ee3537579f1f7f60cac,19.9
fcdd6eb28f7ee1db301d1175f0a7b392,19.9
8ff7a7b0a03872ee975dd87f0355b5a1,19.9
11317d393ab2910eaa46029823d55484,19.9
c6f024fa9d453eb30eb701965ac1dac7,19.9
7aad6c872be392c3d4170dd41b5f2e83,19.9
efc8789bf5e94bec5ad00989e400776b,19.9
eb70fff1e6f5d8c627864ac88b9859c6,19.9
35be0e9bcdc8a3efe98c9d9523e72439,19.9
c742bd8203d001bcd20f7760b3987ed0,19.9
f11542d6ec6877fdcb89dd32e17f71d9,19.9
8625add91cf6b981e6fac5cd0b5d733e,19.9
a7a0983dcb7194cc1b89511619b095bc,19.9
a0cad5d6079dc7c903506377dd1db7b7,19.9
f667a9ea537f04d56f04ffa59507c6be,19.9
e90f4de54f789cfc0696115e1a0d04d2,19.9
6739d1a6b151dfa87a505b1c8798edbd,19.9
08cc63a3c19e9e887d0d4c9d74b58acf,19.9
a205a2f4c9f81da12c894d8dd7d4861a,19.9
c1aaf0e0e10e85bae38f799abe25e88b,19.9
9872961494c04c3939cc4fa43bfaeb75,19.9
62ca0be9b9b1232f45da308d28f061bb,19.9
2e5608fae5d61570d29e7cab4e1c85e0,19.9
52fb8cfe0efcb927648b8fe7e8f0a509,19.9
83ca40b2b7a4bf6497b9de9ffcdb5e23,19.9
7ca80fb4959fc6a8e996c4752387fcaf,19.9
8d9864cd328e623f5be10fd95c7b5c7d,19.9
4a8f4ba62a60be1022274b6c65e4182f,19.9
dcef99778373805819a17479a572fa15,19.9
fdd719ccb11566817c8e6a9cafb008c4,19.9
cc58f94cf8ce6e65e9cc606564687dc8,19.9
5c43b7292990735c8aac0db4fb289bca,19.9
81ef0532e2e2d5100054c7e0152c00ff,19.9
819f448337cc569605146b74bb45ee6d,19.9
a70fd3823ab6ab1e61ed9d12694177c2,19.9
4c0048f0a288bf5711513c19ed659dc4,19.9
dd340f55b79392c58be2ee54c2004c26,19.9
b5fe6ca1e7daaa6c628f5fc1e3180b31,19.9
5a305881af7a75ebbe4e858260370d9c,19.9
4d7ff9463a63c3b93921c7e0de90ac58,19.9
571adf7ec010018c07153bc155499a7b,19.9
0fa7dc75caa1c0ab6e5370197d54d7fc,19.9
bf6ecfa386881dfe591b4ff4b7647db0,19.9
5c92329a45f0d22c263d98a8ce845cd8,19.9
23f676f1621d02c0550aa550b094b849,19.9
7c8f752ec24bb402191fb6cda46d2305,19.9
92870209c9c8b251ee171e1a7362ae57,19.9
3baded4af7acec322d1c4eb8b405a0b4,19.9
a2f9ee83cc551cd380ebf53a01e7893b,19.9
bc20aa7ab38261667b10117ac0b169c5,19.9
9ec5649350197aadd41086a39651e464,19.9
2ffa798151feeb9238e6c60c6facd88b,19.9
171c87afa43ef26b2e59a3b0883f5a03,19.9
c3ce13fcf8ab552fcd541aa1f2225389,19.9
da4668d04be436501614b38d36f72375,19.9
63366f54ed6bf30fb17380196327cd6f,19.9
355767124591b6224d962485bd1fa883,19.9
8c7528c4ac5886060dee985b0de04eff,19.9
a1680f33769e6cac0b3ac233e00231ea,19.9
e62b6469fde6eb6443cb25b3f12c0103,19.9
1b45f60d696cad69dd5ef9ee6d3d0e80,19.9
6d7fda62de7cb7acf2894cb5ad071ad6,19.9
ce8c6f8008f07e4aa7aa789897cb3e64,19.9
2c106d45426c47aa075491442f2f0194,19.9
e3a6127d908abfd1fcbc97618672f72a,19.9
c8a189cddac41c349280ee9339d31237,19.9
c9408afee56e7572a6cb85c5f88e499a,19.9
44abeee87819392684e3492948b5b165,19.9
1975ad502bdc96d9af3ac4ce6afed287,19.9
fc8606c4aaf0a4a24dd76f0c2467cbd6,19.9
b03b8bf457533ef245fd5fa2681732d0,19.9
c42878a76e92a46632f248e1f6407d7a,19.9
dafdcf2f805b9134d69762d615f178a0,19.9
551ce89f695ce165b0921d335e2590a2,19.9
e5fc30927b884e68ac195810ca12597a,19.9
1a60953344c67840f670ba07a1c453d3,19.9
e8096a7ff86c1faa41c84437cddca316,19.9
2e457d0dfc95e440c3d8f70b5bb705d6,19.9
bb9971033e1b456cc4a6bb92a46591ef,19.9
4cd82bbc6e8b838a998e3049fe862493,19.9
6b65ff53eb98d82e894a1676c4f963da,19.9
33b34046e628d2c93d9ca4d7385b79d3,19.9
5a3473648da10d2800f4783f6426355e,19.9
195723bad1cadf0ee55cf2c9269365f0,19.9
e3939b75ecc1fa84cbda7ca48ee0e5e7,19.9
8c3ffcc8a92c7cf23426b0b9fbde5fc8,19.9
e2cbdb854a28ff842deb8592e8ef834f,19.9
13a9b79f16ea8cba4df16a9d6142bd78,19.9
ac4fc3e275223ab8c2dd8a53fade8c6e,19.9
0be948a55db2c18553bc293d52ca6c61,19.9
d0207bfb3658030a07c672bf3bbdbe21,19.9
a9b0200cc7ddf5f4d78a31ad5b0ddfc7,19.9
f007d19db1f83a2f77650ab490703640,19.9
3233ac56f87817b5955345af54dbc7ba,19.9
7eae0e943f8fc8ef273e928ce0b12ffc,19.9
7324ecb0ff143f561193d22bea7d63fb,19.9
8704bb1cb3065ad1c861067a59a523f6,19.9
f91e81d167c1ee567ad964c15c229178,19.9
2c0f7357417a5ffbe649bd35a797804e,19.9
7f9cf0ed8393054038c883ea7171ea8c,19.9
c336a1d0139a6fc12cea3220508e2e23,19.9
e6fbb4cd7a63ea4863efc08e62db0186,19.9
3d83f2d0fae33ce3d816224b0be40a50,19.9
ab63b05f2047754f13cc5fd06bb3e614,19.9
8b8c47170df5dd2207aca5ce4d9cd608,19.9
02b7163ebab30c1560be4d0ead691b00,19.9
40406e269d91bc3c23b752413b2d7311,19.9
5cfc257d58f35e9fa502cfdbdae97b9e,19.9
c7858f425c53bf289b58bbca491fdfb6,19.9
1df9eaf9dd553c1fc6a84a7b84cd7176,19.9
b9885472fa562ddc1cb5333a42b654fc,19.9
420c703f3f1139bbf850bd6d8b31490d,19.9
2a86c1a30d287827d8d6be37e0df9071,19.9
3946e462dbdea5c684aa376441820496,19.9
1e46b29a43929d0f05b69dc61a3668aa,19.9
7bb5fcdd5b5fc703c8f9420e3a0fc21d,19.9
95ac7eec6a3ece1a7afc792575d0482f,19.9
f17828c27a2226673d7021727fe55761,19.9
bb140a19f73d280bb0847886feab270c,19.9
a45d045d2c2dc711b783689a3815b34f,19.9
f9a232e21b669e5a1063711f040cd360,19.9
66c7d377394b98ffbf45ede7f96d5c07,19.9
1f3cf47ae4ff41e66b69ed15d8807e77,19.9
28d9a702613516ecece8a13f7b015026,19.9
eb0c867b626b00b70a9995eb0333ff47,19.9
4bda9da9049ebbc1418cc56e60abe02b,19.9
64297b84f640852cf295e3ab6412684d,19.9
8fb42545bfc44763da22b9bf84a47cc1,19.9
0e6043c6383abe8e3ee07a62b4a723d4,19.9
539b3638d0429be59e27871e1233b212,19.9
5de8dd029fb7e408888f5694443eb801,19.9
379c3e76fd8e9b835118c773be96ac2c,19.9
fc87af337f289b3b613626426c66d14d,19.9
1901d167919ef512a3d51d62bb81bf58,19.9
42333d2ab86886576093712fbf1564ce,19.9
1ad4dfb256200643fa285f7baac000d5,19.9
af17ae87ef93470274e600086e3949bc,19.9
a3dff9a630a63b528b2fbed1bc448fbe,19.9
a8f4082789d3e57641eb1b6a881d95a0,19.9
6e4123c8f91f940fcdbe9ba9beb6bae0,19.9
8ab97904e6daea8866dbdbc4fb7aad2c,19.9
344e41976193f655e5ca2fdf1a9352c0,19.9
d538faa55c1f7cec661fd02a25d8a74b,19.9
c8564f088dc3ca12afd07f1515fc5386,19.9
c091ccef2611f33bfe395e5b62fb8cd4,19.9
2b70fd032228c848dca45390515e75e3,19.9
5e03611738b719fa467609220c293474,19.9
515adc59bbf7e0a839eeccc8fa006947,19.9
3e4d5f8f67400f2829ce7e9dec5ecb78,19.9
a30167b7bd83044b7b383f2fe2f9f65b,19.9
b7f5e7be6992f2dbf83cd873e2f8f898,19.9
6670a4780229e896eb7bbe0df8e59fe4,19.9
4ab85f6dfa508191b18fa85af3152a78,19.9
2e3648e35008f6586b84e6ee8bbfd25c,19.9
c0ddd22ff30eb1d343b4ec3fcf1df81d,19.9
23694a0b935bf1c804cb78c9bb7018cf,19.9
bbb555d3e572820b99a0469b147228b5,19.9
09339f204d1b627af024216de772ccce,19.9
8f2dbc1fcadb8bb144df2202bdc7aa9c,19.9
b7496ea4b33eaf521ee4bd4a25ad477a,19.9
512ab098fa4d12ef6885a8ccedc02eaf,19.9
b4780b1a1ae9bdc3a55a9f3ee26dbb61,19.9
5f454675eda0812f4ca038d7a6796a38,19.9
d62eee7d44db15b7b56c01f70fbb2e4c,19.9
89ee8f2ce27588d9f8a8b7d0458e43ca,19.9
d6a3a0fbd3d52a8cc638b0ae1dbd00d0,19.9
084064d0e425f87b49643992a88c2b43,19.9
c591b62b0d38be0089c516584f6671db,19.9
a3b728c3afa0306ff8cb0453232096ab,19.9
1fc2eac68aca255a26d5d03894ddc6f9,19.9
3dc088a229ec165ccd91eab616197b90,19.9
46de9ae3d09a0c15d1915fb34d78bef5,19.9
f91beedeac19df94e1992c3aae4a2c7e,19.9
d6b516bb5a644120e852f11b8cdd0db1,19.9
3cfaedb59f39332d98cde2d6a9a1de08,19.9
8697380aa3aea71a75cc47cf792a1c13,19.9
7dc85f58cadcc624d2f05f6a2049dc04,19.9
91524308b1a531051d75c3eae41d7594,19.9
70bed66339acf5dfede1a7dce682a6c4,19.9
e4a45d4886a96c9ed50b463886c31c26,19.9
3c2c0a8240bf76896722b75881b676d1,19.9
4dab1a97149117165228acb8a404acaf,19.9
16982a113ebc20e88b9459911012b11f,19.9
8547b99982b4f351a1ad78a61be2e44a,19.9
99a5a40178ddd41b526250426a60f363,19.9
7a6b44be52a308e29cfd7a159b53d917,19.9
3fb14779b189f5fde47f8918e88dcc36,19.9
4b4a29e4ecaab53d5005458117e173ec,19.9
a8f1702557985daedcce507ea3061a8d,19.9
5944da5b7ceb112d474bf31ce6c6b742,19.9
377e81546d7d92c97c710a231e747c45,19.9
361f3288b93187d40ba2e3da34ec57c2,19.9
a1ebc1341c41be7604527a96353f2700,19.9
0fe3d243c3ea2f71639a95f24c2fbcdb,19.9
1ec1d4db9364df06dc16ff3227081aa4,19.9
b871400041cca0b6a0240e50ed375ee4,19.9
e5e9eadd7d1db375dc607a5b9d10923c,19.9
138197da71fb160b668d4121fdc6f6c1,19.9
3956d1e55818b7dc872d5a1de09e4ddc,19.9
a97720ccb43c16804cdb040cb2abb010,19.9
31c1190ddfd72fb7643822fa21bf0dd7,19.9
d8b900bd29f82bca2be3ed286d2570bb,19.9
d0e385087b9413d7f74a518fb55c56f9,19.9
9c143681bb6198df327cb07118fb68c3,19.9
43add858d3ace93c297c7b5843b8ec70,19.9
ba49d0aa8b1e72ef7117c3cd4a6bbe88,19.9
95c8164f0f88a3b2a25f250feb770854,19.9
4c1804fa3ef0c59a7b2f8a00618eeed1,19.9
935993f47af1ed7d0715c26b686341c5,19.9
ed7126463b9b37ab84216fae172dc660,19.9
b405dfdf46036287887efd86828244a4,19.9
7076e8afd996949ee319e1a6f2f8d5b4,19.9
d7b1a2fde9b70a251c68b6a366594869,19.9
7a9efb7c1ba67e844ce53d4c8f6175ee,19.9
7440dd9d4b5993f2cd33d845b5edab9a,19.9
9800149c926270ae16477a55f4eec5f3,19.9
58aaa243a8fd403ed7e6cf592582c4d4,19.9
28fb236e49de5398f663ca126533b457,19.9
877fa434e40e6c561ad5ead2b77a8a5b,19.9
4d313f0a196a0609636b0d0fb5f531d6,19.9
06756bf2bced196e9d58fbe46a40d3ed,19.9
5d6235d00d8bf6288320b2d69f1378ad,19.9
9481fb9f3f141917c9fb56bfd6315e4e,19.9
de6e854dd86ca4f038c5aca3c86150af,19.9
fdbed455fe5a8f3029c4b4bfe8ad5500,19.9
f6ea50ebf77b37c12e15529d3f2a151c,19.9
a66d6e720dd8c5e2b0eece4bd2630992,19.9
a9fd12387efd701b1cd170637315b773,19.9
678613e53fedd1b361741cc7e3cab048,19.9
5e274e7a0c3809e14aba7ad5aae0d407,19.9
6669e25f61e1243fb6d2bf035ae6704e,19.9
de0fe2d8e55644484ecf77b35622bf8b,19.9
def8a94426e0c4056edba77cd10b8159,19.9
a64c2441d155b7d60476fbfe51d87871,19.9
60771df062a0d182e11594d325a3ed8f,19.9
ec19c50d2dffbbac741ae04db916de32,19.9
9f7be3ecb950aed145871dd613cbb06a,19.9
dd61194f6d76a6389f15815f1d376da6,19.9
9a01c7cc4f52b20701105871df725b76,19.9
fa3a2b347e43b877f030d5fbdb2a1a8c,19.9
e88c17456d85fea4f17d86e67e8d522f,19.9
569bdc5b541b747c421b3618ddac0884,19.9
8da8819c5808c4bd18ccf60153c44ff4,19.9
987382b89ebbe5bf0f0701d749e098a9,19.9
b3b7a79be761431b60e2945100e694cb,19.9
7dc15e58615110bb8e8aa5e2461b0b49,19.9
9f5248d1ba1badb231a1da9217f77f78,19.9
0e4d93a7bc37485502f6d38a20ff2b24,19.9
a9cfea1a41e154c0a239c11d2a61712b,19.9
bb57c29950eb3cabbea0b4ab8430febd,19.9
9ea5e80f52a670b0bccb10c1a4ce2463,19.9
1b1998bf9c67f12faa484f9254f45288,19.9
bfc3b18138f9f8875f3cb6d9f8202ed0,19.9
01287ad2456ffbd365f2e955dbbcebc7,19.9
e44422753d631237a61e48be89adbbe6,19.9
4def32df5aeb5b3bf805abc1b3ab3a68,19.9
4fb548a2a29046f4b1d54477725ee8d3,19.9
b896b244963dc7543d400ad82d6710e0,19.9
4f45379110a59aee1c77f9360a2e0095,19.9
3a4c77b134b116a9f90b0a98fe0d0727,19.9
b19a370495e4d833f7351b777ef67b4b,19.9
da10d7aedd0897e941cc1fbe49b9c89a,19.9
0b064f4278f75fcbc81349df482353aa,19.9
67aac83578d8da73ae7d09d981ce8487,19.9
5821bc4f93762314d2a2f92caa8145b1,19.9
79aff2ef60b4eb882529f6f5f132ddd1,19.9
9c329724ca5ef12a9e8c6b6b91c03e60,19.9
571ba6aeea77442576c856df457f6fae,19.9
0c95ec410545d4fde2108fc69a4391cc,19.9
c677745cc868786f19c18ce55363ae6c,19.9
209b9fd06716ec99fdebc11662f4c6af,19.9
2771eeec77688777e6dc455f7145358c,19.9
c493b8c381efad283970ab7c79624db8,19.9
1052b949c000efee96083e5b24bd7a60,19.9
e3f8a41dc8def48711c086dad89ab9fd,19.9
33c1d302cb2895792e8ab2d10a2c6562,19.9
b3048bed6f8e24f898f1f83e038f247e,19.9
45c3116824672fd443b1f5d6dcb299cd,19.9
973d4d86f73cebd0e362b5e7b1ff21b6,19.9
2d8950b6756914afd2d6f53c90dbf514,19.9
a4ffea0b19d70d9ef029a9031f114e08,19.9
bcd146ad0529dbed88048c6bb5397ff3,19.9
55ee78889eccfefb08eaa053d161d1cf,19.9
3a5f9131215d3657087b12cffe31903a,19.9
e8db587aa035a388d29cd44a801f9092,19.9
994901274206b0378c729c1c2146e3c6,19.9
e2e2357a373755fe5504b59a4751ad44,19.9
67a78606811f4989f7aecd551506529f,19.9
372c98a82300263bd02a4a56e2cc9526,19.9
4a96727d27c9457588c88b83ce91be1b,19.9
6d4383b15f32a02ba877306f23f38588,19.9
a2afcfb0d0d3096573368c4dbe8af57e,19.9
d16bcf0555e8a602f65c56993ee91b51,19.9
0122f471f8b583b4b8262a9ba5870e0e,19.9
849b3f67eb957249945aea7088399319,19.9
196d71e5838abc408a0fd00b1bd7b784,19.9
52983aeacdd58b235204afddaae8b169,19.9
702b62324327ccba20f1be3465426437,19.9
c2cd75f49d23793dcf0bb6cd84af4832,19.9
6081c7acb40f63731b3c982857c79581,19.9
af605ee4741b701d7e3369192f200a40,19.9
da50919bf37d6a3c12edb06afda48b02,19.9
79eb118c0512b47d7211588880f00c25,19.9
5ad73b0889b04ff1e68d489677b7cb64,19.9
338a88863afef428379f400aaf88ebb0,19.9
c5ddd2d83188e82163995d19351a79b3,19.9
91faeb032f47277f654a8202eaa9fed6,19.9
732482a7ffd8fc596c749a7d3190fc41,19.9
376ddbc5c30798ee6a6befe4202ff7bb,19.9
e3248fdb7c904b55c92cb55d87ba264a,19.9
845333576029359404cff4062547c67a,19.9
e0701a06701df9dcd6281071f33893e5,19.9
198f040ccefade08917a640a734f4c14,19.9
f70537f7cfc56bd6a96bc1fe04b3fefa,19.9
2b2ca3bbc17d390a83940038b7bb3e74,19.9
78043bcc27dcd1059c277f7206b21c07,19.9
bf3ed42ce38f47bc8601e89ab81dab0d,19.9
440881663ca6ea85485f1f0e13bebeb2,19.9
1486be6e2635c0fc6343893dab2f560a,19.9
b417a9a4c05c243aacb8d35106ed5361,19.9
8f9cb1b2b2327968c7a9e7acadba9978,19.9
b81d8b14294e58ac9ec8fdf6a11e9da0,19.9
61cfdf9916a5a215dfe42663648b99c9,19.9
2dc80e5f49de760e355af287ed29a984,19.9
69f97d75cfa0b60b3bc20069674878f2,19.9
b741f49aea8e2c104fd2f5e29d012d9d,19.9
0a6a72b2618f517c0ea6c4c43037e610,19.9
8ae249501042d4c2fa227b82515490f6,19.9
952e55498d185a919ffe34225cdb6032,19.9
082805d32249e17183cfb56ccb67b5cf,19.9
5347865507b517f086a086f7b017a1dd,19.9
c54b89d28aaf5f03b06e59cc2a686f81,19.9
d62fd1ba5a58e7a42486a17b634cca64,19.9
a53f827b1dbbefc7db9951541abe454e,19.9
9eaea40cdf7c192bd3120718b635c863,19.9
26c6e0c2d9f2ea36acb63a8af98f7a9a,19.9
43ef6d921801cd218aa1933147cc312b,19.9
cf0b03b5cceb5984281a0f1a4cc62bf9,19.9
d6db9474cda3f1211115a13259b6bcef,19.9
22db58570a862e5c0f00125981ddf293,19.9
c5be23d385030fdbf83a9a02aab53b7d,19.9
cc1052040f688d68994f5645c551ff78,19.9
aefba536903322607c79004b7f26a522,19.9
b9fed5f1693cb01eeab168ee4544fa56,19.9
3a0cc7c9af6abf8868dad5a1de4a16e1,19.9
f3114662f22c3eba559e52116032733c,19.9
d5e7f7762bce7b93716310b8218d6e14,19.9
e9bfd7fa924dd546f0cad77bf5e7b272,19.9
e44c64cff0802462066ca4a376a0da59,19.9
76b93945513e8287e71785d2c9c0f148,19.9
708b0a0c6b5c4a4a12011f0ff5df51de,19.9
4bf467566a4cd8493661006d516c5b2d,19.9
0e2f6f88e0d9f89cff0b39105af8369f,19.9
e45d7222b87e8b15b377853dba5be723,19.9
00aa3aa0438ac8a9e8a9378171ccd055,19.9
04da2645a56f541526058058e48a71e1,19.9
c6d27a74743430e10b396edcb26d7e38,19.9
97f4b6e455ba303fbf1dfea62b8b6f61,19.9
2016496924ec7d507078544a9ac7bc30,19.9
410eacc7fcce2c659f86ff1ebfbff68c,19.9
ffb9d77106a6c70e8853d213c7ad8c6f,19.9
e3673d5b4a29bd3532b284fcf945c4de,19.9
36835ef37cf8330cd51ce0dd0dc39bf4,19.9
f09f554198d748578c957bcc58291e08,19.9
dbdbb1c84857a77d65433e50db98ae7f,19.9
ff6b00a007b6c413a1106354f2588a07,19.9
f9edf85c1fcab98c046a6b4aa674f27a,19.9
fce5e90c12f6f040a4a77008ebeca230,19.9
5b185f5620291f8d0011e4fa3a7a3e7c,19.9
209ff5d502f02e97bc3cd9bc444945a4,19.9
1a22acd74a5d1eecfdd5c47375ea8226,19.9
3eba378718d805d744a2f507aa9dd2e2,19.9
3e833164532942a1114ef358e1b8884f,19.9
e35fd9b6c85b42d4c8461db5f1b4afc6,19.9
57b9b815e21434834d5377458f1cf483,19.9
b42a98271ac6f75bed2e975df1bb375b,19.9
7b47b0a45536529175e846fe1301117a,19.9
28bde7ec6e40314d9450791729339137,19.9
aeb07999154eeee6ed241aa2b3137c99,19.9
759493fb6369860c506ab5adf25eb6c1,19.9
1d5e651b27254d22c61551b31f0a9a8e,19.9
e7ab75d3f954f4341e46ba3b932b8f06,19.9
8602c1889a30f2e3f7d3c67c17391008,19.9
2c5e1185431df52617065707c0e1c742,19.9
60ba596d2961c16b7fb6da94f60f0f31,19.9
0ddec1e0f5e5fcc429b215af8b967b33,19.9
9cf423929ed7f738fd0a0e88607a79fd,19.9
1278e26f72676a29d4f3e6ab0520fee8,19.9
2dc102d4f63f2218b2afec0c90411985,19.9
591dabcf056dad32574160278287db79,19.9
8173731cfd6e1b3cf14eb346dbb2b3a3,19.9
27cd342122c1263cda043bdc472cfeff,19.9
9e8a24b073c90a710e41160e9c0ca0b2,19.9
5c1c8769cc8b6dbcc64964d7aceaff5b,19.9
1a3be802bda931a4f7b09c60125d2e91,19.9
d3b38af3b96edca0fb37ce0da53bfd3c,19.9
a74236a4dbbe4c74be4081b8ebc2daa8,19.9
98058e1fcf55c882ba711cfb5083bff5,19.9
04a5bae61b84725c89e46444879d1f68,19.9
43cbc1dac30f38ac86c23356358597a7,19.9
5487e6c4f3ddd99d5e210f183505d974,19.9
51365dd4199bd092e333ebcdb3f8942b,19.9
bef3b7e0d09c81ece65cc174475bb2f8,19.9
abeb1efb87a1a62662735ef66bd2f1f8,19.9
d4673d428a33789705f5a5435273f6de,19.9
251b5b179395208f3fe1c8f5cb34a5d9,19.9
6a0ce72a507b9ca7bdf5ab4f1a875a46,19.9
73aec6e82be391e000b53c52574825c9,19.9
37ff7057c2badd64a377d87516b5158e,19.9
a33404f8a18d725b2add46f136119952,19.9
78d701f6ac80664a4b015c40495f8dd3,19.9
7a41690fce4112079a5b42f4c6f1714c,19.9
78e154bde284dba22fb7eb2d5a4509f2,19.9
c537f0d34b6efda16e4fc501fd2c8111,19.9
39f7d57021887ffed8775b92df685caf,19.9
2aa73498fc6fe0afcdc0804f3080ac72,19.9
fd6885f5031ea49f07d39bfac282e959,19.9
7fad8196d25d044456634a95c6096a32,19.9
7d7c7132b37ed525b93bf574f9948d69,19.9
e6afebe3b7aa03ff19ff1d23fd0867d8,19.9
73fe5c78e86e6a518f4c9a834b96ba1b,19.9
2866e688a5dc459c904ea765cae01f75,19.9
c8d8df677303b51ceb3ebd595969502b,19.9
30111de81b1f414a07834aae8edbe9ba,19.9
dc350d5cef089a6c9a444b4dd67811c7,19.9
5ad7ed68c6c5c3a7d85c134d2ccb5364,19.9
554008a4e90d3dfef2440abf989525d5,19.9
4a0738d56e1afaade49fb49b539f7efb,19.9
6637874c14404b65a5c59c8ab576c86d,19.9
19402a48fe860416adf93348aba37740,19.9
e6c8f5799c9aed2e74ddffb90dfefa92,19.9
5e9fc468240a6ca5418c30a89c1010ee,19.9
b7b1705b5beb9ffe3c0027a4e9531e89,19.9
d508985b37a06e28c58fc87836215f4e,19.9
ce5b62e98a5241ad9d691700a0b0c47c,19.9
2c9f984472847a993724a86948aff4e4,19.9
bac36f680d5c0c0bb085b8a86a5e68cd,19.9
26eb046265602aeb0c810dfd1e4e329e,19.9
2741335a5e048d897020cbc09e5fd9b5,19.9
47072cf880ed71431fb220f937f63d5b,19.9
423965f22b33357d0524d6942429cb0a,19.9
cf5bce158346664ec3c99908187f9e5d,19.9
69af39aa7ea31fa28a84d12409e4a019,19.9
ca96bbd1405379b80e48b64cee01ded0,19.9
9aae457bd5b5e8d016296183eeb6c83a,19.9
5e29e0b952356ea899ee11dcd5548af4,19.9
129f607d343eb76cba304d930ae0312e,19.9
cbd56f1f7c2f1d3c0adcdddce4a4bd42,19.9
70b2207633ca2235286713423c6088be,19.9
4d0090e1484f0896bdc470d0b79b5682,19.9
2ef9528dba475177acedbdfe80029ba1,19.9
e16b5a59a6a1f4a9e047efc6ca0af440,19.9
d0eaf0e4b95a2db94a72cfd221a0b58e,19.9
7bd66d7d5a389211902bd372575b253b,19.9
acb2bc172e66ed2aef88e4663e734e39,19.9
f54a9f0e6b351c431402b8461ea51999,19.9
8491928e247c258dc396efde00f2b6ed,19.9
8c3bae44fe68e44c6b16c120bf51456a,19.9
a5fbdec2c17bfe055e28024387bc8f99,19.9
0835945d66ff41f239176af759cae6ec,19.9
2ff28af15d2bce9a989121e9b1873f2f,19.9
8ef76abe07841a8eb8e4ed7cd934a987,19.9
ac26dbc47d6b5293504ec66e77d40822,19.9
9de1872ae494ed93aa3d2812f9b3aa1d,19.9
99a9af34c9f3d18491e8facad007be44,19.9
3a5a12157eed55b77ae6432e30efc4ae,19.9
39d13b38b74fcc2a49485770142c3769,19.9
fc788d5e3648d52793588cb90a77b5a1,19.9
0236c91e3098446e2983cbbee1ad96a2,19.9
311926aa7d26a97be988107ea7faf602,19.9
2ff7c4672a0be98588ba196d51894223,19.9
18715b86f15b55cc06dcaef3708656c7,19.9
32d734648d03742ae39dbea3bb0f236f,19.9
04fa073164f8aa2148c9c19d586fdbac,19.9
7cd835c51bf18427b0e32d2a4b2db1dc,19.9
99735c2b6ea9221b65fc53e799037ac4,19.9
f2b00d796387c985440e4ff2121ea753,19.9
a83f8e4b9176a5b958f7301342e32e59,19.9
34fcc45e826ad499a61737ea97e8b3d6,19.9
4813c31bc42009db08118aaf5c22d4f8,19.9
357021c0b7dd2932d05c91cd16426909,19.9
9969b1f1be2d2ed2dd597d8fc4235940,19.9
904191410a14946b47cd30c1a3d29ba4,19.9
074ed25364c115f9e35c10d260b87780,19.9
24e7a957667cacd36af3e168d90ef0e2,19.9
80db9468205ab8feeb73722948bbce52,19.9
12d40bdce2536956b181627d4762c68e,19.9
19c6be9e0d7588d54ad848d44abeae95,19.9
e4ff0e986267ae80bf791de3896f9b4e,19.9
8be6f49db3d785d76b3cdd1dd72dda37,19.9
92dc7fe11830de5c6159644a1b1d84ba,19.9
ab137d0918a8adea90199041e26029f2,19.9
f29bef5ba5cc67a9553a938aca4445ca,19.9
a2314c946cdf0ee3cda97e4daf7c3282,19.9
9175240181368ac501eeadc42307da05,19.9
8f01090b88c4d9c2bc5103a6925f09f3,19.9
282c2609c98cc89cc5ca74f59de5632a,19.9
eb49614e45790ac166f91bcbcc1a9014,19.9
03a17587335e8de93ffc1cae3a515cab,19.9
a9aa6c09b9864e59e014ea18d9294775,19.9
c87ff79f95188fd3ca370993eaf04d7e,19.9
9d6c3f94903d3c85f5691210dbe2d95f,19.9
c69b97811a2d5a883fbd35751cef395d,19.9
067dfd197c70456d5dd81c801fae133c,19.9
6809549888389f4ff97cab54a5d25065,19.9
af9608d0d237700c68fac0a2003654eb,19.9
398cdeaf241e3ab97c45cfc7471edc4f,19.9
72b368a9206b6e158934fdc1b79f962c,19.9
5210104bc6715b18253dec68af7376c7,19.9
c5bfa0cc47e07f8ef82cf6d62f84e13b,19.9
ba9f2d252a6adc3928a8d4c51e629ed0,19.9
d4ee857c70a9038a06ea3f38861c728d,19.9
febef567b957e2ada3a29173f182115b,19.9
e160fedb0e31d9f1012c4e023162e923,19.9
8434dcd54f1e978f668063ab26a364e3,19.9
467ee3ac57bff4d98e3aa47e98f187fc,19.9
4f259c289190fa3fe4f22ce16b175022,19.9
4511ae99b6e4a71562a8fff52835d251,19.9
6cd8ae3b1c2b8cd4dcdf241db7ada313,19.9
689f272b532e7adc97c7b821db590437,19.9
1004ffe8679b2e76e70417c5224b71ee,19.9
f856a9146afc00dcda2ebb35a08520ae,19.9
b1ec6ef6d21f2a3edb86d3b94e09e2d7,19.9
2d31d011eab667bca8c55f57ab884530,19.9
63023603f26335e2f28e089a0143d945,19.9
be72b301165d5c4dc4028dae36aa1a83,19.9
6c05d57edd52bf09bcafb602679a6957,19.9
f7f8813f575553b785f3a37652488027,19.9
ec189a5b668cb11749a9f1b4e8f19759,19.9
5441313e6830e1a41ae1fd6d5ad9ab9e,19.9
3fe7926825b25dda1761bd01bbb4d44c,19.9
faa9d2f851f2d1d8bbce6c4df3a9a5f9,19.9
667f26ced69e2ac1b07d7baabf2378c8,19.9
660a5acfb2835dd4b993ab8850da4a1a,19.9
7d84bbeca5122dc5bde314dee413ac26,19.9
57f6f5c93d7539325e2dc331531db4a3,19.9
4fe821dfbeee2f1b2e32afa525203efa,19.9
fa701810e6591470f5b1d0cb54d113d6,19.9
1f1652f33b2d34da0455a2c70cd9a32f,19.9
f923aa709f566bff2443096619a9cd9a,19.9
90ee5b2fbd0a1a426e75d7679edeb260,19.9
4f061e67c05a2736e7c07286ff3fa787,19.9
e3daf28a8580a00c3fb420f53aa7fb3b,19.9
7b94d40f0c7081bad6479daa01ef73f6,19.9
1a79cfc37a11abc5de022ec443a806ab,19.9
eddf431fc12240a0975043db10c54b74,19.9
8564e29313b731aab2952205f0be7795,19.9
65b0483ab064f876c4ae29b34d71aafb,19.9
6e18192d5c8f68aa7318bf300a0cac8b,19.9
d93762da7e60d37f9d0293356feadba2,19.9
0a57f7c505eec1304c1ca927efadaeda,19.9
86b86704b0fc270bdeb45b216b40c305,19.9
d7df8aa5be9a7c0f5ef11cf74f837ad7,19.9
ccc9f4665a052c90def8b7604384c6f2,19.9
ee314c2fe1e72ee78535c5564f24e8aa,19.9
249e70671556949c5abcfb6fff31af41,19.9
e742ba4236b8254b91969f21d7220efd,19.9
8329e1859e7c732b8894bc0c1713341a,19.9
40d7aa838f40cb4af3266f21abd232b0,19.9
f4f06b67ddcc8a9efa90a1719558dbe1,19.9
0fe659cea15a1e88642bb0723ac69e20,19.9
c482865155b898a42b199ac276a60d8a,19.9
5acf0280b9d077d2f2e0e994a64f72ce,19.9
4219fc0a46a049c6090d77dc8fd20927,19.9
ee90cd30c6a414d5a004be114f02aa67,19.9
e2bf3a59a2af09ad1498888dce519811,19.9
aab40101c236c289136308bec1c940ea,19.9
4db9c8ed57db4664fd99ae1e2b941fa5,19.9
346a1210995a24e531bfeccd3d9d3684,19.9
1692226c41a2099015b515e8906a6741,19.9
bb248ad930ce8aa8dc295b01218e383f,19.9
993677d5b12e91002d0d47c2a782a7d1,19.9
42be87b086b08d5fffa3c5eaa479c660,19.9
758a9b528f033f9dc7c5bc1c6b3a4028,19.9
def1c143261d4d704d27162c2af959d7,19.9
f4af848f3a0144e8f958fcac7f9325bf,19.9
b71df9d8896b5b0de20e58c78a42064c,19.9
39627b5018f045c6237bd64635234d65,19.9
0f6ddb5d78a7cf2dc1ee1a1736a91242,19.9
35189beb274359f6244b9b70af5cd87d,19.9
5508ab552ed2d4da9d21e777849034d0,19.9
ff543ce508467e68ce94f28d79f5dc3c,19.9
9438adb7579bb0133f0173f39f85ae01,19.9
b0fc9d23c86149cfb86ee6fc64ab22cd,19.9
44305c726f079031aa4dec593ec9cd37,19.9
ee639599beb251bdf7ac32b18eafcfaa,19.9
ada8401e3d76b9171fc5322fb47a2d55,19.9
43752fde94eac46ec10596d99027c9e3,19.9
3b06aeea8f6124ae0e66e6fd1fc97ade,19.9
184d23e310d63277601c41d77e1c45af,19.9
adf5f3855da286cef928bf33f6dd47b2,19.9
e0b6289d157d47514338fc62360d469f,19.9
4b1dc62f5572aa2796acbd46c491b076,19.9
654455a7e0608f2dc276e4e1baef7da8,19.9
351240651e01921b3ee7b4ec30dc2f77,19.9
8549a9bff0476c807b9df9803bedc6fd,19.9
25ee6ccd02d90e8e99185252f34ffb2c,19.9
931bfab7036f6763dc1bdf6e2696e08b,19.9
2872db8bee140b1c1f86b8a3647bc83f,19.9
9883a8a9a4eee71337503a8374f0f786,19.9
b04a99794ac85a91811678bfec0b441f,19.9
54028447d41dddae4b150bdd29df1b8a,19.9
11fea740df095db33a9ced60fc8dd2d1,19.9
3beec086fc157dbb92da88d3eb62dd4a,19.9
2672bae170e6ce851be3c99f4b24b85d,19.9
78438ba6ace7d2cb023dbbc81b083562,19.9
31c779d3dcacd9eb78bf03170581a958,19.9
dfe9825762431b40b05e387b94712d60,19.9
c16e6733b2b7304db7bc73b930d75c96,19.9
c3de914e671cb1e98797f42b2f797274,19.9
1fb3a9eb7c56ed750bb5300be23d13f9,19.9
7e3e2bba2553232583eb9e5907adc6b7,19.9
127dff0d95e9dcadef5f3b15138db8d8,19.9
68aabe09a8f238550a40b8220c176f46,19.9
0d6e110921c992217068a9abc6053f91,19.9
6d5d8bf0bd779f372db4ed11ca72b514,19.9
4c894f6e216155223b9b26bce619e96d,19.9
5589c868b8dd0d470ed657410b55a8f9,19.9
22880fe3d20998c8399a9e50f6c7c162,19.9
751f6faa032664683bd9e96acb614b5e,19.9
7cf345a01640ff975fc5e3baea23e56a,19.9
1f543da240d9e98a776df1a9b93fb0cc,19.9
b6e702e4d94020dffb7772f5511c3265,19.9
88196bd808ae8abe1b944efe1807b508,19.9
72d50ebc689114498efcdd7b68c81d04,19.9
d855c77ed24eb3a62791e5b80b2a1700,19.9
9ad520fb1900e2aecdd0225e48561116,19.9
a0cb5077a7c872aef81839dfbfb6177d,19.9
746704bb5f6ca629195b6a5195014c50,19.9
72a4d28238f6eeded6dbeba88988cd6f,19.9
83669924eef714e9bb9d979ceb69430b,19.9
23ecd7f57e750c54d6f770677c00caa3,19.9
1859ce3050c0ead77fca48bdfaea5b4f,19.9
999485f0598dd6ce766c09164bb7a5c6,19.9
f13d42ec2a36f840049982c60668cf33,19.9
fb2faacb34e24535e77e3c65bb6b046d,19.9
4ac0daffac0a6cb85840a734b908c0f9,19.9
4a9b7895e4e89363cf2eac11cef10004,19.9
23da49f483f692acf881d30a6f729736,19.9
87070d66b7ab1f1f2f17c357a62d7ee4,19.9
b93db111b138592c3eea5e533f49e41e,19.9
03e6182153ba8bbdff8a0236ee161c8f,19.9
7211cd276bf9045bec243d11221337ba,19.9
b2395512cb17391a8a51715873f50b93,19.9
6b384dff2e1e096fe27389503931beec,19.9
e6d43a7376b7de701411a48b85d1375d,19.9
51906f3d3c10f0e444f0aec2dfc634aa,19.9
88410d3610f961ea8289fdff9523a33e,19.9
b5ab548fed7a0ef3428bf663b9cc593d,19.9
622b07d262d545d16efbd4363a89cb91,19.9
bec6246b4dfa2e170874f2e56f91b129,19.9
c757530c4da46b073ec4585fac46554d,19.9
2579c12f61f872d30a928bd4227a0bb9,19.9
73126bea0883827ebbbabe078fc513bb,19.9
42a3b267e4578c806e2f47fd25818af5,19.9
23134959b3fc7b1cf51c58db01bf04aa,19.9
ed6d4349ab056f4369bb1441779b6a50,19.9
242585aa95aef3a0d2bcfbdfa01df6b5,19.9
76ce8c1a4d84a87debbd58947bcfe8b5,19.9
a5f97dadc879a0cba20bf9650b1bd888,19.9
8b4538e5765d3fbbaa1dbff97d2f9ef5,19.9
a5d59411b8a5ffeaa2bd0dbe2632ffc0,19.9
708b3eaa2026f88c403e4a295e1ca335,19.9
d906c4099ee449f7420baf549c4d5cc4,19.9
00bd25230af840df218e6902df6ac894,19.9
61f4238594a04fd968bb327c9d8a77f8,19.9
a5026c06f1b1d8330badd5bbefabce2d,19.9
8d4ec82c5c44cbe0d410ea9fc01c1060,19.9
7e2bd60b5ee3ab6181ab3f6af2b27549,19.9
83d502e64b7cdcd4c495052a72ff6d20,19.9
f75b1f70d9e9686eb2dfcaf128f1a747,19.9
802ee7e57030309976c860fc1187911a,19.9
b423713fff8a7210316acd191e942ab8,19.9
c1e9954632f52af1690efb1a3ded73fa,19.9
4567341a3ba630a541ee3c2bd0959303,19.9
c329c0883d4e70ebb322ddf77e68fecb,19.9
3dfc6e89a7989cc23be6f2db44ca2471,19.9
f66f5f591ef53104062fbca23be55104,19.9
76e1a14b2da0e932148a6c0550e75b8d,19.9
3d378a55242890398f31018168e1c018,19.9
07c5453d0cc0683141b3b76577d9cb32,19.9
b57f3022f059774a77bd38b3b99288a6,19.9
c0c10f8f4f261f41011eec939e677f6f,19.9
b95632fc7d84d7ea3ffb794fc0221a2f,19.9
f9e7b0ff9161b2eab0a9b8b1d71052f5,19.9
58fd1de47b74bd72637ccb4179c475bc,19.9
c1218284c4b5b1f0ac20a0e96e04406d,19.9
af2e52573cb16f3a14e6306913817975,19.9
3ca0e67c2633981579380fbb43d134ab,19.9
fa325f2547911ff9127c287e3b64ee98,19.9
29d073bf5f27b91629dc0eff223db423,19.9
4f86c0e6b849509ccd3f8314c3c6bdf7,19.9
9317b2bdc9f6a30c2429e462dc672e06,19.9
8cfccb3fb973f58b56ba50e213092e4c,19.9
2a2a2cecd84ffb9cde3499f39a21d647,19.9
f115c9fb49045355c502f201e83f432c,19.9
c0938cd0745a2eab0fb613b66f288ba2,19.9
1b96951f204d883b17e4d9cc323dc10a,19.9
3a34ee3f747fd27b981481c34f6f0ba8,19.9
c00d2790175a7606d80d2a6b105390ca,19.9
631d8de87e4504c3f6ddd50d79274a29,19.9
6776335dbd77be669daf0506f0672262,19.9
9a66505bf502bb3d549c86dd61b38b02,19.9
0675dc11f2e7dc8ab2f0525b1dd57859,19.9
43c02238890ff03d14de5e473345ac59,19.9
14d326ff26ddc3801ce1d114912438b2,19.9
6be91fa4a22985411cf40a3a7cf45a2b,19.9
e43db3527104ef53e7cfdbc0b99b4fc5,19.9
0abe81da869139a8b4a68d7740747d6d,19.9
6819b3d1de095558244839b7aa7be148,19.9
041a802c0996465c45e7b9e993097978,19.9
e74dabd665393795b170d61e57db6f92,19.9
cc6ca9a06de92299b5d0fc5669174398,19.9
d09912ab4d57d91188059d6217cff2ca,19.9
2ca34926198521857d8c7c0ec7902378,19.9
8979fb8cbd57e87fad18c4fd0f1ca487,19.9
d7730e2701034d28abe61d4316137deb,19.9
dbb1d26faf76c199b739edd9d8847a00,19.9
d408c8549324876584c1b007d3ab9483,19.9
438843431aab8910d758e33a5b972f8e,19.9
a02f66c3af7b16eec19ddcd98b645fe3,19.9
4956e3154346abda5d7f2b155d2923b5,19.9
cb1b31ec399f6183dee790a4c349e712,19.9
0c972ffe540bb0560f264c58899f5dc1,19.9
832aea657aa9c61e5c33fcb547e3464e,19.9
bfe4d7c78180365eaa59b57902ba2e0a,19.9
9556f574fcc285171e4f59f2b38ba3af,19.9
7e88bddedab5603be5bb50ec9025080e,19.9
fee7d7120ca238c0dfd5a798adc40da3,19.9
545c5ae6a6f4963a3f0de989e0fb8bc5,19.9
d1f8f612e6392284c50933ccee7966db,19.9
a64ff68d66178913de53e73d3682d626,19.9
712d8bfe4698839aef164897c63ec1cb,19.9
841de7bc0b593cc61eff8ca0fb1dfef8,19.9
f8125bb662b6ef384d35dd00b3d64c9d,19.9
9b6103f5f1d4589d533383cd48675eee,19.9
e0e9dc4b7b935bde461d2154e56a6d8e,19.9
01cd4f08b8b1bcba4125cff64d2ebc94,19.9
a5d2b093ce49ccdc64bedb68b856ac5e,19.9
5983f217ac96a8128d1976e372cc168c,19.9
e73a40f7509a5e81a764029d4b7ea836,19.9
b07884373a48a80842802d6bf097d411,19.9
41110560ba94c2e86afc7a12ad56ad08,19.9
4dc9548302c943d726eb2c6676e869e8,19.9
6f87e0dbbc2f842ebfe72a589cef6e9e,19.9
62082173db63a1a735d81f64754914e4,19.9
615186aa8a5e60ec87fa86010f582551,19.9
916be9fbe6a29f9692b0383141e28ebf,19.9
9d954b3fec9c0d6ade375ef5716a90d7,19.9
3f90a07d2a7219021eb477703a14f817,19.9
90aa1e76707ec7f4fc26e743c1fd6e58,19.9
90d4df218c97c907b52ed814f88a90bd,19.9
5bedf51f27a7409f5b644041b30d6f5e,19.9
28fdcbdf2ebc3b9d20d4a810cec6a8b7,19.9
157d0e216493fbaacd5ea9175f15076b,19.9
5bbdcb7c7f536aeff877f51af0f02b37,19.9
52961e216b71088d42e7efce1f9c9f89,19.9
03ff9a2b7490e86627370e4a04864beb,19.9
c860a72a0da1a25ed1b3b3f4d2fe7691,19.9
eb7fe3ccac51e8e7a1eebe5d081da2ab,19.9
9997d3fac97d1dd96ce13a68158e84ce,19.9
d7aaa02e7771c80a8de58245f234924a,19.9
9e03d982aeea5eb32e6baa70855c4f2b,19.9
a39bc5dd8de8c59a1ccc255d91cadfdb,19.9
d09426a2b6b68356d848b5b5101c663d,19.9
1e238842f13494d776b0a2a0f78b1e4c,19.9
ae593797c45538bba5eb62f67740a1cf,19.9
4c64c0731b98ff02f7060fbad0d85c0d,19.9
f9ab13c4ce6bd348989081ccc9e71dfe,19.9
037b8a87b79ef80a342929651eeaa760,19.9
e3e9f4e9f627f0be4418ae5334bcc0c2,19.9
04a043776b45158df5f274435321c199,19.9
2badfd9e28b8f021404cd1af9240f064,19.9
2732f28bcf2cc84ee0b5ff194170d79c,19.9
0a51c8dc5002bbeb689ecf79406d1463,19.9
acac7c47f37fdb07e2bfe3932a997d3b,19.9
764565fc5a2ecb94c5fceddc76762020,19.9
80c01c4b8716e9936643c5f68300dddc,19.9
b76d67086136493ca1369feae3f5cf2e,19.9
57f98f14aab6d9dbfad18f89d2606bdf,19.9
e1b64e8d881811f9914cc891ab48ee89,19.9
6433ce3c89daca2222c79192295f8ec4,19.9
52034a152a5128faf4ba7137633d3d0f,19.9
d3ed2c4491a68c9acf08dd0595ae057f,19.9
08130920035362156f7b45a92f9b564c,19.9
95f592086150f0c95d3082aea047b816,19.9
1d695b142ccd56d1a1f0b057238109f3,19.9
9341fecaab3e912d71cf05c31ead299f,19.9
8da33bbf65a0b181486063ffb90fa3d6,19.9
6a95d327abbbcd54e780a8b44e0d17bb,19.9
594145332c1e791191934fdf8a5c4589,19.9
5d1fb3630f0ac05b294ead6d1537be4b,19.9
4990ef4b433749cb7d74b8495ade9f1b,19.9
ac9d802c8be6d74099e9b3e90acefe12,19.9
37c16b1cea3444073ad6d3ad77dccae7,19.9
afef906b644b83715aebac6ff592ee0d,19.9
952c65fb709964e297fc065a740de6ff,19.9
0b7d758a3562abc14d8d39a2b66afdfb,19.9
3190d3289eeb987b3874ac2b14fd913f,19.9
702cf392aa3400680e3f5849fb65f28f,19.9
b50b3f5a150ebce5280859bebc2f1d36,19.9
5586e236d573bcb1147d57afd4671456,19.9
b46d25caa332a03d042e6d3ac4958aec,19.9
368007c7af210b8120dee45313b707d7,19.9
d982b0ddd77c8c1448ae7c4cb4aaa409,19.9
1648005d427f5337da3b894075ebf31a,19.9
1adb89d4cb64aba663638417c802dde1,19.9
2af07cbe0f50599955921a42c0455d97,19.9
2e3f19e3763da38dd82c6e2e9ff69c98,19.9
c232fab86a307b3cff8871d93190e477,19.9
7a06b69fcd181fbc7da2ea961db14f3e,19.9
7b2dc93ae14fdd68c575ca579d937b71,19.9
d02c9aecd9f6f3408d2cbd842f467356,19.9
6a62ee2504ed4fbe1201abdc2f2fa21d,19.9
496336231bd05e1117aacb8263e47608,19.9
1442bed704b202edf2871f6797bf4b20,19.9
2118725b646b0df667831735291dbe7b,19.9
6898bdb434c7284e6a029910a073f542,19.9
236aa615a20028cfaa35e762a96d2307,19.9
3008ef16956251f42daab39f8e3a87af,19.9
004ee20df425002ed78553e1f50caa3e,19.9
a3a24cb81ef6ea2381fd68794f394176,19.9
dd246f1ceb6e1c4742ced540497fd034,19.9
4fa0515be30be843039b8c064e3e8cb3,19.9
ccf7f93ad493feb3d33050ce2240a8ef,19.9
6f085f0dee869d8d50afb553a178dbdc,19.89
88957154a87ddc5981b986ce8891453b,19.89
d10cb7bec703bf9d92542c6a68b6c8b5,19.89
d1ec770c0d3921b84f96197901a9b213,19.89
0f642db7c00e30f1b9182cf2611391d3,19.89
4f6d55f91cc55993f83d3f289af748ff,19.89
4fb2f8d99a3b899e816ea27508196089,19.89
7638ebb9a062fb69f8646c668dd5e3d6,19.89
c72587dc6e065173c3996a7dd71a1bb7,19.89
bf53f71bb6e3fde0e61423521bcdf106,19.89
7f2c7852591133faac4da0fce82fb87d,19.89
31fd5032081edfe8b80abdd6cac16abc,19.89
363c2e47fb53ec36998ad4b232a12952,19.89
117a305bbf1e9a2f1f590e4561842469,19.89
df29a9f0f42d3c7c086c7fa0edcb6639,19.89
4cc238eb7ef21dda1015c1f3a129eeb9,19.89
588082ffda9076b85db042299827aaac,19.89
4f41913e9ec8b0688894cac083489228,19.87
6d5e2c565ba7303bd4f0bc141182f928,19.87
f48420261894f4a4fce5c67afff258f4,19.87
cb2b9d2644c16b5823022e6f1db1fd21,19.87
11e53b58a98a3808507765f001e0b972,19.87
1d7852b3b0ded01a3191e87722e07978,19.86
695e30701cad491515e5f4f0e69bd3db,19.86
cdd8b9be885d9c09db60c04815022ff8,19.83
29b458c3156da95a3f75c5f92ae6826c,19.83
6ab69ffc7a0af325a7064504ae00b58c,19.83
799cbb42585f5692863c03135215d730,19.83
0b169717fec8c12a53790ce862ee480c,19.83
9ba9686d3b6346e2c61f67581045f2ca,19.83
cdb37e9afb983079b34b25f5eb73ab52,19.83
c1f584ed95067dfad7bc7b5664dc9df5,19.8
f280548eca7d2b0ef9da3fc572df42ce,19.8
28738edfba72391be47d697e6e7e5770,19.8
2e1a3155fdbee565b7ad55cb75ce8f78,19.8
281aacbce74cdd7b66d6aad538e47117,19.8
7f389c79d1867851a9fa1627a47f997c,19.8
189bd9e8be3f4b136966c6d9309c3ecd,19.8
3b7635130d1327ea2b273050efc450a9,19.8
73e311686e5dc3940033eeb56edebd69,19.8
f4c00bcece4a99d2314880aabf6c54ed,19.8
44c6f24c7068fa89b2507c66b98e59f8,19.8
dc545d1bf1d2ad26b5cc1c9eb612e6b7,19.8
bafa1579d04b177aecfc4ae43af01b18,19.8
be7539a389676f3996466d36b46f3406,19.8
ab2bba75dd82ff495694470d58fe2f56,19.8
67268d8c06be1ef20f52460e7992dedf,19.8
2fd668066707019f4285319a7907a0e4,19.8
c6b038c09f9bbca007a2b874883aaa86,19.8
103835507c129aa7ef38bda11d7863e6,19.8
19d47f016965370c2d298172268390e8,19.8
fd2f4480478f3e3c06ff96ea8d1e44a1,19.79
503ecd8753e44d86d70a64458fa5da5c,19.79
bf6d7673faf758b906e572a9d0db4393,19.74
2d82e56ba3ef22a5602c39d45c04794f,19.74
a47945e8f6c39f13ee94b1545ba7e54e,19.74
5b123ce643eaafed4841bf3cbf1d2bd0,19.74
c5380b66e187b0eb17c05d632db8705f,19.74
66e583bbcd3dfd294dadeb861d61f3eb,19.74
756d469ce2dc599ff5dcda8440dc5417,19.74
f27b8074a044417bf93a29e5dfb0f54b,19.74
7e5f789e079e767b1048f6f69e3fb67c,19.7
e0c3bc5ce0836b975d6b2a8ce7bb0e3e,19.7
f2220e827c9230ec561dab611317a232,19.7
9ab9e1f4d8422cd9331a8fbb2e3eca01,19.69
27b358511e5649e3ca16dbbd9e82660b,19.69
32a15485330a0e465c45b9e437ca51fe,19.69
f7e70f0c355ed8b7a5d905650b4aac1b,19.69
a803de503dbf3083e026f2ea839a29d2,19.69
887859ee8692098a45898e5917a999a7,19.69
d02f55b09f69dde4c0ac66e778039993,19.69
5e2af35ff122382658db06089939db88,19.65
390da73b40bba470d3cf2eaa1870a962,19.65
18c30a4de034e640a9c6b0b08a756ae9,19.65
08caf5d1db0231d5afc079d3b223b16c,19.65
995f14aeb42a8b9d82c8891260523411,19.63
c789c5f1b9a116410c3777832c5cf2c3,19.6
e5f43d2dfc237da9e9d075c5a893989c,19.6
af7a3089208b3025628fce28d1d4576c,19.6
59740caad82b963e3c037c27395d042d,19.6
2036ed39d0a4b13003cd73342a6b009e,19.6
1e400ea0c7d20f16c2b9416d806fcdcf,19.6
d152359aea05f28cfdf5b9bf50353240,19.55
5884301406e14ebe07568ffd26271154,19.55
2c2138da862f883482de2f8dc4bedbe1,19.55
59077d5c620a379906c1130b4cb666ae,19.55
9c85b029b22c928f95accc8c6d8b5343,19.55
e40e7edfb1c1a656dce58946a597df29,19.5
7c5eab034667bf8875fbb75c1a2ed261,19.5
6281905dcea7ec6f9ed8baa3a8f61b21,19.5
10cb0c87548cbc2b667a81ab7e31007d,19.5
04d5cb41e92cebd0f1051d38c10f5ec4,19.5
23cdebe2d968c734d7fcc9b18fe92a6d,19.5
3eb07ec22fc740ce9b764a90fe636775,19.5
a8875912e02ab70af811cd153eaee987,19.5
0f87f7e421b2b02d9e50a6b3a661559d,19.5
98c84ee0626307cc9c548753a33b7ad8,19.5
788cbdfbcd36bc44ed880e34bd010c4e,19.5
70df2cacf9b7a4758836dbf814de2e86,19.5
bd400dcb59dffe9e53b7820f64737d52,19.5
145f7dc2715c0ae1b1cd74f05d4cbc93,19.5
a0f09497e2119a5fa038fd6e03d78381,19.5
adf182a74caa6f25d67f7d169ee0a2f4,19.5
806be13e55f43711b59f751f9ee83022,19.5
9d58f19e8d5d306f2d15eb225c3adeb5,19.5
7b29196772d29a64d56a75a9b3e8b5a7,19.5
5bef7bd0989f84e5cb0cafb53e005c0e,19.5
56e1229b6007b3aae06f26bb7f564bce,19.5
9efa8d8a4607191e0c121c1a4fc31148,19.5
af697eb5c7d65fdbfd0e10e0afe9f0bd,19.5
edf79999b12e85907461cf678974bb69,19.5
be5c0855b03da1ef3585c3c0b29cd389,19.5
cd1088dcfe327473a2870a66917927a6,19.5
cc991d49b1c85603387b0e1f16c57474,19.5
e448b345bc513a1d73240506700af2b4,19.49
3b3fa10e445e9f9d3d14003c5285290e,19.49
5e9abe14c8328be3e6f344d342137fae,19.49
f7cadf307a192b65c847a1fe65ca288e,19.49
31bbd9c903c3a084351754fb5b2073b2,19.49
3bae25a6da778a2df746084b24cd01c8,19.49
0039b3e41ac6615814a0b44a8992bff5,19.49
d37306b60a0a5c64443841a857f15928,19.49
7af90bf86067ed853f404630443d3650,19.49
4567349a8c1c653990c0ef878c58a382,19.49
312174cad7559a8fbbb3a196b96ea7fb,19.49
92c4389a799f9f07a254d8c7519106eb,19.49
8f018c09c2b3c8d78f0fc827a5041472,19.49
6bfe1c3c2a345617bf98e5e71ecbef46,19.49
85c44b9f025694874bff02234f0fe533,19.49
6a1f337d0cc6f70b9eed7150547dac4c,19.49
f54984aefe46119362bc6a5cefdd90e0,19.49
191ca3c59d3e5ed2fb88a3f3ed124acc,19.49
95b7073183a67aae7fb88e88ae1f4576,19.49
31f0f6f285d4ddb2179e8d695930202e,19.49
a0ace797df6c4f31dc42c2a334a91080,19.49
1e0a457fc59c18e16237e1fe1621d66c,19.49
ce235b7711c4350b82cbeab0568b7df2,19.49
4dbf01fdbd4d151fcd2f0f4cbec02c4e,19.49
92c20486bda026216f613e3e4406f759,19.49
4fbc3c1d3a81df1772e3a8a5a72f4487,19.49
be0518184bef64aec7295d3eb1076336,19.49
8e014954315587b9b209c0f581dde918,19.49
2b7ad07995895014a1e35e4edd819807,19.49
3c25754d740689baf315fde841fe8062,19.49
5c1b11db401fab28fdc97fa8b34f739e,19.49
b763ab1e6ce4e740fd2c4ad17141ada2,19.49
599ca149954743a9c925dfa8d343e51b,19.49
fcb6ca3705483863533a701453895c07,19.49
8f255887fe8b85c220e25b63ccd30a06,19.49
67e9e9957d48219a70259073642bf4f7,19.49
d9ba2a5674d8261aeceb564ea6269927,19.49
32f017b7a69559932809332f389cacb8,19.49
88815bf98f72d0aa820e81d052642721,19.47
74f7d97b8e60380672dad29c602bbc6c,19.45
150262ecde07c5bc549ca2cc732dcbde,19.45
3ada412b472dd7ea7f5d6895a6fd3370,19.44
887ee2fb1f315de3bae3937191851612,19.36
7ec2fa9e2ebba90c99f413e7b8c5f3cd,19.36
2a061f412d40c0707dbfe200f491693f,19.36
22fdc6255f0b1dd9fb663cbf1e8f9db9,19.33
8acc7f7c9e2667101df6b259513ecc9b,19.33
9f0595b5f15640ce9e6473221ed313be,19.33
7d8b23fa4fbd0c8c95d7e8da1c5e84ba,19.33
147f69d3f50f2d2bc3797f20fe452ab2,19.3
fcfb42393d756d2101104011a3d81c95,19.25
cdd7385d5d4f40002e27b3b4db25c954,19.24
0532c16fb3717ba27a99fd5492710144,19.2
d2ef22dfde19ae5c25d2275eaf1d7869,19.2
35247293b6797becb9d7750b318b85f5,19.2
915c5c52a3d9ba34bede37def2979079,19.2
4f23a05be9055e4c60f0f4a6b9e688b4,19.2
5425029a2f4be868f3f017b84dabd8da,19.2
1a0b3aac9e3bb37ee6ecb39d97f5eaed,19.2
47a175c6a4a97dcd0b9fa05c862fe6c6,19.2
12339325d85b18d50a3e1cdb7e422ebc,19.17
02a0108a7d89916840cb3edb1585480e,19.17
07e1c3725f2f8d2e91fdb691f0b3152d,19.15
e058e57a449fcc0b4d0347dc15c44e31,19.13
c7c6c700a70e47413229de2fdea0528e,19.13
4b0352987831be898b4d3a4c0393ec6f,19.1
d212b0357f43fcec95b63166e2b49bca,19.0
083de6cf2da0a625906af6a558106b28,19.0
99692122465f0b8cc44a630c0fa2e544,19.0
af69c0e9111bb4c346dcd2d74a37c02e,19.0
c96e4b1faa66775c112927045ead1c5d,19.0
5993719f0ba88317472998a2f277f4e6,19.0
9bf5369cd6c87944bc8586fca188efcf,19.0
5ff7b80721a72398e49b45f54e4e591b,19.0
44e56c0c6009b03c72041bd465811294,19.0
1a939aa50bad8358c1a043d98065a70c,19.0
8efdf760a9b9de9f92198e08ea7005fe,19.0
f28cc0e73cea30937397c4906c10750a,19.0
7bab8a4106e1d9feeaae4b19d63857b8,19.0
c51d37418f72905477f2fe45d209004c,19.0
a1ebf55f38ab9ffa56b94b524a291c6f,19.0
f8a7c075d105afdcf535711ffa7acfa8,19.0
ae77c163c374034318661b9b9d780c91,19.0
a6676a384dea1c10564fcfe31cde0408,19.0
a8c79760eca9c3b963886d9511cfbef8,19.0
7602193faf4a04077a96dbc64e25e571,19.0
cd26b8d2d69af3bf6fd64e23cb6020c1,19.0
a6ee8a4d65a310510bc71df4c3d4edf8,19.0
0d878c03ad06e377222d2130fba9dde1,19.0
86b214427e26d756475ac622671c0d30,19.0
223c047d06083bf4d3a52212f59de0f7,19.0
8397372fbe2dd1038114cece54a82c04,19.0
621c23f2d651357cb0c13e71fec8e0aa,19.0
032151e5a9ba616acdac504023067484,19.0
47b21efdba7a0c0a025edb6a9cf7fcd1,19.0
bdc777e28eb3d3ceab3804ba4602964b,19.0
6910b473b366f1f4d0560bffc6e85b97,19.0
92f3760b26938983b3698e6d2559764a,19.0
e5dd90b1403b3e5fc69a12644aeee5bb,19.0
2cdf4e6c8a997820be15dd41a8fa57b3,19.0
47891aa056fe45c505f7c7a65eee6de2,19.0
803daef0181f2a265bbd1f2bda241e35,19.0
57fd533504f8465baa7d22a08b659f9e,19.0
3983e95b66d4931b8cc086d74b2377e4,19.0
e057b769297aad116c406596ec4363f4,19.0
7ff776dab22611690f4c2f5e8d84797a,19.0
66fe81ca7152f1820aa2514b3baff3bf,19.0
14193d049ca7c44a5c2bbb29f43a6f0c,19.0
46c12c3a7a805df51cfb4287cd2a67bf,19.0
4ed89e9004419f733a7b4c5ea41f4fef,19.0
722241da9dd0e3308f36d45e69d28de3,19.0
efcdbbccc08a32f714e032c13febff25,19.0
8937aa61b5c46df7ea740a6c4c3a0b27,19.0
8389b52348e71bef5c53f3b8795a8d7a,19.0
e6e6d9148c8ecb73bbaf5f498003923e,19.0
6088e30c1c0d0283351b49a68d7646ae,19.0
e1a68d9a0e7fbb2ab08a83dce5dd7b2d,19.0
5958c76e4a6814f01a6d34c9a2c392d0,19.0
1a1d8b9aa28d2fa61418edb518c8603e,19.0
1cd059a719d09c26a44b8efbadd9564f,19.0
fcd48f7d3c950cc58a3eea276144ee0d,19.0
afa0b60897b9b06ecfae2d8ab69f49cb,19.0
c0c87e50917bad186dc13135c1820d25,19.0
5589151bd114970188a1141fbd5c8d25,19.0
8b771adc0441ac4fdbb0f3304f284d0a,19.0
450e8c9397db82c79e2651f51576a30d,19.0
ca4979e5055011077c04d1b9702499b7,19.0
af3ca540cd35d162185fbab3e70ad17c,19.0
0a1320235af1a4ef421c222c1ef4bdd9,19.0
9ae1518455367fde01acd123148f75a9,19.0
0c819e18747f3ac08bd14625d4bde32b,19.0
0ad7e82a4d0ffbd93647edb8df8e19f9,19.0
b223de141ac675b7317a8a04ff905905,19.0
81f19f3d4fca0f3a2360f1aa2f369f11,19.0
72c5d828be36178b56d479513b123638,19.0
746bddb69f99312941dd5bda532a3fd8,19.0
cab4cad0f7657576558c907ad8e307fd,19.0
cc0cd7cfb34e6249da817e50177dcc40,19.0
298902c3e679ccfb8ce1d910816ba0dc,19.0
e1ffe108cd072fc7edf2e4672acbc619,19.0
2b7fc1752a6283fe304ffbf867c4260c,19.0
7000fdb23a3f24ca2df1f91eed449687,19.0
08ffcc4f7f99c98cff3560ce1c502b8c,19.0
7a60c49de204bb732d997d4382b7a0ec,19.0
bd5a96b05e3979db414986300a0ca0a6,19.0
70efc3715ded9a85a68c3bc4849f8714,19.0
67dc4248572d349a89b5b433c09736fe,19.0
e3ebc2b191de8d9bc323e94f6f41eaff,19.0
e870d0f2d7496ef238b5baef98f03ac9,19.0
1441fb0aa631b791bcb461e549d7b7ce,19.0
0b6eceb6d7f78319c58e4e91d10004d2,19.0
5459ad3a59231e5ad6fe0d220931743a,19.0
769c490768f4f4d5287e1330dc46df92,19.0
756a1d801af3396def85b8df54207f6b,19.0
24eafdf1adba85219732e8ec88a8ba3b,19.0
7744d6d84e95cfc8f50a4ce747ba21e4,19.0
cad130498976053d343197781844dc38,19.0
3d3dc6fa31f8d841bb69885f5e270cda,19.0
bd715a2f7e6082b95424725333c54a83,19.0
13ad98a83a2c1cefcf679eee57dee7bc,18.99
dcdf7a6ad289593d2e9e4174f69d5640,18.99
77678cf0733734587184d89b548c3517,18.99
4b39f228d411b11780571eee7621b6f4,18.99
3654b6ccbba27cc2fc3fc52ac93ba937,18.99
38d1cd89306128348ffdf4cc23f3a50a,18.99
71c5de0f94eacd6a175c1359ffb7f10c,18.99
1fad3d9bd6b3092c7f7fb5502fcc9b4c,18.99
3f9f099bb393a0445eb678708573d505,18.99
c04b625103f905855eb698be5011b29f,18.99
b3cf661a70e3c94f3cc83a11bdc90613,18.99
814d4069c01e3a872de6b07c652a072b,18.99
9bec838708c4366cb25ef6bd4fca0c06,18.99
8fc60e16052091db99046ddd05cfa82d,18.99
e132dfb01ae495fcba5615e9945e233c,18.99
0e5cde0fdd1709898292a48802e28144,18.99
aff8552216fa5b4c2d31ad27befe1559,18.99
3910c33668214cdc86cbb373ef2d75b0,18.99
fe476fb992cfac604d990a6e8b50a434,18.99
690726d495b268cc7b83e2134970f7d5,18.99
43a9b97803084721b53b240506f2e52d,18.99
c4fba31383a2c819c9f57410376c9718,18.99
b7c160e9b11e4b123911c049e1cd5908,18.99
45d819fb81a17ea857d85c8a1fae74b4,18.99
d87b93ab4fa3917bf4af0e8c69f2cf8e,18.99
0a378886758498633ec55eaa83c8ed35,18.99
1971e56e0d68a3423956f940b2331b5b,18.99
8e16fe9323b398f9c1c304bf40f116c5,18.99
8f7f4871646eb2fa410cc2d50b861317,18.99
a8f423ab70e96e28a8e4878179ea4505,18.99
c6a83d4ee4872883d607d09e428d1eda,18.99
7967848ece1a53295bfede914bd007b0,18.99
eb102e24279347038b73f2da2e8d1bdf,18.99
c9560966250c77e7117b49e92b647ebf,18.99
931847b1d6804bdcdd755a02e26ae9c1,18.99
d6537c7aa1e3694ad678237dbdcebba4,18.99
1d47a5754e0491baeacb09c0f7bd180c,18.99
2a724c261acbe630a47763c5af9e119c,18.99
ec257db94d9fad7c9c2fd544e2af1649,18.99
5702c879ce77d1784d24fd834beb8f44,18.99
31e3d20f5e1a4cc5931186f4fafc01d9,18.99
48ed72c06c7dc2e62bb78ce1442f2f1d,18.99
4971dbc8a7c2e77aacbd6fe6064dc45c,18.99
c0a56dec29214ca8e10a81ae440b6c5a,18.99
3c29911ef9e51085789612972afb53a5,18.99
ca454a420355c83f95fe93083dc31c81,18.99
7673829d261bae4cab2db2e831d038af,18.99
9b286a206b98550646590b606d60a458,18.99
75aa6b9b1a2dd8b71c7a2fa42ac30073,18.99
3149402c5ccfd4d70014f1ffcf9ad95f,18.99
88de43651d3ee3675d2fb40245e0b157,18.99
d19ba09dec1d11149f807993731a324d,18.99
6892e11557ed2d2d37330dd4ecfa6cd7,18.99
f91e7738124ea7b25b9a32d3cc695381,18.99
7becb98dbba2f0316bad7e27e690eacf,18.99
b6ff5a99f18bc4da7753ab8659c829df,18.99
69da07e0702127a264b0ce08c02eb69e,18.99
e2ed41ef244cd9a72a748a9ddf6ff21c,18.99
fda9a2bf4f0b8d64bf713e261189a2bc,18.99
e3d6d9186c71175ccfb7215598b6ade1,18.99
748ba4dd0eb1a6db7d5bd5a8757bc9e6,18.99
482da0f3d74585e56f424bacb4d3741c,18.99
e0305458d0f5468db433ec4a032b45a9,18.99
24fdcb72c45f0dbd3c61f5b37006b855,18.99
8b6940ce6a48f2b06dc2cb5967f42017,18.99
1e09c9e267d988eac6d9bf685aab5870,18.99
d1513d58463de6abec74693083146104,18.99
44ea4e0b5d3bb76f95d70400151be1c2,18.99
635e85a162a22ecc1e0b9ba9484595b4,18.99
e021d431195cfde9324b373bfab4ffd7,18.99
47236502c05ba94b54a18feb382a6a59,18.99
4b691768be854218728575411948fcba,18.99
da108b6023109790edbc275ac885936a,18.99
423983fb7bc2deb19f21c80ea7289c0f,18.99
1449ca3e5272f8d48853824b4d68bbce,18.99
4b62c95dea641c36e1f26d4a8617c4a2,18.99
1e9ad002812017f0a6cc88057e7cca9c,18.99
afa8c5e2e861d880271bf62d022b0525,18.99
84c4b08968051f2c67eb078782195b5a,18.99
30f627e25a7d4f69e6882298acc5d762,18.99
b6d4257c1b2cbcf63de24113fb2cd879,18.99
ff7eee345bf7dc0dee6428461a01b2ad,18.99
9babe15f3a8d05c3ae49e0e57faa9588,18.99
22ae63417e53c613cdd4ed5e1863f3f1,18.99
86f9e3637836ff95e8e339223d2a136b,18.99
831b97f31276cc62dd67237883fdb3df,18.99
a6fbea1bf9c455de2ba3f34d3564f5a7,18.99
953b0a0f6715248c04f170568a6c7447,18.99
c70d51086d1a00d014cec2e4a2aeea5f,18.99
b3804c2e5b95f6634ff9a52c4b0b80bd,18.99
1537ca382e272f726154251d5c2789c1,18.99
e860bb31a41c537599ccaa74b1e368a3,18.99
1d51028a137ae04a286fa2d4643543a6,18.99
8b09fddbf7bdc4151ff6e855f61e0a9a,18.99
f7eef9c25275c006a8c9df2e5883ca78,18.99
c28e1de61c264a531a891b66e04ea092,18.99
39191326614629fe426ee7f7a8d6e308,18.99
25fc5fcd13751095236ea257c9cfb62a,18.99
0e9c3be1592c050d343700ba21b7f806,18.99
c14d30746e31c39207ba3693e21c0320,18.99
4bafc0ea746fd09a8177734f1eef4ec0,18.99
1d3b24ba06f2e3fa4bfa74fd70d2310f,18.99
56e1af6ec8f1582c79dc055d5e079d90,18.99
45ab675ff3b7cfa6147185a7b2ab432c,18.99
c8dbf8c6c3026ee3158b95c9baefa58e,18.99
f093488f89cad49912ebbed5bd5e66bf,18.99
d8aed8f8caaf359ef23d8084e816b12e,18.99
e4639842a29526c58d2965746e1b9f78,18.99
6b4254cccae427caccdd90c738b60f31,18.99
6551128590e104a5b35d6a492a9d3e18,18.99
2f005421793ec9f86d5d654b8af675e1,18.99
91073b46719d2d11b2f3a2cc46409bea,18.99
191c6079fd74bb14301873023473bb9b,18.99
bfb2de23d4abe0eb20a7e63974fbfc23,18.99
551e3d85f5f340c6339c1473a646a25e,18.99
852109343137246de7cddbded7f4ba64,18.99
f3b6b12454a41c96a83c6186c41f5e2a,18.99
04ac10c2ecdfe490a4bf9339c3c145c3,18.99
aaa558d0c007b22e0f16af83de54582c,18.99
bd214f7e752897a34af81f2a755df387,18.99
7037d11107e5d6d4afb8d4b7bbc780bf,18.99
cb1e2bf26acb98ef66bb11447a218cc2,18.99
50373e770cb9d08881b3c15acf6787a7,18.99
dfd239feb53ae84d8c50baab69d38133,18.99
c5a047ba44b6b7b1219890951724863b,18.99
8ad46ad4cb8d5301c884b799a72c3d65,18.99
662b50538fbec2fa00feb3d4e7135b93,18.99
51911593422dd5311dae45ef358b50ed,18.99
3d7ef278f0cc7f7dccf8cc0ca24c8155,18.99
8905ce4cd443591d81324dcc4a2569ac,18.99
fd07331c4101d0fdb0a32655958da8d5,18.99
2c6181c9105fc98a3d53efcc42657ad8,18.99
2e9f591b26c9bc2b6a3c786f689a70db,18.99
4869c2c49b393e96bac32c0f844d9cd5,18.99
e0abd9586d32c366405309c41ef4c31e,18.99
84d6fb210530092cc812964f47296514,18.99
3d85d108500e5b7408f0333e240469c2,18.99
543fe571670733f7c842eca3ba61b294,18.99
2d42097081e700cc51db9476e4f077b8,18.99
ec8ccb40a803b77a809f6b32b2af4cec,18.99
dc233f140b9e24d75d5a1eed74e21c2f,18.99
86ce99d5744ae4ac3b99ff426147250b,18.99
2c2a91fc56f4732272b4e94f61fb250b,18.99
a41984613c6b0242d2656260dd7ef1ce,18.99
12c611a156bcf3d8af5a1bf02aa21175,18.99
718ed7b0762650c7764a7190183c79a3,18.99
e63af99cef4e0622dbc0aed92c867c94,18.99
d0fe1de8e5056220a8cb4f9b0b5eeaa8,18.99
6119b42d0975a0c383c5f59f5ae0fa4e,18.99
7f81e779c178bd2d4e80607ef7cc6eec,18.99
d78f08c9bd470ca56216a86cec735e14,18.99
b71d390fe8dc57d420c1e5bf672fe8ee,18.99
4d3fefcc29c7720a1164a186997c1148,18.99
ad3f07a4054852c521ff9e3ce2d9a682,18.99
2a8f9bc4a24da0b0ef3c44bc3a1a1282,18.99
245b9846289a6fed5a08328a36122dc1,18.99
2bb022e877c695be25cd5df533b1ff9c,18.99
94c83c89df9c4e9fd402f2b6a4316391,18.99
20f28dc53d568446389f15f46a540310,18.99
ed1dcda329310c128c46c9d2e4294323,18.99
031833e77c963eb19e4a5c4bc2d368f8,18.99
910a3a50acd58e3d700e8e0860524a42,18.99
ee3f596fc0e83b4ad655322c7fca6bd0,18.99
bd026bdd374fc832ac47cf6d01e64bf7,18.99
c4a29c4b38dac6d1a9fc6f7047dad063,18.99
0068a2209e2c7631566539fef4331bf8,18.99
693150edb86213500719059c108a7ca4,18.99
b3d1ab2d4c786d2883b07de6f13d9323,18.99
776b26d2081b79fd39e1f83c973c7af5,18.99
18460033b3d91209a4293553493fe294,18.99
d1fcef8497d8467278fbf8b1a4c980da,18.99
3dac9e1a5661fc3cd58ef484a1aa98a2,18.99
1ffd3a384c97afd38617f8887a8cc035,18.99
d82827f717f9c28668c81a103047726a,18.99
dc93c2d3500469cda3d96ca2e50f5142,18.99
d4773c8601eddd45219933ac3492605d,18.99
f857d90e198c755b1cd0a41b151abaa5,18.99
8cb4d4ae78fe9aa67a08a4d8c322c201,18.99
dc395448cf404b7c1c9782e475b1aeef,18.99
a206f182a1a6baf1dba835644045745a,18.99
6f8c09c3f8d2a8985268d3134d993c58,18.99
4088ae1433b8ecc31a778ee95b85298e,18.99
9595c23999d8f7f082a1fc80e59b72f0,18.99
1c8128cc073f8a70e41ea25abcd96e50,18.99
4972784387b87fa4b63f5e18bc899e13,18.99
fa5c701d2b05ce278748be41c56d06e4,18.98
a109663eb89cc2658b051385cac35f02,18.98
d3e3005d486334fc20aac8234e1ff764,18.98
fa50e1ab4bfb82d7f1fd7f6f78e6c830,18.98
99a377f3bfbb3b62c50282a74ef60580,18.98
c3563d85f2d3642472263a25a98d9fc5,18.98
d2918ca869fa701c882e7971ba725bdd,18.98
65a04e0839e2ca5199c9529621969da2,18.98
03510abea6b35f3fd38e50b4e8f8287f,18.98
30b7ba1bf06312a633cc4c6bb56c60ca,18.98
7b889aa673094a3d02825ce67ee7b54b,18.98
8fa588537d3c2dc83712c26fbb9c58be,18.95
006866a6f9ef10d3a85292859c4deae1,18.95
7780df2165ac312b97f275f0f5efddf1,18.95
831549b2d6aa4f9793c3308a8054b933,18.95
1c9034e9da3fa931049cd8f4eb1e1065,18.95
1fed2f9c2a5c7130513baa83c88614f9,18.95
0e3831c91b42710f9ac7aa1f0e4831f9,18.95
8d6d565a25780b89431c626e4623259b,18.95
a426c4c6d4d9e1dcc7cc3a99601bd0d0,18.95
a3d80241f52e562a8b409c773122717e,18.95
f9865112b59ae9e3c6c5a6a55f6c313a,18.95
e8ac46ea1c09bca1c8e41fbf6662a7f8,18.95
409a7199f800822fe76d8c313ada25cd,18.95
2d8731e7ce6a7eb2471b2ea33aa66cf4,18.95
d66a67d5008715c5d0fc4c106d596974,18.95
2deb180df56cd700c4c92628718d3d8a,18.95
e877086197825ee3f2e924ed5218b9fe,18.95
b0485a088a0c502c687f28d159d3c23c,18.95
0042d04ee8231b36dcb29aac213f5db4,18.95
2c7e836fa2d6ac331dc914cad45ceb12,18.95
93db96687b16132297af1de44d17e01b,18.95
b29a83b9bc9f7817f312ba87ff47402f,18.95
b063ddb82cfde9835547fa94eb209c82,18.95
c5f01802e14689fa043dd02e57ee0477,18.95
a49a1539074f5f5603dbb8f310eef69e,18.95
89d012aa51bd338a11a0d209f954a746,18.95
16c4024b31236bbdb509f655a45b4969,18.95
883f2691dc066e86bf57436be6cc4a41,18.95
aabb0076dc8016bbc33dd9890b1cdafb,18.95
ff582f34a30b0646c52541de86107865,18.95
5d5bc8b660d3dabde0c61511bd38b93a,18.95
d073ee0c73be61fc94b8845b9e2a3491,18.95
506a9747164ba320cf874723aad41c23,18.9
112bade7b7b461df9734fb6fa2ec6b2e,18.9
4930dfe106be258618f6907e8ce8795d,18.9
db30114574526d8a6cbe501bdf6a6cbe,18.9
60ff2959ab18e70859b8ae136c0bea28,18.9
43cbdb75b234e3340e69180240cbb699,18.9
5d00748cf02380ac2f1713eed686ff06,18.9
bf1e5a528dee21a009ea9b2e7562c1b6,18.9
37d690c79919bb1d5e34370df11fa2c7,18.9
5a8b618b284eec058d5f85960fb7509b,18.9
fcd51fd65ebb925e95e4874aded9cabe,18.9
db4960afd6e782cffbc6e57b5f8f7624,18.9
aa69109c4c174abc3b890804f78d78fc,18.9
0e6a8b0d47f31247f623b6a5e2a95236,18.9
892f0b2349a54be7359c83c18fb5c241,18.9
49fd33617b640dee95069826a8bd67af,18.9
9e6a9e9e098c276c25abc2b0274bbfd7,18.9
5e239e1081ebc4189ad528308bcc5444,18.9
f717b98667c99b9bc4cb418cd644621e,18.9
90ddc5fe7fbba1f3aa75d88412b0917f,18.9
ab32f4586da1d6023f155c0a5b43affe,18.9
e103fb520157dd48c4828df29d466e50,18.9
73910c380c76a4dca24e4e6bfdad16e2,18.9
ed92d1913b9c8d523d1564eda756d622,18.9
6dc23a614e67f5198beb035996e34db0,18.9
380dc573dc0a5307da8e92e6f1edd891,18.9
77c2c6ca2faadc2662dda8c0b92db8cf,18.9
5aa74c879595083359ded75778c85a3b,18.9
503f0e722a93ef93328c4f358b7c0c92,18.9
45805ddfeeafcfacf248b9da2c25dfec,18.9
bb268f0276388be02ca21b08e338dc3a,18.9
751faaaf0d01d3251288d53b03d59fa4,18.9
3de1e3501127d6220a7fa9cc9ec078c7,18.9
41e596fd461c4ffcb8e0a29f8b247153,18.9
5fc4c97dcb63903f99671452409065c0,18.9
0e313e105cc8db5c511515cabd78c38b,18.9
4388b9faefc42efae6a73a5513571ef6,18.9
98833a857b8be9f0b483e78ae235729b,18.9
aee6125cb5bde8bf58b7a0dc231f8c51,18.9
7e33974689e3c8ee4d194bd6233cb89a,18.9
d4495a0da891198458c13d8cabd0d7e3,18.9
07d974be948a5520179bb45d799fa0d1,18.9
263d3314eb124da16668b6968c381690,18.9
950c3e2b1eab245ac9e26cf96a1c6a23,18.9
8dcc5cd0569e6c1cfd0444e4a26419d4,18.9
9d08902b64a84c29f9f22de946be37c8,18.9
29f6bd1b03efb0a649ed019fc4157ca3,18.9
aa09d8106d7682d459b666707f9b5fdb,18.9
cfd454834198153cde18325c94106b81,18.9
dc275c5e585b7c3a3cddef527e34fc19,18.9
6241793979a6c6169cce48dd999f3688,18.9
44eb37dcd809e369b7e2831135e98cf0,18.9
52a5fb5d3d2d10f86a4849fafa03b059,18.9
d5cf24f8a54993e112a17ef2632bad06,18.9
2e64e5e8249adfb083002ba9557ad24a,18.9
67489d81675f4b88968840bef400b02f,18.9
6df65cb2a7043cd4c6b1689efa5d44bc,18.9
689a4cf37a1c05c30a86da4fbc13b123,18.9
187b45a66162bd7103c3ac8eeb957fc8,18.9
b09db5227bc901e39033c0dc59c6d661,18.9
1cdc35183baf6457cb21e032a502414a,18.9
5889225db49e6bd4c1280c55dacd8b75,18.9
424185caa42b0b2c9150b5e932b89a05,18.9
70b213d5e0fe0f1d4cb12213b9d24aec,18.9
c7567c3449f9eaa55407f1b3a7a014fc,18.9
f36772c70b2ced4b3468e61ba2acff32,18.9
e60547efaf733493502a83561634b84d,18.9
a652e8919a5a67adb8d78792fb01f0c5,18.9
ba9bca00a23fd0f3bba7e206ddf8283d,18.9
e43366d6939a89d151f1ad9246d07b8f,18.9
702642d82c455d0a5b156b8fc92f8f38,18.9
01874b138de5f4447517558ca0d1a3b9,18.9
58846fb74a52056e3b26b9fca3170478,18.9
fc7d02fe1a8f694424b9028c6b098b42,18.9
175695533829b464c7dc6ef7e8bed003,18.9
24a6230db4aed87a39690a53849289e3,18.9
9f184cd2aa748ce963a8d5e075aff28e,18.9
632ad7de73261e78620f6c1c81347fab,18.9
015aa1d1ff5524c58b9f0d06f60375a8,18.9
9a220d775bcd3ba306012ee934bc5298,18.9
bb0ac4507068b60c61c15304a76d6cff,18.9
2f2bc43aa93537773ffd9614c17c7974,18.9
51be975a0c75d5215c87ab06d71faf21,18.9
cc11572c482c869f138da6d448879444,18.9
d6003fc76d4cef0738a33cfa652fed3c,18.9
622c260d369760bbd2e31ea8c273480b,18.9
58432b542d94f1636a9a4aaa6bfb83f3,18.9
8e81dae0edf578e8d3f8eb61232c1704,18.9
ed7c83c58c9e8608aa1307133b01af59,18.9
55b082c41854f6ea941e814169e47a75,18.9
ba58818419b9defea2521f95ed2d82ee,18.9
48eea89af40f6e6691d00c5ab16a1f22,18.9
e40c5dc891386a1b077b5fbf99505e71,18.9
c0d89db256f87c1b93dbf08ef124a363,18.9
d3eac6f3d395fdf17814107b34247c62,18.9
b66312c857384ed1832f8095699dcd67,18.9
d2b942a4c9b54c1fc043c3875b73266c,18.9
dccb66bd83dd489107a5a42d858265cc,18.9
f92e28ada7607a8a13a31dd40a1e2ce5,18.9
a049689e9d5cc5519e3bb91f63ea9750,18.9
d44e6dff13a8df604fff158eebb4c383,18.9
175de8a4961e457fe70b47470b374dfe,18.9
763fec41ac35eed4b9daa4124d4deda9,18.9
8bb43b5293f09bc087cedf01a2de7b47,18.9
ead12c0ec91108b1a6588aeece0b2300,18.9
6ce7a179a811a6368132958ac7c9dfee,18.9
a909c70e103548bc4e7dc1b6c553497c,18.9
971fd009ce5e29b97e62d92f418138f4,18.9
7b9c62c11a289126729179b8a781c2a2,18.9
7df4315a9fdab8e44d6096f553838f4d,18.9
2219b0dd093603c190c5c9e9236d553b,18.9
3f3e1ecfa168cfaffdf4bbdc26c8fd35,18.9
44fa06633b8386107116fb58c5f35327,18.9
f96605120e03b2562298bbd2495d85f8,18.9
5ccf1c712d44f6ffd2698798916e59ee,18.9
57df8c99c1858dc00e611b7b7e852af6,18.9
e5d16033bafd87eaba2b0e2276d8ffd0,18.9
c98cc9fab2d3bbfe000364a98678a03a,18.9
17109b321000eac4651619ac8f9b6035,18.9
c845713d8afe69acf1d0cbd266002a61,18.9
d41c15458ba1e878ff39e7cf6dbc8a73,18.9
a5b871d84fbfb35508252ecd5cf62046,18.9
d42420e282047f6c0b816b36f24b5e65,18.9
74039339ff3957a296aacfac63404d07,18.9
debcdbb31583da1dbb6560b95ee39b18,18.9
36e20e5f3794cf014fef196438092c98,18.9
5cabdd55383ef66f362b0c0f20aef2af,18.9
d0f10317745697968033a092c2f781e5,18.9
6400a543b43290107a7e65480ac3b41b,18.9
40b998e8c24e6641b7476c461741ceca,18.9
102b00e791c874402fd1b569ee8b3596,18.9
57d4f3e86af974333c0d0ff941d9f2b7,18.9
7ecea05fb45e5208fd13ae378cedc623,18.9
d145e98eca6da1f9fcd85fe10c17eb13,18.9
327bcc492e7e1e28428bddf002519f0f,18.9
59dbe9e4aea059ebf67868310b2ede71,18.9
d2accb931caad49a23dde54389796d21,18.9
5e89bec0749c70102f5a0d04c1a371bd,18.9
3247cd3218e45b431e7920aca9acea3f,18.9
a78232744e32a2bcb0993dda7ade2356,18.9
361fdb99ba935f962692efed864a6c72,18.9
1594134c6e1a9a422f7e7a41da116cc1,18.9
77650ab2482dc921150e09bea05890b6,18.9
4e87ee70b31e161d2bccbcb0af7c035a,18.9
6b49b757233034eabd75e303968f8d62,18.9
0af38e7f9b4b79277daa0ad439dd8d8b,18.9
b64de67a26e6007a87a111bb5fd681f1,18.9
d1447a4d85f6a575054747caa6a8af8e,18.9
07ad22ca00c8a7fb2137598a670f7de5,18.9
60fbd8eb60f7c1cc71664ba7e7ea25e1,18.9
98b724cee30116b88049808c70c5bcdc,18.9
5cca92fc0d4ae1f2d79442783441091f,18.9
8e3041cd8997318e5f9144c00ed966fd,18.9
4071865ea4b48ca395beacf0ba2590e6,18.9
b73c33bd51d10d28fb1292c899b9dc8e,18.9
bf814c71e0db62efbaa06968cc9c6763,18.9
dcbdfdc5db114b2e25c901492cea0c54,18.9
976def33b41838395939fe28ca651b37,18.9
1c1999a8f905f49cb570ee3fab3f8a40,18.9
16c30a0c12d616f26a5938ca5b644074,18.9
8e6f5fce73ad1569600b35407ed6721b,18.9
ec3ee99a57612737fc00398d2367be24,18.9
8e998a42d60ef12f9d2eef2a3aa5366e,18.9
7eb5037ceb9433e68a7ce301b64f1f5e,18.9
acc6b1746ac423c89f40ef3c0cd1a25b,18.9
19220a635821c641df0bd2fb1e4ece5c,18.9
b942fbed18322bae22eb6d47ab614dcb,18.9
0d1ee76cb9ade0437e79b7d5e081f70d,18.9
339ad6dfb04841e9de09bb05f3b55a86,18.9
15b359e85cd990ffbc6e10ef35ded3fb,18.9
532ffb06662d3a63de097386d409ab63,18.9
66f9f0ba70a8cc8c83a204016c16af4c,18.9
2ff3d530fd1c82961515acd088731097,18.9
121779e79f02587b95b15ca80b9c8a6e,18.9
2167ca370be650668f7a989edc1647b4,18.9
54405ff2342ff9d9412cbb098fbbaa44,18.9
b103615614c3de1f0c5bd81ba07cbc38,18.9
30c5318a68855cc49431b12a237fe8a1,18.9
6e92bade4655351c14ce9e37e9d9c28b,18.9
b6e5cac4424fac86b44df6506dc10334,18.9
4242d8b3a868764dc68d8fa1aa611192,18.9
71fb1e77dbea93980c9f526db9534b70,18.9
7dabb04a1e7a98eb986090f03515408d,18.9
8dfdcec47ac9d8437bad1b90d5eabc99,18.9
c00db00391f3a7cfbaba3de2a56f844c,18.9
9ea52a177d36577d2396cad28e68a4e0,18.9
fa2b8f62244e9026296121140882dada,18.9
734f171dd5a2ff5e2a21ac1dbb163b28,18.9
c3d06eb8905fc0c39966b0a57ee7244c,18.9
90343859e0ae243dc57b3e95b2a517fd,18.9
59c2ce1320336a6a0e747f86c4be7a21,18.9
c8df1b1008a30197280a8970150e1acd,18.9
46f0d1bf4bc78e0f2f2c32cb7f4fc883,18.9
15e25ffe745b83f124ec4d08b0af3667,18.9
a7ab99ddaf3866caaac9ab716d534533,18.9
285061238e7b7f6095975a7c36322e05,18.9
3fae8ef52f0b321ad67be42e3fa8be08,18.9
ed74a79326021179cb4900cfc1080211,18.9
f6625f51a1c8faeba24be89b628d7f71,18.9
2a16167dcea2edc061e897479c84ad37,18.9
617326532401f6687579cb23065a6ab4,18.9
86f4aa9faf5fd1c55a84b395183c8619,18.9
ecff1b1c83d0c9237a8e5fa29684a78d,18.9
6010134991a5c1a1d48ad3b34b1f3307,18.9
c3e4fa41a85a5253d97c36b9977e11ac,18.9
d1979341a7c0fd4450d615a231819e6f,18.9
94afa54fad4fddc084358789353fdc88,18.9
ad6a6681c849e64c88a6fd9fcb54627d,18.9
0550df936e5ed017fc4cbb4d1ece4ea0,18.9
338145efe333458c4d699306d6860ace,18.9
3e33da5c9dfbfdc608a4d0e8b46eddac,18.9
d5d7f12b19b0b32a56d05d5976865d07,18.9
4cb282e167ae9234755102258dd52ee8,18.9
7372613925550707111577db9b67af2e,18.9
659122b2315c5da332592caa393d425b,18.9
408691bd6f6f11a18163f9ae838ad30b,18.9
1ec6f68e0e15f6848170a20f29532b30,18.9
8831fea70c573fc056de9a71bd15a88c,18.9
8119ded42ca2d1eca5d7009f33102a0e,18.9
1be97ded06a3b15e8bc7d21641c7dcb0,18.9
9d247b3defdf2e777b00fc8f92cc02e5,18.9
522b5607965ab3fff8aa344c5281de61,18.9
3fb3c93d9edf483a148a1df3423c637a,18.9
239fabc879c4175afe53110236a7de39,18.9
963cfddfd867d44a23f2bfab7161a4a5,18.9
ebd4427eb14de37b29b78d4464004cab,18.9
688b2b64611a55aee33ee800f372a54f,18.9
49c55e79af641e5db8f27d66d690bd81,18.9
9fedf885f07927ce1b8f72e8dc8d53b9,18.9
3c59cb3e5e8348b4f5303307f6c6048a,18.9
4c4cd07e2f89dea5a2c798712dfd3b9f,18.9
6413dc9734b3d1aca5409aa418f22271,18.9
b8326a40ee0667ece0fa82835b3fe286,18.9
8978d77f12a2fc5b1890c49b39dd288a,18.9
6aad6937658f89a7a0c4e25d4da4cbbe,18.9
83116a97d5035c15ca0e75dc2b848bd9,18.9
f7b33dc41f6ddd40b442f6f289b82714,18.9
ed6342171b201b20252bddd4d1fb7749,18.9
3feb17a1f97ccc28e53ccbad3dc291b6,18.9
3d03918967b32805b683d795b94763d3,18.9
6e051e3f7ffa99ae317f345a9ef43b03,18.9
34c963eb186886d8b6c86c1678b98953,18.9
5a90689b0145c093e3a5ff5deae67eba,18.9
ead1c51d9b4e7a887ee858e2649e4a13,18.9
fafd3c824051e968be7f96ab5f6ccd90,18.9
d9dc4c863c0cc6b41d82325c0eed846b,18.9
a8d7d756a888b0382a2d3881b870a1ae,18.9
95303e4c9c23d67877e4b20afb04bfa8,18.9
7a446e358905474df5d0276236e4cf80,18.9
ae17c6f1f816d6367af9a06561140c16,18.9
9a35cd72d679d18d0511d12482668e24,18.9
2514a33b1704c36bdfbe51840e105cde,18.9
b4927811aec596cb53b1d070d0bbd5d7,18.9
aa2ebf632218f1246a1189e1f1241178,18.9
bb7c37b17b3235b74b68b1f36ba9c664,18.9
7f0466d4f8a505205c5a0105ce59d3d2,18.9
386a154107b3c7ab3af887ab9bc980cf,18.9
0e178c8fb4e6772ba156b0b795993c2d,18.9
9559bea347a4a803e8c59cf932af109e,18.9
6d3c3278aac44c028da7a4cade667b41,18.9
519eb7f61d2cdd15efdd96e826aa0ea3,18.9
cffb143b23ce7fed529c25d270de25a8,18.9
f3717d4601f58d09957af0f308c981bc,18.9
cec58a230b3feb0e56a802540eb8b28d,18.9
dcb03d3213278d10ed9353e099845a66,18.9
ccddd0a09c1e1253472fb86f210c83e3,18.9
dc34271abde757d3d9bde8b1ff3ae823,18.9
bb7a94644a9bd3b4116876c4a6380e1b,18.9
aac46f6e29f3a08ca467112ee8a6b0f3,18.9
09ce4d254e339685a989bc8fad82057d,18.9
72084927a5286f8e61903b282eb1d41e,18.9
ce3353c3edc00f0fc559a1ad8fda4e4b,18.9
60842c6f4e508a6db3a9bdc307bde294,18.9
ce3fd019ee6c37bef63731c9aa9ae70e,18.9
9d4990db1cc3fde3a88bddc0a8d7e548,18.9
e852487a1087dd7a5a8f78cda9e2ac86,18.9
3180f06ec3182fe3f19c1450b62eb93b,18.9
3824319059ed4febc68d625e63f29eee,18.9
d12bb8ff8958d5df4b3cb1097be34ebc,18.9
5726ad0e49501515e2b0553e11fb26bb,18.9
830bd5f2393366fa1a7da9003c1c57cb,18.9
c92840b450cdab90816c60a32d4d2529,18.9
3c3b6570549f1c5b37ac7d54a9d4a893,18.9
ad861c03c20f93e79e41272a404359b1,18.9
166e5d30f99819bb69c7803bf33923e0,18.9
310fedb3d5552efafa15c7332a1719be,18.9
700445aab496515da3f6d78df2b11968,18.9
42ed4ae976789164a88e41d1526a5c3a,18.9
24b77bdd27f5e6aea7149886b72286ec,18.9
3fc34478cb8f0427d63b362dfad74f51,18.9
3620f09ca2a6965b41b067de5a1d6ce3,18.9
2f79ca5a979f66eb36747f4b354be942,18.9
ebf0beef17d922d66a45709d225a57dc,18.9
099786bcc7ebf2f323ecf03a9f54b02d,18.9
4b9dd5c5b1842454d365eea181e77012,18.9
34c059ffa44982e5208d2ced3c986b51,18.9
6eea5b862fb7248e506d45f675aa82cc,18.9
cd66c6ddcfc749e99c24294f5c10d76d,18.9
d4a65aa3f22563ebd6dfa3d71eaf9f3d,18.9
21b40e18f9caad4582a1728f19ee96cd,18.9
e97bba2718a6ad6031cd22ec08306c0a,18.9
3b3a45b3d25deef9424d8d639366b795,18.9
2ed038155d7facf771a02b24d1a90447,18.9
2a2a743c28a4ee5b08af934d5a1461a6,18.9
27988adec5e98cba7d43e24cd165d5cf,18.9
10b0bfb19ed6f0aa3d895cc1db350e3a,18.9
9f775687e1b0ce412df4e527ef81ef5f,18.9
737b1298a317de65d412522aa016f2c2,18.9
cc17fb1ce2976a50bfcde42a83e8977c,18.9
e5e20842ec1ce909eb1bf0fa00f66887,18.9
fb65e3e167bf3b2f7d2ba5b7a140e045,18.9
af3d9d4c28530825f0ced435b75abee4,18.9
08c9b617946bbb79b3a285fa9e048229,18.9
ce1ed97f1894d3dea32038a11c51c29c,18.9
ef88187a0432a68c69a1bb4c27269999,18.9
2397dd19bf74da4cd1fe4b5839199d91,18.9
51bb4e7ac0c888104aecba5a46ec01b1,18.9
344685f3c9847f6e3f8b8e85e6b1ec1b,18.9
585c8e523b8ea5ae438d63fccdb6fe4e,18.9
78b25e360d8d5b6ec68c6bb392e90c48,18.9
cd184331611a657645549cf6670313f0,18.9
52d38a48fdc7bb2e1fc458489a96dc2a,18.9
fe1730326f983e9fb206e01c60c0f003,18.9
3facb23e1ea128b605bc112b42adc208,18.9
206ac773b6fa602143a7d817bbc3ab31,18.9
a0a729cdc5c099090850edfc224e0577,18.9
6ce1bb886e1ce1d5f054974fe397be89,18.9
c8f0cf5704e76a3b2cab1e1cc12cbdf2,18.9
369681dede08381d68cdbc2e76f226d6,18.9
d24cc65d87d3a8fb81be12832b01bf7a,18.9
ab990ef1c4e2bd1d627000a5bd51ab05,18.9
51370d844d0f837eb086ae67290a35f1,18.9
ccd98f8b088a12d741c792397fab80a0,18.9
aa2c25709c60cce0b038f4aabf081b79,18.9
f0c6d30998bca486c30fdd2796a1c2ac,18.9
6ccce4e10da6d4a5f2ccfe737da95442,18.9
430b306580959c99c25a228924eaede0,18.9
7d4525dbfd980437633dd5dea60b8cf3,18.9
478b8bacc677a1e79e950e293f026d54,18.9
559c943730c2672a55b5a5201f58713a,18.9
fdaa1993171038b32649eaf5ff680d9c,18.9
177fae6c4c665b390cf4fc8a550e2bff,18.9
74bbe1a0e4f06bd62ede6b5f239bfb0c,18.9
c359ce92d4c60f27d024a1660068fbd3,18.9
d9ee1a7cb4871d90758fec8a1bbbb0b0,18.9
a5cc05472dc39567d79da21664133388,18.9
c6e3c94790793b6679664728a1d0a38b,18.9
3d55ce02def747007e481ed93b98388c,18.89
fa822f9b627ee0d914a97ae7bfc3a1e6,18.89
fa8bd7fb24bdbc085a2e0676ce5461cc,18.89
ad98dd84e944900f8cb73cc24e611d5a,18.89
2c7e09453a08b081ddc049e7ff4f8fa2,18.89
466ca075213145305a2760482ecf8c26,18.89
1142984916495fad0d7693eee6007457,18.89
28b07564e377b397c3f81101b4f71377,18.8
dcdbef6bf82b96189946e4eeea97cf24,18.8
9596cd16cfef60f8c7ec8c8d78d008f4,18.8
f4edbf9206f6c97cd163d6af0c94bbfc,18.8
97c33ea3a30e236b2a2e514dadfa171b,18.8
ee4dac4fe4d15f708ce54254ab5c6bb2,18.8
68293f5eb1a92bbd621f234e0a0f22ac,18.8
9c757f83d0e92f37e334c1d227bc774f,18.8
eae3c8b4b40e257c3e135d4c85a2e8b3,18.79
1db165d1cb219c3198f33c8ad87312e8,18.79
e77db91ad228d0c7e49609d360f5623f,18.76
f8bf07e35fbab71c21bb83e632da07c5,18.75
5d9f867c9b754341a52dfb264a455c96,18.75
359cb0d7499e2a6703e7e59a397e0101,18.75
7ea449aa8a4045d570e2d0cb6473fa47,18.75
ced7ee0cea0aa9e44efcd8accccb28ea,18.75
78abcb0806d1b6a411c6af41d796b0db,18.75
9317734b9df707723cc73d49964501d6,18.75
496bfb4137a46ba9abfe3f4897bf3b4d,18.75
84e9f74bfc2a068fee9d96789229a455,18.75
4d75283fa7a9224dafc28140b8a13f45,18.75
4126088d17550e0903988d5f07b65e9f,18.75
0e2392ff3e56a376f4a3c002af2df0cc,18.75
96530093e1f224383da249e21be5787b,18.75
181726b449c55cd7f8338b5d4609c2dc,18.75
b3c4d524670496e53db937a755a002e6,18.74
824388cd61c2ead4498366fcbab7a1f8,18.74
f95706a51f108602bd328a0b9f8a37bd,18.74
2d7c25190287a7d0af522e72af1ff871,18.74
f1bfdcd08a92feae90319538b67d7aa1,18.7
1814224d4b8a686cf1cb194296f562eb,18.7
25a498a8c8d2356b21003899a42e3f64,18.69
3b864cf315fee8e0e4dafd9396d57248,18.65
71134a83dfc01c84dede7dd448e1a01a,18.61
52e6df27100d10fcf3d0e809345e9926,18.6
ecbbede9e638eb4f165af1b6078d51d7,18.6
5f30dc81a16680ec023fa68d7e19202a,18.6
4a5b1da2c92f4c23802601309d235ac0,18.6
95b1c30cf56ac066f1465b14857a2055,18.6
f0403f63bdb7c4d65529edc5f97e7566,18.6
fc289a6b8a8613e4e16ecbf0a9f2f47b,18.6
c87bf6ea843a8e7ea30281c7b19f4ccd,18.55
e4f8c2a561051049fd962589006c062e,18.51
83cc2c8ce60cb5aa51122ccb4bee73eb,18.51
d48a6843713e8c244485569deb121499,18.5
4c77d8983049548558beb913d9de38ba,18.5
e620fbdf4316bb301fdce0325c0e0c2c,18.5
42f2f87401753615179a195adf5ebcb6,18.5
8481365a5e88849d8ea15a7295c7d257,18.5
6647005ddd01b3f7964cfa2ead34abaa,18.5
3a80ca7483f8a0ac22a0e77a05973835,18.5
e60ecc88932dcdbc70cfd193562f47a6,18.5
de824925db8e6b5b73b972779dcf5736,18.5
65ee4aa816cda8ad41e05c75e1cb691e,18.5
16ed990d94eef3d79216c2ff23124700,18.5
8c540cac10a36db391022e23199e0c90,18.5
c8db7922514ad8197fb03934a9352c9e,18.5
deeec2dbc5ec2ebede3686654f7e82f0,18.5
5c4c65674f1e7ade0044898f308c14ae,18.5
10f2f23370c003742306e23361255df0,18.5
02eeb440c68d8e3bb1e25ef69130396b,18.5
4945390b4dfdbf013ca3e9a5f312f247,18.5
f8c74089ec6e1afff6401a71bf3bb4d4,18.49
0ab25c3442ee73ec49864945b5366156,18.49
80ae2b955cc61a3d39194572dd3fb0f2,18.49
4fc3826b952eb6ca326617fa740265d2,18.49
6b191a8aa869ef67263bddff1e7722ce,18.49
ca75ea356f366d4d44b7607dc119f0c9,18.49
11ae37bb6bd5f1ea30139e17be47a5ca,18.49
2fe386b4e59b034a5bef1045187284e5,18.49
64cbaee24bb0f4adad82390b520efc72,18.49
f9192e735e2937e8fe7f031eca0b3a7a,18.49
05323a24770d4897bba59aab79f6d7b0,18.49
0a2c4321fc554a60d3e3a7c0349c53b3,18.49
e192a4b7a58ae822f25638fb7e0935fb,18.49
7e1174a42900bb7555695ccb75c7aa59,18.49
4a8767e3ddb2511930c15cfcf6dff50f,18.49
2fffab1b015baa38f20ed1e3a73e3936,18.49
d75428d51d90d21128003ff0e62a878e,18.49
7ccbf002a55b2816fc126cabf1c07987,18.49
30ddb3ddea2d244698b9846e757fa0a1,18.45
6c80fee990fe729ac1f0f26209a2c961,18.45
cb8c8c74f46c1f16b9422cc76efe9534,18.45
e7db9d2a47a9a2dc1c981f3520f053f4,18.45
b8203436dd3a41276d7be98831ddd3f1,18.42
95b5b9ad0cc4c0026a9671d124359f92,18.4
c5c1e47da91b8db3b723dd7e8716ba01,18.4
dce1c10833dfacdb89515fc35eee3bf1,18.4
bf372d35de99f49cb07c1a238d7db256,18.3
cbcc198a933ae87960f5c4cb5f877769,18.25
299735fa1daa3e83ee1048309d22f9da,18.25
feb68cc4cc9d76494bb535cbc4fa0d08,18.25
44d195c70ddbb47f1a0a3efa789b76d4,18.25
5b11c53161333319dc2064ab1049730e,18.24
3857ccff1f7ab55786a8c851348b133b,18.2
7caf3439e77a9299b5f4eb31cbd74af7,18.2
0093a68265f18be3adbbe054dc4c9295,18.19
8c2bf1aa8932091d574f745e730bccb2,18.19
4e0c05acaaaff233a4a551dc27c673be,18.17
a341731cfc9dd5db5a49fea0ac04f97b,18.17
bf175649612501ee4ef4a916f45bc73c,18.17
bfa36949d512d454d7b70146ecc863a4,18.17
fb713deec65d4832addaff1950dee895,18.16
7ac12246089bf8d742267207554e901a,18.15
1e0ecdd1a95175877636d4d57ac4775c,18.15
20209b475c58be96dcfc7d9f773198d3,18.15
1677478f9e63c2843cfc7acb65976463,18.15
294576d8837569dba9ba20420d8070a4,18.0
264a54d065d7a43fa179aac655c854e6,18.0
203b4eb5d710f7c355f91f14b51e4277,18.0
eef9f64c72e64a8b3cb14ac0a1a83161,18.0
f712a2059a8977b33828d774e1849acb,18.0
302236291b9fcf26861aa5305cdc0903,18.0
46ebe25079ad39b2802185eb61cc8708,18.0
f1d3bd4e6b8c7df24fef98121bd8710d,18.0
a3a976476b6ac6f10a6aeaa6a6a24d4c,18.0
8b10cae9e6ef0ef4721ea803fba0438e,18.0
814fe50852ab4b281eb92a353442483a,18.0
2de94399dc30a8820e583410b32a9552,18.0
940231639c3ebc0ed7a7a023bf28fcac,18.0
4d5110d0a2b5239cb983610da1d18774,18.0
dbeb6032cc304120dc34e825b99eaa2c,18.0
77dcfcff30320d1bd63923be4386dd45,18.0
1e89ae773b201e0b12529620979f6906,18.0
28deb679d1930565c09da8da090cbcbd,18.0
05407577e5802a22cb6f5ebbf5781707,18.0
716fd5f79daef847a1b093ec2be493f1,18.0
b493af162186d2b09bb066045b51650a,18.0
20c5718e5f50e1e3800046039376e216,18.0
b8758ed99c2b800a287f19fb1a3ea52c,18.0
79b6cc1cb0df21abe957c9173a05eeb7,18.0
cd5f2ac7558ccaebe665f1595ae61fff,18.0
b07e3f3bae8fefea60b62ba1f9bd7731,18.0
4df514524572b4fd9472128050c9aa7a,18.0
7f687ffdc5f0bc5f78032cfe69579a24,18.0
6221264de581fbdaae3464872444d6cb,18.0
cbf6bbafd59bfa00acd359ed892486a0,18.0
88589a4b7082d5090f4816f21f07a2b8,18.0
8fc424202bec33af360dec7c974c60ce,18.0
09d2b0f3a7f77a37f535a89bcb22bd31,18.0
8ca8e4658e8e33b72a7f44bbe38ce1cb,18.0
4efa34eebe6ae48cc9d684bf60c097bb,18.0
72393b3af85fd0a02c785d385657a7e4,18.0
8f29ceb9da71dd3cfe7055c0c1fb7e7d,18.0
c2f08a07a69c93173acf6b383999eb75,18.0
4b631a6c9dc0f91a36bc3ece5df5ba11,18.0
441b26b45cc685920f18a63cc112b0c6,18.0
e031764f2e443bb3e7d8c54c3421a5f2,18.0
532aae4ddf6a6def2c14258c4a1b2ed8,18.0
b9648176c3b792c649b44d811ae35b12,18.0
1a74f36a8fef5459af7347cd87e71794,18.0
632f7e990a361b6ccd31d6e04a02dbdc,18.0
7d7fc89ea76913eeb562675ed70cb77f,18.0
141bdfe99910207edd84c00700397580,18.0
d8bc1730256a5655842bcae573f2d8a2,18.0
cef00a4eca97b9dcee901353a6f82071,18.0
a63cd43af25d2eaacd280e01a4eb2f6d,18.0
8ceebf4d88625946ce9c0956401d575a,18.0
e9e9a9a6ec884c59604a1fd8190baa5e,18.0
2e32ca7e2acc6a7eb2dd31c28016b93f,18.0
29cb846f9e90a86f6f32533d41280833,18.0
8e37466ad86944a7a42628b170a417c3,18.0
b88110cc956e2c4f3ed611c4a64b297f,18.0
cb93948c1a93db0f9f2ccb86b85efa6e,18.0
ce538ad75403e0407318e318df5550e1,18.0
31df264f96419e0a27b0dd3d23f52170,18.0
297cfd6e0d647b3f27687bd95d0ed5ad,18.0
74470427b2f2d1ecce8a1f7da289ee9e,18.0
72be690ff8a35cf36393e506ee0975fd,18.0
516a60cbb0bc2784ea93313fed99ea77,18.0
a1188e9345ab24476119f9fedd151813,18.0
f187e3755e5efb3ee11f5c1f76cbb536,18.0
af0e6274ccd5c8e86d40f945841f0cd7,18.0
5de272a498b070331787f875de374b42,18.0
f2b049ff24281feb3783cdc603ce75e8,18.0
576f3b15da54ced001c74d89a328fdc2,18.0
780a6f1f890da521b37306aa08a6c4ea,18.0
171ae8e795dd2c91e66baee8f796c92b,18.0
1e79508ae1db3fd8cc165bf3ca7a0916,18.0
251bf9a821762a3e95155e2519ad616b,18.0
094aac58ed371b7e3af7746d5319cae1,18.0
1929fe44659545005a8b8311ef2dfd1d,18.0
f771f5743af4ed1754adc479fd19dc1d,17.99
f512c3de1a2d91175f346263eafe9c92,17.99
6641298d321d22e65eb566f75c79babf,17.99
ac718fb7c27a55fdf5d8b0070a9ca602,17.99
a31e1fd9832dd7669cf71d1f8a6170b6,17.99
bfc4bcd108f48e1189d8775b6fe11f21,17.99
887193b0e6d96de4991ec1858cf75220,17.99
c1217f58e18cb92f1b8437990b5d8841,17.99
f3a5b428e2be1a4e8ddfbeec1a26825b,17.99
3a12a70a52ee98474564a58fae43b4d1,17.99
36bdb1c5b627db2a634745c53ec994a2,17.99
393c8cdefcf9178ccc70becfb90c8239,17.99
50984928ebfb25a78ae17e6f74947d2f,17.99
c6f1bf6be1b8ab642cc2dd066aca9b1e,17.99
611c4ddaeae7fa4fa8e4917ea84213cf,17.99
59db0072154e4e149772fd56fb82cb16,17.99
187eff014e217a4f13317d72024f4a93,17.99
8a9cc99afd729d98f8af8eaabf4c74f6,17.99
121e027db9f262edc989af13e0bbda74,17.99
ae5a8b3960da2fabebd3e52971ee961c,17.99
06985cfc3780a960b8af6011b6566ec9,17.99
654111c54075858e34bbabeeb1a1273d,17.99
3acfb24193bc926226b6f483ae1ebb3a,17.99
afcae44ebd42f76e776c73a23490b593,17.99
888c9e6c1b81d921be22d597e458b16b,17.99
d312fe4060a6df0bcfbad3980c6dcbbe,17.99
53031c006554e1e156ceada9024bba5b,17.99
3d46462ecc04c0fdc644e5f4695f7e51,17.99
e8d994960222368ac5e42a9109cffb19,17.99
1195059ff946475e0a67380b989ebd21,17.99
4bf0847bb4f39b38234bca0fef95c35b,17.99
06eeea8e157410949394acb6d3db56cc,17.99
4ce1caf08109718c2e558abd8801aa8c,17.99
1e97930ab65bb76fe97e987b5e283cf8,17.99
84d03da5b419db76b30b4f5d8ccb6450,17.99
64fcc24bf12f5b16c914dadfe547665b,17.99
0089c34393989276de67746531e0df21,17.99
1546083b9da847c3de0b33350ffb2115,17.99
8e17fac20c999de5120b8ec2a85a9048,17.99
c5daadc67f24429a77652eae92957c1d,17.99
3ad4eace63928183330a42148cb22cea,17.99
ab7c123c62153f2fd23fd5d2a89cf967,17.99
bb805786687f8b1fba003c8705a6d1a0,17.99
7ebe919bdce35baa4a4063132bece606,17.99
edc3794d476fd4688e606229f4be94dd,17.99
22e3f291b6673ef19eb92086a28cdba9,17.99
16d344034d088c4ea420da408ef77129,17.99
cdc65c1e2b591b18e25b2ad1a08cc50b,17.99
26e3c68ac33db7ab2b257c9c35c23752,17.99
1e608ac275c269c418a864ec0db7a237,17.99
ed78b8e3b4ce8f10d7ff5f18f9758b75,17.99
8c9e548518140fc63d1628623658c2f6,17.99
ef4330e4999fdb2780359307807093bd,17.99
295c3b5cdf25c4481516fb914d536c90,17.99
8cfdf6af33a4386da0d223ffe7554262,17.99
448b0b34dd5f3873c9eef9f61ccac1e9,17.99
59cac1762d59c78c991fbd9e3cd06bdf,17.99
bab00597e0b0a37f66188dba9063b493,17.99
1bf762864813c7d1e7496fb78b4de67e,17.99
1208af524bba36216ea83411b38275e2,17.99
ef4957ad9da3840bb7bbf2e0ebe181ff,17.99
9cd127558f60961e5d9c8bb247c56853,17.99
1ef0a8d805b7c34de9821125560831b0,17.99
32f9ab38c7f8f0a627ee957c50ea0ac2,17.99
19accc9f4fa91716d819ab1cbf30a916,17.99
e56deedc7951fdaf2ceeb5607dda0fe6,17.99
e193e498ca7e4b73bf1d55f365b6f64b,17.99
f703634ba6cb40f44bb6c9edafd5b119,17.99
3f2453371a3c5ba06c3f468aeecb5c70,17.99
95c8b73877283a8c8d0bf5ec1f615cc2,17.99
4f670eca00f599d947c8bae734bb785e,17.99
23157f439f941d147f552ac180d68323,17.99
fd8bcdf40e6bdf5dbdd6f64c9a9c5809,17.99
43c4a08eb84b6bed526e4caab06ce546,17.99
e03ee7086800060d0fe29ee6e4112a47,17.99
bd48e68a292023a7e00a52196b77d9dd,17.99
826b2deb5ea79d63938996368ae60dff,17.99
2583ccdc640198b5496a053f54b67b4e,17.99
e5c84d891766df0dce0bdc14d7d6bf0b,17.99
364f08c216b6e5c4810e198fe984416d,17.99
adda0af2072a3fdc5b3fe6781e132769,17.99
10c0f0e11059fe82315114cb4f93ade6,17.99
863464634cc4fc94f9d67cd9da10cbfe,17.99
721927de417259704aa94388813f523e,17.99
f8acc8de4fad06eb697f8f46bde183aa,17.99
f3bbfdeaf0a3a67f9fb17ba1b07df212,17.99
ae202bc992b8c3b955797a6deecf479b,17.99
5e2695cadc5153ef2b56dd2ad1600622,17.99
8f6bc80fd15e1d060739784641207e82,17.99
097384aa3c0d8e6b6646c11a53418cdb,17.99
c036139bd0bbaa1ee2929f2ebc03d057,17.99
cecc0974d8c7a821cfe61bb6b54e6089,17.99
b7a72c63ab6b4ea739148dbeb3bfb24c,17.99
a57f8b3a7a542931353bc16d141e4787,17.99
0888cf44bc996a137f289aacb49925f1,17.99
19cc846bb81d9669e98a8f410820fe0e,17.99
c96e84fe010b6c64f16216b8786fa0a9,17.99
78314b0f6f6a2ff1434410bb1572f0f8,17.99
27d1dd1d45d890c2f1dde06e43ab06a3,17.99
507ba08e52714e99aa837e44bc68dbf2,17.99
d50c63251aae8100b82731720ee256e4,17.99
831fc42cbb28facf21ef22c90a53e85e,17.99
408ae50d6802e888491a09c0c6aae8ef,17.99
c945ee71ab489fc5275348dc98236bed,17.98
e2247c693e819a841afbb62a59106ba2,17.98
61bdf0d6002786a74cafbc9844625ead,17.98
d78c7834a65d4a9d5625d2d60495848f,17.98
4d2e787054eeed8efc8919a4d16431bf,17.97
e3b8e1052eabf24ff52843086a5f4508,17.95
56680d29aae964249f09d0db2c36ce9e,17.91
3805b1ce76c57fdfe5753f197c762200,17.9
93ec087aae32d7db63b1b561a2b6177f,17.9
b1c94070d7052b2ef540d89872f41bee,17.9
d3050163e3a88ff86c411135bae1cf95,17.9
35b031db03bcb2b6e37e2ed393ab3720,17.9
2a7fe4ffcadfbf65ae5c06b02964e929,17.9
0661d80b08b50705a0e95641e65c25f7,17.9
88f63e38cce5dfa298782ad150309cde,17.9
e2dbc6022ec5d2a6fbbb786f6489be29,17.9
01b4d8edfd68874d23092c8fcb6a4edb,17.9
c61b177cb45d59e31ce05fe775fb9ea1,17.9
4ec96f8e20985196e4bf474a65293adf,17.9
fe084cbada53a9db32d37961c2b1ac01,17.9
d7c36cf9a2c23a9d7e90328f7d30456b,17.9
5a7a70f2dea7cd6d8ac604a3092d9895,17.9
8af8f7bb2179aaaf1bf8fdc58c02975c,17.9
90524e55a20cda4c520f6a6e893bda6f,17.9
ada92c96092ff908efa7e8b90cac79c5,17.9
b2d3d5a175d05143786f65b54624102c,17.9
afbfb235f3ea4986295c741b4d21ea32,17.9
1957f12be24ae354c27b5af3863bd6c4,17.9
1307edca800db1ac287111e35ee9a588,17.9
adb818b198a6b8c7286bb9033f7c845e,17.9
f30d0854de694db1793c12eb3e78efe8,17.9
ca8374c00203cec663bc1eabf0aaede4,17.9
9ae94813a73d77503a36add2f9d479e3,17.9
bef759dfed0e4bd8186d68a751be1d56,17.9
537f48efc6a44c3400bb053ce4101847,17.9
b1e76084d8b2831421f8b7f4f7d0a457,17.9
8f1ef83e4c4114368bfa4e4cd446ad51,17.9
7cb24ad499c1e7e4b94d04ea1cd3ac81,17.9
59fa7d7e5891ef0ae8c16602e5069137,17.9
93db14e9f3ba76bd4f9583340b206ddc,17.9
f73735edd848cf439de47e82b57abce2,17.9
b492e0aaedfe4c3f2d1223ef22734c86,17.9
e1ccb7645c1d9af9b91b6d521e0ba64a,17.9
39b8943d34e2abdf1d9a7433b6342fa6,17.9
2defe1aa56cfe5681c31064d51154bd2,17.9
119aa198a9f4d3894c1b4bca5dc8ebc7,17.9
b34d56bfad36d98cb3defe73359c7dea,17.9
75e0bfb1c7701f6b53354ee10aa4268f,17.9
da72700088fda66d33963258e7fa95a9,17.9
6996bc5c3cc14dc5f5d3551c72e90b97,17.9
2efb8069d302dc415415902c3739a93f,17.9
8baa94c8eb84e7efd1fc8d0dc61c2f20,17.9
4fec2e0acfdf1b086cd731bcb51ba7f1,17.9
606d6f66e1df8bdb3a58d9a1b3f2894d,17.9
2aa9a7aba78493bf62442d664a90fcc7,17.9
84ee6b8989bc8d3a47741cb014fb701e,17.9
396e0fb767c26fbfbb494aa0e2a34878,17.9
6af16317a307b76ac9cd103aae0d064b,17.9
ee92e58c6649ac95474430dab6fa47db,17.9
d16ddf649debf65863ac0f1738584de9,17.9
68364d8b890d0237a0b34a62910e9309,17.9
2a9bf6ab9526b5ef47aefc35a0667d7d,17.9
1f52de20f612daf3ec6321bf5688ab34,17.9
0137af0a69be6d96a77314fa91324ff5,17.9
81c919be7bba7184cb1cd8dc446c2e31,17.9
059f7fc5719c7da6cbafe370971a8d70,17.9
bb0687468b15b7fd6385704a051bb6aa,17.9
b550f7f2a8a11e5008ad16654df66999,17.9
e7bcb58d36bc14e2c83b7dc650aa5350,17.9
4f8260c7e20264779c7be6a507d28a87,17.9
ef965f89f325a77c2b3c7e1de2b897ba,17.9
0fcccf66f19e899aaaeac881f43c012d,17.9
3f18d39c19c13f4ccc8f96522f3c3e60,17.9
28cc138d10aaf11f6ea6c7503a23e8a0,17.9
05dddfdfc3fa1b69e10aa4292a9fb431,17.9
6dda436a6c24b38419f2940e2f91dcf3,17.9
a5f4652eea211b3fcf3c2bf98d491e32,17.9
37522a871660ce8e75a583e9b4203793,17.9
c319e614bd117152d6919546633c9cc4,17.9
76bfea016507d7d9c85ebee70f9f257e,17.9
8c6f1fc49db37c4c0b9224991a53223e,17.9
8c28edb50beda68d7be316b7bfd1fcac,17.9
95b3479f95334dc03b0375c726d95c81,17.9
c032fd9bea5634c13f2dc9382c84fd9a,17.9
3312b16ef68684caca2d3b248358e2ec,17.9
add16938f937555f63ef16e52371d3ff,17.9
698bd3b24e4bdcce6cbf20053d17f0d4,17.9
33b80fb8f69874ba86e105154a5e7712,17.9
ae630adbbd01f043a5460ef9910931e7,17.9
fcdcf40bd237e50b456209e14fd10ce4,17.9
e00fde757e39c319e1a52b9d1adf298b,17.9
e04f75016199b36d84cdc8fb3763c991,17.9
8cb1ecb59d78aa6b4ebb33c7a90bb66c,17.9
b4fe4a3c0b4eeb9965ee44a06331d776,17.9
1bcb8bb3f3503ef8b155d64e2e9ded0c,17.9
6b5aaff0e495149ec28705162bba2fe4,17.9
969464fb93c7e359f0aa7ea053725334,17.9
d601c3396c4ce0fb5d5fa73400ab8c0b,17.9
2269aa9a9e0847496cf2a7c2d86ad59b,17.9
d245397e7bd8f475d82c38734377094e,17.9
e48488824096ce9278ca3b4bb6f32537,17.9
be246cd60ac804fef4aac069a77b3df6,17.9
2fa3f0808b4fc4e1464bfb5bd2229300,17.9
9364f6d3c53e6df380985e78e8c74bb5,17.9
2ba7560f7566c4aa14bb43135f0e02d1,17.9
1fd4a332e216fd1e99eb42d6f6d49084,17.9
0bf19317b1830a69e55b40710576aa7a,17.9
558499c2027ec01d530fb975ce2e5b2f,17.9
afb24582c2e3f71b1d30ef751e584eb2,17.9
59e134fe4b52bcaac2a9c6458d37ab1c,17.9
77bc76d7d24087d5c8fb9d47ac288562,17.9
f55f11890fdf8c53a659cbbe7990a18d,17.9
c6b786a5eab26f60a492c6f31fd3d8d0,17.9
389bcb3fa1beaa437287cb5784316286,17.9
076489247897b6f1f2a68de880fbc6f2,17.9
c5da1fb3c49637fc168e5a95a67b73d7,17.9
72b654cf38dc1199ac39ca9bd942d33b,17.9
9c48b4a1e7be90b187665db74770750b,17.9
47faef3420bd0e1dc047ce4e9171e03d,17.9
4239915703664cce7690bd8ae0f82839,17.9
f0bf9c83d2300d6c12ce06e16976b267,17.9
9f9233b73bc4030c589a0429b3423766,17.9
4092d16344338702210bcb2373506159,17.9
efbde681c58eb3d78f54fd03be60187f,17.9
1bbc72422f5a5a38eabbabc9ca22068b,17.9
909cd887070250934231f0082c96f3c2,17.9
f2ecf3262244776c6b11f4d34e7253eb,17.9
d11f59faed0f745f357e502c28bacfaa,17.9
94e3118c33c6c87d5b4935c8c378f9b1,17.9
ae675ca1c9b7dea1cf9d85d2bf5af9ea,17.9
a37ac9cb206c694271dba8da8c53c576,17.9
3999c492cf5ba2461d5da388dbb28aa1,17.9
5e47108744501cc098879b44a9252a03,17.9
0a8f659aaa705fda5dc6294dc1f3f301,17.9
2281c16b24e5ab1b782509f52aa8f4b7,17.9
632c2bbc016c9251e9856147d786583f,17.9
c5838669c422a56df9a158fc2acfd297,17.9
c8939d8acaceeebf85790ff318c89d03,17.9
e346b26187c9fd7380d7cb6b11a0581e,17.9
e37686cb4fc731e244b925f32fbca501,17.89
a9cec8d0f68e304ca6a977fe4726e4ac,17.89
1f65ffa28b17071b335111d630ac7837,17.89
d47b24ad0d00bb48276d1d0052a3dd3a,17.89
6d08c7d6519195b5b938b7d6e1588638,17.89
6ec28820c95f4830ffd681df551a2531,17.89
b1485077f1679d1b2651d9e669a27bbb,17.89
4c5307b6e161dfcaef72525344e6d663,17.89
03a3b2d52dbe4375adc3dcba1e3f3ff2,17.89
2ec1e1bc0a25c79be9791d4f34045824,17.89
b1a839fed20b112e2d3be04599d82e72,17.89
5226d2384cbf25b91d36e3318170e479,17.89
18a08b36c7911eb8a4d910e6b02518d7,17.89
213ade63ccbbf3f5db55a254ea8a96d6,17.89
5d8770e1e5351610824a8a05b6587f3d,17.89
28d1088c5d8ee46242a50fd06f116e63,17.89
d2be4369263b5ac03ffff07e2aa63967,17.89
fb40b407e90dc1ba2d6fbe757fd3e9b1,17.87
74502fbbbd38239f24de0a6f23fb80bf,17.85
a3ad7d3332f7772547e2b048ecb3fb98,17.82
3b6f584d425941c2dd51374691d45dff,17.8
8197dc246c4a83cb58834c3495716dc0,17.8
9574415136385170a178cb4497477f0d,17.8
78dde783f1d86bc60a9740ff31937c39,17.8
53b4516c100c3d43ffedcef633837511,17.8
4773a6473ca23c156f7a69ec38d0eb86,17.8
3d511c4a8201a48297ad8de9e03dc991,17.8
a9218b908b70a833f1453063e63babe6,17.8
3aa3ea759f5e05fa8a02c9eddfbeb090,17.8
0df487c45aada9cfdf07f6876f970af6,17.8
4d23236c4d3bb44a62b0693bfca5fba5,17.8
3830cb83469e25f0bce76b907d9b61c2,17.78
1f1bfeeb7e84fe26c5abc584925fd4a9,17.77
7b7e5711bfaa0c6b06bc6328453fae8b,17.77
12d69fce7a250f435cf1a184a28e030c,17.75
b3df14e2e91fcad2abfd3854ccb2804e,17.75
26c075c0de8b8fdfbea28238b5ea0b81,17.7
2a2bc4b0a26498448f7f6a887f048bb7,17.68
6da0f7621f8577373f57815c20cff9ea,17.65
c1b41aa8cc67484698faea4ce1674f30,17.64
a9cf2d516b52eff855210976c7fd1772,17.63
942bd5ec97f21527d55a279894d268ef,17.6
d3aa335c99a06c2ce4cdd19fcaf444d6,17.6
905e35fa8c58f52fd1443aa882e99587,17.6
ba36efa6ed0c72bf1a9441e025812548,17.53
d7e23a70c73c442be1e0ac710cff8ac4,17.5
7c4adda4554d84672595ee1b9fb62c09,17.5
edcc48d724e3f75e883641309b600474,17.5
180fc8ef268490fce6b677eda443ef95,17.5
c386ff8172f841547eabfa60b2f4aea5,17.5
5a48aef534e60b444f54a22e2afabc6a,17.5
b0414648ea181ad51b800a1a2d5e7503,17.5
6e2ea2d31a295948feadd5a4fb03eb26,17.5
b0609dab56252222b371cbe135de0abd,17.5
bb2989af92f629b7a640c4132c679033,17.5
5f9b068d5f22a5f968d9b2f7e174af80,17.5
67d919011e9111fd930af9c0e3e016d5,17.5
a6e269f67f64836f3ea089d0cbd3e846,17.5
2e1cea1baac7c5009630c0deb606f44b,17.5
ea330ac50b0b7ea91f599e2626d90300,17.5
3caadfc7a9d597bc39c06f5687229471,17.5
f71daf549aff62ad50e839ea1086d9a1,17.5
014b7917072f3fe8c9ca37d4043c31d1,17.5
547c1c5240ab52551513cdd2d3ec52a2,17.5
66af94f0d6175f030731ae8ae7ed580c,17.5
839d333b48319d322360e011c1d31c75,17.5
e92ae045c172be60e9a7895d14bedd8c,17.5
5134baea6a4f11251fc92a2f358dfb4c,17.5
0e38ebde5475192a209a76a8d5eb1764,17.5
82dadd35c959838f756d2e8f3ef3f330,17.5
d8e4093b1a0d9885110b24a74feb6ab7,17.5
40f2edefab04c428afda7406f7c5bd35,17.5
e4ab65a0b4c3c3e0fee82f90222c4618,17.5
900a671e292964b344e101ca2e529adb,17.5
85fa08abb6d9f3bdec5bc578ee0a1b39,17.49
a9ad270c13a3ce68bd61705c3d95f99b,17.49
b351081a9a2105dd6cf855adcd7783c9,17.49
6450a6eaa5bbcf30b86871cfab0c37b9,17.49
bfd018af662649c8de5067e6564953c2,17.49
b69bbfdbaef0318db83e5351cf4a3059,17.49
b7a967989bdb842c391631e30df67e47,17.49
b31e07b7f3a2cd0c8172ee7947e7589d,17.49
a8f6bb35d78515a1762eb626d52b6352,17.49
c8123bc552de0c29afe117c6911d7fd1,17.48
12124d576ae42436cb8c39b2623d6e5d,17.46
d4028850672d0f7f8158b06d9d381247,17.45
f84ec948b39eb0b4c9968d5e4ffe36a0,17.45
854e4647a09c84c5eb8db03e6328c2ef,17.45
23d54747fa4cdd07545f1612a7fa6927,17.45
00a7f6b5d305216d76ab1accbfe123b9,17.45
7a24a27590128a1f2925250e63fc9670,17.45
bd371cfbb78aa6bd8d2ad4dc52565d8f,17.42
01f7155995c6d4cda4fab4d36293d80a,17.38
882f7747fdb542b2bb5c9fceb2013862,17.37
47cb699aff55772778a179d9a6b32bcb,17.37
bca253b7b38bfe69a1c54291927b9bbc,17.37
304a41e167c190e1d39396426f0ba90a,17.37
3cc792173620bddd0eb03256cd379014,17.33
d67409b18fea6a27c87240f38798b20f,17.33
6ee22ada8a9881962afd56d62e17827a,17.33
0e8c082d3f791f7a8e681a8afbb3853b,17.33
9fa4d146ce24e8a1fe04853edbc6953c,17.33
d740683d51d1d54dc4dbb5eed9b54d62,17.33
3f136c01368022773885be0b582620a2,17.33
c65cc979e875a8613c71751052bf138a,17.2
13baff7a51d9e50f8208790bbde38b89,17.19
b7edcefe737a2bc9a92eaf9feb81fb93,17.19
6e1beb08ef00ec7067d3615e9fee3958,17.19
2372485d851ed971042496b0515a048d,17.19
45e75c3c2302fabe0bd490f7f350bb57,17.1
4baa14dc11a125b429a40f3ff20a52d2,17.0
f315c4f97490c871a95658402cb49d73,17.0
919e71e89a5acd45b0d25d59583b63e1,17.0
f0529c2f06ee170b6dd5d0a3ddb7a55b,17.0
d9b8724e4334e26fa4d3eca0d72c70d8,17.0
8c0b305bd4a7d01a811b4ab3f1f72cd7,17.0
0a597a4cf23ce9647ccd5d0dd07a11e4,17.0
87b727a66787917ed8a0cbe4bdc57acb,17.0
bd4fd209460236b28e1d8d7537aafec9,17.0
31741dae8c3f634f2b1af9474b8178ac,17.0
fedb7f806e8f65e7ee6fa83d24cfc49c,17.0
f0bb4efad51f4c443c8d80330dbb5bdb,17.0
4098347614a8158c6d16eefc6882b29f,17.0
3687139e02b5d30a66b9bcdf2cba3bcd,17.0
b9f1e74e29e518dde4d453acdcd1c7e6,17.0
40c2d7b6a7c12eac3403a30fce65d3d8,17.0
a04a886f2e53033d0e01eba5bfef02bb,17.0
1ba98719bd1a96bacf6e1f03a1a0c58b,17.0
c2262c9f09c9270ebffced928898948e,17.0
246ddb2dd49eae53ce1695190d61fc24,17.0
1c14a115bead8a332738c5d7675cca8c,17.0
db0e1df144d773611064d46bb16e33b1,17.0
129a7bc3c739aa7408c39e551839a416,17.0
d56acc3bec3115a4680b479ef65e4917,17.0
8a01407aaa1f8466d91ca61353a5a469,17.0
2f7c58a76f79b264511460115940754d,17.0
09714b907f40049ef6c7e0db105e5fa8,17.0
d14dcc33d06d94ffd075c4ac9f347f8d,17.0
d3b11e1b5c7ab076348544e22f666aee,17.0
31dd6b1c9b6c27e774c03bd264a29bf1,17.0
9ae48a0f54742156dd040707e25070c5,17.0
ee38123eeeb0786f8e6b186158a7b080,17.0
f2c7fc58a9de810828715166c672f10a,17.0
ae2424a66e95f739497a3466651874fc,17.0
39dea79a06151bc11ae1cbad542257fa,17.0
24e9bfd67b1e20cba11c64fcb1cc2663,17.0
331d79b67223ee7e5cd31d3e03e4cfcc,17.0
5d3507a78913086108780c26aa502cc9,17.0
7352a1f0a2996c749618039b4f1ddacb,17.0
27e09361aa7ba406bdabbee77fd5f4ee,17.0
050ad1d637ed92ecd404ce115736e73a,17.0
86af59110d1c4598a7932ee65fe2cd54,17.0
add20304a689413d6c3efe6f92931fa7,17.0
715c3c024f765fa1c0f20c9bc383cecf,17.0
c70796021032284b2a81ee9fb544ebcc,17.0
e3b123e6a82c25b2bd82e14c8000511c,17.0
2db279bb09cc600b67ec11ac305ad8e2,17.0
b22eeea84d8a63d56ee0ebb6ec8e0ae0,17.0
5241ed0e4d93873261b8181b7f03f038,17.0
324c9f379509b9746f28abfb4b235b72,17.0
dc346937cb5225f924af026092e4996a,17.0
8fa2c6042b9c1428ed48421012241e65,17.0
1756068e3f68f0b5f318af25ce1ec988,17.0
6e00d34e9006babf73c9b1056ab870fe,17.0
88a98577c0d60c958eaaab2bf1e57f2b,17.0
ad1d816777885a62a3a72320d21861a2,17.0
2d8677d33307ff33ebf5f09adbab10ba,17.0
ea2633608fef50fcb568b3ee347e4345,16.99
8396be4045204d3e3af9cb77f8a230e4,16.99
378bdab88fcf7182b0d5c82dd755c3d4,16.99
fa1d38e22ef098c914de262f0f6d4c22,16.99
d8a448d4a6c91ce90242692a8e5eb318,16.99
115997dc7b4f2fd1dd86d121d3cf4609,16.99
d219742971396623f8e4730e2e659dc9,16.99
7d92552ca1c36174505158f5d593f835,16.99
be88767a68a1ca08f600085ceb8ca6ba,16.99
8c2b715bf064c3e88d99dd7da3e97f7c,16.99
f8796d13691eedf993154321a5798732,16.99
fdf2fde76977db18487346f9febd301a,16.99
b11668de4b31ae737a17321c8bd45876,16.99
6d97521e6f45280a193f48c4b7cd5ee0,16.99
07f6fb547bb1a375e6aa04a39a87bf2c,16.99
cf97ee37711c253f86497974524d479b,16.99
b417cb435c44229b6f76ac61dccc1dd5,16.99
27d2e4ebaa061c90646c53dce7079645,16.99
c31d9761af704d503a10ed3cd310ef22,16.99
8be125989019bcf775e60ddb2a043fa9,16.99
d0b25c3ff06f89424d29785b8142901d,16.99
321677fd4e060edfe35b0d16dbd36887,16.99
ee548be15e31ee5e3d954f9a7bdd3fb4,16.99
dbe0f00a51158c7c60c7de899c9562d9,16.99
59f4dd80d16f476dccdbe212a555896e,16.99
0ebcaedcc19c16f38153ce813742e545,16.99
cddd3a48c87f57e5e8a07295e48cb714,16.99
c9ce34c5516ddcec0c7570ce12fc1e4f,16.99
3f4ea183de6009df33cf21c4363cb2f2,16.99
9d79324671ea20f5452fd06368100c5e,16.99
ac5872796a8e17fa078a88cabc2e4578,16.99
b3c6494de5baef8c18808390603352e4,16.99
cadadf5fe2342288eba6886d54fd9743,16.99
eb93503140aca4af3794c611805b35f2,16.99
70299e106f6e6cab75bc08777a3a4480,16.99
dffe34ca3527d5eb4d985e7a3ace6b27,16.99
b063701f756fca574fe2e421b86c6afb,16.99
fbf5451e738fcfa9db314282cf63e42d,16.99
4d2b437b97759a4c9aefc82f29621458,16.99
d7cb6c77acb5bd912606201673284b67,16.99
f20ec16f76db30b1d529b37ad9d6c46a,16.99
04c988f07a548026c43187109042f220,16.99
3b396314ce0b8974b7061c0d11212416,16.99
83912c103521554377deae82bbb82944,16.99
f6cafffea98eec265ab4cf85e499141b,16.99
31927091c573028dee0b8dff8ee57309,16.99
899400096395390baa4eee908a55dd73,16.99
bae93c8b0a1a8645e1d5dac0dbf091af,16.99
d4841bcb0302d896add35234553d95c7,16.99
db06dace4f0966b844c9d8ef3caed3f1,16.99
ac61866eb49bc6167a811bb5dd07adb1,16.99
5d198c71f07ca2f27163c5f04205e1fd,16.99
e97a9968c444502cfce41e23725952e5,16.99
698e74c33fe7c958024f07a31dbd2f77,16.99
49a7483702871ea7f7c9ebfbd53d0777,16.99
3d0f4dd34ad4f2a1401bcc7faab27dbc,16.99
6d2370391a400e5f408a86ef70110bd0,16.99
1d26c126f9597e1a7ee29449ed714258,16.99
777f62d9fa8a90d9536308bfa4181ab5,16.99
dceaa0645724c27d40672b248081aef7,16.99
c9b6e2c05db6b05a84c5e1b1a0c4ad05,16.99
aa3786278a1e9d945489c70d6fbe39ff,16.99
d19813c8754cc82d0add67df8bd8a38c,16.99
aff0c0e7798a7fef6652d453c0121eb0,16.99
b49eba1395aef88d94f4fc14a4484082,16.99
3a0ca1b758cee704da2237c7108310f7,16.99
55e7ad193ea6e647c4c78a48a616da2b,16.99
24cb93efb2875eedf1c9873baaba03b9,16.99
aa07a30179954e45af84aa94003d2174,16.99
9849e664a01a9e99e07fb42f32a2fccf,16.99
008def95c3ec7f58d2cc8f2b1d2c3feb,16.99
c9191161c0f5334bd26ccf9568d30d12,16.99
efb36dbe96cd81027a82637df5bbe63d,16.99
dc20dedafe13e7115406d0761505b778,16.99
8857f9335fffcdd1a4ac712aeca02cf8,16.99
6d607d5d7f46610dccedc75f2da46aa4,16.99
364459e1449293f93efb99239e0494d5,16.99
94022ff13dd60ec046554d25daf2a926,16.99
760a013f293370ac8661971c593fb4f2,16.99
fb1f59ef5601ec548e29f2d3a5b0b7c9,16.99
35c305ab657a51a698c1abd317c59db2,16.99
3f4ed4ea26d4071fce11eb57d75eac27,16.99
797525177b28cb08ae6d244ca133823d,16.99
1a40edb85ba950154eb344793640676b,16.99
f919a99c4dfc80c441d75f16f93ce73d,16.99
894c7fe4f4e9dd2d89483067dac7437a,16.99
4f26879337390e61318a8a4fd192faa3,16.99
d4d0c671b6edb07d134c7c44856f13d3,16.99
0bc6abbafdd2f89eb203507e7f1fc11d,16.99
e1dd32f68184a750cb46625e96cb5c36,16.99
b873918db61e889c411d5f027e87145c,16.99
eb7fff6ffc8d18a259c9612f642c70a9,16.99
d409480e5edd252e55204343122c0286,16.99
08413a7d01b73094974b41e36cf77094,16.99
73a888920ff9b346bdee4b1fdccde84f,16.99
134224848047da7d93f50ce13565f1d1,16.99
c7fd4137af4a1ebf4a28aa30e59c863a,16.99
ffe642291d0c94528389d64c07ec8341,16.99
9c29746c15ba972bc51e23fcdc498216,16.99
3ea603c7a89cdee5be3922da063ddafb,16.99
b567379ff604724e8cd07c7ea01239c6,16.99
fdb7e93904c944838363ba364d85a402,16.99
2e172a2f3360de6161cf4182f0020848,16.99
b5497c073e0cc7f337a46cc0c423a0c0,16.98
e075fd158936ca4de443df6b60e284e5,16.97
12d6279ed7cea96f67b94e2b600deee1,16.97
5181e6f1eb922ea7daaec1d9f06aa7d7,16.97
3a8786a9cc39793482bf265365139cfc,16.97
26bd92c58cbc9acf8e286bbdeea7ee61,16.97
812cb8713f8e4fb2e07a9b5e61d86add,16.97
47377a11634958c58ce218a27af0854c,16.97
d3e4ad6760adbf81d8b379877e6293aa,16.97
18fe8875aadc2329681fc8e335d0a984,16.9
98429ab5c5f97e1d0d1651b16780769e,16.9
f842c2c3c4ae59cdbf1fe4251f92f9fa,16.9
0548b4ebfce3d7ef4124f59d904578cc,16.9
404625763e1fb3d80a8f2b984a19b1eb,16.9
2d1463ad7008ad1ba1f334a900de13be,16.9
c46c509b0f184dbaa98821e375af3fbc,16.9
0841a3b87693f387daef11ec89e33d8a,16.9
888d2ebe1af2a8c93c75dae5dfc23719,16.9
a43dbb1bf6bf0370736768de1e7210a8,16.9
2c620d5ff4293071bd05cf6c29818854,16.9
9232215e0cd2e157268266f474ca3f11,16.9
0e2f340f632d6786b3652a3e4c175c56,16.9
1d9af62f3dee128ca98cdd0516598244,16.9
ec1296ed57da70c92b15ea79e73292bb,16.9
7887f43daaa91055f85b6dd23cccdfcb,16.9
959367aaef568c17e9c7e43bfaa6d97e,16.9
01993877990b2565abd4e3d741c45b79,16.9
27a415e36764df78a83ce0f2570e348a,16.9
d12dccb5ad6ed9f5b436c3f5b58c5f64,16.9
5debccf4a73e7443ca65bdc18b606e86,16.9
ef3ad6cd82126989fb3e389f6b9c54ef,16.9
12a2c614dfc8926e793516b1638c7471,16.9
ffa36f901675ec7bb972fc9c0d773d1f,16.9
e14caae45d0f7c4bb3004265eb1c4d5f,16.9
3675394f0009e5824a8267c5e1ccc2b2,16.9
b4e75503e84a8d6d68d2ca27d627f085,16.9
8a006c2603fb1069e7c859c6459f3f85,16.9
990bde3076343bfd17ad481ad171ba5e,16.9
9957ecb94949e7bdbdf431e5d1388543,16.9
6ed4624199a0bcf855a11dcf9be6e7a0,16.9
b9543736a1c64efd425d1fbfeb613771,16.9
119a9ef452d2d57f1e9273cb14ad7f20,16.9
456664e611e20956682bafced4ecdb19,16.9
9385cf864be9db1cdf47e4f45d3bbc6b,16.9
5b37ee1bdf9b75e312054b7b4c3c5264,16.9
c63af7127225df2f73e46d15ab662a2f,16.9
8defe1397196855efc5abc7f4a806bcb,16.9
8acb7867a1b2968030d945c538682170,16.9
99e2b41b1cc2e2779110f22a874e0416,16.9
a10b24d46b3fa4207038ed45fa1e5d9c,16.9
887161ac86a185362955d1b9383647ff,16.9
83926b712b383efbab4d2ecc4a3343a8,16.9
ec3c0a625a091d8c68116c7dbe1ce6cf,16.9
815521f5cf1f66880d30d192f5935a9d,16.9
2cc52602f1e7839b508eec87bcddf2c1,16.9
5eefc6c2bd7d572ca6fedbf4bc92f495,16.9
300b8e97afe5517506eb5fd157b3a9f5,16.9
e15fca521af3faf8a594328be6350905,16.9
474c28d22197efef5c36759ee917c242,16.9
b39004c388b1f2b9191a927a99b6cb79,16.9
ba043b6250cc452f41d5440280372aa3,16.9
0fb2c6fb8cd166fd37f894932d1b744d,16.9
b9d1a42366ca3e231229b9eb192dd949,16.9
3aac1b9595d8ad08680f3d00d5afc432,16.9
6bc3ffbd5f0156bede1e8ae7ae9a32f3,16.9
dd96e8ca7d7dfac2b3b5632801e5f106,16.9
4e2c2516338a95c5199f59106b5c79c3,16.9
d203390b72cc70cb976b41a67a236920,16.9
fac9298d311758a73a72867d032ba175,16.9
606ce29a35f60bf161e41d4ea848b9fd,16.9
531262526865df96d0364f70e06eacd0,16.9
da1f466f842c43c7cca930e1edd5c618,16.9
578a8fbd0a1a4e43ecf996beb30dd22f,16.9
02cb3a8ef6e13d37560379559e2f533d,16.9
ebc2505d558c0819880f9d3da77b94ef,16.9
b6b70c77dbd33d427f330cbd6296002d,16.9
0a02439f8fd6fa72b2aae3ce079e553c,16.9
1738b1d50bc283d77d891200308a32bf,16.9
cebc471c85bf6d400cd4ee8a664f8571,16.9
b5b31f61fcebfbd7440ba9d0041133f9,16.9
2ac74984a4df56e59f8b0a0703c856bd,16.9
7a2200e2874f707b17ee37bbe7c0c969,16.9
0a360ae8dbee32ae6366ccdce8af4b84,16.9
e14fffe9e8a1c37261430c6f9c7a96b1,16.9
540b9cf91ccba6db4e12ffb269c5a2c0,16.9
f3718048122cb167994a9aa9fc671411,16.9
8d43602a38aad2e3712856431d9c2f69,16.9
c4fd732e1aec2b4dc65d4e3bc60c838e,16.9
5c630d7e047635a87090316b73975cc7,16.9
530d6fa633453c225358c8c3b1ca6eca,16.9
0bf12a8fb9260f4cb9fd1f79618fc2ff,16.9
381408c4cb32738d5008a1bfd66d6e4c,16.9
60eeade25d247c12ed374aae5574282f,16.9
b89d58bfd8cf424d18ea6f6a84ed311f,16.9
33a232f7b7a529e24eb77de5293d71be,16.9
4174d5e8a7e5d999203b1ab2870459e2,16.9
2bef8a5f3e9494ab114d8971a6ff2ed2,16.9
81c2f8fefacd9f04618f06ca1772586b,16.9
23876fe1d024542949b72bf5e7e56d7c,16.9
a0805912e4e6da6aa3419ac83ef9ba57,16.9
cce2f2a4e26c4fc0745e71f78dc6f862,16.9
d335fb5b83260747ca49f8d159009e09,16.9
7033b3fb50c15b971ee2f06620a9d3c7,16.9
2bf11acc3fc73d36519ca18da97dd2d5,16.9
dcafbfbc1eea5df012f963003813261b,16.9
ceadec4bf904e52ef6294e93d45b8b37,16.9
9c35af750f6493203e9f84b7d21d3493,16.9
1a804744ece7190d49c6d127d5d743db,16.9
e7629e1a9eeec0931a10225eaf7603fd,16.9
6191e4aa85f059f9a7c75f5ce1c72835,16.9
4d0d910846be03dfe13c2f94c85554c1,16.9
75d102f790235016643024b79bcab5c7,16.9
62c10a2e490b6fff0d3b216c365f6da4,16.9
a9c9fc2ca98560e072e73177c7046e7e,16.9
7edc172be2eb9a2b916b7c8bd98b8b65,16.9
510afdc891236e163630afa457975472,16.9
b7d2c0ccf5e66c2d1c496d6a8250eae4,16.9
f9024417b2f52ff4dd543567e4751214,16.9
fce0a38ea4ce9584008af2e6fcbe2f04,16.9
7967273ffe4b8e02d0fde3762994b1de,16.9
e806123c621f001a180cc16fc4683424,16.9
ac3449a61dc03da96d9233a8557f1499,16.9
60147e1fdd1258097f8cf4adb47a7e0a,16.9
9a13b7fa2df5ec634cb5976199715799,16.9
5c5f995da84552ce94049b5b1600d037,16.9
f2e6426b75732148c1fceb5131c79ac8,16.9
e6100145f88f78edd1efdb0e643dcc1f,16.9
c903ba1283fbd5c51a9bad4ec9fd8d97,16.9
2546952cfbd39e4f95b50be232d12d8c,16.9
5bf659be3540f83e2f8f4dd67fd1dcfd,16.9
b61d34ab39dbf2f98da1823e2eeb7eca,16.9
0bb18eb234e80c2f203cac31f9b03078,16.9
43c25909e5bc84761daf594a893254dd,16.9
351a70ced211e5f92c119a0b7a72090b,16.9
9967e7656abecb71be5e607f33221570,16.9
ba9aef23b79c16ffd75994ead61491d8,16.9
ae3fcb88644f6583f941c264bea31b1b,16.9
e29647e5f2967fa8de0b7cdc6c243ecb,16.9
79da4122efa01df877a02a7d0d0b58bc,16.9
8769df0587f504c9408b3d1a15fddbc1,16.9
a7c556ca59f5d0c765380ddafd09941d,16.9
cda4ace9d3488ad26d62ad6e0d006ab2,16.9
30f735a941f2d39ec866c4ba349ee5c0,16.9
5d9bad1b4aad6061f0b26c8b58291a6a,16.9
93398976408677d44139e085d01c41a3,16.9
a06524fca9b83c46872086690bd3ba2b,16.9
ebf72fbf963af0122c1a4c19943373ac,16.9
82596b31c304bb395d531761b21d8ec7,16.9
b92bc296adaba8e8ee97032344932a59,16.9
ec126b0b2593214b75ec14893b15d9e5,16.9
4c6df85cd1c9c4aa1b8c21b20ba83175,16.9
a90a58018ba607a42d2f0c56857fe3d8,16.9
81873ffff1e5af1536b3a98f13d8c558,16.9
eadaeca94cdf0c4d48a937d43155953b,16.9
1212da3795e784371c8305d0e0dae7f8,16.9
b92024fd84c1d4e5308b4bc99f092def,16.9
e0f0e573de9eed01f4dbde5f9323c48b,16.9
3a4f2ca546552859fbee998bc87240b4,16.9
6d8551f3b072783a0527d92b481c0c47,16.9
d2e0e7fa94fbf4e2a54f40fa1dbb13fe,16.9
9e75a8ef6dc30d23dd4dd2b3b13a931d,16.9
a1940d4b5b10dad0932c10d510ef0694,16.9
6da5ec0d3eb50c441e521842eb1f1fe2,16.9
9a509b4432a9ac9a3360fab57b64269b,16.9
321d2bc7c3bcd8475d52d2cf4a179c37,16.9
3c01e794e3628a94c415f171f9f6086a,16.9
bdc70f91dc54953d1be0ef76d183c5d1,16.9
96d454cad1c78eabe836db588844f533,16.9
8e622647124e45bc3c29ce3d7c9cdf25,16.9
5a614e662afcf66da8c7bbdf13e81c50,16.9
a4c35f9b8c018afed6ddd51ddd89cfc6,16.9
83137b77c6e808c1a38760af8b0ba7c0,16.9
63a888e54bc526210f7ca0e87d5e0746,16.9
37e1e85933b178ab35f10dfa332dd4bc,16.9
94ada3085d63aeb141e94cbf631078ce,16.9
8e0d53f24ac9d60553a339b27c9276e2,16.9
4e301353a2036c4e1a67bf0c259850f2,16.9
9e925aa5944b07603d9db492ec1455ee,16.9
9c0f4ac6b6891be32bf81369e8bc1ed4,16.9
4ee340fb8a6d20217eeafae55ec62796,16.9
63d397688659841d08cd59d712547315,16.9
972b476f4fcd4d86bd5cf2db61ed7370,16.9
a4f81e9b7951f9295bc9286fbd48f7cf,16.9
f1211d93e1993b500519ecece60e5e6e,16.9
bdada23b09891540da8555ab278a5fa5,16.9
9b1235a30973118303a0a017d3b5793b,16.9
02c485a8c59f6c74791e5498f5e7cfb9,16.9
c15eed3881abc9e06763c989679c5094,16.9
c2415c8295a7fdd394202960f3d8b061,16.9
219399e5496f8ca1dc6f68753131c084,16.9
92f1d4d2f1a2a03f858f7afea11ff0b9,16.9
948f067df4cf5b2c51054d8a7603aaca,16.9
a01b1970efe8b573e00c01cf5ef8b758,16.9
96394ffdc6e79741b4b319e7651c4434,16.9
cada61a3712a4c8ba5d7f30dad2b454a,16.9
9aa6f4346dce412af1c614f252bebcc0,16.9
52a9800a9341855f5ebf8b0b8b1fd906,16.88
1a8c14bb8ab182adc166183a2f3acccc,16.8
7cb980ea48f7332f0c397cce1a900e59,16.8
ad3027360ab7ff592efb16fb347d1e1f,16.8
7a09c60239d9f623cd85ab571d9880d7,16.8
7ba8bdd359b397be54d6e280b75b0987,16.8
022f4d871399246624c353f06712cb75,16.79
627ed432c94cb78c7372b6f7cade43b5,16.77
3834718ee00bf352e16022c27d923ef4,16.75
f6a3f0516c41a4f20f40eb90f5b33c57,16.75
b91129706b580d867531feec323a1fda,16.75
9239e5e8adf3005462a81ff994c43941,16.72
034ec80100c45d578f08af297f2b84c9,16.7
15b897ae00814eb17fcbd3adf06e0e1f,16.6
6646b608fe21146631f6f702a50daa88,16.6
4c57350878dc525a21ffc4a75a94af37,16.6
9cc68dabd982b73d1e5d270a58bb59d1,16.6
78548c56d5d9f8060276d460af6cf6d0,16.6
3051f59342fb567ba3f8ce50ad4ea5a6,16.6
e8b93510292a2df1c365df561cdc1347,16.59
1834fd3fd3fd0ed679587598e8b6d980,16.59
bee721b303a846631fb342854dd624e9,16.59
d927fb1a7573ee0227e2546f5b2ac302,16.56
5a530074a06a772c8a9a6bb90151f04d,16.55
149a7003c8eda15d72fe457aee6501de,16.55
81a76a63a0bdfd0794353b2bb1a33bbd,16.55
b9e06a1af0969890a829b391cc05cacb,16.55
0a2e46d5bf599fe5a55cef70be8ac956,16.5
a8964a039cb8b2f64c82ca3ffe3a46f9,16.5
8ce18cd05ef1610b491f53cc8faf9b7b,16.5
c32f33e3925ff7ae6c926ab877813c07,16.5
7aa906a456a94b0dd1b0eaaddc0e8d50,16.5
cc1d47ff94567d1845c7cd5775074dc5,16.5
3a3899143b64ff601e69a8ff2b31d7b8,16.5
c8b247257712087d3db0b8d143650baa,16.5
077177a6fe3f9adcdd96ea9c4aa0d524,16.5
d5eab42c34326d5501a83b95468c2265,16.5
307da6d998b08b4265bca9b94eb21d79,16.5
0e5ba8e1148c8f30369c02dead8834f3,16.5
db67f7fdcc6e85b2d040459c6fab854f,16.5
19d0364bbfc4c3ff2118c129df5887c3,16.5
73ead6b241da31474e4d66421034ae6c,16.5
a60d40261ec9375242b49a6638016a53,16.5
dce9dedc0fe9dd0aa2ad7df80d81b358,16.5
41065d9dcea52218c3943d2eed072b97,16.5
8e2f6ac5748f3612e7b6662b99f7a7c3,16.5
003e45472805afa1ee701d83284fa22b,16.5
16762c606d8fb8248ef79a8829ced0c4,16.5
48dac436905723c1a5cdaf40bb3c01f6,16.5
cde9e63cc5a4d4ba61844463089a1fc1,16.5
9a4e8baf114d19db444cbef9711f9536,16.5
cc64309188751727fe403d8570630495,16.5
3524f26e642f1815c236c83699035b69,16.5
02221ce26353d5226d768b03c5425cab,16.5
0603e61027d99341d08fa2c64fdf5915,16.5
c22d019fcaaea90eb321c0e08f9e7d51,16.5
deebff8a88f096e12991c0f1caa309d3,16.5
74748a33b4214cb9d8fa8919641e76b3,16.5
5626650d4ff662ebbb6bcd7e126fd6d7,16.49
fa2f27ff8c51f5aba5c31e878af932eb,16.49
c386aa441b01ca7a484d2763114ab2a1,16.49
605752f4d495f9a3fbd06c76517694ca,16.49
e07ba807ef33bcc2cb7e25dbafdd6a61,16.49
acc2c3d762c6b918a48678e79f77e9be,16.49
96a27c3f6479c998aa26265070853e00,16.49
7fe022a904d647429c6e08a8f34c9b22,16.49
1fc9900fcdc29bc77cbb2125c60e2209,16.49
d47f8741df1a3ff838352d123a9c0a0e,16.48
0ccd415657ae8a6cd1c71b00155a019e,16.48
5e3a2c72ada2b3eebb4e370ef2da4073,16.48
0bebec3578296e4e4ff216ff6037cbba,16.48
ea349155eae33e9e9b9bc80bd0182924,16.46
d8ddc91cbd5d3aa4c618b8620c57a9de,16.46
29f01fc9468ddaafdc8f0d61e244d6e0,16.44
ca4bcd691fcdeebab8be6cbb8bb43e95,16.4
608fa8d834caa1d24ef0fc83a3bd9617,16.4
9a5d924627d29be874b5c2acaacb397e,16.37
d00bc5e2fd46b561aa23416a96f2178b,16.37
86cc0af6acddf198ff26add9318add1d,16.3
90fc6c2434ca10afbe89402ed29897e2,16.3
77682d57b408ae4e966b75af24ce0022,16.3
6656caf59604b25703d86b9a8ea0f814,16.29
0e9eb3e3b8e61f91e5dc792fcddb8dd3,16.24
7a1cfeb806ebb04fca2103766f26e08e,16.22
8fcd113dea7cad87e66f1d76c4e25b8c,16.2
b05e470173dfb81aeaea55359fd35db9,16.2
187a820d7c72e9248b35ef98df3438c5,16.17
94c5e671539f03f926d1edcb9fad4ad3,16.17
5673cde32ce3810e1eab5570d458d827,16.17
ae4e9cb78e4eb89324f0f49e2525daa4,16.17
55cec9069676ae68832c46af940b9f07,16.17
786f127aaf29002193d526221dd85679,16.17
520b0063312c190bef5ebb63956fb223,16.17
d5b758eb06118bb42e99c0d2b9ec22db,16.17
4e9bdfdb280a2b7b1c13b72a01758b16,16.16
2f3c6a44d1004ca2f111908e3cd383b2,16.1
ccd5f93d7fbea14090e5178994049583,16.1
819f78e040c8f6f49bb5a5d2b9894018,16.1
aa4c9ebf1ab4d645556cc96679f4cb92,16.1
7534c433c432943e5dfe580148176282,16.1
2de12a5fa829fedc2d04da8db32bae05,16.1
f0f76dbeeb66c9fadaf92fa912cc6248,16.08
cd0dbdf1e0c62296278fbf3133949247,16.04
5a9d3c4872061027501d59e521a4a65d,16.04
45057034171e0faa788fa42f644dd62c,16.0
f5fb607023e0fc2c3b8443697e399403,16.0
596ab046937142ab8dc0fb942538d9e4,16.0
ec0c08af5c172f4e494932f5c75e4458,16.0
e9aea06ea89f977a316cdc731e0ab7db,16.0
c51cc0a06a634f8b31917bbc0600619a,16.0
76456466e488ebe1a52338c4df13f15f,16.0
34841093a29dfdd41748b1df314e6580,16.0
7092109e11d8fc05620830ac48b5c8a1,16.0
a3f5a2fe818a772eeea15149127f773b,16.0
9eda2878f66c83472193962f437167b6,16.0
f912814f2194d94eb7812af045c5bfba,16.0
d0102e25dcd29c32498542f670289448,16.0
48dc227fd17db8b6dacffb7d2be80886,16.0
a96fed386e9f06ba19d204e1372d1ff6,16.0
7c5a2c71a28e416cdbf1226dc542cc97,16.0
810911a6f06c1ba2ea2e2f9410e4f05f,16.0
72d4944fcf1d48d6098ae39caa4f4bf4,16.0
0988135a29d2361384fd5bba17bf952f,16.0
9b2551bcade88f33a240d4435ff33634,16.0
4b572aa69b7cd61833fd18ca5a21d84f,16.0
927777f35efc17843aa23975de3010e5,16.0
083d0767ee04f4a01cc28835dc32d6b4,16.0
6bb83f8a83c23d64aec3dcb40008768f,16.0
47d33f5d74774737d2989610a84d1150,16.0
9c2337904acadc24d28193b1824a792c,16.0
415bbb474198e1203266c0117f438d9a,16.0
e69ebee136e7b65b641c6839b5f5e743,16.0
7cd513bafb9ddd55a2777c37cf1a7d6f,16.0
033ccdcc580c85fd79e294166214d562,16.0
a2d6f67ddab4bf3f030cf1efcf214c7a,16.0
a7fe9d419746fc1f2587bf3ca74236f5,16.0
a19fe9f70875f312739724f0ac17fe63,16.0
323df320706fa4a1169889c343831762,16.0
fb7e9a0264b2987537473967c3518c95,16.0
c1e31d9730c5e4ee18340930c3dfcb77,16.0
770e1923ad55d1a35e2c184986e917d2,16.0
3419ff5a5c40c1a5197badd7f0751042,16.0
0c2cbff091eeb8f51f5aff24dcf1e9a9,16.0
9e360c86b97c7458c2066f452923b976,16.0
d538c4e277ea9057a231aa75764ea5d2,16.0
1f567c8732fb5317d6ce391624d34cb2,16.0
9768e7491911a0f007cdefc7468ff77c,16.0
00e6ef8a68edd7a3d2221bcf18656b7e,16.0
29b9b8b04431dcb4d603a591d8559b85,16.0
71eccffe659a733fbdaf0ca49a9d1b37,16.0
7d350d56bac0a6a9b6c3e5ce37198fba,16.0
3b9b9424937310a2af0929576c3219d6,16.0
8695d6399992afdb418d4889beed5031,16.0
e7b54340e2a55c205e77d9e4928f39e8,16.0
306e7f5a781430174600acfec52a1843,16.0
497dd0ccf25ca6a7079db90a7de1f70e,16.0
9b59ab6cfb7bd290c9a9ed9e86d2ec99,16.0
263f9c5435d8e129f078c711876d1665,16.0
3839f89127a69207ac46a8c0f3269ac7,16.0
9391b0dc774425a1c033b640f5bf435a,16.0
351237f09455eb12770b331e3bab5e08,16.0
7cdc0c381865ebea439a62b1e014176d,16.0
34c21afe73cc4daec8c74993e55d97b6,16.0
050d71332d34aa50e009386b9d734d43,15.99
7dd0db78c015461ce1f44b90b04fa969,15.99
7f92a87826d04c93590c2c69200b9085,15.99
3784cf17b9988a3cfca0372c69901bc7,15.99
63acf2ff67f7e843a45a2201eb7bd925,15.99
9fba2d301c9a7cea309e14ab04074f23,15.99
226be7b82ca0f5e20c1050e42ade76ec,15.99
f159cc6c8e0c4582c3580cf716db5237,15.99
70f5029b46796e97905c9c193617e317,15.99
f463d27a26d6aa1d7f438df524c501dd,15.99
8b0f99083bbd56d7ff4c162a33d76847,15.99
ffb0327dd973137e6795f0a714f4aa0e,15.99
2d1f279054680b8bf048f693f51841c7,15.99
c6cbf7166d1b72d60b6217b90990d9bc,15.99
c49b7e4b867b6ef7012497b70b828e0c,15.99
3407820ee0edaaeaae79637f15c49935,15.99
d963cccb27b305d09ac741259e28a35c,15.99
df0e2cf8e8bea7f90addc0c23a52e7d3,15.99
33a8963fe310d610c7a1b0da4dc974d2,15.99
0633eae47988f27a0d5347dddcb736ab,15.99
b5f7c46d4c3f1a90f5c592441c30eba0,15.99
f4b6532c70b2307896e02a2213906314,15.99
75c822ccf568d44bb0a6066731ef9baf,15.99
d8b951d220b48acc62145865f7f443a3,15.99
1d1ab35efaaa5ca38a3b34695e63bf03,15.99
01f841d4c59e8b7634174ef72a75f81a,15.99
35df3e8a58fe7d040ed21c7d521f8711,15.99
76a7939eae2e618a29876360ad42fe97,15.99
83ecfad6ffb6c167292c8fca66042ea9,15.99
166b6f5eb9381424fe750256d257cac3,15.99
b157c66d52ff134b00bdc84727922d69,15.99
1def91404fa948308dc43c04f282f68f,15.99
ee31ded212eed1912b5141ced4ff9271,15.99
f4fe2dbe94714c74fce3fa1bd21b5e03,15.99
57c3c0a6735b67f29adb9dc4106c46cd,15.99
f5785e549589eeb67c8b89fd0702e09b,15.99
50d2c11cca560b2e450922000cd44d51,15.99
994ce8a078d9b40c268787c6ff42d514,15.99
5bbc72ac56e6c2d61f23a8a91a6ceac6,15.99
c77e6863cdbccae4fe453de9d000b858,15.99
182330337736a67c471fc5cbbe74dd22,15.99
b299a44de561de2dbfc8fa91dd704af8,15.99
98a99b42d086d32ac68864925c5ab7c4,15.99
6740924d90598652d4d7fa400dc6cb9a,15.99
27f41158cac3ac237d2936fcb92f5a50,15.99
5e3b89299a7d6e3e10f9bc6e77923f88,15.99
6c60b00bcbef919c1697d18c309a99fe,15.99
2efe3acbefcdd642ecce2d33d878fb40,15.99
5c662da3721a7e6cd69388f0a26c04a5,15.99
0d40823f18a472145b6f7bc7e5e03134,15.99
e37a08d28805582b1081a49c041a97e9,15.99
345cbe7930bb1ef014c4fb2881d41c21,15.99
c863ee474411523071aa3d34080d1f24,15.99
6c1899f9cc87d4f860492f9b8d3723f5,15.99
2ecaabb8e0bd2a2a316d07dcb3fadc18,15.99
5033c92efdd31473011c06f4bbd89e78,15.99
5cea701060ead4cc1a096a18ccf19ff5,15.99
5c3818ff5cfaa25dd3469b02d9425ff9,15.99
1a34a593e6d30a998c2c7307606ca9dc,15.99
4cdbc86f0f6629efb095f984a8701702,15.99
c8971b71955e69874ef99bb540f528d0,15.99
f5a22dd8bdd92589046bbf2614590885,15.99
cdfc3817abb437c8b8fdd0c9a25cd691,15.99
e04f1a56c179e5072f239aa83ee0b5c7,15.99
0e9a1a195d9e737e602ffc9cfe19053a,15.99
f2cb2c39dd256d43335ad9c4e0a088fe,15.99
0e7752ccbc011470fba6ea7c84499e32,15.99
4e9b99cb1af6cfcdb7f1b1eebf15000c,15.99
2e0bfa6011ac97514219d751ffb3e086,15.98
3b163becc751c8b1988feab2f1a9c992,15.97
972dceea95c4bf95c17d866c17dabc2c,15.97
17d8a7100117d98c88e8c259bac4b468,15.95
2b3c275c26ea00e57c5711171999f4da,15.94
a3631211bc272aaab72fad2aa11125f9,15.92
c570938ab62978b5cab459060bbb01f1,15.9
e51f476da7f42d729739f0c7011c69fb,15.9
f8291e8b8489bfd516ec56628058a810,15.9
10e63f80462d8c370b091205b8f6d005,15.9
3a4ccb2c6fb972d301b8f9edfbf81fbd,15.9
fc9a346aec07e5e6c9e6cd469aaba8a7,15.9
c1a881d78c63de5d2f1762bd7cca61e7,15.9
147ea8ab00e6417a666c1b9921b64be4,15.9
ec6fcecd3e931a460eb12b2c00a586f7,15.9
159ae4fe9a31988f89fd1fa5c449efea,15.9
eb046ca6bd905531c208eb421e44a350,15.9
eda858c8539027ca08677453635a374f,15.9
6e12f38afc4e79112838fc9d478e88e4,15.9
b4cb7305298ebeb89d13a2f78cfc9c08,15.9
5a8bb6b5460b7bf21ee732841167a57f,15.9
70fc204d6c0b0a00911ba3813eac28ee,15.9
0d095616c201562b0eefaa56b107e1d3,15.9
5a799d964e08de8aba5211f380a2d988,15.9
bb8bc452c4adb3027f2d7e6c47663e1a,15.9
1729d90bd3e74e7303a14edcdf2ebfc8,15.9
32b9cece2f8b3b967e0c469559e29e67,15.9
c53c0706d9dfc081b79e3f57c6ce7165,15.9
2666adfdf45be751a53e2306f056f01d,15.9
79e127d6aaa58c519d5282a80e43a84c,15.9
20739257747044d02d19276bacd71f66,15.9
74d4c2d4ff3efbad79ab4b8c9f1e3675,15.9
3bf82f36736faec5447806c698e05b26,15.9
09a96fd349ea0b1ab69fc3b5ff0d46cd,15.9
f7757d711fef2aac221217bc911ccbd0,15.9
95fa98658683be343be03b8135d89ce2,15.9
a837d50248732f4bc3d0fb03d01fe9c5,15.9
8d096e5cdbd25cc368feccce3b1d94d7,15.9
4469ee2fbe0d696dee57c67bcf5fa544,15.9
19cb592037881e4aa0efebc16087ab69,15.9
f836208064b817a41fec6caf0cb648f4,15.9
33c3a199bd245cf5ff352a8f4f84da57,15.9
9c5c5411e5e1bee12e3d673fc529ab83,15.9
e25a23b6ec8f03463e9b45176b59fc89,15.9
c100ccb56a508a6c51e0356f2acd003d,15.9
5c8d317f3565842d664a1a822d033123,15.9
f7b0e3274560f0e30a49e996d5e45554,15.9
4a3c70d1f6483d7c120802bab86bf4e5,15.9
fbd8d0ed848aa2a0405fe1f623481c39,15.9
d32e1e149743201b00ede9aca9df9209,15.9
b7b5ad68f00d874d39c51a7166e4ddec,15.9
9ac238d7ed8b3694e58e35b1ed82e8b4,15.9
ea737b9e94df65f18bc22b67a2a852b3,15.9
0b2c9a8124b568442db9107aa5467ace,15.9
3ca03e41e99b1ff6bad537dd6d0d81e5,15.9
c5208f60e08f7bfe285a7d7f9b179c0a,15.9
c66a1f98abb2ac51d3cbdb6b331f661f,15.9
5445f5f238cfaafc96fd267d5db851d6,15.9
3c988f3b57d8d2a231c6b1df1bd15cab,15.9
e9e92bb69da148861d99774aea4209b7,15.9
18a174cd8c0062e289cafc8c156d4028,15.9
a236350247b2d5e2ae7daf4259b225d1,15.9
9ea72efdba6e23e3f17163fa0a8ef164,15.9
b791bcedd741ca64e7c9dfd66ad0a261,15.9
96102e6a12a4cc071c0f51102e8feb5e,15.9
b662ef3d673205d965e8c72e78932de3,15.9
25033515ca54549ab33a66e549c6f2de,15.9
7d9eaf7bc81cb21be02765b903a7d525,15.9
b891f5d42cbbd6d0d2e82eda1b48658c,15.9
7b39440a3ecc618d351ac8eec46f8ca7,15.9
47aa66905ec3df607310af4988d34bca,15.9
89c4c6c5d68dd784c4bd60c4d4500e4a,15.9
9f4a2688ad743c4ea190c4c4dba104e8,15.9
b207ff4065d6cac5160b023c4688b48f,15.9
72dedd2bb847fd4494d22b99a1e7a938,15.9
f0026d63011720dd5c1fd38f43a83f75,15.9
531848f78249503b665b3dfa71732bed,15.9
15a338702a19087b1eacf119cfae08b1,15.9
421dade77b18dae3277a91c125a5d7e6,15.9
032f25110f17bb0d65268257b10738bc,15.9
c294e04f6971c22a777625d22acc93a4,15.9
865f156230a67d5d9654373482f92695,15.9
c3269ddbb1efef095a48eca1842e4532,15.9
1dd34a15a56b97022279d740f5a94e58,15.9
307a941ee3d5915cf2c7738e1a12394a,15.9
02b6b76e1eddd6811b0285258fa7e31f,15.9
209cd46e6fbad8005f5a20c86a4db93c,15.9
3419efae8346d22881e9f6f4a8d61e17,15.9
ba6d7660aeee1f85045003b1c0c8b5b1,15.9
3ce4ec1b13c4dd6145cce3a9ee090637,15.9
afedfc4f973123fcb3db4d7981c211ad,15.9
f210e66e70a66e49a52fc2bdaebb96cb,15.9
15c1df605f5ac68ec5b9155103990024,15.9
d1cbcc4df0dfd5cf07dd4aa96816742a,15.9
ada31f1e64f6080fac87e17b83bc9d87,15.9
a1ef1caae4bf10e4c9887f4981bc1002,15.9
12a86fa0709b967481e33bece3bb35bf,15.9
4d3d0e1f823dd1af8add9be0057115e7,15.9
3142d98ec0bda2129bacbddf0c8fdd17,15.9
9fe82e319a983fcac6e5ea245687ea71,15.9
9fa14d0cd5f8786390f231fade59345e,15.9
4eadcffca4cbd545ee337b830acd0b6d,15.9
15284bd1d03bc96b99f4b60df9f651d8,15.9
07e4085b7cf2721692374ad112e78f35,15.9
765e79897331ee143cc7e648988ea414,15.9
6e64aee37916eb04dd628fdc4f4174a2,15.9
841f231e625ce8f34a0016c97e8c322f,15.9
af5879bf80a0b2de2ea8e4531f15b643,15.9
ded50ece6ca79604dcec2000bde70ca5,15.9
16ed9e72e4d0ee2e1d537843b015d44d,15.9
ce1ac83b3ae7e9720aadf8bb27c293d6,15.9
669b9d9f9e23da3c907a978d2fffb36d,15.9
b6d04e119573f6721d1d58a9beb1b483,15.9
8461f1f06ea81841d973c7e57ec8cee8,15.9
b3ecc2bd81952e83915d0df692cca31f,15.9
cd5794e669adc9f05750077df5b61241,15.9
08ed58dbc26bae69537e6361df9981f4,15.9
ab120cf1ae611a3eeee7cc34f3eeec22,15.9
8e3e7c43dd9f8ef3838c6b01a2a4621c,15.9
1b05ddbf77423faacb813310e762586d,15.9
21816317d87d15e3270354485d9eb8f1,15.9
840d738a6f0616378d9a497fd62e812d,15.9
db12eed5694b676a8e2e6943eabf3353,15.9
5e7f31c7eb308dde013b9cd6f31ac8bb,15.9
eed42f4f54e24cd19f809958a4735cbf,15.9
d8ad8f5acc7a63ee1e692f441defc86f,15.9
93df9548c15167faed51d37784039ef1,15.9
6eed6b5d8b1ded4577be75de1db03132,15.9
8541f1fa485302c0c4fd0b668b2217a5,15.9
1e2efa955775eccbf59ceac62df6de67,15.9
452fac6def3d5dfbea65399a1d233d0e,15.9
168b5d343376984732f2f71895766adf,15.9
bb6ceb135fc6c113112b7f7c8f2d946d,15.9
8ea2a72106ace564cfabf220f79491ca,15.9
93a299e3ecaf475ec2425edc903203df,15.89
addaf501d74472c8a4067d75c9606a37,15.87
40357acb43a9f2bac194202545bef741,15.86
d7e954c737a834360364a4ed13446250,15.8
b71fef05a7e2a9b61b51d713c151cf6c,15.8
e46f1a077cf15ef0816dd55f6acabe0b,15.8
930a7d6b31016f869dd9d953667feaad,15.8
c05d36c6e2c9dcd92507fdc72e5ce44b,15.8
3b59b8736180dfd0727518ab8c111985,15.8
746cb47767f7817cb0d5347862cecc08,15.8
1c7f36f92c122f874c987ab492c26fb2,15.8
bf60dc791a8bfc1b3e470f024d2789a0,15.8
1c0e9c6e7bde47b5745198ab7e521c1e,15.8
9a4973b677cf78fb287918da79e7177a,15.8
d6f09cc4465ad621560935110826dcaf,15.8
573073f1e3d820993ae5f7065b8f0f1c,15.76
51d425ccfcd044e9cfeb91adfeeaa7c6,15.75
ab2b94cec822788e131f15e0033544cf,15.75
14da31c495d6657eeb56c66889f88282,15.75
f54cb508ef48caa49036a5598c5068be,15.75
9a8bbd66115e373f060351c2383b5fa0,15.75
10d57f225d46ff1948448ef40c9035a1,15.75
c2a69cc95ddc26ae4980abae28905855,15.75
c61835842a958b8362ddbc1051a0c0e6,15.75
40c423abdcdf26cf7a1e3b7129a7ced6,15.75
6065549b74cda90a4ffeb7da736c69c0,15.75
6f2659a2ab05b46e5ef6c3d77b88cb8b,15.75
81bf8b2387b9d3716a34a33be63c45ea,15.75
bb02ba4101d75efec2d27efad9bfe279,15.75
39860c1476da3e80b10d2af02d2e1a7b,15.75
b6c3e25b416d1c61d86474fc9ae679a6,15.75
8de9570e85c684d350dad5daaefd6ea8,15.75
98af4dc8bbae5bd1e334d1188985a12a,15.65
19a1ee299b3303b78b6518d0a800c5c1,15.6
b6584685f7a07e238a5fa241112d669a,15.6
e0780c98af0a0a14146af14ff63f039e,15.6
efacfd34542547c82d99fb77d0f545cf,15.6
092ad782532d523d228cc922f044ef7a,15.6
701df2059403903cd511a0693e0138e1,15.6
5006cc988e09a726aa077517484b1191,15.55
a40455e8783b666b28e506a7ccd93389,15.55
fb12883b50e7a807962b3f0acd743169,15.55
136b0612c4d3b66835e0dd5165398135,15.55
38cccad8b19d3acaaaf39873188aa8a9,15.55
7cd9128617dbce537891eb42ac4f5ab3,15.55
6b457b9e4c9a7894b2d4c3da6d039b1a,15.5
26e08caec9a05138e233c5597019b812,15.5
95d076a10eb7507faeca1121d0a88551,15.5
56772dfbcbe7df908a284ff0d53adf7d,15.5
0e4fa8b8944e91310593b9a84c7201ec,15.5
fc0dc703a36ff31c63d360b6f38a63ba,15.5
a11d6dfaf3c860e2fb8e9476ac3feea8,15.5
5fa2daff047604045729c55aac7b6c3b,15.5
74dee40474c07d57704772fcc2d5e839,15.5
3f35b35a0b55d214f94c94c9e1a1deaa,15.5
e661389c58bde51cc882004c8a3235c6,15.49
f30d69cc258ebe5e80e1a0dd6287efb6,15.49
48b7b0d91f71342eb16eb2598fbec30d,15.49
3fd3cb7f1da449f7ed4efea311c5db48,15.49
8d1ed3140aedf397f201580b2d5630fa,15.49
efe07f6f00de5c0e57a9d9787d3b2c6b,15.49
f379288a768efb41074824c23af39c5e,15.49
62d8a57ea89e7161a0dc95a089d327fb,15.49
563b09b4665ec9992a410c115bb0e95d,15.49
24320b3ed965c9a77e450cde53f24390,15.49
88d6b2fc68f377ccaf29bfa20fb5064a,15.48
587cd029767db6468eb78ef30fbfef36,15.48
f79872c7d7a7fbe7efcb6cbcd020de7e,15.48
af4cb23b3dbdd037d3eeeedb60fcdb62,15.45
bd43884df2f0b61fefeeb1fc4f9ec724,15.36
3207464ad453b7068d8668810eca055b,15.36
6b1e8b762da8cae004248d1e7b95f3c9,15.33
938c91b3432f5e999ba24d826210eef8,15.33
cf781d70e640e40bbda23421b23da094,15.33
9829c71399f3fb5b29d584b83a099775,15.32
c5ea6b40204131fb48bdf66d273d7f15,15.32
eb00b6b34bb7da3b9cf13c9ba8d1e136,15.32
1ecd973eedecc6e4983980892cd2b4ab,15.32
3ef2e4f6c69dc708f8ed35acc505324e,15.32
7126ec8fd6c81f9f0b3a50f337bcde4e,15.32
99b0c582915e28a4321e5ffedd15be6b,15.3
4a573b5f77f9998fdf1a72266bfe1608,15.3
3ce492ad96766976c6673d3e1abf681a,15.3
8d6edf29c381a45a93d59919b6cdaae5,15.3
5086c2f81ce45b22fe989c0e741ed600,15.3
a49d53ba51c7b50622b3b2ed6e5b9312,15.3
facc60595302e4fdd1469e96558ebdcd,15.3
e2c3928e4799b07c3d5ca6fb95ce2cc9,15.3
66d5a520e4f7af2cdc4f725d8d8ed705,15.3
bfb9558ab5dbb375ff3248a7adebbda6,15.3
bb762fbbec35912ed4d6235aed00159f,15.3
5275453cb630f7ca9533c4dda2f2930f,15.3
4023882589774ba137fdea0400aa4857,15.3
2d48f4b0f15931ea30ce7b0d4871dd4e,15.27
87d4558ba089b9de00cd95e95f1d3c1b,15.26
865f7652fe597488262df9f50cc25f88,15.2
4be9341dff0e158e15b7b68ae7cf3479,15.19
781d3eea2e1510a0ff9e137878ab178e,15.19
4b940010fe9fa9b94f3848ca59102e8e,15.12
502f8f825e887687e5f4e0787b54f116,15.12
526b4f355949a761d3bdb702d6cc3eb5,15.12
28465805729df5da4093b59856fcb2f9,15.12
32b0ce578c3e5bdbd17d3f563ae9537d,15.12
f58c14ad1417ae5e8f9c6d0f9f6aec24,15.12
0999d46493c50913867f47b39d5a1114,15.0
a29750fc57b582d74809fa3bd86d5f5e,15.0
70dad7a715809631b98b0a843ee18772,15.0
bf3097de3484d5f680a98f77410d7947,15.0
991912f8e7ebc0451277681f0e2ce523,15.0
a780fe4a7d5352de0e30ef4dcfbdc846,15.0
dc7b7fddeffb8d1027998d198b6de1ca,15.0
0439e73f088869583242f6949729865b,15.0
b624b39871b61bea50020c6c8946239e,15.0
46989418686cf0356589d6b37cd32b3a,15.0
4149a12d879153e9dc86fcc2c18e58c1,15.0
181aaef52310ba1599949728c36f544d,15.0
58b6f835fd008037b8161b24b9d346ef,15.0
5ad97cf725be5a184acba19af5834693,15.0
7083d00488ab9bbc6d8791c7a6858692,15.0
72fbca98280bcd9d6131e02416d992f0,15.0
f0ee5810e42014b65269b12a6182dfc9,15.0
4e8d063c46d7a41b91f4b53eda447c7f,15.0
29451cc18357b45bc8cdae2b9ead7953,15.0
6331b4b146b9f298fef30a6cdb08432a,15.0
bfc1c2ef0d081bcaaffd067dc53e5f7f,15.0
e9bfc2119e76c4d6a8effe8e9ce67033,15.0
a78698d788079ac93aeae0b1f3fd8bf0,15.0
4019351b4dc7609ceabb1b5881946195,15.0
d5569ddc432b218bb223824c53f6ac9e,15.0
22dde3febe18c471dbe74d6fcbed1030,15.0
6df80b1b894bb87f1ec7ce6534db6152,15.0
4826a87e5af2eb5fbfc74ec5a966f66f,15.0
fef16d4748e573e3e48809c20be99bb3,15.0
7960ab4d78100a19c78214c608f79f78,15.0
705e79c115cf8479aa947256c3451a46,15.0
36a55a60f18b9cf47ec2b374f2c097ea,15.0
595698b5f1c1d1d0118057e3ae454058,15.0
84f9776d9f55cb53b6690857744ca1ba,15.0
5e5d0d5a01a3e4809c36751fd5f0a6ff,15.0
14221eca1803e8feece63e0b10c6bee5,15.0
9e5ee486e0d815123e60a7a3d4db1243,15.0
f1ecdbb729138bb75de8fe1fdf213254,15.0
a2275d6d5cd707a2bdc00b70b8098109,15.0
76c32bcb001e92adf814296be8a4c10f,15.0
0434f4ff62dd653e243ded765d430c6e,15.0
3008cf3507581d041096cd655de4272e,15.0
0ca951f1645620c999a12c845cda83ce,15.0
17ebe690176d8bf50e67771bb2de9939,15.0
e0844d74d286167ac9cf10d02cda2bfc,15.0
b700c01a9332f15903c399e187ff534b,15.0
b7563d94162ed0aa3f8d9cada4bcc536,15.0
bd1b4c23a6f9365b44d99b2c7905cea2,15.0
0e6d71c318c163df0f0436331ad7b4f5,15.0
f2124e5103115cd6f588c973edb51c1d,15.0
9069aca045d8311ac73c0dcf2f781a7e,15.0
de0aef172ea9ed32450b0269c90e26b6,15.0
0cbfb11934fdfab3cd95e2224b6c84f3,15.0
32733c119b64dd300881c12466d48e98,15.0
fbd922e9f5bf7801d5158eca21b27c26,15.0
4503c41733789f4f0af38507c43a0e75,15.0
96a41a2b6f1ce4dbd4f8fecc3fc26489,15.0
50ff13a465b4008d00459abe1e442a79,15.0
07516dbc8f5965451e2506f728581bdf,15.0
08cf49b41940b8f8ac1e677b262851de,15.0
aa3b4b13310e63dc7918471ddf6a7e0f,15.0
bd3562c5b64c226a41e4f0e74b915cc2,15.0
e79f01cdfb606795e097bc5cd880ab90,15.0
e462719dbc5b591fd5713cd4a8de758c,15.0
914cbf733559144aaba5e8bf27d61001,15.0
2247400625c49aeecf99c421e266a963,15.0
296fcc2b01c2775c429d694cbdf7433c,15.0
e0760d6de182bf294c6a3896fab8d14e,15.0
333a913545093913245d9bef9d363d4d,15.0
d28ef63a068779849b838596bc75d6f7,15.0
64376a0d09e0d09355f7a26c3c43c4dd,15.0
8de64fc8fa179ff773b31c717f5fc995,15.0
6cd040460d7a32fa711a4da0dc30f187,15.0
0f79a968c60ccce9ff6d4344cea8de38,15.0
3e0e46689729c9a45b4677912c7e6f8c,15.0
b9ad551172b8bcf402d348f18d477059,15.0
f177b2508711da0962ee0ba42abb040a,15.0
2d6177d6c4d2effc7541364dd210d5ff,15.0
38035f7211d99bf039f981959f50e925,15.0
5fdb65c578c4277cd0dacc6ee33984eb,15.0
3c16096284287ba9de20ec8a264bc4e3,15.0
e633b2864e7aeebef890c4709eb72a34,15.0
345f372c11ec16bd9ebc7e95e935cb5c,15.0
7060be088f6226bb01433b3e2b36ad1d,15.0
58070208c2da84fb6139732d3f7617dd,15.0
7d68267a55b2e8c1401e82cf6b2ea808,15.0
5a77562cdeddbd42ded18121c499061e,15.0
09de89d73728d8ba98281f3b1a73e9aa,15.0
600c7fa664ebe06507a29f2e71d549ca,15.0
b95b33dbd27f604858d1914b262217ba,15.0
3205756d1ec1fd148f6b6f000e9ae144,15.0
bbf5e98dabf1bdac752afc68f8032bda,15.0
528bd322bce33c932187d5a0115058ed,15.0
92f5a8e2f0279dae4618a7a9dda38875,15.0
213793bce063883455855e97246b1b0b,15.0
706cb4fa45140c2466f192e6d449f656,15.0
ba502bf0939a37587917bb56a38081cc,15.0
7f6ea1a57ef2691275b59aa3322ee717,15.0
5c16ae152bd6d026801d16d806b3eaf7,15.0
8d8b8b4eebbce9d761f6636f50f76560,15.0
eb0e488592359ee385d18b209e4911b6,15.0
9f86f950682d984973f7514d94bedb98,15.0
136e2c8c718aedc13d5304f0196c8178,15.0
ccc5821463fbd357e2d36e0da6dbe5f2,15.0
0ab856797ba53f52538307a0b746c1cd,15.0
d73e02185ff717a508033f6befb48778,15.0
da67a008e8bbd5c0c6e6f9ae44121d84,15.0
893a3eae366fa6fee006bf0b809a0585,15.0
bd6015756d502c57af1d4f5ce8f7bb7d,15.0
5139dcd086c2e4427ead53c4e925d40f,15.0
8df193dab10301e074e1c586c929a89e,15.0
ffdd4677bd8a69327e992b213efddf61,15.0
0030fbb95fbe7e61f798a80edb01a8e9,15.0
faf42134242dcdc7f0e550debe536547,15.0
a51513d774d1d7ae64332fec450bbac4,15.0
efd6fec8f33c64ead2d675d6c953d397,15.0
e837cceef191c43656713549271b64f8,15.0
b965b22eb0be25b8a06e11e390c4ffb8,15.0
41d943724c17bb05bd22c4033e0570ca,15.0
5b7ad66e4a9c19ef5ddceae95d05e46e,15.0
7b66472223bba85c7deac55c7f890d70,15.0
fb157ed30074fbd2171096ba5c9aa039,15.0
f34a489042f2031d3ab7cafb7903f2f8,15.0
6a65261dcad2b1ac3c5a6c25d473809e,15.0
e93aea8cca84e40324d6bfde3c874fa4,15.0
1e8a678d7b018cde072ad5101c614e7d,15.0
788144ab1cae2ab28794815b0b101ee4,15.0
2a612257efe760db38fa27d6e45f9d6f,15.0
6046d842a9b5a6de033a21980a114490,15.0
e5116548089d0a18315ccbe7a20d6639,15.0
993c732e660cdc194c3438f796e8cde4,15.0
e399faa66b9c2ca682f2d6272eb04364,15.0
a292a83e844f94fd579a662199ee9319,15.0
71b5cbb958bd657c21d085a0d8d93ed4,15.0
ca1b5f5a57a568920c0353b91f906e0d,15.0
01aefa3a069cf73167ddbe7725755c2c,15.0
48d8f65327f83e2029276d477f4cfc18,15.0
3dbac935fb077003b3cd7b6e9ae9ecb7,15.0
92e3884d3ddba44337458d280298fbb7,15.0
2bed5aac2f46c272a55b05a033ff7516,15.0
0387bb320e7a692802687bad867e85e8,15.0
608d232311554f84a24cbe6ccc3dbab8,15.0
82915940532c766c49e832b009f9cccd,15.0
bf3143805b420affe47047794eae0872,15.0
0fbb4bf6434638f4153b294c47c87feb,15.0
9658c223ca600a39c7c52d7087d0a598,15.0
d02942920f4c35d7efd4a0c60c630a5d,15.0
d8c4d97b33c9868248a9fb5f1f4df2eb,15.0
05a6f2e172618604c3724bd8f9609d23,15.0
4e58705c154cc734bd02c659f9079e16,14.99
7bd2a7c581d9aa3cfabb4cdc39f0d0ee,14.99
bc997030c44e17b4a0bf36ba9e128ed9,14.99
58b97b62f1bf883c3f0578903451e7fb,14.99
6baefb1162b1590caa1e4681b3c23a54,14.99
f8b83b95c4f8cb66651c2b114ac7d296,14.99
e2d332efaa3c6f6c394d00ee57547fec,14.99
0d55393eac5360eec19095b10b1fab90,14.99
8099998a9347941bf444542df2488f5c,14.99
fa369e39e6bb664ce8f164d1f27af36f,14.99
96a5bdb1cc0ed145671d0fb83200b8a0,14.99
5d099e1ff58d5bea101953009fd34f63,14.99
3752551df5449159b916410bb81a13c0,14.99
1e3a55090ca74ba9eb7030a2d7994569,14.99
92c7ec0f765c23a7e86b6b96a6b707ac,14.99
eedaf60ee523753b6cf22c9a81ccd8da,14.99
7d7e1b92612e4b349ca697d307c6d74f,14.99
0f5309e6132dcfde05ef70e36f6bc24d,14.99
f7c04dbf91899845f2895f676b366212,14.99
43b59a9e40fc2ab6ebee541c5dd6e608,14.99
3af9ceb92649140512cebf7ae5c3b8f2,14.99
2894210d5aba1fcc839762cf289cc56a,14.99
dfbbd201fb084e2ec56f8c93e8cf1421,14.99
9beab01fa571e9e5b47c42573490a67c,14.99
59f09ab2a6c3bcfa191cc3f9f9a3d756,14.99
4582ea811933e676acb76d67d4805f76,14.99
616fa20bdc978ccaf552b46fbc0567a5,14.99
589a69c58e212423c7bf817269be05df,14.99
752e29e23f75f2d4681d00034970a391,14.99
99a33386a35dedf99ff14051353d0c13,14.99
dac2a878acbf2187202983aa998b1a0b,14.99
fe35a0177887ee0a5edc2e4945099139,14.99
f997e4d637c5824aa3f892266bac8ebd,14.99
95e2e5b83511ce7db6fd6d40ac4a3b75,14.99
43ea303acc944617d349869c998870f5,14.99
a8c0dfe9a2d3319db98a6b8a78395900,14.99
d81c95d43b8a1de36c2f0e34508b16b6,14.99
035ac81f8d263612429021ec3c89e7ac,14.99
425ddb100014d475ae084ca4ff77bf34,14.99
2b2d00cc7790247c69d95d823c8d9c6e,14.99
7286b5cbd9bcc9df28c378dd0b1aa4dd,14.99
d3444e5563cb966068d6fdb0cbfa2d45,14.99
bec4e5faf561fe6b4be44218d1cfd1c6,14.99
0390e8a506d1b5c6b545913a8900231f,14.99
0ff9dc143472cb3ff41b9ae4a058b421,14.99
390f2e0fd81bd989f2796daaece90704,14.99
c5e87e44425d8b1adc3650af46744779,14.99
4f3991e2379e85e51beca3b546eb6219,14.99
8d6592798ee09cde08208f51e7876083,14.99
c4ac881f58db1a55366d4fd58128f7f0,14.99
38b9cf892706e93eddf8ec8265869722,14.99
786746e271f583af426b9ae221ab207f,14.99
9683869125c8e2cd4c6681f7d0f5b91c,14.99
0fc4dc350425b8337aa79c64ea30d617,14.99
c1589a207c65a8b3f79b7aaf2103f715,14.99
baab79e0d26b39fb2c5b48b108045c30,14.99
8a35aff2d4f16bb6efa2b091d6f54719,14.99
0e4fdc084a6b9329ed55d62dcd653ccf,14.99
8f1969087609183f80dcb1ef40dfaa7f,14.99
42ebb2540882b272d9e0e452e2464e7e,14.99
dc1f5b609da6830acd08903116bc3f1a,14.99
2011663e9f984916c24b717a3ab6c802,14.99
1214875f26abb740d1d69fe5bec29bd7,14.99
5614a6b8b6919eb54f6feda7377b97cb,14.99
411d12673ccdeedc292f3aaae6538768,14.99
c57fc7ed7ed1eb12e52d6079e8efe275,14.99
f59a2ce7571f6e6e27c2257a9a28316c,14.99
02d683623fe8a7afb049181a823afefa,14.99
230f02d405eb62c87ccf953090671e60,14.99
fd826e7cf63160e536e0908c76c3f441,14.99
58db18c5ccae27fb77413310dce9c933,14.99
d8078628ee496926fd629603a9a92064,14.99
2a7cfceba822a5cb1e74455166e4a977,14.99
843a1bf7449148a26bfcc7e20c644aeb,14.99
acb3946dc3dbc302f2cced7d3fabd2df,14.99
4a99cb79e450374c3345ca7c91138b24,14.99
c1bb9c658a466e65be53b3c037672a3f,14.99
ffd733037d6daf1e080fba1890236d00,14.99
57e8f62601a7a9f9b62e1ae00b9dcfee,14.99
9840175c487cbad0c849d9e76c898afc,14.99
e21fd6f2baa260c6db9b311cbd213864,14.99
70ef4661cf83920a58053995d19f07e6,14.99
ce9917011643785195fb96c64c8b8db9,14.99
d712ad728a3beefc416b69243c3a1ed8,14.99
01592d05fdd8a6deb7716ed80a0d18a1,14.99
00ee00c99d468f838abf1d6d7044b2aa,14.99
0e08b8b40723f94a0fd1713feabfdcac,14.99
974bf7499a6da163928495c14f77489c,14.99
fd4f02ac342dbfe3f9bb0ef84e5020e1,14.99
a50b97c5344a35fdbc10c442e88e720d,14.99
150617471c858a7f3e210e4b6aa5955f,14.99
8fbb6b597798c39667b1c353bac76098,14.99
10fe8f57329b7dde626bdb7ca0398f00,14.99
2eabcb73cf91cd83b39c8fff0704a1af,14.99
dcf28d347a6e85c7c92db5579b08ef05,14.99
16228502cd87d64e4d7561b8c62bf657,14.99
47ea9b65420fd9b8f358d4f57fdb83f9,14.99
810a1114071535cd94e036517d4f95d7,14.99
190e688d1f5aae2e04a68016c3671b25,14.99
075ee6aaac2c7e60a0ce60debca314a4,14.99
bfd5bf632f6b9a12533562e4d41df443,14.99
535ea92ca9d049b0601f1ada42396b67,14.99
04802886a43fe74bd00496abf197b3a6,14.99
4b5df8f7bd263b1c620fbbe1bfc94369,14.99
70a143bf0866aa6c1ba15fab452335a8,14.99
c59156ba832c55958baeab0f028acae2,14.99
61a09f1e64be26d3191486c82630dbbf,14.99
ad57616784916759b6c24f3e5305bbf0,14.99
dd8127782124fd0c7e5d054250651a6c,14.99
afdbdd6ec103b8d9549f8ec395ed5671,14.99
41998b889bd03ec46e076f951c3879db,14.99
3e7b27ea0ed76844746a0aaefdc2b154,14.99
e78857cae42c368d813a98108c1a4a76,14.99
ade8ab5bad1517f633ce6d68c0af1780,14.99
a48ffc7cf9fca7c48a49af83e7261ebf,14.99
28c1154b280de237fd5050b71fb67c0b,14.99
3a6fc4af206cad7a5eaca926cdffd0d7,14.99
611dd8ca38d8d3d21483a5ea52ceddb7,14.99
eb4322f80db384bab3386bbcb619ecc1,14.99
98980a9f930887243ad599ff2eae3609,14.99
190b936129e075641c5557538def8b25,14.98
d40e29db86a4db2aeaf8fa2b22c48f5e,14.97
748d48a0393bfbd14043a5f0b2aae4bd,14.97
30e8a49cee668a4435b2f91cc77c9d15,14.96
aba5afb5ab39f4d5719cba15a070d5e7,14.95
8f1a32257a013ab264c572e0b3ed01c4,14.95
7e6fefa11d6a2c832593264f69df9de3,14.95
07dc52724b55fe329c0f84c458f48505,14.95
21169253f474db2ca62af7ae67eaba97,14.95
c4fb3d463124861b2fbfaa120b0b9dca,14.95
11f0d9654e771c189ac9710977422029,14.95
e68ce7d126e7312b9b1acf8b5706f914,14.95
2806ab532d0c19b43f4531225060906a,14.95
2a1dbcc0c26487ca29fe53b16de930a5,14.95
8a41c7f9953f6de004c96265762ac7e0,14.95
957e79d34a00288f566fe7b082516945,14.95
ae22e15aa05dbb05e754b9cd2c4846ac,14.95
b514422efcf14bef34858a0829bef189,14.9
e73f4aab3c918bbce64b1090c5802120,14.9
69348267a5b2868e605dcfb793aac39a,14.9
2cb69c3e1a4bfd3e638cfd564c291dae,14.9
6fe0c4aa4fe245ace106e0e4101f60fa,14.9
d717f827870337ac0f4c75982011f237,14.9
178e83d7625fed7f8544c81e7f61f85d,14.9
f18d2595eac17950c2b2056ab2ec1047,14.9
7f0c5c75576d4445ce6793cc0083c358,14.9
c994647aae9a45b8ae6eb75b77354ed3,14.9
544cfbf822c23de5e82f86d638b82b58,14.9
ada0af90cd5f4e7c13f84fb47e0a5628,14.9
abd10efcba52884626c22cdca7dba539,14.9
fc3fe781283a400950dd7702b8a4dc28,14.9
c91935a29bca80d4d90ccb1fd85b497e,14.9
02e5db654b2f6b734ed89d5a28cb200e,14.9
4919bff1d1c1d952eb806540d6a7d84c,14.9
160ad5582eefd624723f85ae2a8adc17,14.9
70ae89551761e1b14b8bc6dcf2c117f6,14.9
a5babc0d525097dca3f22398b2edfd2d,14.9
119b719f1b5c337406af6f99bb135b78,14.9
f5596c5e0f2741d56e462d9737cb8972,14.9
4c80c9c4f15db841f85d24b515c68ba2,14.9
ab189e4d2edd06bcc4275010bb0a1882,14.9
ccff00405b15922f077fd5e72318b5ff,14.9
b6c593306a923aee9d3653c4f80b46d2,14.9
093afa5e2f16785b06a54179fdc986c2,14.9
c77b56f255a88e2d52bf861c376bf8dd,14.9
0ed445d941e08fcbf3e42eacdc82dc79,14.9
65c173007e275fc6d96413ae57b242a4,14.9
ca31a87d801a1e0305e15aa27a643f7a,14.9
35482a246830bbc5d40ae2e56407abe8,14.9
db39013d5b355dd188589d7daeb25424,14.9
142695f924c6f0229ac86a7bc6f31609,14.9
4111640f2261ffc2b5aefbb6d36c17a5,14.9
8e01d183e8e9f678a3c2df1b42dfd22c,14.9
d3e96567e2456d033de617c74776e7b2,14.9
987f4c5bc8239191c87c8d135beb5076,14.9
16c11c76b58be7de894336de67d21260,14.9
6611182ab275e5093731c323e3805777,14.9
9c79620850f924db64e54c2b12e415eb,14.9
9e4823c2634c593f2f11da22eae7de50,14.9
0b21617fb0d74d81d0cf3264cbe3b0f1,14.9
fa232cd4a5e0461181170ea18c902e3e,14.9
cdba0cece04a0f6241f6ae72f87f2cc4,14.9
bb50620b77290f46cb4b87a5351c69b1,14.9
3bf731f03ad7f0f5dde64a331ff40354,14.9
733ce8edf1b05d580ba4fe944d5fc493,14.9
1e268e4d4dd343a3d8bcb8bc78839569,14.9
4aebd659dd21ca7c5cc8454ae1d73e56,14.9
51659c9420d923bc476f86828be8d7b5,14.9
ac9d00289136be90ac64557222f2e9fd,14.9
a6ee0b99b451b3287a6042ac2b237821,14.9
eb2cb9509bff6804f265905b5e9462c2,14.9
df031c1ab49fc29e895a7f319990dd47,14.9
540740333023daf16cb9792b6fa2f03a,14.9
5fa1a866e30c0512c4bd4daac4da1979,14.9
f1f48ad1ad1e181b54ce0c9db740971c,14.9
bf21f454f0c15f710bb4d6619692e4d5,14.9
bc2f220ee24e0e71c450982651079d50,14.9
cc12cc40c551d10e0122e34d2f0e1342,14.9
c9b05d012dcca478d0ff2ec7ff2f3693,14.9
4af4936564836bd2e5cf83863af7fa4b,14.9
af334a28d4e35cdde3c3a4c5826674bb,14.9
69822f1b6b2d1aad79fcf16946e6075f,14.9
51a8e8a5de7357311fc3c03dcb8de5df,14.9
3f6b4e845db4701bdc25130263904e6c,14.9
404563b19eb7787cb7a8e07e853f7250,14.9
26f5b4928e07574170681725503932f9,14.9
225c6e6a5627029ce77a11c6d501eb6a,14.9
84b5db55a21ad27366b78ad45b8b8544,14.9
875686e08e7fa3f3e9387d2817f509c4,14.9
ca9e43d2589e04a0608d8989d5c5452d,14.9
759a2f5567e0b82bc72872e942de5a2d,14.9
f0688a7a0aa2400361ea273a4872db2d,14.9
8726bf451df0da9d2feb4ee8665b15c5,14.9
2142c7d73d97608791e999859ef10a2b,14.9
c4c6c94008d78e5d4a19b04c411b607f,14.9
c5115fd52d63d79474eaa381fa7e539d,14.9
04250863b38e151d17f448a28174e326,14.9
17ace424038c433ea0cbcb88de1eaeb9,14.9
f4ebe2523bfa5138b74541fa1210c00d,14.9
e54a73f1dbf67381532d18a017272110,14.9
eb16dc79e70959059786731181942922,14.9
209e2df1f5f3ecc30a4eeab722f413ff,14.9
5bb03a9d99d476e8634520ceb63e08d6,14.9
79a44abc3163fc1830f6afd0dc9acfc7,14.9
aac099fe0a49d5c6bf65ca146a5df864,14.9
d92deb7c086f0854bbf7bb5d662727c2,14.9
5050f0741e5587414aa4fb7227d561f6,14.9
4ed6dff46316b8f7e80d1972f27ca39f,14.9
4a9d0f36e6f227f870724fa9ee2ac10b,14.9
16fbb85003b2c83ea0ff31ed5022b9eb,14.9
87fd72ce15086b3ccfc1c40050b5a033,14.9
b66eb836bd246ad0c47175234a34d775,14.9
f4c7c9d19f28cd276cacde9de2f66e1d,14.9
b1994c703cd18638b76dc9997a5c30f3,14.9
d151f9375523a84ea9a619a40594b98e,14.9
5b7bd807fe0dcfe5208c642e07e268c9,14.9
6725a79a0ae85fed5b3a06610875fdf9,14.9
901bacd94634bb0e5bd777922611543a,14.9
e4cd5156b85981c993aabe5a612b0cae,14.9
30a9fd4c676d1e0be5cf675eb6017c10,14.9
fff55ba8dffa552b6fdfd86c2e806459,14.9
749c63c19351b82200cd06b240518440,14.9
c19943d189d09c0daf5a6d31011d63c5,14.9
79c1ae1c3d1a81c10781ecf7d7ef1720,14.9
76823576d62e00348cf6434982063b45,14.9
1b293346430a8dbcd22f860a05a642f8,14.9
f1db37fa9a45df4db594466b460e647e,14.9
cac95cb6f2ecd1894f5f3eeec6d2dea1,14.9
580d00c08e142c3ab462caed4eb94d78,14.9
16359095b72f56e8541b1206ebc4c9ab,14.9
49f9471b7ca8b13ac0dab99d5d382e18,14.9
4aace62d0cff2c5f4cde5f590f16c26d,14.9
e0e553d46d86daa33b733b1fd2687731,14.9
4e94ebb4f79f5522b85cddafc8bf9b65,14.9
5b2d2a6c2083422a5be41ad4c86b5781,14.9
f88756757844d773715d799b380a9b9f,14.9
c569b5657735d2c76bce703a382cbac6,14.9
cf3936d849e31f9a9bacb6f0ccb98fd5,14.9
387456acd703ad6ba4deefd1eb8a65ac,14.9
12c0a2ff9cb14a1215dd2b9b8616ce06,14.9
10cf5e808b4ecfe291d1d0afb67c3a95,14.9
578d56cc71b217d392601076da7b9045,14.9
fc1091e859ef2296d4b36e5d31e554bc,14.9
022656ca3adc7e49311ec71751bddf16,14.9
b544baca8a31c5f9348c318c64ff502c,14.9
656f190621445a8ca7c35eeffac3ce15,14.9
8c9bfe4267c768c965a7a3770b06899b,14.9
28f22fffbbea1777ebad93132dc17012,14.9
437820aa4853d90478621dffef1aae45,14.9
10be035a9bd22d830de5c1ebf53e1877,14.9
d9f57c5a009cd22a41f3483ee6c71674,14.9
1fde5180f7129ed9d42921fb641b768c,14.9
3d3c463710ea6e8dd9a63c1110eeb06b,14.9
892d0f0cbb0f1575faf3563f15bcfba0,14.9
0fd9ea9bd342abe74db14762466e1b48,14.9
1fd5eaabb77d2652f4eda8149dac021a,14.9
ea42fc12ce6d7f1f94b5df6a997bf8b6,14.9
e12c964a270185697ed15ce5f489b10f,14.9
5d0c6c3c37720178553332f2509b2568,14.9
e350a18244c16257e0bac342c17e3d1a,14.9
4cfa6759af07a2313ece847750793dad,14.9
5e28057dc50a67c44db4899b4ddbb404,14.9
020a406d49fb26441c5cab66fb8309bb,14.9
ad45cb62302361bbf57a3efbf8dfcc67,14.9
0adafec56047601ede5352ba02a5c5bf,14.9
610afaffeb1682f6c97c3dcfde10f361,14.9
26b73fb8069041c193a5001e01fcccfd,14.9
21c23f66732782a0cf2491c3188f09fb,14.9
26c149bebd475a62be04365d6c2064fa,14.9
e898665675636de89a1bead880858c95,14.9
614230393f56c98998e8a46c8532e456,14.9
60137151af3340995f552e4c5810cd6e,14.9
3cf4a26ded6ca887cdf90556c5f8de9d,14.9
2c12a13d18db0cc2fb77e1d88d0f0abe,14.9
c74966deb4aca45e1162aef1af345332,14.9
61a0d7d415e0f8649f386945871dfd85,14.9
53de046ee8ad4bbe74dc77b0a5ad8c52,14.9
1669b0ab07d06da79fad8040b806df43,14.9
9daff53df6b6fdb6bf1ef391d9138f5f,14.9
78337577a7b3160393cf5f5e69f13d52,14.9
65b480f423126b4869b4f8a2e6f8c5a6,14.9
89fe1107a7a7a8e70a256454d3da5335,14.9
5fb7662b5f14f01c2a37b381becceca4,14.9
4cbd9f8fc1cd7aafe6526711d8890870,14.9
ced3c44e0f8c21cd57cee12d42b93fab,14.9
b39feda4f2e90009f91eca6052e7a807,14.9
5a761ff24ca0a248f82d71235398e852,14.9
d9b79c5c0367faa77e4be9cff715e36b,14.9
96005b4abb11afe06d571867a50c9816,14.9
a5ed1dd7cb3326373783e26adcd1af10,14.9
42ba079fc0a7b2de60c95138b0162fa3,14.9
77b710e700482dfb6a75bca2f3ce4f0a,14.9
7f911eafbf0778e74755ddfcd3f46007,14.9
2f72926e540d5cb67d8b1aadd273b445,14.9
178910ef515adef6afbf89b143d5e25d,14.9
44531f7ae52e2312ab3ca7f58778b41f,14.9
b6ca512b8c0c1de7c9ab1a742da52d4e,14.9
713cb52d254747e94d0f843a2b552057,14.9
20e8e2b1b839e18080e494ad066fb413,14.9
f4256e397cf2c357af2b5cefb00d354a,14.9
d33fac33f976dffdf6fcc426442579dd,14.9
d99d4916f321d6691a8aee32b3d09b95,14.9
299e712af8c8ad86f2f69e1f34a341f3,14.9
700abdbf00ddc509476b56de64d025d9,14.9
0e873716c057fe586b192e45bd718ef8,14.9
1317dfa9a96a4af1ad9bf06a6f12f1f5,14.9
b24581c2613d18d6cbcf6cce42aa6555,14.9
46c711a52bd83fdad273158043470bed,14.9
dfebcf7db4ef8d9311b198edd05a0514,14.9
66905eb09ad32271ee0035c844dda66b,14.9
9426c0356c4a1e260aa701770196f3ce,14.9
acd30a9c92907877ca0b1fbbacfaa055,14.9
f7dfccdce047cf62ddcfab87ac776e0d,14.9
f064dfebf1746622218a28ce2c345c48,14.9
c4d8ba36994ecea400e6823aea6b9174,14.9
1449d3e0d5b343bd18e67b49ff864c82,14.9
e8759aed1027f77226dddeb7c7481f11,14.9
ff138dffd7d9e3feb88e9f70aecea743,14.9
a81b90805fc8248239eee9ed0a2aeea7,14.9
13ef9caa1bc8b42f3e24addaf15ea7be,14.9
b4f9144eea6ec387f15d204974d0313c,14.9
5b40ee158c068bf21a34d6d5103e2e1d,14.9
299ef46a16b3d65d750a2c77e25b774e,14.9
67ca8897c95a7817a2b16a259a701dcf,14.9
2197ed0d8932555074a013fd4500738e,14.9
3b65668df978a114bc3d982be6ec1ecd,14.9
21fa25c251581ebe0baf96479f9c93c8,14.9
3a10098612081948d4a63eeec65cb627,14.9
98b5d640be72dacc172797c4a77c7f32,14.9
feb25a9935622c0e73e43acf72412f51,14.9
bb4a5a4ffe14ca07ec7a100091914d93,14.9
b58f23566db09007cc825632374c55e8,14.9
5c60cb728486849503147328e610ab4d,14.9
c48354807076a9621832dc2144c3ce08,14.9
e514a24b58fccb3ca7218947874f1710,14.9
25ebf9efb39e9dc48d6c51a9896af9a5,14.9
ba8e2b14bd6a277ded36f4bb5e953bea,14.9
78449129b97eb41e46418a648050d958,14.9
e7cacd890ee7f47989b72a93b50ba5ad,14.9
a0a26b048df822d9a1ac3c74f2418101,14.9
30ebfe368495892e79bfff3773635c77,14.9
02fcee476755e629f2a4113550450b24,14.9
8ef649ef21b6d9a16b2ddc78c9486b4b,14.9
d62ce7b0c4485a242887d93be6d20872,14.9
4169522a0242bda84c7d1cf08346b964,14.9
951c6201fef0092532103147c7c34f8e,14.9
f836b48f2ee74cdb3fa9bcab656902df,14.9
1e6e8604e5189a58669534b84d2bdcbb,14.9
7be67d03028a7dcc2b3399ba290f8a45,14.89
45fd0f4002588ad41ef11b08ec4cf2ce,14.89
62c70173bd4a8b2d617287bcf5d4f5c5,14.89
58d495e44a163e9ed6171f593a5017a1,14.89
f92881178f911fd67d522597ac054472,14.89
33e459b53bac5c141d0256c11d4ddfb3,14.89
025247dee36960e70666880b8073e582,14.89
c4f04ae9424da8b4c5293078303db438,14.89
18c10dd75c15e93b35983677b1948da5,14.89
c73e7ea009cb09bf954b0d097f2e6a56,14.89
cc2db083341ec9bb757b9f9a70b289d9,14.89
09523cabad805a66c476b2ccf314cb0f,14.89
d4fb78a8e5b23b05966e19efd5daf545,14.89
7e846e65b193a11f56726a314cafc000,14.89
0eb3912143a47999f29648641cc3be13,14.89
4ddb7775ce55aede9ac8c706ab6ef831,14.89
44720a4d1f25b01c10c75ec4b67e76e0,14.87
cefab390926b6fc3de3ca94c82ebb1ba,14.85
7b6d1cb3dfe690a0b491f784fbd9db64,14.85
df9b032b2ad0fd6bf37dfb48e5f83845,14.82
ce40c9a92219c8eb3e2e44465e233a7a,14.82
102e94eaf801d934fefd9861fd6e1ede,14.8
68a75be7ad2d974aa966c9b0a9ed89e5,14.8
8c48064d9bcfdb1c1e0778218dbfd3c5,14.8
4d30d32398120943b2a800664e7cd180,14.8
2bf857ee40b763708fe19cf877cac511,14.78
8abb33c08bdc30fb47a63c25da22395d,14.77
b369e6cc438b4d684ea2060fdf3bebcf,14.77
370a626b0e9d9f6657e160a36eea1048,14.75
dddb6fc0273f44973736bdbbdce6b43a,14.7
7a3c49c71b36b26e7901cac9209707a1,14.7
25c66955a6eb1e7d7e4c1f9130fccd6a,14.7
ef115244104b1f97ef5710a0441cab4d,14.67
b05545f6be20fc92df2c3302db38118b,14.67
462903f7a882d16b16e174dfec5aece4,14.63
909949a94b1c563c0b8880febea5e485,14.6
a04370c02b6e0f3522b4c398b9a18c49,14.6
73e518d73d888ac12d7c69050f631205,14.6
336b6f8b290fd1dcbf2f9011c0fa6f5a,14.6
2ae1291d11904be5f9315472cc178cbe,14.6
ea1bd589cf74abf3eb075a399bad0b95,14.6
926cdee969671f2f6453b01ad04c5067,14.6
98caa17d5b6f3807225c87381da61931,14.6
7623c50c3ce45f453c6e25d930dda2e0,14.6
8ab6212123c4c94cd06680949cf017c4,14.6
e443a16cb8c9de00c7fe871c07c722da,14.6
01d87bd7900fc721cf5122c47b1d3a71,14.6
a56b4cea59c2dac239098f58dbf22a7b,14.6
63469895c7367d40ce7a72e99d8347c9,14.6
3319be0da98f69058afc0c80c2103670,14.6
2850ef646d59b526f9bc0b08588490f1,14.6
8fdcba1fbdd38ada559e315d16ecda00,14.6
1093e8573009f074315a28dc88d9326f,14.6
978ba8a51afaa684218215143672b3cf,14.6
31ad6b689eef45fc804eae97be42ca4b,14.6
d77394ad560e9f49d8951a6a3546fed9,14.6
27a265848933c38398bf255657aab5b2,14.6
56e1d4d5a04884acd78f783c866d5720,14.6
622cba8ef27cf7ad70c0952eebb569c2,14.58
53acd19d26c67a3842218b6cd931196f,14.56
ca4a9301e34a44b3ecbb78fe6365a568,14.5
b38a443c4aadfa25d901d82ccb308dc5,14.5
4200397cebae27f5becd25dc019f0fe6,14.5
35c9380e2703e3ccb9115042c7cb40c2,14.5
a9c5aae74c11eee456dac27069df9201,14.5
b59d0e3984e26ec067793eb51d7f051c,14.5
b75d7dd5b05c4ad68a7497ec5bc92328,14.5
22b3090d10a556a6c2e9ad753161ef14,14.5
c1e5fbf78f2a8324e5947314e0679e03,14.5
1237b05644a9d15e9cd1a33c445b87fe,14.5
06c5c4b0292effa4b19173210ffafb33,14.5
193a0a61cc788e051974f428cc35df10,14.5
fa951727fe95bbd6c7488b84d147b7bd,14.5
59ee1a82b5aa6bdbc05816e55414b562,14.5
93889d6b5f70ee521d064dfa7921052b,14.5
f14aca296ec3d7a028d76b2199f9e2b9,14.5
9ea2023c5e8e3878a3674d6b761d3fc5,14.5
62522e4bd83dc86c27a26e6bd3684f16,14.5
d0c752207e97e5212f3bd1632c2c81ea,14.5
e05df6dee2d1b0a7782f771120b9e826,14.5
8bc779ff1fc9e05ab2c0e81a27953832,14.5
d9dd833159c2e3f13967618121113bca,14.5
44cd5738f7ba0bf9d98865a0628e38a8,14.49
589b394c269c9debfc7c47e5ed514dc9,14.49
c2b7c8b9844ce8239986985f4711fe6b,14.49
8fb1b586f6b3bfa71bb81ecd969389d2,14.49
3c2e8b5219761a5b7d7923bf2e5d3a71,14.49
caded193e8e47b8362864762a83db3c5,14.49
926c0b9740ad5d440fa03396ca057aed,14.49
eda9ffb37fbad1dfdf73a516a34e1e57,14.49
7b473d4b33fa91ab7671f794ce54194b,14.49
c750ac5874b242f3af515c5fdb389834,14.49
db913a930f7150edd2c9d735b27df1b1,14.49
40c28d38ffbf6198d54388c7e1930d95,14.49
5514e4c07a9b3b5e5d715985d1b80942,14.49
b2b4b933278bb7bd48317cb3e45a77bd,14.49
16ba0b318e46ac53ff95a09c55e3d8a8,14.49
041d5700e430ed7d2f3ca2d7e781f077,14.49
0c95f1404cdef95cb34818ac3c9bf02e,14.49
ff82a901ab0eb2b99d8f6ce30e975a0d,14.49
f63b99a7b32694f5b1f0a4171478cd21,14.49
4180c4ede1ca838ec201a4e473e5830e,14.49
c5f6afd37241e12a72bbe95c5564ce6d,14.49
3a96a22fcc1361cf2ab91882d13683c4,14.49
912432b1441d770e3a875423ef50f6af,14.49
3c1627aa698f08368f8182e8f9ec4839,14.49
5df398b20c03c1d2e26f7eb8b65c9f29,14.49
b354952c4607431ab98d03af79f6d967,14.49
0e3c876cbe9a1d90dda647b150f51441,14.49
ebc513ad3aed97e53c11e0e773c10152,14.49
efc8da928ca055916a38bf09425cae3d,14.49
1cf2beb1cf619aefa7b8eadcad164658,14.49
2e947dd15ae10d889923d07c28b9ef23,14.49
93bbd56b1afee41579b1394c6b86679b,14.49
4a448fac9d75ee6ea42d3f9d8f27b41e,14.49
f7224426a8a68eda1674c2b84be34da2,14.49
3183ae586c7ad93a3d009b21237b2996,14.49
e66737c72948bdd5691112794f57da1a,14.49
0b3495408fdeebce89762ce64a9ae7f6,14.49
58d224b8fe4396a04e4fa66f7a982941,14.49
a5f2fc220807d1b3fe8238b3e9e7d94d,14.46
4e8275be9ced8a6adbad5b3adc7afd28,14.46
fa2f2f4d0b78b78474e84de70992ee47,14.46
fc46397b7ae78215cb3115edf8cef3b5,14.46
c2f9f6a9032b5cb6d7e40982862bab94,14.46
09f172135a40bccae4067425f7abe0a0,14.46
0902dbbca4ab2c81851859e7a1624a8a,14.46
09fac85d71438b3400e2dfb08689b649,14.45
31f168e91bd18daa81753c594e8ce462,14.45
88d28eeeb569b3f9acf4a1201b8cc38f,14.45
412542f62b35d2b8c287b31a335a5480,14.4
2befea4b444cb13a721489243c0e8c60,14.4
b2a2e8b556dc8dcb235e678177b7352f,14.4
692192e25c5a64eb1bb79a61f5e6b236,14.4
8dbfed7e9a524dd4e20287bb29bad760,14.4
c7ee141f107fca51fbb68394f0b5d36a,14.4
a78420e9bab6abdf4b5a99f890f24a52,14.4
7cec1a9545939929a4a4261575ed421b,14.4
cdaa1e094f5dfa63a298ec6bce5593e5,14.4
bd5dee4ca2945a0ecb54846178944df9,14.4
4cff4ccf3368309cf771eecd63eed6da,14.4
a28729cebaa2360d1450dfc0b3b3a12c,14.4
95e9feda7fe9e2321918c785a1557279,14.4
0c443d05e8d9a031f5a2f4d8eeeb3fd1,14.4
35aabaccc2c7476c4dd5f81192a067d1,14.4
b520ab4e682199a81dd24fe3d2f23755,14.4
8787c72a20002592238d7b80721ab729,14.39
bb5d86c066369404d8eefdce9dcc4811,14.35
7774234aea52a82b6a8d960506d5fd49,14.33
85204a33560ea671ee5df3dc91c8361b,14.33
a7ef64352fb7fdebc2f7a65c0ad75325,14.31
9084b0a94916b534ac6e626011092567,14.3
944ba978b62c9c79b5f35d289180487d,14.3
9eb585e566edc8b94a17ac5d6076d136,14.3
f1a2fe3e3ccdd6c22c7b98d1bcd4a427,14.24
39fb39b2e59f364342c89aedf36ade9e,14.22
93516ce404b65731cecbd93db7392d33,14.2
bc3b33c776afd3818bff753856688345,14.2
28e94a3e825c0af13443d867262a7e6c,14.2
b25733427eb5357a483382ac859982e4,14.2
c93425583027046f9893dcd578aa6e22,14.2
c785e91c77b1e2fc9f642dbf170adbd4,14.2
f199a88e43318ed6123809a929e93f69,14.14
376c8b9583b94167b5869fad6d6155db,14.1
15b56277e99bef5176b7074fbbb818d0,14.1
1f90b2cc130733e64c99940da0940b50,14.03
e2fc32c48b3f82c468173ca19ba095fa,14.03
d73be05e1ad446cd53ee99777c389c59,14.0
586e6b33b9e54d86a309e1142219764f,14.0
cfca97c48e5807e856a4140cf4af46bd,14.0
ce73ee58fbf32aa2c13a7a23b42caa0f,14.0
9d6465c49e16234cd64bd0a7a27d0952,14.0
6104cde8d419deae69db335b70f5bf12,14.0
9ef127d5e1160289c0629d156a39c648,14.0
4bcdfec47d428bc21fba087afa21d416,14.0
0299a3ec7aac3a18ea88cfa6cf8a74f5,14.0
a95312ffd04423192ae11e4b7ab7ee64,14.0
ef6160b152a7df62401e31c5d3f548c2,14.0
061435b8938e25375c2bcf58dff7745b,14.0
1e668e04c39d29cce6958efd37f2d56f,14.0
ad9b393f25ebd743df490421048e5c91,14.0
7933955d10fece6b79cead63eee8b4af,14.0
5eec275acae50c310f4d901be1aa09cd,14.0
2d9491955f2aaa6964262a95b669b034,14.0
01a29eb8e6d484de55f3d2a9d6b7bcbe,14.0
94df0e79385af6c3f631e35a19c9e0b0,14.0
b85e4515c4b887303ecaabaf209afe88,14.0
ab3642244247c0c638253fe68ee4c345,14.0
680197ddda56ad2150f56b7bd4a1734a,14.0
1361cfa4b794a92df80b42811ec332d6,14.0
a074fea93d83172d9a71ffca68feea12,14.0
a9b2194390d054ffd7461fa373923e7f,14.0
8fe93bf674e747a279720f0f88013776,14.0
f34242a0bf7d9691e3ca46e8eb3f2ddc,14.0
dbf9221b8ed4b2042260f464822823bf,14.0
0974e9a00257a842b2ab61eb66b3b435,14.0
e36fbeb0ed7be80a574afd5fb9110dac,14.0
859cd8639232f2c23c96004b82df83f8,14.0
0ae950a7f903b379c53be854ff1dae04,14.0
d0355239ebf0870cbcb6659c0f2a8b2d,14.0
be9844ed6239f8ba16b4b43b5d20a920,14.0
22bb67c88f37434dbea7e1b88a3f736c,14.0
304116a2b5c0a0d97740d1ed7cd1006a,14.0
6117bf62437ab37582b8845a700f2836,14.0
9718ea5126caa70bc31533a0e17f95be,14.0
63dfa1e41b4a47aa7479bdcf7c61f77c,14.0
7628fc111b9085fb727f1851445623a4,14.0
ecd28b43cc8187e1af32bf036e6e106d,14.0
4d4c5aa4d23805530c7bca50641186c3,14.0
06c4359f159d982902fe93e79c1323df,14.0
2cc81b7f51e08b9f200fff0fc2eec98d,14.0
5c94f28f54aa13e14aaf67039511f318,14.0
f1b66f0324a631de414bc2bf62b5e915,14.0
8b5399b12eee8f2ce9e7fadd94b15d34,14.0
3558747b3ee96652d1c0f55f1e898682,14.0
62ce8efec406efb1619b3cdb6157f011,13.99
fca741e95dd4f6e819bf0b52f5db1c51,13.99
1cec7c8d274ea8b2a9e49cf962e759d2,13.99
e162ea5e3db128f80dd38e4641ba94d7,13.99
7f04bae0255c12792d4f1e345db66077,13.99
33cea13849644e59518cff9bea283619,13.99
df069d90f54fd028ab312f6f8978cc17,13.99
aa680a3db54307a03f5ec70888d99ec1,13.99
9de4d816d8f902680ce581950b0a7eb7,13.99
3c22754a609d713c7233bb5037b77923,13.99
093e4ec01d6e258a988d63881fb3a7e2,13.99
274fa6071e5e17fe303b9748641082c8,13.99
18e4dd593a3162753b5c6081fb581862,13.99
e0f223b6ed81b83a839a9bdd8c7ca7e6,13.99
4f92b798813c32fae91a4e3b999d398e,13.99
b4eb7d78fa672b58a0e9883f29cb3cdb,13.99
b327ddd5ff19aa2c1b93989bfe4486ca,13.99
7cb2faa580dc6bebf04e29bb426e99a2,13.99
46e56e344cf9b8255312e845f7d0b1ff,13.99
8c3cd248a2635e7b2e32ecc118d8fdb2,13.99
eecbbd8f0c46f26f7c86883df3343757,13.99
0e63a54cb887ce4ed340ebf5e8cececa,13.99
b88501b556eb6ca99d56add0a47ed16b,13.99
cede787c255e3af82b9ccd385c7c9e7b,13.99
674fa8530087a50d62a68830c4221ce0,13.99
4356b8d02549aef5b23be49c9824ce56,13.99
4758f24482bbff3b42a2bd920df9a615,13.99
5a9e77d4c84d33657bad0c365b65351c,13.99
69ed09a942f79adc91b02b1f4df87cf5,13.99
e5f9c9b7c5f9c39879a552985b1ccb9e,13.99
21307401801cf2242315563c89d8b9fb,13.99
e78e95c694dc4c2aae6e6975bb58bd48,13.99
e93df84b6db60bf18610814d86332a1a,13.99
0afdec8c17187b3049a69904ef1cab59,13.99
0573edc5eccee58dab8992faab015e4b,13.99
ef15b3240b2083e0487762ee2978d2b8,13.99
a1f418492efe00099932803ee540374d,13.99
66ce46e4ab8582ed7de4e569f26d9de3,13.99
29fe5f83647b7191e6517bd11dad886e,13.99
9318d7ebeca20debca17481db66bfe65,13.99
338ceb7a4e121b2cf002f41b325d76d4,13.99
e0e21892a75d9de82362845630f91efb,13.99
4b0dbdea9ec36d6a05622ae783368715,13.99
a652f27bc38cb4869b7d5d82902c0b16,13.99
c1104fac5436b5fdc87384ade7034be1,13.99
f0c3b92019e378a971f4e17e5885a0dc,13.99
a4fa643f7d9de9a32083b61cc0c362e3,13.99
ace2905b64ec3b4a329b06bd8e7f5c7f,13.99
ec27c0d300b09425d4ea35261ccb8b56,13.99
ece5ebf2a90d7b60b214ec8b666f2961,13.99
c3c004b865c6a674a7b4567088f2dbc6,13.99
27b24ce83b670fb79213398c6944d09f,13.99
cd0549937dd2e79fb141bf699fe2884c,13.99
0fb56b1a2ceaf968adbf6fa86bf080db,13.99
1da6a5d1152676b74966c511cb4b9c35,13.99
76531560103bd5c550f98bf6fc1c0b18,13.99
9691ce8a708e7333d95a5b536021bfd7,13.99
a6fe690d5608de5a62f7d88b87fafba0,13.99
9fc2d593b91e86741a67c7da20f0ba0e,13.99
ab8697128803dbf22b675b30fd74fafc,13.99
edf72e78284083f762b37a95cfc7a220,13.99
51b424dde01849b39f54942246285df5,13.99
a4f233c03b6fafdb264b06169a70deae,13.99
79817d6f8a11b22d8406a256c95243b5,13.99
b0bb537e3254f453fd426715131a6370,13.99
a79c177b38a6a808c2d697e436ddebb2,13.99
8cb56399bb0ca3ae0549dae672b8caa1,13.99
90d6f3aabf7ecc12af4416177c85bc11,13.99
997b756a4a3c8cb582152647c7dd57c9,13.99
c0f820d99d37773d9afcae7710a9aefa,13.99
0126adf5308223f7cba2e84f97ac0d9b,13.99
c864ab08bb4dee24abda9f5d464194bb,13.99
2a7c804a6f96dc79cebbff4a2b58a58a,13.99
7dca0aae9d8b2739eae09392212f33bc,13.99
68745ec5a6e2a85bc4acad76a8641c2c,13.99
dcab6d1bc2d31dccdaac39934b30cba2,13.99
a881d768651dbf7f348ee3eb81e18139,13.99
1bda6f8193ada79f892c00b0c72cecb8,13.99
8ee43091a5bd2d84955d674d52db3187,13.99
bf60fa574e188373d3cb331d04aeb4f1,13.99
5bf6f88da53b511b378e287c0d50b94c,13.99
40228a7f6bb0be18565a2da05351cfb4,13.99
b921e4c10af0bee895e4ae1ebeeb46be,13.99
ded22bf833ef4e2bf4a5de7f74356b0b,13.99
45379ae4fd8150c2bfa681a96cd30aea,13.99
82bfba21f1ccdbffe8c25920039f6d50,13.99
40f690829946d9fc65bd911b9f353be0,13.99
2d95ed08f50028787ce6807bb7d32462,13.99
dfb941d6f7b02f57a44c3b7c3fefb44b,13.99
63e7cc7cc2eee233a612234966bac4aa,13.99
1da48ab5e00769143416057a29a7616b,13.99
24566ba6ae931a905a53ddc9fe4cc3ed,13.99
12d14cfe9f206dc5718f17fdd1c32b6c,13.99
98fde29996fb49a66c8c157e9f42017a,13.99
5e6283cd338ed4776861535ddee19b20,13.99
00f782305075b457bfe7fb38cf6562a5,13.99
222b1c93ba4f0564fd2f1c2719097299,13.99
bd7cb78e215c62dd6de90af929ce719b,13.99
f18c9c2c743235c954d20b22db99addd,13.99
a5469d1164d8137449bb1ca944d6cdbb,13.99
2e4087986fa221f5263e10e27c8e9709,13.99
007182cdc3e8e2d3d4ce0b00b9004630,13.99
78dd48a05a217df468b6c598369075c9,13.99
ea5a116374d378d73e95b7b0c80fd714,13.99
4e94cf3d24c2714968faf048303d2af6,13.99
591ff4992a8a79c6dd2e72a202c728ff,13.99
82a238f8e3cd8ba8688cd74ada659cf1,13.99
72990059b09f512e3afdcd886ba0710b,13.99
13a71d9aec2b8b2dfdc823428885df9f,13.99
a1d58b815a7e373d01a92cfa65fa60fc,13.99
9a1afef458843a022e431f4cb304dfe9,13.99
78a0a4fe355394a8f2ab9efd5fa38206,13.99
e57ac226cb5bc1415cd2a03e81807da0,13.99
947460703c5712189a4e5b5cfff686bc,13.99
ecaee89b579b905d3e2ce634b5db665b,13.99
2cfc27660e8f5fc3feff3ec8b4188825,13.99
f73966e944251751c3432b29b2c54793,13.99
4e0516b0703449a20cea0664ab29c339,13.99
70e2350198c11f4b50dee6ab81464c98,13.99
5cbf1c7456d9789a9c0955daffca1546,13.99
b8febf0469319c4cbb2379e1a0e6fb6c,13.99
d5570ec973698b3aabdc76b8e78b26d4,13.99
2e3a0d5dfa1d77144e41d8219fd8934f,13.99
99e6d3283c13d53d86d6c0a026fe0bf7,13.99
83486328de12e85d29b27790fd68f911,13.99
ca8493599537f0eaea865bf482491b9d,13.99
ade2bbba21068cdeb3a0cbcb73020217,13.99
8366bc749e2f3709d2687c1e446d64c6,13.99
b6c95d663490247548044b86ac95cd35,13.99
e593de7dced2583fb4bfedb1c60b7487,13.99
1bd3585471932167ab72a84955ebefea,13.99
73175bb66381e7cf02294f0a8c2ea137,13.99
b828fa53202efa901b22f532577fe859,13.99
bc2799ce7d11d287ada62e695e3203fc,13.99
44ad230ebeb51b5af647b688304f7bfc,13.99
4fc2eee158c87c2236c2ff71dcad76f6,13.99
48af1e304b92d53867e5bc8892f2b052,13.99
2c170599bc976f4cf90327b4baf83aeb,13.99
c6d97bfecdcdabaf2c3cee43fd148373,13.99
df9531c206eb4db24d7eeb5329666f36,13.99
c2c67639ee959564126f62c5f03328ce,13.99
00c32f58ea39ae8132d9b1a32b81b167,13.99
f85740ba562d483e8e78aab4a1321ee3,13.99
8bbdaabf7966228de0c72193b2cde7d9,13.99
6a32ab73a4e6c08da27e427a8a8c1320,13.98
8fdbdce454b7b69541b4e2a70fa1056f,13.98
e7efe6bb17180833851f8987a6ce0f1b,13.98
5bbbc630da381e9523a57846b4259a06,13.98
3a7c376f617c8d0e2233e6854c63d39a,13.98
3451f0abea3bb822681b0220a5ea0965,13.98
837d399baf16c7a8a2f649ee733d6426,13.98
a72bd498fc675be01dcf6c5f5e86e520,13.98
f70f80643f8bba51009543d7ff51c8b6,13.98
c785736d6fb1a0a904195d7f5b709f12,13.98
99b4d43e6fe62bf8ac5142de557dd80b,13.98
f3476f906a037c2c993fe44405c22a6c,13.98
fc890cc7935fbd5d779d573578a8fa21,13.98
a8e60c05d343d9ca89f9500501cbbe91,13.98
8dda47794812d6a6f2474856ca324910,13.98
339a385d7c41c652faf8a49b4e645bbf,13.98
1672895e6d245b6277856c4dd25f34f8,13.98
e0912be609a1611bdcda51260ab805f2,13.98
b0a04bc50dbacef330e5b369a90220e6,13.98
e915ad11d2e4bcbec4bb5422ed04025a,13.98
de01eec4ab351f4bbe94b38e8d1e9c45,13.98
d36c0bb393c1151ed7d85960305e6eb4,13.98
1245c5bc6e72ca725a9e4a021ff4ffff,13.98
d612ae3fd747409f47e50348961f5b6c,13.98
1e271efc20f4dcb7df3d3a8908c0b3eb,13.98
58c1e87744d4fb452bea6a8e3b578f69,13.98
1fb495930adb9f2a8dc5b88a0f925717,13.98
e5935642ca2560fa7b1591c18d6876ec,13.98
d08717fc91b18c634354b87fc2ded2f7,13.98
4383f87d5f45debd945f3ffede25398a,13.98
9208a631ec3f1aa2a350beb39900ef8f,13.98
803250646f6d79eabbcc05a8887b06e7,13.98
6dca55c3c097a85c54cd691376901bac,13.98
995ff88564ad4b448082f8b9e7d9af68,13.98
c46ec098607e9c34bf0489ef525d0b85,13.98
ee0285bcfb8ab655fd93f2275a1c6321,13.98
d9ed2aaa4a3d2f49678445758a0ec6e9,13.98
1bdd2afb8db9bea3b7f7f00d20e751f7,13.98
8e04a1f6e74af3cd01bfd59bfd6523c4,13.98
71d5c11f717991ad5b289870f3a5690c,13.98
5df17eae086275e9545bb6e04d79edbf,13.98
56199d1df1c8206721f0268522e80831,13.97
48d13513873378a375f90baf4bb5834f,13.95
e8c65e4a42d933351c72233946bf29b9,13.95
c8ffa0b63dd74e4733f3ae1f2c1ac5c0,13.9
1a6485e76c0643994cedafa270691991,13.9
99f02f36decdf29cda02e67aeb589305,13.9
7d8755c31a7f2ea3e2b42c1d72707c8a,13.9
6ae15ca28c2f32149eb10c0937200cac,13.9
3dcd58a2264371c594a25b9b38e414db,13.9
cee5c1dce0adf15fe53d40081b568e87,13.9
fff1da51c6d3b52986925d7bcd8a6d30,13.9
f734bc25bd9630f74781066f38b6bb45,13.9
a8e73d4aabd7b12df66bba3504a15c31,13.9
a67d36d9048a871826a5aef5aeb7678a,13.9
bd79156d8cd3466ec6c16a1153d80520,13.9
540fd94d138edcc2e81b4822c8d8f068,13.9
d6569f2077c6ca847fbab125d0d47837,13.9
723debce8018cfe1a57bb4c4d9793696,13.9
8c60cbeede31c2cc774d1e3077ae9c2b,13.9
846ae29ec0938702681e294c34e2e706,13.9
c4e463ec59a357f2d138554298afadaa,13.9
0f6523f5cb5fd85eb6e608726696f690,13.9
f844756b662228b3f52bf081ffb76e96,13.9
fe6d048ccd0634843d6136952f04c038,13.9
528dc37bf184808b81749737c7691680,13.9
21ddac6024852bedf9975d41e966a4cc,13.9
cd8d57b2551e56a9f123d8b0777b5216,13.9
7ea5fc79e8868ed776ebfce44c06869f,13.9
d53c357ca22783adfd97f569d61a8e1b,13.9
2002cab8c52973624f1c84f918c30651,13.9
d102ebbcb63b6d1806d5482c59d732d4,13.9
cfad1ce34667d10a9c81fc26061f0d6d,13.9
8b99ffe0042d58087de80897bcbaa18a,13.9
f8ead8fa77e496442ea34c58340a7f5a,13.9
39c01c306f74fd8357250244fcbe02bf,13.9
cf34464d3b5d4a957dae9c0ef4a7d27e,13.9
c7be1b792259b72287f5da329e42eb3d,13.9
77f4513aa9a32affef441dbe2f123e15,13.9
54517409e1cc02ae9fc3d71c4b55c996,13.9
7e358e84314f95f1ba53d7782a34037a,13.9
8fee3d51a65bd588e2c8925f687ead80,13.9
078a2f61525075c9f8bb16f202854ff7,13.9
89a4039536234dda76270ebb007d3d6b,13.9
82f7651d498a901c651f2aea61b7262e,13.9
6337af5c62eac96c7e4533af747872df,13.9
2f29573c8cac5a7be11c5b649078f944,13.9
5c1dab0a2918e690895d83234f913fb1,13.9
f853d236663f7a503a8779a4a04da26b,13.9
5409f7748ccbd09483a4cd5e827a47d0,13.9
9e747237ae173bfca746454609260f9a,13.9
111eff7a75b8309e3cfb2ec731e13466,13.9
0088395699ea0fcd459bfbef084997db,13.9
00ec3ab027d83e9b77d525b2e6b823e7,13.9
49ae5fe564cf8aacc2524d9fba919cab,13.9
387183c2d8b0450043d97f07d42fd8d0,13.9
e1e6ba5ad13d5baf7ce61a372f6c9818,13.9
2a38d8241b0de1514aca7ac8f8114249,13.9
6e001b127d62e0c00c0dfb63778ae9c0,13.9
b61cd933d2e2773e0a843e3ec1deeda0,13.9
dadb55e81d2b364625d25ec798cec62a,13.9
85c6f198808c7f17373e37ea59b00e89,13.9
91f86c788bda1e3b84770668a6368e15,13.9
25a52f95724799f5b375932dfb65c5f7,13.9
c88049eeaedbed43c80a28501f20e6b4,13.9
26d480c92395324f05d07c5ed0101a6b,13.9
39f1cf2887c445a68f47797f05872f38,13.9
d114e26102a11cbc6e7b8c37821d1aa5,13.9
36a1b010890ea2e12107fe6ff24cb7bb,13.9
ccd8ca3ab678409f42cdd0136864e1e8,13.9
bb7874514104785ce5b5abece4670a18,13.9
e89981ed8d5648b550181609ea2d512c,13.9
60509bada328e6c2341f67c3d58d5cad,13.9
1907c0d44e041b6b9bf19a1021bcc34a,13.9
7d68d1471b39c21eaa8caf3165278f8e,13.9
355c2aa61e6c0635c827fff8acf4dcd2,13.9
0a1b816a9e0ae82eeaa2c15a91f98d7f,13.9
0e114b02a45c9876080f3a9a19f51c16,13.9
7e8b1ef440bd2254c61b01250570b978,13.9
241e9dc75c2e4486c8ef86d32b865910,13.89
78b2c378bfab658007bb6c5ae2b09829,13.88
c3a918fdab36d16fc128d5327f1f7be1,13.87
55257b99ab3886a92258796316c4fa69,13.87
f76dc47174f01d73c76be3f39d35a676,13.87
6285b5a7402c20ed44a33c852621827d,13.87
ec3051ceda116c9ad7d71352265f1169,13.8
685d525a7b19b0f8984d5786aaa9f087,13.8
d29cf7c7a5915d7c7e6bdbeea4aece3f,13.77
857653b0eb3d3c5634481c63cae0cf69,13.77
28ce35727750b0376854e6c5063d94e3,13.77
2ce3065b5ddebd3b59b31861d2f9bf5e,13.77
860ec782e574f57f6896c9ece4df37e6,13.77
038928d37194ccb2082dc43c08bd9e0b,13.77
1dff2093f93a4b87cb9db694d77e22e8,13.77
6f380f1105060ce0abf373c93619c6ee,13.77
bb3b8ba65c06bcbe68a062e28fa27adf,13.77
722a4377c1aeb96d9e49b887e383fe15,13.77
1e6871517e2bd63b7ccb393370800abf,13.77
6dd021e2ed02996bfd716d7bd5372a67,13.77
866ef94597e7c918f4f3b8e0ea3af41c,13.7
036c6fdc444676377a8190fa248c7563,13.7
35514175c242f45e81cb61bc1a973323,13.7
4cad7c4c5d12ac22f52c16a69d0663e6,13.7
01c013b2259ff571bb7481d62fd96e67,13.7
79c2c3143dcf3a48ed21bbf402991b60,13.7
a92793be3ea218a1c299ef149d5584c2,13.7
f2ae3d9d66ccbf0adba94db444dc7a00,13.7
c1049b787fd9750498a00ffb0007e0e8,13.7
b698ea7fde13101fa5b6fb1382b4e112,13.7
70b9ad9eaa6800e9849917e4c819b340,13.7
5bb27fe3fc3b5fa97f2ae7d2ba599a53,13.7
6d278dab1f561f3648b35e498335652d,13.7
3e6ee83b129d8611fe4e39d47b18d8c6,13.7
cd84779cce6243c1a17f802b7bab05c6,13.7
285c8d64abdb53be68b4daa9f580327b,13.7
99b81369c2f7870fee6166d01c7a5e02,13.7
1c6f44e4eb63d6a08b1a44ab8aa0d932,13.7
f8e06718c2a9e45fca3b51f2aa143d2d,13.7
1e82589c6c7a1f0d30ecd3e87cdeaf0f,13.7
3a8a658ae668c077b4d802d1d43b2a28,13.7
09aa424d8165256bfedf995ba5b017af,13.7
6bf5d790b895c0b3dfdbc9b865ac7372,13.7
1c04cbcfe22abfb83ba9354fe0ba253e,13.69
79c719bd423a3670aad59272146350d7,13.69
f1e670dc0f4e42fa6931d6f01d7b479d,13.69
0c8f1fe40f0c95b4950b37803c3ca0ad,13.69
1b1e45dac48738c73df1da3be957fb4c,13.69
4d89e7ec9a5b443f3188cb1132255b72,13.69
c1709adb3e236034941086cefdb16801,13.69
ac55147578581612a3f796fe48be77d8,13.65
c03054b9bb8c3bbd55fb3f8c2aa54dbe,13.65
9359277ae2c0ab1772190a4b769f148e,13.65
a28774056a751c7e8affbaff81fcd933,13.65
e9321b93108930a33cb84134b7267348,13.65
4f85689223f7451e3754e857750c6847,13.65
f4bf1a2e51e9d44b9be1039aab49064d,13.65
1b4fcead21d83eb41a2c25fcfc4595f0,13.65
a4289973879353758987d0ab0573db26,13.65
7ad81ba6ffad3deaefb12dc8097c9f5f,13.65
32224721a96f2124f81c29c03cb00f9f,13.65
bff24d17e2e986ac557553cda753f31d,13.65
59f1d52390a00b2dd217bc83dea3aac0,13.65
5fb1f562bb86b93ab8d78d66f01986d6,13.65
28e578734a813f4753a71d2f31e1e8b3,13.65
3bbbf089a6d913378b28cc1849c98b7e,13.65
111f9bc1f185137dfd3f27649ddb08c9,13.65
6f0af127aca1f39fab251bc67297a741,13.65
2189f0dd0756c03dbfcb33d3ec290ffe,13.65
99c1f06505371e40a1dd4e782cc6fc1e,13.65
869b5960dd03676a74c661d62d2f4b05,13.65
c5dcb73af5982dbcb537f98f4cb30f5c,13.65
ae0417f3c2319e7c7ef0a65b63dbc7ea,13.65
ab629c3a39d46c21aa1e426b6e22e105,13.65
cd8f48109c28d43afef65248182f9c77,13.65
b5ad4261b16573c8ae1bf274cdc14ff3,13.65
9e0c8cfab7bdb0ba76c418336f94c865,13.65
c5c32cfb1971f9cb50b5f7a06e6d09ce,13.65
ce2e0ac999f35efb5ead1509a1e2fb5b,13.65
80bf208c0f8342186645e3ca04fdb2fa,13.65
2977d5699f7c47ace1ccad7e22e95f8c,13.65
fda351bb234bfb1c3f23845d382a6459,13.65
3145725f02c04d05467d9f3f8bd2424a,13.65
3da95d69ae46803a5a7bca3c2c175afe,13.65
d596df272d1e83e4d3c20de772fc36e3,13.65
2e704319d4930866cfa99a7508fe0351,13.65
2f65f90c30000165c4d6c08fce685437,13.65
a825c6b0ad6fd22338d9afce59d0b40a,13.65
f071974e65cb75a420c1530a8b0b27f4,13.65
b8d3f17b299499a09bb5ee4151d15880,13.65
62a80a070f66e36e433ad68f1e9d1439,13.65
003cbe6a43560a8b6fd2c07531257c2d,13.65
88e865cdbf3c499bd2c69dd3630a5276,13.65
6c94244091c0ea6ecf242283e1455871,13.65
8ad90dfef2848906ab9e9f32cc6a7f3e,13.65
f6118aa0582fafd687c4839e83f9ec5a,13.65
001c7f05398c45b42eee0d5a77783bca,13.65
2e03dc3380dbf37231ce7203596d8e31,13.65
cd6c72d5cf170f3b0a80de4c6e087303,13.65
d5932a2c3561d6247dccce872bd41610,13.65
44ea85428395f5411a57c6cfb5de9f4b,13.65
ae2164e850f39dce431cb74974daa355,13.65
66e0d58612939ab37a7155e1bb8f8e82,13.65
06c90f4d3ea938996708090e6d65891a,13.65
a8004a3d658be3bb26c0ad71671ef73f,13.65
8b7d23dd30d06f359eb4bf17c42bcb96,13.65
b1944cdaee5a141eea4055e6f2d826fb,13.65
56d9806c89791bdb2c2a3158818c35e1,13.65
bc0c9c6cb264837628cec0ce57cd91a6,13.65
7f6a163f7d28e407e5eaa735bf7014c5,13.65
0b10808638c701826d8c83ed1a123fb1,13.65
38b7eca3d9bc7ba86bf6e9765db0783c,13.65
16f8771e0120d9557103d473bc8c4833,13.65
9690ae19fa23072cfcb90303086e261f,13.65
13cf269afee757997898d939075f59ce,13.65
8cdca44e9e54f247f3472bf8f28e63e3,13.65
082b0e812e5a5e7be47a20928caee80b,13.65
e63c09c2673a53564d751b260587670d,13.65
77d3181486540e372c4fd4aedbbbe429,13.65
564f0d69cba2da3f21f9017402d0dc06,13.65
588e867141b52512293f6fc59ec00bf0,13.65
d3cf6cc9ff5cc6cb8b1b864d847074bd,13.65
847401f6c0587e1f78ac1104e3879cb2,13.65
5044e8b37438c40fd1ec142dfb1d6807,13.65
21ba332c12032e208dc1354f429d1e47,13.65
1670077ca7c7b54aa21bd2943304c1d0,13.65
6a6cfe6083ae2b03b9b0cfd58d0f8c74,13.65
b2ab620b53e3b69f07728d9645134285,13.65
c3bb3dcd5ab97143e278f40cb0eb15f8,13.65
d928161f242c9a8ca0a4675d9eb0483a,13.65
6fe0a95d74bde7d9466c7d44d0b89b98,13.65
3227fb6f17d3a5f8b131c9782516ed07,13.65
a08364b857475227d6659db0c604ac14,13.65
dd433e8edcb748653739108e2aaccb7c,13.65
f1a1234261d38d95d541baa1d73d3057,13.65
463b9e51b7530105dbaf4649dd8edf99,13.65
b5dcdf41ce407279527c68ee494abecc,13.65
66b8ddcdb9e076dbe9500e2dafcecdc2,13.65
19380d46da295ca8dad39b513bf15750,13.65
512502e3bace7f93165fa8abdca0ef2c,13.65
0ad19196f5e5abc8052e1d46a24a6522,13.65
63cf63c436f143d146e1c84703b27f7f,13.65
f004aea092c969902918abefb0f119cf,13.65
4658dfc795b76b5bd5472d0528eb3d19,13.65
f4088a81cdec0dfe42722a468febb0bf,13.65
33728393eaaf9ce7c3ba59d63f31c26a,13.65
5f72cc875d166f261f0469ab1b52c4ad,13.65
f68e63b07912415b2ad2a25243bdcda8,13.65
49112800d9f84bee4cb56c717eb30dff,13.65
6eb39dd9d1e69c667575f339f084347e,13.65
28819969e45ae09705dffba8895b30b6,13.65
d8e02d2a14c14ae4be20a05f2215ab34,13.65
d7e3bdcb55d1c2afb2e0973df1c22cb9,13.65
4e6d91ec43fe43f57a2211044a2b096f,13.65
6a4efeae0ef82884b1edc1b6713beff0,13.65
d27cc8323ccff05b970998013b39e597,13.65
5a6f16901365d80a8e9e2d342a44f91c,13.65
5feeb43744a61e50a53346dc3169225e,13.65
094340afa1c674f88c7ffde85d6f9644,13.65
2f71b2b6d65a60fa6bf6e33bea5175fb,13.65
75889c226b97b6d3d51302ad295ec61d,13.65
76f89d897d86a1c0535a302793bd16c6,13.65
a96c2c3cfaba640c3c396da506e3d8af,13.65
530103ea67e6552ec7b5875c1a7a8929,13.65
eb3ae87718e44bcc08735499926d839a,13.65
a31b9c72b5843b29fd1746cc0ca8a78b,13.65
982d23699a9acb87bf7e67f965918846,13.65
e8bda9ead400aa0a8f897ad77931f94b,13.65
ed64b2141d2f8060d0ba07dd068d1d09,13.65
b5157b9f9688400a393d5afb2e4fb44d,13.65
4cf7876fbfdf18add1ba9b9bb9de58d8,13.65
41eba2b39838d1bed51a807736f46820,13.65
95165bcc6f4da731e079580a6e477e17,13.65
c23dcdc5159a1c67ad4de03186b8bc17,13.65
ac255dbf462b2ee3fb5c17fda67e7847,13.65
a7263ca2a95cbbda501cdb4e676dbfb5,13.65
6377f5e471e4cce23afa56dfc9713710,13.65
f6eacc4b1de6e9b5187151afed99c320,13.65
e405b45d1a92f47e9aea63e461a41a99,13.65
e3636070c56f27303e58ff0153d85859,13.65
2f19c9171e009ef6195f5af093d2ec90,13.65
3b21e235a9bb02ab719d59a2e4db2818,13.65
f3d1bdb2683faa58b8e164e34b7595c0,13.65
8ff142e1e53169103945b4bed865318b,13.65
162e0d0e69e279de6dae202082e45c63,13.65
0a212f686094e52f1c0a36b0c4f01492,13.65
ba43287dfe6db92bb0d2619bdffa26ef,13.65
4515290e99ec959859fa146603a66ff7,13.65
f7591e0a88e56f0ae8d5e7329ec1fa71,13.65
5db8feb579f7709b05e814faf188ac41,13.65
1d9c36f1fb67c925df3fa50b231d1b83,13.65
f82d62c40f8aa96a0539ff63897cbdd5,13.65
2f85194b1fd6b4d732bde1d232b172d9,13.65
e91ecbc9e1c67b0102b5a56e41965770,13.65
ee3887e1bec435a943e9c40e556007b8,13.65
d1f032b04e9f3644c7c20df464ad1a3a,13.65
c433fb0b6aa40b097d05ae509137df95,13.65
c37b049c9d46b1a0208d66bed08ff974,13.65
a48570e816dd8d8a313d075e5cb0dfcc,13.65
4f5d067ca62e65629e3b1187fd5544c5,13.65
2d18f5f3edaf5917470725c0df115eb5,13.65
9486b85b8f2341d5f5cd6baa107798e4,13.65
6f63c8fb2fec92e5e4f3addb737d10b1,13.65
ddfe6fa346e2662d9327d02b663e7a98,13.65
7ab146a5f9f827e0f080b310aeeec1c8,13.65
1987d61027f43991f51dda7d9c901387,13.65
762b59169664d761596b65b8110298de,13.65
938dbea1d465c3eee57f3dc8923dcb16,13.65
963eb10f3b68d2d56bea152cce226f80,13.65
1e02b284271ae29e4df0ed29851ed4fc,13.65
8bdba2ea966d946cc1af56abdc0b61d8,13.65
d923411b6904f453bb966718a08e3a2e,13.65
7d89958096c9f8346a0a9b41a7d3117d,13.65
5d620255702bc2d194c87b2911951aa7,13.65
3cdaeb38eeda0b1d00cc914d16c3cd7b,13.65
e4ee9dc87f21faabb3d9665d49173d67,13.65
3ae75409eae0fd9abb6b38503c7969ec,13.65
a2d755d99c00b6bc5c1a081f184ac4c3,13.65
4384adc463626cb85f6d66d6fd94b5ff,13.65
a79475611d8e14741da197072d5c591b,13.65
2741d30aa289cae1b78c923cf31e6470,13.65
1a11a5ad33d88dd094bbb18924162517,13.65
1de558d80912c90b13b12b010e5ffd85,13.65
f39bc18f035964de38084ac0acd1b4b3,13.65
0fa5d90d4ea93728f18d914fdcb288df,13.65
c956a929bf20e4511644a58aa4df6f88,13.65
81391dccf0ddecf22324b3ed34008079,13.65
8bca3a85b44a76353af3b18cffb13b2b,13.65
801ba07aa2b4e4ce09beedfceda64766,13.65
49dec313b020bccb6110accca0e8a7fa,13.65
87e0bfecdb562b3802e43060c7e5b532,13.65
6202d4c7b36ec8b08584297d5eb22c8b,13.65
9932c83505a04f3a77be0d19a98230b7,13.65
17bf429fcda123766dc0a1b70ab0d516,13.65
351862afb171174da309fadda7304c76,13.65
6c5314b678b08c13693fee8f90fc732a,13.65
4cc1a18dcb64f24b284b3243995340bf,13.65
ba5ea075962cdcff04b20125e61abd7a,13.65
daeaba03b9de4c81cd153e045ef505d4,13.65
b079e41d8e7a4fcb68b16b1334e1f878,13.65
2685bfd3f19974ad8447c6adc27b40af,13.65
3b75048c826545176490016b6fe044a9,13.65
652590e825b424ac6fd3eb87ebe70f59,13.65
4143e540a8eeca082e8749064bb16280,13.65
5d574e44c76dd451c45b92c78cb27863,13.65
ac45967813f56118b67f7f5f4ef687be,13.65
3132f23b8b8d89c902adc08c769e5db5,13.65
97fcee340b3932c2884ef7a9305d3b05,13.65
595cf86a8e2928ebab3f60b9161fca89,13.65
b89af678d41d20552b4eceae653728e6,13.65
85805efb5806ba30050e8214da2277a2,13.65
12b02f4c536538dbb3b1f1ce93ee0134,13.65
e6c8c89d3ddde215c157724927e7c5f1,13.65
17ebde2c7188073ca37d90c062e25aed,13.65
e856b83a3bd93a571592d7b2011c5951,13.65
fff4fdd0de70a51d4e0f57a4c1c6bfae,13.65
55e3493f90cdb6ef93798027675fe8de,13.65
a7a6317157ed158a0e6fbf682b64a578,13.65
f6cedb4b0b06be93d4ab83c19536bcc9,13.65
aa072112a00df3b18830253b7fd1f47f,13.65
027711a554ce14c4bebd4af3bb803101,13.62
98e291daf328c08849cb0369cd861a14,13.61
7a0a62073458a64b47eefca7f10df997,13.6
191c76dd5f87ed89f822cb10bf67f93d,13.6
caf4ba4570a6cde8d11583cb434b89b5,13.6
c1ac0c8e43e2940a6ab5efb9e4fcbbc2,13.6
2cc96e1e4307b9b4c1e710fb2c3b5d24,13.59
26e3ce042e5bddb58911af13ca03b165,13.5
1d6ed38c8b6ab482c59215aac29ed59f,13.5
a76e74100709762a48e683a177dc86b0,13.5
51b68bdfa70c047b4402d6fc01ba0684,13.5
9e510c899bd362c1488f53df7dff0b42,13.5
e8255a31f2ce6fc4e82b8360a8c919ee,13.5
485ae36cb82a351de4f4c2a099ff3606,13.5
20d2a92bbd6fd5f58eabbf0a645639d5,13.5
eadd0095e6896e4e906faa7381d5f75e,13.5
8110c15004d4a39eea1ca78bf5e6cfe6,13.49
dea417d7876a6d1cba3ba9cf7195c1ee,13.49
b9816399341dbf1063afeaf923a1860b,13.49
9818bf2fbfca93ac894d14e35d9313d4,13.49
cfd94b7371d772037e785dc4dc6d0b41,13.49
e6b5e20566e5c72cbaab04f91dec9c85,13.47
3a8737f68201688c1513bf3fbdbcf631,13.47
002905287304e28c0218389269b4759b,13.47
aab3dae5b97f7188749343fe78c8947e,13.47
b0731302b2c38aa2a3846e95b4e0e7a8,13.47
6a65b5d6d4f4c9dfda93798cf014ee47,13.47
4e3549d2f9522097f6b465f8c5df340f,13.47
13ab4c98a7678b10d69118bb719e57c9,13.45
97b1a3ce290922863b4118a8a290d3bd,13.4
0da103714d9838fca662d39c8335322a,13.33
1c1e5060ceea7bcf6ea312692655d2ce,13.33
5d3dc874f9c79b6b16ab0a108588bd15,13.32
a18e48b17c599c90b555cdcdf2c1d51a,13.31
e35070616c6bd238074e2ee5131113fd,13.31
c379a47945eb2681417d585797f69c00,13.31
3f5d98eee5439942b85e0098843bc4cc,13.3
1626761519a806e354216dace02df1e8,13.3
77ed46145075364809e072ff0cb625dc,13.3
ec3bd935ef79fff4a1a5946347cf8e90,13.3
c3b7eeb9e7073945a7935edf7d6f8343,13.3
7b22f433873cb52f8be5468a64acbdcc,13.3
d3308957c8595dff77a1deab1e20c24b,13.3
9c12b9f4ad1fc695394e78cecb8bb51b,13.3
bcfe3310d4b1fe18322d8bb586cf5f32,13.3
d929280e89af72c9509d90a5912adaa4,13.3
eb6ebc68d7ab6ad83e9d68dc1b707f1c,13.3
77de1baef8e554d3b1b1af0b8a3f7bf9,13.3
afc15fa2e786ed9e0c65bbbd956cb972,13.3
82c4ae9f59304faecc7ea3ef42b253f4,13.3
3a39c20699ee45f49359d2594141768f,13.3
d4a3674bf4aab598bbbb403358c656b8,13.3
0ff924800f1b14fea0d993177b08cf1a,13.3
e2d5baf25c5642adf9c640a2107df670,13.3
981fa4abc1b27dee0fd30a98a2447de0,13.3
fb557dc3ec9393cc7850b56e5808f91d,13.3
d0351c04e02774821a6b7119ad0ae8df,13.3
35a2b4e033bc862686a6634fb2b5ca3f,13.3
37c19e14f0f664e83d2068be6b1f44dc,13.3
76f873d7c71e9afa58a61ae43e5ebed8,13.2
d829c6a67a93d7fc7f62dd56abbcc4de,13.2
dff35e4b5a960daa3287033b77b1c965,13.2
0884f1342f98a8fd3a99ccc43a91e6a4,13.2
40ca21e6d30779f6bbe94376d5126f4f,13.2
bb61dd665fdad27f2cd99dbc0d3f34f0,13.2
be229efb8c41bb502af08614897bad70,13.2
4c64c464e6631d8e5ec399272e4e4cf8,13.2
6c782180660997b9dd68ead2b370df47,13.2
69eb26a67cff49ff2040a3817602061c,13.2
16b73610eb297942c3b17ff877165206,13.2
b102a52bc45edc1d739120e3f7c6f3b2,13.07
f3d89a355a1a1cf2eb8db8a2b674ecfc,13.0
de3e67c69d744169029b17ee09040116,13.0
cb4af6aa5b3fffa0d566e3b6beb702a8,13.0
60060f1b1ee18458f4dba46f2eb1d73e,13.0
164564545470a6e0df300b2a9cd236aa,13.0
a8e3857f8dd7398eb95a411a4a6ab148,13.0
5b4a17cdf8e611b47a912e232cdf6441,13.0
c244e55065c91849b570ea7248848396,13.0
e93accb02ef110eda33fbf5b00f76925,13.0
1197d0abae67f94b4ba55fd9eb382ab0,13.0
048728006344013aa9fb44395800d50f,13.0
3357130ad85f3c9758c6623ba3d51bc4,13.0
108a0f20bc27c6072be5931b83fe52ae,13.0
cfaee97e3b62357ef1c296faa8553d76,13.0
2e75dc8d60beb119bc838607b6b24f0a,13.0
8d7bcfbe8caf1c7d288c6aabb3fec69f,13.0
f3f396000326939460be279082874605,12.99
a56b0ef05e3ed83c0a73bcb14f44ab3c,12.99
73075f8aed30be94df728a128ae7a23a,12.99
9e0628923d9fe029c079eb11ae72d241,12.99
45d3f926989da0ed4943a7c036639bdf,12.99
01231f8b1b36a9da85f695b48c2f18b2,12.99
35e87ef5e133284e1e2ccbc8f8816d57,12.99
641d5bf17c23bb54add76ce8e47c1bd2,12.99
fbf63348f1407b889627f56bf252be12,12.99
5d77023012412bbad6a0173e7a55354f,12.99
8aba041e11a46d24fa2c97001444b8c9,12.99
0638bb7d39fcccf22a07b88db6686785,12.99
ebb7a2942172efa549f149c74e43c3d6,12.99
43b0018187e2831197aab2587884c29c,12.99
f1ebe3628f15f8a83b0b380accafb017,12.99
183df1decda4a848844388d117f8605c,12.99
369708cabd9831ea6fde670a3b602a92,12.99
54f0d9edf7462c205cbba39b9fbab0b0,12.99
7cbabbc325ead8aff30d16680d346c0e,12.99
467100d009756d63195a0390c0dfb146,12.99
ecc7f9db3aeff66207a889c07a2eecdf,12.99
c025cbb5af87157b95b10ca2d57978d3,12.99
0c7ba0b11923d9c8bad61bfdcd6b3b2b,12.99
93b142f17b2a53ae3629dc3e1c30b212,12.99
44f68ed233f609aa42bb4ed3a135b15b,12.99
cbdca9d4fb92fc005ba3fcd0fb350e5d,12.99
6b6d9a374c988f07d7da7033df7b0914,12.99
b16df372869e62072d35d7628ca6a82b,12.99
dbaf23b654a0bbedc2781c69f0c6f03c,12.99
2264bfe104fae1c05829148aabac2f81,12.99
302e2c173a66a78cce4229248835a524,12.99
c1e0dde767b358b5b0c044c8d5f408ee,12.99
2055909723147d7d653939c0094cee34,12.99
20b9b3b3b190f69de242845d26fb346d,12.99
0d4d04092cac5c656bf7ae1c4b6a90f5,12.99
01d581c1d75cd6e7a5315b20589b9944,12.99
d418beef9d98b3cc74bf049c41434cae,12.99
c4309ec9a72f861cea53e82325cc6280,12.99
26e631854e3a5230d9311f6f17a5a0da,12.99
7d5fa37fd94e38cbbfb67d2296a09a10,12.99
1ce9aec3049b17c01ba9ee121e402b7d,12.99
e6662e391d2404ca1fd165b0a4124ea1,12.99
d4eb9395c8c0431ee92fce09860c5a06,12.99
1789a9c308d16b63a0d1a496756a6942,12.99
e403023e5cf3d1058cab56bbf045f020,12.99
cd217889d9b238ed522888d8a52c8731,12.99
46f57e51eb456cbaaaf90c702d03ea3b,12.99
d4ade0e56c661ccfa575bc4270970209,12.99
0bb74a467a1245f6b6b53a78b72e35a3,12.99
35d033f9f67cb0d4e28e2bb6e971ce85,12.99
547f0ab4161085115b9afb71a0be6eb7,12.99
29f6c977826acdfaeab958ed41c85de3,12.99
ba0cb3c8fdd57a9f03fe71f48986dd8c,12.99
5314cc154297659f9790a9a2b40a5ee0,12.99
71882d714a4b6d1302fe9535174a0100,12.99
1d961c2c710931fed10a7bb0b91e6fcf,12.99
d2f3dc7c4bbbec3450ab016041910206,12.99
34db1359df25493318a18179ae5d4aea,12.99
0f0c730c073bc0f1f9cbb6cda2ccb664,12.99
d444a4b4041d3548e01c57b178615b56,12.99
0f4dc8c2ac6d18e946192066eff7fc5a,12.99
b52171d5370a57ed48078d937381bdc9,12.99
c9eba034ee5ffca9771a1a60f603c827,12.99
f5b3ab09374c3d1b4ee41ee820225523,12.99
491dfc36c496e8880a5621b8ce98a2b6,12.99
7d14393ae77ef2bae04901d86cbab86d,12.99
e650f85ff4463603337acc85ca591af2,12.99
c2a58e625491c40184367570fc83de48,12.99
4666258a26f60758fbdbaaea7ae1173c,12.99
646f0c28ef155ba2f5413a913f84d73f,12.99
6d6414a8eb7e7e516280747b41470e55,12.99
aca362e0744d36fb0975539a8b8aab37,12.99
8b03ea3f9f3057112117ca08e7c3212b,12.99
ecf9b95706f52137b21ff19943699b58,12.99
55107bcafecb383c71aed2728382a3cb,12.99
35da1bb3d702118ffa90db700d531c35,12.99
53cf02fb89394af812a28f45c28869d6,12.99
7a375a6afdd7f2db74c57a74568439fb,12.99
311065c572524dc5f7364cadecb94bb4,12.99
c4f0c1f1c362bf3fe72cf405206da792,12.99
b8bcbc6a8e07056ec28ac9c53b0c1ee1,12.99
793295406fc9bea48c3937f2939bb879,12.99
cf744ed44c9bb68bad7b15f06041bd85,12.99
6440135860433debb1d531daa37afe74,12.99
199ead1f7765436813bea595273e98f9,12.99
356db73529dc6e2c37f3712f9a2c67da,12.99
f198690cf821feee68602db6f7972d07,12.99
9af4227b61b5fdc0a5837dea799d9533,12.99
b7a7e149c4a6120ec3938bd2752683c2,12.99
901421ae0b470ecdd15c3bd4c880e8e9,12.99
8882489a6088e4fe968a4ef7284d36a5,12.99
a3f51ba06f92eea012aee0148689488b,12.99
47a9436be796bd18a4c1d25e5783d048,12.98
4d75781679d538efcb4b945109f9ca68,12.98
f89efd7759fe87042b0c51914b702dec,12.98
8d8b4e6ab11b7c08be542cfa4ff6913b,12.98
3dfd713792fd5ddc4ffedb9ea5fd9318,12.98
6dbd16c2c45f442bda4e6dfd195d485d,12.98
dda1c4364d7687bcc98ca8984550b081,12.98
3dfc54c80465a34e894278f7dde57435,12.98
85e524338405b267962d1cf158ff6eff,12.98
98d99ef13469b99a5d50d0cde8b031eb,12.98
97b271d89f6d420be947869c55c64b76,12.98
d94b953a8b998d55e2adb0edfdb6302a,12.98
99fd37744ebeb8563299b54c2d985c38,12.98
c8fcd19ff9dde8ea152754737f5e4be3,12.98
16292a565a0a28cb79837f9e0aee1ffa,12.98
2ebd75027981cac9bde613ab2de194bd,12.98
3fdfdcd1a075603bc95b9082e5ae6e10,12.98
28f681fea55229c3b5e12ef1950cd1c8,12.98
5949ab038c2004d5045146bfbdd61467,12.97
7682165fb7924ce303e686009bd6cb9d,12.97
2e5e192daace5791ff9fdb7cc0cc6d1c,12.97
f37a657ab3c515ad0ed4be8f88521ce9,12.97
0d87ea75d155cea0ca57c0330ccbfa68,12.97
c6a9becaa9e9a12a50b0f9ec880b67d3,12.97
895eb5c70da335140b2ae0318c5897e0,12.97
451e697f12e5b64eae4580d365e6260e,12.97
648bbd07536c67c93bef21abe6da8e51,12.97
ca7b4ec47007166e0e759e6a199dcb93,12.97
2f98684e0e9be4aba2f337d0eae650e2,12.97
806e9984a49a008bbb424f31641d62db,12.97
ad700f0b10f75db2096a35b1043a1d8c,12.97
c25e0f563bb2655bc1328ec49a60b540,12.97
25cdd696ed4c3f8f9b78a59a6b5cfcad,12.97
cde54701b36d75afdffb70b5e471f804,12.97
2903da263de09c216f78598a8f24f197,12.97
40b9c9e927f334145400f110362f260f,12.97
fc20bf52378cf158c091ebd048188b5f,12.97
6eb75bd6718fd62420410a36667c1a9b,12.97
76f8d2d61efe2ac1c232d08399685395,12.97
5bc16862dccd76cf19843a5da0222695,12.97
3a3276446ad0b799be2122b37c779558,12.97
d869814a54cc36cbe4f2da8bb29a421f,12.97
2d4f85e2a666df7f87ce6af544523dc3,12.97
56c8624d85aa10cce32e3e06fbffb34a,12.97
872f27f2b440662abc43503889206577,12.97
7ab6bf8e79e131fb7052921a49aabb2c,12.97
3823b172dbd6ec254c91d9b6ff2f1e74,12.97
4675b55ad5cf9302218e93ac1e82dbce,12.97
983155c4c0cc44b685df66df2e9f8e78,12.97
5b343191baac7b4011469793473a16dd,12.97
6a798d0efee6cbd32eebdd288a101383,12.97
1bd6b1b425cc25c6e0c79f68d28fe2fb,12.97
722014e4b4beb1e103b28f711a906d36,12.97
e43b79f4e4752adf6887f7d9b7396cec,12.97
ba34bfae97ed2bfeb61042af76893bd8,12.97
e6dd8ac8ed56ed4580289f5b7100d37c,12.95
4671612422311f6cb6500de36abbce07,12.95
a01f0880ddd293fb2bb6c7fe8e27168f,12.95
36774face3b8ee84925f7ed49dd56c42,12.95
180f2496e2634a22fba5220a7144adfa,12.95
5a72357d5075ccdccbf605341505757f,12.95
253ebe5e7808002dd8e6e7b00317c08e,12.93
b6e62ebd9db8a2f240058b55d80b3213,12.9
f3ecee3a2b41fac72ec039125b81de2c,12.9
90eed93cd3b46c2507862e1821afe82e,12.9
ed3456724c3939113ed2747629e87ad6,12.9
499311489d89baa6ed8f9f9f1f3758b8,12.9
c7a91fd3c699d8d8c9bbb90b1b5cf235,12.9
72d90899884781ae2fc19e49cc102fc0,12.9
3a79e64decb3ffe215a91a9fd8989abc,12.9
e422d6c59e0b0b1c22fe8c94835ab2fb,12.9
b7755d902d0b95c0e4c8748c8d683f79,12.9
c096587845614184e0dbdbe8c8eb7662,12.9
9b019db873f6ac74abb726288163456d,12.9
496bfcf74a80582dea2af7d816786c60,12.9
12a37243239f012531a09fd84936c8d6,12.9
6bb72ac9549dd49ee755b90d18bc8ee1,12.9
b148e229c3c9f7260f706caf5ff17d23,12.9
82782a8ab4c15acf2e65f35f6ac6237d,12.9
b52487ffb1dd137ae2dca9b1767d5e57,12.9
34c58715f182abe848f018fa420a72ed,12.9
245a51ffde7f4ad67eff5083ddf0b3bc,12.9
182f5011e168ab826a44acefe1b0cb10,12.9
5a0dc6805a195218a4e448653dee4740,12.9
16cb12efaba0eb4a1401091ebd4d9ec1,12.9
51ea9b5bc33e6a32904b5154b82c3837,12.9
ab483cc52c9f32a518ca23b4d420c3be,12.9
4156c48bdc8d1ecbfbcfabfefee2d0c7,12.9
f33a18deacf7ae36ae065eca09113bf1,12.9
61e4bd7aa14615235bfe015555cb2b97,12.9
95ad9c9815171d2f4bc4a6267bd8b05b,12.9
2affc664ba3270af9f5c0fda2c70d33f,12.9
2c800090d448771fe1e27c843e63d4dd,12.9
a8ffa2cf2c4b3e911c953a76c4f54869,12.9
bbc517da3d654e825815ec0fa3b1cbe9,12.9
072aade529b4fc337113a15dbce8873d,12.9
49c92d0c9c958885201558d0d00f452d,12.9
5ac0911113a65439a5663bc2edf6510f,12.9
547b138492fe9767762865f216a83e5e,12.9
d923a6f627368b7d0c3821d8dbd504b3,12.9
531c12ecea1d152046dcde4b212656f7,12.9
8b96783ff4d45cc3be95581b5eb0226a,12.9
89622b9cbcb1818eb3f182e5d7be488a,12.9
ba649fed4375cbae013a05d52ba39dab,12.9
34c64a1419d05c418e0b79430d90f6b9,12.9
0e481f23c930890042610bab117fe8af,12.9
4fa46009da47af602ccafa5acbc6d49b,12.9
592931cc5a4663678da3cc8673662ed8,12.9
839a0aca2e489a773724ca101f3f5c70,12.9
7e61519c3a9b622a4211588b43c03de8,12.9
bb1ce320b57af82c3533ba0d75739f7c,12.9
9463b5b75f8762cb7253d4c117bd2194,12.9
1aed7bcb3469dbda3ebc61b12938a4ba,12.9
614e7c22686bf602b90de7e9e8cbf47a,12.9
b5bec5fb82d6aca9fc79d52b5446adbe,12.9
fb866358cc889170eb31f05f257e16e4,12.9
8718a039a914dc16e203ae3afddce0e2,12.9
7b633708bc80fd33de7fc84fd3d8b8d6,12.9
f3aba96f3eceba3cdf6bd72d2bccb867,12.9
a3aece79030168b1da9bfc09a9d8e092,12.9
65d8aeb39bb0e6d72380d2c2d9fe48dc,12.9
1bd39c947fcc7819aaf31c7f37b6d740,12.9
b19259d1e65e64d1ca6f6c16001634a7,12.9
c43c903694d240e0094656ad800c5455,12.9
06feba89747b8e9e2a482ca08e3b1c3b,12.9
0433d774ea865531860bbd6db8295036,12.9
f815690ce9f030145547e14a9c544af5,12.9
75e321797c931fcef503460701871c3d,12.9
6666d902f1778f7289ed619385450109,12.9
e4c1b6d865406867c2463a458091806e,12.9
ffcd14ed59af25129b69e7225a599db9,12.9
b2300f06092fdfd34385f05cb958e112,12.9
9fdf5a99891afb49c3d3abac0ca84adc,12.9
e31bf09ec8e356fb6f8786901433631f,12.9
ef53338ffc87b2163afd65ce21aac4d5,12.9
def42c40dbf9c7cf6ccb2ab9f133ab3e,12.9
7dfa5f2f758adf5d769a3941649e733e,12.9
9ff3b4f2efedcb1767dd4bb0ca75049c,12.9
5cd812c5b28b235cfb60b9e5a194bd7c,12.9
095c3d551714febc24aaaf002f8efcc5,12.9
bed0f23eb182bc83f2e3852e989d404c,12.9
028c9129dd37494e17a3bf2adb34746d,12.9
07f96b6867d9a170014744b286362436,12.9
2a5bfbf7cca5146d4d4032d11ed49556,12.9
65d4984642f5c0ef4e7747e71578fdb8,12.9
b089b8a735fab919a4a166f18b37440d,12.9
6d9256a80c8c0dd00015b9de77cfc08b,12.9
b88c8888d812fdbebaeec0a8de1950ef,12.9
b83c6d5f769b0e788a6bbd435c6036aa,12.9
2ef595d9d5d91d14a63abced93ab55e5,12.9
462c1928453b7b3fdf3e0b70d9d5b850,12.9
79ae30e29d8be7c88da3d742493b835d,12.9
2d231c527c22c03b8f87c6f2b220e3d2,12.9
67cddce6a950f9af839be8e688f9f287,12.9
8e297b0bf31b5e12c6d85e34b6aa2a9a,12.9
9ab65a974565ac3ec20b854c56f50fe7,12.9
ef777cf6e278821f71bb4e1287d09fb6,12.9
1dbf5bed644bbcbdf476f2fafd4806ff,12.9
dadd6aa4dda7e34825ca2a45fa0cb0ed,12.9
f42b63704ace7febd0fc6d6b2d60d1c2,12.9
07acb3c7b1fc507ae53e2e611d2b42a0,12.9
67755478d1f76b7e573bf3e70aaad22b,12.9
bb161d1bf200ae7f95379a2fa7ab0aa9,12.9
2ecfe1283802b15ec960b6d0c903de2c,12.9
b1515deb528ef23f16e1be76ac7ac53c,12.9
f1ad650dbf1f18fb1a4b9c8afbb2cf43,12.9
544c8a8a4783e8b6386ef5c01d39cd6c,12.9
dc381fd6cdba3fb87094ccaa10e6fe00,12.9
47fd7f0dc81043bb0bf88af704217657,12.9
cbdd9bb50e1163924539c57419bc52fb,12.9
a0ee08995836546ec96882db7a0f0d26,12.9
e6f9f570718a77ca7fa6e26ce9ec12ed,12.9
3c5671aa7639d2fb63452327a4664704,12.9
e59c7666a82f1475981e22547a7f6c9f,12.9
c3d7323f3c6da4f6b1c1ab44328b2637,12.9
79c37f22a1a04079311e56fd75bdc47f,12.9
10b6ca8551febff6407d7331aa0c95e8,12.9
c3bd08b9de353291de99167ad7a3b7b7,12.9
0ba9e1497ca235e5ebf6719be14a8c66,12.9
c8431d21b0890f5760a4c628052bd458,12.9
8b0c382e81940a3cf58eb028a756aeaa,12.9
1207f6cb80c8f74018e7fb3cff8f82f5,12.9
a8d88c921fe5bd3dbea7b1bbbb4c02ee,12.9
ab9be535b07b4c39dfb0f40494bc9d97,12.9
36cc031ab99b639ada133b4cb346f826,12.9
2752f0dce1154d9ec3290f9bea9636c9,12.9
4625da7f4d9dd82612242ee97ff1d4bf,12.9
ff867639e5f7ca1f857b05dd3aaac021,12.9
695a3186de69c5b70383183bf7fbae57,12.9
a4108f668ee0837853954a5ce287613c,12.9
be3259fe9f5ca5002148b8deaf52a84e,12.9
2b7ebe86910fa1edb06eced4888bf7b2,12.9
bb2f3dc7e92dac1fa88135b0447c52f6,12.9
5b5647d181199dd67334fb89f49c1206,12.9
204098bf08241831dae3b6f57f190db4,12.9
be0ac06e46d02ddfeff63176906c0496,12.9
9d8a8652100cbf0cdcfbb06ce031c9ac,12.9
05a7b3e0ed7ab2ffe65411141fe27234,12.9
c494b7ae5216760f5c7af798c3a71361,12.9
59e7255fe3af8f6fb94283c78489081b,12.9
233ce0fc0c9cee5a2d1f4008f36e8fd1,12.9
105a5a1625925a605d7760ad2f26c30d,12.9
f17aac72ebe06a7fbf7f6c923cd82718,12.9
138f87e7c0902d7890876b95dc1a5ef4,12.9
055e90449730145d8428d60bf4914154,12.9
70d8ae25f1409740224a3a7ac9e9c0d2,12.9
d57979f48d2343ca2d97a589a8267f1a,12.9
6106eee0095cacb0f76f09443b14bf31,12.9
2705056da3a066ec8aaf06afef7b75b9,12.9
7accf3d920f47c07f5bfbc88f53f9926,12.9
d622044922797113496050e877560694,12.89
d1720c09f0e1fcf547f272d8b9c1fc67,12.89
acc03cfdf7d03ee1bebbeb087ec439b5,12.89
8582a3cb2e9951c3ddc27ca072a259fc,12.88
ce63721c88f1ef79883255c7d1e7b1d2,12.88
472b42bf049d640a9187977e0836c697,12.88
0cf14158e95def517e2268fb9fb799ca,12.88
c10293503cfc09263957dd13d04842fc,12.88
22abae8abdb65b160360a0e4a612bd2f,12.88
21847e723748ace6cb588bef10844823,12.88
53af593135de84d2427c4439178400a2,12.88
dd542dd7b8a8a90fed3b4f6b85ec45e8,12.88
c593a1dca86a74c12b9929d08e6c4330,12.88
c58d940e46fef3a1ccee5f0839fb5442,12.88
77288bb8fa44aa8f566bee266398f2ef,12.88
2a47769855a4bf2f68e2b7bddd9cf872,12.88
fdcba41a33384548f1e302a36e735230,12.88
d6db5ee5b53361802be791b85e7ef833,12.88
02288a47f696f3054b9ef1d5f8e73973,12.88
854d301fa7b72c81edc9f4109bda89cc,12.88
3c0edeffc50a9e94bca0592bd7af3bc1,12.88
38639be8824a9d656a9cdd13afd20924,12.88
190e6fd65f805d63c39c25217e4acac0,12.88
1a28ded1e3d29445d89990556e40cbcd,12.88
9694eb57fcab7bd8fbbf7a174c9c0913,12.88
6c9265db41f93fd7cebb1ee9e90506f4,12.88
e15b9252f5d59b7d2ad00f01909ad1ae,12.88
36e4785e6af078e76b3bb38251b2b820,12.88
7fa77a62ee4479da8ccaff4591d2f86b,12.88
229c98245e2b6995b67be1e1921e62d1,12.88
07f4efb08d07550827c630c7bbf6e72f,12.88
97ac197efaaa8d142ed342ebe6a27365,12.88
a4d0dd278a425410a8fc24e0d8711a27,12.88
d9b197652014856c8d81108eff5f6cff,12.88
2d460a7e43acec7bc2286a7dbf898627,12.88
c09962ce82ae80e545818b93530aab09,12.88
8a5589ee26fc5daf0c4ed3ea3887c67b,12.88
8615e1859dea7e6955d09b34cd9027b1,12.88
8458f7ae02bda5950ce48c01a720559a,12.88
60a54af65a5a4a0c2f348e937937e9aa,12.88
be52d3846e7c0522f6cf8e4374905d10,12.88
9631152c3218e9f00bd87dee439ff6b0,12.88
de03a1499d92ae668adf7cbe3436ad1d,12.88
8ed8cc42ab6647f52d9cd6efd76f9081,12.88
ae0c9cadcc7eee0d9d62764202d12347,12.88
87bd31960d1a15744a96ea9fc9a95b8c,12.88
f25555f7b970a81e53f0f4bbf80b89b0,12.88
ee6afaf3c3be813761f25c1e66b8fedd,12.88
ff4cd1c0b5dbff2521ceb95243ab9fb0,12.87
dae84c4a5990d4a1f794e7dad8a5a0f9,12.87
245ee3cc4d7ff145c25ff1d7ffb6a27d,12.84
a7261b8467989c8b5c1800b4bfd705bf,12.84
3fe95cb06e9595e91a7dc8d838c9aca0,12.8
7d81b5f1ff0e0a22a9496943f1df6cbd,12.77
95a33b9e31d7f366c9e8be44c7f402e2,12.77
57cc2720e045bc7e62abdfcb9f23f643,12.77
6aca3b99950922134b9b05a3a63f2f73,12.77
3cf5edb4ea2694cdf6e42273f50dff05,12.77
aa12606424f4f403f0888463eac51a04,12.77
5a91625bc8965ebc869d9e5247df4673,12.77
94d5ee043c24f4eddfb22dc2bf38deb4,12.77
92bf9cd979b4fcdec7b886e53c930705,12.77
029c2a6b7e94cc671a465f36c5898831,12.7
63c27e2aa9bf68a1c484ef91d4c1f247,12.7
5585bc3f707bf7755cc669076c92b15d,12.67
d6157dcf371c042e4a4d08bdd75e4c40,12.67
c6f60acf07eaea60cdd170c37b8606ac,12.67
83b48fc1876fce5840cc200c3695704e,12.67
003b595c764773e20e0949b6fba7b1dc,12.67
1735aa00e7e53aafa92b65a536089fdb,12.67
1f7b6a50b303ed3ba8d54c2c87f2b683,12.67
1c0e9715c380fa64e78e153642be4d68,12.67
b06c4f866065a1ea965b64e127cbf6b9,12.65
c4e12dfa6412f54cb99c38787dca987f,12.65
ae9c9710188bd3e9362a0954442f36b8,12.65
5f76c3d42d2be19133cbeb10a8dc9c30,12.65
383336a9e5a474511f40c413fe6db79d,12.6
16abb699caf18836615876f21773f9bd,12.6
6ca8512df510cd81c156464b01dcd23d,12.6
2946b54f698c047983290dd6af2e1b4e,12.52
3babbe0f93e94df8a3fc0f70ea9a9053,12.51
e3ac52398f15b521dd513e2bd1447813,12.51
9d79311de78dda64fe8db1930ff825bc,12.5
c0383ca8e59180009c9e765fa261d88f,12.5
5c95668403fb988546ec398b82b99a0e,12.5
f18f59b32ce00389ef6ecb7f801dd48d,12.5
f521a7efe39c29935169acd2d1074f76,12.5
7683dfaaadfb136aec1a583e782ec5f3,12.5
8dad9347d1a281ed85a300a7be9d0647,12.5
6da4f9a7ce1e9c0eb31e860f92c866f5,12.5
8e583a225e2acf571821cc8ad0c52964,12.5
c9c174ab040e0d410c0c32e94582ef5d,12.5
921be88f79a82a0ae7053a435213ef07,12.5
41a0f53af758a122ca3c491b62ee4949,12.5
596c05f5c6499d19b77e5e1c946116bf,12.5
56df34401bf8ec42c9d8eeb28e4af0e0,12.5
55b8bcae96b7f292a286a258dbb3ce2a,12.5
bbe1173c1fa24d73a028fd764108a155,12.5
a6af61f5e5d2459218809661df1222a0,12.5
1041aaa2d42eff78cb4b0fba4ba40d66,12.5
8313eb26bc4c26a2a3dd287ad29a8e6e,12.5
1d71abc211d9e085a279414c8c50883d,12.5
d8b1dd7d7e9ebb52c8e97ba11e49350b,12.5
21906853307eab2fb1743556a919e9bd,12.5
aa2a149c3d5e95e6fac7d1cc6bd8fd27,12.5
2138affd6c52e411fa91777f2e2694f6,12.5
7970d113f06bb804df4febb76048978c,12.5
da5edefc151065bf935b9bf2c412e96b,12.5
d02dd1853ff4c18315adcae9b9340446,12.5
6a67d518f44441fb4f9a6781bb6282ac,12.5
60d614379d9b22161e736d53c4642a32,12.5
139b6cd4eb1c268bb89af031d62b7000,12.5
3e4b810c1dad987baf9ef956ba59eb43,12.5
7bb4c430369ff8912aa785b2c4bfb20f,12.5
27862af84c148e9a656de216a213fd12,12.5
faacaffc169c559921845134ab5c59cd,12.5
af74d2c41b047746fe2b4f508c6b2313,12.5
d98cde7eb2cf2e7e8a98d0036f22aab3,12.5
478cd213f97a49b3e7d441c3b37014ed,12.5
c1865c11ead00a1bcd19971382032e8a,12.5
5f9e6a1b42ce4ff9c7578bbad0c323e2,12.5
95168a30ca453d4be99e6932ab886616,12.5
9d3baccee20167b221ec174af23827e3,12.5
04ff7a6a7ef36f6d4f0b6812463966bc,12.5
91071294e01490e0b052deff9a5b0ab5,12.5
bee5ac61e1c115db72e7c6843a3d1932,12.5
b085a8b42e927ed82dab09773753b1cb,12.5
3214df52832052e2ce7dba47e94dd267,12.5
cecc877dcada3f1b054ea18465e1795f,12.5
fb86836eceb4ad5ed851ad516492992d,12.5
dea102b8f8c56987c4c64f27a5f8dc5c,12.5
e01a35c0c3eb75cf669d46a623165695,12.5
5f842e406a187dc2716fd04798f0aba8,12.5
e3b550ba5bef54e0042782503452770d,12.5
54e48967bdd8f9f11e9cd595daf48828,12.49
3c2e7801b4935aab59ad135bab7207e6,12.49
b65f218608d7b053eb117b493cd80780,12.49
ca93eb799ba9cd57573661a4f896e2df,12.49
34ebe2efa87835e9850707112d1a6a33,12.49
df87738c7380c1152c9cbb6bcb4b6a5a,12.49
36efc382554075c5e617faf800445551,12.49
93812989241fc83d407dd007dafc8f3b,12.47
eb47fece1267f094ec35bc6efb35b9a6,12.47
b90047981db522a582f427338df7709f,12.47
9dd4ae02536738dadaf65196a59bf6cd,12.47
708d1f01ac396e775f27fd02b4820aad,12.47
2abeda77caeb8b48c7f250994d6adf82,12.47
139221f20de9ea67cbcc20d1e1beec46,12.47
2c1b2a307648efdb06a48595a8e8b354,12.47
fd9cfa9c0b1759c22b2eda5797a857d5,12.47
c62cf0114735e25caa26facb2c537fef,12.38
274c6ab8594fe49c5dc5b48e5479329d,12.38
942caba7c609eaeab06100f10e3fc4d6,12.35
1e8573b86d3a9af3554bdd1e8d0b13da,12.35
89b9fe24b3c85bb1cfda0ebdb24c6eb4,12.3
3d8b7af41db37fdc3542e4382a019b83,12.3
b59dbd9094646a60fab69da30b736b1b,12.3
7a8539323989a2d3a5347ec139ca9ac3,12.3
eca219203e02b039ed7f8d41c4a7af8b,12.3
953b2f1b03eaf585de5e879a3b4b878f,12.3
7fe6ee9c7c3fc0bfb3cdaf93fbdbad96,12.3
229d046873d7452a773c42e0f35916f9,12.3
35e3c475bf7bcacdb7ba3a698f7a56c8,12.3
36939c0a74b637867a130b7ed0f531ad,12.3
172f539a0c9bfe31c70b898b31af1036,12.3
5679d50d0154613a2fe16d2fe8fdf33e,12.3
f59df61ab130998cafd5d0b592eaa6e4,12.25
2544e6809c928997dae7cb8affd9a524,12.25
51adcd5d6087dc721c98bf88ed9769d5,12.25
877635a3045c4c3e150f73937bdb0fa9,12.25
5c8013fd8f99bc42840b27436e059b84,12.25
e21646ba7ddc970626699297b40fc428,12.25
6b414ea1698537945c2070bb0869405f,12.25
814fe5f156da3ce3123ead086048e852,12.25
8256ca825f52c400ad2894793c8a232d,12.25
54b97520d6ce1e386a49dc449cd7959a,12.25
584cd77e4f94956e942c28ea0eaeed5d,12.25
d8b9bc711712eebd378aff16d1911e31,12.25
d58439461a8c763cda19617774b11037,12.25
2c341b1ab8d4d0d5327fb7cb1a3674bf,12.25
1d631e96c1ff08ac485fa60f5e040d9b,12.25
f0b52c0c57960c784ea298c65ec826d6,12.25
4e5e35f6ae5b828fc3260a22d5f61e0d,12.25
3cdc8728a9467f9c870c5a6a924dad15,12.25
48c208518654e81be736c1950e522b9a,12.25
735fea8fd580c255c79ad1572ad02a11,12.25
80662443ffd5b34b6b467d7590e90308,12.25
84e212184c0d851444a3ffa36fbc329c,12.25
6aab0c0683221c586fec4f82bd36edd8,12.25
f792452b3fbea0c1d7b4f5e388561e11,12.25
c88e6265903acbcc184a0d99abe6b987,12.25
21583399870ded9e42b389e36358d020,12.25
94539db12c46bcec8a87e6a805fe9c64,12.25
6e316412bd0f394423556d697fbc6d16,12.25
1f1ed44c44e54d94c0463089b597d2ca,12.25
4e6ce144b719062e3c2ded3c3ef3ac64,12.25
a1f313b024c7909e99246bf7f4e3e7a4,12.25
4df37dd92fc1a6feef6a785eaec01834,12.25
71de3242dc0b615d49a21f88f69b8a94,12.25
0b1353eb976bcec7ee3c4a354954e055,12.25
7c6f85d218c8e1b11d5850ab745c18ad,12.25
666f5286f980c33c3129f745dacc1fb4,12.25
8de6f82868b08133400ef13f255812d2,12.25
6e398fdd8f3b385dba2f846e348c5cd9,12.25
780aeac9aca8a8b475c06d5e58543c9c,12.25
ab4e4ce50bd32ebffeca76ac9ade7044,12.25
5043e611d34f6ad724ca658aa22cc43c,12.25
04ee088fdb4047f962dfb2ce8577d85f,12.25
1220a90faf99b19704eab9e3e872e399,12.25
c5769199abb4d536e765df7984462910,12.25
73c5b90f781d271fe81aad2a4f3fdb09,12.25
b007cab338800fa8d6fd169d12100343,12.25
d683359f46d7db3ea8a6976daef28584,12.25
2d2c4e5a4b0840c87a09fb9ecc7ef144,12.25
71e64be1451fb0f9dcd40b44d1186d87,12.25
9247365772940bb769c6a672afb55785,12.25
7ece689f109300cc211b920f701279d5,12.25
68e7437b33a9b01d2529757607a05705,12.25
cee01ed444a976d0dddbd2c580704ba2,12.25
ac5a0789cff6c2633789a5360ec1ff33,12.25
ded7ebb4fd8eec0e280d33897cf98b05,12.25
036a6fb17c53bf6788807347320e8bf1,12.25
11438b1c01227d2058484d74b0d71a54,12.25
a477dacff781622c9c7958cb03ef0bd5,12.25
d81815d7ddb29da80f4e6c4316520cf6,12.25
c90f9a78f24a713d1c39c3902a3c43ab,12.25
4ef4f77528c601288dcfb9c522fcf103,12.2
2e4e428705c99841e005a10186496134,12.19
247db263438613c61a4b9dceafd73fd9,12.14
359a2f5153fd7d2d178c72aa9e701e45,12.1
ede73651e88f588294ea758d2145d22f,12.1
e13a9c939f54c93a902868caeb1bfa59,12.1
961fd3536d1341e04612d7a844a068df,12.1
7c5d723b7fb0e3e9d244d0e83e1e2aec,12.1
da7128a50cbb13d110a14cfa2b017e66,12.08
fa84499d625f5f019597344d107eeba5,12.06
294741bfaf620181357e0e7306681698,12.02
40da32f88ff82de9fec41e8c3de5a273,12.0
6c1eceb2c47d0a13fb0e5e70fffded8b,12.0
5af372a0bafbe93dd17eb85134e308bd,12.0
b619eb6a180984678e8c1165e6b3ea90,12.0
450cea573eaabf1df0df5c21e5cce1ef,12.0
3630d72b7bc768b5d2bb45844561e7f7,12.0
cb63d833eec3ba3f144b12d4881f2f4a,12.0
48b40869330ad39940aaf08c92cc62e5,12.0
657296a285e256531d85d3230f0d904b,12.0
c3585b2275881e1c79fbb8d2c7e33ae0,12.0
5c3d59a9c0b40cc3bed4a903267dcbe8,12.0
5ce95c9b45fe22b1f217f8fd928ac456,12.0
49c7d9bf8f555cd2023e6487b2b2ead6,12.0
51e7020a5a2e79b5fe980eed4f9ede9a,12.0
3600815cf5b1dd91f6ad4c6cb968908a,12.0
4450514e4f80d0bcf73470ebc5fd5683,12.0
c5e9fffc86cfd08b334b8926e15212ec,12.0
f093791daaca3173d8a7515d42a84baa,12.0
231d0b9437092e86792cd80a5f1cc679,12.0
065980c7bb4853a9ff23199ac044171c,12.0
68b43c6c592465e9a13ed4c282d81e7e,12.0
f4ef757008c51dc9573991137fe68ca4,12.0
7fd5700d6532954dbf9b58b34e222a9c,12.0
aab56ab6451ae556797391bd616410ce,12.0
363e8e98cdf4f37226e768da1154b3e2,12.0
71164518db05f451f57dbcc0d7b2aae7,12.0
cfa5ffde7c80073ca39bfd54da5d747e,12.0
76dc7e04e0b2d035598d4d8c99d619e9,12.0
f45925f27de19a3f70beb81219614800,12.0
cfed94ec4cc28960d319f2d11516af81,12.0
f22908184f6c250227bab0453b879e35,12.0
36907fae21e0e2580f53529e419203e5,12.0
2b181c4b0b19ba2fb48a8414417addb1,12.0
85002c1462f6aa01a06906e74fce227c,12.0
b18d7d5d2afb593e538fd52b74c3eba4,12.0
cae4015fe5f8696787e39009137f4440,12.0
75bd6136ed4f7970c0d1ce767102fd7b,12.0
30b032233e6a389d5a1eba4e2ed9a7eb,12.0
ec86a47ce0050ff9be984c455dc57231,12.0
6995a9f0b24e058dc141caeac9320539,12.0
2d7b0f5e2e5b0f902f517791aa041f38,12.0
b6dad47ef66c400b5ea975b58f58c57d,12.0
90b3e7b0332dcac106c936fbc1ae83ec,12.0
9c3e43a20a1448c10ac65af068550afe,12.0
7d4c2f26339ec3889de2483be32d34d5,12.0
1be4934d39f92b44504aa956eb4c032e,12.0
2ce5691150e02ccb5c9035eec94c3194,12.0
ec5f9c9dd3ff056f05411979267887a5,12.0
635104f101d5c2725e94b44eeb8b0327,12.0
e4831d382b78bb2bba00e6c02b9562a9,12.0
1593ca7390c815671208260c2e1a281e,12.0
f8f17b5c6c08d31d25a3bdee0cf4eb23,12.0
3d01bd265d1c451414f05045555e0c36,12.0
ec4da82eff98a289e6a3200ae727613d,12.0
12f0a2db64cb3b8ffbe0a340acb99050,12.0
c9f0c8d194842d8945de4d01fa98fb15,12.0
4f5733b00c893389ae76e6e896cea0f4,12.0
272f8ef0438befa0ddf34770d5f6fc1c,12.0
6d23ead2840b2bcaa51e07c0e7b900cc,11.99
a3498b7c08ca2cf6943388c3768d3e94,11.99
1b5f04113a525155711b0603c69ef723,11.99
71d3c44032999ca7e2dcce2f29f42b5c,11.99
d3461ae5a1fa3912e80af3b7a64aaa4f,11.99
6d98e14c0f422a2e7cdcd8134d1fdd86,11.99
54acd3c8fe76a1805d6fe6d9a326f203,11.99
93a821452106ef7c7c700cf4e697dd6b,11.99
f57c7d86e6eaf35468398ca2129f630e,11.99
96da9f18e66524255a703a198fb0ead4,11.99
dca924c5e55e17bdba2ad42aedaeaaeb,11.99
fdfd1ab3c8bf25fea789cfac3e746e13,11.99
c090b65ed4db6e927670dc8d1590cd64,11.99
4726470732530d99dad13c8e2a3cc1d7,11.99
9cc3fbd80c22513246da97768a1a6d27,11.99
30a5cae5a1460ba33ab1c44586da4b87,11.99
5eae7515c696eddaad72b5f9983963c1,11.99
0e56c80b5f34d298fafed268f0780424,11.99
e9aee3238f4c107c7907f169ba18bc13,11.99
cf7fbb3d098ccbae4c45969dc2da367e,11.99
ba8dfa73b67c1ff15514bbcecaa2357d,11.99
05d60fc26b194e6dc23ea70547c7133e,11.99
4e2b70d245c3a00cc4bf8ef95d9dbadb,11.99
0332ce61f5e3f6faa4e92fe7a9d55f8d,11.99
a9ad56640447278808ed364f472d7401,11.99
a650d9eae93c1b3e749b16e113a1f281,11.99
d17442d5eaa091438ffd783d15353526,11.99
deabe38b10927cb85e6701d3f055c690,11.99
2b242f218f7b5a466b6c01574da53cbe,11.99
e8d87a4b1c62c22f08a17ffa6570c9cb,11.99
22e7d05a63bb1bfe0b2eede7b74723c8,11.99
20ee45e58e3b3e73a33674d983b710ce,11.99
bffbbc61efcd1b9c5994919daea899d5,11.99
1c9eecbc0afba71d4f1402106b1b36b2,11.99
e5c87f8146accd4ad373274872619d31,11.99
248d1931b65b96ec2f5c89fa83111862,11.98
2ebf0ca919e99131163a94511008fe93,11.98
5fceab89c281b25423f0d31ed83d8a3d,11.97
b5cfb32c2e07f8782e9c3d5e9e18918b,11.97
a67e116c2eea1eb8a3e8d670bd093026,11.97
78199b9683c01e0d764ece9abfba71af,11.97
943db5b732a10f928de356cc1d7fb075,11.97
4fa57b39fab05111ac8aa083595b9bf1,11.97
31e510eb6e824fa8188fa73386334593,11.97
39261fec306b283a5bced88361e4693d,11.97
d55023a644392a6e51f8b824538c54a5,11.97
e20a8efbe31057290a4aff93ba9dedb5,11.97
d9ee1197cc7498f4a0a0d6dcf627268f,11.97
bf3c4bc3c6e3449e9669d54294060590,11.97
afeae92e25e276f7f7bf43792d9ab851,11.95
82e248420607446b60603429e51ff8c2,11.95
6b7c4885e1dd12bd058d809f39e2d660,11.95
d74286e9f56b6926ec98bee130a867b6,11.9
8d84bfdee3c404fcc4e5dd59c0caa993,11.9
0da69026a9d5f0e55e88753b3685c662,11.9
221d79027182ae510f551736a38695af,11.9
efdf4a7c78d7c364046efb69035d1d4f,11.9
409f91c4538ee2dd4b26280baf0df01a,11.9
46813fb5b26bb562312ac42b763ff675,11.9
3225c076223e4cf8512be1779e066df8,11.9
d6b79a64bb2794c6d3d9ca2ae31a1228,11.9
2c8abbbfb29cb450208d0f4f78fa4977,11.9
b30a4d09f171b5da553bab49a0a61764,11.9
9aeef00092181c23d5caf47cab6e5f5f,11.9
51c01649e2b270e89b1c14207e08ec84,11.9
abf36d4666c68c17927c23c39364fac4,11.9
767a4c76d02bd907236d87d0dfba99cf,11.9
243705e236a65396ce7d8f081bfc53be,11.9
2d9ba0d4814293781e7290b3b7f2861d,11.9
8fed7a5f35c67fad2da40ad0223fb07e,11.9
49bce4fc8c79eb190f4f663da895549d,11.9
f0d2141fb362e04ef3662639001022c7,11.9
06cd112a475fd4d834eff32968147050,11.9
757d6a64e897b3558f5714458cf6b5a1,11.9
ae2fb83f7060f4d1dad71255e97345d7,11.9
7634c5fe9a7190b61036c6bde82fcd66,11.9
3fd7dca808d985060e069172cd98ecf5,11.9
c61336d6c835632048f973d2f2db598d,11.9
f94356af391d5aa672f3d0dab3fd010a,11.9
0e5743518f681d5c6341221552bfd07f,11.9
86b054247fca7d67660e38d08900d129,11.9
36ba0a3872f465051b070a89f8f40c38,11.9
05425c98e35d762211742df2a2b30af0,11.9
ebffe0422a741fcb128156d94fa8fbf3,11.9
0b3266fa3a88c132be21f0cc1ab9a113,11.9
e4e82384de3c12c42a6dc003a8b9717a,11.9
9a91fdf882a557e2fcbf6d64ad100d94,11.9
e6b87d6ddad2302fabc2a8059ed210ca,11.89
42a745668db9403a33580aa5c72271e3,11.89
b81371f334909da18f8ff659478c6ddf,11.89
ae8e4d40dde287b1a730261c382a4887,11.87
2aefebc9e1901ae29a4030c7486cf5d9,11.87
338d9e624e86a2efd3bab2a95840a9b4,11.87
bcf9eca9898fb2c565e6b838d4dce019,11.87
589e0b5121a9d32dfd142a439c735d73,11.87
4911d24fe89fc2e4d9dc47a39ecc3a6e,11.87
fbec1c552f26a3aba58e435e17c4b2c5,11.87
3061eb40f0271a2795e05c2a28f0d9db,11.87
a825f9cda9b9fb692610242a7374ff21,11.87
1a9f9ff94f0cc44bd356c8c8da8d3303,11.87
25d2682aded06ed8da43cd4993ea3ec3,11.87
73cfdaa74ad0193c0fbb9b85e5d4869e,11.8
f1c4f32e47264ad79b39838b82e281e0,11.8
e14f88af7cd71552ac393ef41ed3a679,11.8
1bec5b38781c43624a3ab0fa0f79cc00,11.77
b5f7828a9d315bba42ebb548cec35c7e,11.7
e3a837ef355800630c74df93328d8f79,11.7
94ca8eba20f8ec11a1e9e27080abfd57,11.63
32ade00f5a433f04fbb179aca3051ba7,11.62
7bca2bac972cf3b3c80ea06c30b7f309,11.6
a080c55131168354dfcb6273a231b166,11.6
5b79686b44ff3de0d593d16b9e98484e,11.6
5357ad0a6bff8952e5326bb9be330842,11.6
296d2182933c909ed7aadb24373704ab,11.6
64efaeaf280d89a6f2a4134d2a677c87,11.6
8a346ad0d2bed49dd45fc37b28d06f9f,11.6
d03eabacc0455a4a83d90cc74dc127b7,11.6
05b5f7bd9f0d0c31b4f479f1d4fd1c00,11.6
ecfb9ec7bad30c391472451deed6aa92,11.56
0634cc5ac85b1f3049dbe5ef6f30b008,11.55
5de4c139e8bfb982b5fcdce367a5aafe,11.55
8eb45c23e35fbd73046416ab84202f3c,11.55
cbb68c721ba9ddb30d8a490cc1897fa1,11.55
dc49e0412ba3a24e9555f34f15e715ad,11.55
68466ebea66e12e3c083349b1604aa5c,11.55
b284036463fbc9fb63d6c0136583ff5b,11.55
f3d5f4d7dfe0ba7806d68a521836f436,11.55
b2292c9e56f5a986542be6214034ee2f,11.55
911f3d97487d2d823bb88015b5a61b84,11.55
daf0a508037d7f807f72808b1d720a40,11.55
7c56f03a02e7ed831fc684b6f07142be,11.55
2c255a49a69bc58dd3e08c4e3fd4def9,11.55
da39c932a77f8bc1295a49f1ff45f5f4,11.55
013b46f9a2576623a655fd9469b7c583,11.55
6e9e87f482aa06c630751b6c0956d271,11.55
3ec5ccbd62cdba9f2d97f0ae56acd254,11.55
12ff77d2365bf35a17bac92290192bde,11.55
11a2098ba613a6da385f0160b1671d8e,11.55
2951177dd2ff5f7fb550f854733d1fa9,11.55
85c770d9479d48f9130bf6a4eee132ba,11.55
58cf5854ad59bf0a57a265c1f9e9b998,11.55
c15b8062b4d0c30fbce33bce7715eae4,11.55
e9bcc0ba339fc79fdcabb987eb0ff722,11.55
de0c1a4d8c367c58d66e61dfa379f4cf,11.53
0ee021d3f5f8797d7adc76dbf69a6b79,11.5
12ee0166c590c5966955f8c4de7628b6,11.5
9f895a063a0c9aaca1898ec6692bab6d,11.5
ae4dce7235e0aac52e4b82c54f7b18de,11.5
e6b50a185ecfa9d9e3b20205b455f729,11.5
a4306b0d6656a3f3ca5630b4c2ed08a2,11.5
e9962ffd9f9c6c9f801ecb83234d070d,11.5
a2ccdcdf92fa5b6f0cf2a320924ba362,11.5
feca0f935fcce79dd42d409d96af9645,11.5
c2e60ecd950869eb6c1996e890d16e26,11.49
b405f10fd88896496f62f1ff2a7d4aab,11.49
69dfabaf85cc92de6ad47cc49070642c,11.49
d50130bd392422380ee8db61b124eddc,11.49
bf5fa5d2049f9393c6fbf02ba4545343,11.49
7bedc4b5a1d3909da4c37de13206b87f,11.49
1d987c203658c1e86d2e90b023a2dd89,11.45
acebd967d532546739f68217c058b29b,11.4
c8305add2952ecb3f11c075a5a2ef193,11.4
4e14f46d40953ed4867254435e69c5be,11.35
f6a1284f1aa8ca305c294ba85fe71d05,11.35
535df384a6e62f8a3c5b6e6997a737ab,11.2
1fb3df5efb074be6ef543b2ac76833e2,11.2
96f541133e6a0139ab3b3e58143eac6a,11.2
aef0e5b8ad9cbd02d85e0ea26e84cc35,11.19
d732ff67123cfb2dc0617ef875a5962a,11.04
9c8fef93c079fbe536b901578adf6d2a,11.04
4081747bb8bcea89ad6a14e22c6baaaf,11.04
419fd4034de389a5bca6eded55d8a1c7,11.04
b9c91ed4cb34e2fc2a2aba78847c9f38,11.04
56068ca6fa66573a884fd01f7394ffe8,11.0
70d83f497931b7383fc1cf7de20675ff,11.0
1a105b14b5e38a1fd4ad59c1aeace83e,11.0
ef1da686c3cbeb7aad736391842d0446,11.0
ddd2e92650a004610e674c04546bf74b,11.0
18a77aace533d8219827f6a2512ee781,11.0
a5190090f24b9cc8b822529eecd264e3,11.0
642b1a1cc1b8e9a7c429812cb1d49505,11.0
4555082ae3a3f83217d01f34c4640dd6,11.0
cbcaee49648cf4a8c49003733243adf5,11.0
2f065d0da18c30fb17bf10fa92005886,11.0
6e1a86d11257e641e07719f9ef0e401e,11.0
8e86b977c665aff2f6b1ea89d18f5f53,11.0
1a9828af2c013e791ceb81f75343886a,10.99
f48dc2e02e8b3576ae81898b1dfa1717,10.99
830500b873adc2062db3b3cbb2875621,10.99
8b28d65024bde74b024ae8c9326adf50,10.99
42d1b4eb863054dcb04a019944ecd2d8,10.99
6a670a778bea4407bae72f8e5c4e7ffd,10.99
e8a66f71ad5ec868c9dee1236ea13cf7,10.99
d577d6f224cc6476bfea34715dcb4a12,10.99
452c0341844c3025a99d60d9b058e3f1,10.99
04128fa0eb7d1b35ff952cfc5a0fa971,10.99
107def0a7b2abbe0805a5f19d9d358a0,10.99
543bd86dd06751b88b98c285e6f74189,10.99
e4e7850c6c310f0ae9d0abbe26b075e3,10.99
9da937979e16df1ecf0215a234ec8786,10.99
fee7cf49127308e2b5402c9984b6f1f6,10.99
8c0dee2ed4dd58189790ce7c7e378502,10.99
8e781f06f8024c2f7098c991d4cc1a99,10.99
2794c46b0d52ec2f9a14871b669cfd51,10.99
35273bc197dae9984f65ccc22835ad02,10.99
372c809b0a64a795234e537135754dc6,10.99
b5051455709f685332176fd8e42f6df1,10.99
5221224406c250c2fb5dd9be7dc5c069,10.99
e41d034618b75ad5644afc40395e1b55,10.99
ea0bd9bfedc110721a404c9a793f8f09,10.99
94dd77782ae0b4fb8c816bc1eab33f6c,10.99
fd5393323e19659e5e5488144aac78a3,10.99
a087f4c8f28a68fda9ee625b34e41b7b,10.99
9fcfab0ef8326a8e5d435076772086c4,10.99
c5846f35fc6d2984edc5c4d52a8faa43,10.99
78bc85a7aa3f444cf7cf053df84fe035,10.99
45852dea0caa97d2518b45ba23766fc6,10.99
1e6cd8588a826f646f124d1725eab3a8,10.99
59b8b9769d51194d7eab64dcad63a7f9,10.99
6768f81d9f31aef88fd9adf5b513982f,10.99
44901bf8569ad65849aa1b3d4325c6e1,10.99
54078a8661b0336a50e00afab86da419,10.99
25830ba171e2e612b4f7dc8d2df58308,10.99
bbc17ff568ee38c7faa4f30dadb38e8a,10.99
e762c1890611291154089b0ca74c0010,10.99
d40ae4a4c27cc1a1741d01274cf79d7d,10.99
d7be0f1f564375075f24872f6355b336,10.99
976224a95faf328b17654b1b1411d5e1,10.99
ad12d172109b5b6e44b4fa23c2b6a71d,10.99
b76b87175551ebd3a0402fc8e593571d,10.99
dd2b8e83a0cb15e07cfeaf40038c3a24,10.99
381e2ee728da26e580677f26fe7a952c,10.99
83fd700aa4507f07005fc6014a130b5e,10.99
a12dfb063d9ba1e0e2f7485b9a7d8987,10.99
ddcb9a6c17c703895e618d0387f36f96,10.99
12d61ba72600fbee1886879f039ae8fe,10.99
03bbe0ce5c28e05f22917607db798818,10.99
483eaa3ad72e3ceb7e6e3105dcb8bbce,10.99
f1f51e74435d2a80493b83c3d90598ac,10.99
601a2aa2741cca3ed4e8cb92d34e3397,10.99
37fc16e6f7454488690917f99c907505,10.99
ec47504d187378fcc2ce3e08423c5883,10.99
03f846ad03437d864a8d2a22976dcafe,10.99
74c07917bc496c2218310d61c8f15535,10.99
8f4a1725e4493fd9f4ba0de5ac1f190e,10.99
200d79ec010d135a8890699200e18488,10.99
649699452d03a53049e711ecf08fc0f3,10.99
6ea7c557e13c73169ee461b123bc254c,10.95
2df9cae8b89e49873d8113b80efcc2fe,10.91
f8a3e963a310aa58b60a5b1fed5bceb5,10.91
87e0d8c98901635a02de3d22ae4c2e84,10.9
4388a78467a347df7bae385d0cdd93bd,10.9
b498c982e3f7163502774d5d250b59d7,10.9
46ec73876cebebf34f06e8e1d4c3cb4b,10.9
46f4551612ffa07681d156331f499870,10.9
b2ef679648d3600d19b9eb1ee8c853e7,10.9
ff22649244851739d33a6fba32db7688,10.9
500bbe66867d0f0bdb3531af1e052b4b,10.9
ed6a68560003ab03b059e3a7441be692,10.9
ff3c6d35b4927c9b965aa6a68dcf56e4,10.9
8fa33a3159dfc303b8aeccf859b9bee5,10.9
7002324a84090313fb63b8d372fca9a6,10.9
0975c3cf2e418ebfa5d1191a2dffd59d,10.9
588047d7101d88c333691e47659d7099,10.9
57d74bba7d8b5157d8b900559eaea3b3,10.9
697d2a6cdb2580c0bed46a3ff51acfa9,10.9
80e2067c90d027aa3fb01ece7f52571f,10.9
5ec9666400fe1383b8ba0b5a4f0c1f82,10.9
d7f0235686fa5d2f75813fd38f95abf6,10.9
9f9c074b8bd8cdd4c51eacdb9c8c00e9,10.9
fb2112d2ad55c684bca971cc7c1f8c49,10.9
1954de6a9870b036dd839a08d776d309,10.9
6152d0774bbbf74f7140541c0569dafa,10.9
cdccde3af7d3ab7c161edc216aec8f95,10.9
938b341e7c2f5edeb2de330605bb3e9b,10.9
6a2ccd604a2ab71df8ed90f9eae7390c,10.9
2b788f6e8bf4709bf82c3ab867062813,10.9
41fdaf0dcabfb53a5556c46cd8cc0a32,10.9
3a7856f2a103364d279de7f72e18b7c4,10.9
64b56cb1662271f54a81d96a28741487,10.9
a743936f44e2d520e1a437c30011d5bd,10.9
d4d3ce7e6e51f287f5c2d896b0b07bae,10.9
b5c118230281675a7ca647f49baef3ae,10.9
cb7c2f382492f4ed45a0267ca1da9e35,10.9
a2cb36ff1d8fa877776b2a7db00e79db,10.9
9a848372d820cd8ddd356f35110c24f7,10.9
63433f6eb6f0a79cbb24e940d0ab17ad,10.9
90bfdc2f88cc435b7a16812d26984214,10.9
ef1e161c896524bd9b91e77ad5e5fae4,10.9
2c7ad69b706e69d968f1a25e8ad2e9e4,10.9
e6c5cb7ce7b3053a70e5d43981faed19,10.9
a59323ad5a658a37baf2a4f63899e69c,10.9
8a2024716828515c9c83ea0315d7cfd4,10.9
c24fc5f9a446b4d8262041b9c64de772,10.9
1833a0540067becaf59368fe4cd4303a,10.9
653e79d5d3fa5884c8c8c5d0ca18cdf5,10.9
bf0aad41259a64a31d5c0ad70cb7d664,10.9
e7e6da2ddce69ab0bf01d7ed4dbd0856,10.9
5da810af4515e4470379a90fcf246a15,10.9
2e8fefe7c64009a35dc6d4a985159bf4,10.9
76971e23f6d8aace3a2861c35e4ae4b0,10.9
c181a7a0b04796669dea155c0f1db42c,10.89
9530bb46f44cc8564b66def5feaee742,10.8
be60de3949d43cd1799c3567eb6452b0,10.8
da7ad15b4e8b7a4c99e41ce7a4a0a1d3,10.8
056de0008c4ab528f5631192e11fc745,10.8
0df8646043b2e16cb9d33ac55f0dd5b3,10.8
1efb01c07b190bc1e6473cff87dd480c,10.75
7c2b2f906d186327dc6e0fe22ed570d0,10.75
4d0712b81ba4e6502d8651dabc722612,10.6
a5931868ca3c3ba7b8b15801b97fec1f,10.6
dad626915d10f328fe7bd2eaa3a27e88,10.6
3174268a8b7e3f6eca7629f077ce08ca,10.6
62050266c1b57e15689a248e81f05ee5,10.6
953e32cfaebff34e81c10e6cf53a5553,10.5
6173b3b1c87bc8c813683822b06149b2,10.5
61a5483d57f486f4177687846c31bcff,10.5
b9c71896b3982d887261350a516f5c8b,10.5
e5f5462d1fc4d04da9427f0ef274ec32,10.5
7f78a17c4b22bce421b4677bb221ea35,10.5
2be7ed20366b69aeb7a6a366adfd1005,10.5
db21452b8ef7aa80cc62ff96bdcdf9c9,10.5
f7030ef55d9a5ec617439b05e42a707b,10.5
8dced7470b5bc14d4f839b73980acf30,10.5
23924369eed2be1c4c4dfd6725aa0fd5,10.5
e60d09530ea34dd2ad7a33d35bf73086,10.49
339cc367b01c54deced987c2bc258831,10.49
a76e74102c5779eaca55a3f9187ea2f2,10.49
c64dc07e4160bcc4089e133f004f5aa8,10.49
96054b94409f7712eeffe8edfa6959a6,10.49
007d1c8a4fe2a7d4233d5ad3ea74a29b,10.4
52f3ff878b892c17fcdc6030dcad7e7b,10.4
87561e05b144fcf7c4c3d641bd57a479,10.37
aeba26a885fca6d1c3de0808d6ab999a,10.35
93794f99eb7b7e4cb838e17e2032377b,10.3
c4f1859b6bcb6595557c1f4ffcfbab30,10.22
5dcdc337ea9cd8af4372a55806497d0f,10.22
4a06e7ed3380d62957f2702cf3fa0ca2,10.22
287fd54e7f4b02e9b9dcf237e43b515d,10.19
dda6bee0b54815080a67be5cf145e0df,10.18
6840f754fa78d5ba067c03ea53ae8a30,10.16
fb9c7ae634a98d4905c50cb15fa8382e,10.14
d1774572040fe4b9081e1abcc26f0783,10.1
f327c66b64d68e69e89d4b90680787aa,10.1
4f2861247d5aadcb075836a5e43bed28,10.0
b3785bdc2dc47c60224e18bfa2f1af47,10.0
5d90f76c016edad7a931b49fb39b9c2d,10.0
a6b03719885d1c01b7caf8215021fbe2,10.0
a2cd17436c82a68234fbda01562f6e50,10.0
20aa562a8eb327bf99b5c3d425712beb,10.0
9eb793d1939a97ed213e8e7415947d8e,10.0
ef4a9733eb74af52637ca25f6d41b0d4,10.0
ab7a0ab7334e40030aad571444cf4a26,10.0
eebc69686ea8a00d134fce347377b2b6,10.0
9123589cf44b8f276882e8388173188a,10.0
d9622c31104d945612cdb1e6aac3e8c2,10.0
b2df53a0d86cbc9c48616392a6e57c57,10.0
5e39953d1ba9f7f91224484c73f3b0bb,10.0
36ba5f579e86995033b6708df796697a,10.0
8ae4f6962420bf836509d9a57f4f81f7,10.0
2846a8f4913f4f983358a99bcc979369,10.0
8df587ce8a11ee97b3de9ef3405245c2,10.0
7977e97aa9af9c0a1263673131d5f3f1,10.0
4116a6c38775c49a929f5c55f9cd37b2,10.0
c20242d9e3109c0f8db6b5786d6f9e15,10.0
be89c1031df2d31cf565eac6c699bf64,10.0
b1d8366f1aab5e4d9f7f73734daa6d58,10.0
01fc05160cf790b9ed54ec795ff07688,10.0
e46281bc93a3e0a5e9043f4a19dd541c,10.0
a173943bbe482d9a4eea12d0767a38ad,10.0
6d03352eec00b16dd668224560ff054e,10.0
e74195da32187bbe7bcb08f1077cf4d6,10.0
5762791fc4f790e9bcd3b13e01e60f1f,10.0
c1721aef018416169d2775808130c68a,10.0
3f3b0df9780d69a6126891e8b0931481,10.0
dba30f3c501abf84dd57a54fd03443ec,10.0
1387e2d23533abc24be58c9b3a1f06b9,10.0
8c9b6ba8f384bdf1a92424bc1b9401e9,10.0
1a5ae63d4cfaad990cc08d2f9a542326,10.0
5403307de6fa27256a706e5fc1624531,10.0
ee57da466f1eb99e4c99c052c0a3f7c9,10.0
2798b51a189b8834e9d8d5907659a4bb,10.0
6e550daa4d9d07414a598ee4682289a0,10.0
266248a1e531cf473b1efdc0b642cd55,10.0
02852e252d0c1cd7bd7e2a33558963c6,10.0
b74cd76f4d7ad4dec2b3132d50590d3b,10.0
82c9ee00043a08853ffa97cf3cc9b289,10.0
5e940c1304d278e5ee8cb3f08806692a,10.0
acd35d862cfc0c1741ab3d368c4d341b,10.0
21929d7523b4ca73af799eed3d218276,10.0
9895eb12f68a5bd705616b6c4920b6ff,10.0
566f3ca7161fa95dae551c144c67443a,10.0
73ff9bf43ef84c0a779324bacd35cfe7,10.0
2275e4f0a4a8c3ea216920d67a97c2d7,10.0
8086d53298aaeed911f410a81eb3b9b7,10.0
81713b2f519b62832d79a3df8a6814a4,10.0
b518b2605c2ccf4e345b84fcdf099dbd,10.0
893c3461da11001c1a1d9bf9afd13aa5,10.0
5b3d0a70b5d6b451ee3b44228aa82e1f,10.0
043c9f38c68b4ec1c37c6145a2aa6257,10.0
5d450b0db7c1b066c7dc768f9508f3de,10.0
64e3294ce026b7e6af1342b9985423b8,9.99
da9d48cb8449edad3619186b3dd0c180,9.99
29de6cb60572272e17868b7420ee9d2b,9.99
c727f1d122b7855b19bdf862e5ccd0ed,9.99
6b135521bcd9a610cf8182ff64a589e1,9.99
60f4e882b701ca5aea3378dfd8dc55d9,9.99
dd4a80c1daa4fc1d5b27af36e5f44f2b,9.99
6a5f12dd53b794b45d03b7ab7c98aab5,9.99
179c9a2f3d47b3179611a8e3279dfff5,9.99
aa72002446dfbac0691304465c1b982d,9.99
18796ca7e8c4ac5d37266b3015a4de85,9.99
e63ff7ae3729eaf3129add7373322482,9.99
56cb51bbf3ef8092a28e4d90f3f00030,9.99
d63df49e9894d350985eb9fa7a1b0481,9.99
ab1a8af7afb01624d04f78edb04a5d39,9.99
e6b779441e26a77ec665c63dc45363ec,9.99
edee5737d062e9274e403eff4ad67e12,9.99
83e997c8f415ad8b786949edaee576a8,9.99
2522598e7195c875f15436df1b7aa687,9.99
ce57d3c9775ce4934c368865113e94a7,9.99
003ec17a1389fa302f3a0423dddd8650,9.99
c0e6a15a6ebe6629df053fd185f729d4,9.99
2e63252a47cbfe8033e3b65e00e13f1a,9.99
10b22fca096d0e9f49aba0051cfbdaf2,9.99
7569ea856f1959d0371e70135efb6df7,9.99
dcd17fee6fbe550c0c9662308ef4d69c,9.99
3d7f68f4b6d4afd0a243b5f6bc894b7c,9.99
a1d87ae5a106ad3b35345b50f226cc8c,9.99
a8f2ce0853302c7f6d960aaf99b01a27,9.99
3aa691a5a3e2e8ae0ff8ba9fc7e30cce,9.99
b443cbafebdbd5c74e00d344cd9924f3,9.99
5168d07f7ef162f03de69cb599e6bd8c,9.99
76f4fa4aa87fa89b2ef1e17b86b425f9,9.99
fe1b16c1d48fd1f7318eeb68ee25bf59,9.99
fd72bfd55bc619ca61770f47d298a78d,9.99
967400dffafeb6bd681d17b5c57cbc46,9.99
72b4eef5f33af34d338cab565eedecfb,9.99
0e9c4e44b69e8121a012447298f5e71a,9.99
00d88dff8797c35f7db7739109ba8cb3,9.99
716c95338343be76a421f05145f6d9b7,9.99
28b2a01812347760419e5a982fa418d0,9.99
635d1a5f9ddb3486e24e8333f85d3948,9.99
c4e670e1b3eddf57cd698f323332ba6c,9.99
c320b2d7c4d59481ab82858524fd7758,9.99
90c3de9eb482c56ce68a64076d68323c,9.99
2f5ff4d0d6e4f93ff81abd25f3e35391,9.99
327add8939ed5d751acf04a85388e975,9.99
16b16dc22deb83d29f64a941d0382435,9.99
c60ebbc61c0e20d5df4a49b5034a8a71,9.99
af9d76931724cedc3b32de0c5aabcc8a,9.99
550fdfd5b0a7423ce63232c284993145,9.99
f6dd33efc35027b6c112319278461695,9.99
987c969d893ae9713001643cbe08fe88,9.99
c18796182709c0d37ce5bc1d46c79ca6,9.99
1b7c59aee917c754933d7e4a4a80d717,9.99
13709817a93e72b8a9752298c2e00580,9.99
47bb346379bd7b5ba84a88b9cc441bd0,9.99
a50f61856056bd0098cafba2a854495c,9.98
835b77fb1d343086a8b314286ff03844,9.98
9bc1e773143f70089e9d0feaf0fbb5a9,9.98
c2cf9273cab08608ee3a10e38663d514,9.97
a934cd48fb6e90dd20b8179679223cea,9.97
ec9e7950585c76612d342df2e70dab9c,9.95
aeb071a5333bfd7075457d99279f03f3,9.9
55df88ccac9c2a755f131feb3f74bc6f,9.9
2a13e004f5fc69c2c5556546c972db9a,9.9
6d24b8dee87403f9d865de405bb49d0b,9.9
708e93cac3d323459af22061a0556f26,9.9
25f26e7600734a0927afb2767ad3286d,9.9
fc30386d1f0ca6d7f48845275ac0cd23,9.9
bee3833504863a13b5b1b6d84fc08b70,9.9
b16ed08790d757ebcbc3533101fb1ace,9.9
ba7cbc60652099c65651fec5fef9d685,9.9
af745ba50a9a08bb1a301921d8f3273d,9.9
29072a6ab1c1525151ab6f4fc0beb26a,9.9
ad2e63dce7420f1aea7bc997716a32ae,9.9
81c68cd9f45038a8fb5ad8b119130111,9.9
4bb880cac21c7a9e1371ab1ebd601706,9.9
77d1c38d6cc3bc2b1b575097476543a0,9.9
758b633d88b82063db189810084f4ea9,9.9
10168c56912a6325727619cb593a6a37,9.9
4aea8a4affc83999f9dbb483f2b49bae,9.9
cd21b89339f05955972dc288787533d3,9.9
0f99c31bedc34957e0dd7689d593a3b6,9.9
b0bd4acec8cfaa6f6f7f67792236401a,9.9
e5e3ec222154fb7a9cec5b39c1011359,9.9
e039f33d0ff33668abede4459ebd395a,9.9
0d18bde637dacc08f6b057e4738260ca,9.9
a4555d257db29ef5f838cec4101c5208,9.9
d8d77a2b743c3bb40884334bb157954d,9.9
3edf1142901dcc868ace8ad17460326e,9.9
99af32ad9e0c5bb034889741016f8d93,9.9
42d857e22f61f10476f0cda1aacc018a,9.9
142fe4836c9bfdddbee1f3198dbf4337,9.9
de896fd50d3dc50189c151961744b66c,9.9
6cc5df4c5ba75812a9c847c4f56d0af8,9.9
fff39f01a81d96b066b1893ad395a98b,9.9
5e06bbf7e96e7db95a4c42d998405bd5,9.9
76ff8620a5c98e0bb71ebd0b2ab97af7,9.9
ed1793d2d1e4175d5846ce7ebb4a01f5,9.9
4333a96bf6bd67842abaf1d84970f14e,9.9
aa08b1d5c82aaeea270440453827c5d9,9.9
910f716e941709375465b7d3ff059d4f,9.9
a51e47ac951463f4271e64d41b628a7a,9.9
f1719554f23dca686fac4913bb333447,9.9
d6880369dd3f36a3f15b849edc8ab8d3,9.9
7d6183cbd401ec9c46de24fa02a1a48b,9.9
63cfe513a46b520d5aeefed515d6a1bd,9.9
a969b9f8d923bc7fd97b578f7c499194,9.9
b5587e467a19f58809cbfc9b119c3375,9.9
7eba295b7f6a16dcf3e9f75510d94898,9.9
d77d7abd6f6e486d1a63c1465e1fe1d3,9.9
7fcd6b7b791146f4809358b38920a6ee,9.9
71b4c63da8e1933acf3334fa23254944,9.9
3128a0507c7ff8e2278c112b605ef937,9.9
c19ce4ec557c4b0d86dc3fa47a542502,9.9
5d4c3dec83cf419913cd93b34811d37f,9.9
5c7595d88d9ae99c0829d2304a39eb9e,9.9
ba42ca46af3bb6e79e02b0f3d6db6ca5,9.9
2bf92ca1c7f79559c6320a0ff28c8d56,9.9
25e66da169d835ba6a1014436714cfeb,9.9
6f66591b4efe7a98a0886c99fb778133,9.9
c000bdc496eb94ca05f3ee07342973af,9.9
32943a644d34e64f22d129535b2bca96,9.9
d020d4abe6475a8382f53d763fe24a65,9.9
3c76e57147c243724b1ece52f3977775,9.9
c0352e94059e3e5a714c9ad0c8306a54,9.9
05f6417c7a29d3f102b0714fbe276295,9.9
b1df9917cf97e94889c9d6ab92062c9e,9.9
03265354a307d917a63a8f486ac4f277,9.9
5686c502f1da3eb97a6b7624efcbee25,9.9
ab994eee6b515cbcf023c206bf29ec08,9.9
c552b308fd0baf657702d0eba4ee3b65,9.9
3300f6c7c4348403af41d6037c04f618,9.9
703a4658a9882c3bc7d617aa26d0a0b0,9.9
cba12036a88407a37770dc8ab725de77,9.9
72dcad042bdf5d01a5b6f9c2457c53b7,9.9
37dab02dba724717bf07e823bcc44742,9.9
5c155c5095c1d2ac15be7d90282057aa,9.9
953ee57ff32fa8b1ffac730c49b1604c,9.9
26851e2e2407326a8ae15b13a6260e64,9.9
fc34108ccfb5cd9c569ae7531fe9435c,9.9
9a03a5c2cf2c847c51d56eba03e00031,9.9
0beb6f83a9e13f0dc0645df5c1f8475f,9.9
73c5348a67dcfe51d332594ab795021f,9.9
a9de7c719db4d3179ca1c4ede5cb4ac5,9.9
3e3aac425794c9d8f210c7fe2daff787,9.9
d0d68a2590a16593ac99c7912b912337,9.9
0b23173df4256132c3b3e3fe16c7f255,9.9
ea7cef87ea0f402e1eccc03f201a01b5,9.9
1a0bc7cbd12289b4c6429ca29e1b9b84,9.9
f8d047b3dd09b4c6f4e873d925f56c4b,9.9
d27ab6c5d811cf06526972c02529c67d,9.9
937bb74713a47912471275b234236764,9.9
c1f69ef3484dda2abe3bbe712c027f68,9.9
83a4c167271d0e1fd401e9f18a66d7c7,9.9
8af9ca2cbcc90d6735f67957915853f9,9.9
ca77bde16eec6e0f47598d105c08899c,9.9
034ecc550de79becac426a8ed79722f9,9.9
8a12fdc7884256c9bf8b7e3c48815268,9.9
6057001e88263eeb0124c3bb64829102,9.9
80cf670a331be31a70e4c0ea3cf582b7,9.9
20e8ca1ff35372c5343e86cb0b3bc94c,9.9
ff6cd6fda65280fe61323a5ec3d50f5d,9.9
bc0dea402af6cd7df719ce27f6783303,9.9
91699739e7a2ff25feca3e29e042b1f1,9.9
a0cca9f716d7146230d6bfa0bd186e43,9.9
060b1d253ccfe1196775fffc0c64eaa4,9.9
f7c622a13c738dab416b48fd4d67d8ec,9.9
649bf985f2c900b205dc43eb371e8228,9.9
4efd865536f73395e0cada04bc3bc468,9.9
af04232e6381929996a00d8b5f2d4c5e,9.9
2fad1e5ed0a50e12c9c6e22e5548e1e7,9.9
a71552f4d724031766db05c58fc7d097,9.9
f7e9bb341dd0e8c538dce497142a1bb2,9.9
d8a819824d42184750f2add6dbe1a5b7,9.9
126efcac7c9b46c472d8c4e53c376a87,9.89
6130b51fcec3b20306df2145393397a2,9.89
7a8425b03cffa0ddba84d4277b7a4e7e,9.88
ee5d56dc454b7fea73f0f8d016bcf387,9.88
5d265f8913e710c0156ad1edc1e2e09d,9.88
936c9439ded06e68fb2f8156c6e4e355,9.83
4450c6a83f4bcae20ad2c76ee33e8f6e,9.8
1094b61df6105474c8fd6bf2e9df164c,9.8
3452a9ffe284a7466a4d5a4a800dcfa4,9.8
1def3b8c7e09cd6e5d61ea1144462d79,9.8
4365105acd83090125fa618ff76889f4,9.8
b2e34f6581fc7955943b4d7ff3fedc18,9.8
4b4f4ef953f81b615ef6df62d686f192,9.8
fe24c8bec5996d4bef3eeed6222aeeb3,9.8
82801873ad509974bb62f7c5fbe26316,9.8
be579a31961ab4b95d998b3947ace05d,9.8
06d59aa5dcec13f7cb753276300a499b,9.8
65966fb31244e723f2b44a839e921e39,9.8
dec279f41d4f2631279947edf78abb3e,9.8
cd1cae0cec827aad93250c9c72e88240,9.8
d9cf0797cdab2a59b89b314e459dd862,9.8
ac5aa5250edd7b1e50d12ec94039db70,9.8
9416442098a63db64793060ee56cc87f,9.8
cc85156409f039e8b29255545a690c64,9.6
d01a8f6d77e1f773bdce618e0b98db9d,9.6
21105f1f5855e8327a4030ab132b915f,9.6
6a6540fb91f94cfd5d51360f75900de5,9.6
66a597c062ebee2684c57b26d28fc551,9.57
2767cbc47001ca955a4efbfd851b1f59,9.56
ab078ca665a1e44577255d0501b0dca7,9.56
8e0d0cfab72f733812ae2f71669ce2d3,9.5
47166d26162214b0b8d361f2583cac81,9.5
1519d4cdbc06dfede65adcc994c7943a,9.5
356c9b7649ebd5cabf095172e8801a57,9.5
8aa69d775fd94aba699deaa55209416d,9.5
73c101d5854e1ac89458e8865c0ea516,9.5
572d8ac5c8e475a51cbd27d7e1f94ae9,9.5
f1847e1108766f3e77e212b82d2909e0,9.5
72ae281627a6102d9b3718528b420f8a,9.5
86572b150b9a2983fa7b196df5a4dc4b,9.5
647ffc1aec9d59531d818a8c8db926b7,9.5
002937abdae13680e17dccd3868b4825,9.4
9f23c987df78ec6fc818779e59112676,9.4
16e45d25fd633da8279d9b24b3cf58e5,9.4
fdcd4f45e64fb171ac37d17e86921672,9.32
7cf46c141daa7d80613fedfacf08183c,9.2
9314c6c36c320bd971a7a06674dcd7f6,9.2
fce9f15b7b5a66f5a59662b601f72c58,9.2
f4f811f335e7ad2807493faebcb874ef,9.18
3c7715574eb863d82a63267e28c264c4,9.15
211ae185375296b63cff2b23868ac3f7,9.14
cd4d82ed08b7482d755adbdad4243dae,9.0
9c78a4b143253799ac3fc65d6dd8e2c4,9.0
8e7eecd755eb34ec71e1955f19bb86d6,9.0
126c07766dc7ac241d1147197509edc7,9.0
069f68677638153043f70401d8c08d2d,9.0
e42b34f1da8134e1eb83af0ecb8ab308,9.0
01c3c12496a8c26348d92873da95448b,9.0
b6865a026e2cc18c57cb343b012f0cbd,9.0
8a5564ca05a2ba9e0b7c6378dad7c6d6,9.0
324741283d4f00aa65cc54c106a5f35e,9.0
d2dcd733958599094bae3cb1397babe4,9.0
4d5e2385658717cd75dee70afb887aca,9.0
b29b05b6f122cb50187f3e22ef06858a,9.0
3440be78d6a33df7bbb82f1d20aa871a,9.0
abe9f9b32ea296df01cd861052018b8a,9.0
b590f36d80cdf38b073103b882dcb2b3,9.0
c4057ab5b47878bfc57f04346a8f2dae,9.0
75ca43872d52b1b5edefa39295d893ee,9.0
1b26e13f6157f4b381c66394691722b9,9.0
db14bb23cc4a6f37a93a9e29660eea29,9.0
61ff530e3f5e6fba4c0c4a6bcf7e735a,9.0
e13363e1db087b7d98c27f9b9405d793,9.0
88f5da0fac8ddf55d2cbbbc2dee4dc7b,9.0
1ab919b1eac72cbf11b55217f5ae9210,9.0
ec13c2458d3984f778c0d1e41179a7ce,9.0
a4cba27784dff4e827894a6cf91fc55f,9.0
ab50b4488453af2a860d8457574b1f21,9.0
6f5a474e3e4fab8487a01cd4eabcc91a,9.0
1798df51bcc12309eb0ac35f5bb5875f,9.0
9a862d529004b7051c686f79baba08fd,9.0
96d3328d8b8625bc4d656279e1515bee,9.0
f739cd8a6704968ec7ed584ce45bb01e,9.0
781b92d0f302cbc9e3f59e6bc15b570d,9.0
090714c98b63c1520d2e5150bf6c4f5c,9.0
cbdf66401d733d5f09fb411e49fde831,9.0
7cbc9e8aed4560ebfd0195b5aa3be49c,9.0
344a27b3c9562cf236082962d1767630,9.0
9c37d4ec00a84ef53bbbe5aa579b0eb8,9.0
e3ee592966c74c3bcf809148134e426f,9.0
934cfec8dc670c6dc15ba7c6e787f344,9.0
1c1df7dcccdd2656e83e5860953929ec,9.0
9c5d4f7696c5995b5f6034a0597c8a40,9.0
1a8ee097c14bb88b04f6a66b4e966d21,9.0
c7dea15609f6f9f847e5ab841d72d8d4,9.0
9118ed9ec042f365177a300a886cfb2e,9.0
fd123d346a17cdf5e37a2a85501069bf,9.0
7a2f3fea8b2d7476c6c3e1ce334c4d57,9.0
75dbcfb7a44bcf1199a9232679b45b10,9.0
6d0ea4c9f465488073d3d51dba7b60db,9.0
5b7bfabf53d9b35dbe720771057d834b,9.0
5ca50b72b94b851c8895665f121e80be,9.0
10bc635dd02be0adfee347a616414b23,9.0
2c33b2f5b5e6a2730f0ec0289dd68c8b,9.0
f680ea76654a400d48f8ca6d16a20442,8.99
e60ec15a7023a30e9edf3b9af2c7d0a4,8.99
fe382f8a2ee546cdd8a2db08bc63f347,8.99
7ac7ace883b08e0cef262870603a1728,8.99
9690bb6edd4844dad4b5ffea8a4997c3,8.99
7eb37bd5885d04ea620b7b832152e1f2,8.99
6b4614b2b4a56af6749e512f9ca12941,8.99
246c65f2f57d1cf6ec961a41c2be587a,8.99
9b77c21f0f0e900bd2bdf26a65ee9d41,8.99
2bd46622c473bea1ca8f10e37be933ec,8.99
7d156722fa63e2fc2bc1c3ed04d827be,8.99
048c38095a2e1fc000871b6142e6a8b9,8.99
757e51fbcd39ef2a9315f39f4459e30b,8.99
fde2046a30e872623e820431b3ec04a6,8.99
fa62c325829f2939b1ac64786a39acc1,8.99
cce59bef65abed82362de9db845b005d,8.99
f7e1f55ef16940d7ef3f68cbe9884de1,8.99
2fc48ea267ef127da7bb3bd9d34be2ee,8.99
c3c64fb35dba7672405d04b173e09f1a,8.99
a88d6106a6f0351a07bd7c3532e35309,8.99
1c7a9b908094192a2dfae2819eef249d,8.99
12d891f44ebd942b629fd4e0916e9e34,8.99
c112cbf7b38f4c1df8d307ac2f71c07e,8.97
a20eca856c890ec1eeb6d0cfffea3201,8.97
7ce08ab23ff0e1fef9bd5917f029a4fb,8.97
f09da4a140386d7af34fb63abe90d9eb,8.9
98d5e9f64870f7a24c3cca3f403da3cd,8.9
250e5bd4f8a6b594bd1579ae588fe649,8.9
3f045735fd30e3e9900dc9fe56d05bbd,8.9
29c04628dbc04fa96b97d33891cc3597,8.9
2265dae5343f841be4b12b31b32b9326,8.9
7465b7b1af7bf58c58bbeda224fb07d8,8.9
08d6e9303045f757cdedb89fd0002e4e,8.9
f4177b5dbc42c66fb42aeed49eda02e6,8.9
b23622315fe752abb314be2478bacff2,8.9
21c11854807d25c65f28257f14277612,8.9
f68381e3e17489908640baa30d9721d9,8.9
51510a2a77c5b8ebab8781e1950e5991,8.9
34a57d208c01c5a0d4cb4cfb232e647d,8.9
1f644d50069ed395d45d2c18e3e4ceb8,8.9
745f4f23b7e50c87101800a29dec4d5c,8.9
331eaa97fcf6d1dcfd99d6e2f9eafe0b,8.9
945bd919b9bc82a663526563e9dd3228,8.9
439ffed37d33decb0333fa07d362bad5,8.9
b6d713341aa43613bb22cb5e7c2cf46a,8.9
7c94da97db6fe83e123f80baab533a97,8.9
892022d497c9598ce4a313f64ceaa87e,8.9
e5631483f7f9e6c09cfa0a7359e3f087,8.9
b3721b457de31db30b4de608d880d18c,8.9
3d9c22a39fee392194612db64a489ad9,8.9
8fa651e6c34125a822080f2c838ffe35,8.9
10cb32f6df39982b4a0205a5c7bfd8d0,8.9
89be18e38f73e5fa754fb173d64a9bcf,8.9
dbb265d79cf695065da3624264c7a93e,8.9
435f0eb5e9a9002e1bb367ef5fc8317f,8.9
2312b7bbf7f097b43ba5e3feb3429f59,8.9
c660b4750bea299993849b1b8d388687,8.85
8262ee50c2b9961981a2825f2bd0663a,8.85
f8b93f98fb0526f8f7734cc352eee0fc,8.8
154efa2b11fd0b55befb35a1e65b433a,8.76
255ff8d111e16367aa2404897e198547,8.7
db49fe520cb46f61abd48dd7ac799885,8.7
1eac646a166c7c9f07a7ece6ff4f8905,8.7
b8b00f5eaed92d8702f649dafb7dfd97,8.7
8c7ff75abf2f52700bd2724b7e4a3589,8.7
d00827c5fac201b079be8af3a7fc9f08,8.7
be4518ae17d2a9e4eef29c567f605563,8.68
cc4cdd1e7613c6b6797f7cd76691b883,8.65
508012eabfc8058bd4b0eda92e05259b,8.6
8048995a729129dc06cc00ec674bc4fb,8.6
6a23d338a1d64fbfeef7b1ea3795b060,8.6
9560652bb7a2fc53986d0063e1171fe4,8.59
0ff52546be432c8346d431ad81c0a029,8.5
f60469d80235aa2920161757357321ac,8.5
746ed0a7c874bd450e922647085e4d9f,8.5
1c60500fec405139b425e44a16d37a0a,8.5
e41cd8b93481d35a00680e774858358c,8.5
30263a0dd35e8aa7df79414030756e15,8.5
371e1236f73c27c52e1d25928463c0c2,8.5
1520225ce891e1d6768c68b12052d208,8.5
a750f4a0f5c69d68818cc43c3d82b707,8.49
359dfe341740d8b8b0608244ebd9fc67,8.49
85c95113b1158d7ec148427c0a223c92,8.49
1652b873dc2f33c68dc15bb05e7542e3,8.49
8f32483562a37190f3fcdaa6289b1e4e,8.45
4e5ff35c08f08656c0cca3f46f97391c,8.43
2272103eacfced4298c7b99e2795f403,8.43
45d0f33f9a4e1688ceefd7a8fc7d54d9,8.43
37991a544e6b4464522b1b09e11ca843,8.33
df8d37977f13f34945c838a3e59d0607,8.25
897e0d6c102b10089d7bb1a0f0b95e4b,8.25
a9b14551e3b3b65aafda561259f08f03,8.25
4a45bbc350fbd889367ab6607e247830,8.2
327927b2dace55da79e24be043558518,8.1
8a137d0f7582e1dc113574fa6bb5602e,8.09
f4c65e6195e766453d62cc2e15bc5d1c,8.0
32f56b65a879ae7a310257eb5bf070aa,8.0
20900bb42895ecd757d8ca51ac95140d,8.0
cdae1aa477b74c82203974ef56a06604,8.0
79fb413fa9fc055b6da5fdcc04315f94,8.0
fc96192474241f981f6bc9b37a572004,7.99
a5c3e28a3c416b08493f6c9d42151a36,7.99
cc97def3bb60f41423a0f94ca6b18524,7.99
c4bf458dae937bd525aaf805801662a2,7.99
f1d66a803249da047ccb57bee22beea6,7.99
9cd2bb095cc77fbe30747184de151b0f,7.99
265f3c6cbff516cd8fdb6c4caa566860,7.99
6dab5b2c63864d85dfbaf832f347f00f,7.99
43e0ca1387b46dabfbee7145f1cb68ac,7.99
da6d503faa3d6dca23421ae57133ecc5,7.99
2d7e66739135e31f52914f0e203c705f,7.99
f742b8152818738cf8ed12cff171bad5,7.99
c01488babd469ff145c80085b71f2334,7.9
a08d416710ced0087475eb4b4dbbb74d,7.9
c5deddc906bcc15553a70ffec42806c0,7.9
2f92f6d54038bae835df9738d5d11102,7.9
6088f7a0127c12595d6335b10bb37a2d,7.9
e6bee29442c761ff0dfb9a4414922a5c,7.9
8b2eb4ad78ddc8b18e303faa54348db7,7.9
e49cb31672822de07bf6f6b0899ee58f,7.9
2e3c87a1fe28dc56e695f7584818c62b,7.9
6f3a868402ca6c2fdf89a003fa9c49b2,7.9
ff60d321ad354e757bb24fa7ae799676,7.9
bc4b107c74a81f0e9d35c8f7333040c0,7.9
785c55fef8afc1270212491986c7a6ee,7.9
74756ce04db42d46a954f2f687b7686d,7.9
08d31253590799b23b34713713a5f7d0,7.9
35ba8f2876a0059b2946b6674856c6dd,7.9
377f47be1e40177751881844802d210e,7.9
01d259010afdcc421652fd14d9ea6d6c,7.9
8dbea104c98049225865dd6fc0ea8bc6,7.9
b3388d15f35b31ea10a16f59a651c9dd,7.87
d1d85b5b8fdcbb6f1bec2fe66df90f67,7.87
5da2571e0d3fafe88f347df7dad5d344,7.8
30facb8b391f9c46c757042b358b310a,7.8
ca9c652eec1e65db2d7b32aada767c0b,7.8
0a4cfbeec9f7324a7b93e40928916004,7.8
5406b19f54e812f661c116bae7f7a770,7.8
ea0b7ca96e72354232c17d72b8bdf66d,7.8
94b6b259a881420e42b9b026f9244d42,7.8
9c1e1cb2f0d8c96ba81879c1c6c423e4,7.79
ae55e228ded796581eccc67045516023,7.79
52a893aacffbc06f9c3016e3664c745b,7.78
c5a942e2ac6774f24a4bb8f1c6ded6ee,7.6
1386c5914436355eefdc94c441ff15bc,7.6
261e920cea4cacce7ac6883550a2487d,7.6
baa4ed05f22ffb6c4a41b71b699a492c,7.6
8ec2ff0f89db489ab703d4be25831be6,7.59
04bac030c0366892396bc49c1c64a8e5,7.5
12409588e4317b65f504f3c2e91a960f,7.5
1c3d8766b5f8b24d7e95001ce31d1d38,7.5
7d5b411bd834a0869611a61e01a7cf15,7.5
86a86095c835b9ad8633982e96fd84bf,7.5
3ffe2ccbfbf181d3e261ff9ba134a26d,7.5
a5adb81886eb68c76f621cb69a2eb9f6,7.5
877a19ed3db8c19e44beb8c809ce2ddc,7.5
63437202780cea8a0d79dc2bb0803241,7.49
84e58051c35730ef23c796204fe91d08,7.48
a4b9d0ad5ba0ebeca7c9e701a4c61e3c,7.3
b3c46b392f9c8ee8077c19223ec84e5b,7.3
00cca8735b2e7b89dc267f378e5c9e8d,7.29
f2efdcd71b76cfbb70c85f07a1c26144,7.29
3a32a08e045323a9e98da11f43951b90,7.12
c5c61596a3b6bd0cee5766992c48a9a1,7.09
c6d834527ef04cefed15fc9bf3bbdb7c,7.0
6dc7d8b1ac961fe9d43edb6ecadd5f10,7.0
80f2d28c54c8a5611e5109bcbbd63490,7.0
dda8cbe4da08bbd6d553c7d9ce5769a2,7.0
fa5c31ea5a141cb29a683b6420f2693a,7.0
b2d6048bb51a60ba0cfa8686ab18fb2e,7.0
81fc34430fe53bb8eb3b8de3481e0353,7.0
1fbb2a549b8f58e925ad931401717418,7.0
633b73891ad4cd4be0bd5f55da98bc99,7.0
61347faa162c1fbbcaf9020a7111a82b,7.0
744eaeaf58a86dbe348c4bf07a5b13e4,7.0
b59072270559cc55ca18e58631aa24f9,7.0
37fabcd441dba986055c4d49066f3757,7.0
db174a68814fb58fc90c33ad76f96b02,7.0
56945b46086d075810eb3a3d86bc64d0,7.0
e71af2b74b3f43c99ae08245e3b9a120,7.0
fd19265dfd86ea0dafc13a23b1a53c05,7.0
fde3437df8ad2725ff8d0d27e5173ba3,7.0
c2c9579c45a61a254b8a2b4892c87363,7.0
2a8d142acdfbec6ed74798ccbdacf3d5,7.0
d4f64424d3d22a7842378a7e39900130,7.0
c1d8411b66c3b249ad98ad437f1ae958,6.99
3f90b03c801ce19bad60d569faa1bdc4,6.99
ae4f641ff7e13a5123a1ad793a18c040,6.99
e9b2fd5060b5f572facd8594b0e166e3,6.99
0c9250b6e51b94c3250b3992631fb100,6.99
bcaeb8258e6bc14f120f0aff4bfe3da3,6.99
a666bb7a77916be2716fa1420c73c56f,6.98
c54654905b64815899f7124f5c26f194,6.9
27129ce1ebca4ffa23a049c51cc8ec95,6.9
8cdf2b75bd42e43c8c8648f4205d3945,6.9
ad38953c83078a2435f08d54d39ee7c9,6.9
460137bbe214bff87bb79f1c0aa1de66,6.9
2ec7666d1077597d4e4ff2116a319530,6.9
10a79ef2783cae3d8d678e85fde235ac,6.9
5a484fb97bcfd090eb27cf27f23c3f0f,6.9
896b6dbcf9dbb72a1a2a5c4ba2308eb3,6.9
227b1374de9ff0d09b2944f4058a8c0f,6.9
58359e541013053d51a9831dc013005e,6.9
c67cbee02d1a52e38766ce39b58a5526,6.9
3f402674c608ea67085eb5e0ec4d96ef,6.9
2e0bb6cf1ae6611a52cf0db0e85295a4,6.9
af864470ba760a89366432dd93980806,6.84
0b6f61f6034f1009da19848463ad280c,6.84
23631a1a0e3f6c1b41be9047d1385db1,6.8
e9afb35fd50cca0826a0dd50871d5308,6.8
59190bfc23eca273cebeb6968a2e43c5,6.8
c27c1ed0d6a18c5bacc8ee239f5717d7,6.57
5a6ae5b68fd27c687c4fe130b679691b,6.57
6fa8e1a64acacedee7747c7e67715bca,6.5
e52e202c6b07b48da9d8696af1bdde90,6.5
b0ee592511423e8d39b952a4bdbbea13,6.5
23227f94be082fdbf86795983cd4ff4f,6.5
618f4fb2d1875c43b1821d6280d6e5e2,6.37
c18f79251c0fa3911b0dc69861eb8e9f,6.35
aef25365c2c16bfaabe4dd0fe95cd9a2,6.33
212acdad47c7cfa84e2103b1a76c150f,6.3
3327a030d63c972d0a0a88f8a01f0955,6.3
63eba5144d1e863052f1b154a402b7bb,6.3
7d891db7cb060922fcc19a04f6a90a72,6.27
28731338f1e3ee52cd8e764e4b611bdd,6.19
3b70834384c703544dc22e4b4187e486,6.19
05f31c9645c6cd60123b1d035e274ee2,6.19
9e727e134ffab63825a5dbcf74e63d5a,6.1
019f5bb93ed18dd059051c3f81abe394,6.04
171ee7bfa457d82a11c3e9a791f5c255,6.04
80f93f1fabe7772d559a7c349667af0e,6.0
2fed9017cfbf84c0b29f857db50bbf99,6.0
dc0a596a36f033e89eeecbbbaa5603e9,6.0
58f7e662bb4f4196f1496f7428b5cb46,6.0
fe0980d54ae62861faa5595968feedd2,6.0
9baa3ebdd47ab308b0a043a9ff5a9f10,6.0
456606904ed952111743e6ad4390a8ad,6.0
f86f4d4f571b4dbdc6339d76c009c832,6.0
a27c88a48a25ba7e63f675fd65d25654,6.0
b297a6c631b324386e58204c77aa7dbe,6.0
76f33f575424fcd2bfaa1e1d183497a8,6.0
e5fbe24aa488ae15c28edef16efd1a4c,6.0
f6bc1f7a73e63de75f85218f4ee4ba74,6.0
67dfa1fb67ad51921e5a537ba98c729f,6.0
94510e601285af55c734ebb2deef6859,6.0
3cd4a0885a09ba26dfb6e3095d113f58,6.0
cceb2d3cf8bb8238adb90d6219d75faa,6.0
59b219b2e1d1b20580c3551e07db6648,6.0
87d7093b18e14d148582079e7993445b,6.0
d036487ffd91aa5b2f21e17f2bb83543,6.0
8395381b2c2766ebceb43c768072fbce,6.0
a59b9fb91b4ebe9aba37c55232abc8ca,6.0
a2dbbb33079eae5f9f27ce19d9ad1b02,6.0
1110eb4465d18a9b7c632cfc80fb53ab,6.0
331a3a68b62e0881c9ead76644882bc2,6.0
3476d1493473d35c8248360967722adf,6.0
14eba40b8ec6185b47c93ddfecc1faac,6.0
43e9de5b4d7340cb6c95d372dab65ab1,6.0
701f4ca7c23a770c833db304d7906b24,6.0
3931a3c681fbb40ece9c1a9811c3a32c,6.0
c4514503f0b309217a1aad0eaa9ea965,5.99
978f40d2307d8ad848c2731201bf8f0c,5.99
7cae09298034fc9fe7723f6336e5e113,5.99
f3edd744e7890de622cd78447f343d0f,5.99
41280f8f9f6be62c061b8af89ba9ef54,5.99
293fbd6507fd41e12b04d9b33a93cf09,5.99
4e80d7cccb888efa8e16f20438a35298,5.99
38bb17584178abe8b36778530f75d810,5.99
be9adceb883e6c8e211f48e2fcb3dcf6,5.99
d9bde5465c77b58ae1f08a085461df76,5.99
39bd538ed7bcae4b7823d8083c413c77,5.99
9b827375ba57d2e979329d7a5c92685d,5.99
4dc2037d51777db6a431a91905bcd7be,5.99
9d9bba3706f6e6f719bafea5532c3b83,5.99
90c26720bdb08da134b88bed2c3ac52a,5.99
c38fe9f0ed142a995885041fe9db52cc,5.99
b498a2691a3bd3fcc7107cbdf3d5633a,5.95
6992599bbe04a902355302808a428949,5.9
f5d8041d9f4ad5b0499a6dcd698577b2,5.9
dd41ea901054c44fe4ccd11982c68796,5.9
c16bec2b01fabb4f62303a573abfc285,5.9
4732a17fe217bd7bf543a5b668b27de2,5.9
ba3e4b522140831766d5edca1609aa0e,5.9
3bc9f7d14d203861ea755eea92e8515c,5.9
fa3946634ae6b04238d501a3f9d7dd80,5.9
f0c584bdbe6bc2d65a3906a25191b07f,5.9
7b2a178190dfc4efadeccb75fc833074,5.9
a5d3e93a8713730e3228a6cb80a983ef,5.9
923c66d220bd6cc4760eb719e35f0b2f,5.9
4a6ca65e203304ab05746357bc7b61e7,5.73
d3a6b2cfce40a4817ca0224808197e58,5.7
9d5ff5d7ce2e4bc386bf11b9adb46a19,5.6
6ee467083c67bd735ff07cb1a5b4ca02,5.5
cb2d03b2c38c746356b9d38902960f05,5.5
0e412c1195ed573a27be9b22ca5a03cb,5.49
60bee84236f67b60b8dc3d2322bdd1ea,5.4
545e4aa45bdeacbfdeb9c882dc0c4127,5.4
bbeac8b201688b9c1ae8b64ff59f8b76,5.31
fc3e75a78502d98c1eae2422411256ac,5.2
2719de14d13a9835b0ec43698abda75a,5.2
2890130b3563d7eec952189f0e837da0,5.2
4eee666d81e4820818ac51c38b46da8d,5.2
6b5d84c6bcb4a5d3df4dcac1f4220140,5.18
91693fdec54a003591f8786b71c52fec,5.18
5dc6f4b9453584208557163c26079be1,5.0
35647e39316747b2bb470dc93ddb67aa,5.0
88e02611f4805f72e50f4569621ff448,4.99
35e459cd733a3cb6d98f593fcc9d67db,4.99
caff4f8a777982400b180beef136d4da,4.99
c450d2558dd77bc0cd8b290f5af4f5fa,4.99
e1aa4b904d0a6d58cf50e0c2fb0425dc,4.99
994a3815cfc229c94b3a9ec93d33d7b9,4.99
a92d630cae2f41beef0213b212a6ff30,4.99
d447c53562902a00d2ece8c6a1a13102,4.9
72fc7936236a84457d916b713e95c000,4.9
46b385c6d972b73cbcf797a8b16c072d,4.9
1e0672cd29c269baa883be37f80b14b8,4.9
46ae2660e72fed9fdc61da708bf031ae,4.9
df1dd9459e63a85ace04bbd514246db7,4.85
58456fe345a47eddb73e11a8c91a1b69,4.78
04ba9496f04b0eaa070def5b5ab662ac,4.5
211558da2c2cdbbd6c45a9df249997f3,4.2
a32bc3f28044954fa7641a2706dfab31,3.99
f785a4fc69eb2ba079b0076cd0cfa5a9,3.99
0253cea0ff18bf585307f88ea4fbd5ab,3.9
80157a9c83336266127e05e9fcfd4f97,3.9
3bb0f1d5881cfaf2de8eacdbe88b2d58,3.9
fc01c21e3a2b27c4dd460ac3fb5539c3,3.9
55cd7bfe95dcd698acf176278e14888e,3.85
046f890135acc703faff4c1fc0c2d73c,3.85
c466c7e0ab222e3ef6c8046e96128a8d,3.85
13a92c60521dad720cb0d2b3db0b75a0,3.54
8e4bd65db637116b6b68109e4df21b84,3.5
fe4176df564772c058286208c0daa2a8,3.5
40ada5e3dc4b3c488f9367c4ba39727a,3.49
77a34d46f6ebd1dcb9b4df9ae5739226,3.0
deaf712a6d30217071ce4d2cf4e0ef79,3.0
5ac9fcc9259df95cf14d27238b112148,2.99
d2c63ad286e3ca9dd69218008d61ff81,2.9
184e8e8e48937145eb96c721ef1f0747,2.29
a790343ca6f3fee08112d678b43aa7c5,2.2
9f9d249355f63c5c1216a82b802452c1,0.85
161b6d415e8b3413c6609c70cf405b5a,0.85
